98
-1 -3
-5 -1
-3 2
15 78
-4 -1
4 -5
-2 0
36 162
42 186
2 26
46 202
4 1
3 5
48 210
26 122
-2 -5
47 206
33 150
5 -4
4 -5
32 146
-5 -5
4 34
3 -1
-3 -5
2 3
-3 4
-5 1
6 42
7 46
5 -4
39 174
38 170
29 134
1 -4
-5 -2
37 166
2 2
2 -2
22 106
5 5
35 158
5 38
-1 14
41 182
19 94
21 102
3 1
-3 6
6 4
27 126
8 50
-2 -4
-3 -4
5 -2
2 5
12 66
17 86
-1 3
-5 -2
2 -3
30 138
52 226
24 114
16 82
6 -5
3 30
2 -4
45 198
0 1
-2 -2
13 70
31 142
23 110
6 2
11 62
40 178
44 194
51 222
53 230
9 54
-4 2
49 214
-4 -3
34 154
-2 6
43 190
20 98
25 118
14 74
-2 10
18 90
1 22
10 58
0 18
50 218
4 2
28 130
