110
-3 52
-3 196
0 2
-3 100
-3 5
-3 334
6 5
1 -4
-3 64
-5 -4
-1 -5
4 5
-3 388
4 1
-3 244
-5 -1
-3 256
6 -4
-3 328
-1 3
2 0
-3 322
-1 -5
-3 352
4 1
-3 202
-3 262
2 -4
-3 220
-3 142
-3 232
-3 340
-3 136
-3 310
1 1
-4 2
-3 58
5 -1
2 -5
-3 226
-3 -4
-3 184
-5 -2
-4 -1
-3 304
-3 148
-3 10
-3 40
-3 298
-3 112
-3 358
-2 -3
-3 250
-3 160
-3 46
-3 88
-3 364
-3 238
1 -4
-3 268
-4 -1
-3 -4
-3 208
-3 76
-3 166
-3 370
-3 118
1 -4
-3 130
6 2
2 -4
-3 280
-3 82
-3 190
-3 154
1 0
-2 1
-3 106
-5 0
-3 3
-3 172
-3 28
-3 376
0 -1
-3 22
-3 4
-4 2
-3 124
-3 382
-3 316
-3 214
4 5
3 5
-3 286
-3 70
-4 -1
3 -3
2 4
-3 274
-5 4
-3 94
6 3
-3 16
-3 34
4 2
-3 178
-3 346
-1 -2
-1 2
-3 292
