196
1 -3
-3 6
3 -4
-1 -3
-1 -4
5 -4
-2 -4
-1 -2
253 182
369 269
313 227
1 -2
73 47
-5 1
241 173
101 68
153 107
29 14
65 41
453 332
409 299
189 134
3 5
0 -3
-2 6
389 284
165 116
-5 4
161 113
4 -1
0 2
145 101
0 -2
417 305
425 311
305 221
3 3
365 266
2 -1
77 50
0 -4
173 122
393 287
205 146
-5 6
149 104
-3 -1
213 152
293 212
-5 6
325 236
-5 -2
-5 -2
381 278
-4 6
0 2
273 197
229 164
233 167
-1 -3
53 32
2 6
0 -3
441 323
6 -2
85 56
-2 -1
249 179
109 74
-3 -3
-4 0
429 314
5 6
129 89
-5 -3
121 83
4 0
169 119
177 125
117 80
25 11
61 38
245 176
185 131
6 2
93 62
193 137
6 -1
329 239
337 245
3 -4
405 296
341 248
45 26
-2 -5
217 155
1 0
2 -2
1 -5
257 185
69 44
-4 0
6 1
-5 -1
277 200
333 242
2 2
6 -1
309 224
-5 -2
5 -5
49 29
349 254
413 302
-3 -5
-4 1
1 -1
197 140
181 128
289 209
81 53
-2 2
225 161
37 20
2 5
4 5
0 5
201 143
-2 -1
-5 2
105 71
397 290
17 5
377 275
-3 6
301 218
5 0
33 17
2 -1
157 110
437 320
285 206
297 215
445 326
385 281
261 188
4 -4
209 149
13 2
133 92
4 1
141 98
89 59
317 230
-5 -1
3 3
113 77
265 191
321 233
-4 -5
-1 -5
421 308
357 260
9 -1
3 0
361 263
237 170
6 -5
281 203
-5 -5
373 272
125 86
41 23
21 8
137 95
6 -3
345 251
433 317
-3 -1
97 65
221 158
3 -3
449 329
5 1
4 2
457 335
-4 0
353 257
269 194
-2 3
-2 0
401 293
-2 6
-1 6
-3 1
57 35
