138
-5 1
6 -5
2 0
4 5
1 0
-257 342
-785 1110
-587 822
-1 -3
-3 0
-356 486
-301 406
-455 630
-3 2
-697 982
-499 694
-213 278
-26 6
-2 -4
3 0
0 0
4 0
-147 182
-598 838
-2 6
-70 70
3 6
-719 1014
-488 678
-664 934
1 -4
-532 742
6 -2
2 4
5 -1
-81 86
-279 374
-180 230
-3 2
1 -2
2 -3
2 -2
-653 918
-510 710
2 6
6 -3
-48 38
2 -4
-1 -5
4 2
5 0
-741 1046
-5 -4
6 1
6 5
-4 1
-59 54
6 -4
-5 4
-609 854
-4 4
-5 4
-5 -5
-290 390
-334 454
-763 1078
-37 22
-466 646
2 2
-642 902
6 1
6 -1
-158 198
1 5
-103 118
-1 -1
4 -4
-708 998
-576 806
4 3
3 -4
-3 0
-554 774
-2 -4
-367 502
-92 102
-400 550
-565 790
-5 -2
-169 214
3 1
-631 886
0 -2
-730 1030
0 -1
2 4
-224 294
-235 310
-543 758
-433 598
-114 134
-345 470
-521 726
-3 -5
-323 438
-675 950
-4 5
-477 662
-15 -10
-378 518
-202 262
-246 326
-686 966
-268 358
5 -1
-136 166
-444 614
-125 150
-4 -3
-774 1094
-5 0
-3 6
0 -5
-191 246
-389 534
-1 -4
-620 870
-312 422
-4 0
6 -4
0 0
-422 582
4 1
-2 4
-4 2
-4 -26
-411 566
-752 1062
