174
-397 -132
-3 3
3 -4
-307 -102
-499 -166
-4 3
-613 -204
4 -5
-1 6
-211 -70
3 -2
-97 -32
-469 -156
5 5
-517 -172
-241 -80
-3 4
-421 -140
-3 -4
-271 -90
5 3
-229 -76
-3 6
-1 3
-223 -74
-31 -10
-487 -162
-157 -52
-583 -194
-343 -114
3 0
-541 -180
-1 0
-5 -3
-475 -158
-115 -38
-373 -124
-133 -44
5 2
4 -1
6 2
-4 -3
-2 -1
-547 -182
-283 -94
-2 -4
-457 -152
1 -3
-349 -116
-4 -5
-25 -8
-607 -202
4 -5
-595 -198
-4 0
-1 0
-187 -62
3 -4
-289 -96
4 -2
2 -1
-7 -2
-169 -56
-67 -22
-4 -1
-535 -178
-145 -48
-4 0
-391 -130
-1 5
-565 -188
-1 5
-205 -68
-151 -50
-277 -92
6 2
5 -4
-4 -1
-385 -128
-4 2
-319 -106
-451 -150
-5 5
-2 3
-2 -5
2 1
0 -3
6 2
3 -3
-361 -120
-37 -12
-511 -170
4 1
-3 6
-127 -42
-313 -104
5 4
-3 3
-61 -20
-2 -1
-19 -6
-439 -146
-463 -154
-529 -176
-3 -5
-493 -164
-589 -196
-253 -84
5 -3
-2 1
-523 -174
-301 -100
-235 -78
-103 -34
-367 -122
-43 -14
5 -5
2 3
-5 0
-13 -4
4 -3
-331 -110
-4 -2
-139 -46
-325 -108
4 1
-481 -160
-49 -16
5 4
-601 -200
-121 -40
-415 -138
-55 -18
0 -1
-505 -168
-181 -60
-433 -144
1 5
-163 -54
-265 -88
-3 1
-379 -126
-571 -190
3 -5
-259 -86
-247 -82
-4 -4
-553 -184
-175 -58
-4 2
2 5
-337 -112
1 -2
2 -3
-409 -136
-3 -3
-85 -28
-403 -134
-3 -2
-79 -26
-193 -64
-295 -98
-73 -24
-355 -118
-559 -186
-91 -30
-109 -36
-427 -142
-2 2
2 -1
-217 -72
-445 -148
-199 -66
-577 -192
