168
-51 -60
-195 -240
-255 -315
5 2
-123 -150
-87 -105
-371 -460
-1 -5
-279 -345
-27 -30
2 4
-311 -385
-215 -265
6 1
-3 4
-359 -445
-367 -455
-239 -295
-1 -1
-103 -125
-31 -35
-271 -335
-407 -505
1 0
-351 -435
-131 -160
0 1
4 3
-5 -5
-59 -70
-5 -5
-155 -190
-379 -470
-299 -370
-115 -140
-71 -85
-107 -130
3 2
-23 -25
0 1
6 3
-179 -220
-259 -320
-99 -120
-219 -270
-139 -170
-347 -430
0 0
-47 -55
-191 -235
-163 -200
-411 -510
-2 -3
-403 -500
-323 -400
-363 -450
-1 -3
-4 3
-147 -180
-375 -465
5 5
-119 -145
-203 -250
-4 0
-319 -395
-1 2
-327 -405
4 -1
-295 -365
-343 -425
3 -2
-83 -100
-39 -45
-291 -360
-383 -475
-4 6
-251 -310
-2 0
3 5
-15 -15
-79 -95
-75 -90
-211 -260
-1 0
-303 -375
-275 -340
-315 -390
-167 -205
6 4
-3 4
5 -1
-4 2
-5 -2
-43 -50
3 6
-263 -325
-4 5
-11 -10
-187 -230
-339 -420
-207 -255
-5 3
-7 -5
-335 -415
-3 0
-95 -115
-55 -65
1 4
-387 -480
-223 -275
-283 -350
-2 -4
-307 -380
-3 4
4 5
-2 0
-247 -305
0 6
-399 -495
-2 -1
-175 -215
5 0
3 2
-267 -330
-143 -175
5 4
-3 6
0 -4
-243 -300
-391 -485
-19 -20
-67 -80
-35 -40
3 5
-1 1
6 4
-287 -355
-151 -185
-171 -210
-111 -135
-127 -155
-4 5
-355 -440
-235 -290
-4 -1
-231 -285
-227 -280
-395 -490
5 5
-183 -225
6 2
4 4
-199 -245
-91 -110
-2 -3
-63 -75
-3 -1
-5 1
-4 -3
-331 -410
3 3
-135 -165
-2 5
-1 5
-159 -195
5 1
-4 -2
0 -1
