190
-1 -1
-25 16
-1 4
3 6
3 0
-5 -5
-301 200
-3 -3
3 0
-2 1
-5 0
-73 48
4 -5
-88 58
6 5
6 -1
-145 96
-250 166
-4 -5
-10 6
-49 32
-115 76
-109 72
0 0
-247 164
0 6
-112 74
4 -5
-58 38
4 3
-13 8
-31 20
3 -3
2 -4
0 -5
1 3
-262 174
-208 138
-322 214
-22 14
0 3
-1 -3
-136 90
-4 2
-37 24
-277 184
0 4
1 6
-190 126
-265 176
-169 112
4 6
-241 160
-142 94
-3 1
-28 18
-310 206
-106 70
-5 -5
-3 6
-64 42
-91 60
-16 10
3 2
-76 50
-43 28
-85 56
4 1
-313 208
0 -3
-3 -2
-2 -3
-178 118
-5 -1
2 6
-295 196
-232 154
-82 54
-61 40
5 -3
-34 22
-2 -4
-139 92
3 2
2 -2
3 5
6 -3
-2 -2
-4 5
6 1
-283 188
-229 152
-199 132
-289 192
-286 190
-2 5
-2 6
-100 66
-130 86
-259 172
2 -2
3 0
-79 52
6 -3
-2 5
-319 212
-1 0
-205 136
-148 98
3 4
-316 210
-19 12
-160 106
-40 26
6 3
0 2
-4 2
-97 64
-256 170
-5 -5
-307 204
-121 80
-124 82
-226 150
-214 142
-181 120
-280 186
1 1
-1 -1
-175 116
-151 100
-172 114
-193 128
-154 102
-5 -4
-70 46
1 3
-157 104
-196 130
-268 178
5 -2
-127 84
-253 168
-328 218
-298 198
-184 122
-52 34
-4 1
-3 6
-304 202
-187 124
-7 4
-133 88
-103 68
0 -5
-166 110
-292 194
5 4
-217 144
-163 108
5 -1
3 4
2 -1
-274 182
4 3
-5 0
-238 158
2 3
-211 140
-202 134
-94 62
-244 162
1 -4
-325 216
-2 6
-67 44
-118 78
-220 146
1 4
2 6
-4 5
1 2
-235 156
-223 148
-46 30
-271 180
-55 36
-4 -1
-3 4
0 -4
