188
-4 -2
-361 2
-2 1
-676 2
-3 4
1 -5
2 -4
-2 0
0 -5
-312 2
-438 2
-228 2
-487 2
2 1
-459 2
-375 2
-641 2
-81 2
-5 -1
-242 2
2 -5
6 1
5 6
5 3
-732 2
-67 2
2 0
-2 -5
-711 2
-207 2
-382 2
-340 2
-410 2
-431 2
-3 3
-326 2
-4 2
-2 -3
1 1
-5 6
-655 2
-1 1
5 6
-11 2
-494 2
-627 2
-599 2
-137 2
-396 2
-746 2
-193 2
-144 2
3 2
-683 2
-3 4
-291 2
3 -5
-557 2
-5 -1
-564 2
-417 2
-445 2
-1 -1
1 6
4 6
1 2
-263 2
-536 2
6 -4
4 -3
-235 2
-333 2
-501 2
-1 1
0 4
0 1
-60 2
-4 5
-578 2
-725 2
-270 2
-550 2
-221 2
-613 2
-18 2
-480 2
-284 2
-2 2
2 3
-606 2
-305 2
-158 2
2 4
-116 2
5 1
-179 2
-32 2
-130 2
-4 2
-403 2
-669 2
-718 2
1 -3
-95 2
-5 -3
-25 2
5 -2
5 3
1 4
5 1
5 -1
4 4
-109 2
5 -5
-200 2
6 0
-585 2
-620 2
6 5
-46 2
-319 2
-354 2
-571 2
-634 2
-3 2
-165 2
-522 2
-256 2
1 -2
-515 2
-592 2
-277 2
-172 2
2 4
0 6
1 -3
-3 4
-424 2
2 2
-1 6
-53 2
-466 2
-753 2
-739 2
-74 2
-3 -3
-529 2
0 3
-151 2
1 2
-3 0
-690 2
-473 2
-186 2
-662 2
-648 2
4 3
-4 1
1 5
-88 2
-389 2
1 4
-298 2
-2 6
-4 2
-2 5
-39 2
-704 2
-102 2
-697 2
6 3
-347 2
5 -2
6 6
-5 5
-452 2
-214 2
-123 2
-508 2
-760 2
6 -4
5 4
-543 2
2 6
-3 1
-249 2
-368 2
4 -3
