89
-5 -3
-1 6
-322 229
3 1
-3 -4
-385 274
-4 6
-224 159
-49 34
-364 259
-371 264
-280 199
-378 269
-210 149
-21 14
-245 174
6 0
-301 214
4 -3
-4 -3
-266 189
-140 99
2 2
1 -1
-133 94
-77 54
-182 129
-105 74
-315 224
1 4
4 -2
-84 59
1 -3
-350 249
-35 24
-28 19
-231 164
-42 29
-336 239
-70 49
-2 -1
-147 104
-98 69
0 -1
-203 144
-154 109
0 2
5 3
-119 84
-357 254
-3 3
-294 209
-4 5
-63 44
-217 154
4 -2
-189 134
-4 6
-14 9
-259 184
-1 -5
-273 194
4 5
-161 114
2 -2
-168 119
0 3
6 1
-175 124
-329 234
-4 -5
4 4
6 3
-252 179
5 2
4 0
-343 244
-7 4
-238 169
-56 39
-112 79
-196 139
-308 219
-287 204
6 4
0 -1
-4 -2
-126 89
-91 64
