206
3 -4
237 -633
-4 5
-2 0
285 -761
1 -1
141 -377
228 -609
234 -625
111 -297
342 -913
132 -353
339 -905
5 -3
93 -249
54 -145
96 -257
225 -601
33 -89
51 -137
357 -953
1 3
0 -2
-3 -5
276 -737
45 -121
306 -817
108 -289
-5 3
-4 -1
0 -3
252 -673
309 -825
144 -385
-1 5
318 -849
5 0
78 -209
135 -361
87 -233
-3 -3
177 -473
-5 -5
5 -4
2 -3
171 -457
48 -129
147 -393
-1 2
102 -273
84 -225
2 4
186 -497
57 -153
-4 -3
90 -241
-3 4
2 -1
3 -9
-1 6
5 -4
117 -313
150 -401
-3 3
279 -745
27 -73
6 -5
6 -3
21 -57
3 -5
222 -593
246 -657
-2 3
5 1
39 -105
324 -865
-2 2
243 -649
18 -49
219 -585
12 -33
42 -113
2 -4
-2 -1
0 -4
129 -345
183 -489
138 -369
15 -41
192 -513
2 5
-1 0
72 -193
303 -809
216 -577
105 -281
4 5
6 -17
123 -329
348 -929
6 0
4 -1
300 -801
210 -561
207 -553
0 -1
-2 -2
231 -617
5 1
6 -1
-3 2
-5 1
-4 0
-1 6
327 -873
2 -1
165 -441
2 4
2 1
3 -4
189 -505
180 -481
195 -521
288 -769
120 -321
156 -417
162 -433
168 -449
-3 -3
-1 3
0 -4
66 -177
-4 -2
312 -833
204 -545
294 -785
321 -857
9 -25
174 -465
-3 -5
6 5
-4 -3
333 -889
60 -161
-2 -2
-5 -5
-3 1
153 -409
5 2
2 -5
198 -529
3 0
36 -97
-2 6
114 -305
24 -65
1 5
99 -265
3 -2
282 -753
351 -937
6 2
0 -5
-1 5
-2 5
291 -777
69 -185
1 0
1 -4
5 3
6 -1
30 -81
-3 0
5 -5
-4 -5
159 -425
330 -881
264 -705
6 -4
2 -3
4 -2
240 -641
249 -665
3 -5
-2 -4
261 -697
345 -921
255 -681
1 -3
297 -793
81 -217
63 -169
126 -337
258 -689
-4 0
267 -713
201 -537
273 -729
4 3
315 -841
75 -201
354 -945
213 -569
336 -897
-2 -5
270 -721
