82
5 -2
461 -764
413 -684
5 2
6 -1
-2 -2
-4 -4
3 0
6 3
-4 5
101 -164
449 -744
53 -84
389 -644
-1 4
281 -464
437 -724
473 -784
5 6
-2 3
317 -524
353 -584
1 6
161 -264
209 -344
365 -604
-3 5
3 5
1 -4
5 5
-2 3
221 -364
2 5
6 -3
6 6
4 2
197 -324
-3 1
3 4
-2 -4
125 -204
341 -564
29 -44
497 -824
0 -3
269 -444
41 -64
185 -304
6 6
65 -104
-2 -2
485 -804
-3 2
293 -484
257 -424
425 -704
-3 -5
329 -544
-4 1
173 -284
113 -184
-5 -2
77 -124
-1 -4
401 -664
233 -384
89 -144
245 -404
305 -504
-2 0
-2 3
-1 5
509 -844
149 -244
0 0
2 1
17 -24
137 -224
377 -624
-4 -1
-5 2
0 3
