115
6 2
-56 -162
1 4
-1 2
-146 -462
-59 -172
-113 -352
-1 -3
-41 -112
-140 -442
-89 -272
5 -5
-185 -592
-164 -522
-71 -212
-92 -282
6 3
6 -1
-98 -302
-137 -432
4 -4
-68 -202
5 -1
-53 -152
6 6
5 3
-5 -2
-44 -122
-4 -3
-2 -4
-2 2
-5 -3
-5 2
-5 6
-5 3
-155 -492
-1 2
5 -4
-83 -252
-5 5
3 5
-125 -392
-74 -222
-2 -2
-191 -612
-23 -52
-101 -312
6 3
-152 -482
-35 -92
-1 -4
4 2
-65 -192
-2 0
-158 -502
6 1
0 -1
-170 -542
-2 1
-179 -572
-110 -342
-149 -472
-128 -402
-5 2
-38 -102
-29 -72
-86 -262
6 5
-20 -42
1 -3
-194 -622
4 2
-50 -142
-5 5
-62 -182
-104 -322
-80 -242
-176 -562
-3 -2
-167 -532
-188 -602
-131 -412
-122 -382
-14 -22
-134 -422
-95 -292
-4 1
-32 -82
4 6
-3 2
-116 -362
-143 -452
-77 -232
4 1
-3 6
-173 -552
-161 -512
1 -4
-182 -582
0 -3
-47 -132
2 -1
-197 -632
3 3
-119 -372
5 6
1 4
-2 3
-2 4
5 1
-107 -332
-17 -32
5 3
-26 -62
0 6
