78
-196 -130
3 -5
-3 6
0 3
0 -1
-588 -368
4 -4
4 6
-644 -402
-420 -266
-868 -538
1 -1
-252 -164
-56 -45
-168 -113
4 3
-560 -351
-140 -96
-4 -1
-4 5
1 -1
-896 -555
6 0
-4 0
-616 -385
-476 -300
-4 -4
3 0
-2 1
-5 1
-3 -1
-3 3
-1 0
-1120 -691
-392 -249
-280 -181
-504 -317
-2 -4
-784 -487
0 -11
-840 -521
-1092 -674
2 0
-364 -232
-4 3
-728 -453
-812 -504
-224 -147
-672 -419
6 5
-532 -334
3 -3
1 5
1 6
-336 -215
-1 -2
-5 0
-1008 -623
3 0
-4 0
-980 -606
-5 5
-952 -589
-1064 -657
-3 -1
-84 -62
0 -5
-1036 -640
-924 -572
3 -1
-308 -198
-28 -28
-448 -283
-2 3
-700 -436
0 -2
-112 -79
-756 -470
