91
-2 -1
3 -2
-5 -1
1 -5
0 -2
5 6
-34 -24
2 -2
5 -4
-172 -185
-4 1
-3 3
-94 -94
-2 -1
-148 -157
-88 -87
-3 4
-82 -80
-142 -150
-2 3
3 -5
-70 -66
-154 -164
0 -4
1 -1
-52 -45
-58 -52
0 4
-1 -1
-190 -206
-3 -2
6 3
-112 -115
-220 -241
-208 -227
-250 -276
-130 -136
4 0
-124 -129
-118 -122
-196 -213
-160 -171
2 2
-262 -290
-2 6
6 -4
-64 -59
-214 -234
-1 0
-46 -38
-2 0
6 3
-166 -178
-76 -73
-1 2
-22 -10
-3 1
-244 -269
-40 -31
-16 -3
-1 -4
-238 -262
-280 -311
4 3
-184 -199
-226 -248
4 5
-28 -17
-178 -192
-5 0
3 3
-4 -4
-202 -220
-100 -101
5 -2
-3 -4
-232 -255
0 1
-106 -108
-4 4
2 3
1 3
-268 -297
-136 -143
-10 4
-256 -283
3 6
-4 11
-2 6
-274 -304
4 -4
