111
231 54
119 19
503 139
919 269
-5 -1
3 1
-3 -3
-2 3
0 -4
-5 4
743 214
-4 -4
215 49
4 3
23 -11
103 14
-1 0
6 6
391 104
0 -1
-9 -21
5 6
663 189
871 254
0 0
0 -4
-1 1
471 129
-4 1
823 239
4 3
-2 -2
5 2
-25 -26
2 5
535 149
1 -3
0 0
2 3
1 -5
2 5
4 0
1 -1
647 184
183 39
1 5
-4 2
439 119
551 154
-5 -1
695 199
2 3
855 249
71 4
-5 3
487 134
-2 -3
55 -1
199 44
279 69
3 -2
807 234
711 204
151 29
167 34
455 124
6 5
791 229
599 169
903 264
327 84
407 109
935 274
6 -5
-4 2
583 164
7 -16
135 24
1 2
615 174
39 -6
3 0
-1 -4
727 209
759 219
311 79
519 144
5 6
-5 -2
-3 2
775 224
5 4
6 -1
263 64
359 94
3 6
567 159
5 2
839 244
423 114
375 99
295 74
3 -3
0 -3
631 179
-2 -5
343 89
887 259
247 59
87 9
679 194
