69
-80 -26
-586 -302
1 1
2 -5
-322 -158
6 -5
-432 -218
6 -2
-3 3
-124 -50
-58 -14
-234 -110
-388 -194
1 2
-806 -422
2 5
-454 -230
3 0
-696 -362
-36 -2
-300 -146
5 6
1 -1
0 -1
-212 -98
-1 4
0 1
-256 -122
-4 -3
-3 -4
-146 -62
-1 0
-278 -134
-564 -290
-784 -410
1 3
-190 -86
-4 0
-4 5
-740 -386
1 6
-498 -254
6 2
-542 -278
0 0
-102 -38
-718 -374
-168 -74
-476 -242
5 -4
-366 -182
1 4
-4 3
-14 10
-1 -5
-674 -350
-344 -170
-4 6
-3 3
-762 -398
-608 -314
-630 -326
-410 -206
-652 -338
-520 -266
4 0
5 -5
2 0
5 2
