81
-4 2
-2 -4
-5 6
304 -298
0 0
28 -22
-1 3
226 -220
-4 4
0 0
-3 0
118 -112
232 -226
5 6
196 -190
-4 4
190 -184
142 -136
154 -148
214 -208
16 -10
22 -16
6 -1
-3 2
262 -256
178 -172
202 -196
280 -274
10 -4
4 4
100 -94
148 -142
274 -268
166 -160
52 -46
-5 -4
130 -124
-1 5
-5 -5
34 -28
-5 -5
2 3
58 -52
70 -64
2 -5
112 -106
106 -100
-5 5
6 4
94 -88
286 -280
46 -40
250 -244
238 -232
124 -118
5 3
4 2
244 -238
256 -250
160 -154
-3 3
-2 -3
-2 3
64 -58
-5 0
-2 5
5 -2
40 -34
88 -82
268 -262
292 -286
298 -292
82 -76
172 -166
-3 -5
184 -178
220 -214
136 -130
76 -70
208 -202
6 -3
