128
-216 -81
-84 -37
-348 -125
-228 -85
-282 -103
-270 -99
-210 -79
-18 -15
1 0
0 5
-30 -19
-4 0
-5 5
2 -2
-108 -45
-180 -69
-390 -139
-156 -61
-114 -47
-426 -151
5 5
-102 -43
-120 -49
-3 6
6 2
-360 -129
3 2
-366 -131
5 3
-54 -27
5 2
1 4
1 -2
-5 -4
-42 -23
-5 -4
-78 -35
-342 -123
-318 -115
1 0
-276 -101
-2 3
-384 -137
-4 -1
-2 -3
3 3
-66 -31
-5 -1
-4 2
-372 -133
4 4
-294 -107
-246 -91
-4 -3
-420 -149
-444 -157
-186 -71
-48 -25
-408 -145
-4 -4
3 4
0 -2
-264 -97
-1 3
2 6
-6 -11
-330 -119
-162 -63
-324 -117
-2 -5
-12 -13
-1 6
-396 -141
-24 -17
-450 -159
-336 -121
-234 -87
-222 -83
-150 -59
-96 -41
-132 -53
-4 1
-174 -67
2 4
-438 -155
-432 -153
-138 -55
-126 -51
0 -9
-306 -111
-5 -3
-4 -5
2 6
-168 -65
-3 -1
-258 -95
-1 -3
4 6
-72 -33
-354 -127
-1 2
-252 -93
-60 -29
6 -7
-2 0
-378 -135
-414 -147
3 4
-240 -89
-90 -39
-4 0
-2 -1
-144 -57
5 -2
-5 5
2 -4
-456 -161
-288 -105
-312 -113
-198 -75
-4 3
-36 -21
-192 -73
-300 -109
-402 -143
-4 -3
-204 -77
5 2
