165
1 77
1 38
1 41
1 44
6 0
1 95
1 22
2 -4
1 14
1 85
-3 4
2 1
-5 -4
3 2
6 1
1 61
1 31
1 97
1 89
1 32
1 92
1 20
1 5
1 64
1 4
1 74
1 86
1 21
-1 -3
1 1
1 54
1 42
1 -1
1 35
4 -2
6 2
1 7
1 81
3 0
1 6
-3 3
-5 -3
1 47
1 83
1 1
1 91
1 28
-1 -5
-4 -5
5 1
-5 4
1 82
1 56
1 75
1 52
-4 -3
1 60
-3 -3
-2 -5
4 4
-1 0
0 -1
1 37
2 -3
1 45
3 3
2 6
1 70
2 2
1 57
1 66
-2 4
1 73
-3 3
1 16
-3 1
-5 -3
-5 5
1 62
1 68
1 96
1 4
1 26
1 18
1 1
3 5
1 0
6 -5
4 -1
2 1
1 55
3 -2
1 65
2 2
1 90
1 63
1 5
1 80
1 27
1 15
-5 2
-3 5
1 40
2 3
1 76
-1 -4
1 69
1 48
3 -1
1 11
1 67
1 53
1 23
1 39
1 49
1 2
1 9
3 -4
1 58
3 3
-1 3
1 19
1 93
1 43
2 -4
1 24
1 46
-3 3
-4 4
1 51
1 13
1 79
1 88
1 78
1 84
0 0
2 4
1 30
1 4
1 98
5 -1
1 29
-3 5
1 12
1 72
-5 1
1 17
1 3
1 71
4 -2
1 36
1 34
1 87
1 8
-4 2
1 59
1 94
1 10
-3 2
6 0
4 -5
1 33
1 1
1 50
1 25
