97
13 -7
5 4
91 110
83 98
-2 -1
-3 3
11 -10
-3 -5
41 35
4 3
1 -5
29 17
4 6
1 2
6 1
77 89
105 131
4 1
107 134
27 14
55 56
31 20
71 80
19 2
99 122
-3 5
21 5
35 26
23 8
-3 5
-5 3
103 128
-5 5
81 95
4 -3
1 -4
61 65
65 71
111 140
5 -2
39 32
1 -1
2 3
6 1
59 62
113 143
0 -1
79 92
3 2
2 -4
5 -3
89 107
109 137
-1 2
95 116
49 47
-4 -4
0 4
-3 0
87 104
85 101
4 -2
51 50
73 83
-3 -1
67 74
47 44
-2 5
101 125
5 5
75 86
-2 0
43 38
2 3
69 77
17 -1
4 0
-4 4
0 2
3 6
57 59
53 53
-4 -5
15 -4
4 -3
33 23
97 119
25 11
63 68
2 -4
-2 -1
45 41
2 6
93 113
37 29
-2 -5
5 -3
