126
-2 -3
-175 -525
-219 -668
-239 -733
-155 -460
-203 -616
-215 -655
-1 6
3 1
-63 -161
-91 -252
-19 -18
-1 -4
-4 2
-111 -317
-191 -577
6 0
1 0
-4 0
-251 -772
1 3
5 -5
1 -5
-5 -5
-4 -2
-27 -44
-5 5
2 3
-79 -213
-171 -512
1 4
-3 3
-107 -304
-23 -31
-135 -395
5 4
4 3
0 4
-47 -109
-163 -486
6 0
-271 -837
2 1
-75 -200
-1 6
-3 1
-2 4
-167 -499
-119 -343
-267 -824
-5 6
-247 -759
-287 -889
-223 -681
3 1
6 2
4 5
-67 -174
-207 -629
-4 -4
4 2
-263 -811
-183 -551
-259 -798
-275 -850
-5 3
-2 -2
-115 -330
-211 -642
3 3
-31 -57
0 3
-5 3
-87 -239
-231 -707
-39 -83
3 4
-4 -1
2 6
-3 -3
-59 -148
-283 -876
-127 -369
-103 -291
-4 3
-1 2
-279 -863
-123 -356
-199 -603
2 0
-139 -408
-83 -226
-4 -5
-3 6
-131 -382
6 -2
-227 -694
1 -1
-143 -421
-71 -187
-243 -746
-35 -70
-255 -785
0 -3
-55 -135
-179 -538
-147 -434
-43 -96
0 4
-2 3
2 2
-5 4
-51 -122
-95 -265
1 3
-3 -5
-1 -2
-159 -473
3 -1
4 5
-187 -564
-99 -278
-235 -720
-151 -447
-195 -590
1 0
