223
-108 -515
-2 1
-5 -1
-25 -100
1 2
-1 6
-11 -30
-2 -5
3 -2
-5 -1
-42 -185
6 2
-83 -390
-88 -415
5 -4
5 0
-75 -350
-119 -570
3 -2
1 0
-51 -230
-121 -580
-4 -3
-2 -4
-52 -235
4 5
-85 -400
-41 -180
-102 -485
-30 -125
-37 -160
5 1
-97 -460
4 -3
-117 -560
-84 -395
5 4
-12 -35
6 -2
-20 -75
-92 -435
-123 -590
-5 5
-81 -380
-5 4
-77 -360
-4 -3
-2 3
-1 -4
-19 -70
-132 -635
-48 -215
-56 -255
-2 -2
-4 -5
-2 2
6 2
-54 -245
-13 -40
-57 -260
0 -2
-18 -65
-94 -445
-106 -505
-5 0
-72 -335
-7 -10
-3 0
-116 -555
3 -1
-60 -275
-3 -2
-74 -345
-4 5
4 -2
-69 -320
-29 -120
-82 -385
5 1
5 0
-89 -420
-34 -145
-5 -5
-126 -605
-44 -195
1 3
-91 -430
-40 -175
-58 -265
5 2
0 -1
-114 -545
0 -1
-129 -620
-99 -470
-98 -465
-3 -4
-2 6
-86 -405
-73 -340
-118 -565
2 0
5 -5
-4 -4
5 -2
0 -2
3 1
-2 1
-61 -280
-68 -315
-32 -135
-4 6
2 5
-70 -325
-90 -425
-2 -4
-4 3
-78 -365
6 3
6 -5
-26 -105
-101 -480
5 1
-125 -600
0 -5
1 3
-1 -1
-4 6
1 -4
-66 -305
-47 -210
-28 -115
-49 -220
-3 -1
-128 -615
-15 -50
-38 -165
-1 5
-124 -595
-35 -150
-63 -290
-4 -3
-24 -95
-22 -85
-39 -170
0 -2
-17 -60
-14 -45
5 6
-100 -475
-120 -575
-103 -490
0 6
-55 -250
-50 -225
-3 -3
-53 -240
-36 -155
-6 -5
-80 -375
-95 -450
-111 -530
-43 -190
-93 -440
-27 -110
3 5
-112 -535
6 6
-115 -550
5 4
-76 -355
-16 -55
-113 -540
4 -5
-96 -455
-33 -140
-3 2
6 2
-122 -585
-31 -130
0 2
-2 2
-2 -2
-9 -20
-127 -610
-64 -295
-45 -200
-65 -300
-3 -2
-130 -625
3 -2
5 -5
-104 -495
-67 -310
-87 -410
0 3
4 1
0 -4
-109 -520
-1 0
-107 -510
6 4
-79 -370
2 4
-10 -25
-131 -630
-8 -15
-59 -270
-71 -330
-46 -205
-5 -2
0 1
-62 -285
-21 -80
6 -1
-105 -500
-5 -4
0 5
2 3
1 0
-23 -90
-110 -525
2 -5
