71
-1 1
3 1
-334 -89
-342 -91
-214 -59
-4 -2
2 4
-14 -9
5 4
-222 -61
-2 -4
-22 -11
-206 -57
-3 -5
-158 -45
3 -5
-310 -83
-286 -77
-94 -29
-166 -47
6 6
-174 -49
-78 -25
-246 -67
-238 -65
3 -1
-5 1
-1 4
1 -1
-38 -15
-126 -37
4 0
1 -3
2 -5
-302 -81
-270 -73
-254 -69
-62 -21
5 0
2 5
1 6
-3 5
-294 -79
-182 -51
-3 -3
-46 -17
-86 -27
3 -5
-318 -85
-262 -71
-6 -7
-70 -23
-134 -39
5 -2
-30 -13
3 5
-230 -63
-190 -53
-4 2
-198 -55
-278 -75
-150 -43
-350 -93
-54 -19
-102 -31
-110 -33
-142 -41
-1 0
6 6
-118 -35
-326 -87
