137
6 6
-391 391
-463 463
-361 361
-487 487
6 0
-43 43
-3 2
-4 5
2 2
-139 139
-157 157
-1 1
5 5
1 6
-259 259
-295 295
-169 169
-283 283
-55 55
1 -4
-5 1
2 2
-451 451
-373 373
-103 103
-31 31
-61 61
6 3
-367 367
-301 301
-175 175
-439 439
-3 -5
-67 67
-1 0
-307 307
-277 277
6 -2
0 3
-193 193
-475 475
-325 325
6 1
-91 91
-457 457
5 -4
-211 211
-115 115
-3 -3
-5 5
-5 4
-253 253
-217 217
-19 19
-49 49
-469 469
-421 421
-265 265
-427 427
-2 1
-127 127
2 2
-187 187
-145 145
3 -5
-415 415
2 -2
0 6
-2 -3
2 0
-409 409
4 3
-349 349
-121 121
-7 7
-163 163
-37 37
4 -5
5 -5
-385 385
-2 -4
-13 13
-181 181
-79 79
-4 3
-199 199
-73 73
6 -1
-481 481
-271 271
0 6
-235 235
0 -4
2 -2
-397 397
2 0
-343 343
-379 379
-133 133
-205 205
-433 433
-337 337
-355 355
-331 331
-109 109
6 6
-319 319
-97 97
3 -1
-4 -4
-1 -3
-403 403
-5 -4
4 4
2 -4
-25 25
-241 241
-151 151
5 3
-313 313
-4 6
6 -4
-223 223
1 -1
-3 6
-229 229
-85 85
-445 445
-4 3
-5 2
1 1
-1 1
-247 247
-289 289
5 2
-3 0
