124
-28 503
6 -3
-5 -4
4 -3
-1 -4
1 2
1 97
-29 517
3 -3
-44 727
-40 671
0 5
3 1
-33 573
-42 699
-22 419
-35 601
-5 181
-18 363
-15 321
-2 4
-21 405
3 -1
-16 335
3 3
1 2
-47 769
0 6
7 13
6 27
-4 3
-30 531
1 -4
3 2
-31 545
-3 -1
-20 391
-4 -5
3 69
5 41
-2 4
3 6
-4 167
-25 461
6 0
-23 433
-41 685
-55 881
-36 615
-6 195
6 0
5 4
-7 209
-38 643
-48 783
0 0
5 -1
-50 811
-1 -2
0 1
-1 6
4 -2
-5 -1
-34 587
-56 895
3 5
4 4
5 4
-3 6
3 0
0 111
-3 153
-10 251
4 55
-11 265
-2 139
-32 559
-14 307
5 -3
-8 223
-2 -3
5 -2
-26 475
-1 -2
6 -2
-3 -3
-54 867
-12 279
0 5
-43 713
-49 797
-9 237
2 83
-51 825
-1 4
-5 -1
-4 1
9 -15
-53 853
-19 377
6 4
-37 629
1 3
-52 839
0 -2
-27 489
0 0
-3 -5
1 -1
2 -2
-13 293
6 -3
-45 741
-1 -3
8 -1
-24 447
-57 909
-1 125
-39 657
-17 349
3 6
3 -4
-46 755
-3 5
