94
-82 24
0 -4
-202 54
-10 6
-130 36
-122 34
5 -4
-146 40
-226 60
3 -1
-170 46
-70 21
-66 20
2 -4
-18 8
6 -2
-1 -2
-50 16
-142 39
-5 1
-54 17
-190 51
-102 29
-5 0
1 -5
-78 23
-118 33
-214 57
-210 56
-58 18
4 -3
3 4
0 -3
-3 2
-5 1
-158 43
3 1
-114 32
-90 26
6 -3
-2 0
-110 31
-2 4
-198 53
1 1
-174 47
-150 41
-30 11
-222 59
-22 9
2 2
-162 44
0 3
3 6
-38 13
-218 58
-62 19
-2 -2
-14 7
-74 22
-42 14
-186 50
-2 4
-206 55
-26 10
-94 27
-166 45
5 -3
-126 35
-178 48
-3 -2
4 -4
-1 -2
4 5
-154 42
-182 49
-3 1
-86 25
4 3
-46 15
-194 52
-34 12
2 1
-6 5
-98 28
-5 -1
-138 38
3 -2
3 4
2 4
2 2
-5 2
-106 30
-134 37
