144
100 244
124 304
-5 2
-1 -3
3 2
54 129
76 184
102 249
-1 6
-5 -4
132 324
56 134
4 4
114 279
-3 -2
98 239
158 389
50 119
0 -1
112 274
16 34
46 109
38 89
94 229
-1 -1
152 374
20 44
5 4
146 359
72 174
34 79
-5 1
24 54
4 3
44 104
68 164
42 99
1 5
6 1
2 3
156 384
-2 -1
164 404
3 -3
136 334
160 394
84 204
170 419
-5 6
1 -4
118 289
8 14
28 64
-5 0
78 189
-2 6
166 409
-2 3
86 209
-5 -4
6 -5
150 369
58 139
26 59
18 39
6 1
32 74
120 294
3 3
4 0
-5 -4
104 254
4 1
-2 -2
3 4
168 414
74 179
96 234
6 2
52 124
30 69
-2 -3
-5 3
0 2
4 6
108 264
60 144
144 354
10 19
2 4
90 219
126 309
14 29
4 2
12 24
62 149
116 284
128 314
36 84
88 214
172 424
80 194
140 344
130 319
142 349
48 114
0 -4
6 4
-2 -4
-1 -4
138 339
106 259
92 224
6 2
-5 -3
-5 -5
122 299
70 169
-4 -3
134 329
3 -2
148 364
1 -4
-5 1
40 94
-3 -2
6 9
-4 -4
2 -1
3 3
-4 0
64 154
5 1
3 -4
1 0
174 429
66 159
154 379
22 49
1 -5
110 269
5 -1
162 399
82 199
