158
-4 0
-167 -164
4 4
-209 -206
-173 -170
-257 -254
4 -3
-443 -440
-155 -152
6 -1
6 -4
-269 -266
-251 -248
-335 -332
-275 -272
-329 -326
-131 -128
-383 -380
-515 -512
-2 -5
-161 -158
0 3
-107 -104
-365 -362
5 -4
2 6
-233 -230
-521 -518
-5 2
-137 -134
-347 -344
-4 1
-395 -392
-449 -446
-4 0
-359 -356
0 -5
-11 -8
-4 4
-23 -20
2 -4
3 -2
-293 -290
-3 4
4 2
-4 -3
-413 -410
-467 -464
-479 -476
-389 -386
-491 -488
-305 -302
4 3
0 -4
4 5
-4 1
-2 1
4 -4
-4 0
-1 1
-509 -506
-371 -368
-299 -296
-311 -308
-89 -86
2 -3
-59 -56
-377 -374
-47 -44
-5 2
-455 -452
-35 -32
-245 -242
1 4
-503 -500
-65 -62
6 -4
-2 -5
-287 -284
-545 -542
-239 -236
3 0
2 1
-119 -116
-4 -4
-185 -182
-143 -140
5 1
5 -4
-431 -428
-425 -422
-353 -350
0 2
-215 -212
3 -4
1 -5
-83 -80
-41 -38
-5 -2
-4 6
-557 -554
-497 -494
6 1
-281 -278
-341 -338
0 -1
-149 -146
3 -4
3 3
-101 -98
3 -2
-533 -530
6 -3
-77 -74
-113 -110
-17 -14
6 -5
-53 -50
-1 6
6 2
-437 -434
-5 1
1 2
-527 -524
-179 -176
5 -3
-401 -398
-407 -404
-551 -548
-419 -416
-197 -194
-4 -1
-4 -4
-317 -314
-473 -470
-191 -188
-3 1
-485 -482
-95 -92
-227 -224
-323 -320
-203 -200
-71 -68
-2 3
-29 -26
4 -5
1 4
6 6
4 0
-461 -458
-125 -122
-221 -218
-539 -536
1 -3
4 4
-1 -1
-263 -260
6 -2
