133
-3 3
383 73
141 7
647 145
746 172
515 109
4 0
5 -2
6 -4
-5 0
691 157
-5 4
-5 1
460 94
405 79
449 91
559 121
2 3
-3 0
713 163
603 133
-4 6
-5 -2
548 118
-1 0
-1 6
2 -4
0 -4
482 100
636 142
3 5
3 4
-1 -5
174 16
735 169
-4 -4
-1 0
5 -2
372 70
5 3
163 13
-1 -2
-5 -2
526 112
350 64
251 37
-1 -3
-2 -2
5 0
3 -4
537 115
6 2
-4 1
240 34
2 4
339 61
3 2
5 0
31 -23
196 22
416 82
262 40
-4 -4
119 1
2 -3
130 4
0 -5
3 3
75 -11
-5 1
5 2
108 -2
669 151
218 28
6 0
0 -5
570 124
724 166
592 130
284 46
-2 -5
64 -14
86 -8
581 127
614 136
0 -2
1 -4
-3 -3
5 3
207 25
625 139
3 -1
3 2
317 55
306 52
438 88
20 -26
152 10
295 49
471 97
4 0
768 178
229 31
680 154
185 19
2 4
702 160
3 -2
97 -5
6 3
-5 -5
5 -3
779 181
-4 -2
0 1
53 -17
658 148
273 43
328 58
361 67
42 -20
493 103
504 106
-5 5
3 -4
5 6
2 1
427 85
1 5
394 76
-1 5
9 -29
757 175
