117
-37 129
-4 5
-62 229
-3 -7
-71 265
-39 137
1 -4
-4 -3
-69 257
-12 29
-5 2
-48 173
-55 201
-8 13
-26 85
2 3
-16 45
-23 73
-40 141
-5 1
1 -5
-58 213
-10 21
0 -2
-60 221
-13 33
5 1
-53 193
2 -4
2 -2
-2 6
-31 105
-29 97
-33 113
2 -5
-19 57
-4 6
-57 209
-45 161
6 -3
2 -4
-30 101
1 4
0 -2
0 -1
3 -4
-11 25
0 3
4 6
-44 157
5 -2
4 -3
5 2
0 3
0 0
-14 37
-3 5
-70 261
2 2
-5 1
-1 -1
0 -3
6 5
-63 233
-22 69
-64 237
-18 53
-4 -3
-72 269
-5 -4
-7 9
-36 125
-32 109
-1 6
-47 169
-3 -2
-50 181
-52 189
-42 149
-56 205
-34 117
-6 5
-24 77
-25 81
-20 61
-4 -4
6 -1
-27 89
-65 241
5 1
-35 121
-41 145
-17 49
-2 6
-68 253
-54 197
-1 -2
-43 153
-61 225
-5 -1
5 4
-51 185
-28 93
0 2
-67 249
5 3
-15 41
-38 133
-66 245
-21 65
5 -3
6 4
-49 177
-9 17
-3 1
-46 165
-59 217
