215
0 -5
-458 276
-328 198
-173 105
-3 3
-348 210
-393 237
3 -1
-3 1
-2 0
-228 138
-538 324
6 6
-208 126
-2 2
-273 165
-543 327
5 0
-568 342
1 -1
-1 2
6 -5
-478 288
-118 72
-5 0
-443 267
-98 60
5 6
-3 -2
0 -4
-343 207
3 1
-43 27
-298 180
-493 297
-388 234
1 -5
-288 174
-303 183
-148 90
-433 261
-83 51
-108 66
2 3
-553 333
-338 204
-4 0
-5 0
-323 195
-523 315
-3 3
-453 273
0 5
-373 225
-378 228
-3 0
-3 -1
2 0
-513 309
-1 6
-4 -4
-63 39
-188 114
-5 0
-28 18
-488 294
-4 -4
-5 -5
-3 4
-168 102
6 4
-473 285
-193 117
5 -4
-223 135
-153 93
4 4
3 6
-3 3
-178 108
-3 -5
-258 156
5 0
-123 75
2 -2
-2 1
-363 219
3 -3
0 -5
1 2
-403 243
-578 348
-518 312
-583 351
4 -5
-558 336
-163 99
-3 1
-593 357
-133 81
-203 123
2 0
-608 366
-353 213
-253 153
-1 5
-2 2
6 1
-5 -2
5 4
-138 84
0 -1
5 -4
-383 231
-1 -4
-5 0
-278 168
-3 5
-293 177
-38 24
-73 45
0 0
-508 306
-33 21
2 -1
1 2
-58 36
-158 96
3 0
-413 249
-213 129
-358 216
4 6
-448 270
-48 30
-93 57
-563 339
1 -2
2 -1
-18 12
-398 240
-103 63
-53 33
0 -1
-5 -5
-368 222
-2 -3
-3 -4
-218 132
2 3
-3 -5
5 -1
5 -3
-5 -4
-143 87
5 -4
-238 144
-333 201
-318 192
-428 258
-573 345
2 2
5 5
-1 -1
-248 150
0 4
-603 363
-268 162
2 -4
-8 6
-313 189
-1 1
-418 252
-598 360
-243 147
-4 0
-1 0
2 6
-548 330
-128 78
-533 321
-528 318
-468 282
-23 15
-588 354
-498 300
-423 255
-1 2
-198 120
6 5
-183 111
-263 159
-3 0
-438 264
3 3
3 5
-4 -3
-68 42
-78 48
-613 369
-113 69
-88 54
-408 246
-5 5
1 -1
-483 291
-13 9
-2 -4
-308 186
4 0
-1 -5
-503 303
-233 141
-283 171
-463 279
