104
-1 1
-269 -267
-2 1
-73 -71
-59 -57
-129 -127
2 5
0 -1
5 5
-115 -113
3 -3
-24 -22
-388 -386
0 -1
-297 -295
-220 -218
0 3
-227 -225
2 6
-248 -246
-395 -393
-409 -407
-1 5
-1 1
-108 -106
-3 6
-402 -400
-1 6
-2 -4
1 4
3 1
-10 -8
-276 -274
-94 -92
-213 -211
-199 -197
-339 -337
-2 -4
-1 -2
-80 -78
3 4
6 -4
-178 -176
2 -5
-206 -204
0 6
-136 -134
-157 -155
6 -1
1 5
-52 -50
4 2
-4 0
-122 -120
-423 -421
-374 -372
-45 -43
2 0
-3 3
0 -3
5 1
-3 6
-143 -141
-360 -358
0 5
4 5
-171 -169
-311 -309
1 5
-255 -253
-185 -183
-66 -64
-17 -15
-101 -99
0 -3
-150 -148
-416 -414
-290 -288
-4 2
-262 -260
-381 -379
-87 -85
-241 -239
-367 -365
-38 -36
-234 -232
5 -1
-31 -29
-3 -1
-332 -330
-304 -302
-325 -323
-3 -5
-3 0
-346 -344
-192 -190
3 -1
-318 -316
-3 3
-283 -281
-353 -351
1 1
-164 -162
-2 -4
