124
0 4
-117 -1
-3 6
-2 -1
-325 -1
-1 1
-485 -1
-77 -1
-69 -1
-605 -1
-413 -1
-397 -1
-229 -1
-365 -1
-205 -1
-389 -1
-453 -1
-4 2
-173 -1
-581 -1
-517 -1
-85 -1
-549 -1
2 1
-101 -1
-133 -1
-4 -1
-533 -1
-469 -1
-21 -1
4 1
5 2
-181 -1
-277 -1
5 3
-285 -1
-125 -1
-37 -1
-93 -1
-381 -1
0 -5
-45 -1
3 -3
-597 -1
5 -1
-421 -1
-3 -1
-357 -1
-237 -1
-3 -4
2 -4
-4 4
-253 -1
-501 -1
3 -4
2 -5
-1 5
0 3
-61 -1
-269 -1
-445 -1
-509 -1
-5 -1
-541 -1
-333 -1
-317 -1
-301 -1
-293 -1
-245 -1
1 1
-373 -1
5 5
3 -5
-3 1
2 -3
0 -5
-221 -1
-213 -1
-165 -1
2 1
-461 -1
-53 -1
5 2
-477 -1
-3 -5
0 1
-3 -4
-493 -1
-5 3
-437 -1
-4 -3
-557 -1
-565 -1
-149 -1
1 1
-349 -1
-197 -1
-309 -1
2 4
-141 -1
2 3
-589 -1
-4 -5
-13 -1
-157 -1
-1 0
-341 -1
6 -1
6 2
6 6
4 5
-2 5
-189 -1
-1 -4
-261 -1
1 2
-3 5
-405 -1
-429 -1
-525 -1
2 2
-573 -1
-29 -1
-109 -1
