180
-2 -4
-474 -664
-439 -615
4 1
-214 -300
-4 1
-279 -391
-14 -20
0 0
4 1
-149 -209
-414 -580
-134 -188
-2 6
-59 -83
-19 -27
-5 5
-334 -468
-329 -461
-5 5
0 3
-374 -524
1 -1
-4 -6
-489 -685
1 -4
-494 -692
6 4
4 -4
-519 -727
4 4
-2 -2
-69 -97
-9 -13
-324 -454
-24 -34
-114 -160
-364 -510
2 -3
5 3
-49 -69
4 3
-384 -538
-289 -405
3 6
-5 3
3 3
-354 -496
4 6
5 6
-2 -1
1 -2
-234 -328
1 1
-379 -531
2 -2
-444 -622
-89 -125
-284 -398
-424 -594
-4 -3
-484 -678
-229 -321
-504 -706
0 -5
-294 -412
2 2
-129 -181
-524 -734
1 -3
0 1
2 1
-3 5
2 4
-239 -335
-174 -244
-5 6
-299 -419
-399 -559
0 3
-54 -76
-74 -104
3 -5
-499 -699
-124 -174
-2 3
5 3
-2 5
2 0
-204 -286
-479 -671
-194 -272
-5 -3
0 0
3 -2
-464 -650
-309 -433
-359 -503
-244 -342
-1 3
-249 -349
-64 -90
-184 -258
2 -2
-139 -195
-314 -440
1 -4
-119 -167
-319 -447
-189 -265
-339 -475
-254 -356
-84 -118
-394 -552
-99 -139
-2 1
-224 -314
-29 -41
-3 0
-4 1
5 -2
-3 6
-164 -230
-34 -48
-409 -573
-199 -279
-469 -657
6 5
-419 -587
-449 -629
2 -5
-344 -482
-434 -608
-429 -601
-94 -132
0 4
-3 5
-304 -426
-154 -216
-109 -153
-39 -55
-514 -720
3 -3
3 6
-219 -307
-169 -237
-4 3
-1 -5
-4 -1
-159 -223
-509 -713
-269 -377
-369 -517
0 -4
2 0
-104 -146
-179 -251
-5 5
-4 0
-404 -566
2 3
-459 -643
-274 -384
-44 -62
-1 4
6 4
-5 -2
-389 -545
1 -1
-209 -293
-144 -202
4 -1
-454 -636
-79 -111
1 -5
-349 -489
4 1
5 2
-259 -363
-264 -370
