234
1 1
-2 -1
0 -1
-259 -222
-483 -414
-623 -534
-791 -678
-504 -432
-3 4
5 1
-546 -468
-462 -396
1 1
-3 -4
-1 -4
-392 -336
-84 -72
-609 -522
-56 -48
3 6
-889 -762
6 0
-4 0
-3 6
2 3
-672 -576
-105 -90
-210 -180
-119 -102
2 -4
-497 -426
-651 -558
5 0
-189 -162
-4 1
-784 -672
-777 -666
-924 -792
1 -2
-5 -3
-371 -318
-686 -588
-847 -726
-770 -660
-154 -132
-5 0
1 6
-574 -492
-3 4
-308 -264
-840 -720
-4 1
-1 6
-938 -804
-63 -54
-861 -738
-266 -228
3 6
1 -5
5 -3
-161 -138
1 1
0 3
4 -1
-630 -540
-168 -144
-644 -552
-2 2
-413 -354
-910 -780
-70 -60
-175 -150
-826 -708
1 4
-469 -402
3 0
-903 -774
-819 -702
4 0
-336 -288
-749 -642
-588 -504
-854 -732
-1 -3
1 -3
-693 -594
-273 -234
-602 -516
4 4
-252 -216
-140 -120
3 -1
-805 -690
-126 -108
-42 -36
-1 -3
4 2
-196 -168
3 1
5 1
3 -2
-280 -240
4 -5
-238 -204
-203 -174
-245 -210
6 1
0 -5
-315 -270
-329 -282
-357 -306
5 5
2 -3
-518 -444
-581 -498
5 1
6 -5
-798 -684
4 -5
1 3
-448 -384
-525 -450
-35 -30
-4 3
-322 -276
-700 -600
-343 -294
-1 -2
-763 -654
1 -2
4 0
3 -5
-434 -372
-3 3
-231 -198
-4 -3
-756 -648
-728 -624
-1 1
-679 -582
-301 -258
-224 -192
-378 -324
5 5
-182 -156
-2 3
-364 -312
-77 -66
-707 -606
-4 -4
-294 -252
-217 -186
3 -1
-133 -114
-287 -246
-49 -42
-3 -1
-385 -330
-3 -4
-917 -786
-714 -612
-147 -126
-868 -744
-2 2
-420 -360
-14 -12
-945 -810
-7 -6
-1 0
4 -4
-350 -300
-658 -564
-3 2
-637 -546
-665 -570
2 -2
-812 -696
-1 4
-735 -630
-553 -474
-511 -438
-896 -768
0 1
3 5
-882 -756
-560 -480
4 -1
-2 -1
4 0
-98 -84
-616 -528
-875 -750
-567 -486
-490 -420
2 2
-595 -510
4 -5
3 -4
-532 -456
-3 1
-455 -390
5 1
-1 6
0 6
-28 -24
-833 -714
-2 5
-91 -78
-721 -618
-2 1
-21 -18
4 4
2 -3
2 6
-742 -636
1 4
1 2
-5 1
-112 -96
-539 -462
0 4
6 -1
-4 -2
1 -5
-427 -366
-406 -348
-1 5
-5 6
-441 -378
3 -3
-476 -408
-931 -798
-399 -342
-5 -5
