211
4 4
-440 446
-35 41
-585 591
-1 3
2 -5
4 1
-4 3
-365 371
-1 6
-500 506
-390 396
-265 271
-5 -1
-565 571
0 5
-1 -3
-510 516
-4 3
-5 -3
0 6
-5 2
-1 -5
-400 406
-240 246
1 -4
-330 336
-5 -4
-575 581
-470 476
-475 481
-310 316
-130 136
-215 221
-525 531
-140 146
-170 176
5 1
6 -2
-590 596
-5 1
-1 -5
-3 -4
-560 566
6 -1
-260 266
-2 -2
-360 366
-480 486
-290 296
-1 -4
5 -2
-115 121
3 5
-295 301
-405 411
3 -3
-145 151
-355 361
-200 206
-75 81
6 5
-45 51
-5 -5
-150 156
-235 241
-10 16
-430 436
3 2
-465 471
-4 -4
1 4
-275 281
-5 11
-280 286
-545 551
-2 -2
-3 -3
-550 556
-2 4
-3 6
-105 111
-110 116
-5 5
-2 -3
-380 386
-395 401
-5 6
4 -2
5 2
-175 181
6 6
-5 3
4 5
-30 36
-65 71
3 1
-415 421
-460 466
-540 546
-210 216
6 6
-1 6
-505 511
-60 66
-220 226
-3 0
-520 526
-2 3
6 -5
-25 31
-70 76
-450 456
-445 451
2 3
-195 201
-180 186
-485 491
-165 171
-3 -3
5 0
-315 321
-3 -4
-345 351
0 6
-595 601
-495 501
-3 6
-135 141
2 -3
5 -4
-155 161
-230 236
3 5
-375 381
-245 251
-185 191
5 4
-190 196
-570 576
-1 -4
2 1
4 4
2 4
-4 5
1 -5
-515 521
-255 261
-2 0
-225 231
4 -3
0 -3
-205 211
0 4
-90 96
-320 326
-125 131
-350 356
-3 5
-55 61
-325 331
-535 541
-4 -4
-5 -1
-410 416
-300 306
-435 441
-5 5
2 2
-50 56
-80 86
-5 -3
-1 0
-370 376
-160 166
-20 26
6 1
-600 606
-15 21
-5 3
-250 256
-335 341
-580 586
-5 -5
-530 536
-455 461
-420 426
6 0
5 -3
-2 -3
-85 91
-385 391
-2 -5
-340 346
-305 311
-490 496
-120 126
1 0
-40 46
4 -1
4 -2
-5 2
-285 291
-270 276
-1 -2
-555 561
-1 3
-100 106
-425 431
-4 0
-95 101
