9820 2086
1 2
1 3
1 5
1 38
1 260
1 374
1 7912
1 9022
2 9
2 14
2 17
2 63
2 112
2 337
2 601
2 951
2 998
2 1825
2 5440
3 4
3 20
3 23
3 101
3 132
3 273
3 562
3 1226
4 6
4 7
4 13
4 19
4 24
4 27
4 29
4 215
4 241
4 345
4 810
4 2422
4 4508
5 97
5 288
5 362
5 527
5 921
5 1024
5 1434
5 1850
5 3302
5 5001
5 9626
6 191
6 384
6 3601
6 3956
7 8
7 10
7 85
7 141
7 634
7 2432
7 3395
7 3828
7 4803
7 7736
8 12
8 25
8 43
8 81
8 94
8 284
9 11
9 57
9 89
9 105
9 290
9 454
10 34
10 2392
10 5614
10 9415
11 18
11 332
12 15
12 67
12 133
12 360
12 466
12 1669
12 1995
12 4908
12 5356
12 7061
13 21
13 37
13 331
13 769
13 1222
13 3306
13 5048
14 16
14 75
14 131
14 281
14 422
14 906
14 1108
14 2789
14 3943
14 5592
14 6997
14 7049
15 32
15 258
15 759
15 4989
15 5340
16 73
16 74
16 479
16 2604
16 9403
17 28
17 159
17 363
17 510
17 746
17 2146
17 7641
18 44
18 104
18 314
18 406
18 6545
18 7571
19 680
19 962
19 993
19 1010
19 2233
19 3192
19 4571
19 5302
19 7091
19 7906
20 100
20 195
20 513
20 4866
21 22
21 26
21 31
21 68
21 253
21 444
21 813
21 6170
21 7357
22 52
22 201
22 424
22 706
22 1012
22 1040
22 1903
22 9418
23 30
23 70
23 8170
24 55
24 788
24 2521
24 8631
25 33
25 49
25 929
25 1932
26 39
26 78
26 113
26 236
26 249
26 821
26 837
26 6822
27 42
27 45
27 53
27 64
27 120
27 125
27 163
27 235
27 973
27 2724
27 4432
27 8662
28 121
28 170
28 205
28 2537
28 6798
29 35
29 50
29 59
29 140
29 1681
29 2035
29 2463
29 3274
29 3927
29 4194
30 62
30 110
30 137
30 324
30 602
30 2011
31 36
31 80
31 153
31 306
32 87
32 789
32 1002
32 1157
32 1390
32 2411
32 3753
32 6535
32 8792
33 48
33 79
33 119
33 323
33 415
33 481
33 2478
33 7513
34 40
34 46
34 47
34 84
34 114
34 185
34 2033
34 2356
34 6328
34 7270
35 158
35 1142
35 7196
36 41
36 184
36 190
36 196
36 464
36 545
36 1677
36 3414
36 5986
37 130
37 172
37 429
38 51
38 69
38 136
38 861
38 1051
38 1191
38 2127
38 3440
38 3614
39 156
39 437
39 2357
39 3123
39 7253
40 145
40 430
40 553
40 1735
40 3679
40 4338
41 65
41 128
41 250
41 283
41 451
41 2566
41 4934
42 66
42 86
42 2019
42 2371
43 58
43 77
43 124
43 246
43 307
43 411
43 3994
43 6015
43 8637
44 164
44 186
44 1796
44 7183
45 60
45 2095
46 206
46 224
46 386
46 403
46 669
46 831
47 217
47 267
47 315
47 477
47 482
47 523
47 2240
48 1054
48 1608
48 4988
48 5732
48 6602
49 248
49 1277
49 2693
49 6238
50 54
50 61
50 168
50 611
50 889
50 1827
50 2298
50 2439
50 4860
51 56
51 139
51 274
51 594
51 700
51 2737
51 9214
52 91
52 280
52 453
52 1145
52 2101
52 2715
52 7815
53 117
53 525
53 1047
54 115
54 536
54 1553
54 5932
55 377
55 728
55 1960
55 2288
55 3445
55 3949
55 5580
56 369
56 968
56 9753
57 88
57 92
57 200
57 1749
57 3348
57 5368
57 7715
58 76
58 109
58 398
58 1702
58 9298
59 436
59 4553
59 6567
60 322
60 866
60 958
60 1118
60 2080
60 2803
60 3007
60 7783
61 271
61 449
61 2192
61 2269
61 2507
62 174
62 1282
62 8377
63 90
63 123
63 202
63 518
63 2164
63 2752
64 72
64 134
64 572
64 2006
65 179
65 261
65 761
65 1738
65 5701
65 7944
66 71
66 95
66 349
66 578
66 1020
66 5436
66 9280
67 234
67 495
67 3181
67 3694
67 7114
69 176
69 228
69 238
69 310
69 1025
69 1271
69 1466
69 1562
70 83
71 102
71 135
71 155
71 713
71 2015
72 93
72 103
72 341
72 361
73 99
73 149
73 187
73 213
73 5831
74 396
74 478
74 2169
75 82
75 492
75 684
75 1472
75 3174
75 5346
75 8051
76 129
76 382
76 3342
76 3766
76 5923
76 6013
76 8001
77 425
77 1321
77 1680
77 1724
77 5798
77 6853
78 262
78 645
78 685
78 1411
78 4296
78 5398
78 5456
79 177
79 1067
79 1770
79 1849
79 2628
79 5111
79 6627
79 7854
81 1135
81 1784
81 5697
81 6696
82 604
82 3023
82 6369
83 459
84 226
84 245
84 1293
84 5737
84 9286
85 373
85 507
85 683
85 1333
85 9434
86 333
86 938
86 1083
86 1899
86 1905
86 2426
86 4444
87 635
87 1141
87 2600
87 6406
89 2207
89 3552
89 7401
90 111
90 212
90 227
90 909
90 9123
91 165
91 257
91 473
91 802
91 834
91 1160
91 1863
91 1884
92 108
92 289
92 2396
93 966
93 3094
93 4610
93 5708
93 6276
94 96
94 146
94 1628
94 2071
94 3396
95 160
95 254
95 356
95 489
95 890
95 932
95 955
95 4524
95 7363
96 188
96 672
96 924
96 2020
96 2387
96 7636
97 98
97 106
97 210
97 230
97 312
97 412
97 583
97 822
97 9430
98 1332
98 1839
98 2620
98 9141
99 107
99 3121
100 6027
101 189
101 427
101 470
101 610
101 1279
101 1441
101 2665
102 830
102 912
102 2436
102 2466
102 3875
102 4746
103 2471
103 3061
104 116
104 166
104 180
104 428
104 1666
104 1667
104 2133
104 4981
104 5292
105 151
105 182
105 233
105 269
105 286
106 225
106 376
106 1235
106 1889
106 2578
106 3009
106 8222
107 1089
108 154
108 222
109 664
109 676
109 1832
109 2206
109 2850
109 7761
110 118
110 697
110 2774
110 4594
110 8401
110 8832
111 127
111 161
111 1189
111 1728
111 1844
111 5202
111 5884
112 239
112 240
112 679
112 1414
112 6453
113 122
113 197
113 617
113 808
113 2236
114 150
114 167
114 299
114 607
114 656
114 2531
115 138
115 282
115 3970
115 5268
116 388
116 609
116 778
117 317
117 673
117 1053
117 2360
118 400
118 2262
119 126
119 3157
120 221
120 550
120 584
120 3010
120 4186
120 4975
121 144
121 157
121 561
121 1029
121 4751
121 9084
122 203
122 5928
123 169
123 391
124 181
124 752
124 927
124 1705
124 2799
124 3468
125 528
125 701
125 1747
125 7861
126 348
126 450
126 4764
127 268
127 935
127 1340
127 1621
127 6085
128 487
128 1195
128 1264
128 1307
128 2746
128 4904
129 209
129 1338
129 1431
129 3077
130 251
130 297
130 1421
130 7069
131 142
131 162
131 211
131 295
131 316
131 803
131 1447
131 2900
131 3457
131 3528
131 4240
131 7152
132 194
132 244
132 465
132 2073
132 3923
132 6949
133 364
133 445
133 992
133 2135
133 9289
134 494
134 515
135 325
135 892
135 2057
135 9048
136 4377
137 327
137 342
137 2728
137 6946
137 8825
138 152
138 178
138 1162
138 2459
138 4415
138 5120
138 6584
139 727
139 1323
139 3786
140 390
140 678
140 975
141 143
141 576
141 715
141 1885
141 3362
141 5152
142 148
142 413
142 735
142 7732
143 147
143 9184
144 1561
144 3207
144 3449
144 4066
145 229
145 231
145 731
145 882
145 8101
146 736
146 1713
146 3595
146 8476
146 9269
147 485
147 2060
148 216
148 275
148 1072
148 6858
149 1070
149 4278
149 8320
150 2409
150 7088
151 319
151 628
151 3275
151 3311
151 6185
152 505
152 651
152 1090
152 8083
152 8544
153 208
153 3171
154 171
154 175
154 748
155 204
155 328
155 5774
156 657
156 7409
157 1465
157 2265
157 3657
157 8180
157 8479
158 266
158 642
158 1031
158 5720
158 8630
159 214
159 318
159 4309
159 9570
160 1989
160 4397
161 183
161 1552
161 1829
161 3805
161 8517
162 385
162 1513
162 1871
162 3477
163 198
163 439
163 811
163 1137
163 1274
164 173
164 199
164 389
164 823
164 857
164 3263
165 359
165 1030
165 1590
165 1894
166 623
166 691
166 1069
166 2639
166 4209
167 255
167 503
167 704
167 4043
167 5502
167 8992
168 392
168 4759
169 432
169 798
169 1860
169 2829
169 3827
170 326
170 941
170 1297
170 1557
170 2251
170 3128
171 2742
172 219
172 569
172 3642
172 5073
173 285
173 287
173 879
173 1250
173 1416
173 5813
174 472
174 2939
175 313
175 707
175 7319
175 8104
175 8731
176 1398
176 1402
176 2088
176 2749
176 5482
177 292
177 699
177 3379
177 5096
178 638
178 1556
178 4852
179 193
179 272
179 347
179 689
179 738
179 772
179 1093
179 2253
180 8810
181 263
181 393
181 574
181 795
181 953
181 5779
181 9376
182 192
182 339
182 372
182 433
182 2713
182 3079
183 232
183 2846
183 5271
184 580
184 1096
184 4119
184 4215
184 8396
185 596
186 368
186 2465
187 277
187 6279
188 220
188 270
188 320
188 380
188 441
188 1265
188 2700
189 532
189 703
189 967
189 4615
189 7003
190 1016
190 1075
190 1107
191 447
191 714
191 1689
191 8735
192 1913
193 895
193 8830
194 435
194 1149
195 4647
196 300
196 819
196 4753
196 5277
197 336
197 843
197 2202
198 1842
198 2572
199 265
199 6398
200 207
200 218
200 462
200 724
200 1380
200 3615
200 5727
201 276
201 1409
201 3019
201 3565
201 6018
202 1525
203 358
204 959
204 2847
204 5487
204 8033
205 814
205 1397
205 1565
205 3914
205 4171
206 298
206 308
206 309
206 338
206 1789
206 8230
207 343
207 719
207 1962
208 1246
209 410
209 654
209 1609
209 3149
209 4509
210 237
210 304
210 2813
210 6106
211 353
211 640
212 294
212 961
212 1417
212 2370
212 8154
212 8565
213 375
213 979
213 1344
213 1909
213 2414
213 4540
214 458
214 500
214 917
214 1171
214 3517
214 4869
214 6316
214 7498
215 629
215 776
215 878
215 1309
215 3616
215 5786
215 8216
216 533
216 1840
216 9243
217 484
217 826
217 2070
217 4944
218 1015
218 2962
219 1639
219 3814
219 5903
220 1352
220 3562
221 223
221 242
222 542
222 4435
222 6135
223 2104
223 4550
224 243
224 334
224 3175
224 3596
224 4077
224 8730
225 524
225 681
225 1870
225 4765
225 6415
225 8896
226 417
226 467
226 2938
227 1086
227 6122
228 357
228 405
228 606
228 7187
228 9515
229 556
229 1128
229 1306
229 4313
229 6378
230 259
230 954
230 1372
230 3794
230 5329
230 6330
232 665
232 1992
233 531
233 551
233 2255
234 371
234 1336
235 330
235 1299
235 1798
236 1758
236 2661
237 836
237 899
237 8093
238 247
238 1217
238 2267
238 4258
238 8568
239 256
239 940
239 1011
239 4559
240 1046
241 2120
241 9095
242 1779
242 5536
243 252
243 4069
244 1880
244 2077
244 2116
244 4739
245 394
245 421
245 653
245 1079
245 1879
245 7895
246 593
246 1034
246 4653
246 6505
247 264
247 419
247 511
247 933
247 1055
247 1147
247 1754
247 4057
248 1085
248 1213
248 4284
248 5230
249 303
249 570
249 1658
249 2918
249 4823
249 6626
250 461
250 519
250 547
250 1751
250 6759
250 6854
250 7684
251 870
251 1245
251 1477
252 335
252 3701
252 5507
252 7263
253 766
253 1073
253 3190
254 346
255 301
255 420
255 480
255 1027
255 3491
256 529
256 3707
257 408
257 847
257 1412
257 7023
258 549
258 705
258 1334
259 923
259 1326
260 483
260 874
260 8453
261 712
262 4107
262 8266
263 1694
263 3002
264 293
264 499
264 3626
264 4439
264 5820
265 354
265 2866
266 340
266 344
266 3328
266 3962
267 351
267 401
267 709
267 1482
267 4943
267 5824
268 278
268 302
268 305
268 399
268 538
268 2554
268 3091
268 3776
268 4270
269 809
269 1603
270 516
270 947
270 3901
271 1077
271 6669
272 9457
272 9516
273 434
273 758
273 1324
274 1032
274 2637
274 7874
275 1852
275 1998
276 1775
277 279
277 296
277 539
277 695
277 1319
277 1492
277 2143
278 457
278 785
279 745
279 986
279 2089
279 3673
279 6014
279 6017
280 378
280 397
280 442
280 851
280 1991
280 5379
281 537
282 352
282 573
282 1005
282 2832
282 3688
282 4050
282 7098
283 824
284 350
284 3178
285 311
285 1006
285 1460
285 2698
285 3245
285 4918
286 598
286 667
286 754
286 1076
286 2228
286 6337
287 407
287 423
287 1442
287 2141
287 3971
287 4813
288 2092
288 3111
288 6219
289 291
289 329
289 1239
290 693
290 6386
291 832
291 1771
291 4350
292 780
292 1350
292 5503
292 5530
293 1773
293 3230
293 6207
294 367
294 1180
295 395
295 426
295 493
295 1236
296 381
296 7446
297 452
297 1959
298 488
298 655
298 1701
298 5914
299 7704
300 1767
300 2951
301 548
301 763
301 1056
301 1690
301 5788
302 1424
302 2629
302 7172
302 8009
303 2611
303 6078
303 6834
304 774
304 3887
305 448
305 3279
305 4375
305 4457
305 7059
306 1095
306 4323
307 5762
307 9067
308 661
309 321
309 387
309 460
309 557
309 1207
309 3114
309 6821
310 383
310 418
310 1112
310 3370
310 6938
311 366
311 1071
311 3234
312 2602
313 4023
313 6119
313 6900
314 626
314 905
314 6606
314 7500
315 379
316 402
316 509
316 1924
317 6580
317 6619
318 1555
318 2239
318 2795
318 3030
319 365
319 501
319 534
319 659
319 708
319 751
319 2316
319 3163
319 5476
321 1619
321 2464
321 3426
321 4463
321 5667
321 8439
321 8769
322 1315
322 1371
322 2650
322 6554
323 779
324 6233
325 4847
326 845
326 8750
327 722
327 1044
327 1206
327 1359
327 1479
327 4441
327 6456
327 9281
328 600
328 1272
328 3034
328 6117
329 4414
330 3453
330 7566
331 1637
332 522
332 1765
332 5243
332 8610
332 8928
333 1432
333 1781
333 2498
333 4094
335 833
335 1082
335 5752
336 867
336 2985
336 3309
336 6504
337 1861
337 4151
338 1600
338 2180
338 6280
338 7229
339 782
339 1697
339 2208
339 2702
339 8176
340 633
340 1170
340 3107
340 4220
341 416
341 2085
341 4115
342 613
342 869
342 1014
342 3236
343 355
343 579
343 865
343 1308
343 4008
343 5887
344 1204
344 1231
344 1301
344 5265
344 7041
345 1901
346 910
347 1760
347 2155
347 9528
347 9776
348 540
348 1155
348 1768
348 6891
349 1695
349 9316
350 675
350 1528
350 2121
350 4167
351 1163
352 575
352 7302
353 414
353 1846
354 1881
354 5809
355 614
355 3747
355 6856
355 8482
356 646
356 970
356 1684
356 2170
356 2173
356 2530
356 3382
356 5741
357 2247
357 8121
358 564
358 1341
358 1919
358 2921
359 409
359 2492
360 471
360 1360
360 3056
360 3242
362 370
362 2506
362 4298
362 7393
363 456
363 588
363 1342
364 3891
364 6262
364 7711
365 496
365 1296
366 2195
367 1655
367 2667
368 783
368 1400
368 1601
368 3202
369 913
369 1061
369 2420
369 8957
370 508
370 554
370 4100
371 696
371 1866
371 2994
371 3422
372 740
372 1975
372 2311
372 2335
373 660
373 1154
373 1420
373 9380
374 2673
374 3088
375 2281
376 6416
377 568
377 1190
377 2181
378 2026
378 4246
378 5761
379 612
379 1009
379 1254
379 2282
380 1731
380 3659
380 3915
381 1976
381 9117
382 792
382 934
382 1188
383 2150
383 2688
383 5573
384 919
384 1653
384 5344
384 5698
384 6539
385 618
385 1588
385 1857
385 2619
385 2682
385 5109
386 624
386 718
386 2854
386 4060
387 486
387 2027
388 741
388 1674
388 1926
388 2302
388 7418
389 455
389 886
390 404
390 438
390 1223
391 1537
391 1571
391 2710
391 2988
391 4818
392 440
392 3186
393 1586
393 1843
393 1848
393 1945
394 972
394 1807
395 710
395 1581
395 2366
396 520
396 1718
396 5817
396 6311
396 7369
397 630
397 852
397 3699
397 5300
397 5473
397 5976
397 6985
398 526
398 622
398 1994
398 2625
399 463
399 599
399 816
399 1036
399 3039
399 4221
400 739
400 1063
401 2622
402 446
402 662
402 2444
403 475
403 620
403 2505
403 3773
403 5385
403 5615
404 567
404 637
404 648
404 1745
404 8184
405 965
405 1266
405 3057
406 983
406 1114
406 1622
406 6281
406 6679
406 7862
407 512
407 5399
407 7235
408 2266
408 2585
408 3483
409 474
409 663
409 1662
409 5362
409 7631
410 897
410 1280
410 2130
411 468
411 1511
411 6543
412 3783
412 5272
412 6748
413 2400
413 2564
413 6056
414 756
414 1696
415 517
415 2891
415 6865
416 1543
416 4621
417 1688
417 1756
417 3049
417 3606
417 3978
418 737
418 1519
418 1532
418 2118
419 595
419 877
419 1809
420 636
420 2608
420 5494
421 7754
422 506
422 1687
423 558
423 7735
424 431
424 771
424 805
424 872
424 8417
425 504
425 647
425 1273
425 1467
425 1734
425 2557
425 2705
426 7344
426 9335
428 1267
428 1822
428 8722
429 625
429 674
429 6760
430 1623
431 702
431 841
431 2790
431 3294
433 469
433 502
433 3738
433 4135
434 619
434 960
434 2022
434 5643
435 1101
435 2112
435 4048
437 3502
437 7305
438 443
438 1617
438 1939
438 6240
439 521
439 711
439 1227
440 1295
440 6210
440 6906
441 1508
441 2576
442 8663
443 5807
444 490
444 643
444 725
444 828
444 2443
444 3456
444 4752
445 652
445 4236
445 4625
445 5915
446 7176
447 560
447 571
447 1172
448 498
448 3918
448 5997
449 2254
449 2786
449 2942
449 7796
450 1007
450 1290
450 4373
450 9463
450 9593
451 988
451 1787
451 3058
451 6052
451 7117
453 755
453 957
453 3286
453 5810
454 723
454 1335
454 1462
454 1656
454 4722
454 5636
454 5917
455 5361
456 497
456 989
456 1706
457 694
457 1019
457 8484
458 1671
458 1868
458 3880
458 4207
458 8965
459 825
459 1512
460 565
461 1396
462 559
462 1355
462 1982
462 2490
463 514
463 3143
464 592
464 829
464 995
464 3934
464 4462
464 5584
464 5771
465 1685
465 2712
465 3036
465 4583
465 7508
466 726
466 839
466 904
466 1579
466 6289
467 566
467 1058
467 4429
468 2973
469 770
469 1429
470 530
470 1126
470 4413
470 7926
471 688
471 876
471 3358
471 3917
471 4127
471 6502
472 1673
472 1794
473 476
473 603
473 4906
473 6668
474 1059
475 535
475 853
475 1604
475 6163
476 943
476 3127
476 4153
477 871
477 1611
477 6430
478 491
478 1133
478 1786
478 5043
478 7301
479 862
480 4078
480 6449
481 1057
481 3874
481 4611
482 649
482 1375
482 8725
483 1715
484 698
484 3861
484 5025
485 3713
486 1811
486 4136
487 753
487 1897
487 3896
487 3986
488 543
488 2018
489 546
489 4629
490 650
490 1714
490 8890
490 9747
491 1000
492 2323
493 981
493 1393
493 1703
493 3982
494 796
494 887
494 1686
495 914
495 1593
495 2423
495 3996
496 985
496 2663
498 4092
500 555
500 589
500 1088
500 1568
500 2010
500 4577
501 2948
502 632
502 1008
502 3802
502 5504
503 762
503 3428
504 1635
504 2102
504 2209
505 627
505 1652
505 3506
506 671
506 784
507 541
507 5170
508 900
508 2581
508 6917
509 891
509 1651
509 1935
510 2435
510 2549
510 3137
510 5354
511 4854
513 733
513 8268
514 1874
515 644
515 1158
515 9722
516 3386
516 3630
517 4216
518 544
518 765
518 1150
518 3721
518 5991
519 926
520 581
520 3429
521 1018
521 4640
521 5934
522 9264
523 2000
524 1943
524 2086
524 2162
524 2547
524 5868
524 6688
524 7524
525 605
525 838
525 1830
526 980
526 2283
526 3894
526 7193
526 7940
527 1151
528 682
528 1505
528 4696
528 9010
529 9377
530 1043
530 1050
531 939
531 7917
531 9591
532 590
532 999
532 2470
533 744
533 2798
533 3591
534 7072
535 747
535 3443
535 3549
536 1373
536 2212
537 1403
537 2067
537 3380
537 5670
537 7057
538 1311
538 8689
539 773
539 7019
540 6142
541 6096
541 9636
542 1407
542 1458
542 1722
543 563
543 797
543 1584
543 2372
544 750
545 4502
546 885
546 5422
547 863
547 2484
547 4654
547 4858
547 8569
548 3909
548 5597
548 6090
549 5686
550 893
550 7481
550 8125
551 552
551 585
551 1074
552 1835
553 582
553 2032
553 5058
554 1292
555 3810
555 4945
556 658
556 844
556 1316
556 2649
556 5511
557 883
557 1928
558 842
558 1507
559 577
559 1878
559 7472
560 616
560 996
560 1791
561 1113
561 2612
561 5235
562 591
562 3598
562 6927
562 8764
563 1576
563 1704
563 2119
563 4179
564 743
564 991
565 1389
566 586
566 840
566 3767
567 7505
567 8790
568 1682
568 2450
568 5543
569 3433
569 4185
570 990
570 1886
570 3439
570 3608
571 716
571 1212
571 1633
571 6824
572 1185
572 1698
572 8428
573 621
573 916
573 2676
573 2773
573 3146
574 1404
574 1592
574 4804
574 8403
574 9003
575 1081
575 1450
575 1612
575 3520
576 855
576 3018
576 3291
576 3455
576 7604
577 587
577 597
577 1408
578 3919
579 5858
580 850
580 1270
580 1489
580 2375
580 3033
581 732
581 767
581 1125
582 1890
582 2969
582 9548
583 668
583 686
583 5479
583 7386
584 3558
585 720
585 1023
585 7935
586 2876
586 3108
586 4195
587 666
587 764
587 3539
587 4652
588 1258
588 1283
589 757
589 768
589 4531
589 7598
590 875
590 1120
590 1132
590 2579
590 6896
590 9431
591 608
591 3272
591 3920
591 6215
592 4788
592 6132
593 1026
594 1750
594 2674
594 7810
595 717
595 1284
595 1530
595 2539
596 2056
596 3288
596 3391
596 3689
596 5024
596 8112
596 9356
597 1203
598 690
598 860
598 1741
598 9340
598 9690
599 1418
599 1961
599 1990
599 2808
599 3216
600 615
600 1146
600 1727
600 2260
601 1613
601 2828
601 4634
602 3544
602 8415
603 2147
603 6420
604 1824
604 2630
604 3076
604 4226
605 804
606 639
606 2312
607 1181
608 1663
608 2413
609 677
609 2897
609 3872
609 7950
609 8660
610 1585
610 1708
611 818
611 918
611 1740
611 3350
611 4169
611 4547
612 799
612 6154
614 631
614 5974
615 730
615 2138
615 3495
615 4755
616 760
616 2333
616 6851
617 1423
617 4884
617 6526
618 907
619 2735
619 3191
620 815
620 881
621 1468
621 3580
622 729
622 781
622 868
622 1631
622 6051
623 2493
623 4870
624 1119
624 4530
624 6125
625 4716
625 6841
626 1115
626 1346
626 3819
626 9408
627 854
627 931
627 2083
627 2273
628 641
629 2753
629 5617
629 5828
630 920
630 1720
630 2959
630 5364
630 7046
631 994
631 1367
632 971
632 3130
633 1134
634 791
634 1518
634 3020
634 6094
634 6585
634 8183
635 817
635 3590
635 5171
636 1327
636 2886
636 4193
636 6113
637 1004
637 1175
637 3686
637 4164
637 4677
638 1065
638 3509
638 6654
639 1443
639 4015
639 5555
639 9637
640 2610
640 4581
640 7668
641 3808
641 6791
642 721
642 1618
642 2976
642 3384
642 4506
643 775
643 1967
644 793
644 2160
644 3183
644 7194
645 9324
646 1099
646 1240
647 1357
647 1969
647 2153
647 2843
647 4279
647 5390
648 922
649 1422
649 2124
650 949
650 1124
650 1563
650 6193
651 1823
651 2816
651 3965
652 2275
652 4630
653 1836
653 2163
653 2205
653 3101
653 4911
653 7755
654 1473
654 2729
655 2201
656 4239
656 5389
657 2882
657 3022
657 4409
658 925
658 2924
659 692
659 2306
659 2743
660 749
660 4228
660 6610
662 894
662 1572
662 2873
663 670
663 8715
664 687
666 5248
666 5293
666 7190
666 9603
667 4592
667 5871
668 1064
668 1298
668 1370
669 4418
670 1202
670 2403
671 1060
671 4637
672 5196
672 6734
672 7485
673 969
673 976
673 2234
673 3663
674 2671
674 8888
675 3038
675 7759
675 8186
676 3683
676 6368
676 7275
677 1451
677 1540
677 6903
677 9624
678 2517
678 7137
679 9651
680 2719
680 6134
681 7144
682 4839
683 2523
683 4688
683 9453
684 4248
685 2703
685 5126
686 794
687 902
687 1039
687 2536
687 5920
687 6004
687 8142
688 964
688 1594
688 4148
688 5600
689 1369
690 1068
690 1215
691 1049
691 1716
692 827
692 1670
692 2518
693 1041
693 3115
694 873
694 945
694 5140
695 2046
695 2075
696 884
696 2250
696 2425
696 7055
697 1276
697 5512
698 930
698 3087
699 8122
700 1318
700 1938
700 2114
700 4669
701 1196
701 1587
701 1744
701 2382
702 2337
702 2468
702 2745
702 7640
703 2226
703 5304
704 806
704 4496
704 4900
704 6044
704 6518
705 800
705 1629
705 2139
705 3900
705 7599
706 864
707 807
707 812
707 896
707 997
708 1173
709 3377
709 7272
710 6671
711 1533
711 1648
711 1838
712 801
712 1127
712 5119
712 5547
713 1037
713 4404
714 734
715 1395
716 1322
716 6446
716 6609
716 7574
717 888
717 1343
717 3857
717 4192
717 6367
717 8119
718 1131
718 2318
719 1186
719 1348
719 1427
719 1627
719 3695
719 6479
720 2571
721 1102
722 3714
723 1080
723 3727
723 5238
723 8626
724 1361
724 1413
724 5521
724 5665
726 4020
726 7830
726 8468
727 1665
727 2987
727 9555
728 946
728 1144
728 1388
728 2014
729 786
729 5589
729 6126
729 8140
730 742
731 1979
731 5663
731 8563
732 6674
733 2183
733 2485
733 4973
734 9127
735 777
735 3314
735 9816
736 7611
736 9089
737 1094
737 1933
738 846
738 1550
738 1752
738 2933
738 5007
739 1541
739 1818
739 4200
739 5876
739 6647
739 9470
740 1347
741 1048
741 2168
742 982
742 1021
742 1187
742 4812
742 6174
742 9754
744 1942
744 6432
744 7290
746 1110
746 1918
747 2336
747 6624
748 1569
748 2961
748 7247
748 8467
749 1045
749 1607
749 1841
749 1845
749 2652
749 2741
749 6068
750 2049
750 3368
751 1523
752 3737
752 6739
753 5177
753 5635
754 2461
754 5812
755 1197
756 835
756 2159
756 7514
757 1148
757 1317
757 2037
757 2736
758 3516
758 4769
758 8873
759 1201
759 2213
759 6440
760 1813
760 3866
762 1177
762 1366
762 1815
763 856
763 4785
764 1980
764 3541
765 1795
765 2545
765 3757
765 5874
766 1912
766 8838
767 1356
767 1524
767 4419
767 5040
768 1220
768 2525
768 3385
769 1033
770 1285
770 2809
770 3939
770 6421
771 984
771 4605
772 903
772 908
772 1238
772 1247
772 3882
773 1602
774 820
774 2177
774 5960
774 8219
775 4289
776 1392
776 2091
776 3497
776 4800
776 5591
777 1363
777 1454
777 2950
778 1362
778 1438
778 8953
779 1199
779 1675
779 2481
779 4707
780 1100
780 2821
780 2883
780 8460
781 2299
781 3219
782 787
782 858
782 5180
783 848
783 2194
784 1331
785 1446
785 3936
786 1103
787 790
787 1589
787 2293
787 2294
787 7662
788 1391
788 6475
789 8179
790 3702
791 928
791 3390
791 5135
792 937
792 2755
792 2908
793 5776
794 6811
794 9112
795 3832
798 3081
799 1140
799 2955
799 3464
799 3815
799 4484
800 942
800 1661
801 987
801 2853
801 3524
801 3792
802 1719
803 1559
803 7867
803 8775
804 1139
804 2378
804 9707
805 1035
805 1259
805 9675
806 1121
806 2315
807 948
807 3098
807 3604
807 6226
808 1337
808 1544
808 2526
808 3498
808 8022
808 8349
809 1494
809 2695
809 5739
810 1143
810 1365
810 2338
810 7497
810 8141
811 1182
812 3465
814 1232
814 3466
814 5413
814 6907
814 7439
814 7989
815 3886
815 9553
816 944
816 1430
816 5325
816 7902
817 4628
817 4855
818 1106
818 2593
818 5291
819 4604
819 4895
821 936
821 1084
821 7414
821 9318
823 2452
823 6649
824 2117
824 3062
825 1233
825 2733
825 4921
826 1645
826 2330
826 3514
826 4312
827 3658
827 8960
827 9808
828 1097
828 2520
829 1659
830 3333
830 5313
830 5367
830 6366
831 859
831 1104
832 7866
832 9170
832 9723
833 978
833 1255
833 2482
833 6861
833 8110
835 1382
837 1862
837 4071
838 1693
838 1785
839 1650
839 7103
840 880
840 1549
840 2048
841 1907
842 849
842 1242
842 2717
842 3187
842 4075
842 5435
842 7265
843 7471
844 3507
844 9748
845 3343
845 4931
846 1263
847 2243
847 8496
847 8800
848 1287
848 2140
848 3004
848 8673
850 2975
851 952
851 1349
852 1547
852 3265
852 4128
852 4145
852 9008
853 1640
853 8353
854 4633
855 1091
855 1224
855 1817
855 2872
855 3413
856 898
856 956
856 2658
856 3410
856 8209
857 1229
857 2675
858 9259
859 2458
859 3870
859 7399
860 1159
860 1806
860 3960
861 3320
862 2158
862 4241
863 1877
863 2447
863 7192
865 8732
865 8759
866 1951
866 8647
867 1851
867 5173
867 5769
867 6665
868 1164
868 6299
869 9669
870 2906
870 5162
870 7032
871 1554
871 4010
871 9035
872 1211
872 2762
873 1138
873 1699
873 3129
873 5782
874 1001
874 1129
875 8155
876 5155
876 6770
877 1214
877 6775
877 8100
878 1481
878 3938
879 5394
880 4748
881 5286
881 6397
881 7146
884 901
884 1385
884 1947
885 6491
886 4827
887 1052
887 1804
888 2174
888 2947
889 1161
889 4549
889 8854
890 2805
890 3860
890 4011
890 4477
890 9355
891 3161
891 6641
892 915
892 7368
893 911
893 2204
893 2415
893 4745
894 6712
895 1987
895 2021
895 4231
895 6376
895 7206
896 1672
896 1930
896 2280
896 4584
897 1325
897 1368
898 1261
898 2509
898 4471
898 6024
898 7320
899 950
899 7008
900 4780
900 8893
901 3871
901 6019
901 8719
902 1330
903 2001
903 9711
904 1237
904 1387
904 3680
905 7502
906 1753
906 2583
906 3470
906 3775
906 4031
907 1616
907 2642
908 6001
908 9685
909 1847
909 1965
909 1978
909 6741
909 7725
910 3423
910 4623
910 6544
911 2110
911 2877
911 3209
911 3364
911 3780
914 6757
915 2559
915 5188
916 2487
916 2978
916 5295
917 4738
917 8081
918 4118
919 1281
919 2402
919 7473
919 8699
920 1241
920 1793
920 9755
921 1984
921 2332
921 3135
922 963
922 1831
923 2373
923 3055
923 3789
925 1153
925 3303
925 5239
926 1303
927 1993
927 3400
928 4658
929 1873
929 9619
930 1234
930 1954
931 9180
932 5835
933 2331
934 4268
935 3006
936 3724
936 3925
936 7583
937 974
937 1003
937 1723
937 2030
937 3877
937 4985
938 2772
938 4328
939 2685
940 1205
940 2633
940 4103
940 7451
942 1122
942 2023
942 2178
943 2552
943 7957
944 3583
944 8103
945 1445
946 1244
946 2964
946 4596
946 5873
947 1425
948 1105
948 2979
949 1567
950 1221
950 2090
950 5478
950 7976
951 1174
951 2129
951 3452
951 7602
952 1087
953 1474
953 3083
953 4962
954 9610
955 2161
956 2968
956 5789
957 1200
957 1486
957 9032
958 1176
958 1802
958 4133
960 977
960 1320
960 1630
960 4807
960 5464
961 9210
962 1801
962 4710
963 2285
963 9372
964 2028
964 2274
964 2582
964 2995
964 4772
965 3677
966 2210
967 1294
967 1501
967 2888
967 3656
968 2587
968 3748
968 7512
969 1300
969 8860
970 1480
970 3223
970 7287
970 7909
971 3845
971 7352
972 3118
972 7048
973 1013
973 1249
974 2326
974 2739
974 4952
975 1354
975 2905
975 4933
975 4961
975 5336
976 5443
977 1243
977 1268
977 2641
977 5012
978 1463
978 3340
978 4385
979 1256
979 2754
979 3120
979 4963
979 8261
980 2626
980 2887
980 8425
981 1345
981 1632
981 1700
981 5545
982 2352
982 2926
982 6919
983 1401
983 3235
983 5747
984 2980
985 1351
985 1812
985 7151
986 1498
986 1997
986 2179
986 2672
986 5408
987 1028
987 1193
988 3268
990 1123
990 1487
990 1598
990 1977
990 2804
991 1078
991 4138
991 4719
991 8138
991 9631
992 1022
992 2694
993 1210
993 2664
993 6773
993 8600
994 2354
994 2524
994 5258
994 9386
995 2647
996 1455
996 2313
996 3372
996 3459
997 1915
997 4117
997 6303
998 1433
998 5434
999 5935
1000 3430
1000 4369
1000 4568
1000 5149
1001 1944
1002 2483
1002 2764
1003 1278
1003 2807
1003 9801
1004 1657
1004 4960
1005 7216
1005 8580
1006 1428
1007 1499
1008 1042
1008 1816
1009 2024
1009 6465
1010 1066
1010 1378
1010 2802
1010 3538
1010 3561
1010 5185
1011 1092
1011 1517
1011 1710
1012 6522
1013 5878
1014 1017
1014 1302
1015 1405
1015 1624
1015 2278
1015 6478
1016 2744
1016 3269
1016 4452
1017 1117
1017 1626
1018 1038
1018 3361
1018 8887
1019 1596
1020 1564
1020 1814
1020 2304
1020 3553
1021 1208
1021 5755
1022 1535
1023 2156
1023 5289
1023 9525
1024 1167
1024 1291
1024 1762
1024 2190
1024 7324
1025 2347
1026 1109
1026 8310
1029 6404
1030 2519
1030 6294
1032 8507
1033 1828
1033 2963
1034 3297
1035 2047
1035 2956
1036 2132
1036 3798
1036 4428
1036 8000
1037 1098
1037 4947
1037 5084
1037 5415
1037 6847
1038 3587
1038 5164
1039 1471
1039 3013
1040 1219
1040 1644
1040 3205
1040 5710
1041 2063
1041 3735
1041 7553
1042 4109
1043 1179
1043 2480
1043 3249
1044 1780
1044 3103
1045 1062
1045 5984
1046 3016
1046 4697
1046 5955
1046 6608
1048 1597
1048 8073
1049 1453
1050 1864
1051 5075
1051 7291
1051 8742
1052 1614
1052 6221
1052 9027
1053 3201
1053 3482
1053 6507
1054 1136
1054 1286
1054 3416
1054 5890
1055 1504
1055 7380
1056 1496
1056 4004
1056 4886
1057 1178
1058 1374
1058 1449
1058 4058
1059 2346
1059 3572
1060 9596
1061 1440
1061 1642
1061 3295
1061 4600
1061 4861
1062 9632
1063 1116
1064 6686
1065 1891
1065 2831
1066 5899
1066 6473
1068 1566
1068 7323
1069 2758
1069 8765
1070 2245
1070 5465
1071 1536
1072 1476
1073 1169
1073 5165
1075 1192
1075 9100
1076 4007
1076 7430
1077 7371
1078 4306
1079 1725
1079 6788
1079 9656
1080 2838
1081 2689
1081 7372
1081 9389
1082 9177
1083 1573
1083 5294
1083 8282
1084 1339
1084 1946
1084 2718
1084 4591
1085 1478
1085 2217
1086 3099
1086 3144
1086 4702
1087 3806
1087 5062
1089 3136
1089 5182
1090 1152
1090 1383
1090 5087
1090 9682
1092 5433
1092 9775
1093 2128
1093 7577
1094 1470
1095 1111
1095 1165
1095 1252
1095 5227
1096 3501
1097 6045
1098 3148
1098 7489
1099 1966
1099 3042
1100 3047
1100 9691
1101 1225
1102 5848
1102 9144
1103 4632
1104 1260
1104 2175
1104 2818
1104 3586
1104 6573
1105 8827
1106 1717
1106 4292
1106 5315
1107 4885
1107 5649
1107 6141
1107 7756
1108 2355
1109 1130
1109 8574
1110 1456
1110 1872
1110 2182
1110 3852
1111 1495
1111 4779
1111 9145
1112 1772
1112 5077
1113 1251
1113 1275
1113 1288
1113 1654
1114 1911
1114 2099
1114 4974
1115 3104
1116 4691
1116 4695
1117 2123
1117 8367
1118 2068
1118 3955
1118 4383
1119 1228
1119 1358
1120 8190
1121 3649
1121 3751
1121 5704
1122 5953
1122 7797
1125 1194
1125 2157
1125 5406
1127 2229
1129 1156
1131 1313
1131 3109
1132 2137
1132 2609
1132 4081
1133 5419
1133 5827
1134 2983
1135 4473
1135 4801
1135 4875
1135 9786
1136 1548
1136 2268
1136 6461
1137 1867
1137 2107
1137 3032
1138 1329
1138 1742
1139 1575
1139 3758
1139 5818
1139 6564
1139 6873
1139 9375
1140 1262
1140 1538
1140 2008
1140 4896
1141 1444
1141 5343
1141 5646
1142 1736
1142 3722
1142 3853
1143 1546
1143 4290
1144 1679
1144 2043
1144 5307
1145 1459
1145 7079
1146 3133
1146 3267
1146 6639
1147 1184
1148 2310
1148 7243
1149 2495
1149 2511
1149 3399
1151 1166
1152 6795
1153 1304
1153 3381
1153 4996
1153 7918
1154 1364
1154 5765
1154 6574
1155 1216
1155 2558
1156 1253
1156 4273
1156 4808
1156 7465
1156 9046
1156 9512
1156 9564
1157 1198
1157 1376
1157 2528
1157 4358
1158 1377
1158 9258
1159 1437
1159 4475
1159 7147
1160 1168
1160 3117
1161 2103
1161 2448
1161 3244
1161 3487
1161 7250
1162 1739
1162 8648
1163 1312
1163 7872
1164 2666
1164 5681
1164 9520
1165 2529
1167 2479
1168 3247
1168 9803
1169 3435
1170 6737
1171 4656
1171 8545
1171 8951
1172 2910
1172 3237
1173 1209
1173 1952
1173 3284
1174 2592
1174 3254
1174 4433
1174 7221
1175 1647
1177 1183
1177 2289
1178 1493
1179 1410
1179 9420
1180 1399
1180 1436
1180 1464
1180 1558
1180 2108
1180 3017
1180 3635
1183 1737
1184 1230
1184 1415
1184 2395
1186 2624
1187 1996
1187 5404
1188 1948
1188 1958
1188 4311
1188 5018
1188 5940
1188 7959
1189 6244
1190 2837
1192 2142
1192 3451
1192 5428
1192 5860
1193 1448
1193 1917
1193 2653
1194 3888
1195 1485
1195 1920
1195 5199
1196 2779
1196 5445
1197 8128
1199 1218
1199 2760
1199 3304
1199 5210
1199 5225
1200 1248
1200 5013
1202 1500
1202 1551
1202 6823
1203 2176
1203 2869
1203 4646
1203 6537
1203 7890
1203 9560
1203 9807
1204 1983
1204 7445
1205 4244
1205 5904
1205 7078
1206 1484
1206 1583
1206 1638
1207 1721
1207 2562
1208 2165
1208 4116
1208 5466
1209 5552
1209 6731
1210 2516
1210 2909
1211 1475
1211 1922
1211 1956
1211 4393
1211 4639
1211 8019
1212 6184
1212 6462
1213 1664
1213 5505
1214 3203
1216 2407
1216 3519
1216 4063
1216 7758
1216 8583
1217 1858
1218 2533
1218 2836
1219 5319
1219 5472
1219 7297
1219 8575
1220 1805
1221 1314
1221 2881
1221 2911
1222 1515
1223 1887
1223 5308
1224 1257
1224 2087
1224 3210
1225 1353
1225 1439
1225 1797
1225 2353
1225 2925
1225 7964
1226 2801
1226 2885
1226 5357
1226 5781
1226 8305
1229 2960
1229 3408
1229 3968
1230 2711
1230 3212
1230 8185
1231 4074
1232 3554
1232 4811
1232 6104
1232 8130
1233 1426
1233 8213
1235 4315
1236 1560
1236 3059
1236 4575
1237 1599
1237 2062
1237 3353
1237 3427
1237 7869
1237 9689
1238 2106
1239 1310
1239 2069
1239 5804
1240 1526
1240 6637
1240 9311
1241 1269
1241 1522
1241 2349
1242 1910
1242 4544
1244 8148
1245 3113
1245 9397
1246 1643
1247 5143
1247 5245
1248 4995
1249 3547
1249 8004
1249 9739
1251 4815
1252 9726
1253 1636
1253 8831
1254 1888
1254 6230
1255 1506
1255 4937
1255 5908
1255 8920
1256 3990
1257 3092
1257 7016
1258 5281
1259 5484
1259 5567
1260 2879
1261 7883
1261 9339
1263 4662
1264 1574
1264 3781
1265 4450
1265 5579
1265 8661
1266 3826
1267 4479
1268 2200
1268 8541
1269 1529
1269 4224
1269 5678
1269 8319
1270 2782
1270 4567
1272 1649
1272 2542
1272 9552
1273 5181
1274 2096
1275 1386
1275 1778
1275 3569
1277 1305
1277 2596
1277 3215
1277 4142
1277 4817
1278 1379
1279 6493
1280 2726
1281 1384
1281 1483
1281 5206
1281 5285
1282 4227
1285 3026
1285 4047
1287 1289
1287 8123
1288 1660
1289 2307
1290 1865
1291 1615
1291 3085
1291 6385
1291 8625
1292 5254
1293 1435
1294 1394
1294 3243
1298 2148
1298 3126
1299 4799
1301 2442
1301 3164
1302 4391
1302 5938
1302 7856
1303 4917
1303 8799
1304 2249
1304 2823
1306 2376
1306 4897
1307 2599
1307 4156
1308 1916
1308 2098
1308 8596
1310 2814
1310 2935
1310 6887
1311 1328
1311 4080
1312 2615
1312 3612
1312 6032
1314 2827
1314 8619
1316 1929
1316 2640
1317 3040
1317 5106
1317 5284
1317 5994
1317 6664
1317 7104
1317 9620
1318 2449
1318 5345
1318 5401
1318 8749
1319 2621
1319 4256
1320 1521
1320 9151
1321 1469
1321 2397
1322 1503
1322 3627
1322 5501
1323 8315
1324 1570
1324 1580
1324 1582
1324 1605
1324 2258
1324 4102
1324 7953
1325 3070
1325 7348
1326 3839
1326 4613
1326 4991
1326 6263
1326 7653
1328 1746
1328 2223
1328 2421
1328 5912
1328 8880
1329 6599
1331 3932
1332 3973
1333 5312
1335 1776
1336 2113
1337 1748
1337 2707
1337 3052
1338 2861
1339 3227
1339 5590
1339 6071
1341 1972
1342 2045
1343 1406
1343 2084
1343 6799
1346 3732
1346 4126
1346 4165
1347 3425
1349 2721
1351 2263
1352 2125
1352 8032
1353 1497
1354 3660
1355 2417
1355 2787
1356 4825
1356 5115
1356 6930
1356 9584
1357 3069
1357 9640
1359 1892
1360 3651
1360 6070
1360 6098
1361 4147
1362 9220
1364 3184
1365 1381
1365 1461
1365 1729
1365 1799
1365 2848
1365 7561
1366 4617
1366 5259
1366 8587
1366 9414
1367 6888
1368 4222
1368 9387
1369 3044
1370 2038
1370 2384
1371 1419
1371 1763
1371 2722
1371 5995
1371 8200
1372 2189
1373 8029
1374 1678
1374 2324
1375 2094
1375 4012
1377 2109
1377 2486
1378 2082
1380 1620
1380 1726
1381 1800
1381 2826
1381 4051
1381 4760
1382 2259
1382 2819
1382 3950
1382 7159
1382 7350
1383 2475
1384 3071
1385 6355
1387 2588
1387 3231
1388 2914
1389 5216
1390 2390
1390 5305
1390 6774
1391 5654
1391 7605
1391 8113
1392 3012
1392 5410
1393 1634
1393 3769
1393 4108
1393 5335
1395 3859
1395 5718
1396 2171
1396 9769
1398 2812
1398 3323
1399 1777
1399 2042
1399 2216
1399 2388
1399 4445
1399 6895
1399 7723
1399 9382
1401 2393
1401 2800
1402 2012
1403 2851
1403 4124
1404 1692
1405 1539
1405 1853
1405 3733
1406 3132
1406 4500
1407 2222
1407 5429
1407 5602
1407 6980
1407 8892
1408 1452
1409 5232
1411 1606
1412 2919
1413 4742
1413 8679
1415 2145
1415 4580
1416 9080
1417 1457
1417 2434
1417 3233
1417 3325
1418 2232
1418 5425
1419 1709
1419 5339
1420 6988
1421 3063
1421 7064
1421 9072
1422 1578
1422 3378
1422 5645
1423 2499
1423 3548
1423 4381
1423 5981
1424 3185
1424 4247
1425 2451
1425 2627
1426 3290
1426 6565
1427 6904
1427 7455
1428 1516
1428 1691
1428 6060
1428 6603
1429 4984
1429 8940
1430 3369
1431 1625
1431 3728
1431 4670
1431 5937
1432 1531
1433 1527
1433 2367
1433 3388
1433 4252
1434 1591
1434 3436
1434 5509
1435 1668
1436 2358
1436 2852
1436 6844
1436 9342
1437 6591
1438 4829
1438 7423
1438 8791
1439 1950
1440 4474
1440 5942
1441 2144
1441 2404
1441 3218
1442 2154
1442 8423
1443 2036
1443 2078
1443 5702
1446 1893
1446 1968
1446 2295
1446 8328
1447 2016
1447 3116
1447 6357
1447 7981
1449 2218
1449 3053
1449 3581
1449 7276
1450 1488
1450 3270
1450 5816
1451 1820
1451 3644
1453 4585
1454 3424
1455 5224
1455 7444
1456 5316
1456 7894
1457 2433
1457 3560
1457 6470
1458 1534
1458 1937
1459 3229
1460 1502
1460 3698
1460 5391
1461 1510
1462 2003
1462 3258
1462 6271
1463 2066
1463 2503
1464 2632
1465 6203
1466 1790
1466 4724
1466 6300
1467 1491
1469 1509
1469 2052
1469 4061
1469 5260
1470 4775
1470 5898
1470 7396
1471 5808
1472 1490
1472 3166
1473 2348
1473 4341
1474 2364
1474 4627
1476 2679
1476 3816
1476 4916
1477 3740
1477 4387
1477 6969
1477 7495
1477 9007
1478 4997
1479 2398
1480 1520
1480 1895
1480 7476
1480 7747
1480 8313
1480 9733
1481 1542
1481 4806
1481 6672
1482 2261
1482 3365
1483 1733
1483 4561
1484 6979
1485 2319
1485 4998
1486 1792
1486 9205
1487 3345
1487 9783
1488 3393
1489 6598
1490 7915
1491 8337
1492 1925
1492 2214
1492 2858
1492 4890
1493 5480
1494 2296
1494 2405
1494 2863
1494 7222
1494 7891
1495 1896
1495 2896
1495 4084
1496 3669
1497 2491
1498 2385
1498 3655
1499 6973
1500 4565
1500 6107
1501 1514
1501 2966
1502 4741
1503 1821
1503 3716
1504 2446
1505 4065
1505 5921
1506 5838
1507 1711
1507 2059
1507 3664
1508 1902
1508 2681
1508 3838
1509 2467
1509 3461
1510 1923
1510 2394
1511 1545
1511 2005
1512 6890
1514 2235
1514 3921
1515 1577
1515 2002
1515 2220
1515 3402
1516 1908
1516 2691
1516 3741
1517 2438
1517 5754
1517 7432
1518 1854
1518 3334
1519 2339
1519 8964
1520 3768
1521 4774
1521 5563
1521 8091
1522 3110
1522 4384
1522 8065
1523 4018
1523 5703
1526 4766
1526 5558
1527 9360
1528 6970
1528 7819
1528 9091
1530 4776
1531 1610
1531 3772
1531 7374
1532 1904
1532 2211
1532 2500
1532 3525
1532 3674
1532 4218
1532 4447
1533 4134
1536 2191
1536 2345
1536 2595
1537 9531
1538 1833
1538 5829
1539 5683
1539 6265
1540 2763
1540 5072
1540 6884
1541 3158
1541 9085
1542 3574
1543 2034
1544 3442
1545 2081
1548 2051
1548 3336
1548 3944
1549 2810
1549 4249
1550 1971
1550 5176
1551 1898
1551 4950
1551 5854
1552 2166
1552 3075
1552 3125
1552 4552
1552 9181
1553 2359
1553 7204
1554 3760
1554 8070
1554 8459
1556 2009
1557 2055
1557 3472
1557 3508
1558 2408
1558 4469
1558 9466
1558 9542
1558 9571
1559 6621
1559 7905
1561 7419
1561 8196
1562 3542
1562 4978
1562 7148
1563 1927
1563 2079
1563 3357
1564 7140
1565 1646
1566 2044
1566 7844
1566 7888
1566 7985
1566 8763
1567 8844
1568 1953
1568 7249
1568 7496
1568 9063
1569 2238
1569 2343
1569 4558
1569 5966
1569 7150
1571 4512
1571 5757
1572 1595
1572 1900
1573 3998
1574 1683
1575 5805
1575 5947
1576 5402
1577 2350
1577 4935
1578 2546
1578 3162
1578 6066
1579 1782
1579 3134
1579 4125
1579 4326
1579 4883
1580 1808
1580 2709
1580 6442
1581 9051
1582 1955
1583 1921
1584 1759
1584 2662
1586 5337
1587 1641
1587 2785
1588 2017
1588 6179
1589 2351
1589 8449
1590 6047
1591 3307
1591 7570
1592 4845
1592 6818
1592 7102
1593 3280
1594 9174
1595 2279
1597 2225
1597 2759
1597 6758
1598 2659
1599 2634
1599 3405
1599 4488
1599 6148
1600 1712
1600 3761
1601 5147
1601 7781
1602 3300
1603 7123
1604 1949
1605 2613
1605 2945
1605 3985
1605 4507
1606 3266
1607 1676
1607 3337
1608 2460
1609 3200
1609 4773
1610 4335
1610 7576
1610 8897
1611 4425
1612 6820
1612 9246
1613 2039
1613 2344
1614 2940
1615 1964
1615 3867
1617 4616
1617 7562
1617 9510
1618 1981
1619 2768
1619 2923
1619 3169
1619 3822
1619 6778
1620 2570
1620 7134
1620 8028
1624 2992
1624 3791
1625 4324
1625 6089
1626 1764
1626 3359
1627 5971
1629 3035
1629 6007
1629 7346
1630 1707
1630 2328
1630 2991
1631 2550
1631 3469
1631 3844
1634 3531
1636 2320
1637 4631
1637 5618
1639 1766
1639 3588
1639 4243
1640 4612
1641 2929
1641 4835
1642 1875
1642 2368
1642 6188
1642 7592
1643 6458
1644 1819
1644 2867
1644 5822
1645 1940
1645 2270
1645 3719
1645 9323
1646 4006
1649 6974
1649 6999
1649 7127
1650 1859
1651 3653
1651 6874
1651 7170
1651 9173
1652 1999
1652 4912
1652 7087
1653 1755
1653 2660
1653 3623
1653 4001
1653 7082
1654 3097
1655 1732
1655 1985
1655 3315
1655 3883
1655 4693
1656 1743
1656 2508
1656 6261
1656 8456
1656 8549
1658 2244
1658 2833
1658 4573
1658 5791
1658 9235
1660 4182
1660 6190
1660 7652
1661 3222
1661 9073
1663 1803
1663 3573
1664 5061
1665 5644
1665 9506
1666 7730
1667 5926
1667 9558
1668 3829
1669 3624
1669 9065
1670 1757
1672 5037
1673 2342
1673 2917
1674 4257
1674 8478
1675 3703
1675 7011
1675 8168
1676 3851
1677 8046
1680 2031
1682 5660
1683 2072
1683 2188
1683 2569
1683 3154
1683 5797
1684 2890
1684 4032
1684 9551
1685 1856
1685 2122
1685 2308
1685 5959
1686 2441
1686 7785
1687 7724
1688 1826
1688 2152
1689 2472
1690 3239
1690 6139
1691 6783
1692 4713
1693 2383
1693 2430
1693 3312
1693 4490
1694 2410
1694 5936
1695 2668
1695 3708
1695 4648
1695 5008
1695 6808
1696 8131
1697 3993
1698 2097
1698 4744
1698 7438
1702 2501
1702 4034
1703 3349
1705 2248
1705 2892
1705 3066
1705 6590
1706 1761
1706 2196
1706 2197
1706 3991
1707 2958
1707 5103
1709 1906
1709 1974
1709 2775
1709 4188
1709 5901
1710 2327
1710 6341
1711 3641
1711 8531
1712 4513
1712 4948
1712 6521
1712 9625
1713 3840
1713 5840
1713 6206
1714 5784
1715 3910
1715 4737
1716 9566
1717 5687
1717 8899
1718 1774
1718 7825
1718 8943
1719 1914
1719 2904
1719 3182
1719 7119
1720 2276
1720 2756
1721 4682
1722 7115
1723 2543
1723 3296
1725 1730
1725 1837
1725 4882
1725 5257
1725 6940
1726 2794
1726 2952
1727 3979
1727 5657
1729 2972
1729 8443
1730 2532
1731 3068
1731 7608
1733 1783
1733 4411
1733 6638
1734 9440
1735 2751
1735 3652
1735 7136
1735 7586
1736 1769
1736 5518
1737 7533
1739 2406
1739 6588
1739 7443
1740 2131
1741 2284
1741 3241
1741 3953
1741 7044
1742 4557
1742 9126
1743 5515
1745 4282
1745 4403
1745 7565
1746 2286
1746 6074
1747 5537
1748 1855
1748 2880
1748 3835
1749 3167
1751 2264
1752 1876
1752 5885
1753 3484
1754 4733
1754 5910
1756 3518
1756 3821
1756 4518
1758 2512
1758 4887
1758 6081
1759 2928
1759 4822
1759 6118
1759 9069
1760 2567
1760 2934
1761 2061
1761 3527
1761 6711
1762 1834
1762 8598
1763 2419
1763 4261
1764 2325
1764 2915
1765 4922
1766 3028
1767 2187
1767 5875
1767 7584
1768 4181
1768 4388
1768 8379
1769 8240
1770 3685
1770 4354
1770 9427
1771 1810
1771 7013
1772 3620
1772 4396
1772 5767
1773 4675
1773 9622
1774 1986
1775 2654
1777 5352
1777 5411
1777 5519
1777 7850
1778 2643
1778 3124
1778 9191
1780 2054
1780 8997
1781 6079
1782 3046
1782 5032
1783 2522
1784 5360
1784 5609
1785 2932
1785 2981
1785 5033
1786 2690
1786 2953
1786 6870
1787 1788
1787 2732
1788 7589
1789 2126
1789 3897
1789 5444
1789 8872
1792 2788
1793 3373
1793 4685
1793 8878
1794 1931
1794 4589
1794 5019
1794 6011
1795 2431
1795 5266
1796 2064
1798 2246
1798 4346
1799 6199
1799 7434
1800 3904
1802 2025
1802 4546
1802 7526
1803 2219
1804 2100
1804 5274
1804 5987
1804 7168
1804 7718
1805 2040
1805 2184
1805 2513
1805 3557
1806 7628
1806 8528
1807 2907
1807 3419
1808 3105
1808 3959
1809 3551
1809 8047
1809 9078
1810 2560
1810 2830
1810 3577
1810 6942
1811 2007
1811 2544
1811 2584
1811 5446
1812 6746
1812 8638
1812 9444
1813 2230
1813 2510
1814 1936
1814 6218
1814 7391
1814 8894
1815 3394
1815 5005
1816 3397
1818 2227
1818 2946
1818 5894
1818 8218
1819 3602
1819 4514
1820 8613
1820 9219
1821 2455
1821 3496
1821 5068
1823 3257
1823 4680
1823 7233
1824 6721
1824 7175
1826 3420
1826 4442
1826 4846
1826 6225
1827 8738
1828 2875
1828 7832
1829 6656
1833 2363
1834 2553
1834 4880
1834 5017
1835 8780
1836 2215
1836 2456
1837 7217
1838 2374
1838 5331
1838 5941
1840 2272
1840 2590
1840 9391
1841 1941
1841 4089
1841 6833
1842 2322
1843 3112
1844 4325
1845 4830
1845 7360
1846 3014
1847 2340
1848 2193
1851 1883
1851 2058
1852 2862
1852 6211
1854 3448
1854 5801
1856 2369
1856 2889
1856 6989
1856 7036
1857 4026
1857 4330
1857 6256
1857 7313
1857 7833
1860 2065
1860 2473
1862 2186
1862 4666
1862 5157
1862 6487
1864 2301
1864 2893
1864 5977
1864 6815
1866 1869
1866 3567
1866 5588
1866 7203
1867 3678
1867 4321
1868 2029
1868 2842
1868 8351
1869 3122
1870 7289
1870 8564
1871 2534
1871 2714
1871 6167
1872 2696
1872 2937
1872 3356
1872 4105
1872 4492
1872 4643
1872 4689
1873 4609
1874 4316
1874 6855
1875 2767
1876 2692
1877 2115
1877 3625
1877 8372
1877 8881
1878 4668
1878 7941
1878 8066
1879 7975
1880 1882
1880 2134
1880 2648
1880 3999
1881 1970
1881 4168
1881 5392
1882 2111
1883 3073
1883 7639
1884 3974
1885 4129
1886 7097
1888 2362
1888 3575
1888 3687
1888 5420
1889 1988
1891 2601
1891 6825
1892 4090
1892 6030
1893 7092
1893 7359
1894 5236
1894 5531
1894 5627
1894 8850
1895 3881
1896 2105
1896 3665
1897 3842
1897 4101
1897 4730
1898 2053
1899 8683
1900 4795
1901 1963
1903 8275
1904 1973
1904 4864
1904 6028
1904 6343
1906 2765
1906 4987
1906 5498
1907 5320
1907 7158
1908 3152
1908 9687
1910 2504
1911 7824
1912 2242
1912 7798
1912 8129
1914 3363
1916 2291
1916 3654
1917 3194
1917 3434
1917 3811
1917 8235
1918 5846
1920 2041
1920 5279
1920 6738
1922 3855
1922 7788
1923 2548
1923 2970
1923 9299
1925 3983
1925 5535
1925 7842
1926 3150
1926 6305
1926 9254
1928 7954
1929 1934
1929 2391
1929 4686
1930 3876
1930 3987
1931 2697
1931 5562
1932 2172
1933 8497
1934 5763
1934 9366
1936 4837
1936 6548
1938 1957
1938 2361
1938 5117
1939 2074
1939 2199
1939 8950
1940 3568
1940 8137
1940 9810
1941 4569
1941 8038
1942 2424
1942 4539
1942 9302
1943 2454
1943 6755
1944 6831
1945 4619
1945 6790
1946 2004
1946 3276
1946 3599
1946 3793
1946 6994
1947 2076
1947 5275
1948 4319
1948 6709
1949 5750
1949 6911
1950 2300
1950 2824
1950 5252
1951 3329
1951 3930
1951 5186
1952 5397
1953 3784
1953 9236
1955 2462
1956 5030
1956 6515
1957 6109
1958 2771
1958 3785
1959 2203
1959 2780
1959 4455
1959 5151
1961 2224
1961 6291
1962 2365
1962 2783
1962 4183
1963 9452
1964 4022
1965 3418
1966 5327
1966 5864
1967 2241
1967 2257
1967 8260
1969 4049
1970 3100
1971 7582
1972 3310
1973 6195
1976 2761
1977 5193
1978 5514
1978 6934
1979 3771
1980 3159
1981 3603
1981 3946
1982 9666
1983 2136
1983 2321
1983 6129
1983 7581
1984 2377
1984 4793
1986 4430
1986 4709
1988 2670
1988 6354
1988 7745
1989 3764
1989 5156
1989 9096
1990 5993
1990 9540
1991 8040
1992 6551
1993 2093
1993 3065
1993 5375
1993 8006
1993 8201
1993 8746
1994 2334
1994 4410
1994 8414
1997 2013
1997 4072
1998 2496
1998 6692
1999 2453
1999 3988
1999 7342
2000 2167
2000 2469
2000 8752
2001 3172
2003 8628
2004 2655
2004 3820
2004 4781
2004 5221
2005 2555
2005 2971
2006 6628
2006 6642
2007 4481
2007 7308
2008 8636
2009 2231
2009 5194
2009 7983
2010 3139
2010 3638
2010 4113
2011 4299
2011 4635
2012 3027
2012 3050
2012 5309
2012 5642
2012 8714
2013 2440
2014 3818
2014 7105
2016 2791
2016 3995
2017 2287
2017 2903
2018 8876
2019 2050
2019 3841
2019 7956
2020 2151
2020 2317
2020 7789
2021 3293
2022 3850
2022 6640
2024 6495
2024 8874
2025 3492
2025 6275
2026 2618
2027 2922
2028 5034
2028 5207
2028 9116
2029 2738
2029 2806
2029 8332
2030 2792
2031 9611
2032 3745
2032 3746
2032 4054
2033 4692
2034 7406
2035 2614
2035 3700
2036 5481
2036 8812
2036 9242
2037 2381
2037 2967
2037 3668
2037 4003
2038 3885
2039 6913
2040 4329
2040 7919
2041 4064
2042 2616
2043 2977
2043 2999
2043 5288
2044 3261
2044 6326
2044 7121
2045 3742
2047 8863
2049 2817
2049 6961
2052 4603
2052 5856
2053 9245
2053 9734
2054 3647
2055 4204
2056 2577
2056 2815
2057 4154
2058 5628
2058 7900
2060 2895
2060 3001
2060 8562
2061 2868
2061 4281
2061 4593
2062 2488
2062 8843
2063 2399
2063 5426
2063 5662
2063 8729
2064 2706
2066 2149
2066 3566
2066 7201
2067 2603
2067 7606
2068 3198
2068 8555
2069 4161
2069 9016
2070 2563
2070 2944
2070 7182
2071 3193
2071 5125
2072 2825
2073 6459
2074 2514
2074 3863
2075 4053
2075 8868
2076 7197
2077 2540
2077 4431
2077 8025
2078 6702
2078 7387
2082 2221
2082 3718
2083 6159
2084 2638
2084 3555
2086 6614
2088 9567
2089 2502
2089 3225
2093 9756
2095 2445
2095 4265
2096 2256
2097 3797
2097 6201
2098 8745
2100 2437
2100 5132
2101 5431
2102 7555
2103 2237
2103 2855
2105 7080
2106 2730
2108 6666
2108 6965
2109 2277
2109 3512
2109 6315
2109 7779
2111 6648
2111 8753
2111 9724
2112 3739
2112 6114
2113 3064
2113 3513
2113 3787
2115 2731
2115 3173
2115 4563
2116 5146
2117 8806
2119 3989
2120 2198
2121 3774
2121 4076
2121 4570
2122 6786
2122 6962
2123 3533
2124 3613
2125 2716
2125 5800
2125 7770
2125 7884
2126 2252
2126 4191
2127 2185
2128 3037
2128 3041
2128 4946
2128 9012
2130 2645
2131 9228
2132 4925
2132 7332
2132 7435
2134 2309
2134 4427
2135 2489
2135 9097
2137 2669
2137 2784
2138 4320
2141 3165
2142 2678
2142 6916
2142 8823
2143 6137
2144 2303
2144 2871
2145 6003
2147 4380
2147 5990
2149 5556
2150 4810
2151 3096
2152 4699
2153 6483
2153 7248
2154 3597
2156 6559
2156 8411
2156 9407
2157 3941
2158 3082
2158 7764
2159 6268
2160 6514
2161 6680
2161 7928
2163 2314
2163 3074
2163 3204
2163 3671
2163 5355
2163 6375
2163 7540
2165 7537
2165 9589
2166 5607
2166 5610
2167 2429
2167 7929
2167 8398
2168 5095
2169 2680
2170 4768
2171 2898
2171 4651
2174 2535
2175 2844
2175 8355
2176 2271
2176 9606
2177 5499
2177 7822
2177 9195
2178 3878
2179 2305
2179 2494
2179 6111
2179 6690
2180 3462
2180 3666
2181 9329
2182 4872
2182 6329
2183 5700
2183 8210
2184 3360
2185 7407
2186 4645
2186 7266
2187 5523
2187 6227
2187 7601
2187 8412
2187 8639
2187 8826
2188 2740
2189 6136
2189 7858
2192 2822
2193 2899
2193 5677
2194 3005
2196 3490
2196 4526
2196 4797
2197 2687
2198 2341
2198 4717
2199 5241
2199 7623
2200 6120
2201 3352
2201 4301
2201 6208
2201 7774
2202 2636
2202 5596
2202 7111
2204 2586
2204 3690
2205 8875
2207 5416
2209 2427
2209 3833
2209 5783
2210 2839
2211 9172
2211 9500
2212 2290
2212 2930
2212 4314
2213 2770
2214 3283
2214 3749
2214 9674
2215 2556
2215 2750
2215 5516
2215 6202
2215 8357
2216 2292
2216 5253
2219 2701
2219 4510
2221 8352
2222 3090
2222 3556
2222 3731
2224 7124
2225 3645
2228 2474
2228 4030
2230 4197
2230 7164
2231 3317
2231 4201
2232 3355
2232 6080
2232 7238
2234 3060
2234 5129
2234 8469
2235 2777
2235 2927
2236 6547
2236 8164
2239 3095
2239 4663
2239 8178
2239 8257
2240 6351
2240 6852
2241 2561
2241 8360
2242 2734
2243 3947
2243 6842
2244 4421
2246 6419
2246 6958
2247 3051
2247 6222
2247 8429
2247 8642
2248 4422
2248 9654
2249 2297
2249 4999
2249 9158
2250 2568
2250 2574
2250 8395
2251 6814
2253 4876
2253 7556
2254 2857
2255 4712
2255 5550
2255 5746
2256 3273
2257 8099
2259 2651
2259 4087
2261 2986
2261 5197
2262 3214
2263 2884
2263 6091
2265 2379
2265 4687
2266 2527
2266 5247
2267 2329
2267 3045
2267 7442
2268 2515
2268 7585
2268 8232
2270 2386
2272 2594
2272 4351
2272 5594
2273 3489
2274 3622
2275 4372
2275 8307
2278 2418
2280 6536
2281 4929
2281 7655
2284 4467
2284 5629
2284 6481
2285 9313
2286 3331
2286 3406
2287 9071
2290 3080
2291 3486
2292 3964
2292 4093
2292 7939
2293 4736
2293 6161
2294 4865
2294 5366
2294 7179
2295 3188
2296 2457
2296 4511
2296 7931
2296 9546
2299 4177
2301 2551
2301 4438
2302 6198
2303 2708
2303 5383
2304 2541
2304 7202
2305 4254
2305 4894
2306 2401
2306 7377
2307 4440
2308 3543
2308 8523
2310 9519
2311 4146
2312 2725
2313 4398
2314 4223
2315 2565
2315 3021
2315 9585
2316 8177
2317 6301
2319 2996
2319 5892
2319 9771
2320 5201
2321 3289
2321 5492
2322 3327
2323 2769
2323 4271
2324 6130
2325 3790
2325 4025
2325 6990
2326 3474
2326 5653
2326 6292
2327 2894
2327 4382
2327 5297
2328 4618
2329 3809
2330 2957
2330 9759
2331 2428
2331 3318
2331 8898
2332 2389
2332 7794
2333 3199
2333 5526
2333 6959
2333 7480
2334 3824
2334 4665
2335 3260
2336 3220
2337 4097
2338 8263
2341 5369
2341 7775
2344 2412
2345 9788
2347 7660
2347 8488
2347 8621
2348 4212
2348 4424
2348 5748
2348 9805
2349 3131
2350 7466
2353 8905
2354 6625
2356 8199
2357 4332
2357 5082
2357 6733
2357 9806
2359 6947
2360 4353
2360 5675
2361 4095
2362 4525
2362 5128
2362 5489
2362 6527
2363 5226
2363 7364
2364 4461
2364 4587
2364 4891
2366 2380
2366 5071
2366 5723
2369 4163
2369 8068
2372 2757
2372 2920
2372 5760
2372 9122
2373 2646
2374 4949
2374 8973
2375 2476
2377 3011
2378 2859
2378 3511
2378 6569
2379 5496
2380 5439
2380 7744
2381 3961
2382 4499
2382 4723
2382 5525
2382 9146
2383 3813
2383 9478
2386 5139
2386 6381
2386 7504
2388 3366
2388 5742
2389 5471
2390 4112
2390 4295
2390 5944
2390 8669
2391 4809
2391 5273
2392 4798
2392 5078
2392 8279
2393 3454
2393 6867
2394 3264
2395 4211
2395 6251
2396 4157
2396 7488
2397 2416
2398 5088
2399 2631
2402 2477
2402 5457
2406 5184
2407 2607
2407 4533
2410 4104
2410 9108
2411 5793
2411 6067
2412 2575
2413 3287
2414 4560
2415 2597
2417 2617
2417 2686
2417 2699
2417 2865
2418 6008
2420 7463
2424 5051
2424 9793
2426 3000
2426 3160
2426 6796
2427 2598
2427 3607
2427 8392
2428 3676
2429 2573
2429 2916
2429 3441
2429 9090
2430 2677
2430 3335
2430 5863
2431 4376
2431 5906
2432 3803
2432 9556
2432 9688
2433 3298
2433 5625
2434 5322
2435 8011
2437 4838
2437 7394
2438 2781
2439 8866
2440 3253
2440 5015
2441 2834
2441 3756
2442 5736
2444 2778
2444 3147
2444 3929
2444 6127
2444 8655
2444 9050
2445 3262
2445 9134
2446 5839
2446 6971
2447 2589
2448 5131
2449 6528
2451 3532
2451 4021
2452 2538
2452 7425
2453 3646
2454 2657
2454 3530
2454 6083
2455 2820
2455 3592
2455 7130
2455 9547
2456 2878
2457 3322
2459 8772
2460 2591
2460 5963
2460 6631
2461 7507
2462 5116
2463 7617
2463 8407
2463 8510
2464 8223
2465 8049
2467 4137
2467 4400
2467 7629
2467 8837
2468 2931
2468 5725
2469 2497
2470 4062
2471 2635
2472 3862
2472 4303
2472 7303
2473 4848
2474 3371
2474 4114
2475 3351
2475 4035
2475 5094
2476 3836
2477 3493
2478 8959
2479 8220
2480 6029
2482 2912
2483 5792
2488 3338
2488 8836
2490 3177
2490 4359
2491 4771
2492 4024
2493 4198
2493 5733
2494 4938
2494 6340
2494 7457
2495 2840
2495 3409
2495 4002
2497 3480
2497 8302
2499 6727
2500 5006
2501 2623
2501 2856
2501 7200
2501 9439
2502 3804
2502 9066
2503 2723
2503 2793
2504 5772
2504 8264
2505 3031
2505 4480
2505 5606
2506 3905
2506 8834
2507 2874
2508 5027
2508 5685
2509 3710
2509 3907
2510 2913
2510 3723
2511 7877
2511 9535
2512 8084
2513 7477
2515 9362
2516 6577
2516 6835
2518 4130
2518 4180
2520 5778
2520 7820
2521 5469
2521 9315
2522 2720
2522 3232
2522 4786
2522 6460
2523 3473
2523 5161
2523 9428
2524 2990
2524 3240
2524 3902
2524 5208
2524 6466
2525 2605
2525 7101
2526 3447
2526 5278
2527 6752
2527 7045
2529 6489
2530 3675
2530 5150
2530 5640
2531 3208
2532 2747
2533 4068
2534 4280
2534 6212
2534 8919
2534 9604
2535 3494
2535 4821
2535 7094
2537 5441
2538 2901
2540 3305
2543 3206
2543 4013
2544 7424
2545 3958
2546 2644
2546 3246
2550 2683
2551 3292
2551 3911
2552 3339
2552 5815
2553 2974
2554 4371
2554 8536
2555 2797
2555 3571
2555 5738
2557 6710
2557 9641
2558 3003
2558 4392
2558 9306
2559 2776
2562 7325
2562 8548
2563 4735
2563 5310
2563 8386
2565 4622
2565 5773
2567 3540
2567 4144
2568 2656
2568 4038
2569 3777
2569 4310
2569 4715
2569 7286
2570 7851
2571 5359
2571 7632
2571 7995
2572 3697
2572 4042
2572 5178
2573 7450
2573 8542
2574 7536
2576 4964
2578 3471
2578 6181
2579 2580
2580 4498
2581 4497
2581 6921
2581 7109
2583 2606
2583 4407
2583 7827
2583 9240
2585 3197
2586 8576
2586 8667
2587 4601
2587 5611
2588 3992
2588 5867
2588 9047
2590 3550
2590 7649
2591 4348
2591 7722
2592 5996
2592 8385
2592 8681
2595 4899
2595 5054
2597 5114
2597 8018
2598 3908
2599 3726
2599 4233
2599 4802
2599 5334
2601 2998
2601 6871
2604 6384
2605 6426
2605 8607
2606 9432
2607 7784
2608 3537
2608 4834
2609 2954
2611 4059
2611 4892
2612 4482
2615 3437
2616 5442
2616 6239
2617 2860
2618 3321
2619 2989
2619 6705
2620 4749
2622 4940
2624 5055
2625 2748
2625 4493
2625 4495
2627 3893
2627 4408
2629 2766
2630 5080
2632 7321
2634 3217
2634 3504
2634 6157
2635 8871
2636 4505
2637 3151
2637 3285
2637 4152
2637 5598
2639 4352
2641 7821
2642 6331
2643 3093
2643 3476
2643 3763
2643 3963
2643 5568
2643 6092
2644 2704
2646 5282
2646 5407
2646 8284
2647 4206
2648 5836
2649 2684
2651 5130
2652 3570
2654 3817
2654 4902
2654 5756
2654 5790
2655 7037
2656 7643
2657 4272
2658 4364
2658 4437
2659 5086
2660 8835
2661 7453
2663 8454
2664 3479
2664 7802
2667 2849
2667 5999
2667 9681
2668 4483
2668 5215
2668 6022
2669 7120
2672 4046
2674 2997
2674 5542
2675 3438
2675 4339
2675 8561
2676 2941
2676 3800
2677 5585
2678 2864
2678 3341
2678 5483
2680 4417
2680 6335
2680 8421
2681 3521
2682 5328
2682 5655
2682 5806
2684 7128
2684 7431
2685 3696
2685 9213
2686 5102
2686 9231
2687 5347
2689 7129
2691 2841
2692 3913
2695 4602
2695 4674
2695 5332
2695 6955
2695 7404
2695 8470
2698 4976
2698 5470
2700 5855
2701 2727
2701 3089
2701 9305
2704 4840
2704 8358
2705 3868
2705 4251
2705 8762
2706 4106
2706 8770
2707 4913
2707 7293
2709 3631
2709 4300
2709 4538
2709 8056
2710 6667
2712 3015
2712 3248
2712 4655
2713 4262
2714 4287
2714 9441
2717 2796
2717 4576
2717 5276
2717 6998
2718 5694
2721 2811
2721 3155
2721 3812
2722 5110
2722 5255
2723 6779
2724 3681
2724 5548
2728 3224
2728 3458
2728 5021
2729 2845
2729 8633
2730 4537
2730 6026
2731 6570
2732 6935
2733 4930
2734 5144
2734 5595
2736 6182
2738 2984
2738 3411
2738 4333
2738 7395
2738 9727
2739 2902
2739 4044
2739 4551
2739 5666
2739 5879
2740 3446
2740 5324
2741 4285
2741 5882
2741 7300
2742 3600
2742 9778
2745 3392
2746 3024
2746 7548
2747 8294
2748 3633
2750 3534
2750 3931
2752 3403
2752 4783
2752 7647
2753 3515
2753 4337
2753 4711
2753 7161
2754 8993
2755 3750
2755 4187
2755 4343
2755 5089
2758 3529
2760 6812
2761 7390
2763 5028
2763 7343
2764 4517
2766 5485
2767 4910
2769 3271
2769 4523
2770 3180
2771 4636
2771 5160
2776 8968
2777 3250
2779 7042
2781 5841
2782 9435
2783 3196
2783 7210
2783 9653
2784 9421
2785 3256
2785 3940
2786 7892
2787 4698
2788 8438
2790 4909
2790 6417
2791 5373
2791 5513
2791 9178
2793 3951
2794 4365
2795 3251
2796 3119
2796 3899
2797 4562
2800 5372
2801 4170
2802 3226
2803 2965
2803 9028
2804 4903
2804 6006
2807 2835
2808 3788
2809 3762
2810 3102
2810 4983
2813 5430
2814 4302
2814 4888
2814 5706
2814 8712
2817 7534
2819 3937
2820 5577
2820 7256
2821 2993
2821 9627
2823 3706
2823 5363
2824 3145
2824 4456
2825 4608
2825 5998
2826 5283
2827 3029
2827 6306
2827 6443
2827 8132
2828 5079
2828 6700
2829 4283
2829 7188
2830 5488
2830 6084
2831 5020
2831 8591
2832 8666
2833 3460
2833 6785
2834 3211
2834 4790
2834 5386
2834 6031
2834 9568
2835 3412
2836 9740
2837 3779
2837 3916
2837 6168
2838 2936
2838 4706
2838 6410
2838 8776
2839 5023
2840 2949
2840 3510
2841 3228
2843 3432
2843 5244
2845 3629
2845 5424
2846 3475
2846 7990
2848 2870
2848 5083
2849 3725
2849 3924
2850 3142
2851 3067
2851 4582
2852 3636
2852 5544
2853 6270
2855 3759
2855 7260
2856 3025
2857 5163
2858 5601
2859 5745
2860 5467
2860 5861
2862 4642
2862 6714
2864 6396
2865 3048
2865 7378
2866 4196
2866 9152
2868 9667
2869 4229
2869 5382
2871 5159
2872 6805
2873 4000
2873 5690
2873 6982
2873 7299
2873 7717
2873 7988
2873 8436
2874 3086
2876 2943
2878 3389
2878 3503
2878 3594
2878 4027
2879 3743
2879 4255
2879 4679
2879 4878
2879 8551
2880 7579
2880 8512
2882 4732
2882 8519
2884 4259
2884 5881
2885 3717
2886 6039
2886 6124
2888 3324
2888 6153
2889 4814
2889 7245
2890 6196
2891 3179
2892 7089
2894 4528
2894 6620
2895 4914
2896 3617
2896 3869
2896 4162
2896 9437
2897 6454
2897 9797
2898 3072
2898 8982
2899 7588
2900 5330
2902 3505
2905 6503
2905 8716
2906 2982
2906 9215
2907 8399
2908 8062
2909 6037
2909 7673
2910 6319
2911 4028
2912 4307
2912 4336
2913 4851
2916 6220
2916 9815
2917 5427
2919 4091
2919 4578
2922 4657
2923 3141
2923 4141
2923 4694
2923 7133
2923 8158
2924 7099
2925 3043
2925 3585
2925 9368
2929 3582
2929 8162
2931 3281
2933 3078
2934 3431
2935 5621
2936 4520
2937 3238
2938 7635
2941 3584
2943 5795
2943 8480
2945 5200
2946 3170
2946 7336
2946 9043
2947 7199
2948 6670
2950 4879
2951 7234
2953 5883
2953 9725
2954 4367
2955 5493
2956 4536
2956 6978
2957 3709
2957 7225
2958 6429
2959 6000
2959 7126
2960 3734
2961 5872
2962 4213
2963 4472
2963 9277
2965 3485
2968 7312
2968 9279
2969 3715
2969 5716
2972 3933
2973 5950
2973 7864
2974 9364
2975 3346
2975 4342
2976 8644
2977 4489
2978 6467
2978 6929
2979 7327
2979 8695
2981 4203
2981 8851
2982 4155
2982 4412
2983 3347
2983 3765
2984 3054
2984 5134
2985 7131
2986 5821
2987 3301
2988 8012
2988 9162
2989 3744
2989 5560
2990 3008
2991 4842
2992 7654
2993 9024
2996 3278
2999 3720
3000 8870
3001 4794
3002 3463
3002 5557
3005 4297
3005 4787
3005 6604
3006 3316
3006 3523
3006 3682
3006 4644
3007 5353
3007 5775
3007 8262
3007 8389
3008 6043
3009 5575
3009 5626
3013 4521
3013 5010
3013 5684
3014 3138
3014 6561
3015 3106
3015 3299
3016 6706
3021 5651
3023 5586
3023 8653
3024 3156
3025 3153
3025 6172
3025 6508
3026 4267
3030 6689
3035 3407
3035 4264
3035 5168
3035 7077
3036 3176
3036 3213
3037 3892
3037 5578
3038 4501
3038 9485
3040 6284
3040 7298
3041 3563
3041 5699
3042 6745
3043 3691
3043 4708
3044 4366
3044 4907
3046 3319
3047 5897
3047 7015
3047 7682
3048 5605
3049 4121
3049 7708
3049 8937
3050 6936
3052 5647
3052 7749
3053 4140
3053 6941
3055 3168
3055 4242
3055 4924
3056 8359
3057 4478
3058 6255
3059 3522
3059 3526
3060 4190
3062 4149
3062 5528
3062 6418
3063 3667
3063 3834
3063 5970
3064 6850
3064 9693
3065 4139
3066 4340
3067 4898
3068 3330
3069 3084
3069 3313
3069 3611
3072 4036
3073 5583
3075 4816
3076 4792
3077 8072
3078 5011
3079 6302
3080 4579
3080 7503
3081 4355
3085 4459
3085 4862
3087 3535
3087 5057
3087 5350
3088 4172
3089 6840
3092 5414
3092 6506
3092 6764
3092 7025
3093 6151
3095 3782
3095 4590
3097 3969
3098 5169
3098 5673
3100 7615
3103 3374
3103 3401
3103 3795
3103 7017
3104 5620
3104 9061
3105 3344
3105 4079
3105 6387
3106 6848
3107 7141
3107 7591
3107 7946
3108 3189
3109 3140
3110 6578
3111 4979
3111 5945
3112 5630
3113 3778
3113 6597
3113 6701
3113 9193
3114 3277
3115 6804
3115 7333
3116 4029
3116 9559
3117 3898
3117 7936
3120 4503
3120 4676
3120 6474
3121 6517
3121 8106
3123 6073
3127 4266
3130 4274
3130 4389
3130 9093
3131 3628
3131 7699
3134 5933
3134 9105
3136 3417
3137 3195
3137 4286
3138 3873
3138 8152
3139 3755
3141 7002
3141 7166
3142 6162
3142 6534
3143 8397
3145 3864
3149 3605
3150 5554
3152 3648
3154 5189
3155 9325
3156 3221
3157 4361
3157 4454
3157 7899
3158 3619
3158 3843
3158 5758
3158 7563
3160 5049
3161 6450
3161 7889
3163 3282
3163 8577
3165 4263
3165 5613
3165 6267
3165 8782
3166 4683
3167 6286
3168 5076
3168 6862
3168 8193
3169 7067
3171 6652
3171 9615
3172 3308
3173 5405
3174 8955
3174 9129
3175 5814
3176 4443
3177 3326
3177 4394
3178 4747
3181 3928
3181 6147
3182 3255
3183 5832
3183 5916
3183 9664
3185 3546
3185 4954
3185 7551
3185 7671
3187 3704
3187 6365
3188 8069
3191 3823
3191 8375
3192 3890
3193 4664
3193 5972
3195 4344
3197 8777
3198 6629
3198 6879
3198 7680
3199 4225
3199 4486
3199 4729
3200 9327
3201 8096
3202 8932
3205 3576
3205 3578
3205 5549
3206 5823
3206 6433
3206 6880
3206 9498
3207 4085
3207 4939
3207 6101
3207 7317
3207 9388
3208 6447
3209 5641
3210 9322
3213 3634
3213 5639
3214 9652
3215 3375
3216 4986
3217 9543
3218 3259
3222 9572
3223 3252
3226 3632
3226 4844
3226 8217
3227 8733
3228 5101
3228 5158
3229 5978
3231 3499
3232 3684
3232 6295
3232 8163
3233 5717
3233 5962
3234 6278
3235 4245
3235 4650
3235 8090
3236 6115
3236 7793
3237 4402
3238 4494
3238 6810
3239 3488
3242 4122
3242 4554
3244 6754
3244 7261
3246 4426
3246 4965
3246 6102
3246 6715
3248 5348
3248 9348
3249 7379
3250 5183
3250 9708
3251 3421
3252 4334
3252 6767
3253 4770
3256 3415
3257 4019
3258 4767
3259 3865
3259 6395
3259 8595
3260 3831
3260 6882
3261 9583
3263 3846
3264 4681
3265 6323
3266 6425
3267 8505
3268 4370
3270 3639
3270 8640
3271 3354
3271 3383
3271 4485
3271 7818
3274 3398
3274 3693
3275 4434
3275 7358
3276 3984
3277 6807
3277 9209
3278 5623
3279 3637
3283 7006
3286 3376
3286 4993
3287 3618
3287 5712
3288 8027
3289 5107
3295 3770
3295 7232
3296 5538
3296 8784
3297 7459
3298 4977
3299 5056
3299 6863
3300 4661
3300 5462
3302 4096
3302 4399
3304 3692
3305 8143
3305 8688
3306 3564
3307 3387
3307 5724
3307 5893
3307 7262
3307 8289
3308 7483
3308 7676
3309 4684
3309 5477
3310 4436
3310 9749
3311 3404
3311 3912
3311 9040
3312 5333
3312 7482
3315 3332
3316 8617
3318 5228
3318 5412
3318 7405
3319 8114
3320 6360
3320 8471
3321 3895
3321 4754
3323 7242
3323 7945
3324 3837
3324 7698
3325 4362
3326 6984
3329 5859
3330 9201
3331 9222
3333 3545
3333 3981
3333 5249
3336 8553
3338 4877
3339 4160
3339 4784
3339 6362
3340 3450
3341 5097
3342 6698
3342 7285
3343 5108
3344 4519
3345 8317
3346 6350
3347 3922
3347 4548
3347 6216
3348 6344
3350 6872
3351 4374
3352 9411
3354 3589
3354 8462
3357 9792
3359 3367
3365 4055
3365 5541
3367 6744
3367 9697
3368 3801
3368 3926
3368 6296
3370 4761
3371 5299
3372 8463
3374 4850
3377 8822
3378 3559
3379 6595
3379 7642
3382 3579
3382 6777
3385 6320
3385 8021
3386 3593
3386 7108
3386 9384
3387 3481
3387 4990
3387 5930
3388 6877
3390 3467
3390 5532
3390 6057
3391 3610
3391 5449
3391 7345
3391 9029
3392 6290
3392 9077
3392 9791
3393 6061
3393 8281
3394 8156
3395 3444
3395 3500
3395 4099
3396 3670
3397 4857
3397 5187
3399 4955
3399 5508
3399 7831
3400 5035
3400 6768
3401 8248
3402 4345
3402 6722
3403 4720
3404 5069
3405 7837
3406 7765
3408 4017
3410 4390
3414 4214
3414 4789
3414 5064
3416 3478
3416 4067
3416 8079
3420 3799
3422 3879
3423 5264
3427 6538
3430 3948
3430 5121
3431 4704
3432 4173
3433 5770
3433 6924
3433 9798
3434 8016
3435 6901
3437 4123
3437 9020
3438 4458
3440 5133
3442 9614
3443 4527
3443 6160
3444 5459
3445 8408
3446 6164
3446 7051
3446 8579
3447 5303
3448 5326
3448 7532
3448 9449
3449 4176
3451 8925
3452 4649
3452 7720
3452 7772
3453 5351
3455 5895
3456 3661
3458 8494
3460 4175
3462 8331
3462 8475
3463 7054
3464 4005
3464 4132
3465 4597
3465 4721
3465 5540
3465 8999
3466 4184
3466 6288
3466 8286
3467 4856
3467 6016
3467 7525
3467 8514
3469 3752
3469 7696
3470 4120
3471 5587
3474 3730
3475 3754
3475 8570
3475 8929
3476 4959
3480 3796
3482 6801
3483 4098
3484 4762
3485 3640
3485 6720
3490 3903
3491 7546
3494 6103
3495 3621
3495 4131
3496 9121
3497 9317
3498 4039
3498 5593
3498 7811
3498 7901
3499 5490
3500 3662
3501 4230
3501 7958
3502 9608
3503 6605
3504 8026
3506 3705
3506 7083
3509 3650
3509 3711
3510 6944
3510 7315
3511 5214
3511 7666
3513 4205
3513 6187
3515 4522
3515 4971
3519 8292
3519 9790
3520 4189
3520 4595
3520 5463
3520 5842
3522 3643
3522 5682
3522 5743
3523 4083
3523 7095
3523 9081
3525 5218
3526 3889
3526 7799
3527 8277
3528 9634
3530 9484
3533 3536
3535 4867
3536 7113
3538 8464
3539 4468
3541 5759
3543 9312
3546 4406
3546 8406
3547 4016
3548 9719
3549 7731
3553 4956
3554 5902
3554 9268
3556 4210
3558 3807
3558 4304
3558 4660
3560 4491
3564 4464
3564 5138
3564 9644
3566 4159
3567 7791
3571 3609
3572 6520
3573 3980
3573 5564
3574 8701
3575 4086
3577 8356
3578 7096
3580 3712
3580 4235
3582 9131
3584 4470
3584 6766
3586 3945
3586 4532
3587 6040
3589 4275
3589 4849
3589 5656
3589 8629
3589 9487
3590 4041
3591 8971
3593 7228
3593 7281
3595 4317
3595 8930
3596 4269
3596 8363
3597 4234
3599 4446
3599 6191
3599 9743
3601 4667
3603 6180
3603 6444
3603 9365
3605 3975
3605 4515
3607 5311
3607 7259
3608 8316
3608 9200
3610 4386
3611 6002
3611 6813
3614 8758
3615 6644
3615 8181
3617 7033
3617 7619
3618 6277
3619 5785
3620 8592
3621 4014
3621 5571
3623 8404
3624 5676
3624 6986
3625 9354
3626 3849
3626 9331
3627 8251
3630 5918
3630 9044
3631 5796
3631 7607
3631 8869
3632 7304
3632 7911
3633 7163
3634 5314
3634 8986
3635 7171
3637 6708
3638 8861
3640 3672
3640 3736
3641 3825
3641 6634
3641 9133
3643 8139
3645 9041
3650 4889
3650 8077
3651 6953
3652 7208
3658 5954
3658 8602
3659 8522
3662 6497
3662 8539
3663 8994
3665 3729
3669 3830
3669 9154
3670 7706
3672 4672
3675 6463
3676 8590
3676 9111
3677 4232
3678 4820
3678 5148
3679 5387
3680 5475
3682 3954
3683 5608
3683 8483
3684 5000
3684 5122
3685 9617
3687 5105
3689 7633
3689 8620
3690 4624
3691 4217
3694 5371
3694 5486
3694 6394
3694 7227
3694 9082
3696 9780
3698 6784
3700 6540
3702 4641
3704 5204
3704 9445
3705 6249
3705 8250
3705 9461
3706 4073
3707 7218
3709 7437
3709 8045
3709 9451
3710 5520
3712 3848
3714 8927
3715 4178
3716 6792
3717 6237
3718 5031
3719 5022
3719 8037
3722 3976
3723 4045
3723 6232
3724 6643
3725 6250
3725 8560
3726 4714
3726 7185
3728 8085
3728 9503
3729 7074
3729 8797
3730 3967
3731 6243
3731 9417
3731 9446
3732 8017
3733 4288
3735 6735
3735 8546
3736 6662
3737 4465
3738 4958
3738 6509
3739 5843
3740 5460
3741 8221
3741 8954
3743 4110
3743 8229
3744 3858
3744 9607
3745 3966
3745 4143
3745 4305
3745 4980
3746 4199
3746 8035
3749 4293
3750 7812
3750 9765
3752 6829
3754 3884
3754 4659
3755 4928
3755 5927
3755 9137
3756 6789
3758 5957
3762 7277
3763 8330
3763 8474
3765 5263
3765 9345
3769 3942
3770 7846
3771 4294
3771 5063
3773 3854
3773 5952
3773 5988
3775 4052
3775 6379
3775 9358
3776 9274
3777 5500
3778 4951
3778 7519
3779 8030
3780 5338
3780 6531
3787 4881
3787 7522
3788 3997
3790 5919
3792 7468
3793 8075
3794 3847
3794 6175
3795 5240
3795 7613
3797 4504
3798 8252
3799 4219
3799 7065
3799 8126
3800 5726
3801 7691
3803 3856
3803 7461
3803 8990
3805 4260
3807 6436
3810 4535
3811 6636
3811 8728
3813 6787
3815 5458
3818 5166
3818 7688
3819 4919
3820 6794
3821 5014
3821 5349
3822 9094
3823 4805
3823 6601
3825 4420
3827 7375
3828 4166
3828 5734
3830 5403
3831 5992
3831 6549
3833 9811
3836 8246
3838 6956
3840 4718
3840 4994
3841 5638
3842 5262
3842 5341
3842 5751
3843 7093
3844 5566
3845 6371
3846 8676
3847 4250
3849 7499
3850 7674
3853 7748
3854 4056
3858 6025
3858 8014
3858 8339
3858 9083
3859 5267
3860 5091
3861 5067
3862 4111
3864 7030
3865 8034
3868 4927
3871 3972
3871 4778
3871 5576
3871 7070
3873 5766
3874 3906
3874 7593
3874 8891
3875 6572
3876 7937
3879 3977
3881 9663
3882 6939
3882 7646
3884 7426
3885 5246
3885 6413
3887 6197
3887 6797
3889 8135
3890 8342
3891 4545
3893 6189
3896 7766
3897 4009
3899 7469
3899 8010
3900 4466
3900 5437
3900 6048
3900 8058
3900 8865
3901 7510
3906 4088
3906 4863
3907 5124
3908 6152
3909 6236
3910 3957
3910 8381
3911 4033
3913 7845
3913 7997
3919 3935
3921 6525
3922 5669
3922 8195
3924 4253
3924 4331
3924 5865
3925 5400
3925 8440
3926 6399
3927 4541
3927 6728
3927 9314
3929 5421
3931 5529
3931 6076
3931 9056
3932 5093
3932 9409
3933 3952
3934 5003
3935 6866
3935 8265
3936 6513
3937 4757
3937 4969
3938 7122
3939 6772
3940 7823
3941 5142
3942 5931
3943 9784
3945 4920
3945 8841
3948 6223
3948 8805
3950 8227
3951 6373
3951 7509
3952 5728
3955 8668
3958 6149
3960 4070
3964 4174
3965 5059
3965 8941
3966 5794
3967 5213
3968 7351
3969 6914
3969 9226
3971 4796
3971 8818
3974 6581
3975 6455
3976 8656
3976 9374
3977 5192
3977 6972
3978 5179
3979 4291
3980 6782
3981 4357
3981 4782
3981 9550
3982 5060
3982 8074
3982 8120
3983 5423
3985 4586
3985 7039
3987 9399
3987 9630
3988 4957
3988 9257
3989 9398
3991 7578
3992 7231
3994 4208
3995 7927
3996 4588
3997 4556
3997 7726
3999 5909
3999 8804
3999 9163
4001 4238
4001 5455
4001 8063
4001 8236
4004 5417
4005 8318
4009 6529
4011 4874
4011 6105
4012 6041
4012 8845
4013 7157
4014 9762
4015 5845
4020 4824
4021 4082
4021 4237
4022 5453
4023 9471
4024 6677
4025 4277
4025 5269
4025 8477
4026 7539
4029 6209
4029 8309
4030 8413
4031 6224
4031 9737
4033 4349
4036 4037
4037 4040
4039 8448
4040 5506
4040 7038
4041 6411
4043 9308
4045 5041
4048 7125
4049 7678
4050 5154
4053 5612
4054 9004
4056 8603
4056 8867
4057 9499
4059 4448
4060 5066
4062 7240
4062 9721
4063 5719
4067 4150
4069 5581
4070 4318
4071 5664
4071 7100
4072 4276
4072 4932
4073 8787
4074 4843
4074 4936
4075 6407
4076 4859
4083 5065
4083 6803
4083 8060
4083 8109
4084 7018
4084 9524
4085 7626
4088 9406
4091 6646
4091 7965
4093 4476
4093 8952
4094 6005
4096 5851
4096 8816
4097 6881
4097 9347
4097 9732
4098 4158
4099 4828
4100 5633
4102 4542
4102 8605
4103 6933
4105 5365
4105 7992
4105 8447
4106 7769
4106 8566
4108 8720
4110 4942
4111 7031
4112 8095
4114 4453
4115 4923
4116 8057
4116 8340
4117 6252
4117 9505
4118 4347
4121 4395
4121 8534
4122 6492
4124 8612
4125 5869
4125 7689
4126 8757
4132 7569
4132 7962
4136 5223
4136 5256
4137 4832
4137 5270
4137 9256
4139 5819
4140 8256
4141 5714
4143 4673
4143 9203
4144 5287
4144 7112
4145 7544
4147 5136
4148 4308
4148 8384
4151 6058
4153 7118
4154 8366
4155 7538
4156 6165
4158 9229
4160 8173
4160 9132
4162 6259
4163 4725
4163 7771
4164 5127
4164 5671
4166 8853
4168 6555
4169 7743
4169 7840
4170 8504
4171 9742
4173 7149
4175 4599
4177 7226
4178 9263
4179 4202
4181 6349
4186 5799
4186 7637
4187 6205
4188 4926
4188 5250
4188 9383
4190 4893
4190 6087
4190 6358
4190 7506
4192 5527
4192 5533
4193 4327
4194 4968
4194 8924
4195 7073
4196 7001
4197 7339
4198 7219
4198 7685
4199 6046
4201 5104
4201 8524
4202 5648
4204 6725
4205 5090
4206 8833
4210 4379
4210 5191
4212 6742
4214 4401
4215 6176
4216 5219
4217 7693
4218 7214
4219 5074
4220 5705
4222 4690
4222 6845
4225 4534
4226 6550
4234 7174
4234 8287
4235 6892
4236 6231
4237 5448
4238 8755
4241 4322
4243 4873
4243 5004
4244 5377
4244 6346
4244 8076
4244 9337
4247 4451
4247 5866
4247 9527
4248 9216
4250 4972
4254 4405
4254 4529
4254 8145
4254 8646
4255 9034
4256 7180
4256 9493
4259 6952
4262 7479
4265 6183
4267 4360
4267 8493
4267 8599
4270 6920
4272 4833
4273 5452
4273 7021
4275 5561
4275 6235
4276 4731
4276 5582
4276 7160
4276 7470
4277 6471
4277 8879
4280 8664
4281 6200
4281 6769
4283 7925
4286 5153
4290 6740
4291 6681
4291 6918
4291 7334
4293 5468
4293 6012
4294 9404
4297 5198
4298 4356
4298 4574
4298 6472
4298 7567
4298 9241
4299 4626
4299 6253
4300 7154
4301 5237
4301 9785
4302 5113
4302 5924
4306 5837
4307 9244
4311 5002
4311 6258
4312 6981
4312 8400
4315 8586
4318 4819
4322 6318
4322 7422
4323 7657
4323 8368
4324 4449
4327 5190
4327 5849
4328 4728
4328 5203
4331 4378
4332 4543
4332 4678
4332 5081
4335 4368
4336 5384
4336 6704
4339 4750
4339 6806
4341 4836
4341 9392
4342 8405
4343 6254
4344 5112
4347 5517
4347 6345
4347 7760
4347 7893
4349 6412
4352 4363
4353 9287
4354 6038
4356 5731
4358 8811
4362 7384
4363 7620
4363 9208
4365 5833
4365 5850
4365 8274
4367 5735
4367 7887
4369 5980
4370 5358
4370 6859
4371 7753
4371 9039
4372 8094
4373 4555
4375 4638
4375 5118
4375 5172
4375 7449
4377 8441
4377 9328
4378 6697
4378 7595
4379 6392
4379 7920
4380 6557
4380 9730
4381 9586
4383 5559
4388 4671
4391 5491
4391 6285
4391 6334
4394 9140
4396 4416
4396 5830
4396 8506
4398 6272
4399 4487
4399 5209
4399 5454
4400 5085
4400 6266
4401 5438
4401 6653
4402 5905
4402 8202
4404 4734
4407 4614
4408 4423
4408 6150
4410 5016
4410 5495
4412 4566
4417 4727
4417 5668
4418 8814
4419 8212
4424 4607
4424 6314
4424 6500
4426 7412
4428 5709
4429 6910
4430 8969
4433 9658
4436 6121
4437 4460
4439 5395
4441 4743
4443 4763
4443 5050
4444 8387
4446 6133
4448 7024
4449 5802
4449 6568
4449 7716
4450 6064
4451 4606
4451 5524
4452 9744
4454 6374
4454 8461
4459 6146
4459 9796
4460 7454
4460 8634
4461 6650
4462 4758
4462 8097
4463 8430
4464 5388
4465 5661
4465 9234
4466 7999
4468 5100
4469 9109
4471 5317
4473 8446
4475 4620
4476 5707
4477 6293
4477 6422
4478 5123
4478 5722
4479 5374
4484 4941
4484 7165
4485 6582
4486 6034
4486 8824
4491 7402
4493 8080
4494 4970
4495 6063
4498 7767
4499 7923
4500 8532
4500 9438
4502 8779
4503 7801
4504 4905
4505 5261
4505 6144
4507 6229
4507 6391
4508 4516
4510 8323
4516 6908
4518 4701
4521 5039
4524 7314
4525 9251
4527 4901
4528 4966
4528 8007
4529 6995
4530 4791
4530 6448
4531 5740
4532 4564
4532 8369
4532 8858
4535 6485
4535 7700
4537 8665
4539 8455
4541 5551
4542 6228
4543 4572
4546 7241
4546 8508
4548 9381
4549 6633
4550 5038
4550 6622
4551 8370
4555 5296
4555 7659
4556 6100
4556 7009
4557 8247
4557 8767
4558 7322
4559 5753
4561 9015
4562 6457
4564 5026
4568 5175
4568 5321
4569 7058
4569 8650
4572 4705
4573 8086
4574 4598
4574 5622
4574 6630
4575 4853
4575 6732
4576 5624
4576 7681
4577 5251
4577 5672
4577 7721
4578 7420
4578 9098
4579 5231
4580 4841
4585 8556
4586 7742
4589 6496
4589 7257
4589 9265
4592 6587
4593 7373
4595 6553
4595 8819
4598 5658
4598 8983
4599 8322
4601 6009
4603 8499
4605 9138
4606 7568
4607 7181
4607 8344
4608 6954
4610 6819
4611 6204
4614 6042
4614 7486
4614 8739
4616 4915
4616 6469
4618 5167
4619 6082
4621 5946
4622 5044
4623 5510
4624 8054
4625 6020
4625 6486
4625 7356
4626 9285
4627 9426
4628 9509
4630 7258
4637 6424
4640 9320
4641 9424
4646 5973
4646 9282
4647 5891
4648 6166
4648 6321
4648 6363
4652 8974
4655 7107
4656 6976
4658 4726
4661 7278
4661 9062
4662 7757
4664 7552
4665 5045
4666 6596
4666 7528
4667 6313
4668 6931
4670 4740
4670 4777
4670 6713
4671 4831
4671 7408
4674 5009
4676 6519
4676 9087
4676 9159
4679 6571
4680 9099
4681 4703
4682 9395
4683 5565
4684 7729
4685 4982
4685 8348
4687 5967
4688 6264
4689 4871
4689 5951
4689 6138
4689 9157
4690 4868
4691 5280
4691 8024
4692 5825
4692 9054
4693 6678
4695 6816
4695 8150
4695 8527
4696 4700
4698 5969
4698 8203
4699 6960
4701 5070
4701 5099
4702 6660
4702 7280
4702 7897
4702 8756
4703 5730
4703 6382
4706 5380
4707 5396
4712 6883
4713 4756
4716 5715
4717 8645
4718 6499
4731 5574
4731 6348
4731 7493
4734 5029
4734 7572
4739 5052
4740 7948
4744 5381
4746 9433
4749 6059
4750 6383
4751 8133
4754 7413
4755 5692
4755 7644
4757 5205
4759 8390
4761 5844
4764 7808
4767 6501
4767 8088
4767 8244
4770 6830
4770 8808
4773 6247
4774 8803
4775 6088
4775 6364
4779 8036
4782 6010
4783 8913
4785 7648
4786 9456
4787 6377
4791 7367
4796 8798
4797 7043
4800 5137
4800 6964
4800 9176
4804 6097
4805 6659
4806 5195
4807 8886
4808 7156
4809 6055
4811 6248
4812 6967
4813 5616
4813 5888
4817 5370
4818 9534
4820 7855
4825 4826
4828 5907
4828 6546
4829 6480
4834 5145
4834 7712
4836 7516
4842 5450
4844 7800
4846 5174
4848 5378
4848 5659
4853 5211
4853 5217
4855 7719
4857 5233
4858 7335
4859 7376
4864 5141
4865 5301
4865 5744
4865 5943
4866 7672
4867 5570
4868 9741
4870 7558
4872 5964
4873 8589
4874 9247
4875 8962
4876 6925
4877 5604
4878 5474
4879 7296
4884 8365
4887 6359
4888 6023
4888 6338
4888 7612
4890 5811
4891 5212
4891 5534
4894 8388
4894 8489
4898 9613
4899 6213
4900 5847
4900 6673
4901 4967
4902 9272
4903 4953
4911 9161
4915 5913
4915 7169
4917 9326
4918 4992
4919 5632
4921 6158
4922 5619
4922 9777
4923 5053
4924 8273
4928 5290
4928 5929
4928 9276
4929 5637
4932 5046
4932 5461
4932 6062
4932 8335
4934 7627
4935 5982
4937 5042
4939 7354
4941 8308
4942 9492
4944 6482
4946 5092
4946 9363
4947 5603
4948 5229
4948 7587
4949 8295
4952 6099
4953 5688
4953 6886
4955 7209
4957 9429
4966 6309
4966 7086
4968 7630
4969 7843
4970 5220
4971 9758
4973 5047
4975 5036
4975 8382
4975 8848
4977 6408
4978 8988
4981 7703
4981 9142
4982 7382
4984 5222
4987 7452
4989 7441
4990 7898
4992 6542
4992 7792
4994 7521
4995 7462
4995 7590
4997 6171
4999 7705
5002 5958
5003 5098
5006 8444
5008 7487
5008 7907
5009 9412
5010 6434
5013 7638
5016 9579
5018 7710
5018 8205
5020 6915
5021 5983
5023 5342
5023 9353
5025 9731
5029 8431
5030 8692
5030 9442
5030 9646
5032 8671
5034 6372
5035 5650
5035 6523
5037 6435
5042 6173
5043 9150
5045 8042
5046 7616
5048 6128
5050 5393
5050 6257
5053 6033
5060 5234
5060 8979
5061 7952
5061 9768
5062 7762
5062 7932
5062 8267
5063 6400
5063 7873
5067 6246
5067 8976
5069 6996
5074 6832
5076 7076
5078 6966
5080 6333
5084 6579
5085 5599
5086 9333
5088 7973
5095 8383
5097 6753
5100 7547
5100 8813
5101 5900
5106 9465
5107 5546
5107 8678
5107 9647
5111 8618
5111 8889
5115 5306
5116 6021
5118 9025
5123 6035
5124 8734
5125 5572
5126 9156
5127 6370
5127 6943
5128 6145
5130 5298
5131 6632
5131 9698
5133 5696
5138 8675
5140 8998
5140 9549
5143 5803
5144 8015
5145 6945
5146 9076
5147 6116
5147 7254
5149 5447
5152 8149
5153 5721
5154 7518
5161 5318
5161 6110
5161 9638
5162 8702
5165 7071
5166 6926
5171 9187
5176 5695
5181 5569
5183 5989
5183 6607
5184 5652
5184 6618
5190 9068
5191 8259
5191 8651
5191 9402
5195 5242
5195 7543
5195 7813
5198 8451
5199 6308
5204 7624
5204 8362
5206 9700
5207 5432
5208 8516
5210 5376
5213 6241
5213 9767
5214 6269
5215 6615
5217 6524
5218 7237
5219 6324
5220 7966
5220 9676
5223 7557
5225 7523
5226 5418
5228 6307
5230 8538
5230 9249
5234 6576
5234 9233
5236 8768
5237 5777
5238 8991
5239 5787
5239 6776
5239 7951
5240 6878
5240 7189
5241 5985
5242 6685
5244 5497
5246 5323
5250 7527
5250 7782
5254 5691
5254 6781
5254 7879
5257 6693
5257 7474
5262 5451
5262 6086
5263 5409
5266 5749
5266 7318
5269 7014
5275 7667
5277 6750
5277 7400
5277 9563
5281 6717
5282 8301
5285 9760
5287 6928
5287 7921
5287 8215
5289 8654
5294 9023
5297 8165
5299 9602
5303 7559
5303 8649
5305 6352
5305 6899
5308 6312
5312 5711
5313 6951
5313 8364
5314 5631
5316 7943
5317 6691
5319 7752
5321 6093
5326 9225
5331 6530
5331 8361
5332 7776
5332 7969
5334 5713
5334 5834
5334 6287
5335 7075
5335 7494
5336 6655
5337 6075
5339 5853
5339 9454
5340 6756
5342 6304
5342 8276
5343 8935
5343 9508
5346 9629
5347 8559
5349 7550
5353 6143
5354 5911
5355 8740
5356 8573
5357 9479
5358 6687
5360 7223
5363 7081
5363 8231
5364 6273
5365 8963
5367 6169
5367 7809
5368 6699
5368 7610
5370 5862
5370 9266
5375 7353
5378 8817
5381 7246
5381 7429
5383 8627
5383 8909
5385 6860
5387 8228
5389 6552
5391 5553
5391 8550
5394 7701
5395 6682
5396 9217
5397 5539
5399 6053
5400 7994
5403 8578
5405 7060
5405 7309
5410 5870
5411 6703
5415 9227
5416 6533
5417 8989
5420 6477
5421 9334
5423 6327
5424 6283
5425 5674
5425 7198
5426 8147
5427 5949
5428 5975
5429 6957
5429 9718
5430 6178
5431 7145
5432 7804
5432 9182
5434 5852
5434 7949
5434 9160
5436 6049
5439 5522
5441 9179
5442 5889
5443 7135
5443 8175
5445 6108
5447 8115
5448 5877
5449 6684
5454 6617
5455 7338
5455 7634
5455 7733
5456 5693
5456 7529
5457 6242
5457 6560
5458 6437
5460 8915
5462 5939
5462 9818
5464 8967
5466 8445
5467 8972
5468 6600
5470 8709
5474 6123
5475 6932
5477 6428
5478 7027
5485 6072
5486 8380
5488 5956
5488 8239
5490 6676
5491 7138
5493 8311
5496 9148
5497 6809
5498 6036
5500 6694
5501 6077
5502 6661
5502 7284
5507 7993
5511 8698
5514 8721
5515 7110
5517 5896
5518 6991
5519 7880
5520 9686
5524 7849
5525 7050
5527 9033
5529 6095
5530 9517
5532 6361
5536 9473
5537 6593
5537 8052
5539 8711
5541 6494
5541 7026
5545 6541
5545 8977
5549 7560
5550 8118
5553 5768
5553 7370
5555 6298
5556 6516
5563 9239
5567 7542
5567 8433
5569 8672
5570 6112
5570 7207
5571 7447
5571 7683
5577 8031
5578 7961
5580 8942
5580 9595
5583 6245
5584 9230
5586 9787
5587 5634
5587 6380
5587 7984
5588 8376
5592 6765
5592 7886
5592 9038
5594 6353
5594 8906
5594 9186
5597 5780
5599 6511
5599 6992
5604 8171
5607 5764
5610 6431
5610 9665
5612 5729
5612 6675
5612 7986
5615 8795
5616 8713
5620 7803
5621 9577
5624 6468
5624 6645
5626 7908
5627 6402
5627 6718
5627 6719
5630 5922
5630 6950
5631 6140
5632 6336
5632 7029
5634 5925
5636 6651
5636 6730
5636 7520
5638 5689
5639 6532
5643 7213
5644 9103
5645 7022
5645 7778
5647 5968
5649 7195
5650 8904
5651 8211
5652 7501
5653 5680
5658 8895
5662 6050
5664 8611
5665 5679
5668 9011
5669 6827
5671 9522
5672 7084
5672 7836
5674 6751
5675 6589
5676 7972
5677 6274
5677 9639
5680 7881
5680 8159
5681 7251
5685 7614
5685 9450
5686 8857
5689 7211
5689 7817
5691 6388
5692 6876
5695 5886
5697 5826
5697 8194
5700 9820
5705 9390
5706 8677
5706 8978
5710 7484
5713 7311
5715 8491
5718 6214
5718 9717
5722 6780
5722 6937
5725 6707
5730 5880
5730 7433
5742 6155
5748 8241
5749 9799
5750 6156
5752 7930
5755 5857
5755 8314
5759 6857
5759 9633
5762 6490
5762 6923
5763 6488
5765 6889
5765 8327
5766 6177
5766 9267
5769 8108
5770 7852
5773 9618
5775 7768
5775 8884
5779 5948
5779 6562
5780 7053
5786 6635
5790 6186
5790 7090
5791 6623
5791 7806
5792 8452
5799 6558
5801 8885
5806 6217
5808 6747
5811 6663
5812 7709
5812 8255
5813 6054
5817 6260
5817 6893
5817 8571
5818 7052
5819 9344
5821 7828
5824 6405
5825 6282
5826 9469
5828 8492
5832 9582
5834 6743
5836 6948
5836 7947
5840 8098
5843 5961
5844 6566
5845 8996
5847 6131
5853 7440
5854 6977
5854 9092
5859 8457
5861 9307
5864 6476
5865 8334
5867 8572
5868 6192
5869 9472
5873 7492
5874 6194
5875 7010
5879 8502
5880 6317
5882 7464
5886 6968
5889 9763
5894 7292
5895 6423
5895 7028
5896 6594
5898 9017
5899 6339
5900 8900
5903 6234
5905 6069
5906 8338
5906 9102
5909 8707
5911 5979
5911 8450
5912 8622
5914 6297
5917 6409
5920 5965
5920 7186
5920 9592
5921 7763
5924 9600
5929 6510
5933 9385
5937 8700
5940 8373
5941 6736
5941 7362
5949 7478
5958 7264
5958 8117
5959 9197
5960 6065
5962 8312
5969 7340
5973 7839
5974 8020
5975 6987
5978 8744
5979 6983
5979 7403
5979 8116
5982 6657
5982 6683
5985 7106
5987 7573
5990 8189
5992 8166
5992 8486
5997 8708
5999 7795
6000 6695
6003 6556
6005 6761
6010 6438
6016 9018
6017 9523
6018 7511
6018 8374
6020 9128
6022 8916
6023 7848
6024 7968
6026 7415
6027 8604
6029 7068
6029 7347
6031 6347
6032 6451
6035 9495
6036 8003
6036 9782
6043 9005
6044 6427
6044 6583
6044 9204
6045 7040
6048 9692
6054 8174
6058 8682
6058 9221
6063 6613
6066 6332
6066 9290
6068 7417
6069 8908
6069 9026
6070 6452
6072 7670
6074 8557
6076 6975
6081 7686
6083 8912
6084 6838
6084 7863
6090 7467
6091 9009
6092 6484
6092 9813
6093 6843
6093 7741
6093 9751
6094 7116
6096 9192
6098 6658
6098 6912
6100 9296
6102 6441
6104 7220
6114 7549
6115 8706
6117 7697
6118 7410
6121 9530
6123 7316
6123 7963
6124 9716
6129 8526
6129 9565
6131 6836
6131 8278
6135 7751
6136 9501
6137 6390
6137 8785
6140 8393
6146 9110
6149 8008
6149 9288
6150 7661
6154 6839
6154 7456
6155 8269
6156 7955
6157 6403
6158 8346
6160 6864
6160 8635
6162 8409
6168 8917
6170 7713
6170 8789
6172 6498
6172 9416
6174 6356
6174 9436
6179 7295
6179 8336
6181 6439
6182 7714
6183 7330
6188 6464
6188 7777
6189 8182
6193 6389
6194 6322
6196 6993
6196 7859
6199 8341
6205 7020
6205 8271
6209 8285
6216 6310
6216 8490
6218 8533
6223 7780
6223 8525
6224 6563
6224 7341
6226 8801
6227 9507
6235 8945
6236 7215
6237 7979
6238 7475
6243 6749
6247 8829
6249 7853
6250 8422
6251 6898
6251 7162
6253 7005
6255 7787
6258 8249
6262 6401
6263 6393
6263 7421
6263 9295
6264 7491
6266 8102
6266 8743
6269 7398
6270 9303
6271 7531
6279 9125
6282 7212
6283 6846
6283 8567
6284 6723
6286 9621
6287 6612
6291 7857
6294 6885
6298 6724
6302 8198
6304 9795
6306 7012
6306 7056
6314 6325
6320 8297
6333 6726
6335 8280
6337 7677
6339 6342
6339 9819
6342 8089
6342 9002
6343 9275
6344 8465
6344 9467
6348 7035
6348 7184
6348 7448
6349 7269
6351 7307
6353 9623
6354 8296
6355 7007
6355 9014
6358 6414
6360 7132
6360 7239
6362 6826
6373 8923
6374 7978
6378 8092
6378 9557
6381 6771
6392 8434
6393 9699
6394 9330
6398 6802
6403 8061
6407 9458
6409 6905
6410 8424
6410 8442
6411 7847
6413 7933
6416 7814
6416 8043
6417 7361
6418 6586
6419 7155
6419 7545
6424 8485
6426 8437
6431 8204
6432 6445
6437 8481
6440 6592
6445 9643
6446 6575
6447 9481
6448 9070
6449 8426
6450 8674
6456 7143
6458 8157
6461 6849
6461 7244
6462 9189
6462 9273
6466 6512
6467 8947
6472 7436
6474 9502
6475 9597
6478 9207
6479 7622
6482 8903
6484 6869
6485 7177
6496 8354
6497 7734
6503 9357
6504 7328
6505 7294
6506 8345
6507 7656
6510 9000
6512 9659
6513 7283
6515 9352
6520 7306
6523 7085
6523 7580
6525 7255
6525 8321
6525 8588
6532 8041
6537 6762
6539 6837
6540 7271
6548 7916
6550 7609
6556 6963
6557 6611
6561 8197
6566 8206
6566 9772
6570 7034
6571 6897
6572 8472
6573 9745
6577 6716
6581 6868
6583 8793
6589 9684
6590 8632
6593 6729
6595 8253
6598 7750
6600 6793
6601 6616
6601 7224
6601 9119
6607 8127
6607 8552
6608 6800
6616 9514
6616 9533
6623 7205
6633 8910
6636 8473
6637 7000
6637 7252
6637 9371
6638 7658
6639 8842
6642 8146
6644 7600
6646 8272
6648 9341
6650 7790
6652 6828
6652 8402
6658 9683
6660 6817
6662 9578
6664 8420
6666 7389
6671 7737
6672 7385
6673 9293
6677 7167
6683 9291
6687 7460
6687 8134
6691 9587
6694 7875
6694 9248
6701 7267
6704 7663
6707 6909
6707 7066
6713 8944
6714 6894
6716 9270
6717 7982
6718 7392
6718 9379
6731 9475
6735 7004
6736 9359
6738 7603
6742 7349
6747 9321
6751 6763
6753 8847
6755 7690
6756 7597
6758 9104
6763 7974
6770 7625
6770 8521
6779 8187
6779 8458
6779 8582
6781 7142
6784 9300
6788 9037
6789 7702
6792 7621
6792 7841
6796 9486
6801 8601
6803 7326
6804 8956
6805 7490
6806 9561
6808 8815
6814 9351
6815 8995
6820 8191
6829 8293
6831 7692
6833 8680
6834 7230
6837 7728
6839 7279
6839 9053
6840 7826
6846 9396
6847 7740
6848 7063
6848 7191
6859 7871
6859 8686
6859 9118
6863 7934
6866 6875
6868 7268
6870 7381
6875 8161
6877 8754
6878 8208
6878 9496
6880 7236
6881 6902
6884 7876
6885 9101
6886 8543
6888 7139
6890 9612
6892 7530
6894 7554
6896 8326
6903 6922
6903 8224
6908 9609
6912 9581
6915 9635
6917 8606
6917 9704
6922 7273
6931 7564
6936 7786
6938 7288
6942 7331
6944 9262
6944 9529
6946 9660
6949 7062
6950 7977
6959 9696
6962 9319
6965 9115
6969 7960
6975 7153
6977 7739
6978 8778
6980 8039
6981 8416
6993 8535
6996 7173
6997 9199
7000 8697
7001 7868
7003 7047
7003 9139
7004 8324
7005 7618
7006 8048
7007 9292
7010 8291
7019 7383
7020 7388
7026 7427
7029 8788
7031 9260
7038 7998
7041 9114
7044 8044
7051 7679
7051 7922
7053 9650
7055 7664
7057 7746
7058 8859
7062 7535
7063 9494
7064 7274
7075 9443
7078 7310
7088 8371
7089 7996
7097 7178
7098 8067
7099 7596
7101 7366
7109 7575
7116 7870
7121 9060
7122 7645
7126 9393
7127 9497
7134 7329
7134 7904
7144 8821
7145 9489
7148 9594
7152 7355
7153 7805
7154 8270
7154 8466
7158 7807
7162 7665
7166 8585
7168 8807
7170 9538
7173 8418
7173 8498
7176 7651
7177 7967
7177 9301
7178 8237
7180 9168
7181 7687
7183 7541
7189 7694
7192 7515
7194 8623
7195 8226
7208 9232
7219 8254
7219 8766
7222 7411
7224 7971
7224 8053
7235 9169
7237 8761
7237 9521
7240 9294
7241 8685
7243 8773
7245 7458
7246 8410
7246 8670
7247 8641
7250 8082
7254 8584
7263 7282
7265 8608
7272 8684
7274 9648
7278 9757
7279 8511
7288 9206
7289 7365
7292 9781
7294 7882
7299 7829
7299 8495
7300 8907
7303 8717
7304 8718
7306 9036
7310 8540
7311 9702
7312 7938
7313 8169
7314 8820
7317 7738
7321 7980
7321 9147
7322 8136
7328 7773
7328 9673
7330 7675
7331 8690
7332 7397
7334 7337
7336 7991
7341 8751
7341 9332
7342 8921
7342 9679
7347 8059
7349 8652
7352 9283
7355 7428
7358 9774
7363 9401
7365 8105
7366 8124
7370 8529
7375 7727
7378 8023
7379 9447
7391 9474
7393 7838
7394 8283
7396 9513
7404 7517
7404 9086
7404 9271
7408 7594
7410 7416
7412 8852
7414 8192
7414 8840
7415 9405
7419 7865
7429 8013
7430 9183
7432 8704
7432 9202
7434 9576
7439 8530
7443 8615
7446 7913
7449 8064
7459 8934
7460 7835
7463 9480
7465 7650
7472 8547
7474 9064
7480 9309
7488 8050
7489 8902
7490 9814
7491 9252
7494 7669
7499 8985
7503 8643
7505 9120
7505 9211
7506 9021
7509 8167
7519 9155
7522 9677
7523 9541
7525 7942
7529 7970
7534 8737
7537 8258
7547 8839
7550 8288
7550 9709
7552 9482
7555 9488
7559 9710
7566 8710
7572 7860
7572 9238
7573 8245
7574 7896
7578 8862
7579 8071
7581 9194
7590 7914
7593 8966
7595 9055
7602 7910
7602 8427
7618 8107
7623 8687
7623 9237
7627 7816
7636 8961
7642 8419
7643 7695
7643 8005
7649 7878
7655 9373
7667 7707
7668 8306
7668 9661
7669 8723
7669 9106
7670 7885
7671 8828
7674 9057
7683 8518
7684 9703
7689 8736
7691 8513
7703 9701
7705 8914
7707 8233
7707 8783
7710 8304
7714 8111
7720 7834
7724 9491
7738 8238
7741 8151
7749 8809
7751 9490
7758 9253
7764 8696
7765 7903
7765 9455
7776 9058
7782 8207
7785 9255
7789 8500
7793 9124
7797 9464
7798 8225
7800 8299
7805 9188
7806 8724
7807 9297
7810 8214
7813 9223
7818 9166
7824 9343
7825 9031
7826 8078
7826 8987
7827 9750
7828 8609
7831 9136
7832 9483
7832 9695
7836 9079
7844 8087
7850 8002
7850 8188
7854 9042
7862 8694
7862 9059
7863 7924
7863 8300
7873 8922
7876 9413
7877 8394
7877 8802
7880 9378
7882 8303
7882 9746
7886 8435
7886 9346
7891 8624
7911 8581
7914 8347
7921 9562
7922 9545
7924 8153
7925 9590
7931 8432
7939 9370
7942 8939
7950 7987
7953 8172
7956 8597
7956 8846
7956 8949
7972 8509
7978 8703
7978 9175
7985 9013
7987 9422
7989 8234
7995 9800
7997 9511
7999 9729
8009 8055
8009 8658
8015 8794
8017 9476
8020 8487
8023 8343
8025 8160
8029 8616
8032 8144
8035 8298
8039 9645
8050 8901
8061 8931
8067 9764
8068 9153
8070 8877
8070 8980
8071 8554
8091 8693
8092 9662
8100 8786
8103 8290
8103 9419
8103 9714
8118 9477
8120 8325
8122 8726
8129 9167
8130 8558
8135 9616
8151 8771
8155 9537
8160 8378
8172 9107
8189 9779
8190 9539
8192 9394
8193 8350
8195 8242
8195 9052
8196 9075
8207 9804
8208 8243
8217 8691
8217 8933
8219 8333
8219 9580
8226 9278
8233 8883
8241 8781
8244 8329
8245 9518
8255 9113
8257 8391
8257 9536
8288 8501
8292 8503
8294 8537
8320 9284
8324 8657
8333 9809
8342 8855
8356 8796
8357 8926
8363 9006
8370 8946
8372 8594
8374 9261
8377 8774
8390 9554
8412 9712
8412 9770
8413 8727
8419 9410
8430 9088
8431 9349
8445 8705
8457 9766
8460 9680
8462 8520
8464 9149
8476 8918
8480 8970
8484 8515
8489 8948
8492 8984
8498 8747
8499 8748
8510 9001
8513 9049
8514 9738
8518 9773
8532 9425
8536 9752
8540 9460
8541 9369
8545 8864
8547 9569
8561 8593
8564 9198
8571 9601
8593 8760
8595 8614
8614 9074
8614 9135
8621 8659
8624 9715
8631 9468
8633 8741
8640 9218
8661 9448
8672 9504
8678 9462
8679 8882
8679 9336
8695 9672
8696 8849
8698 9526
8705 9171
8721 9045
8729 9670
8730 9190
8738 8856
8745 9030
8760 9212
8763 8938
8763 9143
8783 8911
8809 9655
8813 8936
8823 9575
8826 8958
8832 9817
8835 9678
8838 9185
8840 9605
8847 9573
8882 9196
8889 8981
8892 9794
8914 9019
8921 8975
8945 9310
9024 9705
9030 9165
9033 9713
9054 9250
9080 9423
9103 9224
9103 9649
9123 9130
9145 9598
9148 9338
9154 9736
9157 9164
9157 9304
9183 9789
9223 9400
9225 9728
9243 9588
9248 9574
9293 9367
9298 9350
9347 9361
9368 9532
9432 9599
9439 9812
9447 9459
9467 9628
9486 9720
9488 9668
9500 9544
9503 9802
9523 9657
9567 9735
9567 9761
9580 9671
9602 9642
9638 9694
9692 9706
