5426 2384
1 2
1 9
1 45
1 108
1 111
1 703
2 3
2 4
2 5
2 16
2 81
2 161
2 256
2 834
2 905
2 1709
2 3122
3 6
3 530
3 1363
3 1903
3 3105
3 4023
3 4158
4 64
4 480
4 1108
5 7
5 8
5 17
5 222
5 396
5 420
6 722
6 1491
6 1738
7 10
7 14
7 21
7 26
7 30
7 43
7 52
7 84
7 270
7 321
7 672
7 1935
7 5033
8 44
8 485
8 1011
8 1021
8 4200
8 4646
9 18
9 19
9 28
9 48
9 93
9 286
9 1189
9 3783
10 11
10 33
10 318
10 644
10 1478
10 3594
11 12
11 13
11 22
11 218
11 312
11 707
11 887
12 20
12 25
12 32
12 57
12 121
12 371
13 15
13 37
13 100
13 305
13 543
13 693
13 857
13 1159
13 2139
14 34
14 177
14 203
14 1473
15 24
15 27
15 31
15 342
15 1334
15 2956
16 29
16 71
16 77
16 122
16 231
16 389
16 1143
16 2983
17 51
17 56
17 230
17 295
17 1440
17 1515
17 5074
18 23
18 72
18 888
18 1096
18 3124
18 4875
19 86
19 101
19 132
19 138
19 1223
19 2065
19 2330
20 39
20 85
20 345
20 392
20 931
20 2129
20 2385
21 38
21 60
21 1618
21 1998
21 3880
22 49
22 149
22 343
22 527
22 1355
22 2907
22 3644
23 123
23 156
23 2458
23 4799
24 220
24 335
24 660
24 1007
24 4085
25 381
25 432
25 2277
26 50
26 484
26 581
26 878
26 1029
26 1944
26 2220
26 3954
27 165
27 509
28 61
28 292
28 4546
29 103
29 158
29 224
29 856
29 930
29 1047
30 35
30 41
30 223
30 2292
31 131
31 162
31 251
31 259
31 408
31 654
31 1240
31 1766
31 2798
32 40
32 59
32 110
32 725
32 4627
33 53
33 139
33 176
33 226
33 346
33 645
33 1190
33 2125
34 73
34 151
34 258
34 271
34 1374
35 36
35 58
35 428
35 1657
35 2082
35 3958
36 54
36 1293
36 3083
37 1999
37 2014
38 42
38 69
38 120
38 244
38 525
38 571
38 3329
39 97
39 377
39 3511
40 150
40 157
40 589
40 674
40 1602
41 46
41 55
41 115
41 284
41 301
41 370
41 2816
41 2964
42 140
42 1619
43 74
43 75
43 194
43 1398
43 3553
44 47
44 67
44 740
44 1430
45 92
45 557
45 4246
46 154
46 398
46 710
46 1674
47 80
47 478
47 1501
47 1829
47 3197
47 3509
47 4046
48 1534
48 4942
49 91
49 278
49 404
49 2304
49 3659
50 102
50 330
50 475
50 775
50 1436
50 2830
50 3008
51 62
51 68
51 79
51 82
51 166
51 243
51 255
51 324
51 958
52 63
52 215
53 66
53 88
53 311
53 1606
53 3002
55 114
55 196
55 657
55 1727
55 1940
55 2572
55 4819
56 116
56 3526
56 3629
56 4447
57 70
57 87
57 89
57 5346
58 241
58 474
58 871
58 1888
59 65
59 137
59 201
59 245
59 298
59 493
59 802
59 1326
60 197
60 418
61 78
61 113
61 124
61 481
61 978
61 2489
61 3516
61 4366
61 4540
62 1671
62 1710
63 96
63 178
63 847
63 918
63 934
63 2823
64 99
64 190
65 90
65 129
65 148
65 168
65 263
65 615
65 3754
65 4607
66 183
66 4419
67 76
67 242
67 353
67 462
67 1463
67 2113
67 3415
67 4353
68 83
68 210
68 308
68 2935
68 4205
69 594
70 605
70 2093
71 309
71 1565
71 2563
71 4618
72 133
72 285
72 319
72 1080
72 1404
72 3972
73 209
73 239
73 771
73 2255
73 4970
74 105
74 144
74 204
74 373
74 661
74 1233
74 2127
75 721
75 1254
75 1383
75 5302
76 119
76 260
76 341
76 1224
76 2067
76 3208
77 142
77 336
77 590
77 1277
77 2329
78 170
78 372
78 1844
78 2204
79 294
80 134
80 153
80 1347
80 2676
81 1232
81 2477
81 3471
81 4094
82 126
82 172
82 410
82 438
82 853
82 962
82 1439
82 1717
83 246
83 304
83 894
84 135
84 306
84 414
84 743
85 169
85 249
85 289
85 307
85 937
85 1465
86 884
86 1340
86 1686
87 136
87 160
87 175
87 1668
87 1718
87 4369
88 268
88 869
88 1138
88 1552
88 3081
89 232
89 591
89 1793
89 2055
89 3405
89 4600
90 691
90 1113
90 1172
91 94
91 95
91 109
91 640
91 953
91 991
91 1737
91 3524
92 117
92 261
92 925
92 2980
93 217
93 349
93 354
93 1008
93 1135
93 1608
93 1705
94 499
94 2209
94 3029
95 118
95 127
95 431
95 1896
95 1909
95 2507
95 3194
95 4468
96 98
96 423
97 572
97 1833
97 2649
97 4340
97 4703
98 189
98 338
98 401
98 554
98 776
99 107
99 2266
99 3577
99 4441
100 1127
101 106
101 128
101 130
101 143
101 155
101 395
102 1791
102 1968
102 3965
102 4124
102 4935
102 4989
103 104
103 146
103 147
104 296
104 363
104 673
104 753
105 323
105 667
105 715
105 1282
105 2047
106 192
106 464
106 1084
106 3114
107 112
107 529
107 2099
108 2364
108 5113
110 1346
110 3779
111 862
111 3992
112 520
112 1329
112 1917
112 4330
113 287
113 535
113 3960
114 422
114 562
114 1269
114 1297
114 1511
114 2002
115 247
115 421
115 904
115 4843
116 364
116 610
117 276
117 331
117 2674
118 207
118 326
118 2887
119 167
119 205
119 607
119 5234
120 1411
121 208
121 272
121 769
121 861
122 125
122 188
122 254
122 281
122 749
122 863
123 225
123 320
123 552
123 787
123 1105
123 1222
123 1764
123 2406
124 200
124 621
124 3301
125 141
125 955
125 1221
125 1564
125 3235
126 688
127 836
127 2812
127 3215
128 248
128 430
128 459
128 641
129 173
129 199
129 300
129 951
129 1592
130 511
130 538
130 815
130 2828
131 383
131 634
131 1878
131 4090
132 1199
132 3146
132 3191
133 751
133 820
133 1639
133 2041
133 2079
134 159
134 460
134 677
134 1164
134 1336
135 666
135 1149
135 2440
136 171
136 810
136 1161
136 1547
136 4453
137 174
137 553
137 1002
137 1596
137 1834
138 1320
138 1506
138 2419
138 2877
139 240
139 403
139 658
139 1484
139 3087
140 164
140 265
140 819
140 1263
140 4199
142 163
142 212
143 592
143 2618
143 3367
143 3371
144 145
144 1695
144 2006
144 2590
145 280
145 424
145 434
146 228
146 316
146 1020
146 1462
147 385
147 472
147 963
147 1197
147 1353
147 2268
147 3283
147 3291
148 184
148 229
148 235
148 351
148 617
148 781
148 826
148 1938
149 426
149 960
149 988
149 2476
149 2790
150 216
150 1965
150 4113
150 4940
151 152
151 195
151 198
151 355
151 760
151 3750
151 5067
152 310
152 1043
152 1433
152 3656
153 179
153 378
153 3702
153 5228
154 257
154 262
154 468
154 669
154 739
154 3416
156 798
156 1883
157 694
158 273
158 358
158 386
158 444
158 1177
159 297
159 1309
159 2248
160 467
160 5290
161 233
161 279
161 477
161 2060
161 3376
162 191
162 800
162 3333
163 181
163 202
163 329
163 1102
163 4723
164 187
164 440
164 1319
164 1773
164 3352
165 659
165 1139
165 2412
166 180
166 302
166 2864
167 322
167 445
167 544
167 3661
167 4114
167 4335
167 4945
168 186
168 332
168 1032
168 1499
168 1993
168 2018
169 699
169 839
170 1058
170 1555
170 1821
170 4363
171 327
171 333
171 876
171 1234
171 2337
172 283
172 784
173 382
173 505
173 4252
174 182
174 900
176 653
176 779
176 875
176 907
177 238
177 328
177 488
177 608
177 636
177 671
177 741
177 4170
177 4780
178 536
178 1526
178 1898
178 3310
179 236
179 532
179 616
179 915
180 446
180 556
180 1642
181 185
181 387
181 441
181 1964
182 213
182 299
182 1259
183 397
183 457
183 1086
183 1420
183 1654
184 206
184 455
184 1124
184 1414
184 2236
185 288
185 2105
186 193
186 524
186 559
186 632
188 492
188 550
188 668
188 1364
188 1919
188 2250
189 211
189 282
189 340
189 922
189 1061
189 4058
191 4841
192 274
192 1405
192 2075
193 622
193 652
193 1376
193 2098
193 2511
194 267
194 452
194 1036
194 1931
195 2262
195 5207
196 439
196 981
196 1018
196 1053
197 219
197 221
197 234
197 695
197 943
197 3317
198 3473
198 4247
198 5117
200 510
200 687
200 1037
200 1054
200 2387
200 2634
200 4399
201 1593
201 3120
201 3943
202 852
202 972
202 1649
202 4698
203 227
203 411
203 448
203 799
203 1041
203 1500
203 1755
203 2973
203 4226
204 250
204 269
204 2939
204 3882
205 359
206 929
206 2161
206 2546
206 3045
206 4396
207 456
208 2876
209 696
209 1532
209 2685
209 2998
209 4611
211 689
211 1350
212 980
212 4902
213 214
213 1823
213 2449
213 3188
214 2957
214 2972
215 407
215 1945
216 806
216 824
216 979
217 253
217 2024
218 409
218 1146
218 1373
218 3012
218 3229
219 642
219 1885
219 3072
219 3567
220 453
220 3521
221 388
221 566
221 580
221 1756
222 515
222 4102
222 4495
222 4514
223 314
223 416
223 614
223 1115
223 3181
224 315
225 347
226 516
226 551
226 2351
226 3564
226 5013
227 264
227 1382
227 1905
228 542
228 1123
229 489
229 1803
229 5233
230 237
230 1371
230 2902
231 2365
232 393
232 433
232 901
232 1487
232 2070
232 3434
233 469
233 757
233 1208
233 1253
233 2433
233 4379
234 291
234 705
234 846
234 1299
235 266
235 339
235 633
235 635
236 1249
237 391
237 577
237 1982
238 366
238 731
238 842
239 578
239 2411
240 974
240 2190
241 406
241 708
241 3287
242 252
243 3891
244 564
244 612
244 648
244 796
245 483
245 494
245 584
245 680
245 1119
245 4119
246 3131
246 3547
246 4952
247 275
247 435
247 2016
247 3211
248 325
248 3051
248 4929
249 570
250 1453
250 3622
251 752
251 1009
251 1131
251 1759
252 344
252 2744
253 2749
253 3657
254 427
254 1211
254 1413
255 638
255 1039
255 4567
255 5138
256 4223
257 399
257 429
257 2699
258 1969
258 3757
259 627
259 1101
259 2509
259 3132
259 4599
260 471
260 563
260 997
260 2456
260 2909
260 2965
260 3665
260 5221
261 809
261 1679
262 679
262 788
262 843
262 1543
263 348
263 1236
263 1287
263 3109
263 5055
264 870
264 1062
264 2480
265 290
265 384
265 413
265 1184
265 2363
266 1995
267 1925
267 2408
267 4577
268 436
268 575
268 790
268 1128
268 1572
268 4934
269 500
269 909
269 1900
269 2716
269 3497
270 519
270 1959
270 2181
270 3437
271 1324
271 1769
271 2990
271 3794
271 4749
272 1408
272 1777
273 989
273 1264
274 277
274 303
274 356
274 2302
274 2867
275 369
276 2328
276 3569
277 334
277 361
277 825
277 1386
278 595
278 920
279 895
279 1116
279 1201
279 1202
279 1722
279 2803
279 4510
279 4965
280 405
280 602
280 603
280 2340
280 4958
282 4632
283 293
283 522
283 1173
283 1471
283 4849
284 706
284 1370
285 2136
286 1967
286 3870
287 352
287 899
287 1145
287 3278
288 546
288 663
288 2237
288 5386
289 823
289 2434
289 2844
290 1134
290 1200
291 628
291 637
291 783
291 965
291 1524
291 1754
291 1947
293 1574
293 2843
293 4581
294 2495
294 4068
295 337
295 357
295 495
295 855
296 732
296 5225
297 2200
297 3172
297 3778
297 3989
298 1663
299 568
300 367
300 765
300 1660
300 2631
301 919
301 1147
301 1682
301 2101
301 3936
302 379
302 540
302 586
302 619
302 1273
302 1578
303 402
303 521
303 1396
304 1066
304 2148
304 3451
305 317
305 1110
306 833
306 2548
306 4859
307 425
307 463
308 2622
308 5185
309 449
309 482
309 1059
309 4716
310 350
310 794
310 1857
310 2174
311 313
311 3068
312 415
312 631
312 716
312 1214
313 939
313 959
313 4968
315 1482
315 2197
316 450
316 936
316 1194
316 2689
316 3024
317 1986
318 2118
318 3265
318 4971
320 1250
320 2740
320 3412
320 4524
321 528
321 828
321 2763
322 738
323 1576
323 2407
324 712
325 1495
325 1872
325 2341
326 1274
326 1715
327 360
327 3346
328 1971
329 362
329 601
329 729
330 620
330 1591
330 3202
330 4647
331 1155
331 1431
331 2132
332 1548
332 3161
332 3613
333 400
333 656
334 368
334 3773
335 502
335 523
335 1213
336 2708
336 5305
337 504
337 3729
337 4194
338 3758
339 374
339 3689
340 437
340 704
340 761
340 2015
340 2072
340 4328
341 458
341 599
341 647
342 1205
342 2675
343 714
343 992
344 1761
344 3690
345 793
345 995
345 1520
346 442
346 2541
347 1609
349 758
349 816
349 4243
350 3205
351 454
351 514
351 1081
351 3844
351 4147
353 736
354 639
354 5061
355 587
355 747
355 2597
356 597
356 813
356 1610
356 3164
357 506
358 730
359 1126
359 4232
359 5422
360 365
360 598
360 1380
360 2323
361 877
361 1566
362 921
362 1270
362 3130
362 3768
362 4174
363 2756
363 2919
364 2829
365 503
365 893
365 1331
366 778
366 1753
366 1817
366 3449
367 5126
369 996
369 2448
370 380
370 390
370 1325
371 375
371 593
371 600
371 1210
371 1747
371 3926
372 376
373 2540
374 665
374 1227
374 1348
374 4066
375 487
375 2519
375 2529
375 3249
375 4035
376 2367
377 412
377 768
378 4807
379 560
379 940
380 1416
380 4837
381 394
381 496
381 1275
382 490
382 583
382 2732
383 479
383 967
383 1098
385 419
385 451
385 565
385 5098
386 756
387 697
387 1075
387 1216
387 2335
387 4374
387 4811
389 1379
389 4312
390 851
390 5202
391 576
391 1004
391 1714
391 3321
392 2131
393 700
393 1203
393 1855
393 2272
393 2869
393 3688
395 629
396 609
396 2438
396 2620
396 3722
396 5276
398 840
398 1351
398 1763
398 3093
399 797
399 1268
399 1395
400 1163
400 1706
401 465
401 2040
401 5249
402 742
402 1831
402 2030
402 2715
403 2930
404 606
404 780
404 2648
405 2149
405 3999
406 814
406 2224
407 911
407 2445
408 541
408 910
408 1801
408 3808
410 2196
410 4674
410 5258
411 498
412 548
412 727
412 885
412 1100
412 1217
412 4318
413 417
413 513
413 913
413 927
413 1074
413 1983
413 2267
414 517
414 2379
414 3764
416 2320
417 624
417 982
417 3995
417 5045
418 533
418 1472
418 2155
419 1667
420 643
420 926
421 512
421 701
421 713
421 3055
422 969
423 461
423 1182
423 2543
423 2606
423 3890
424 470
424 1073
424 1306
425 447
425 547
425 573
425 1016
425 2046
425 5183
426 497
426 2799
427 1402
427 2695
427 4848
427 5031
428 1063
429 508
429 655
430 827
430 956
430 1655
430 3931
431 973
431 1333
431 2064
431 2883
431 4352
432 1120
432 2083
432 4111
433 770
434 772
434 1088
434 1296
434 2623
434 3942
435 1034
435 1085
435 2201
435 3805
436 882
436 2457
436 2692
436 4285
437 1891
437 2497
438 2561
439 1540
440 443
441 526
441 3538
442 561
442 804
442 957
442 1377
442 1418
442 3561
443 709
443 1168
443 1261
443 1366
443 3168
443 3640
443 4184
444 579
444 1359
445 3920
446 549
446 1095
446 3210
447 690
447 1372
447 1403
447 1643
447 1688
448 1142
448 4768
449 466
449 792
449 5242
450 539
450 596
450 3417
450 4595
450 5135
450 5194
451 841
451 1099
451 2000
451 5345
452 754
454 1786
455 531
456 5216
457 2826
457 2969
457 4871
459 720
459 1441
460 682
460 860
461 476
462 812
462 1118
462 1301
463 1787
463 3218
464 1604
464 2309
464 3349
465 491
465 2717
465 4533
466 829
466 2793
466 2819
467 999
468 473
468 1422
468 2594
469 2778
470 537
471 786
471 2076
472 767
472 1245
472 1467
472 2643
472 3846
472 3968
473 1397
473 1573
473 4899
474 728
474 1094
474 2346
474 3677
474 3763
475 1603
476 1165
476 2007
477 873
477 1014
477 1865
477 1985
477 2531
478 914
479 1426
480 831
480 1858
480 3932
481 518
481 3042
481 3948
482 1810
482 2988
482 3841
483 890
484 986
484 1195
485 486
485 859
485 1150
485 2807
486 774
486 1659
486 3135
487 585
487 4350
488 625
488 745
488 2114
488 3422
489 630
489 1774
489 2103
490 507
490 3424
492 791
492 2680
492 4963
493 1012
493 1486
494 968
495 1725
495 2452
496 501
498 582
499 1975
500 832
500 1006
500 1796
500 4503
500 4602
501 1286
501 5418
502 651
502 1616
502 2588
503 618
504 1151
504 1546
504 3099
504 5172
505 623
505 1330
505 1365
506 569
506 735
506 773
506 822
506 3816
506 5331
507 1251
507 1859
508 733
508 748
508 1247
510 1652
510 2762
511 702
511 892
511 1361
511 1958
512 1022
512 1064
512 2244
512 2504
512 2861
512 4181
513 1013
513 1290
514 1630
515 2850
515 3556
516 534
516 675
516 2281
516 3419
517 545
517 1315
517 1507
517 2314
519 604
519 3970
520 692
520 1271
520 2398
521 1518
521 3011
521 4682
522 961
522 2153
522 3479
523 2791
524 1387
525 858
525 1415
525 2212
526 1060
526 3314
526 4708
527 932
528 567
528 902
528 3247
529 1352
529 1538
529 1549
529 4634
530 1207
530 4380
531 1132
531 3950
531 5377
532 1681
533 684
533 2866
534 1449
534 1483
534 1908
535 683
535 1342
536 1744
536 1912
536 2465
537 1310
537 2319
537 2416
539 698
539 1864
539 1894
539 2825
540 626
540 1242
540 1457
541 678
541 726
541 903
542 685
543 938
543 1078
543 1459
543 3261
543 4020
543 4915
544 1015
544 3240
545 785
545 2780
546 646
546 3148
546 4753
547 2032
547 2295
548 2768
548 3588
549 1057
549 1804
549 2168
549 3687
549 5384
550 555
550 1494
550 1640
550 1677
550 3079
552 889
553 2765
554 558
554 574
554 1569
554 5300
555 1349
556 613
556 912
556 1559
557 588
557 3530
558 662
558 2354
559 891
559 1477
561 2524
561 4622
561 4670
561 4991
562 782
562 854
563 676
563 935
563 1097
563 1897
563 3557
563 4654
564 1933
565 2286
565 3580
566 848
567 3974
568 4275
569 3601
571 3252
571 3271
572 1327
572 1808
573 2256
573 2771
573 4050
573 4459
574 3728
575 1292
576 886
576 2192
576 3994
578 2216
579 1906
579 3611
580 2229
581 3125
582 1103
582 1664
582 1684
582 3136
582 3175
583 649
583 2257
583 2820
584 1475
586 777
586 844
586 1557
586 3996
588 2392
590 1867
591 1024
592 1033
592 1701
592 2630
592 3703
593 3709
593 4550
594 1046
594 4337
594 5124
595 1826
595 3089
596 1762
598 711
599 681
599 2036
599 3234
600 3190
600 3571
602 650
602 1450
604 2806
605 1341
605 2515
605 3245
605 5244
606 1410
606 1454
608 686
608 948
608 2305
610 611
610 868
610 2026
610 2275
611 2143
612 1017
612 1579
612 2928
613 724
613 1815
613 4734
614 737
614 4450
615 1393
616 1973
616 2847
617 977
617 1784
617 3207
617 3398
618 1192
619 795
619 1503
619 1707
619 2141
620 762
620 2121
620 2846
620 2958
623 1204
623 1588
623 1924
623 3425
624 3552
624 5394
625 1698
625 2297
626 3166
627 2461
627 3295
628 1476
628 2123
628 2789
629 1338
630 1517
631 1166
632 1448
632 2647
632 3838
633 718
633 2100
634 1117
635 4994
636 2865
637 2009
638 4559
639 2349
640 881
640 1248
640 1313
640 2687
640 4216
640 4644
641 880
641 1042
641 3964
643 1780
643 3959
644 723
644 744
644 928
644 1367
645 719
645 789
645 1839
645 2353
645 3777
646 1493
646 2021
646 2470
646 3435
647 805
647 4548
647 5054
648 4408
649 670
649 1048
649 1140
649 4169
650 4625
651 1215
651 2584
651 2989
652 2372
653 1673
653 2285
653 3049
654 3246
654 3789
654 4298
655 1385
655 1550
655 2706
656 1512
657 998
657 1708
657 5048
658 818
658 2949
658 4145
660 664
660 1345
660 2078
660 3401
661 746
661 946
661 1934
662 1318
662 2745
663 1443
663 1921
663 4504
664 1226
665 1218
665 2057
665 4282
667 872
668 717
668 1019
668 1083
668 3201
668 3238
668 3345
668 3576
668 3915
669 1049
669 1956
669 4984
670 734
670 835
670 5129
671 1281
672 803
672 896
672 1090
672 3138
672 3309
672 4588
672 5115
674 1712
675 808
675 4892
676 1122
676 4098
677 1109
678 1089
678 1092
678 1272
678 2560
679 1278
679 1778
679 3520
680 1171
681 941
681 1585
681 5155
682 883
682 3802
682 3825
682 5224
683 2260
683 3389
684 867
684 908
684 1798
685 1144
686 807
686 1070
686 2214
687 1312
688 1079
689 917
690 1010
690 1599
692 1863
692 2697
692 3443
693 1447
694 821
694 1000
694 3334
694 3896
694 5198
695 898
695 4769
696 1607
696 4889
697 1050
697 1584
697 2097
697 2315
698 1228
699 1316
699 2967
700 1174
700 1307
700 1533
700 1882
700 2747
701 766
701 866
701 975
701 1375
701 1847
701 2759
702 1256
702 1390
702 4481
703 1456
703 3174
703 3362
704 2180
704 4643
704 4741
705 1537
705 2377
705 2494
705 3163
706 1519
707 2460
708 759
708 949
708 1322
708 1745
708 2475
709 1225
709 2352
709 4547
710 2670
711 763
711 3060
712 838
712 985
713 947
713 1186
713 1231
713 1568
713 3541
714 1071
714 3840
715 1429
715 1992
715 4076
716 1193
717 1288
718 1890
719 830
720 750
721 1028
721 2642
721 4154
723 3150
724 845
725 1111
725 4105
725 5351
726 1873
726 2119
726 2610
727 865
727 990
727 1104
727 1191
727 1295
727 1339
728 1311
728 2306
728 3700
729 1615
729 2356
729 2863
729 5099
729 5273
730 3609
731 874
731 924
731 1567
731 4032
732 3115
732 4193
733 1044
733 3485
735 2558
735 3441
736 1077
736 2185
737 976
738 1023
738 1153
738 3322
739 1243
739 4186
740 2074
742 964
743 1068
744 764
744 1337
745 916
746 2096
746 3647
747 1972
747 2491
750 755
750 1689
750 2469
750 3121
752 1611
752 2468
754 970
754 1853
754 3423
754 4776
755 4387
755 4694
756 1031
757 850
757 1734
757 3074
758 1846
758 2490
759 1157
759 2910
760 1417
760 2361
760 2417
761 3350
762 2679
764 1130
764 2228
764 3320
764 3338
765 1496
765 2987
765 4833
767 1308
767 3818
768 1378
768 3426
768 3914
769 3515
770 2824
770 4554
772 1152
773 4882
774 966
774 1051
774 1354
774 1840
774 1871
774 2451
776 811
776 950
776 1133
776 1732
777 2900
777 4055
778 4601
779 1895
779 2625
782 5199
784 2254
784 3504
785 5209
786 1807
786 4244
787 2333
787 2772
787 3156
788 2091
788 2856
788 4110
789 2442
790 1235
790 2996
790 3875
790 4693
791 1121
791 1141
791 1624
792 954
792 1038
792 1830
792 3788
793 1003
793 1626
793 2225
793 2873
794 2308
794 2537
795 1621
796 801
796 2019
797 1743
797 2008
797 2010
798 1040
798 5250
800 817
800 4519
800 4573
801 3325
802 2874
803 879
803 1302
804 2077
804 2922
805 1849
806 897
806 2370
807 1025
808 2530
809 2362
809 2796
809 3499
809 4123
811 1423
811 2355
811 2466
812 1323
814 837
814 1558
814 1733
814 1870
815 1720
815 3785
816 1488
816 1504
816 2884
817 1045
817 1055
817 1368
818 1181
818 3829
819 4786
820 1728
820 1907
820 2227
820 2409
820 5298
821 1490
821 1723
821 4772
821 5253
822 2934
823 1246
823 1344
823 1828
823 2223
824 1589
824 3486
825 4237
826 1258
828 1970
828 3933
829 1266
829 3827
830 2669
830 5322
831 864
832 1335
832 3627
832 4136
833 4702
834 1027
834 1805
834 4463
834 5083
834 5297
835 906
835 1750
835 3519
837 849
837 1030
837 1832
837 2031
838 984
838 1257
838 1669
838 2602
839 1106
840 1112
841 3286
842 3084
843 4269
843 5188
844 2273
844 3904
844 4483
845 942
845 1470
846 1696
847 1598
847 2038
848 1675
848 2334
849 4188
850 1087
850 1570
851 933
852 2994
852 3395
852 4956
853 4542
854 2566
854 2769
854 4629
855 1056
855 2690
855 4448
858 1824
859 1614
859 2696
859 2746
860 1949
860 2138
861 1072
861 1697
861 4508
861 4894
863 3113
864 1114
864 2755
864 4327
865 993
866 1716
867 1461
868 1239
868 2102
869 3280
870 1362
870 2044
871 1255
871 2637
872 1156
872 1160
873 2550
873 2729
873 3154
873 4683
874 1535
876 1502
876 4641
876 4979
877 945
877 4164
878 1238
878 2376
879 1702
879 1767
879 2629
880 1241
880 2230
881 1990
881 2251
881 2294
881 4485
882 1391
883 1384
883 2748
883 3664
885 4516
886 1861
888 1562
888 3030
889 1052
889 1656
890 1187
890 2282
891 2291
891 3563
892 1198
892 3605
894 5227
895 944
895 2028
895 2752
897 1001
897 1451
897 4553
898 2162
898 2247
899 1158
901 2222
901 4575
902 923
902 1932
903 2421
903 2704
904 1279
905 952
906 1005
906 1125
907 983
907 4117
908 2133
910 1510
910 2110
911 1148
912 994
912 2736
913 1421
914 2673
917 1951
917 2112
917 3143
918 1196
918 1283
919 2521
923 1694
924 1369
924 4064
925 1918
926 1536
926 2011
926 2677
926 4361
927 3098
927 4487
928 4707
929 971
929 2137
929 2493
929 4163
930 1955
933 1212
933 4074
934 2233
934 2274
934 3297
934 4582
935 1170
935 1452
935 2527
937 1676
937 3183
938 1305
938 1530
938 3464
939 3447
939 4876
940 2400
940 3474
942 1577
942 1772
942 2068
944 1082
944 1625
944 3830
944 4898
945 2122
945 3129
945 3624
946 987
947 1136
948 4424
949 1169
949 3752
950 2033
950 2048
950 2997
952 4248
953 3040
954 1806
954 4364
954 4458
957 1721
957 2050
958 3028
958 3157
959 1229
959 1252
959 1980
960 1321
961 1162
961 1850
961 2171
963 3774
964 1508
965 5425
966 2587
967 1409
967 1460
967 1531
969 3379
971 1781
971 4106
972 1582
972 1966
973 1497
973 1623
973 1629
973 1819
973 2359
974 3185
974 4764
974 5110
976 1065
977 1856
978 4535
979 3607
980 1154
980 1183
981 1176
981 1809
981 3631
982 1067
982 2661
982 4490
983 2995
984 2173
984 2300
984 4302
986 1595
987 1822
987 2071
987 2157
987 2646
987 4754
987 5025
988 1129
988 2042
992 4288
993 1583
993 1835
993 4804
993 4951
993 5195
996 4093
997 2425
997 3918
998 3186
998 4661
999 3490
999 4850
1000 2653
1001 2360
1001 4070
1002 3276
1002 3760
1003 2833
1003 4222
1003 4528
1005 1661
1005 3674
1005 4027
1006 2375
1007 1093
1007 1357
1007 3934
1007 4120
1008 1551
1008 2058
1008 2827
1009 1683
1011 2701
1011 3108
1012 1927
1012 3815
1012 4281
1012 4492
1013 4756
1016 1026
1016 1317
1016 1936
1016 2373
1017 1521
1017 3625
1018 1427
1018 1860
1018 3695
1020 2086
1021 1513
1021 1545
1022 1662
1022 4239
1023 1035
1023 1428
1024 4835
1025 1107
1025 4274
1025 4471
1026 3364
1026 3483
1027 2166
1028 1137
1028 2318
1029 1492
1029 2492
1031 1899
1032 2562
1032 3503
1032 5277
1033 1262
1033 1837
1033 2892
1033 2992
1035 2569
1035 2842
1036 2510
1036 3791
1037 2242
1037 2344
1037 2938
1038 1498
1038 1620
1039 1469
1039 2859
1039 4999
1040 1768
1041 3603
1043 1076
1043 2446
1044 1437
1044 1910
1044 2170
1044 4168
1045 1069
1045 1434
1046 3035
1047 3739
1049 1827
1049 1977
1049 2296
1049 3823
1050 1180
1050 3938
1051 1167
1051 2432
1052 2339
1054 1489
1054 4568
1054 4862
1055 4271
1056 2636
1057 1653
1057 1886
1062 3300
1064 1244
1064 4497
1064 5166
1065 3101
1066 2889
1066 3771
1067 2051
1068 3302
1068 3457
1068 4172
1069 3039
1070 2061
1070 2651
1070 5079
1071 1091
1071 4474
1074 1265
1074 4151
1077 2702
1077 5424
1078 5295
1080 2532
1081 5397
1083 4909
1084 1680
1084 4301
1085 1800
1085 2733
1086 1407
1086 1735
1086 3481
1087 1289
1088 3860
1088 4157
1089 1647
1090 1752
1090 1825
1090 1841
1091 2348
1093 2579
1094 1381
1094 1731
1094 3418
1095 1528
1095 1713
1095 2213
1095 3050
1095 4153
1095 4884
1096 1553
1097 2191
1098 5086
1100 2279
1100 4858
1101 3767
1102 4322
1103 2498
1103 4465
1104 2943
1105 1179
1105 3019
1106 1178
1106 1438
1107 4006
1108 1485
1108 2208
1109 3732
1110 1600
1110 2217
1110 4777
1111 2120
1111 2971
1111 4413
1112 1276
1112 2632
1112 5206
1113 2316
1113 2941
1114 1838
1114 3203
1118 1219
1118 3139
1118 3341
1118 4844
1119 1399
1120 4135
1121 1285
1121 1976
1121 2805
1122 5415
1123 1612
1125 2984
1125 3911
1126 2450
1126 2639
1127 1188
1127 2187
1127 2612
1127 3839
1129 1220
1129 3456
1130 2520
1130 2835
1131 5053
1132 2378
1132 2605
1133 4748
1134 4997
1135 2533
1137 3946
1139 1185
1139 1298
1140 1412
1140 2063
1141 1425
1141 2738
1142 1291
1142 1645
1142 5034
1143 4659
1144 1175
1144 2766
1145 1820
1145 3710
1145 4470
1146 1560
1146 4486
1147 2710
1149 3316
1149 4824
1150 1237
1150 3225
1150 4672
1151 4520
1151 4896
1152 3033
1155 4071
1158 1736
1158 1978
1158 2176
1158 3258
1158 4911
1159 1571
1160 3976
1160 4214
1161 2203
1161 2722
1161 4362
1162 2783
1163 4498
1163 5073
1164 3306
1164 3537
1165 3010
1166 2246
1166 4284
1166 4987
1166 5096
1168 2221
1169 1356
1169 1479
1169 4623
1170 1332
1171 3106
1172 3836
1173 1209
1173 2513
1173 4405
1175 1260
1177 1206
1177 1627
1177 2111
1177 2368
1180 1613
1180 1811
1180 2134
1181 1267
1181 5024
1182 2150
1183 1996
1183 4289
1183 5426
1184 2678
1184 3351
1185 1539
1185 3328
1187 1527
1188 1230
1189 2081
1190 1516
1190 2462
1191 4747
1193 1314
1193 1544
1193 2970
1193 3683
1193 4484
1194 1541
1194 2177
1194 2343
1195 5152
1196 4897
1197 3546
1198 1617
1198 1922
1199 5097
1200 5196
1201 1394
1201 2640
1201 2849
1204 2088
1205 2549
1205 4234
1207 2482
1207 4104
1207 5320
1208 2447
1209 2707
1210 1633
1211 1739
1211 3799
1213 1601
1214 1650
1214 3365
1215 1868
1215 2767
1216 1948
1216 2950
1217 1458
1217 1892
1219 2317
1220 2106
1221 1424
1221 1480
1221 2564
1221 3052
1221 3923
1222 1790
1222 2672
1222 4427
1223 2691
1225 1300
1225 4834
1225 5177
1226 1419
1226 1785
1226 2389
1227 2453
1227 3809
1228 1726
1230 1304
1230 2193
1230 4225
1231 2357
1231 2751
1231 3221
1232 3446
1232 4536
1233 1474
1234 2739
1235 1554
1239 1294
1239 3220
1240 2838
1240 4260
1241 3298
1243 2128
1243 2235
1244 1328
1245 2183
1245 5027
1246 1836
1247 3082
1247 4500
1248 1444
1249 1303
1249 1561
1249 1746
1249 2852
1250 1280
1250 3634
1251 2508
1251 2931
1251 4338
1252 1284
1252 1648
1252 2001
1253 2094
1253 2350
1254 1388
1254 1771
1254 2483
1254 2976
1256 2265
1258 1902
1258 1904
1258 5160
1259 4480
1260 1587
1262 5344
1264 2589
1266 1704
1267 1939
1267 2822
1269 4700
1269 5168
1273 3493
1273 3869
1275 1481
1275 2084
1275 2568
1277 2140
1277 3925
1278 2954
1279 5094
1279 5241
1282 2163
1282 2371
1282 3883
1283 1730
1283 2414
1283 2654
1283 3313
1284 3927
1287 1343
1287 4774
1288 1401
1290 1740
1290 2146
1290 5044
1291 2942
1293 1529
1293 2741
1293 2940
1293 3009
1293 3285
1293 4180
1293 5011
1294 1455
1294 1464
1294 1634
1294 3706
1295 1813
1295 2325
1296 1446
1296 2764
1296 3368
1297 2705
1298 1432
1298 3807
1299 2035
1301 4401
1301 5211
1302 2338
1302 4334
1303 1775
1304 3453
1305 2390
1306 3903
1307 2299
1307 2487
1308 2839
1308 3374
1308 4030
1311 3723
1314 1658
1314 3118
1315 1406
1315 4278
1315 4798
1316 1670
1316 1881
1317 1802
1317 3177
1318 1770
1320 2601
1321 1358
1321 1360
1321 2410
1322 1816
1322 2369
1322 5367
1323 2401
1324 1916
1325 1597
1325 3063
1326 2397
1326 2582
1326 3939
1327 1729
1327 2481
1328 4657
1329 2395
1329 3951
1329 5064
1332 1748
1332 2899
1332 4711
1333 2638
1333 4346
1334 1581
1334 1942
1334 4207
1334 5052
1335 1687
1337 3655
1338 1435
1339 1445
1339 2761
1340 1505
1341 4182
1342 2551
1343 1665
1343 2916
1344 1590
1345 3340
1346 2245
1346 2441
1346 4024
1347 1400
1349 1392
1349 3403
1351 2381
1351 3477
1353 1760
1353 2831
1354 1953
1354 3639
1355 1874
1358 3831
1358 4270
1359 1741
1360 3819
1360 4912
1361 2271
1362 1814
1363 1845
1364 1843
1364 2985
1364 4142
1364 4727
1365 1622
1365 2802
1365 4086
1367 3022
1368 2712
1368 3409
1369 1889
1369 4966
1370 1636
1370 3094
1370 3495
1371 2571
1371 4456
1372 2968
1372 3016
1373 2004
1374 4009
1377 1466
1378 1700
1378 4014
1379 1389
1380 4759
1381 2020
1381 3888
1382 1848
1382 2628
1382 2671
1383 1509
1383 2503
1383 3716
1384 1586
1385 2396
1387 2405
1387 3000
1387 3744
1388 1742
1388 3865
1389 2053
1390 2383
1392 4368
1393 2459
1393 4808
1393 5178
1394 1758
1395 4316
1396 1926
1396 2974
1397 4191
1398 2586
1398 3239
1398 3372
1398 4165
1399 1563
1399 2261
1399 2840
1399 3747
1399 5423
1402 2090
1403 4907
1403 5396
1406 2130
1408 3289
1408 3344
1408 4253
1409 2818
1409 4051
1410 1792
1410 2797
1411 1468
1411 2025
1412 2080
1412 2167
1412 2946
1412 3824
1414 2484
1414 3924
1415 4610
1416 3014
1417 2945
1418 3017
1419 1442
1419 2342
1419 3568
1422 1751
1423 1915
1424 1514
1424 1690
1424 1952
1424 2420
1425 4156
1425 4990
1428 1631
1428 3501
1428 4321
1429 2226
1429 5279
1430 1525
1433 2147
1434 1692
1434 2095
1434 2380
1436 1724
1436 2454
1436 3159
1438 4388
1438 4744
1439 3086
1441 3147
1443 3027
1443 4041
1445 2727
1446 1941
1446 4730
1447 1641
1447 3991
1448 5373
1449 3692
1450 1632
1450 3648
1451 2287
1452 1719
1453 4139
1454 5162
1455 3151
1456 1522
1457 2073
1457 4873
1458 2810
1458 3832
1458 4021
1459 1765
1459 2811
1459 4924
1460 2724
1461 2534
1462 2526
1462 4918
1463 4590
1464 3762
1465 1782
1465 4202
1466 2800
1467 3064
1468 3606
1469 3141
1470 1776
1470 2052
1470 2332
1473 4003
1473 4529
1474 3195
1474 3897
1475 5029
1475 5035
1476 1789
1476 3727
1477 3402
1477 4914
1478 2813
1478 2932
1480 2536
1481 3806
1481 4847
1481 5022
1482 3180
1483 2518
1484 1523
1484 3025
1484 3919
1485 3054
1486 2104
1486 2393
1487 3956
1487 5009
1488 1930
1489 1635
1489 2195
1489 4323
1490 3822
1491 3420
1491 3879
1492 2616
1493 1556
1493 2210
1493 3944
1494 4715
1496 1693
1497 1672
1497 4240
1500 3803
1501 1628
1503 1637
1503 1666
1503 4241
1504 2774
1507 1575
1507 3299
1507 5286
1509 4349
1511 2542
1513 4148
1514 3144
1514 4740
1514 5323
1515 1685
1515 2184
1518 1862
1518 3018
1518 3981
1519 4314
1521 4986
1522 2085
1522 2239
1522 2804
1522 2911
1522 4464
1522 5376
1523 1542
1524 2538
1524 3854
1526 5402
1527 4525
1529 3005
1529 3158
1529 5102
1531 2243
1531 3032
1531 4866
1532 4812
1534 3619
1534 4203
1534 5144
1535 1879
1537 2022
1538 3472
1539 2501
1539 4272
1540 2178
1541 3021
1542 1884
1542 4925
1544 2913
1544 4566
1544 5399
1545 2206
1545 3876
1545 4126
1545 4128
1546 1605
1547 1703
1547 4673
1548 1678
1548 1866
1548 2413
1548 4213
1549 2593
1549 3731
1550 3679
1550 4333
1552 4666
1553 3517
1553 5095
1554 4296
1555 1928
1555 2923
1555 4531
1557 1914
1557 2043
1557 3400
1558 2455
1561 2554
1561 4738
1561 5256
1562 5230
1563 2263
1563 3662
1563 5235
1564 3566
1564 3651
1565 1646
1565 2386
1565 4039
1565 4580
1567 3756
1568 1957
1568 2107
1568 2264
1568 4175
1570 3077
1571 3845
1572 3212
1573 1875
1573 3535
1573 3632
1574 1580
1574 3264
1575 1757
1575 2049
1575 2868
1576 2252
1576 2665
1577 2278
1577 2595
1578 2188
1578 2598
1578 5238
1579 1818
1579 2872
1580 1812
1580 2645
1582 2374
1582 2619
1582 2664
1582 4818
1583 2116
1583 3554
1584 2591
1584 2920
1584 5016
1585 1594
1585 2488
1585 2718
1585 3898
1585 5075
1586 2307
1588 2912
1589 1901
1589 2753
1589 3137
1590 5186
1592 3450
1594 1651
1594 5360
1595 2404
1596 1779
1600 5357
1601 1876
1601 2915
1601 3096
1604 2925
1604 3720
1605 4947
1606 3506
1606 4326
1608 3111
1608 3454
1609 4709
1610 2232
1610 2240
1611 1795
1611 2231
1611 3037
1611 4097
1612 2253
1613 1854
1613 3308
1614 3085
1614 3620
1614 3772
1616 2089
1616 3282
1619 2164
1620 2165
1620 3274
1620 5084
1623 1638
1623 2384
1623 2880
1623 3080
1624 2635
1626 1691
1626 2198
1626 3189
1626 5040
1627 2160
1628 2573
1629 2145
1632 1893
1632 2037
1632 4315
1633 1699
1633 1984
1633 2135
1633 2545
1634 4563
1635 4029
1638 3232
1640 1644
1641 4443
1642 2575
1643 4217
1644 3305
1645 1799
1646 3717
1646 4016
1647 3984
1648 2126
1648 2280
1650 1749
1650 1974
1650 3851
1651 1987
1652 3769
1652 4857
1653 2179
1653 3811
1654 4254
1655 1989
1656 1788
1656 5316
1659 2290
1659 4890
1659 5057
1660 2885
1660 3874
1660 4210
1662 5017
1665 3786
1665 5179
1667 1991
1669 2479
1670 4537
1671 2472
1671 2615
1673 5071
1674 4273
1677 4825
1679 1887
1679 1962
1680 2066
1681 3315
1681 4543
1685 3694
1685 4950
1687 2682
1687 4436
1688 3476
1690 1711
1691 2734
1691 2851
1692 3498
1693 2345
1693 3337
1693 3507
1693 4377
1694 4778
1695 2062
1695 3233
1697 2034
1697 3254
1698 2787
1700 4724
1703 3421
1703 3873
1704 3182
1705 1943
1705 3227
1705 5142
1709 2303
1711 3327
1711 3487
1712 1797
1713 3269
1713 3391
1713 3889
1713 4251
1714 2644
1715 3184
1715 5338
1716 1869
1716 3339
1716 4332
1718 3465
1719 1960
1719 2003
1719 2535
1721 5334
1723 2694
1724 2331
1724 3006
1727 3741
1728 2544
1728 4083
1729 4959
1730 2659
1731 2444
1731 2688
1732 1937
1732 3570
1735 3015
1737 2109
1737 2978
1738 3266
1738 4821
1740 2657
1740 3433
1741 2436
1741 3921
1742 2289
1742 4283
1742 5352
1743 2553
1745 4949
1746 2092
1747 4860
1749 3917
1751 4512
1752 4910
1753 1794
1753 3697
1754 2801
1754 4198
1755 4995
1755 5262
1756 1851
1756 2924
1756 3907
1756 4785
1757 2023
1758 2186
1758 3162
1758 4527
1759 1877
1760 4220
1762 3684
1764 3057
1764 5337
1765 1929
1766 2681
1766 3095
1766 4820
1769 2283
1769 2703
1772 3621
1773 1783
1773 2979
1774 3354
1774 4061
1774 4331
1775 2013
1777 3740
1777 4358
1777 4513
1777 4917
1778 4122
1778 4586
1779 2027
1779 2399
1779 3088
1780 1852
1780 3650
1781 2159
1781 4015
1782 1954
1782 2933
1783 2293
1784 3330
1784 5317
1785 1997
1785 3668
1786 2158
1789 2467
1790 2029
1792 2516
1792 2583
1793 4162
1795 1961
1795 3192
1796 2313
1796 3331
1797 4140
1797 4725
1797 4881
1797 4922
1801 2005
1801 3222
1801 3797
1802 2403
1802 3596
1802 3861
1803 1842
1803 5321
1804 4662
1805 3701
1805 4720
1807 2439
1808 2059
1808 2431
1808 4095
1809 2017
1809 2435
1809 4509
1810 3545
1810 3962
1811 3940
1812 2172
1812 3013
1815 4810
1817 2205
1817 2730
1818 2154
1818 2382
1818 3460
1819 2012
1819 2219
1819 2559
1823 3676
1825 3575
1825 5089
1826 3468
1828 5163
1831 2662
1832 2881
1832 3408
1832 3693
1834 5003
1835 2777
1835 2897
1835 2966
1835 3686
1836 2660
1836 3753
1837 2182
1838 3532
1840 2045
1840 4100
1842 3069
1842 3152
1842 4576
1845 1920
1849 3363
1849 5072
1852 4660
1853 1880
1853 3116
1853 4018
1853 4923
1854 2156
1855 1911
1855 1913
1855 1923
1855 2857
1855 3988
1856 4390
1858 2151
1860 2124
1860 3602
1861 4829
1863 5193
1864 2215
1864 2514
1864 3582
1865 3746
1865 3798
1865 4517
1866 1981
1866 4790
1867 2427
1867 3107
1869 3071
1869 3296
1870 2207
1871 2152
1871 2991
1871 3169
1872 2700
1872 3243
1874 3913
1875 3073
1875 4789
1876 2108
1876 2202
1876 4434
1876 4761
1878 2581
1879 2608
1879 4750
1881 1988
1881 2656
1882 2742
1882 5407
1883 2834
1883 3734
1883 5311
1884 2574
1884 3275
1884 3353
1885 3133
1885 4042
1886 2496
1886 3179
1886 3600
1887 2603
1890 3982
1892 2423
1892 3708
1893 2298
1893 3578
1895 2056
1895 2565
1896 3967
1897 2437
1898 2258
1898 4589
1900 3745
1901 2117
1902 2576
1904 2422
1904 4115
1906 3262
1906 5038
1907 2241
1907 2624
1907 3847
1907 4770
1909 2585
1909 2621
1909 4192
1910 2054
1910 2854
1910 3103
1912 3307
1912 3533
1913 2424
1913 2809
1913 2836
1913 3134
1913 3864
1914 1950
1914 2189
1918 2087
1920 2650
1920 4378
1920 4771
1922 3373
1922 4279
1922 5200
1923 1963
1923 2175
1923 3615
1924 2517
1924 4261
1926 5161
1927 3381
1929 2719
1929 4430
1930 1994
1930 2069
1930 4304
1931 2555
1932 4410
1935 3800
1936 1979
1937 2259
1938 2895
1939 3737
1941 1946
1941 3842
1942 2311
1948 3922
1950 2711
1950 3432
1951 2776
1951 3633
1953 2234
1953 2474
1954 4628
1957 4403
1959 2580
1960 2288
1960 2500
1960 3614
1961 2322
1963 3198
1968 3031
1969 2725
1969 4633
1971 3585
1972 3899
1974 2327
1974 3142
1974 4977
1975 2211
1975 5026
1976 4732
1977 2499
1978 3704
1980 2388
1981 2600
1981 3237
1985 2238
1985 4806
1990 4345
1991 3514
1991 3980
1993 2614
1993 5288
1994 3804
1995 3670
1995 4762
1996 2921
1997 4409
2000 2039
2000 2785
2000 3075
2001 2937
2002 3293
2003 4502
2005 2814
2005 3906
2006 2750
2006 2792
2008 3610
2011 2858
2012 2878
2012 4505
2013 3056
2015 2709
2016 3119
2017 4499
2018 2336
2022 5301
2023 3187
2024 2391
2025 2194
2027 2218
2029 5037
2030 2726
2030 3026
2030 3792
2030 4031
2032 2731
2032 2982
2033 2115
2033 2312
2034 2841
2034 2960
2037 2525
2037 4242
2040 3410
2042 5343
2043 4299
2044 2324
2044 3358
2044 4591
2045 4493
2049 3342
2050 3204
2051 2626
2052 2815
2052 3993
2057 3461
2058 3440
2059 3399
2059 5362
2060 4679
2061 3053
2063 4755
2066 2142
2066 3595
2068 3061
2068 3268
2068 4077
2069 5164
2070 2269
2070 4354
2073 2326
2073 2875
2074 5391
2075 2169
2075 3304
2075 3705
2078 3048
2079 5032
2081 3117
2082 3407
2084 4976
2084 5379
2085 3155
2085 3673
2087 4613
2089 2652
2090 4552
2091 4697
2092 4742
2094 3678
2095 3397
2095 4059
2099 2428
2100 2301
2102 4619
2103 3361
2105 3892
2106 3062
2106 3681
2106 4457
2107 2901
2108 4235
2109 2658
2110 2684
2112 2604
2112 3036
2113 3318
2114 2539
2114 4805
2115 4822
2118 2144
2118 2486
2118 2523
2119 3448
2121 4429
2121 4928
2122 4813
2125 4360
2125 4386
2128 2781
2130 5421
2134 4570
2135 3038
2137 4491
2141 3231
2141 4933
2144 4961
2145 2284
2145 4960
2146 3145
2146 5151
2147 3589
2148 3165
2149 2199
2149 4149
2150 2366
2151 2893
2151 2981
2153 3868
2154 5175
2155 5078
2157 3955
2159 2611
2161 4348
2163 3272
2164 2782
2164 2905
2164 3390
2164 3862
2164 4526
2167 5021
2168 4367
2169 2853
2171 2953
2172 4268
2174 2276
2175 2832
2179 3065
2180 2596
2183 2666
2183 4560
2183 5265
2184 3046
2184 5020
2185 2249
2185 3267
2187 2918
2187 4637
2188 2270
2188 5271
2190 2347
2191 2821
2191 3277
2192 3587
2192 4187
2193 4053
2194 2473
2194 2668
2194 3382
2195 2758
2196 2430
2196 2698
2198 4706
2201 4642
2203 2358
2203 3214
2203 3814
2204 3206
2204 4033
2206 2693
2208 4075
2212 4372
2214 2963
2215 5004
2217 3544
2218 2817
2219 3952
2221 3044
2223 2786
2224 3366
2225 3178
2231 2683
2233 3480
2234 2808
2234 3430
2235 3001
2235 3455
2235 4395
2237 2506
2237 2890
2237 3387
2238 5219
2239 4678
2242 2627
2243 2728
2244 5275
2245 2418
2247 2788
2247 2886
2247 4091
2247 4496
2247 5342
2249 2870
2253 2735
2253 3853
2253 3928
2254 2310
2255 2478
2255 3171
2257 2773
2258 4473
2260 2845
2260 4292
2260 5191
2261 2485
2261 3319
2262 3986
2263 3857
2271 3539
2271 5093
2273 2894
2273 4763
2274 3979
2274 4080
2280 3217
2282 3969
2282 5330
2289 2321
2292 2505
2292 2947
2294 4096
2295 2663
2295 2775
2295 2891
2295 3572
2299 3652
2301 2754
2301 3219
2302 4382
2302 4478
2302 5065
2303 3597
2303 4955
2304 3510
2305 2633
2305 4007
2306 2862
2310 2415
2310 4920
2311 2860
2311 5383
2312 2557
2313 2686
2314 3059
2315 3813
2316 5414
2317 4854
2318 4621
2319 3263
2319 4286
2320 2426
2323 2402
2323 3007
2324 4092
2324 5104
2325 3781
2326 2429
2326 4895
2328 3660
2328 4258
2333 4407
2334 3787
2334 4722
2335 4025
2337 3735
2338 3224
2340 2948
2340 3761
2340 5318
2341 2927
2342 2617
2342 5082
2348 4919
2349 4134
2349 4684
2349 4793
2352 2655
2352 5150
2353 5042
2356 2567
2356 2578
2356 3228
2356 4507
2356 4530
2358 3070
2358 5005
2360 2977
2361 2443
2361 3127
2362 2837
2362 4869
2362 5240
2363 2547
2363 2714
2363 4640
2364 2522
2364 4078
2364 4880
2365 4400
2366 4863
2368 2471
2369 3004
2370 2955
2370 4624
2371 3945
2374 2394
2374 3905
2374 5410
2376 4133
2379 4815
2383 4466
2384 3092
2384 4112
2388 4523
2390 4357
2391 2464
2392 2888
2394 2926
2397 5076
2398 4287
2399 4224
2401 4037
2401 5413
2402 2613
2404 4685
2406 3199
2406 4614
2407 4109
2410 5109
2412 3336
2412 4309
2413 2903
2413 3034
2415 2961
2418 4373
2419 2463
2421 2855
2423 2528
2425 3076
2425 3459
2425 3833
2425 4034
2426 2502
2427 2667
2428 4138
2428 4969
2429 4515
2429 4921
2432 5069
2433 3549
2434 4596
2435 3466
2437 4411
2438 2512
2441 3525
2441 3534
2442 3901
2442 4103
2443 3411
2443 3488
2444 2882
2445 3383
2445 3751
2446 3489
2446 3834
2446 4002
2448 3357
2448 3548
2449 3386
2450 2577
2451 3963
2453 4506
2454 4073
2459 3724
2459 4005
2460 3041
2461 3770
2464 2641
2464 5213
2467 2737
2468 2552
2469 3711
2470 5363
2471 5267
2473 4155
2473 4488
2474 4597
2477 3715
2478 3100
2480 3484
2481 3047
2481 4864
2482 2556
2482 3463
2483 4383
2483 5223
2484 2607
2486 5015
2488 2794
2488 2906
2488 3714
2492 3196
2494 3173
2495 4250
2495 5125
2496 2795
2497 3104
2498 3856
2503 3332
2504 3749
2512 3593
2513 3413
2515 4668
2517 3281
2517 4063
2518 3859
2519 4160
2520 3020
2522 3512
2523 3902
2524 4116
2524 5190
2525 5270
2529 3675
2529 4663
2530 3590
2531 3260
2531 3759
2532 3721
2533 2609
2533 3935
2533 5000
2534 2570
2534 2871
2536 2721
2537 4713
2539 2743
2540 4228
2541 3393
2546 5401
2547 4903
2548 3912
2552 3574
2554 2592
2556 3439
2558 2951
2559 5263
2560 4817
2561 3458
2562 4052
2562 5047
2563 3091
2563 5419
2568 3672
2569 3863
2571 2599
2571 5176
2572 4129
2573 3685
2574 3646
2574 3748
2575 4257
2578 3279
2578 3616
2579 3153
2579 5251
2579 5409
2580 3241
2580 4475
2582 3630
2582 4209
2582 5111
2583 3491
2583 3500
2583 4983
2584 3200
2587 3250
2591 3985
2592 4797
2593 4937
2595 3562
2596 4010
2596 4823
2597 4721
2598 3244
2598 4099
2605 2993
2605 4426
2606 4107
2608 4545
2609 2770
2615 3377
2616 3775
2616 4893
2617 3288
2619 5157
2620 2713
2620 3311
2623 3256
2623 3730
2625 5062
2627 5156
2629 3290
2630 5236
2631 4939
2632 3987
2635 3719
2635 4196
2637 4339
2638 4197
2641 3848
2643 4067
2643 4263
2644 4442
2646 3347
2647 4229
2651 4930
2654 2975
2654 5296
2656 3894
2658 2779
2658 4310
2660 4704
2661 3628
2662 4108
2663 3436
2667 2962
2669 3438
2670 3392
2670 3872
2671 2917
2673 5091
2674 3713
2676 2952
2678 3971
2679 3584
2682 3003
2686 3216
2686 3643
2689 3608
2690 2723
2692 3529
2692 4868
2694 3294
2694 4347
2695 3236
2698 5205
2699 3583
2700 2784
2703 4101
2705 4729
2707 5393
2708 2760
2710 4689
2713 2720
2717 5366
2719 3058
2720 2904
2723 3248
2723 3653
2723 4675
2723 4701
2724 3429
2724 3736
2728 4127
2732 2879
2733 2999
2734 2757
2737 4341
2738 4460
2738 4931
2742 5285
2742 5287
2744 3273
2744 3949
2746 3478
2746 3755
2748 4856
2749 5006
2751 3414
2751 4651
2752 3623
2753 3209
2754 3259
2755 2914
2758 2959
2758 3378
2758 4267
2761 2944
2761 3023
2762 2896
2762 3502
2763 3635
2764 3385
2766 3930
2766 5252
2767 3937
2769 3626
2770 3140
2770 3494
2771 4179
2771 5266
2772 4054
2772 5101
2774 4451
2777 3112
2777 5390
2779 5122
2784 3223
2784 4891
2788 3843
2790 3270
2791 4131
2799 2898
2800 3536
2803 3696
2803 4996
2804 4227
2808 2929
2810 4300
2812 5149
2815 2936
2815 4584
2816 3790
2817 4872
2820 3160
2820 3612
2823 3193
2826 3442
2828 4852
2832 3384
2832 4726
2833 4736
2837 4900
2838 2848
2840 5303
2842 3326
2842 3522
2844 4415
2845 3765
2847 4420
2850 4714
2853 5165
2853 5307
2854 4201
2854 4249
2856 3604
2859 4329
2862 4036
2863 3356
2865 3558
2870 2908
2876 3475
2876 5204
2877 3542
2878 3698
2878 4479
2880 2986
2880 3641
2880 4691
2883 3090
2884 3292
2887 3573
2890 3983
2890 4381
2892 4043
2893 3908
2894 4671
2896 3110
2897 4636
2897 5291
2904 4152
2907 3953
2908 4901
2910 4065
2911 4173
2912 3452
2912 3586
2912 4132
2913 4308
2914 5108
2918 3513
2919 3123
2919 4047
2922 5247
2924 3067
2931 3618
2933 4760
2934 3599
2936 3078
2936 5217
2937 3242
2937 4319
2939 4655
2939 4680
2941 3253
2942 3066
2942 3469
2943 4001
2943 4040
2943 5007
2947 5292
2949 3102
2949 3796
2951 3388
2952 3871
2953 5043
2956 3527
2962 3176
2962 5361
2963 3369
2963 3978
2966 3784
2968 5254
2970 3725
2971 3900
2971 4867
2974 3167
2975 3718
2978 5012
2982 3666
2983 3712
2983 4294
2983 5348
2986 5136
2988 5087
2989 4831
2992 3496
2993 3550
2999 4324
3000 4782
3003 4593
3006 3043
3007 3565
3009 4598
3019 4385
3020 4556
3020 4757
3023 3126
3027 3170
3027 4635
3029 5294
3030 3780
3030 4718
3032 3523
3032 3742
3033 3097
3033 3658
3034 3733
3035 3929
3042 3555
3046 3404
3046 5181
3048 3579
3048 4397
3051 4297
3051 4585
3054 3531
3054 4534
3059 4449
3060 4887
3063 3149
3071 4048
3072 3323
3072 5246
3076 4137
3077 4954
3084 3973
3086 3255
3088 3682
3088 4572
3090 3257
3091 3505
3093 4731
3099 5090
3100 4579
3102 4472
3104 3508
3106 3837
3106 3893
3107 3855
3111 4578
3112 3886
3113 5039
3118 5375
3119 4313
3120 3128
3122 4081
3122 4791
3123 4433
3131 3795
3137 4291
3137 4878
3141 4219
3144 4084
3146 4696
3147 4171
3149 3343
3151 3470
3152 4317
3154 3743
3158 3360
3162 3312
3162 4692
3164 4980
3166 4159
3169 5268
3171 4828
3171 5145
3172 3406
3175 5131
3176 5259
3181 3359
3182 4943
3188 4775
3189 3990
3189 4699
3190 3766
3192 3998
3192 4830
3193 3284
3194 3324
3194 3335
3194 3909
3195 4208
3196 3826
3196 4549
3198 3348
3200 3230
3201 3445
3206 3213
3211 3251
3222 3226
3222 3543
3223 4231
3223 5416
3224 4125
3227 3977
3227 4501
3229 3370
3232 3726
3233 4306
3233 5231
3234 3867
3237 3636
3238 5299
3243 3375
3245 4044
3246 3581
3248 3380
3249 3303
3249 3396
3251 5184
3255 3793
3257 3482
3258 3782
3261 3540
3261 3560
3262 4462
3262 5380
3263 4008
3264 3431
3264 4946
3266 3866
3271 5010
3274 4455
3277 3671
3277 4375
3277 5189
3281 4985
3283 3667
3285 4962
3286 3801
3287 4743
3290 4371
3293 4851
3294 3645
3295 4206
3295 4389
3297 5353
3300 3492
3300 4603
3301 4437
3306 4438
3306 5008
3307 4800
3308 4469
3309 4233
3314 4144
3314 4266
3315 3821
3315 4000
3320 3638
3323 4212
3324 4967
3325 4886
3328 4311
3328 4404
3329 4781
3331 3654
3332 5158
3333 5019
3338 3707
3339 3467
3340 4710
3342 3957
3343 4230
3346 4932
3350 4690
3353 3355
3354 3444
3357 4262
3358 3910
3358 4425
3359 4189
3360 4344
3362 4183
3366 3462
3367 4293
3371 3699
3372 3551
3372 3817
3372 4038
3375 4767
3377 4161
3379 3394
3383 3850
3383 3878
3384 4130
3385 3858
3385 4045
3388 3812
3392 3941
3393 4238
3393 4712
3394 3427
3394 3591
3399 3559
3400 3592
3400 3776
3401 4121
3404 4978
3406 3738
3412 3649
3413 5385
3416 4489
3417 4392
3420 4402
3424 4141
3424 4343
3427 3428
3427 4794
3429 4082
3431 3877
3431 4060
3433 4325
3433 4541
3433 4665
3435 3828
3435 5395
3441 3598
3441 4088
3444 4393
3449 3680
3454 3642
3454 5066
3457 3518
3460 5002
3463 4609
3465 3617
3466 3528
3469 5354
3471 3849
3475 5143
3476 4532
3479 3947
3481 3884
3484 5134
3490 4089
3494 5381
3495 3887
3497 5147
3498 3663
3502 5347
3504 3916
3504 4842
3510 4998
3511 4176
3512 4356
3515 5030
3516 4259
3520 5014
3524 4626
3528 4975
3530 4440
3531 5282
3534 4190
3548 3835
3557 3961
3559 4656
3566 5269
3567 4913
3570 4746
3571 4454
3572 4013
3573 4028
3574 3669
3577 4562
3580 4719
3580 4883
3590 4992
3592 4417
3593 4814
3594 4564
3595 4422
3602 4218
3605 4355
3607 3637
3611 4838
3619 4926
3620 3810
3621 3997
3622 4012
3626 5133
3626 5289
3630 4539
3632 5378
3633 3852
3634 4370
3635 3691
3635 4783
3639 4638
3642 4391
3644 3820
3644 5018
3652 4604
3652 5319
3667 4664
3669 4964
3672 4143
3673 4072
3674 3885
3680 4620
3692 4376
3693 4290
3693 5056
3693 5077
3697 3966
3704 5327
3707 4004
3711 5088
3712 4865
3716 4276
3718 4688
3722 5389
3725 4118
3725 5325
3729 5374
3731 5293
3733 3895
3736 4879
3741 4826
3741 5036
3742 4446
3744 4365
3744 5370
3745 4295
3746 4728
3747 5041
3748 4735
3748 5023
3753 4574
3754 5274
3756 5355
3760 5046
3763 4011
3763 4788
3764 4558
3765 4832
3770 4384
3770 5100
3775 4069
3782 5128
3789 4022
3791 5154
3793 4026
3793 4605
3793 5408
3794 4565
3794 4766
3798 4351
3805 5411
3818 4569
3818 4809
3823 4630
3823 4802
3828 4571
3830 4167
3836 5306
3838 4686
3839 4079
3839 4303
3840 4049
3847 4017
3848 4853
3850 4836
3860 4150
3860 4687
3860 5212
3860 5358
3864 4305
3867 3975
3873 5239
3880 3881
3882 4057
3885 5313
3888 5404
3892 5260
3897 4796
3899 4195
3900 4557
3902 4087
3905 4792
3913 4320
3913 5350
3923 4255
3924 4477
3926 4256
3929 4861
3938 5257
3939 4846
3940 4631
3943 4827
3945 4236
3945 4414
3947 4467
3947 5328
3948 4056
3950 4561
3959 4211
3959 4428
3959 4938
3961 4062
3972 4801
3977 4019
3979 4587
3988 4264
3991 4555
4003 4615
4010 4972
4012 4521
4013 5281
4020 4916
4022 4612
4029 4803
4033 4277
4033 5398
4039 4752
4040 5392
4041 4669
4046 4204
4054 4973
4062 4717
4066 4178
4066 4185
4066 4652
4067 4146
4071 5123
4079 4421
4083 4511
4084 5187
4086 4993
4089 4787
4090 4432
4092 4784
4098 4667
4102 5080
4106 5153
4107 4431
4110 5127
4110 5336
4113 5264
4114 4166
4118 4406
4138 4265
4139 4795
4140 5103
4143 4904
4146 5114
4149 4906
4154 4342
4164 4221
4166 5312
4167 4177
4175 4494
4177 4608
4179 5226
4180 4606
4182 4398
4188 4444
4195 4953
4196 5070
4200 4359
4205 5420
4206 4280
4208 5173
4209 4215
4213 5329
4217 4245
4217 4418
4217 5001
4221 4336
4221 4416
4221 5049
4223 5326
4226 5364
4228 4877
4233 4592
4233 5365
4234 4476
4237 5159
4240 4307
4249 5210
4251 4583
4255 4594
4255 5314
4267 4439
4268 5146
4272 4733
4274 5248
4280 4737
4283 5028
4286 4751
4289 4445
4291 4957
4298 5309
4304 4461
4304 4765
4307 4816
4308 4394
4322 5403
4324 5278
4324 5369
4325 4522
4329 5417
4335 5112
4343 4840
4345 5105
4353 5339
4356 4412
4363 5272
4364 4649
4365 4551
4368 5341
4375 4544
4375 4648
4376 4874
4377 4452
4380 5120
4386 5119
4392 4905
4395 4435
4396 4423
4399 4658
4407 4616
4409 5092
4411 5050
4413 4538
4415 4677
4416 5218
4416 5371
4416 5412
4419 4617
4422 4518
4422 4758
4428 4948
4430 5085
4437 4482
4459 4745
4462 5140
4463 5051
4481 4974
4481 5340
4486 4739
4494 4653
4495 4988
4504 5387
4509 4681
4509 4695
4522 4936
4532 5192
4534 5068
4535 4639
4547 5170
4557 5208
4568 4927
4570 5139
4572 5174
4579 5118
4585 5405
4608 5388
4610 4676
4611 4645
4627 4839
4629 5232
4638 4650
4640 5137
4642 4779
4647 4870
4659 4705
4660 4845
4675 4855
4680 5400
4683 5130
4689 5116
4691 5284
4706 5058
4723 5107
4726 4773
4729 4888
4732 5220
4747 5349
4754 5081
4766 5059
4769 5243
4788 5167
4792 5060
4792 5063
4828 5304
4832 4885
4846 4981
4849 5201
4874 4908
4877 4944
4887 5245
4892 5169
4917 5255
4924 5141
4924 5315
4939 4941
4939 4982
4940 5359
4952 5310
4955 5237
4963 5180
4969 5214
4971 5197
4972 5324
4975 5356
5040 5368
5047 5121
5048 5148
5050 5132
5053 5106
5056 5372
5062 5335
5069 5182
5088 5261
5091 5333
5094 5203
5100 5171
5101 5308
5105 5229
5124 5332
5125 5280
5151 5283
5163 5215
5206 5222
5298 5406
5367 5382
