3858 1291
1 2
1 3
1 4
1 7
1 10
1 16
1 30
1 31
1 45
1 235
2 6
2 9
2 21
2 179
2 219
2 587
2 647
2 812
3 55
3 120
3 323
3 1663
3 1728
3 2411
3 3257
3 3527
4 5
4 17
4 38
4 39
4 82
5 12
5 212
6 8
6 143
6 283
6 437
6 1026
6 2328
7 15
7 168
7 373
8 11
8 13
8 25
8 115
8 560
9 18
9 24
9 29
9 119
9 122
9 172
9 353
9 2296
9 3816
10 157
10 194
10 218
10 1438
10 3841
11 19
11 67
11 273
11 3438
12 221
12 322
12 729
12 1428
12 1707
13 14
13 85
13 2671
14 20
14 43
14 72
14 162
15 46
15 59
15 79
15 651
16 22
16 28
16 52
16 147
16 981
17 27
17 53
17 84
17 339
17 432
17 960
18 50
18 719
18 3376
19 371
19 1263
20 41
20 42
20 113
20 433
20 1434
20 2186
20 2624
20 3350
21 26
21 47
21 184
21 259
21 415
21 1138
21 1329
22 23
22 165
22 349
22 372
22 419
22 711
22 789
22 1169
23 35
23 93
23 167
23 211
23 484
23 618
23 833
23 898
24 51
24 134
24 193
24 198
24 237
24 304
24 2953
25 65
25 78
25 330
25 1079
25 1189
26 33
26 75
26 416
26 1713
26 2131
26 2452
27 32
27 34
27 49
27 114
28 69
28 292
28 663
28 677
29 66
29 94
30 310
30 661
30 1510
30 1636
30 2010
30 2011
30 3225
31 57
32 36
32 37
32 40
32 224
32 2342
33 61
33 385
33 466
33 593
33 1945
34 132
34 491
34 508
34 845
34 1859
34 3470
35 77
35 118
35 189
35 517
35 523
35 2142
35 3719
36 58
36 70
36 111
36 152
37 91
37 150
37 192
37 342
37 543
37 1022
38 73
38 116
38 161
38 413
38 636
38 766
38 3339
39 48
39 438
39 767
39 861
39 884
40 60
40 238
40 1156
40 2477
41 434
42 44
42 87
42 297
42 2354
42 2612
43 95
43 217
43 811
44 768
44 823
44 1241
44 2376
44 2618
45 54
45 305
45 362
45 644
46 463
46 680
46 1238
46 1589
46 2042
46 2385
47 68
47 71
47 107
47 324
47 1626
47 2178
47 2898
48 105
48 964
48 1774
49 108
49 109
49 608
49 1290
50 56
50 776
50 1099
50 1587
50 2664
50 3498
51 106
51 130
51 343
51 589
51 1359
52 62
52 103
52 389
52 532
52 1612
52 2128
53 98
53 102
53 166
53 245
53 3815
54 333
54 901
54 1646
54 1688
55 80
55 92
55 236
55 288
55 804
55 1148
56 63
56 364
56 449
56 654
57 76
57 81
57 88
57 215
57 230
58 90
58 123
58 124
58 445
58 809
58 1667
59 64
59 96
59 170
59 178
59 405
59 412
59 1217
60 83
60 97
60 112
60 129
60 154
60 276
60 436
60 1932
61 266
61 2970
61 3714
61 3808
62 89
62 137
62 247
63 222
63 1113
63 1319
64 188
64 228
64 1255
64 2497
64 3083
65 100
65 1742
66 121
66 395
66 454
66 3629
67 99
67 142
67 173
67 206
67 519
67 627
68 86
68 141
68 485
68 860
68 875
68 1280
68 1563
68 3233
69 125
69 131
69 299
69 935
69 3752
70 136
70 348
70 2085
71 74
71 101
71 127
71 180
71 443
71 704
71 801
71 1090
72 128
72 285
72 301
72 444
72 562
72 721
72 986
72 1747
73 190
73 461
73 530
74 976
74 1448
74 3018
75 159
75 2331
76 277
76 316
76 1702
76 2871
76 3407
77 183
77 225
77 252
77 403
77 1045
77 1331
77 1578
77 1672
78 507
78 568
78 2428
79 155
79 785
79 3660
80 110
80 151
80 175
80 994
80 1195
80 2183
81 363
81 407
81 502
82 872
82 3551
83 138
83 139
83 240
83 1848
84 133
84 270
84 280
84 662
84 718
84 1193
84 2488
85 126
85 303
85 317
85 365
85 425
85 506
85 1074
85 2406
87 145
87 971
87 1483
87 1592
87 1650
87 1692
88 356
88 467
88 887
89 504
89 3419
90 232
90 393
90 1080
90 2918
90 3022
91 174
91 2467
92 241
92 294
92 335
92 401
92 966
92 1453
92 1995
93 645
93 2407
93 3055
94 117
94 140
94 605
94 2794
95 169
95 638
95 2640
96 144
96 459
96 588
96 1054
97 148
97 352
97 384
97 481
98 669
99 400
99 2843
100 104
100 571
100 1250
101 1370
102 1736
102 2430
103 494
103 1482
104 244
104 540
104 548
104 3061
105 163
105 268
105 1831
106 207
106 909
107 969
107 2792
108 2911
108 2965
109 409
109 426
109 1951
109 2316
110 261
110 451
110 670
110 1034
110 1514
110 1894
111 231
111 249
111 314
111 442
111 959
111 1042
111 2812
112 210
112 234
112 345
112 1295
112 3229
112 3839
113 156
113 511
113 2621
114 499
114 993
114 1316
114 1863
114 2145
114 2472
115 176
115 200
115 551
116 549
116 553
116 1496
116 2524
116 3196
117 668
118 538
118 552
118 678
119 146
119 422
119 529
120 311
120 594
120 1443
120 3731
122 149
122 390
122 489
122 3444
123 171
123 282
123 1920
123 2884
123 2924
124 486
125 258
125 961
125 1776
126 368
126 559
126 759
126 2044
127 255
127 565
127 2913
128 516
128 613
128 778
128 822
128 1341
129 153
129 338
129 720
129 1460
129 1872
129 2393
130 164
130 525
131 765
131 1643
132 527
133 940
133 2200
134 135
134 1321
134 3274
135 279
135 331
135 572
135 847
136 600
136 1622
137 160
137 876
137 894
137 926
138 262
138 1880
138 3291
139 1032
140 555
140 1948
141 287
141 326
141 354
141 490
142 435
142 694
142 736
142 3163
143 158
144 369
144 628
145 216
145 263
145 888
145 1008
145 1369
146 182
146 3138
147 1225
147 1732
147 1767
148 191
148 970
148 1117
150 601
150 1704
151 272
151 675
152 267
152 1060
152 2066
153 269
153 396
153 919
153 1464
154 199
154 203
154 214
154 2401
155 295
156 253
156 606
156 714
156 1473
156 3636
157 181
157 202
157 265
158 2606
158 3023
159 428
159 503
159 2034
159 3111
159 3167
160 187
160 2004
160 2585
161 248
161 604
161 1710
161 2550
162 195
162 1860
163 842
163 2473
163 2995
164 1661
165 522
165 614
165 2772
166 204
166 357
166 3197
167 209
167 264
167 296
168 196
168 205
168 341
168 715
168 725
168 794
169 177
169 197
169 1291
170 995
170 3696
171 575
171 2493
172 478
173 185
173 897
173 2457
173 3596
174 306
174 570
174 634
174 1284
175 585
175 799
175 1129
175 1142
175 2039
175 2084
176 1073
176 2355
177 1287
177 2204
177 2257
177 2595
177 3621
178 830
180 397
181 256
181 392
181 441
181 460
181 514
181 2445
182 233
182 440
182 727
183 186
183 208
183 746
184 271
184 544
184 595
185 996
185 3059
186 201
186 242
186 243
186 1147
187 576
188 257
188 462
189 1033
190 308
190 832
190 3420
191 213
191 347
191 848
191 953
191 1521
191 1854
192 980
193 309
193 334
193 730
193 1497
193 2232
194 592
194 1989
194 2687
194 2757
195 1006
195 1422
196 731
196 1904
198 836
198 1586
198 1614
199 528
200 227
200 579
200 692
200 1166
200 1313
200 2384
202 406
203 278
203 284
203 355
203 541
203 1154
203 1766
204 470
204 3170
206 220
206 223
206 475
206 545
206 556
206 598
206 1206
206 3474
207 320
207 430
207 637
207 658
207 1374
207 1400
207 1726
207 3287
208 487
208 929
208 1247
209 325
210 382
210 916
210 2469
211 414
211 963
211 1061
211 2349
212 1088
212 1123
213 1671
213 2208
213 3183
214 226
214 991
214 1105
215 250
215 359
215 374
215 386
215 1430
215 3041
215 3076
215 3790
216 239
216 455
216 561
216 569
217 251
217 695
217 950
217 1763
218 260
218 313
218 683
218 2248
218 2753
218 3854
219 1320
219 1547
220 418
220 733
220 1286
221 391
221 488
221 509
221 829
221 1109
222 307
222 2105
223 1694
223 2083
223 3408
224 493
224 510
224 706
224 751
224 1141
224 2122
224 2258
224 3681
224 3777
225 708
225 920
226 327
226 453
226 655
226 679
226 878
226 891
226 2281
227 843
227 924
227 2307
228 229
228 367
228 646
228 739
229 246
229 411
229 501
229 534
229 1172
230 424
231 358
231 420
232 275
232 610
232 681
232 757
232 1209
232 2079
232 2581
233 2282
233 3764
234 344
234 761
234 913
234 3264
235 500
235 691
236 728
238 1988
239 667
239 2274
241 726
241 1575
241 1922
241 3804
242 254
242 376
242 1608
242 3639
243 298
243 321
243 783
243 1047
243 2398
244 274
244 895
244 1242
245 1095
245 2026
245 2139
246 290
246 2038
247 1325
248 792
248 883
248 1689
248 2623
249 293
249 862
250 468
250 1539
250 3434
251 332
251 398
251 622
252 1777
253 3114
254 350
254 480
254 1492
255 336
255 495
255 1937
255 2240
255 2988
257 302
257 375
257 2104
259 1641
260 526
260 742
260 2762
260 2981
261 370
261 1100
262 361
262 1346
263 291
263 1125
263 1160
263 3542
264 286
264 886
265 537
265 612
265 619
265 2100
266 447
266 473
266 740
266 2533
266 3093
268 2048
268 2630
269 1228
269 3062
271 835
272 483
272 1000
273 399
273 471
273 998
273 1190
273 1633
273 1912
274 574
275 289
276 281
276 429
276 1975
277 315
277 1361
277 1929
277 2939
278 300
279 754
279 2787
280 457
280 2147
281 772
281 1282
281 1657
281 1658
281 2516
281 2562
282 448
282 825
282 1226
282 1770
283 763
283 868
283 923
283 1292
284 2364
285 381
285 1119
286 1869
287 1140
287 3094
288 1021
288 1882
289 513
289 2744
290 3553
291 408
291 1207
292 427
292 1324
294 312
294 456
294 760
294 1879
294 3009
294 3457
294 3620
295 497
295 2786
297 697
297 911
297 1600
298 423
298 2127
298 2801
299 1218
299 3123
300 410
300 557
300 563
300 1909
300 2512
300 2800
300 3487
301 1196
302 318
302 378
302 880
303 3090
304 1081
305 328
305 366
305 1318
306 2301
307 319
307 346
307 687
307 2192
308 737
308 787
309 1187
310 446
310 2759
310 3351
311 710
311 1607
312 676
312 1122
313 387
313 404
313 800
313 855
314 329
314 337
315 581
316 933
317 1062
318 623
318 1082
319 596
319 867
319 1861
320 476
320 1038
320 2228
321 1751
322 649
322 889
322 1648
323 648
323 653
323 1494
324 2306
325 716
325 2287
325 2649
326 1354
326 3647
327 3456
328 1098
328 2807
328 3556
330 518
330 2495
331 439
331 469
331 524
331 753
332 2842
333 340
333 2068
334 550
334 747
334 813
335 431
335 615
335 1285
335 1426
336 3317
336 3663
337 360
337 784
337 3609
338 979
338 2592
338 3561
339 377
339 723
339 982
339 1185
339 1981
339 2593
340 1668
341 421
341 674
341 1718
341 1839
343 2086
344 388
344 602
344 1796
344 2453
344 2951
344 3054
345 351
345 452
345 690
345 734
345 1092
346 657
346 858
346 2294
347 402
347 854
348 603
348 1019
348 2718
349 417
349 978
349 2356
349 2587
350 1979
350 2616
350 3779
352 1380
353 908
353 1343
354 1210
354 2284
355 1201
355 1855
356 383
356 2061
357 379
357 1399
357 2005
357 2189
357 2822
359 535
359 824
359 1110
359 1168
359 2798
360 521
360 700
360 1151
360 1224
360 1965
361 573
362 1004
362 1057
362 2057
362 2123
362 2368
363 866
364 856
364 1479
364 1958
365 1660
365 1906
365 2293
366 798
366 863
367 671
367 701
367 3520
369 1212
370 380
370 3182
371 583
371 797
371 1823
371 1934
372 874
372 1899
373 394
373 1773
373 2008
374 643
374 744
374 1161
374 1758
374 2814
375 1214
375 1222
375 1684
375 2344
375 3343
376 2569
377 1040
377 2937
378 505
378 870
378 1413
378 1715
379 450
379 1051
379 1075
379 3237
380 635
380 1433
381 1020
381 1208
381 1289
383 533
383 599
383 974
383 1053
383 1900
384 665
384 972
384 2816
385 826
385 1488
385 1629
386 1102
389 699
389 1519
389 2233
389 2615
389 3475
390 2518
391 808
391 1644
392 788
392 3525
393 941
394 841
394 885
394 3810
395 775
395 893
395 2935
396 472
396 1050
396 1305
396 1478
396 3134
397 477
397 539
398 465
398 702
398 1152
399 756
399 1477
399 2193
400 464
400 512
400 2576
401 1136
402 3521
402 3672
403 1139
404 1171
405 1211
405 2686
405 3353
406 626
406 1076
408 745
409 2023
409 2314
409 2962
410 597
410 821
410 1424
410 2838
411 1876
411 3762
412 943
412 3725
413 1556
415 1372
415 2567
416 818
416 939
416 1905
417 547
417 1264
417 3188
418 1640
418 2755
419 1103
419 1159
419 2247
419 2559
420 1145
420 2181
421 755
422 2231
422 3027
423 686
423 2622
424 458
424 479
424 515
424 1775
425 632
426 630
427 582
427 2279
427 3161
427 3219
429 2422
430 558
430 564
430 1018
430 2182
431 764
431 912
432 780
432 1388
432 1888
432 3099
432 3300
432 3426
434 2673
435 1379
435 1535
435 2199
435 2571
435 2825
436 1877
436 3741
437 890
437 944
438 498
439 664
439 840
439 1662
439 2205
439 2527
439 3511
440 2325
441 735
442 857
442 1052
442 3250
443 1594
443 1919
444 879
444 1011
445 520
445 2993
445 3395
446 1066
446 1124
446 2000
446 2114
447 496
447 1036
447 3119
448 609
449 1800
449 2215
449 2391
450 580
450 607
450 1027
450 1037
450 1814
450 3012
451 1807
451 2321
452 722
452 1307
452 1886
452 1959
452 2643
453 816
453 1870
454 1623
455 999
455 2170
456 1504
456 2706
457 474
457 782
457 921
457 1730
458 2312
459 1277
461 1801
461 3584
462 1364
462 1427
463 1927
464 616
464 762
464 1252
464 1262
465 1182
465 1878
466 3367
467 625
467 1170
468 1619
468 2617
468 3247
469 629
469 1603
470 2788
471 1360
471 1752
472 918
472 1446
474 1454
475 492
475 642
475 696
475 1429
476 3555
477 482
477 660
477 771
477 917
478 956
479 1407
479 1810
479 1841
479 2750
480 546
480 1421
480 2826
480 3347
480 3501
482 752
483 554
483 2835
483 3069
485 2434
486 1509
486 2043
488 2447
489 584
489 779
489 2160
489 2641
490 819
490 947
490 1432
490 1467
490 2510
490 3675
491 1312
491 1700
492 1890
492 3187
493 705
493 3684
494 3429
495 633
495 2322
495 2479
496 1942
498 904
498 1030
498 1176
498 1377
498 3001
499 1002
499 2335
499 3612
500 1802
502 1395
502 1761
502 2203
502 3342
503 2901
503 3503
504 542
504 1759
504 1946
505 1279
505 3294
506 536
506 2358
507 641
507 1180
507 1495
507 3417
509 531
509 624
509 1078
509 2161
509 3213
510 709
510 931
512 750
512 951
512 1406
512 2110
514 758
514 2088
514 2716
514 3466
515 1881
515 2310
515 2725
517 1012
517 2152
518 777
518 3324
519 3826
520 1230
520 1367
521 566
521 1458
521 1815
521 2380
521 3848
522 2031
524 1016
525 620
525 1678
526 1531
526 1788
527 586
527 591
527 1652
527 1916
528 865
528 2820
529 859
530 1744
530 1808
531 577
531 837
531 2115
531 2929
532 852
532 1150
532 1423
532 1581
532 1785
533 732
534 689
534 983
534 1198
535 639
535 882
535 3185
536 2327
537 1083
538 1559
538 2099
538 2737
539 1114
541 1503
541 1822
542 795
542 1017
542 1682
542 2743
542 3571
542 3656
543 834
543 1440
543 2166
543 2506
543 3312
545 656
545 839
545 3130
546 1249
547 567
547 2424
548 3533
549 932
549 1952
550 1819
551 793
551 1456
551 2886
552 659
552 1009
552 1444
552 1714
553 1439
554 900
554 1528
556 1069
557 977
558 707
558 810
558 989
558 2909
560 962
560 2336
562 1056
562 2130
562 3718
564 578
564 666
566 590
566 790
566 2670
566 3177
567 1257
567 2925
567 3528
568 2195
568 2482
568 2736
568 3298
568 3439
569 844
569 1792
569 2741
570 1392
570 1741
571 3399
572 1058
572 1233
572 2973
573 1557
574 3159
575 2276
576 769
576 1297
576 3008
577 1475
578 802
578 806
578 1258
579 2278
580 849
580 1107
580 2501
580 2645
581 617
581 990
582 688
582 773
582 948
582 965
585 611
585 693
585 896
586 631
586 1300
587 1729
588 2272
589 1278
589 1512
590 907
590 1028
591 1143
591 2184
593 786
593 1283
593 2968
595 1491
596 1366
596 2793
596 3319
597 2149
598 2075
599 1340
600 1696
600 2504
600 2799
601 1215
602 1298
602 3104
602 3384
603 957
603 3245
604 2412
604 2868
604 3711
605 1562
606 1097
606 3824
608 2678
609 652
611 650
612 928
613 1397
613 1597
613 3241
614 3015
616 1584
616 2037
616 2251
616 3273
617 621
619 2881
620 3700
621 1335
621 1348
622 814
622 2829
623 955
623 1968
624 781
624 915
624 1205
625 1566
625 2534
626 1412
626 2961
627 1146
627 2116
628 1516
628 1891
629 3640
630 805
630 1818
630 2639
631 1524
631 1793
631 1868
632 1101
632 1431
633 1071
633 3732
634 672
634 1698
634 3269
634 3697
635 2773
636 713
637 640
637 738
637 1085
637 1135
637 1515
637 3180
638 2340
639 684
639 892
639 1270
640 864
640 1489
640 1907
640 2613
641 712
641 1520
641 1717
642 1387
644 685
644 1118
645 817
646 1005
646 1013
647 1219
647 3037
648 2659
650 934
650 967
650 1908
653 682
654 1188
654 1731
655 673
655 2511
655 2531
655 3372
656 1337
656 3583
657 1231
657 1365
658 985
658 1093
659 3484
660 2468
663 703
663 2702
664 1271
664 3152
665 1778
666 1310
666 1994
667 770
668 741
668 1328
669 987
670 2077
670 2080
670 2121
671 1084
672 902
673 2928
674 925
674 1459
674 2570
675 954
676 2644
677 1223
678 1029
679 698
679 2016
680 2646
681 1345
682 1768
682 1826
684 1334
685 2191
686 1408
686 1508
687 717
687 807
687 899
687 1128
687 1273
687 2960
688 1825
688 2029
688 2260
690 942
690 1134
691 903
691 2236
691 2945
692 1260
692 3243
693 1618
693 2665
694 828
694 2690
697 2934
697 3024
698 1132
699 1817
700 1971
700 2441
701 1709
702 1039
702 2136
702 3068
703 910
703 1308
704 1065
704 1529
705 1108
705 1296
707 796
707 1762
708 1046
708 2365
708 3108
709 1486
710 1498
710 1550
711 1121
711 1126
712 724
712 2731
713 748
713 2853
713 2865
714 1112
715 749
715 1983
715 2308
716 1396
716 3394
717 2476
718 2683
719 743
719 1059
719 1450
719 1461
719 2113
720 1048
720 2137
721 1267
721 1549
722 922
722 2052
722 3296
723 873
723 2371
723 3387
724 1383
724 1723
724 2828
725 1303
725 1653
725 2072
725 2437
727 2058
728 1184
729 968
729 1445
730 3308
731 2908
732 1332
732 1695
732 1757
734 2824
735 1378
735 1673
735 2566
736 936
736 1885
737 1837
738 1442
739 1803
739 2591
739 3733
740 838
740 914
740 2963
741 3548
742 774
742 1615
742 3550
743 2857
744 1003
744 1248
745 815
746 3837
748 3112
749 827
750 1181
750 2174
752 1077
752 1330
752 2285
753 905
753 1179
753 1564
753 3063
754 3721
755 1847
756 1091
756 2045
756 2338
757 1243
757 1787
757 3838
758 803
758 3524
759 1738
760 1137
761 1269
761 3238
762 877
763 1561
763 1925
764 846
764 1070
764 2373
764 3687
765 791
765 3845
766 850
766 869
766 1174
766 2867
766 3373
767 1024
769 938
769 2895
770 1790
770 2289
771 2089
772 1415
772 2379
773 3171
774 2326
774 2982
775 3828
776 3332
777 1627
777 1864
777 2783
778 1523
778 1681
778 2030
779 1490
779 1499
779 3759
780 1376
781 820
781 853
781 3142
782 2708
782 3531
784 3106
785 3667
787 1716
787 2830
787 3423
788 1068
788 2102
789 1674
790 1375
791 1239
791 1624
792 2692
793 1830
793 1993
793 2210
793 2931
794 1015
795 2605
796 927
796 1352
796 2429
799 1842
799 1972
799 2499
800 1309
800 3147
802 1856
803 1202
804 1435
804 2490
806 937
806 2966
808 946
808 973
808 2823
808 3158
809 1739
809 2241
809 2425
809 3473
810 1384
810 1799
811 1044
811 1670
811 3386
812 2185
812 2302
813 1133
813 3658
814 851
814 1385
814 1913
815 871
815 1023
815 1293
815 1554
815 1639
816 1349
817 1104
817 1480
817 2070
818 3820
821 1532
822 2500
824 881
824 949
824 1849
824 2162
825 1649
826 1565
826 3451
827 831
827 2774
828 1371
828 2789
829 1010
829 3107
830 1120
830 1525
832 3263
833 1173
835 945
835 1067
835 3422
836 1192
836 2223
836 2560
836 2813
838 1601
838 2627
839 3748
840 1158
840 1315
840 1844
840 3833
841 2555
841 3476
842 1401
843 1265
843 1545
843 2636
843 2888
844 1568
845 2351
845 2992
846 1086
848 1204
848 1227
848 2300
849 1326
849 2795
850 930
850 1063
850 1910
850 3529
852 2915
852 3786
853 1481
854 1163
854 3405
856 1829
857 1183
858 906
858 1317
858 1611
858 2844
858 2892
859 3465
860 1960
864 1055
864 1580
864 2841
865 3832
866 1194
867 2875
869 1750
869 2803
869 3258
871 988
871 1781
872 1261
872 1604
872 2256
872 2346
873 1131
873 2693
874 2442
875 3740
876 1735
876 3110
877 1436
878 1356
879 1452
879 2919
880 2348
880 3017
881 1386
881 3657
886 997
888 1507
888 1598
888 3039
890 2815
892 1306
892 2427
893 1149
893 1719
893 2180
894 1865
895 952
895 1417
896 1275
896 3091
896 3702
897 1850
898 1665
898 2332
898 2599
898 3483
899 3606
900 3248
901 1630
901 2620
903 1043
904 1351
905 1167
905 1857
906 2158
907 1784
908 984
908 1322
908 1381
910 3412
911 2226
911 2833
912 1221
912 1389
912 3418
913 2073
913 2250
914 3749
915 2600
916 958
917 1001
917 1177
917 1954
918 1025
918 2298
919 1969
919 3194
920 3087
920 3410
920 3814
921 3299
922 1014
923 1517
924 2138
925 1116
925 1164
925 1420
925 2804
925 3198
926 2277
926 3021
927 1986
927 3304
929 1266
930 2165
932 1127
932 1571
933 1390
934 3750
935 1256
936 1746
936 2051
936 2583
937 1294
937 2032
939 1391
939 1884
940 3799
941 1299
943 1827
943 2117
944 1197
944 3200
945 1832
945 2580
945 2958
947 2015
947 2244
947 3668
948 1031
948 1087
948 2914
949 1669
949 2777
950 1301
950 1506
951 3430
952 1041
952 1794
953 3781
954 2486
955 1783
955 1923
956 3651
957 2455
958 1558
958 1824
958 3192
959 1410
959 3424
960 1931
961 2701
961 3734
963 2050
964 1538
964 2471
964 3371
965 1178
966 992
966 1474
966 1527
966 1533
966 1798
967 1259
967 2224
968 1111
968 1393
969 1605
969 1901
970 3199
971 3433
972 1540
973 975
973 1089
973 1157
975 1035
975 1896
975 1999
976 1234
976 2399
977 1574
977 2259
977 2460
977 3666
978 1236
979 1302
979 1858
980 1813
981 1311
982 1677
982 2578
983 1007
983 1245
983 2071
983 2728
984 1874
984 2509
984 2676
985 2217
987 1926
988 1845
988 2140
989 2111
990 1339
990 2950
991 2176
992 1246
994 1144
994 2235
995 1806
996 2894
996 3046
996 3587
996 3793
998 1347
998 1816
1000 3081
1001 2221
1001 3073
1002 1368
1002 1745
1003 1096
1003 1338
1004 2206
1004 3638
1005 1175
1005 1530
1005 2502
1005 2547
1005 3840
1006 1186
1006 1213
1008 1685
1008 1895
1008 1902
1010 1200
1010 1522
1010 1654
1012 1229
1013 1049
1015 1572
1015 2106
1015 2459
1015 3329
1016 1476
1018 2097
1018 3628
1019 1748
1019 3141
1021 2451
1022 3053
1023 2596
1025 1617
1026 2238
1027 1760
1027 2656
1028 2655
1029 2339
1030 1153
1030 1355
1031 1398
1032 1537
1033 1268
1033 2334
1034 1304
1034 2556
1035 3222
1036 3190
1036 3852
1038 1505
1039 2155
1039 3436
1040 1235
1040 1342
1041 1493
1041 1915
1045 1216
1046 1155
1046 3631
1047 1853
1048 3193
1050 1064
1052 1468
1052 2197
1052 2897
1052 3301
1054 1272
1056 1220
1056 1353
1058 2303
1058 2948
1058 3805
1059 1276
1059 2601
1060 2936
1061 1281
1062 2267
1062 3261
1064 1165
1064 3751
1065 1072
1065 3209
1066 2216
1067 1094
1067 3078
1068 1638
1069 3286
1069 3635
1070 2739
1072 2343
1075 1106
1075 2756
1077 1472
1077 1631
1078 2047
1081 2904
1082 1199
1082 2729
1083 2597
1084 1344
1084 2214
1085 1722
1085 2694
1085 2979
1087 2910
1087 3038
1088 1625
1088 2153
1089 3516
1090 2714
1090 3356
1091 1518
1091 2887
1091 2996
1092 1232
1092 2317
1093 2505
1094 1115
1094 3562
1096 2112
1096 2408
1098 1203
1098 1797
1101 3526
1103 2394
1103 2734
1105 1462
1105 3737
1106 1437
1106 2944
1106 3581
1107 1485
1107 3477
1108 1130
1108 1405
1109 3075
1109 3404
1109 3624
1110 2054
1111 1314
1112 1455
1112 1588
1112 3004
1112 3318
1113 1980
1114 1162
1115 1610
1118 1416
1118 2572
1118 2752
1119 1274
1119 1457
1119 3117
1119 3797
1120 1251
1120 3707
1121 3585
1123 3102
1124 2648
1124 3566
1125 2433
1125 3611
1126 2991
1130 3214
1131 1244
1131 1418
1131 1791
1132 1237
1132 3592
1134 1511
1134 2922
1134 3683
1136 1336
1136 1591
1136 2395
1137 1191
1140 1419
1140 3468
1141 2663
1142 1690
1142 3509
1143 2448
1144 2431
1144 3458
1145 2415
1146 2906
1146 3212
1147 3632
1148 1634
1149 1253
1150 1724
1151 1560
1151 2283
1152 1569
1152 2109
1152 2361
1152 3445
1152 3801
1153 3613
1155 1526
1155 3574
1156 2402
1156 3691
1157 1362
1157 1613
1157 2081
1158 1782
1159 2352
1159 2521
1160 2132
1160 3546
1160 3705
1161 2249
1161 2551
1165 2980
1168 2745
1169 3543
1170 2059
1170 2926
1173 2964
1174 1871
1174 2654
1174 2855
1174 3446
1175 2507
1176 1463
1176 1711
1176 1998
1178 1500
1178 1765
1179 1834
1183 1501
1183 2135
1184 1240
1185 1254
1185 3428
1186 1567
1186 2902
1187 2120
1189 1786
1189 2372
1189 3125
1190 1579
1190 2776
1190 3186
1192 2069
1194 3036
1195 1930
1195 2242
1196 1323
1196 2392
1197 2561
1199 2761
1200 1606
1200 1651
1202 1609
1202 2733
1203 1404
1204 1546
1204 1548
1204 2387
1204 3830
1205 2245
1206 1288
1207 1697
1208 1382
1208 2851
1209 1350
1212 2095
1214 1838
1214 2209
1214 3425
1215 1720
1215 2874
1219 1466
1220 2378
1220 2539
1221 3605
1223 2568
1228 2766
1228 2769
1229 3822
1230 2463
1230 3355
1231 2207
1233 1961
1234 1852
1235 1447
1236 1441
1239 2519
1241 1403
1243 1357
1244 3421
1245 3095
1248 2594
1249 2478
1249 3768
1250 1451
1250 3552
1250 3659
1253 2292
1254 2187
1255 1621
1255 1679
1255 2213
1255 2400
1257 1955
1258 1593
1258 2148
1259 2353
1259 3349
1261 2409
1264 3843
1265 1683
1266 2845
1272 2662
1274 1754
1274 2230
1274 2530
1276 1699
1276 1938
1277 2212
1278 1821
1278 2225
1279 1935
1283 1363
1283 1686
1284 1635
1286 2849
1288 3594
1289 1666
1289 3162
1290 3432
1291 1542
1294 2893
1295 1780
1296 3348
1297 1892
1297 2163
1298 2520
1300 3375
1301 1394
1302 3598
1303 1570
1304 1471
1304 3688
1305 2268
1305 3364
1305 3851
1306 3791
1308 3089
1310 1585
1311 1820
1311 2021
1312 1469
1314 1543
1314 2263
1314 2647
1318 2027
1319 2810
1320 1327
1321 1789
1322 3523
1323 1552
1323 1573
1325 1513
1325 2487
1326 1772
1327 1402
1327 1409
1328 3157
1330 2866
1330 3809
1332 1333
1333 3396
1335 1992
1338 1358
1338 2947
1339 1602
1339 1953
1339 3720
1341 1414
1341 1655
1341 1693
1343 1978
1343 2175
1345 2949
1346 2074
1347 1914
1347 2672
1347 3189
1348 1749
1348 2374
1349 1596
1349 2219
1350 1734
1355 2076
1356 2315
1357 1373
1358 1470
1363 1990
1364 3065
1367 1411
1368 1425
1368 1576
1369 3595
1370 3126
1370 3710
1372 2808
1373 3554
1374 1943
1374 1950
1376 1836
1378 2014
1378 2454
1381 1795
1384 1727
1384 2146
1385 3032
1386 2389
1388 1449
1389 1487
1390 1675
1393 1779
1393 2458
1393 3599
1394 1664
1395 1928
1396 1637
1396 1725
1396 1812
1398 1484
1398 1620
1398 3132
1399 1921
1400 2609
1400 3026
1401 1583
1405 1541
1407 2096
1414 3249
1416 1769
1417 2286
1419 1659
1420 2064
1421 1599
1422 1862
1426 2498
1430 2065
1433 2168
1433 3006
1434 2313
1435 2295
1435 2954
1435 3619
1436 1982
1436 3278
1437 1676
1437 3003
1438 2515
1439 1628
1441 2598
1441 3143
1444 2907
1446 1898
1446 2517
1446 3071
1447 2421
1450 3166
1450 3722
1451 2144
1451 3146
1452 3704
1454 1883
1455 1840
1457 1465
1457 2150
1457 2633
1457 3160
1459 1647
1459 2544
1460 2383
1462 3240
1463 2024
1463 2049
1464 2666
1465 1963
1465 3116
1466 2252
1466 3680
1468 2638
1469 1590
1469 3277
1470 1703
1470 3028
1471 1595
1471 2009
1473 3060
1474 1957
1476 2091
1477 1764
1477 2017
1478 3164
1479 3479
1481 1551
1481 1949
1482 2020
1483 2265
1484 1656
1485 1691
1485 2237
1488 2345
1488 2535
1491 1701
1491 1867
1491 2903
1491 3025
1492 2218
1493 1534
1494 3682
1495 2033
1495 3323
1496 3223
1497 1502
1497 1536
1497 3211
1498 2650
1499 2179
1501 2797
1501 2859
1503 2610
1504 2943
1506 2579
1509 2494
1510 2381
1511 3227
1512 1680
1514 1721
1514 2318
1515 2094
1518 2484
1518 3070
1519 1632
1519 2632
1520 1771
1521 1544
1523 2974
1524 1887
1525 3013
1525 3678
1526 2141
1529 3281
1530 1811
1530 1939
1532 1555
1532 2309
1533 2264
1533 2712
1533 3154
1534 1577
1534 1740
1538 2003
1539 2832
1540 3447
1540 3480
1542 3746
1543 1851
1543 3096
1544 1708
1544 2347
1546 2304
1547 1706
1547 1933
1547 3821
1549 2107
1549 3836
1550 2350
1551 1553
1551 3136
1551 3846
1555 1733
1556 3074
1557 1645
1558 1705
1558 2370
1559 2167
1559 3812
1562 1843
1562 2036
1563 1582
1564 3266
1567 3133
1568 2134
1568 2727
1570 2738
1572 1687
1573 2420
1573 2496
1573 3275
1573 3673
1574 2669
1576 2053
1576 2785
1577 2133
1577 2720
1585 3322
1587 1642
1587 2971
1591 1976
1593 3614
1595 3794
1595 3825
1597 3145
1600 1893
1600 3623
1601 1984
1601 2041
1602 2668
1605 1616
1605 2239
1605 3208
1607 1712
1607 1828
1609 3775
1611 1897
1611 2626
1612 2699
1613 2691
1613 3649
1615 3337
1616 1875
1617 3736
1618 2063
1619 3029
1620 1917
1620 2319
1621 2674
1621 3297
1622 2413
1622 3128
1624 2679
1627 2952
1629 1743
1630 2341
1632 3228
1635 2770
1637 2680
1638 2840
1639 2537
1639 2634
1642 3066
1644 1977
1644 2475
1644 3765
1646 2035
1646 2920
1648 2382
1650 1866
1653 1753
1653 2324
1655 2590
1655 3002
1655 3761
1656 2062
1656 2416
1656 3360
1657 3648
1658 3174
1659 2470
1659 2767
1660 2357
1662 2253
1662 2790
1664 1809
1664 3303
1665 2466
1666 1737
1669 2001
1669 3244
1670 2522
1671 1918
1673 3088
1674 1846
1675 3486
1676 2055
1677 2955
1677 3252
1678 2546
1678 2713
1679 3309
1679 3363
1680 3120
1681 3579
1683 2942
1684 2492
1688 1944
1688 3362
1690 2299
1691 2291
1691 3218
1692 1833
1692 2273
1693 2876
1694 2796
1695 3050
1697 2118
1697 3282
1699 2323
1705 2220
1705 2703
1708 2012
1711 3156
1713 2093
1714 2837
1715 2369
1715 3067
1717 1835
1718 2018
1719 3383
1720 2243
1720 2481
1723 2588
1724 1911
1724 1991
1725 2821
1726 1756
1726 2432
1727 2543
1728 3377
1729 3758
1733 3559
1734 3326
1735 2558
1736 2782
1739 3382
1741 2523
1742 3401
1743 3232
1745 1924
1745 2862
1746 2554
1747 1970
1748 2007
1748 2652
1751 2681
1752 1755
1752 3485
1754 2092
1754 2802
1755 2465
1755 2697
1757 2449
1759 3204
1761 3097
1762 1804
1762 1805
1762 3847
1763 2905
1765 1941
1765 1964
1766 3727
1767 2707
1770 1889
1770 2173
1771 3043
1772 2751
1772 3518
1772 3842
1774 3415
1777 2262
1778 3271
1779 1956
1780 2151
1780 3048
1780 3478
1781 3744
1783 1936
1784 2211
1784 3368
1785 2269
1786 2377
1786 2619
1787 2270
1788 2480
1788 3105
1788 3109
1792 3122
1795 3538
1796 2721
1799 1996
1799 2805
1801 2028
1801 3403
1802 2489
1802 2896
1803 1974
1803 2781
1803 3392
1804 2764
1808 1973
1809 3101
1810 1967
1810 2082
1810 3121
1812 2006
1812 2164
1813 1987
1816 2778
1817 3203
1818 2443
1819 3246
1819 3442
1820 2653
1825 3328
1827 2474
1827 2978
1828 3513
1830 2390
1831 2078
1833 2171
1833 3224
1837 1962
1837 3234
1838 2002
1838 2261
1839 3292
1842 2553
1843 1903
1847 2711
1851 3767
1852 2417
1853 3379
1854 1940
1854 3181
1855 1873
1858 2013
1859 2891
1862 2403
1863 3253
1864 2126
1864 3773
1867 2710
1869 2288
1869 3311
1870 2103
1874 2040
1875 2196
1877 3796
1880 2722
1881 2869
1887 2685
1889 3437
1890 2311
1890 3541
1893 3855
1895 2846
1897 2297
1897 2513
1900 2202
1900 2819
1902 2201
1903 3169
1904 1985
1904 2462
1910 2025
1910 2227
1911 2329
1911 3397
1913 2098
1913 2818
1913 3000
1914 3206
1915 3293
1917 1997
1917 2730
1922 3064
1923 1947
1925 2882
1926 2280
1926 2883
1929 2169
1929 3077
1931 2125
1931 2157
1932 2464
1934 2129
1934 2682
1935 3033
1935 3045
1936 2589
1936 2932
1937 3334
1937 3850
1938 3255
1940 2362
1942 2194
1943 3490
1943 3743
1944 2154
1945 1966
1945 3471
1949 2584
1950 3452
1952 2056
1952 2607
1952 3755
1953 2972
1955 2366
1959 2022
1960 2872
1966 2090
1966 3262
1974 2525
1977 2990
1977 3302
1978 2450
1978 3823
1979 2019
1984 2359
1984 2414
1985 2172
1985 2436
1987 3380
1988 2143
1988 2930
1988 3044
1988 3622
1989 2917
1990 2087
1990 3669
1993 2124
1995 2198
1999 2360
1999 3402
1999 3652
2001 2271
2002 2675
2007 2046
2008 3100
2009 3144
2011 2719
2012 2234
2015 2864
2016 3338
2019 2635
2024 2746
2025 2333
2027 2159
2028 2446
2031 2060
2031 2101
2031 2255
2031 2827
2031 3361
2032 2190
2033 2749
2034 2538
2034 2723
2034 2811
2034 3448
2036 2637
2045 3049
2046 2573
2049 2119
2050 3604
2052 2661
2053 2503
2056 3305
2057 2067
2059 3834
2060 3708
2061 3325
2063 2994
2064 3723
2065 2657
2066 2229
2066 3034
2066 3450
2067 3314
2068 3139
2070 3698
2071 2435
2071 2611
2073 3431
2077 2557
2077 3137
2083 2188
2085 2423
2086 3685
2087 2177
2087 3148
2092 2704
2093 2246
2093 2696
2094 2780
2097 2418
2097 2545
2097 2628
2098 2108
2098 3500
2098 3593
2101 3795
2104 3819
2105 2552
2105 3508
2105 3695
2106 2156
2106 2419
2108 2438
2108 3671
2110 3374
2113 3540
2114 2984
2115 3115
2118 2754
2120 3703
2125 3532
2126 2404
2126 3728
2133 2748
2135 2856
2143 2386
2145 3086
2145 3494
2145 3701
2146 2854
2147 3582
2148 2396
2148 2997
2150 2938
2150 3333
2152 3365
2155 3712
2159 3756
2161 3295
2162 3310
2163 3557
2164 2254
2164 3589
2166 2549
2166 3633
2170 2363
2170 2375
2170 3284
2172 3056
2177 2688
2178 2878
2179 2320
2179 3341
2179 3642
2180 3184
2181 2880
2184 2689
2186 2461
2186 3150
2186 3771
2188 2684
2188 3626
2192 2542
2193 3455
2198 3135
2198 3398
2199 2986
2206 2222
2206 3489
2206 3858
2207 3098
2208 3491
2210 3856
2212 2912
2213 2305
2213 2577
2214 2941
2218 2388
2218 3082
2219 2614
2219 3693
2221 2809
2221 3260
2222 3173
2223 3175
2224 2275
2228 2330
2230 2426
2230 3346
2230 3662
2232 2266
2232 2817
2232 2998
2234 3641
2236 3510
2237 3344
2240 2528
2241 3370
2243 3092
2246 2921
2252 3754
2252 3806
2254 2740
2255 2877
2256 2890
2256 3717
2258 3563
2259 2565
2259 3288
2260 2508
2263 2604
2263 3463
2266 2658
2267 2337
2267 2563
2268 3084
2270 2290
2273 2870
2276 2440
2277 2677
2279 2410
2284 3014
2290 2987
2296 2603
2301 2873
2302 2861
2302 3202
2302 3210
2304 2957
2306 2717
2307 2367
2308 2575
2310 3615
2311 2485
2315 2548
2316 3625
2318 2831
2331 3016
2333 2397
2338 3047
2339 3216
2340 3591
2345 3634
2347 2541
2348 3052
2349 2660
2351 3535
2352 3416
2355 3011
2359 3072
2361 2405
2361 3512
2364 2715
2370 2439
2372 2574
2373 2608
2375 3327
2377 2848
2378 2456
2381 3005
2382 3545
2383 3460
2384 2724
2385 2889
2386 3643
2387 2852
2388 2771
2389 3230
2389 3534
2390 3709
2392 3567
2394 3231
2394 3315
2395 3694
2397 2700
2398 3040
2400 3616
2403 2705
2404 2791
2404 3151
2409 2444
2410 3079
2413 2483
2413 2625
2420 2850
2422 2564
2427 2860
2431 3472
2432 3042
2438 2806
2440 2526
2442 2631
2443 3178
2447 2695
2451 3560
2454 2491
2461 3610
2463 2529
2464 3676
2465 2969
2467 2709
2469 2540
2473 3381
2477 2977
2477 3354
2478 3007
2482 3565
2484 2983
2484 3813
2485 2775
2491 2536
2493 2698
2496 2586
2496 2760
2499 3276
2502 3388
2504 2514
2504 2742
2504 2747
2505 2667
2509 2629
2509 3205
2511 3601
2518 3058
2522 2784
2523 2532
2524 3650
2526 2989
2528 2758
2529 3285
2532 2940
2533 3366
2535 2923
2537 3637
2540 2732
2544 2651
2547 3590
2549 3406
2550 3776
2551 3168
2554 3217
2557 3661
2562 2967
2566 2765
2568 3124
2573 2735
2573 3357
2578 2582
2580 2602
2581 3020
2591 3080
2595 3747
2601 3129
2608 2726
2608 3785
2611 2834
2612 3784
2613 3391
2617 3331
2620 3031
2621 3572
2622 3690
2630 2642
2639 3677
2643 3482
2644 2976
2645 2956
2647 3811
2649 3118
2650 3280
2656 3580
2659 2768
2660 3411
2660 3774
2661 3505
2662 3514
2663 3345
2664 3462
2671 3517
2672 2839
2680 2900
2681 3670
2682 3782
2687 2779
2690 2885
2693 3226
2694 2836
2695 3019
2704 3340
2705 2985
2708 3409
2714 2946
2714 3617
2717 3235
2722 3330
2723 2763
2724 3155
2724 3236
2725 3453
2735 2899
2743 3441
2744 3030
2746 3502
2746 3630
2748 3313
2754 3035
2761 2863
2767 3515
2768 3283
2769 3259
2769 3461
2770 3242
2770 3537
2771 2847
2771 3316
2773 3492
2779 3653
2782 3469
2783 3103
2788 3207
2796 3165
2797 3789
2800 3220
2811 2975
2811 3807
2814 3549
2814 3713
2816 3603
2820 3172
2824 3493
2825 3558
2826 3679
2828 3769
2829 3783
2833 3459
2833 3766
2839 2999
2841 3644
2843 3674
2845 3358
2847 3215
2850 3320
2855 2858
2856 3568
2874 2879
2874 3352
2880 3506
2881 2933
2881 3127
2881 3251
2886 2916
2890 2927
2892 2959
2897 3496
2898 3140
2898 3831
2899 3770
2906 3221
2907 3739
2909 3272
2912 3113
2919 3692
2923 3735
2930 3454
2932 3267
2943 3787
2947 3742
2948 3778
2950 3270
2951 3254
2952 3499
2953 3495
2959 3085
2963 3336
2963 3573
2971 3051
2982 3265
2985 3802
2987 3715
2991 3716
2993 3564
2995 3010
2998 3385
3002 3195
3008 3321
3013 3449
3015 3586
3017 3131
3017 3760
3026 3798
3052 3176
3052 3179
3053 3057
3059 3817
3061 3504
3068 3389
3070 3290
3071 3149
3082 3306
3087 3201
3087 3440
3087 3575
3092 3369
3096 3827
3097 3497
3101 3256
3109 3699
3109 3745
3110 3153
3111 3289
3116 3268
3118 3618
3125 3539
3141 3191
3142 3530
3143 3239
3154 3413
3156 3730
3157 3706
3168 3577
3184 3788
3185 3800
3191 3481
3198 3689
3201 3507
3204 3729
3216 3393
3218 3390
3219 3488
3220 3378
3227 3608
3232 3757
3241 3307
3242 3427
3253 3443
3253 3544
3263 3279
3269 3829
3281 3597
3291 3569
3299 3359
3306 3724
3312 3857
3326 3467
3330 3335
3343 3570
3354 3686
3359 3763
3376 3400
3376 3536
3381 3588
3389 3835
3399 3435
3400 3522
3404 3414
3407 3464
3418 3664
3420 3655
3433 3772
3446 3602
3462 3665
3470 3519
3484 3547
3486 3578
3486 3654
3501 3753
3507 3600
3508 3818
3513 3780
3514 3576
3535 3607
3550 3646
3559 3792
3585 3645
3588 3849
3601 3726
3622 3627
3637 3844
3704 3738
3743 3853
3768 3803
