8354 7371
1 2
1 5
1 6
1 103
1 170
1 298
1 475
1 795
1 885
2 3
2 8
2 453
2 502
2 1241
3 4
3 18
3 30
3 40
3 60
3 6845
4 9
4 11
4 187
4 372
4 431
4 873
4 2112
4 2447
4 3892
5 7
5 133
5 193
5 205
5 440
5 1503
5 7643
6 10
6 12
6 13
6 14
6 22
6 51
6 64
6 135
6 250
6 3367
6 4075
7 24
7 90
7 125
7 132
7 152
7 931
7 1256
8 36
8 46
8 204
8 2928
9 17
9 32
9 53
9 126
9 5498
10 15
10 110
10 137
10 156
10 171
10 1080
10 1208
10 2370
10 2489
11 21
11 29
11 108
11 192
11 380
11 394
11 433
11 947
11 3323
12 33
12 34
12 37
12 84
12 89
12 337
12 487
12 503
12 543
12 667
12 712
12 4838
12 6583
13 20
13 25
13 99
13 857
14 16
14 19
14 23
14 679
15 42
15 82
15 157
15 1308
15 7939
15 8180
16 28
16 56
16 70
16 72
16 87
16 113
16 213
16 258
16 280
16 3851
16 7364
17 222
17 756
18 26
18 168
18 594
18 597
18 740
18 4197
18 5801
19 65
19 162
19 176
19 184
19 406
19 1565
19 1768
19 1922
20 323
20 404
20 436
20 672
20 1407
20 1937
20 2937
21 27
22 31
22 71
22 106
22 312
22 343
22 1164
23 63
23 766
23 1170
24 38
24 55
24 744
24 1513
24 2067
25 415
25 1928
26 984
26 1118
26 1581
27 44
27 69
27 128
27 198
27 264
27 274
27 544
27 691
27 4713
28 41
28 417
28 1213
28 2522
28 2759
28 3893
29 583
29 1573
29 3057
30 35
30 57
30 67
30 129
30 242
30 348
30 4471
30 5049
30 7865
31 39
31 52
31 130
31 1108
31 2450
31 3237
32 225
32 911
32 2093
33 114
33 119
33 823
33 1423
33 2655
33 3690
33 6427
34 97
34 153
34 764
34 1115
34 1840
34 4653
34 7440
35 81
35 575
35 717
35 1294
35 4846
36 43
36 50
36 74
36 83
36 165
36 457
36 1299
36 6014
37 45
37 92
37 107
37 196
37 331
37 2208
37 7004
38 66
38 174
38 239
38 602
38 1490
38 3310
38 4818
39 48
39 496
39 860
39 1305
39 2511
39 3946
40 47
40 139
40 151
40 1644
40 2315
40 3923
40 7570
41 49
41 163
42 54
42 94
42 111
42 257
42 529
42 585
42 2827
43 185
43 344
43 1546
43 7245
44 311
44 2205
44 5151
45 61
45 407
45 610
45 1839
46 252
46 270
46 562
46 753
46 985
46 2050
46 4132
47 91
47 271
47 283
47 1039
47 6100
48 85
48 143
48 347
48 399
48 1183
48 1445
48 1830
48 2271
48 3466
48 4567
48 7232
49 131
49 647
49 866
50 68
50 73
50 219
50 373
50 701
50 733
50 2875
50 8350
51 76
51 209
51 1185
51 1462
51 2600
51 3282
51 5412
52 172
52 519
52 1331
52 2642
53 59
53 155
53 279
53 414
53 7792
54 58
54 88
54 1823
54 2033
55 210
55 620
55 664
55 5537
56 127
56 191
56 203
56 2789
57 148
57 539
57 820
58 62
58 236
58 969
58 1236
58 1330
58 2248
58 3917
58 7312
59 77
59 95
59 498
59 6312
60 405
61 4510
62 173
62 356
62 1014
62 1151
62 2981
62 7818
63 140
63 233
63 572
63 3185
64 78
64 123
64 3359
65 79
65 547
65 3574
66 80
66 226
67 122
67 419
67 732
67 7889
68 96
68 288
68 692
68 2111
68 6149
69 109
69 573
69 670
69 686
69 863
70 86
70 101
70 142
70 199
70 281
70 358
70 680
70 1633
70 4259
71 75
71 195
71 1282
71 3788
72 118
72 719
72 724
72 978
72 2967
72 3267
73 530
74 1035
75 136
75 787
75 4680
75 5594
76 336
76 762
76 919
76 2023
76 2892
76 4272
76 5792
76 6159
77 98
77 540
77 2026
77 4072
78 1669
78 1674
78 2723
78 2904
78 4619
79 105
79 241
79 545
79 1576
80 145
80 1950
80 4116
81 7341
82 93
82 167
82 227
82 468
82 3089
83 246
83 533
83 2897
83 4222
84 388
84 578
84 615
84 1962
84 3924
85 211
85 259
85 1222
85 1383
85 4914
86 120
86 249
86 256
86 1438
86 2376
86 2802
86 3920
86 4143
87 807
87 2387
87 3214
88 100
88 2555
88 4316
88 4634
89 438
89 2046
89 2643
89 6451
90 121
90 150
90 1481
90 3424
90 4233
90 6466
91 235
91 370
91 1148
91 4320
91 4763
92 102
92 117
92 179
92 313
92 362
92 3579
93 420
93 1977
93 3070
94 112
94 146
94 1611
94 1663
94 2874
94 8107
95 4397
96 166
96 189
96 247
96 473
96 1001
96 1113
96 2371
96 5387
97 202
97 232
97 1316
97 1334
97 5152
97 6908
98 104
98 367
98 443
98 1448
98 1626
98 2058
98 2366
98 3130
99 138
99 1599
99 3446
100 197
100 275
100 319
100 2520
100 5143
101 282
101 1062
101 1891
101 2689
101 4463
102 164
102 240
102 625
102 748
102 772
102 1018
102 1381
102 5153
102 5684
103 297
103 466
103 524
103 559
103 1252
103 1511
103 6399
104 180
104 474
104 897
104 998
104 1467
104 1895
104 4427
105 116
105 416
105 1224
105 1784
105 4812
105 5407
105 6295
106 251
106 1658
106 2720
107 324
107 1584
107 2575
107 3860
108 141
108 177
108 2090
108 2863
108 4817
109 115
109 1789
109 2651
109 6336
110 397
110 546
110 1099
110 1128
110 1250
110 1352
110 2629
110 2733
110 8170
111 201
111 461
111 694
111 915
111 2119
111 2842
111 3109
112 266
113 124
113 188
113 291
113 444
113 521
113 812
113 1195
113 3104
113 5050
114 238
114 262
114 469
115 134
115 244
115 374
115 6717
115 6967
116 532
116 1133
116 4590
117 206
117 853
117 2432
117 3881
117 4918
118 536
118 1104
118 1978
118 4368
119 147
119 968
119 6981
120 229
120 295
121 194
121 813
121 1979
122 482
122 1251
123 734
123 2152
123 7135
124 314
124 3373
124 7596
125 289
125 389
125 528
125 876
125 4539
126 476
126 7037
127 261
127 360
127 534
127 1796
128 149
128 2807
128 5019
129 169
129 2822
130 278
130 643
131 144
131 882
131 952
131 7206
132 154
132 804
132 2149
133 158
133 1068
133 1207
133 3821
133 4202
134 214
134 522
134 768
134 901
134 1289
134 2388
134 4024
134 5204
135 320
135 616
135 810
135 1690
135 1963
136 613
136 887
136 1261
136 1604
136 3775
137 254
137 934
137 2083
137 6728
138 160
138 186
138 411
138 518
138 1196
138 2012
138 2760
138 4592
139 550
139 634
139 829
139 4860
139 6026
140 548
140 2630
141 223
141 321
141 593
141 710
141 1320
142 237
142 2289
142 5551
143 159
143 603
143 636
143 3584
143 7828
144 265
144 329
144 3458
145 161
145 351
145 366
145 849
145 1688
145 1810
145 1894
146 175
146 645
146 895
146 1399
146 5885
146 6130
147 430
147 1271
147 4058
147 6529
148 338
148 1233
148 3338
148 7012
149 1110
149 1904
150 345
150 490
150 758
151 451
151 1220
151 2421
151 5927
152 462
153 182
153 335
153 1184
153 1266
153 1519
153 2028
153 5100
154 304
154 322
154 1453
154 6161
155 292
155 626
155 774
155 1103
155 1126
155 1525
155 6404
156 470
156 2493
156 2571
156 2808
156 3079
157 208
157 581
157 803
157 2525
157 2559
158 190
158 217
158 499
158 926
158 1067
158 3386
159 183
159 1811
159 1871
159 2871
159 6180
159 6462
160 220
161 569
161 6912
162 260
162 448
162 1175
162 7078
162 7868
163 200
163 253
163 403
163 2529
164 340
164 357
164 2974
164 3272
165 207
165 221
165 267
165 2226
165 3136
165 3414
165 6811
166 350
166 902
166 2411
166 3619
166 5085
166 5395
167 770
167 1040
168 316
168 865
168 1649
169 300
169 1276
169 1990
169 5116
170 377
170 378
170 554
170 872
171 565
171 4466
171 6423
172 216
172 224
172 862
172 2537
172 2925
173 809
173 891
173 1094
173 1246
173 2155
173 2512
173 3991
174 294
174 384
174 671
174 1729
174 2068
174 2102
174 3009
175 234
175 248
175 514
175 1134
175 1394
175 1622
175 1681
175 2548
175 5961
176 178
176 2025
176 2751
176 4371
176 5948
177 181
177 365
177 368
177 1102
177 1558
177 3377
177 4059
178 243
178 913
178 1032
178 3392
178 6296
178 7685
179 1161
179 1964
179 6165
180 538
180 2514
180 2631
180 2797
181 769
181 3743
181 6773
181 7335
182 3868
183 832
183 1348
183 3195
183 6895
184 305
184 379
184 619
184 3752
185 531
185 1095
186 306
186 5815
187 1046
187 1943
187 2047
187 2833
187 4164
187 4934
187 5607
187 8126
188 426
188 673
188 959
188 2566
188 3405
189 317
189 423
189 2773
189 7738
190 607
190 1695
190 1890
191 646
191 659
191 7175
192 508
192 1504
192 4508
193 435
193 1051
193 2763
193 7125
194 215
194 255
194 361
194 3064
194 3663
195 481
195 484
195 4888
196 450
196 700
196 833
196 1232
196 2231
196 4607
197 492
197 513
197 898
197 4198
198 418
198 2409
198 5087
199 1613
199 2311
199 4114
200 512
200 1952
200 4792
200 5431
201 245
201 346
201 537
201 1800
201 4035
201 5454
202 1638
202 1791
203 2602
204 881
204 1913
205 2814
205 3671
205 6367
206 708
206 3068
207 398
207 2267
207 7243
208 568
208 3667
209 212
209 230
209 623
209 2554
209 2586
209 4757
209 5107
210 427
210 579
210 582
210 681
210 752
211 218
211 1044
212 285
212 2401
212 2741
213 1136
214 396
214 5506
215 477
215 4350
216 4333
217 428
217 463
217 1433
217 1974
217 4492
217 4886
218 263
218 464
218 5624
219 231
219 6153
220 1408
220 4080
220 4881
221 595
221 3986
221 6352
222 228
222 8203
223 308
223 429
223 441
223 501
223 590
223 831
223 6422
223 7504
224 284
224 287
224 7172
225 309
225 467
225 1071
225 7688
226 1483
226 2746
227 509
227 642
227 2402
227 5352
227 6066
228 413
228 1479
228 2419
229 449
229 651
229 7074
230 2323
231 495
232 269
232 1650
232 4227
232 4816
232 5263
233 409
233 588
233 958
233 1917
235 387
235 5207
236 660
236 720
236 1617
236 2175
236 3435
237 290
237 371
237 2309
237 2708
238 945
238 992
238 6547
238 7854
239 830
239 2783
240 8247
241 718
241 867
241 1385
242 1999
242 2460
242 4687
243 268
243 558
243 1473
243 2665
243 7595
244 905
244 2283
244 3396
244 6244
245 286
245 2948
245 3886
246 662
246 730
246 1364
247 307
247 974
247 1229
247 6974
247 6986
247 7619
248 422
248 1198
248 3809
248 6714
248 7380
249 1106
249 3715
250 315
250 2968
251 639
251 682
251 1248
251 5491
251 5670
252 277
252 777
252 906
252 1031
253 342
253 412
253 737
253 806
253 1918
253 2501
254 330
254 627
254 1168
254 1321
255 570
255 1153
255 2444
256 541
256 2238
256 4823
256 8336
257 276
257 381
257 961
257 4136
257 4922
258 272
258 334
258 1427
258 1572
258 3432
259 326
259 736
259 1814
259 5881
260 3512
261 332
261 364
261 2053
261 2945
261 5837
262 632
262 2692
262 3108
262 3741
263 465
263 709
263 1607
263 3044
263 4715
263 7355
264 726
264 886
264 1025
264 1188
264 1254
265 892
265 2764
265 4130
265 7985
266 352
266 383
266 1156
266 3335
267 310
267 580
268 273
268 333
268 520
268 1019
268 7413
269 515
269 669
269 1563
269 5251
270 846
270 1069
270 1486
270 4127
271 328
271 355
271 2794
272 299
272 517
272 557
272 698
272 1057
272 1285
272 3184
272 7827
273 375
273 706
273 2265
273 2582
273 5082
274 2946
274 4544
275 401
275 1865
276 480
276 1443
276 2418
276 2451
276 5577
276 6464
277 2277
278 301
278 2488
278 2532
278 4966
279 325
279 2211
279 2717
279 6545
280 327
280 2074
280 4228
281 293
281 624
281 824
281 1623
281 3348
281 6645
283 353
283 2127
283 2320
283 4083
283 4125
283 8187
284 341
284 2375
284 3555
284 6473
284 7116
285 296
285 7991
285 8059
285 8152
286 755
286 780
286 1216
287 454
287 729
287 754
287 1022
287 6685
288 933
288 1091
288 1173
288 3402
288 3964
289 483
289 2319
289 3428
291 3904
291 8241
292 302
292 391
292 400
292 425
292 1315
292 5835
293 424
293 445
293 6282
293 6458
294 303
294 3291
294 3492
294 4581
295 393
295 640
295 1176
296 359
296 817
296 1351
296 1720
296 1855
296 7159
297 851
297 2328
298 318
298 339
298 1718
298 1993
299 4264
299 4476
300 390
300 917
301 363
301 1714
301 2042
302 796
302 1125
302 2245
302 2269
302 4078
303 716
303 1450
304 1003
304 1469
305 721
305 828
305 848
306 1336
306 1752
306 3527
307 1092
308 523
308 668
308 5416
309 835
309 3381
310 3859
310 5762
311 485
312 811
312 1965
312 3199
312 3234
312 3317
313 1346
314 2573
314 7038
314 7358
315 641
315 3293
316 5610
317 1160
317 1392
317 1550
318 447
318 494
318 663
318 1614
318 3274
319 658
319 953
319 4496
320 921
321 354
321 410
321 635
321 1498
321 2162
321 4627
322 878
322 1368
322 2096
322 2615
322 3933
323 3522
323 4960
324 598
324 928
324 1281
324 2572
324 7179
325 576
325 749
325 4579
325 7035
326 1123
327 2164
327 3659
328 889
328 5012
329 349
329 3992
330 385
331 962
331 1657
331 2494
332 1341
332 3073
333 369
333 421
333 786
333 798
334 654
334 1851
334 4554
335 675
335 797
335 1897
335 2004
335 8199
336 5570
337 402
337 567
337 628
337 1021
338 929
338 1063
338 1116
339 745
339 976
339 1369
339 3767
339 3824
340 5441
340 5886
340 6762
341 713
341 714
341 1114
341 1211
342 840
342 2467
342 4066
342 5478
343 1543
344 935
345 566
345 775
345 967
345 1291
345 1612
345 3453
345 4302
345 5811
346 507
346 1154
346 2392
347 1163
347 2104
347 2649
347 4111
348 1319
348 1557
348 2139
348 3727
349 577
349 815
350 516
350 1564
350 2326
350 5011
351 455
351 458
351 526
351 1456
351 2484
351 4067
351 6705
351 8300
352 715
352 907
352 1470
352 2702
352 3086
353 661
353 946
353 991
353 8279
354 6785
354 8117
355 5042
355 5254
356 739
356 778
356 2927
357 489
357 527
357 4787
357 6612
358 2849
359 741
359 1193
359 1609
359 1859
359 2639
360 6305
360 6838
361 1877
361 3415
361 7497
362 386
362 674
362 1087
362 1337
363 392
363 850
363 3822
363 4905
365 2865
366 1949
366 4827
367 1082
367 1495
367 1596
367 3221
368 1870
369 456
369 574
369 8115
370 408
370 472
370 1055
370 5488
371 1743
371 1828
372 376
372 609
372 1174
373 601
373 1363
373 8240
374 434
374 3242
375 2103
375 3316
377 784
377 1933
377 4204
377 5281
377 5421
377 6323
377 6929
378 442
378 1608
378 1921
379 382
379 689
379 3099
379 4298
379 6604
380 471
380 652
380 1345
380 2349
380 2707
380 4353
380 4396
380 6400
381 4820
381 6227
382 395
382 1302
382 1670
382 2337
382 2443
382 7916
383 703
383 1767
383 1848
384 3218
385 5984
386 8038
387 904
387 4029
387 4743
388 511
388 1841
389 742
389 1054
389 2223
390 432
391 1217
392 814
392 3263
392 4331
393 653
393 8188
394 1139
394 1747
394 2634
395 1257
395 3528
396 439
396 3387
397 781
397 4493
398 5756
399 1275
399 7625
401 738
402 875
402 1162
402 3334
402 5841
403 1549
403 3629
403 7118
404 1059
404 1739
404 4573
404 5898
405 822
405 954
405 957
405 2725
405 4632
406 1146
406 2713
407 728
407 2622
408 1616
408 6455
409 5913
410 504
410 2327
411 452
411 1005
411 1537
411 2455
412 460
412 656
412 1075
412 3875
413 861
413 1327
413 2177
414 765
414 1912
415 637
415 676
415 930
415 994
415 1297
415 1371
416 1295
416 1635
416 4618
416 4989
416 6763
416 7811
417 1204
417 2712
417 2744
417 5975
418 437
418 999
418 1740
418 2169
419 847
419 1889
420 510
420 683
420 858
420 1580
420 5340
421 704
421 1283
421 3621
422 783
422 2704
422 6740
423 1143
423 2001
423 4121
423 5080
424 2039
425 493
425 1424
425 4477
425 4513
425 4994
426 6983
427 943
427 4850
427 5089
428 665
428 1405
428 1520
428 1946
429 600
429 750
429 1050
429 3344
430 1692
431 727
431 4668
432 478
433 855
433 1277
433 4615
434 883
434 1998
435 1653
435 2430
435 3320
435 3700
435 8111
436 571
436 979
436 1414
437 491
437 1006
437 1355
437 2114
438 497
438 4005
438 4402
439 446
439 757
440 525
440 535
440 3653
441 6166
441 6309
442 3370
442 4794
442 7956
443 5619
445 617
445 4938
445 5238
446 506
446 589
446 4009
447 1212
447 4109
447 6917
448 980
448 3779
448 5809
448 7329
449 556
449 3739
450 1061
450 1177
451 2685
452 500
452 4166
452 5267
452 6960
453 459
453 1507
453 1769
453 1797
453 2481
453 4110
454 910
454 5338
455 1131
455 1375
455 3194
455 7722
455 8292
456 1629
456 2087
457 696
457 1812
457 4174
458 834
458 1822
459 1137
459 2285
460 611
460 2790
461 599
461 735
461 972
461 1428
461 1582
461 3093
462 793
462 871
462 2988
463 942
463 1954
463 3332
464 8276
465 612
465 2061
465 2864
465 4158
465 5986
466 1817
466 3021
466 4762
467 890
467 948
467 1619
467 3238
467 6559
468 488
468 1847
468 2420
468 4304
469 479
469 630
469 747
469 4819
469 5716
470 1705
470 2002
470 3867
471 596
471 702
471 1187
471 3055
471 6231
471 6923
472 2429
472 3780
472 5418
473 486
473 553
473 561
473 2386
474 1492
477 941
477 1562
477 2092
477 7379
477 7631
479 1863
479 2714
479 7529
480 687
480 8345
481 1693
481 1832
481 2438
481 7815
482 3202
482 4347
483 5286
484 1379
484 1779
484 3228
485 944
485 2353
485 2644
485 3413
485 5213
487 1048
487 6753
488 790
488 1210
488 2097
489 684
489 2440
489 3112
489 3532
489 6729
490 789
490 5120
491 3719
491 5206
492 606
492 5976
493 1072
493 1410
493 4797
493 6185
493 6826
494 505
494 1192
494 1435
495 990
495 1301
495 6777
496 1086
497 1073
498 618
498 975
498 5717
498 7448
499 648
499 3120
499 3204
499 4993
500 551
500 1214
500 2939
501 1545
501 1801
501 1856
501 6819
502 3483
502 3488
503 2038
504 560
504 1790
504 2377
504 5802
505 1539
506 563
506 731
506 4411
507 1200
507 4480
508 2161
508 2345
508 6113
508 7934
509 2072
509 2470
509 6980
510 1687
510 2545
511 542
511 655
511 2018
512 657
512 1112
512 5193
513 614
513 1290
513 1575
513 2667
514 1415
514 4759
515 1458
515 2745
516 2358
517 3041
518 1836
518 2017
518 5097
519 1293
519 1610
519 3219
520 564
520 586
520 1076
520 1689
520 1902
520 7642
522 699
522 6972
523 1150
523 3189
524 4260
525 555
525 1527
526 549
526 2335
527 2157
527 2303
527 4767
528 3615
529 605
529 2546
529 2652
530 552
530 4416
531 697
531 924
531 1578
531 4141
532 677
532 1234
532 1757
532 3187
532 8144
533 591
533 1660
533 1880
533 2363
533 6853
534 1119
534 4699
534 6991
535 604
535 1343
535 2866
536 751
536 763
536 788
536 838
536 1606
537 584
537 1342
538 852
538 7496
539 1190
539 3420
539 4883
539 5692
540 621
540 2094
541 801
541 4087
541 4215
542 1312
542 1888
544 638
544 859
545 2452
545 4455
545 5897
546 4308
546 7144
547 2678
547 3290
547 6541
548 1827
548 5401
548 5625
549 592
549 1493
549 2862
549 3635
551 1471
551 2580
551 3450
552 3018
552 4201
553 1026
553 1803
553 6084
554 864
555 837
555 2585
555 5356
555 6029
557 1273
557 5196
558 622
558 3345
558 5114
558 6799
559 1158
559 1472
559 2049
559 2683
559 4520
560 5630
560 5775
561 1013
561 2146
562 799
562 805
563 1671
563 6732
564 1442
564 3177
565 965
566 4941
566 4944
566 6344
567 1326
567 2262
567 4140
568 771
568 1444
568 2672
568 2724
568 6120
569 644
569 1033
569 2815
569 7115
570 2914
571 1037
571 1038
571 1395
572 1105
572 1144
572 3153
572 5191
573 970
573 2551
575 650
575 1309
575 1722
575 6849
576 587
577 3399
578 839
578 6533
579 2190
579 3758
579 4254
581 1079
582 1178
582 3301
582 4154
583 666
583 759
583 995
583 1706
584 760
584 922
584 1089
584 1339
584 1636
584 2299
584 2454
584 3746
585 633
585 693
585 743
585 816
585 1066
585 5256
586 1247
586 4207
586 6667
588 1677
588 2848
588 3706
588 4038
589 688
589 707
589 1284
589 1858
589 5728
590 2192
590 5296
590 6067
591 893
591 1017
591 1109
591 1292
591 1583
591 3939
591 5436
591 5492
592 725
592 825
592 1093
592 1711
593 2998
593 3288
593 3683
593 5839
594 3276
594 4177
595 1335
595 2459
595 3160
596 608
596 986
596 2153
596 3429
596 6199
597 2485
597 3196
597 5205
598 1141
598 3183
599 629
599 1523
599 5844
600 2312
600 6683
601 3366
601 4887
603 2687
603 3535
604 1411
604 1624
604 2486
604 3071
605 649
605 982
605 1402
605 1528
605 3315
605 6872
606 1719
606 3469
607 1763
607 7259
609 4563
609 4837
610 956
610 2069
611 2793
611 3287
611 6269
612 927
612 7534
613 1058
613 1317
614 996
614 1753
614 3987
614 5026
614 5764
615 899
615 7278
616 5333
617 1205
617 6848
618 695
618 2137
618 3307
618 4229
619 1264
619 1412
619 1422
620 844
620 1451
621 989
621 3800
621 5373
622 1227
622 7396
623 2530
624 1377
624 4112
625 1249
625 2561
626 1353
626 2971
627 1709
627 2201
627 4076
627 6294
628 1329
628 4576
628 6678
629 3029
629 6364
630 631
630 4007
630 6588
631 6873
632 8195
634 1029
634 1367
634 1480
634 1499
634 8087
635 1497
636 1777
636 1959
637 2229
638 5424
639 1045
639 4728
640 7081
641 1140
642 5364
642 8326
643 1015
643 6311
644 685
644 2902
644 3235
644 7106
645 705
645 868
645 1494
645 8309
646 773
646 819
646 1668
646 3092
648 914
648 1191
648 1265
648 2898
649 1120
649 1135
649 2216
650 1751
650 2128
650 2679
651 1508
651 2141
651 3328
652 1098
652 2217
652 5847
653 2666
654 1429
654 2796
654 3971
654 5660
655 678
656 690
658 1117
658 3005
658 4097
658 7737
659 8268
660 1821
661 827
661 1228
662 7764
663 1416
664 1186
665 1322
665 3311
665 5354
665 7029
666 2803
666 3942
666 6779
667 782
667 6105
668 6675
669 2266
670 963
670 1875
671 2518
671 7400
671 7455
672 723
672 1111
672 6506
673 1020
673 1926
673 2040
674 3222
675 1463
675 1514
676 1009
676 2031
676 4852
676 6327
677 5306
677 5328
677 5789
677 7498
678 711
679 3912
679 6857
680 1794
680 2296
681 779
681 2681
681 4014
681 4780
682 1712
682 4658
683 4208
684 2407
684 2907
684 3444
685 997
685 2062
685 2399
685 3766
685 4746
686 909
686 3253
686 7270
687 964
687 1070
687 7555
688 1310
688 4095
689 3945
690 888
690 2206
690 2535
690 4309
690 5631
691 1347
691 3724
691 4050
692 746
692 792
692 1485
692 2010
692 2584
693 1521
693 1579
693 7008
694 776
694 1457
694 1698
694 2944
694 6409
695 2990
696 1496
696 4223
697 1130
697 1704
697 1846
697 3897
698 2372
699 2200
699 4948
699 5342
699 6398
700 1287
700 1982
701 3329
701 7998
703 2121
703 2423
704 1432
704 1625
704 1673
705 845
705 1149
706 722
706 1358
706 3802
707 1255
707 1972
708 1426
708 1586
708 3111
709 1296
709 7006
709 7970
710 1592
711 800
713 1510
713 2959
714 1680
714 3781
715 950
715 955
715 1691
715 5128
716 1288
716 1594
716 1834
717 1738
717 7350
718 836
719 1474
719 1696
719 7589
719 7915
720 854
720 1084
721 843
721 1603
721 5090
722 1002
722 1197
722 2232
722 2879
722 2996
722 7983
723 3043
723 5500
723 6576
723 7095
723 7756
724 938
724 2180
725 4008
725 5127
726 940
726 1439
726 2605
727 923
727 1756
727 3152
728 2427
728 4045
728 5088
729 1307
729 3952
729 4027
731 8016
732 3416
733 808
733 818
733 1809
734 1027
736 791
736 1121
736 2115
737 988
738 2341
739 5573
740 869
740 1824
740 3232
740 4033
741 1167
741 1365
741 1389
741 3463
742 4360
743 6413
744 1571
744 2483
744 6891
745 1409
745 5396
745 5586
746 1306
746 4395
746 6119
747 1165
748 1030
748 1804
749 5156
749 6326
749 7565
750 841
750 939
750 7371
751 2445
751 2471
751 2868
751 4444
752 2368
753 1478
753 3171
755 1466
755 4047
755 7972
756 1223
756 4735
757 767
757 879
757 2308
758 1260
758 1901
758 3842
759 761
759 1664
759 2659
760 2752
760 3182
761 1016
761 2503
761 4975
762 856
762 1354
762 1900
762 2362
762 2818
762 6579
763 802
763 1056
763 1060
763 4999
764 6091
764 8010
765 1219
766 794
766 949
766 2633
767 1775
767 2896
768 826
768 884
769 1694
769 2940
770 1152
770 3710
770 5071
771 1406
771 1953
772 2711
773 1440
773 2202
773 8277
775 7834
775 7860
776 2743
776 3243
776 5495
777 821
777 937
777 1024
777 5139
778 1787
778 2715
778 4137
779 896
779 1829
779 3863
780 1484
781 4558
782 785
782 1867
782 6786
783 2030
783 5253
785 5450
786 981
786 1010
786 3693
786 3804
786 7340
786 7373
787 908
787 4957
787 6395
789 1356
789 4980
790 1627
790 2841
790 5464
791 4783
791 6058
792 3139
793 1538
793 2954
793 4806
794 842
794 1034
794 2408
794 3408
795 971
795 1552
796 2116
796 2156
796 4758
796 6389
797 1004
797 2045
797 2508
797 6239
798 5554
798 6047
799 1892
799 2317
799 5770
800 1107
800 3143
802 2307
803 1053
803 1300
803 4338
804 1489
804 1646
804 4518
804 7217
804 8031
805 1882
805 3030
806 1127
806 3388
806 3861
806 5614
807 918
807 1100
808 3280
808 4531
808 6038
808 6718
809 2081
809 8019
812 1675
812 4221
813 7109
814 1845
814 3566
814 5330
815 5475
816 2253
816 8065
817 1043
817 1419
817 5033
818 2502
819 900
819 1437
819 2189
819 3286
819 3849
820 1023
820 1721
820 3729
821 7279
822 4952
823 1647
824 4160
824 8029
825 1007
825 3769
826 870
826 1000
826 6394
827 1262
827 2887
828 1981
828 2183
828 3737
828 5064
829 1238
829 1598
829 2496
829 6063
829 7509
830 993
830 6971
831 2791
832 7163
833 5003
833 7315
835 1324
835 1491
835 4149
836 4650
837 1370
837 2332
837 7303
839 1132
839 6578
840 1124
840 7654
841 1325
842 1215
842 1683
842 3474
843 936
843 1189
843 2214
843 2533
843 5217
843 5593
844 1028
844 3056
845 874
845 5420
845 8044
846 1042
846 1755
846 2359
847 983
847 1333
847 7390
848 1145
848 1393
848 2531
848 2632
848 3855
848 7060
849 3815
849 3830
849 4947
849 5812
850 1590
850 2052
850 4904
851 2437
851 3223
851 3613
852 1866
853 8006
854 3657
854 4890
854 6156
854 7043
855 1662
856 1047
856 2574
856 2922
857 951
859 932
860 2499
860 2728
860 7180
860 7779
861 2876
861 3638
861 4853
861 7309
861 7855
862 3650
862 6514
863 877
864 1078
864 1759
864 4057
865 1202
865 1924
865 3439
865 4707
866 925
866 1008
866 1350
866 4911
866 6288
866 7161
867 1533
868 3326
868 3673
868 4611
870 1142
870 2117
871 1279
872 960
872 4412
872 6474
873 3559
874 1476
874 4315
874 5125
875 880
875 1555
876 903
876 920
876 1083
876 1634
877 1304
877 1349
877 1942
877 3578
878 987
878 1012
878 1404
878 5911
879 1049
879 1678
879 2235
879 3572
879 5175
879 5856
880 1209
880 2510
880 4694
881 1477
881 2369
882 894
883 2461
883 3482
884 2506
884 7613
885 1240
885 1589
885 2923
886 1172
886 1506
886 8181
887 977
887 2676
887 3631
887 7582
888 5487
889 1652
889 1980
889 2406
889 3186
890 1430
890 1938
890 1984
890 2107
890 3401
890 8272
891 2126
891 5075
891 7518
892 1081
892 1413
893 1155
893 2027
893 2134
894 2008
894 3544
894 3784
895 2567
895 2607
895 2740
896 1036
896 1615
896 2469
896 3049
897 1226
897 3593
898 1396
898 3449
898 7317
898 8304
899 1129
899 1654
899 1945
900 916
901 973
901 1534
901 4386
902 1318
902 1357
902 2270
902 4307
902 5341
902 6202
902 7122
903 912
904 3443
905 3433
905 3813
905 4734
906 2005
906 2436
906 4265
906 5057
908 1090
908 2276
908 3756
909 4696
910 6388
911 1096
911 2854
911 6985
912 4216
913 3341
914 1206
914 1970
914 2424
915 3705
916 2442
916 2888
916 3438
917 2431
917 2729
917 2919
917 4498
917 7786
918 3576
919 2070
919 2209
919 5505
920 5190
921 1052
924 2220
924 5309
925 1378
925 2288
925 3597
925 4509
925 5417
926 1269
926 1530
926 5181
926 5657
927 2356
927 3025
928 1509
928 1961
928 2623
928 6277
929 3609
929 3936
929 6521
930 2599
932 2313
933 1011
933 1041
933 1735
934 1905
934 2464
934 3340
935 1203
936 3076
936 3201
937 7368
940 1535
940 1786
940 1813
940 4459
941 1239
941 1359
941 1386
941 1854
942 2310
942 6313
942 6961
943 2007
943 6079
943 6989
944 2373
944 2911
944 5122
944 7162
944 8291
945 1225
945 2781
945 5978
945 6820
946 3887
949 1588
949 5293
953 2333
953 7322
954 2926
955 1835
956 2943
956 3502
956 3878
957 1708
958 1500
958 2570
959 7585
960 3198
960 3921
960 4719
962 1464
965 966
965 2830
965 3950
966 1077
966 5226
967 1909
967 2247
967 6635
968 4665
969 1074
969 2961
971 1088
971 1536
971 1773
971 7574
972 1628
972 3423
973 3159
973 6743
974 1501
974 1807
974 4921
974 5124
975 2301
976 2415
976 2809
976 6546
979 4659
980 1159
980 4428
981 1548
981 1885
981 2075
982 1194
982 1595
982 7775
982 7829
983 2958
984 1819
985 3628
985 6073
986 1465
987 3889
987 4120
989 1931
989 3133
989 5195
991 1272
991 1311
991 3355
991 6210
992 6854
992 7166
993 1512
993 2187
993 3081
993 5981
994 2329
994 4016
995 4685
996 1065
996 6002
997 1314
997 6193
997 7430
999 1171
999 3042
1000 2784
1001 3513
1003 1857
1003 6481
1004 2449
1006 1431
1006 3913
1006 4240
1006 4336
1008 1460
1008 2225
1008 3117
1008 3265
1009 1553
1010 1280
1010 1776
1010 1991
1010 4527
1010 5575
1011 1997
1011 2034
1012 1181
1012 2851
1012 4777
1012 5576
1013 1620
1013 1833
1013 6944
1014 1376
1014 2064
1014 3740
1015 1936
1016 5501
1017 1764
1017 2343
1018 4261
1018 7268
1019 2913
1020 1169
1021 2252
1021 6540
1022 7708
1022 8055
1023 8068
1024 1097
1024 4742
1025 2011
1026 1263
1027 3953
1027 6070
1028 1544
1028 2810
1028 3988
1028 4940
1029 1101
1029 1323
1029 1883
1030 2953
1030 5045
1030 6426
1031 2314
1031 8184
1032 1475
1032 2813
1034 4828
1035 7370
1036 1745
1036 2105
1036 3751
1036 3791
1037 1844
1038 1421
1038 1727
1038 4972
1038 5006
1039 1298
1039 2292
1040 7899
1041 1587
1041 3156
1042 5718
1042 7992
1042 8313
1043 7667
1044 1559
1044 4514
1045 7830
1046 2624
1046 3378
1047 1338
1047 1403
1047 2800
1047 7300
1048 1643
1049 1064
1049 3963
1049 5628
1050 4162
1050 5637
1051 2767
1052 1366
1052 2734
1053 3087
1053 3181
1053 4491
1053 6603
1054 2085
1055 1380
1055 2237
1055 2977
1056 1085
1056 1138
1056 2044
1056 7872
1057 2204
1060 5069
1061 1270
1061 2076
1061 2492
1061 5295
1061 8289
1063 1758
1063 5699
1064 1556
1065 1540
1065 2255
1065 2934
1066 2259
1067 1398
1067 2125
1067 2135
1067 2473
1068 2219
1068 4054
1069 4965
1070 1717
1070 8043
1071 1221
1071 3948
1071 5880
1072 1502
1072 1831
1072 6564
1074 2101
1074 2199
1074 2779
1074 2921
1074 5951
1074 7729
1075 1731
1076 1259
1076 3645
1076 4775
1077 2304
1077 2771
1079 8305
1080 1934
1080 2391
1081 1230
1081 2051
1082 2144
1082 4720
1082 6941
1083 3620
1083 5513
1084 4107
1084 4409
1085 2191
1085 5737
1086 2519
1088 6142
1089 8280
1090 3486
1091 2422
1092 2480
1092 3126
1092 4167
1093 2130
1093 4858
1093 5131
1095 1157
1095 2360
1095 6518
1096 2748
1097 2065
1097 4062
1097 5993
1097 7806
1098 3351
1099 4023
1099 6090
1100 2016
1100 7894
1101 1659
1101 3012
1101 3928
1102 2479
1102 3583
1102 6544
1102 8130
1103 1742
1103 7947
1104 1881
1104 3790
1104 4022
1104 5549
1105 1235
1105 1286
1105 1344
1106 1179
1106 2877
1106 3036
1106 3321
1106 4884
1107 8069
1108 1122
1108 1762
1108 2541
1108 3785
1109 1382
1110 1258
1110 1303
1110 4030
1110 6885
1111 2970
1112 1710
1112 3091
1113 1524
1114 1468
1114 2236
1114 2962
1115 5518
1115 5946
1116 1517
1116 6815
1117 1724
1117 3060
1118 1732
1118 2769
1118 5780
1119 2095
1119 3097
1120 1684
1120 2697
1122 1332
1122 1446
1122 5228
1123 2082
1123 4183
1124 4824
1124 5039
1125 1373
1125 1702
1125 6261
1125 6937
1126 1274
1126 4431
1128 1908
1128 8216
1129 2433
1129 3829
1130 4299
1131 1561
1131 1715
1131 1820
1131 5367
1131 6242
1132 1569
1132 6565
1132 7040
1133 1180
1133 1253
1133 1268
1133 1577
1133 1958
1133 5239
1133 6977
1134 2869
1135 1218
1135 2636
1137 1147
1137 3708
1138 5172
1139 3163
1140 1182
1140 2543
1140 4779
1140 5655
1141 3069
1141 4907
1142 3718
1142 4322
1143 1656
1143 4429
1144 1744
1144 1955
1145 4479
1146 2079
1147 1244
1147 1401
1147 1602
1147 2534
1147 4529
1148 1231
1148 1242
1150 2978
1150 3457
1151 1682
1151 4325
1151 5346
1151 5472
1152 1166
1152 3816
1153 3448
1153 4348
1153 6363
1154 1560
1154 4327
1155 1793
1155 6566
1155 7823
1156 2380
1156 3298
1156 5408
1157 2227
1157 2817
1157 2992
1157 5243
1158 3161
1159 1601
1159 3794
1159 5271
1160 4555
1161 1362
1163 1340
1163 2133
1163 3230
1163 5173
1164 2350
1165 1665
1165 2168
1165 2264
1165 2870
1165 6432
1165 8186
1166 1267
1166 4652
1166 5081
1168 3731
1168 7551
1169 2188
1169 5541
1169 6710
1170 1944
1170 2213
1170 2626
1170 7435
1171 7540
1172 4131
1173 1199
1173 1551
1173 8215
1173 8332
1175 2077
1176 1736
1176 5183
1177 3363
1178 2302
1178 3803
1178 3882
1178 4525
1179 1733
1179 3061
1179 5726
1180 1278
1180 3985
1180 6410
1181 5070
1181 6071
1181 8109
1182 2176
1182 5876
1183 1201
1183 3094
1184 3100
1185 1760
1186 4469
1187 1425
1187 3365
1188 2321
1189 1391
1189 1679
1190 3471
1190 5307
1190 6440
1191 1642
1191 7986
1193 1531
1193 4803
1194 1716
1195 3896
1195 4252
1195 6076
1196 2825
1196 4394
1197 3714
1197 7442
1198 1919
1199 1666
1200 1713
1200 1728
1200 4570
1201 1621
1201 7023
1202 3658
1203 1245
1203 1436
1203 1487
1203 1975
1203 2091
1203 2556
1204 1618
1204 1914
1204 2491
1204 6015
1204 8113
1205 2145
1206 2997
1207 3103
1207 5523
1207 6483
1208 1591
1208 2342
1208 2957
1208 3102
1208 5023
1208 6525
1209 2203
1211 2852
1211 4464
1211 6248
1212 1987
1212 3418
1212 3508
1213 1461
1215 1754
1216 1243
1217 2230
1217 2621
1217 4753
1217 7681
1218 4006
1218 6573
1218 7025
1220 1418
1220 1454
1220 1884
1220 2089
1220 2120
1221 1388
1222 2617
1223 6712
1224 2591
1224 6020
1225 1532
1227 6616
1227 7603
1228 2331
1228 2828
1230 6225
1230 6497
1230 7656
1230 7966
1231 5185
1231 6585
1231 7296
1232 1328
1232 1600
1232 3876
1233 1843
1233 3268
1234 2660
1234 3777
1234 4589
1235 1374
1236 1237
1236 1313
1236 6577
1237 1746
1237 3467
1237 7176
1238 6438
1239 1774
1240 1605
1240 3682
1241 2558
1241 5444
1242 1957
1242 2966
1242 3179
1242 3437
1243 4773
1243 5755
1244 1566
1245 6219
1245 7221
1245 7307
1246 1639
1246 2056
1246 2765
1246 3652
1247 2394
1247 5411
1248 1361
1248 6397
1249 3540
1249 4973
1250 1518
1250 2824
1251 1842
1251 2400
1252 1420
1252 1750
1252 5322
1253 1360
1253 1505
1254 2006
1254 2446
1254 4118
1254 8206
1255 3211
1256 1770
1257 2258
1257 3393
1257 5872
1258 1417
1258 4042
1259 5062
1260 2365
1260 6874
1261 3717
1261 6037
1262 3145
1262 6267
1263 3020
1264 4190
1264 6609
1264 7213
1266 1554
1266 1567
1266 1893
1266 2835
1268 2352
1268 8134
1269 1837
1269 3526
1269 4844
1270 7630
1272 4294
1272 7516
1273 3134
1273 7260
1274 6747
1276 2179
1276 5317
1278 1730
1278 1911
1279 2389
1279 3561
1280 1672
1280 5336
1280 5996
1281 2894
1282 8005
1282 8167
1283 1939
1283 2462
1283 3989
1283 4962
1285 5502
1285 7539
1286 1780
1287 2515
1287 2722
1287 4010
1287 4617
1288 2184
1288 7925
1289 2100
1289 3306
1290 1631
1290 4191
1290 6384
1291 1973
1291 2281
1292 6136
1293 2110
1295 6337
1299 6074
1300 1449
1302 2088
1302 3144
1303 1400
1303 1772
1303 2032
1303 5427
1304 1434
1304 8067
1305 5741
1305 5914
1306 1876
1306 1986
1307 5067
1308 3434
1308 3491
1308 4637
1309 3733
1310 1985
1311 1542
1311 2820
1311 4736
1312 2073
1312 2439
1314 3836
1314 6634
1316 1765
1317 1447
1317 2853
1317 3735
1317 4603
1318 1640
1318 2212
1318 7446
1319 4843
1319 5742
1320 2055
1320 5848
1320 7344
1320 7386
1321 5276
1321 5970
1322 6666
1324 2221
1324 2384
1324 8262
1325 1529
1325 3704
1326 4044
1326 4301
1326 5015
1327 1384
1327 4798
1328 2891
1329 2557
1331 1676
1331 3764
1333 5664
1335 1397
1335 3941
1335 5072
1335 5613
1337 1969
1338 3210
1339 2014
1339 4868
1340 1515
1341 1782
1341 4870
1341 4925
1342 2847
1343 6109
1344 1940
1344 6080
1344 7804
1345 1725
1345 2477
1346 1390
1347 1452
1348 2705
1349 2819
1350 1685
1350 3141
1350 6059
1351 1968
1351 2263
1351 4273
1351 4788
1351 5161
1351 6517
1352 4065
1353 3675
1354 5907
1355 3997
1357 2172
1357 6505
1358 3978
1358 5305
1359 1387
1359 2381
1359 2889
1359 4373
1359 7909
1360 1637
1360 1947
1362 1707
1362 1805
1362 1869
1363 2930
1364 1700
1364 2166
1364 2348
1364 3084
1364 5430
1365 1372
1365 3356
1367 2737
1367 6858
1367 7765
1368 1648
1368 4998
1368 5299
1369 1574
1369 3014
1371 2747
1371 5860
1374 5398
1375 4387
1375 4456
1375 7211
1376 2242
1376 6513
1377 2186
1379 2207
1379 3273
1381 6489
1383 2132
1383 2661
1383 3825
1383 4755
1384 1860
1384 2677
1385 2021
1385 2118
1386 2625
1387 2109
1388 2560
1388 3284
1388 3938
1389 3608
1389 4842
1391 3096
1391 6331
1392 1630
1392 1874
1394 2949
1394 3564
1394 3899
1394 3970
1394 4605
1395 4522
1395 7505
1396 5758
1396 6608
1397 3839
1398 3247
1398 3376
1398 3760
1399 1748
1399 5761
1399 5861
1401 1441
1401 2048
1401 2351
1401 3702
1402 2367
1402 3464
1402 5086
1402 5433
1403 6791
1404 3911
1405 1802
1406 6768
1407 3361
1407 4674
1408 1482
1409 5955
1410 2286
1410 6508
1410 8054
1411 3067
1411 4449
1413 2654
1413 2730
1413 2792
1414 3478
1416 2140
1416 2608
1416 2983
1416 4971
1416 5133
1417 1818
1417 2846
1417 4448
1418 2037
1418 6966
1419 3676
1419 4733
1419 4760
1420 1703
1420 2969
1421 3116
1421 6964
1421 7887
1422 7197
1423 3857
1424 4808
1424 6940
1425 2250
1425 3023
1425 6378
1426 1838
1426 6351
1426 8222
1427 2778
1428 1541
1428 2171
1428 4303
1428 5218
1429 6139
1429 7202
1430 2390
1431 5463
1431 6649
1432 2588
1433 2441
1433 2668
1433 7890
1434 6622
1435 2123
1435 2653
1436 2920
1436 3158
1436 3599
1437 7186
1438 2542
1439 1879
1439 4358
1439 6631
1440 1516
1440 7726
1442 6232
1443 1459
1443 4426
1444 7774
1445 1455
1445 2618
1445 3959
1445 4068
1446 1850
1446 1967
1447 2768
1447 5850
1448 1903
1448 4698
1450 2616
1450 6368
1452 5349
1453 1697
1453 7348
1454 2568
1454 6594
1454 7542
1455 6892
1456 2899
1457 2611
1457 4305
1457 4367
1458 2043
1458 3256
1459 3730
1460 1651
1462 2991
1463 1781
1463 2929
1464 1930
1465 3270
1466 1522
1466 2526
1466 3217
1467 1898
1467 6236
1467 7636
1469 1916
1469 4425
1469 4716
1470 2228
1470 3806
1471 3173
1471 4049
1473 6208
1474 1915
1474 5952
1474 6492
1475 1907
1476 2251
1476 3854
1476 4185
1476 7394
1476 8014
1477 3419
1479 3789
1479 7311
1480 2298
1480 3773
1482 3762
1484 5202
1484 6682
1485 2786
1485 3926
1485 6795
1486 1488
1487 4092
1487 6360
1488 2397
1488 4916
1489 3765
1489 6431
1491 2637
1491 3551
1491 5428
1492 2538
1493 4910
1494 1547
1494 2984
1494 3782
1495 2774
1495 4468
1496 4802
1497 2099
1498 6137
1499 6278
1500 2826
1500 3844
1500 5425
1501 1983
1502 3771
1503 3818
1503 4906
1503 5611
1503 7050
1504 1808
1504 2260
1504 7313
1505 3154
1505 8312
1506 3277
1506 3569
1506 3588
1506 4026
1507 4703
1508 1734
1509 2628
1509 2858
1509 3115
1509 4896
1510 1645
1511 3754
1511 4004
1512 1526
1512 1570
1512 3398
1512 3688
1513 3546
1513 3831
1513 7955
1514 4885
1515 3053
1516 1825
1516 5351
1516 6596
1517 1899
1517 2108
1518 1641
1518 1910
1518 2457
1520 5703
1520 8330
1521 3422
1521 4334
1521 6571
1524 4503
1525 4990
1526 7423
1527 1849
1527 3312
1528 4770
1528 5826
1528 8120
1530 1816
1530 2855
1530 6469
1531 1951
1531 3761
1531 7616
1532 2694
1532 4300
1532 4511
1533 2521
1533 3125
1533 5108
1533 5738
1534 7923
1535 2138
1535 4266
1535 4533
1537 1667
1538 2084
1538 2670
1538 3981
1538 6568
1539 4385
1539 4645
1540 1655
1541 1593
1542 1568
1542 2159
1542 3656
1542 4550
1543 3121
1543 6266
1544 3907
1544 4086
1544 7586
1545 1798
1545 2505
1546 5995
1546 7833
1547 3799
1548 1585
1548 2850
1548 7273
1549 1852
1549 6754
1550 1799
1551 1853
1551 1872
1551 2374
1551 5924
1553 2577
1553 7622
1554 5700
1554 7714
1554 8251
1555 1749
1555 7710
1556 2338
1557 2453
1557 4560
1557 7536
1558 6692
1559 1795
1559 6835
1560 3547
1560 3954
1562 2280
1562 7724
1564 3007
1564 5515
1564 8027
1567 8131
1568 2024
1571 1726
1571 2036
1571 2798
1572 3589
1573 7220
1573 7530
1573 7538
1574 2244
1574 7624
1575 4747
1576 1597
1576 3047
1576 3249
1577 4814
1578 2071
1578 4833
1580 2882
1580 3212
1580 4188
1580 4271
1581 4877
1582 1861
1583 5020
1583 6901
1584 5542
1585 6726
1586 2193
1586 4263
1586 6163
1586 6691
1587 2614
1587 7286
1588 8164
1590 1632
1591 1737
1591 1868
1591 3261
1592 5989
1594 2239
1594 3302
1594 3649
1595 2291
1595 3833
1596 1971
1596 2136
1596 5201
1597 4146
1598 2224
1599 3157
1600 1701
1600 2029
1600 3264
1600 3426
1602 7727
1604 5179
1604 6255
1604 6896
1604 7513
1605 2831
1608 2710
1608 6385
1609 2364
1609 4194
1610 2041
1610 2240
1610 2604
1611 2173
1613 2261
1613 3011
1613 7974
1614 3251
1616 6471
1617 1661
1617 5449
1617 5743
1618 1783
1618 3033
1618 4967
1618 5790
1618 7052
1619 2170
1619 2867
1619 6318
1620 2000
1620 3001
1620 3524
1620 4597
1620 7495
1621 4269
1622 4987
1623 2325
1623 2468
1623 3812
1623 8226
1624 8026
1626 3368
1627 1923
1627 4928
1628 2994
1630 1994
1631 4467
1632 7599
1633 1788
1634 3098
1634 5824
1634 7230
1635 2300
1635 4915
1635 6671
1636 2393
1636 2552
1636 8074
1637 6943
1638 2975
1638 4244
1638 7635
1639 2564
1640 1699
1640 5707
1643 2059
1643 2174
1645 2215
1645 2243
1645 4354
1645 7412
1646 2334
1647 2294
1647 6660
1648 7108
1648 7649
1649 7269
1650 2003
1650 3347
1650 3651
1651 2185
1651 6821
1653 2613
1653 3793
1653 6796
1655 3473
1655 6187
1656 3180
1657 1996
1657 2020
1657 4169
1657 7393
1658 2385
1658 4591
1659 2801
1659 4620
1660 3643
1661 1771
1661 2287
1662 2241
1662 2378
1662 3750
1663 2646
1663 7949
1664 3590
1664 5113
1664 5560
1664 6515
1665 7178
1666 5599
1666 6258
1666 7464
1667 3485
1667 6324
1669 1686
1669 2700
1670 4341
1670 5721
1671 1932
1671 7758
1672 5941
1673 4226
1673 4710
1673 5174
1673 7533
1676 2098
1677 5459
1677 5943
1678 3082
1678 8288
1680 1948
1680 4737
1681 1806
1682 1815
1682 5785
1682 6735
1683 7185
1684 3224
1685 3838
1685 8339
1686 3956
1686 4470
1686 6306
1686 7321
1687 5237
1687 7901
1688 2398
1689 3295
1689 4629
1689 5583
1689 6170
1689 7375
1689 8267
1690 2563
1690 5528
1691 1826
1692 6039
1693 2344
1693 3417
1694 1792
1694 3241
1694 5275
1695 4203
1697 3192
1697 5543
1698 4899
1698 8061
1699 1887
1699 2466
1699 2516
1699 2594
1699 4326
1699 4740
1700 2254
1700 2838
1703 6366
1703 7359
1706 2762
1706 5214
1707 5529
1707 5865
1709 5899
1710 1785
1711 1906
1711 3026
1711 3410
1711 5266
1712 2565
1712 3294
1712 3511
1712 5073
1712 5235
1714 3879
1714 4195
1715 2293
1715 6229
1716 4538
1717 2780
1717 2955
1718 2131
1718 3313
1718 4150
1719 4293
1719 4405
1719 5369
1719 5690
1720 2682
1721 1723
1721 2698
1723 3770
1724 1929
1724 3322
1725 3742
1725 5303
1725 8335
1726 2147
1726 2620
1726 3174
1726 5748
1727 7226
1729 4039
1729 6116
1730 2330
1730 2973
1730 3252
1730 5883
1730 8022
1731 2662
1732 1761
1732 4280
1734 2290
1734 2553
1734 4631
1735 2857
1735 8273
1736 2739
1736 5490
1737 2347
1738 1741
1740 1864
1741 1920
1741 7853
1742 2754
1744 2284
1744 2916
1744 6168
1745 1766
1748 1862
1748 3147
1748 6134
1751 4343
1751 5010
1751 6240
1752 1925
1752 6061
1753 4997
1753 6075
1755 3389
1755 3461
1755 3607
1755 5765
1756 5606
1761 1886
1761 4282
1761 4800
1761 6314
1761 7203
1762 2354
1762 2357
1762 2509
1763 3713
1763 4786
1764 1995
1765 2057
1765 6335
1766 2013
1766 6922
1767 2641
1767 5954
1767 6528
1768 2279
1768 2495
1768 4727
1769 2982
1769 7996
1770 1896
1770 2154
1770 3406
1770 7216
1770 8088
1771 1778
1771 6491
1771 6758
1771 6781
1773 1878
1775 3902
1777 7382
1778 2078
1778 2151
1778 3908
1779 4206
1779 7891
1780 3827
1780 4601
1780 4705
1780 6129
1781 3330
1781 3734
1782 2490
1783 6673
1784 3327
1784 3900
1784 5917
1784 7222
1785 3203
1785 4507
1785 6674
1786 5521
1786 6373
1787 5046
1788 4958
1789 2931
1790 6723
1790 8249
1791 3642
1791 4413
1793 5797
1793 7480
1794 1988
1794 2474
1794 6602
1795 2777
1795 3233
1796 1956
1796 5386
1796 7857
1797 2324
1798 1873
1799 4845
1799 7979
1800 3533
1801 2382
1801 2583
1801 3170
1802 3058
1803 2576
1803 2601
1803 3008
1803 3037
1803 4473
1804 2578
1806 4218
1806 7155
1807 2799
1807 4393
1807 5393
1808 2414
1808 5482
1808 8213
1809 2595
1809 7547
1810 2965
1810 7255
1811 3318
1811 8093
1812 3668
1812 5016
1812 6189
1812 7282
1813 2695
1813 4372
1813 5796
1814 1989
1814 3336
1814 3695
1816 2903
1817 7550
1818 4032
1819 2022
1820 4675
1821 2410
1822 2413
1823 2143
1823 2272
1823 4366
1824 2691
1824 5129
1825 2671
1825 3835
1825 4082
1825 5374
1827 2883
1827 5476
1827 6738
1828 3606
1829 2195
1829 4295
1830 2823
1830 2845
1830 7641
1832 2719
1832 4831
1832 6381
1833 2699
1834 2758
1835 1927
1835 2426
1835 6881
1836 2507
1836 3506
1836 3632
1836 6494
1837 1992
1837 2160
1837 6465
1839 2275
1840 3877
1841 2080
1841 2658
1841 3639
1841 5816
1842 2297
1842 3050
1842 4968
1843 4314
1843 7231
1844 6083
1845 2063
1845 2881
1847 2832
1848 2306
1848 5259
1849 6699
1850 2900
1850 3220
1850 7861
1852 2738
1852 3655
1852 8100
1853 4901
1854 3227
1854 4859
1854 6592
1855 3725
1856 3447
1856 4399
1857 3636
1857 8231
1858 3500
1859 4091
1859 4278
1859 4708
1861 2198
1861 6419
1862 6737
1863 3078
1863 5617
1863 5997
1864 4569
1864 4745
1865 2122
1866 2015
1866 2755
1866 5343
1868 3972
1868 4352
1869 4212
1870 5940
1872 6511
1874 3054
1874 3983
1875 2066
1875 3973
1876 3208
1876 3885
1877 2675
1877 8163
1878 2716
1878 4661
1878 6582
1878 7346
1879 1966
1881 3707
1882 4236
1882 5596
1882 6250
1882 6739
1883 1941
1884 3090
1884 3654
1884 4721
1885 2194
1886 4046
1886 7715
1887 3191
1888 2274
1889 2472
1892 8333
1893 4454
1893 4486
1894 3048
1895 2009
1895 2463
1895 3343
1895 4335
1897 2416
1897 2598
1897 5665
1898 2054
1898 7607
1899 2500
1899 2756
1899 3101
1899 8172
1900 2361
1900 3454
1900 7149
1901 3965
1901 5134
1901 6108
1904 2178
1904 4942
1904 6833
1906 3034
1906 3357
1906 3687
1908 3105
1908 3738
1908 8156
1909 5384
1911 2035
1913 2142
1913 4557
1913 4568
1913 5083
1916 3994
1916 4447
1916 4949
1917 6510
1918 2540
1919 2339
1919 2550
1919 2933
1921 7360
1922 2106
1923 4677
1924 5555
1925 2475
1925 4839
1925 5800
1925 6214
1927 2753
1927 6297
1928 1960
1928 2487
1928 5720
1930 4439
1931 1935
1931 2383
1931 3591
1932 2761
1932 3810
1932 5817
1933 3852
1934 2524
1934 4034
1934 7940
1935 3077
1936 3250
1936 3940
1937 2663
1937 3563
1939 4383
1940 4063
1944 2086
1945 5284
1946 1976
1946 2465
1947 4927
1950 2523
1950 3661
1950 5035
1952 4499
1953 3205
1953 4584
1953 4651
1956 2218
1957 2060
1958 3797
1958 5212
1959 5778
1959 5799
1962 2960
1964 4256
1965 2316
1966 2951
1966 7199
1967 7405
1968 2234
1968 3832
1968 6104
1969 8146
1970 2880
1971 2403
1971 3085
1972 6453
1973 2019
1973 3259
1974 5348
1975 2458
1975 6992
1976 2256
1978 3412
1978 4020
1979 5524
1980 3728
1980 5381
1981 2129
1981 5370
1982 4504
1982 4580
1983 5939
1983 5991
1983 6504
1986 7951
1987 2167
1987 4594
1988 2197
1988 4586
1988 6844
1989 5486
1991 2589
1992 2417
1992 2942
1994 3568
1994 4996
1995 5536
1996 3380
1996 6724
1997 6452
1998 2295
1998 2498
1999 2603
2000 6512
2001 8166
2002 2163
2002 3066
2002 8110
2003 5710
2004 4526
2005 4835
2006 8178
2006 8258
2007 4610
2007 4796
2009 5752
2010 5066
2011 2504
2011 3937
2012 3431
2013 2684
2013 3409
2013 3961
2014 4144
2015 3197
2015 4284
2016 2816
2016 4978
2017 3862
2018 2750
2018 3556
2018 7027
2019 3063
2019 8303
2020 3062
2020 6590
2020 6876
2021 2587
2023 7422
2023 8140
2024 4575
2024 5078
2024 5920
2026 5723
2027 4540
2029 2757
2032 2273
2032 2379
2032 6350
2032 7553
2032 8232
2033 2282
2033 3175
2034 5138
2034 5647
2034 6181
2035 2318
2035 7723
2035 8171
2037 4089
2037 6124
2038 2834
2038 5968
2038 7018
2039 4420
2040 3279
2040 3866
2041 5687
2041 6396
2045 3135
2045 4126
2047 6007
2049 2688
2049 3602
2049 4155
2049 7576
2050 5350
2050 5754
2051 2210
2051 3124
2052 3019
2052 5853
2053 2278
2053 6171
2053 7395
2054 2836
2054 3088
2055 7114
2056 2268
2056 5248
2056 7171
2057 3040
2058 2246
2058 5231
2059 2425
2059 3697
2059 7666
2060 3006
2061 7327
2062 3778
2062 4566
2062 5574
2063 3138
2063 4349
2064 3759
2066 3622
2066 4822
2069 3747
2069 4582
2069 5957
2070 4077
2070 7725
2072 6493
2074 2664
2074 5437
2074 6126
2074 7844
2075 4369
2075 4599
2076 7112
2076 7664
2076 8210
2077 6292
2078 3390
2080 2839
2081 2113
2081 4323
2081 6128
2082 2124
2082 3451
2082 3757
2083 3557
2085 2609
2086 7600
2087 4321
2089 2606
2089 2721
2089 3968
2090 2579
2091 2861
2091 6169
2092 2448
2093 3641
2093 4809
2093 7263
2095 2806
2096 3692
2096 6144
2096 6259
2097 2196
2097 5289
2099 3925
2102 2222
2102 5225
2104 2322
2107 6226
2107 6995
2107 7385
2108 2249
2108 3038
2109 2165
2109 3660
2110 2182
2110 5357
2111 7900
2112 4495
2112 5601
2114 7425
2115 2150
2115 3324
2116 3979
2118 3225
2118 4546
2118 5022
2118 6757
2120 2656
2120 2840
2120 3481
2121 3611
2122 4655
2122 6078
2123 2742
2123 3216
2124 7640
2124 7744
2126 2181
2126 3872
2127 3493
2128 4670
2129 3475
2130 2821
2130 2950
2130 4992
2131 4217
2131 6220
2132 4408
2133 2158
2133 2901
2133 7523
2134 7676
2136 2340
2136 2569
2136 2895
2136 3000
2136 4902
2137 5798
2138 2346
2138 4000
2138 4124
2139 4313
2141 3612
2141 6558
2142 2435
2142 3129
2142 3305
2142 3565
2142 6897
2143 3375
2144 3166
2144 7397
2145 6334
2146 2148
2146 6701
2147 3142
2149 3358
2149 4157
2149 7825
2150 3246
2150 3691
2150 4328
2150 6478
2151 2593
2152 5136
2152 5651
2153 2878
2153 3545
2153 6098
2154 2718
2154 6272
2156 2547
2157 2336
2157 5636
2158 2909
2160 3840
2160 7195
2161 4324
2162 5595
2162 7328
2163 5567
2164 6696
2165 2596
2166 5132
2168 5709
2169 4237
2169 7123
2171 4094
2174 2233
2175 3552
2176 4018
2178 4248
2179 3260
2179 3944
2180 5344
2181 4482
2182 2732
2182 5391
2183 3698
2183 3828
2183 8316
2184 3774
2184 7001
2186 3337
2186 6420
2187 3269
2187 4782
2188 2706
2188 3118
2188 4159
2188 4363
2188 6082
2189 2395
2189 3610
2189 4984
2190 5043
2191 3577
2191 8269
2192 2987
2192 5629
2193 3106
2194 4505
2195 5147
2196 3496
2196 3553
2196 3721
2196 6428
2196 6910
2197 2890
2197 4804
2200 2257
2200 3919
2200 4398
2200 7047
2200 7319
2201 3531
2202 6030
2202 7886
2204 5719
2205 3285
2207 3188
2207 5310
2208 7093
2209 7276
2210 8124
2212 4232
2212 4991
2213 2434
2215 4417
2216 2782
2216 3681
2217 4706
2218 3990
2220 3074
2223 2696
2225 5032
2226 2804
2227 6539
2228 5272
2231 6056
2233 4250
2233 5219
2233 6936
2234 3749
2234 4247
2240 4979
2241 2964
2241 3874
2241 4225
2241 5106
2245 3059
2246 3627
2247 4974
2247 5635
2248 4214
2250 5438
2251 2536
2251 2590
2251 3178
2252 4340
2252 8254
2254 2917
2257 3010
2258 3384
2260 2428
2261 2772
2261 5668
2262 4145
2262 5578
2263 4475
2263 7439
2265 4277
2265 6436
2266 3497
2267 3258
2267 4945
2269 3331
2269 6496
2271 4452
2271 4490
2271 6300
2272 5840
2273 2581
2273 2647
2273 3530
2273 6421
2275 2562
2276 2305
2276 4213
2277 5102
2277 6946
2278 2844
2278 3430
2280 5145
2282 2693
2283 2396
2283 5053
2284 2355
2284 5892
2286 4924
2286 7545
2287 2517
2287 5654
2288 7011
2289 3024
2289 5300
2290 4187
2292 2549
2292 3379
2297 2412
2297 6688
2298 3411
2298 6155
2300 5591
2300 6722
2301 3354
2301 4401
2302 4088
2302 6862
2302 8353
2304 2735
2304 3600
2306 5001
2306 5394
2307 4390
2307 6164
2308 6383
2309 5479
2310 3662
2310 8250
2311 3213
2311 4234
2313 4374
2314 2482
2314 2680
2314 5597
2316 7474
2317 4100
2318 2635
2318 3748
2318 5511
2321 2404
2321 2612
2321 6883
2322 3300
2322 3592
2322 6035
2323 3598
2324 2690
2324 3072
2325 8075
2327 4559
2328 3427
2328 4163
2330 4151
2332 3504
2332 4891
2332 7950
2336 4693
2340 2731
2340 3349
2340 5519
2340 5805
2340 7682
2344 3155
2344 3869
2345 6405
2346 2405
2346 2941
2346 3534
2346 6135
2346 7316
2351 2528
2352 3333
2352 3701
2354 5969
2354 6620
2355 5945
2356 5618
2357 5639
2358 3052
2358 5334
2359 4017
2361 2497
2361 3003
2361 4148
2362 4161
2363 2893
2363 3137
2363 4485
2363 5626
2364 3856
2365 2837
2365 4500
2366 5808
2367 2770
2367 4541
2368 3943
2369 2980
2370 5902
2370 6794
2370 6850
2371 7291
2373 2544
2373 5216
2374 2805
2374 5561
2377 8317
2378 6931
2379 4744
2381 7791
2383 3275
2383 6338
2383 8177
2384 5633
2387 2657
2388 2785
2388 5074
2388 5605
2390 3162
2390 3664
2390 4055
2390 5192
2390 6730
2391 3452
2391 7191
2392 2478
2392 3914
2392 4572
2393 5763
2394 4257
2395 3239
2396 6736
2399 5282
2400 2860
2400 3755
2401 3319
2402 7352
2404 5821
2405 3397
2405 4389
2406 3573
2406 3711
2407 2873
2409 4474
2410 3586
2410 3595
2411 3107
2411 4337
2411 5379
2411 7076
2412 3004
2413 3148
2414 2952
2415 5966
2415 6472
2415 8041
2416 5465
2417 7560
2418 3132
2418 7133
2419 4892
2420 5539
2421 3847
2422 3507
2423 8219
2425 4119
2427 3549
2427 4099
2427 6921
2429 3281
2429 7876
2430 3193
2430 3289
2433 4534
2433 4673
2434 4851
2434 7623
2436 2476
2436 3176
2437 2673
2437 3477
2443 2527
2443 3374
2444 4535
2445 4317
2446 2686
2448 4139
2449 3248
2451 2456
2451 2619
2451 5532
2451 7558
2453 3542
2453 4931
2453 5552
2454 2788
2455 6377
2456 2648
2456 4450
2457 4245
2458 3520
2459 3736
2459 5410
2459 5925
2460 4365
2460 5480
2461 3726
2461 7223
2463 6938
2464 5137
2467 2795
2470 7906
2471 2963
2471 5659
2472 2872
2472 8185
2475 3834
2475 5497
2475 5510
2476 2856
2476 3140
2477 3083
2477 3391
2478 5750
2478 6629
2479 3489
2480 7842
2481 7984
2482 3123
2482 6827
2486 4289
2486 8275
2489 6260
2490 2859
2490 4344
2491 4238
2492 5547
2493 3128
2493 6587
2494 3795
2494 6049
2495 4864
2495 6628
2496 3895
2498 2513
2500 2995
2500 3065
2500 3150
2500 5923
2501 2592
2501 2669
2501 3536
2503 7271
2504 3798
2508 5649
2508 8058
2509 3792
2509 3947
2509 8003
2509 8007
2510 2703
2510 2726
2510 3819
2511 3537
2511 7310
2512 3768
2512 5249
2514 6463
2515 2539
2515 7126
2515 8091
2516 5220
2517 3165
2518 4329
2519 6182
2520 3686
2522 3811
2524 3807
2525 5784
2527 7633
2528 3255
2529 3648
2531 3325
2531 3843
2531 3984
2532 3490
2532 6889
2533 2610
2533 5378
2534 2924
2535 6656
2535 7016
2536 2640
2537 2645
2537 3539
2537 7451
2537 8352
2538 3209
2539 2979
2539 3567
2540 3617
2540 5648
2541 4512
2542 6310
2544 6637
2545 3582
2545 6879
2546 2674
2546 4929
2547 4571
2547 4684
2547 5169
2548 4647
2550 3441
2550 6459
2552 5025
2552 5318
2553 2776
2554 7832
2558 2597
2558 2886
2558 5166
2559 2650
2559 2935
2559 3951
2559 5055
2559 5415
2562 5589
2562 7813
2563 6766
2564 3035
2564 3594
2566 6830
2567 4453
2567 6077
2568 5029
2568 6230
2568 7980
2568 8035
2570 3890
2570 3909
2570 5766
2571 2938
2571 4587
2571 5111
2572 5645
2575 7146
2576 5499
2577 4193
2577 4730
2577 5460
2579 2985
2580 2701
2580 4404
2580 5041
2580 7398
2581 3245
2581 6206
2584 2736
2585 5677
2587 4253
2588 3518
2589 3292
2589 3462
2589 5530
2590 4133
2592 6708
2593 5229
2596 7353
2597 5873
2597 6930
2597 7054
2597 7883
2599 3151
2599 4461
2600 2775
2600 5546
2601 2811
2601 3299
2601 5875
2602 4951
2603 4857
2604 6005
2605 2910
2605 3677
2608 3039
2608 3470
2608 6320
2608 6836
2609 5051
2609 8024
2611 3571
2612 7683
2613 4625
2614 2627
2614 4849
2614 8173
2617 4173
2617 4523
2619 2638
2619 3110
2619 3207
2619 5222
2620 5794
2621 6188
2621 6216
2622 4152
2622 7627
2623 3517
2623 5052
2625 4790
2626 2843
2626 3051
2626 4171
2626 7468
2627 2749
2628 3013
2628 3480
2628 6021
2629 6148
2630 3226
2631 3002
2631 5382
2632 2906
2633 2972
2633 4013
2633 6196
2634 4768
2636 3075
2636 3172
2636 5987
2637 4501
2638 5098
2640 3554
2640 4415
2640 7326
2641 2766
2641 2908
2642 2884
2643 6372
2643 7467
2643 8102
2644 3753
2645 6245
2650 4031
2650 4051
2650 4801
2650 6782
2653 3745
2654 3820
2655 2885
2657 3873
2658 6303
2663 4224
2665 4292
2665 4552
2666 2709
2666 3548
2668 7895
2669 6117
2670 4117
2676 3122
2677 4115
2678 4903
2679 2787
2679 6963
2681 3630
2681 3935
2681 4073
2681 4209
2681 5571
2681 5585
2682 5119
2682 7662
2684 3901
2684 5493
2685 4211
2686 4985
2686 7637
2687 2932
2688 4854
2689 4279
2689 5060
2689 6228
2690 6008
2691 2976
2692 3538
2696 5891
2697 4015
2698 2989
2698 3666
2698 3814
2698 6725
2698 6970
2698 7690
2699 4646
2700 4950
2700 7999
2701 7618
2703 7485
2706 2915
2706 5451
2707 2829
2707 4561
2712 2727
2712 3015
2714 3932
2714 5462
2714 6241
2719 2812
2719 3254
2719 4239
2720 3244
2720 4362
2720 5974
2722 2986
2722 3046
2722 4103
2722 5484
2723 5795
2723 6593
2723 7084
2724 8310
2725 7228
2725 7716
2726 4643
2726 4697
2726 7209
2726 8028
2727 7693
2728 3114
2728 3509
2729 5912
2730 4199
2731 8123
2732 3095
2736 8114
2737 5200
2739 5037
2739 7679
2741 4052
2742 5040
2743 3969
2744 5058
2744 5908
2744 6114
2749 4370
2750 8112
2751 3442
2752 6173
2755 3605
2756 7204
2758 3131
2758 5383
2758 7384
2759 4654
2759 4701
2762 5473
2762 6975
2765 5095
2766 3910
2766 4128
2767 7325
2768 3903
2768 5027
2769 4862
2769 5730
2769 6659
2770 3028
2772 3382
2772 5938
2772 7295
2773 5564
2773 6317
2775 5358
2775 7751
2777 5149
2780 3558
2780 6433
2781 3236
2786 6412
2788 6626
2791 7073
2792 3215
2792 7362
2793 6284
2793 6575
2796 4422
2796 5103
2797 5998
2798 3689
2799 2918
2799 3931
2801 7700
2802 8030
2805 3168
2805 3278
2806 3113
2806 3604
2807 2993
2807 4281
2808 5852
2810 6190
2813 3309
2813 5781
2814 4276
2814 4729
2816 3880
2819 3993
2822 4359
2823 4669
2824 5265
2825 5682
2826 5327
2826 5603
2828 5182
2829 3479
2830 4179
2830 4766
2831 6653
2833 3685
2833 4451
2834 3127
2836 7604
2837 6000
2838 2912
2839 4483
2840 3680
2841 3484
2843 3603
2843 7948
2844 4430
2844 6775
2844 8015
2846 3240
2849 6698
2852 3350
2852 4771
2852 8011
2853 4446
2853 7519
2856 3372
2856 4756
2857 4739
2860 5294
2861 3459
2861 4262
2863 4364
2864 5553
2865 3404
2866 4170
2868 2905
2872 3032
2872 3614
2874 3521
2874 7401
2875 2956
2875 5592
2876 2947
2876 5534
2876 7674
2877 3016
2877 5199
2878 3027
2881 3229
2881 6271
2883 4220
2885 3723
2885 4939
2885 4956
2886 4381
2886 4741
2886 5928
2886 7267
2888 6450
2889 8082
2890 5466
2893 5694
2894 8321
2895 3633
2896 4098
2896 6661
2898 4805
2898 6733
2899 2936
2900 3031
2900 3445
2901 3308
2903 4726
2904 3169
2904 4867
2905 5457
2905 7059
2905 7094
2908 3045
2909 3262
2911 5339
2911 5540
2912 5423
2912 6010
2914 3570
2915 8296
2917 4129
2919 3623
2921 4532
2922 3425
2922 5972
2923 6213
2924 5002
2924 5934
2925 5447
2929 3796
2929 5233
2929 6160
2930 3560
2930 3998
2930 5994
2931 4064
2932 4285
2932 5311
2934 3957
2934 4826
2934 6386
2935 5345
2936 4165
2937 5671
2939 3679
2939 4585
2940 3982
2940 5683
2943 3640
2943 5735
2944 3575
2945 6254
2945 7620
2946 6570
2948 3017
2948 3352
2948 4636
2948 6099
2948 7731
2950 3297
2950 5503
2951 5362
2953 6869
2954 4963
2955 4876
2956 8137
2959 3665
2960 3022
2960 3674
2966 6770
2966 8344
2968 7843
2969 4711
2976 3364
2976 4419
2977 2999
2977 3975
2977 6252
2978 4319
2978 7426
2979 3585
2979 5467
2980 5247
2981 5017
2981 6346
2984 3596
2984 4460
2986 7787
2986 8143
2987 4122
2987 8106
2988 4230
2989 7387
2990 3080
2991 5893
2991 8053
2993 3119
2993 3776
2993 5448
2994 3440
2994 4920
2994 6621
2995 3974
2995 4660
2995 5779
2998 7414
3002 3231
3002 3400
3003 4113
3003 4543
3003 4847
3004 5715
3004 6945
3005 3369
3006 3678
3006 4750
3007 6353
3008 5148
3008 8271
3009 4988
3009 5516
3010 4936
3011 6920
3011 7835
3013 4182
3013 6402
3014 4028
3014 7963
3015 4785
3016 3149
3016 3837
3016 4079
3017 4626
3017 5453
3020 6262
3021 4246
3024 5130
3025 6955
3026 7415
3027 5123
3028 3436
3029 3498
3029 3732
3029 6689
3037 3772
3038 4712
3039 7003
3040 6268
3041 7184
3041 7484
3041 7759
3042 3826
3042 5906
3042 7770
3043 5324
3044 3167
3044 5979
3045 7173
3046 4583
3046 7134
3049 3271
3050 3647
3050 5210
3050 6133
3050 7193
3052 5008
3052 6647
3054 4040
3054 4497
3054 4935
3055 8052
3056 3720
3056 5566
3057 6484
3057 6742
3058 5768
3058 7937
3059 6613
3059 6789
3060 4021
3060 4156
3061 4869
3061 6804
3062 3514
3062 4865
3063 6903
3065 6605
3066 3601
3066 5689
3067 7521
3068 7064
3069 4882
3070 7696
3071 4255
3072 6904
3073 4751
3074 5274
3074 7943
3075 3529
3075 7569
3076 5255
3076 5757
3077 5563
3079 3304
3079 6834
3080 3200
3080 7287
3081 7157
3082 7403
3083 3995
3085 6644
3087 5903
3089 3146
3090 4153
3093 4608
3095 3906
3095 4172
3095 6988
3096 6308
3097 5168
3099 4692
3099 6371
3099 6924
3102 4506
3102 4909
3102 5440
3105 5678
3105 5871
3106 6157
3106 6855
3108 4679
3110 4053
3110 6281
3111 3164
3111 4410
3112 3865
3112 6382
3117 3703
3117 4180
3119 3383
3119 5142
3120 3303
3120 4663
3122 4872
3122 7137
3123 3346
3123 4306
3123 4593
3124 7251
3127 5405
3129 3787
3129 6243
3130 3712
3132 5065
3133 3996
3135 3980
3136 3296
3137 4682
3137 6907
3138 3670
3138 5163
3139 4219
3140 3644
3142 3371
3143 3487
3143 4356
3144 3362
3144 6880
3146 5165
3146 8329
3147 8253
3148 3949
3149 3283
3149 5708
3150 4638
3151 5760
3151 7301
3152 5963
3153 4494
3153 6780
3155 3190
3155 5520
3157 4084
3159 5842
3159 7212
3163 7478
3164 4258
3165 3342
3166 4621
3166 7242
3167 7102
3173 5176
3174 3684
3175 5028
3175 7512
3179 3808
3179 5470
3179 5759
3179 6851
3180 3523
3180 4866
3180 6054
3182 6283
3186 8285
3187 7524
3188 5332
3190 6223
3190 7473
3191 3515
3192 3394
3193 4268
3193 7728
3195 3206
3195 6457
3196 5698
3196 6209
3198 3266
3198 5224
3200 3360
3200 8205
3204 6905
3206 4074
3207 4414
3209 6435
3210 6112
3210 7113
3212 3519
3212 6817
3212 7417
3213 3353
3213 4894
3214 8228
3215 6595
3215 7071
3216 3888
3216 6502
3216 6707
3218 5009
3219 6875
3221 4764
3221 5562
3222 4200
3222 6251
3222 7735
3223 6868
3224 3456
3224 4441
3224 4548
3224 7298
3227 3541
3227 3929
3228 3385
3228 5030
3228 5388
3229 4912
3231 5990
3231 6270
3233 4595
3233 5269
3234 4241
3234 5246
3234 7408
3235 7086
3236 5150
3236 7066
3238 8274
3239 6122
3240 3505
3240 6680
3241 3501
3243 5962
3243 8204
3245 7669
3246 3672
3247 3257
3247 3934
3247 4377
3249 4435
3250 5432
3250 5526
3250 6713
3252 3476
3253 3472
3254 3891
3254 5171
3255 4969
3259 3696
3260 6146
3262 3395
3262 6434
3265 7302
3266 4830
3267 6586
3268 4002
3269 7704
3270 4683
3272 3927
3274 4542
3275 3884
3276 6866
3277 5608
3278 3624
3279 4821
3280 3495
3281 7954
3282 3314
3282 6648
3284 3587
3284 4547
3285 3494
3285 4970
3285 7261
3286 6911
3288 6915
3289 4628
3289 7131
3293 4346
3294 3694
3295 5242
3296 7797
3297 3846
3297 7021
3298 4640
3299 7959
3300 4574
3300 5392
3300 7314
3301 5368
3302 3516
3303 4612
3304 3562
3304 7009
3305 3455
3305 4964
3306 3786
3306 3871
3306 4662
3309 3421
3309 5155
3309 6184
3309 6654
3309 8085
3310 4502
3311 4186
3311 6107
3312 4147
3313 6043
3315 4436
3315 5693
3317 5489
3318 3845
3318 5640
3318 5965
3319 3550
3320 3407
3320 4799
3321 8189
3323 4487
3323 6034
3325 3339
3325 3783
3325 5280
3326 4874
3327 3468
3329 7324
3330 7612
3331 4778
3332 4856
3336 3634
3336 6238
3336 7870
3336 7912
3337 6694
3338 3510
3338 6535
3339 5776
3340 5787
3340 6709
3341 7349
3342 3977
3342 6542
3344 3905
3345 4784
3346 3580
3347 7799
3348 4037
3351 6951
3352 6121
3354 3722
3356 6806
3357 3699
3357 5414
3359 8142
3360 6221
3360 6534
3361 7240
3363 3870
3363 5257
3365 3976
3365 7537
3366 4168
3366 4175
3366 6741
3367 7128
3368 5446
3368 6175
3368 8097
3369 3525
3369 6275
3370 3637
3371 4403
3373 4517
3373 4815
3374 3403
3374 4521
3375 3716
3375 7608
3376 4983
3376 5319
3378 6641
3378 7548
3378 8233
3379 4895
3379 5621
3380 5672
3380 7227
3380 7958
3382 3503
3382 5793
3383 7564
3385 7164
3386 5117
3388 5877
3390 4093
3390 5240
3391 6118
3392 7158
3392 7694
3393 6522
3393 6993
3394 4196
3394 5559
3398 4138
3398 4732
3398 8105
3401 4267
3401 5806
3401 7069
3403 5859
3403 6127
3410 4011
3410 5895
3411 5360
3412 7068
3413 4489
3413 5258
3414 3763
3414 7111
3414 7885
3416 3626
3416 3894
3422 4003
3422 4061
3424 5273
3425 6315
3427 5184
3428 3499
3429 8301
3430 6632
3430 8314
3431 3930
3431 4641
3431 6657
3432 4375
3432 4458
3432 5933
3434 6401
3435 5828
3435 5929
3435 6900
3436 3543
3436 4096
3437 6935
3438 3850
3439 5443
3439 5788
3444 4672
3444 6162
3444 6456
3446 7971
3447 7351
3448 6057
3449 3460
3449 4001
3451 3465
3451 6041
3451 7434
3451 7443
3456 4424
3456 7695
3457 5774
3458 4274
3458 6549
3458 6764
3459 6597
3459 7863
3460 4986
3461 3801
3461 5822
3462 5769
3462 7718
3463 7609
3465 7266
3466 5244
3467 4041
3468 4900
3469 5234
3469 6686
3475 7932
3476 5701
3476 8238
3477 5985
3477 7219
3480 4332
3482 5260
3482 6501
3482 6530
3483 4440
3483 5749
3484 3709
3484 3966
3486 4382
3486 5353
3487 6356
3488 4536
3488 8165
3493 6805
3494 5118
3499 4748
3500 4081
3501 6186
3502 3581
3503 7961
3505 4596
3509 7252
3509 8278
3511 4290
3511 4351
3511 5949
3512 6247
3512 8342
3513 5919
3513 6022
3514 3744
3516 6831
3516 7911
3518 4090
3518 5047
3519 3848
3521 8270
3524 3841
3525 4564
3525 5581
3526 8338
3529 4478
3530 6203
3533 6670
3534 6391
3535 3967
3539 6151
3539 6276
3539 6856
3545 6996
3549 3962
3549 4275
3549 6325
3551 4443
3551 7091
3552 7481
3553 3625
3554 4421
3559 7399
3560 4686
3562 4840
3566 4036
3566 5868
3567 4472
3567 6354
3568 4465
3568 5326
3568 7152
3569 7461
3570 3955
3571 5959
3571 7285
3571 7510
3572 4524
3572 5932
3572 7142
3574 7670
3576 3646
3579 4516
3580 6942
3581 4709
3581 5221
3581 8046
3582 6051
3583 3916
3587 6610
3592 5194
3592 7942
3594 5004
3594 7918
3598 7995
3600 6760
3601 3669
3604 5268
3604 7305
3606 5402
3608 3616
3609 4549
3610 3817
3612 4602
3612 4932
3614 3618
3615 4702
3615 4749
3616 5014
3616 6633
3617 4288
3617 5832
3620 4691
3621 5642
3623 4437
3623 5227
3626 4310
3627 4291
3627 6748
3628 4717
3630 4832
3630 6703
3632 7147
3633 4361
3633 5262
3633 6962
3633 8225
3635 7482
3636 7097
3637 7684
3641 4704
3642 4880
3642 7088
3643 3922
3643 4982
3644 4624
3645 5109
3645 5141
3649 6449
3650 4135
3651 6467
3652 5711
3653 4283
3653 7061
3653 7105
3656 5092
3658 3864
3659 3918
3659 6125
3660 4879
3663 7148
3666 5667
3666 6222
3668 5836
3669 7381
3670 4357
3672 7042
3675 4588
3676 5380
3678 5545
3678 6928
3681 4106
3682 5404
3682 6053
3685 4873
3686 8150
3688 3805
3688 5869
3689 6520
3689 7090
3692 4577
3694 6958
3696 6460
3696 7668
3697 4231
3699 4085
3700 6662
3701 5105
3701 7776
3703 5527
3704 5533
3704 7258
3706 4438
3706 5643
3707 4391
3708 7337
3709 5283
3716 7686
3717 3999
3717 6554
3721 4913
3722 6304
3723 7743
3724 4681
3725 6441
3726 4192
3728 4101
3729 6825
3730 8324
3733 4848
3733 6902
3733 8157
3734 6446
3735 6774
3738 4384
3738 7914
3740 4019
3740 4889
3741 5512
3741 5602
3741 5830
3743 4104
3743 5397
3743 5950
3745 5568
3745 6793
3748 5851
3749 5180
3751 7238
3755 3853
3756 5313
3756 5494
3757 3823
3757 5094
3758 7663
3760 7436
3761 5773
3763 4102
3766 5676
3769 4515
3769 6178
3770 6265
3770 7500
3771 4407
3771 5992
3771 7323
3772 6374
3774 5544
3775 5177
3776 3883
3776 5714
3777 4243
3778 5616
3779 6720
3783 4043
3784 5587
3786 6646
3787 6978
3787 7432
3789 4134
3790 8299
3791 4423
3791 6048
3792 4926
3793 5005
3793 5335
3793 5675
3793 5804
3795 4462
3795 6470
3797 7831
3799 4070
3800 4657
3801 4432
3801 5331
3802 7511
3806 3858
3806 3958
3807 5031
3807 6046
3808 5189
3809 7896
3811 4642
3813 5584
3815 4388
3817 6832
3818 4614
3819 6316
3820 7421
3821 4667
3822 4069
3822 4345
3825 4108
3826 4189
3826 4249
3826 5302
3828 7846
3829 6807
3830 4311
3831 5297
3832 4772
3835 4071
3836 4578
3836 6341
3839 4048
3841 4105
3845 4181
3846 6019
3846 6798
3849 5550
3849 6086
3850 3915
3853 5485
3853 5810
3857 5048
3858 4791
3861 4481
3861 5056
3862 4242
3862 6361
3862 7292
3863 6625
3864 6094
3864 6253
3865 4406
3869 5084
3869 5304
3870 6392
3872 4178
3872 4630
3872 4776
3873 3960
3873 5680
3873 6443
3874 5469
3876 6233
3878 4184
3878 8354
3881 5833
3884 6693
3885 5426
3888 6291
3890 5849
3890 6914
3891 6102
3892 3898
3894 5146
3894 7935
3895 4445
3896 5279
3896 7713
3898 4519
3898 8323
3899 4484
3900 7031
3901 4933
3904 4056
3908 5650
3908 7046
3909 5504
3910 5686
3911 4235
3911 4379
3911 7077
3915 4355
3915 6103
3917 8235
3918 4433
3918 5197
3923 4142
3924 4553
3925 6200
3925 7083
3928 4210
3928 7167
3931 5252
3931 7847
3932 7881
3934 4251
3935 4622
3937 4287
3937 7515
3938 6115
3942 4060
3942 5662
3943 8198
3944 4376
3944 7299
3947 4923
3947 5674
3950 5646
3951 7063
3952 4342
3957 7215
3959 6343
3959 6761
3960 7476
3961 6485
3961 7884
3962 5000
3962 5814
3962 7288
3964 4330
3964 5126
3965 7499
3966 6418
3967 4953
3967 5724
3968 7741
3970 5158
3973 5288
3973 5722
3974 7897
3976 5866
3977 4318
3979 5079
3981 4012
3981 5232
3981 5734
3982 4616
3982 7139
3985 5834
3985 7229
3986 4286
3986 4296
3986 7183
3987 4025
3988 4875
3993 4123
3995 4723
3995 5702
3997 5308
3997 7805
3998 5681
4000 6676
4000 8169
4002 4545
4005 6684
4006 4878
4006 7819
4007 7103
4010 6106
4013 5704
4014 7820
4020 5947
4020 7793
4021 4176
4021 5712
4021 6150
4023 5209
4023 7913
4026 7100
4027 4769
4027 7374
4031 4604
4032 7420
4033 5044
4034 5115
4036 6141
4039 5403
4040 4297
4041 4863
4041 5359
4041 6999
4042 7517
4045 5376
4046 5101
4049 6600
4050 5186
4050 6461
4054 4955
4055 4731
4058 4530
4062 4312
4062 6778
4063 6444
4065 6192
4067 4959
4068 5736
4074 4700
4074 5688
4074 5884
4077 4600
4077 4810
4077 6093
4079 4718
4080 4977
4080 5215
4081 8032
4084 4689
4084 7207
4085 4688
4086 6264
4086 7002
4086 8283
4088 5325
4088 7605
4089 4400
4089 6257
4090 7308
4090 7392
4092 6362
4093 4813
4094 5164
4094 7051
4095 6273
4095 6379
4096 4781
4096 6032
4097 6097
4097 6519
4104 7878
4106 6085
4107 5522
4107 7711
4107 8153
4109 5864
4112 7678
4113 6445
4113 8221
4117 5753
4119 4380
4120 6618
4121 7905
4123 6933
4123 8308
4127 6669
4127 7024
4127 7712
4128 7336
4130 4418
4130 4897
4137 6677
4138 5445
4144 4556
4144 5159
4145 6548
4145 6846
4146 6553
4148 5666
4150 7583
4152 5909
4153 4339
4153 6756
4153 7119
4158 6524
4158 8017
4160 6087
4163 4528
4164 6672
4165 4761
4167 8060
4169 4908
4170 6197
4170 7471
4173 6749
4173 7917
4174 5245
4176 5270
4177 4205
4178 4537
4179 5900
4183 5982
4185 5751
4186 4946
4187 4270
4187 4937
4189 5021
4189 5931
4189 6584
4191 7462
4195 5093
4199 5803
4200 6890
4202 6852
4205 5036
4205 7389
4206 4378
4208 5838
4208 6065
4209 5061
4210 4829
4211 7879
4214 4774
4215 5791
4215 7866
4216 4565
4218 5377
4219 7460
4219 8260
4221 4609
4222 5264
4223 5390
4223 6642
4224 4434
4226 6287
4227 6607
4229 5096
4229 5509
4229 6249
4233 4724
4233 5435
4237 5922
4237 7151
4240 4714
4240 7621
4242 8346
4244 6630
4245 7028
4246 6704
4246 7614
4251 4598
4251 8212
4253 5685
4255 6218
4262 7837
4263 6837
4264 8325
4267 4690
4267 5406
4269 5034
4269 6788
4272 4656
4274 4649
4275 5400
4276 6092
4279 4789
4279 5535
4279 6174
4280 7836
4281 8265
4284 5600
4285 6380
4286 4725
4286 8174
4287 6191
4288 4765
4289 4442
4292 5198
4295 7099
4296 5250
4296 6036
4304 6556
4304 6884
4305 7354
4305 7721
4306 4811
4306 4917
4306 5525
4306 7153
4308 5399
4308 7320
4310 5188
4311 8230
4313 6968
4314 6550
4315 7117
4315 7953
4317 6865
4318 4562
4321 7590
4322 5372
4322 6123
4324 5615
4324 7680
4326 6028
4327 7702
4328 7568
4332 5375
4336 6172
4336 7014
4337 7946
4338 7032
4341 4551
4341 5471
4344 7525
4347 4795
4349 6307
4351 5910
4351 8108
4352 8334
4353 5203
4354 5901
4361 5862
4362 4488
4362 5236
4363 5771
4364 6416
4369 4639
4370 4457
4374 4807
4374 5879
4374 8049
4375 7591
4376 7333
4376 7598
4378 5855
4379 5634
4382 5285
4384 4392
4385 4861
4385 5347
4385 6860
4387 8343
4388 7489
4390 5442
4391 5223
4395 6024
4395 7331
4396 4676
4396 8083
4399 5104
4402 4871
4403 4635
4404 6721
4406 5455
4406 7210
4408 6987
4413 8340
4414 5569
4416 4623
4417 6818
4421 7514
4424 7404
4426 7072
4427 4648
4430 4893
4431 6640
4431 7562
4433 5154
4434 4841
4436 7020
4437 6882
4439 5604
4439 6454
4439 8159
4440 7041
4441 4752
4441 5517
4441 8070
4443 5673
4446 4793
4446 6411
4448 7194
4449 5140
4452 6839
4455 6212
4455 6574
4457 5110
4458 4633
4459 5452
4460 5531
4464 6932
4465 7062
4466 4666
4467 5620
4468 5409
4469 4606
4470 5916
4474 6803
4474 7189
4475 5960
4477 4954
4479 8141
4480 5894
4480 7237
4484 7034
4487 4825
4489 5746
4490 6888
4490 8162
4493 6650
4498 8096
4499 4613
4501 4836
4501 7332
4502 5656
4504 4678
4504 5167
4508 5627
4508 6537
4509 6476
4512 4695
4516 5953
4517 4898
4517 4995
4519 6878
4520 7293
4521 6018
4522 6403
4524 5160
4528 6393
4529 6256
4529 7840
4531 4754
4533 4738
4533 5315
4533 5316
4534 4981
4535 7366
4535 8328
4536 4834
4538 7304
4540 5429
4540 5747
4540 6509
4543 5980
4544 8207
4546 5312
4546 5314
4549 4644
4549 5018
4549 6330
4550 5162
4550 6982
4551 4671
4552 6279
4557 6864
4559 5548
4561 6147
4561 6859
4561 7597
4562 7967
4566 5365
4566 7769
4568 5609
4569 7058
4569 8208
4570 8319
4571 5580
4573 6906
4573 7234
4575 5355
4575 7762
4576 5818
4576 6919
4576 7475
4577 5230
4583 7283
4589 7617
4590 5054
4590 6081
4593 6068
4596 7760
4597 7593
4603 5389
4606 5878
4606 6823
4607 6177
4608 5565
4609 5695
4610 6702
4614 5434
4617 7926
4620 5290
4625 4664
4625 5468
4625 5612
4628 5385
4630 7772
4632 6867
4633 5845
4636 7794
4638 5679
4639 5007
4640 5538
4643 7188
4644 6357
4656 5867
4656 5905
4656 7798
4657 4943
4665 6347
4665 6447
4666 6369
4666 7927
4668 5653
4668 5786
4668 7357
4671 5068
4676 6072
4676 7297
4678 6480
4678 7783
4680 5661
4682 5825
4682 6017
4684 6055
4685 5291
4685 7810
4686 4722
4686 6322
4687 5013
4690 5983
4691 8190
4694 6591
4694 7075
4695 7272
4697 7039
4699 5320
4700 6365
4702 7196
4702 8101
4703 7606
4704 4961
4705 5038
4705 5930
4705 7789
4705 7800
4705 8063
4706 5481
4706 5896
4707 5882
4709 5632
4711 7294
4714 6237
4715 5706
4716 7170
4717 5461
4718 5697
4719 5323
4720 5663
4722 5091
4722 8264
4725 6567
4725 7030
4725 7544
4726 8036
4728 5874
4729 5337
4731 5918
4732 7903
4734 7647
4736 5652
4739 7936
4741 6424
4741 7330
4748 7377
4749 5458
4754 6293
4758 5366
4759 5211
4759 6195
4764 5135
4764 7079
4766 5363
4766 6406
4767 7013
4767 7334
4772 7717
4773 7957
4774 6044
4774 7363
4775 6211
4775 7858
4776 4930
4780 6006
4781 5572
4781 5807
4789 5413
4798 6719
4800 7418
4801 6561
4802 5178
4802 6636
4803 6532
4806 8037
4814 5361
4816 7898
4817 5099
4818 6939
4819 6973
4819 7988
4825 6488
4827 7150
4828 4976
4831 4855
4832 5582
4833 5170
4834 7241
4835 5024
4835 7005
4839 5921
4841 5772
4845 7652
4845 7671
4846 5696
4847 7449
4853 8002
4854 6643
4856 5321
4856 5767
4858 5121
4859 6023
4864 5261
4865 7796
4872 5076
4872 5556
4872 7535
4878 5827
4880 6143
4880 7101
4881 6215
4881 7777
4886 6814
4886 7483
4886 8148
4889 6298
4892 5371
4894 5112
4898 5059
4899 5144
4900 7402
4903 4919
4905 7997
4910 8136
4913 5777
4913 7019
4917 5733
4918 7867
4920 5456
4921 5956
4927 7200
4931 6004
4932 7611
4933 7208
4934 5077
4934 5725
4939 6088
4940 7931
4944 5241
4945 8128
4946 5507
4946 6800
4947 5937
4949 6003
4954 5278
4955 6339
4955 6664
4959 7447
4962 6064
4962 6390
4966 5508
4966 6563
4967 5590
4967 7752
4974 5889
4975 5157
4975 6448
4976 6925
4977 8287
4979 5705
4979 7445
4980 6624
4981 5063
4983 6668
4984 6652
4985 6031
4985 6954
4993 6759
4996 6784
4998 5935
4998 7214
5000 8245
5001 6639
5001 7754
5004 5292
5004 5422
5005 5745
5008 8057
5010 6619
5012 8243
5013 6926
5017 5739
5018 6011
5021 5843
5024 7257
5025 6572
5025 7822
5026 6552
5026 6651
5026 7919
5028 8149
5030 8116
5030 8256
5032 8168
5033 5887
5036 6840
5038 6101
5043 6767
5047 5863
5047 5944
5051 6947
5056 6617
5058 7978
5059 7472
5063 6319
5064 6580
5070 6009
5070 6948
5074 5579
5081 6665
5086 6042
5088 6345
5094 7367
5094 8224
5096 7993
5099 5483
5104 8297
5107 6871
5112 7130
5117 8099
5119 5669
5119 6959
5120 5731
5121 6060
5121 7107
5121 7659
5123 6131
5124 5964
5124 7781
5125 7767
5127 6715
5129 5208
5129 7528
5134 6062
5135 6772
5136 6969
5138 7655
5138 8092
5141 7174
5142 6731
5146 5287
5146 7262
5158 7845
5159 5187
5162 6560
5162 7814
5162 8039
5166 7343
5167 6486
5174 5329
5178 7453
5181 5915
5181 6957
5183 5301
5183 8020
5184 6498
5186 6437
5188 5514
5189 6376
5189 7520
5191 5999
5192 5419
5193 6479
5197 6417
5197 8327
5202 6998
5205 7556
5206 6893
5216 6490
5220 6475
5222 6274
5223 8351
5234 6110
5235 6096
5236 6771
5236 7487
5237 5858
5237 6176
5238 7644
5238 7809
5241 6822
5241 7454
5242 6198
5243 7205
5245 7318
5247 5298
5248 5277
5249 6658
5250 5988
5250 7082
5255 5740
5258 7571
5259 6601
5259 7265
5260 7244
5261 7557
5264 6589
5265 6263
5268 5857
5272 5971
5272 6663
5274 5783
5276 7864
5278 7880
5280 5942
5282 8200
5284 5598
5284 5638
5284 6810
5284 7096
5284 7802
5287 6787
5289 5439
5293 7104
5299 7592
5300 5477
5300 8331
5302 8194
5304 8179
5306 5588
5306 5729
5307 6301
5311 5813
5312 6140
5315 5496
5324 6606
5324 8248
5328 5967
5330 6913
5331 5958
5333 5691
5333 8098
5333 8202
5337 7080
5340 6797
5341 6370
5341 8079
5342 7459
5344 7531
5344 7650
5345 5727
5349 6824
5353 7902
5358 7602
5359 5474
5361 7580
5362 7055
5363 5557
5363 5558
5363 6340
5364 6752
5382 6152
5382 6557
5385 6828
5385 7045
5388 7801
5389 7706
5391 6829
5393 7347
5395 7859
5398 7699
5399 6013
5403 7275
5406 6132
5413 5782
5413 6040
5416 8175
5417 6861
5424 6111
5426 7469
5428 7572
5429 5744
5429 7424
5433 6700
5436 7246
5436 8138
5438 7904
5443 5644
5445 7766
5446 7969
5449 6751
5453 6246
5456 8293
5459 5622
5459 7120
5464 7581
5465 5936
5465 7264
5466 5977
5468 7345
5469 6430
5469 8294
5472 6217
5472 6429
5473 5829
5478 6407
5478 7391
5479 7247
5480 6599
5480 8182
5481 5820
5483 8307
5486 7456
5489 6286
5491 6201
5493 6516
5494 7675
5495 7479
5499 6342
5499 7365
5501 7566
5509 7433
5515 8229
5516 7579
5517 6551
5519 6527
5521 6285
5523 5623
5523 7053
5523 7463
5524 8129
5527 6025
5528 5904
5528 6792
5533 5819
5540 6990
5543 7587
5548 6500
5550 6842
5552 8259
5553 7169
5554 8318
5561 5846
5562 6956
5565 7705
5571 6918
5571 7746
5574 6598
5581 6555
5583 7089
5586 7000
5595 5658
5596 6050
5598 5926
5599 7646
5600 5713
5600 6507
5604 7573
5605 6808
5611 6179
5613 7437
5616 7067
5617 8051
5620 8244
5621 7808
5623 5732
5623 8209
5628 5854
5631 5641
5636 6001
5636 6289
5639 6387
5640 6482
5640 8192
5642 7575
5643 7826
5653 7665
5654 7431
5655 7235
5656 6299
5662 8242
5663 6538
5663 6769
5665 6697
5668 7129
5672 6487
5672 7098
5680 5890
5687 6027
5687 7632
5693 7033
5695 7522
5698 6681
5704 7824
5706 6235
5706 6408
5709 7962
5710 8155
5712 5870
5712 7563
5715 5831
5717 8349
5720 7719
5721 7893
5721 8217
5722 6655
5723 6194
5726 8090
5727 6204
5728 8042
5730 6843
5730 6953
5736 8234
5739 6877
5743 6095
5748 6145
5751 6224
5752 6375
5753 8086
5759 7757
5760 6016
5760 6033
5761 7254
5765 7356
5770 8176
5772 7015
5773 6526
5775 6716
5780 7143
5787 8076
5788 5823
5790 7441
5792 6468
5793 7465
5798 6495
5801 7615
5806 6205
5806 6332
5810 8255
5815 6439
5815 7768
5816 8322
5828 7851
5834 7145
5836 6679
5839 6569
5842 7466
5842 7594
5843 7110
5849 7892
5850 6045
5854 6012
5855 6348
5856 6302
5856 8073
5859 6536
5859 8218
5862 6328
5863 5888
5864 6358
5870 7138
5872 7168
5874 6790
5880 6321
5880 7875
5883 6863
5886 6809
5887 6359
5888 7156
5889 5973
5901 7048
5902 7477
5903 6979
5903 7742
5911 6997
5915 7140
5916 6813
5916 7732
5918 7771
5918 8066
5919 6154
5930 6329
5931 6477
5937 7691
5945 7132
5948 7049
5948 8191
5953 7036
5956 7256
5957 6870
5962 6052
5962 6349
5963 6234
5963 7839
5968 7085
5973 7198
5977 6611
5980 6615
5981 6207
5983 7960
5989 6355
5989 8236
5997 6138
5998 8147
5999 6952
6005 7578
6009 7503
6017 6069
6017 7378
6020 6976
6021 6442
6027 7121
6027 8080
6031 6623
6036 6158
6052 6183
6053 7218
6055 6744
6058 7849
6059 8018
6062 7526
6067 6280
6068 7701
6070 6089
6078 6802
6080 6167
6080 6755
6081 6750
6085 7910
6086 7253
6090 7532
6091 8284
6094 7369
6094 8119
6096 6695
6097 8118
6099 7490
6105 6690
6105 7629
6109 8246
6115 7450
6116 6783
6116 6916
6123 6499
6125 7492
6126 8347
6135 8103
6138 6812
6140 6581
6141 7225
6144 7007
6146 7920
6147 7411
6156 6503
6171 8281
6172 6687
6175 6776
6177 7127
6181 7773
6182 7821
6184 6841
6194 8286
6207 6415
6210 7976
6211 7274
6223 8132
6231 7929
6232 8127
6233 6290
6233 6898
6234 6562
6236 6523
6240 6614
6247 7626
6253 6765
6256 8033
6262 7070
6263 8104
6277 7233
6277 7753
6282 7930
6287 6894
6293 7938
6297 7124
6298 6333
6302 7248
6307 7841
6314 7056
6318 6414
6318 7922
6321 8009
6327 7709
6328 7022
6330 7588
6331 7087
6332 6638
6333 7907
6334 6909
6336 7250
6339 6425
6340 7026
6346 8298
6351 7838
6354 6746
6361 6899
6362 7778
6363 7181
6363 8012
6367 6531
6377 7010
6377 7165
6377 8121
6379 6543
6381 8089
6383 8282
6387 7852
6392 7502
6408 7703
6416 6949
6416 8201
6418 8048
6422 6816
6423 6734
6427 6745
6427 8045
6431 7990
6434 7734
6442 7501
6446 7236
6448 8183
6450 7182
6450 7388
6453 7698
6471 7438
6476 7554
6478 7383
6484 7044
6492 6887
6493 7277
6499 7306
6499 7812
6501 7017
6502 7755
6507 7567
6508 8133
6509 7470
6513 7428
6523 6927
6526 6934
6527 7577
6529 6627
6532 6886
6545 6950
6552 7945
6559 7187
6578 7848
6591 7788
6595 7546
6598 7807
6598 8348
6608 7785
6613 7965
6614 8081
6630 6706
6632 7989
6642 7850
6645 7871
6657 6727
6659 7745
6662 7338
6667 7952
6668 7342
6668 8125
6675 6711
6682 7239
6688 7280
6688 8095
6690 7730
6691 7561
6696 6994
6697 7407
6699 6965
6699 7687
6710 7376
6710 7601
6715 8000
6719 6801
6723 6984
6723 7689
6734 7065
6734 7249
6736 8008
6738 8145
6750 8160
6760 7427
6765 7154
6770 7928
6774 7527
6778 8295
6781 7733
6802 7707
6807 7507
6815 6847
6820 7141
6826 7584
6829 7720
6837 7638
6843 8064
6867 7749
6868 8266
6869 7136
6869 8263
6875 7653
6883 7289
6893 8311
6895 7284
6898 7452
6900 7201
6905 7057
6906 7092
6910 8023
6915 8135
6924 7419
6929 7877
6931 7977
6934 7784
6960 7429
6967 7782
6968 7941
6972 7882
6973 7177
6975 8062
6983 7657
6986 7964
6987 8315
6993 7549
6996 7803
7000 8013
7000 8193
7018 7224
7033 8072
7040 7190
7041 7740
7051 7780
7051 8197
7052 7457
7056 7281
7062 8337
7063 7372
7065 7494
7084 7673
7091 7160
7101 7748
7102 7290
7111 7491
7112 7795
7114 7648
7114 8302
7132 7628
7135 7610
7136 8239
7153 7192
7167 7409
7177 7488
7185 7874
7212 7339
7212 7458
7217 8050
7222 8040
7224 7736
7225 7410
7236 8047
7241 7552
7265 7692
7267 7541
7271 7406
7277 7444
7298 7634
7299 7361
7309 8025
7310 7661
7310 8151
7317 7486
7321 7508
7331 7639
7332 8094
7338 7973
7340 7645
7348 7739
7350 8139
7357 8077
7362 7750
7362 8158
7375 7416
7386 7924
7393 8084
7408 8078
7413 8021
7419 7543
7421 7672
7441 7790
7449 7506
7452 7697
7457 7651
7459 7975
7461 7862
7463 7559
7471 7816
7483 8001
7487 7761
7488 7493
7547 7981
7549 7658
7550 7763
7553 8154
7572 8341
7578 8237
7593 7908
7601 8196
7620 7856
7622 7677
7627 8211
7631 7660
7634 7994
7636 8004
7640 8214
7641 8034
7643 7873
7659 7869
7659 7888
7670 8261
7676 7921
7713 7747
7730 8223
7740 7944
7747 7817
7766 8056
7772 7968
7790 7982
7833 7933
7851 8320
7884 8071
7906 7987
7911 8257
7915 8220
7939 8122
7944 8161
7981 8306
8017 8252
8032 8290
8226 8227
