5729 5
1 2
1 3
1 40
1 122
2 6
2 7
2 33
2 54
2 94
2 159
2 317
2 3960
3 4
3 5
3 11
3 27
3 31
3 47
3 51
3 84
3 90
3 111
3 265
3 375
3 1952
4 22
4 2127
5 8
5 17
5 522
5 2402
6 10
6 15
6 20
6 74
6 143
6 334
6 667
6 2442
6 3202
7 117
7 209
7 337
7 1255
7 1623
8 9
8 12
8 14
8 30
8 36
8 587
8 894
8 1997
9 21
9 29
9 38
9 44
9 75
9 87
9 116
9 146
9 230
9 280
9 747
9 987
10 41
10 42
10 1057
10 2233
11 16
11 23
11 55
11 102
11 2708
12 13
12 18
12 25
12 43
12 68
12 76
12 228
12 264
12 626
12 833
12 1364
12 1687
12 3540
12 4613
13 88
13 321
13 2604
13 4075
14 19
14 81
14 529
15 121
15 1692
15 4768
16 45
16 152
17 24
17 101
17 164
17 1042
17 1153
17 1419
17 3469
18 34
18 48
18 856
18 1079
18 1307
18 2100
19 62
19 142
19 285
19 2247
20 32
21 26
21 201
21 722
21 1362
21 2904
22 205
22 629
22 1063
22 1572
22 1803
22 4102
22 4734
23 28
23 132
23 179
23 238
23 3544
24 46
24 60
24 279
24 666
25 267
25 690
25 744
25 852
25 1807
26 59
26 197
26 1638
26 3565
27 86
27 239
27 1745
28 35
28 56
28 1607
29 346
29 1480
29 2200
30 57
30 385
30 2921
31 53
31 97
31 198
31 407
31 796
31 1095
32 618
32 962
32 2997
33 61
33 91
33 213
33 229
33 1788
33 2757
34 171
34 372
34 1193
35 39
35 155
35 203
35 231
35 383
35 437
35 1398
36 37
36 2957
36 3019
36 4721
37 70
37 89
37 240
37 241
37 299
37 978
38 1071
38 3916
39 69
39 77
39 183
39 875
39 1168
39 3118
39 3196
40 313
40 1568
40 3122
41 96
41 160
41 495
41 612
41 1133
41 1298
41 5410
42 134
42 598
42 781
42 2091
43 49
43 73
43 211
43 838
43 913
43 1966
43 3192
43 4156
45 52
45 65
45 139
45 293
46 126
46 537
46 1215
46 1481
46 3454
47 124
47 185
47 778
48 187
48 832
49 50
49 71
49 166
49 167
49 635
49 1374
49 1765
49 3125
50 58
50 92
50 607
50 4654
51 63
51 85
51 130
51 136
51 578
51 762
51 853
51 1048
51 1852
51 2579
51 3325
52 480
53 66
53 82
53 349
54 5361
55 250
55 938
55 1156
55 2013
55 3753
55 5025
56 165
56 277
56 309
56 591
56 995
56 1508
56 4515
57 929
57 1344
57 1405
57 2044
57 3003
58 247
58 430
58 1956
59 64
59 80
59 95
59 99
59 105
59 107
59 278
59 970
60 67
60 128
60 174
60 192
60 748
61 106
62 180
62 559
62 679
62 4436
63 83
63 484
63 2063
64 189
64 244
64 2170
64 5394
65 154
65 194
65 539
65 716
65 1656
65 1694
65 3308
65 5568
66 79
66 157
66 326
66 359
66 573
66 1681
66 1756
66 2519
67 212
67 1663
67 2448
68 258
68 422
68 436
68 1640
68 5336
69 72
69 103
69 113
69 148
69 190
69 992
69 4233
70 100
70 196
70 1250
70 1358
70 1590
70 4629
70 5003
71 184
71 358
71 752
71 1206
72 582
72 726
72 1357
72 1361
72 1874
72 1964
73 137
73 315
73 1165
73 4313
74 78
74 129
74 177
74 199
74 223
74 787
75 123
75 168
75 191
75 759
75 1312
75 1546
75 1575
76 93
76 235
76 363
76 980
76 4106
78 149
78 424
78 523
78 3503
79 108
79 110
79 127
79 438
80 339
80 541
81 158
81 181
81 214
81 289
81 500
81 769
82 135
82 140
82 401
82 445
83 400
83 418
83 595
83 860
83 1559
84 377
84 402
84 409
84 689
84 1469
84 1948
84 3378
85 504
85 3211
86 119
86 204
86 395
87 104
87 182
87 297
87 459
87 879
88 674
88 1290
88 1892
88 2422
89 318
89 378
89 1721
89 3748
90 98
90 295
90 488
90 673
90 4448
90 4657
91 193
91 791
91 815
91 3592
92 163
92 172
92 954
92 1592
92 2691
93 115
93 221
93 507
93 3526
94 112
94 120
94 156
94 977
95 114
95 131
95 324
95 390
95 498
95 548
95 1507
95 2217
95 2702
96 118
96 577
96 631
96 2625
97 109
97 1106
98 138
98 510
98 730
98 1053
99 145
99 236
99 269
99 491
99 570
99 836
99 842
99 1185
99 1431
99 2429
100 449
100 4432
101 186
101 255
101 952
101 2684
102 304
102 386
102 1049
102 1097
102 1593
102 1642
103 886
103 1034
103 4074
104 1161
104 1467
105 1029
105 1723
105 2565
106 249
106 1652
106 2263
106 3017
106 3348
106 4183
106 5586
107 220
107 526
107 770
107 944
107 1139
108 417
108 520
108 766
108 3839
109 563
109 1458
109 1584
109 5209
110 737
110 2304
111 544
112 800
112 1291
112 2021
112 4148
114 162
114 382
115 274
115 408
115 3209
116 133
116 276
116 1392
116 2031
116 2990
117 345
117 1041
117 3087
118 125
118 257
118 540
118 613
118 1526
118 4506
118 5386
119 226
119 234
119 273
119 311
119 643
119 715
119 5292
120 153
120 1777
120 2570
121 150
121 178
121 5561
122 242
122 1134
123 312
123 353
124 1516
124 5721
126 423
126 1342
126 1744
126 1927
126 2154
126 3285
126 3345
126 5001
127 256
127 580
128 251
128 527
128 693
128 751
128 1510
128 3932
129 360
129 371
129 452
129 705
129 1163
129 1352
129 2929
130 147
130 319
130 2008
130 2010
130 4889
131 1914
131 4140
132 243
132 868
132 1976
132 2256
133 151
133 405
133 470
133 3697
133 3828
134 248
134 333
135 169
135 597
136 217
136 219
136 661
136 826
136 1410
137 141
137 3521
137 3619
138 218
138 373
138 468
138 1214
138 3380
138 4586
139 443
139 1011
139 2020
139 4365
140 389
140 756
140 908
140 2880
140 3780
140 3818
141 144
141 4754
142 546
142 1027
142 1269
142 1271
143 232
143 245
143 665
143 1604
143 3236
143 5177
144 2307
144 4423
145 170
145 384
146 176
146 336
146 369
146 4216
146 5358
147 175
147 5462
148 161
148 4322
148 5392
149 687
149 1748
149 1977
150 227
150 1707
151 398
151 622
151 1504
152 2725
152 5009
153 207
153 351
153 499
153 1158
153 1609
153 1923
153 5342
154 988
154 1621
154 2064
154 4580
155 206
155 2511
155 4949
155 5263
156 5481
157 735
159 173
159 2310
159 2396
159 4260
160 594
160 2301
160 3851
161 4624
162 195
162 224
162 709
162 828
162 2278
162 2578
162 2613
162 5335
163 291
163 413
163 536
163 804
163 961
163 3935
164 216
164 233
164 1691
164 3965
165 259
165 305
165 753
165 2663
166 320
166 433
166 802
166 1281
166 4603
167 447
167 1353
167 3183
167 3444
167 5356
168 414
168 733
168 1301
168 2760
169 215
169 446
169 603
169 632
169 3352
170 910
171 188
172 325
172 512
172 768
172 923
172 1513
173 272
173 368
173 528
173 700
173 3555
174 565
174 677
174 725
175 316
175 376
176 456
176 1092
176 1675
176 5637
177 253
177 268
177 427
177 4197
178 746
178 1023
178 5573
179 939
179 1847
180 855
180 1249
180 1672
181 356
181 396
181 3769
181 5643
182 1039
182 2466
182 3316
183 283
183 2319
183 2773
183 4108
184 210
184 505
184 1231
185 254
185 435
186 2502
186 2878
186 3617
187 1218
187 2552
187 2986
188 624
188 2211
189 455
189 845
189 1181
189 1825
189 2106
189 2421
190 300
190 524
190 3479
191 421
192 680
192 1223
192 1367
193 367
193 2303
193 4345
194 314
194 745
194 1159
194 1929
194 2235
194 3098
194 5343
195 576
195 2182
196 202
196 302
196 1586
196 1714
197 266
197 340
198 200
199 1032
199 1570
199 4020
199 5305
200 246
200 584
200 684
200 1068
200 1226
200 2816
200 5600
201 301
201 2788
201 2859
202 330
202 3868
202 5415
203 475
203 772
204 208
204 460
204 1129
204 2443
204 3978
205 298
205 1427
205 1483
206 630
206 4228
207 275
207 515
207 1108
207 2286
208 225
208 361
208 561
208 2266
208 3908
209 904
209 2306
209 2534
209 3270
210 237
210 1379
210 1795
211 287
211 765
211 1123
211 1667
211 2644
211 3324
212 494
212 676
212 706
212 965
212 2611
212 4057
212 4618
213 490
214 543
214 841
214 1102
214 1321
215 633
215 638
216 290
216 1762
216 2372
216 2938
216 2965
217 261
217 329
217 493
217 847
217 1266
218 222
218 479
218 1325
218 4136
219 429
219 551
219 1649
219 2156
219 3939
220 1064
220 3704
221 343
222 476
222 877
222 1680
222 2506
222 5349
223 307
223 331
223 3761
224 354
224 362
224 416
224 463
224 1434
224 1882
225 260
225 731
226 397
226 1140
226 1662
227 374
227 1314
227 1382
228 658
228 1557
228 4759
229 281
229 286
229 308
229 639
229 708
229 889
229 898
229 941
229 5686
230 949
230 1741
230 2641
230 5102
231 411
231 968
231 2869
231 4816
232 1142
232 5257
233 1879
233 2024
234 262
234 703
234 1229
234 1658
235 252
235 542
235 1025
236 644
236 809
236 912
236 2926
236 3875
236 4087
237 357
237 415
237 2281
237 4101
238 2061
238 4769
238 5034
239 332
239 604
239 2146
239 2260
239 3621
239 4426
240 341
240 2782
240 4599
241 1261
241 1323
241 1650
242 348
242 574
242 1046
242 1086
242 4085
242 5421
243 637
243 712
243 786
244 1602
244 2651
244 2956
244 4316
245 593
245 1815
245 2916
245 5117
246 263
246 284
246 323
246 465
246 2729
246 5719
247 303
247 310
247 355
247 1870
247 2207
247 3703
248 1633
248 2046
249 271
249 352
249 431
249 1176
249 1751
249 5031
251 514
251 519
251 864
252 773
252 5135
253 388
253 1540
253 3938
254 3757
254 4225
255 270
255 1695
255 3870
255 4796
256 379
256 472
256 3078
257 558
257 2815
257 5267
258 292
258 1125
258 1385
258 1822
258 1840
258 3822
258 5593
259 342
259 442
259 1294
259 1474
259 4728
259 5563
260 1030
260 3728
260 4940
260 5596
261 782
261 914
261 1285
261 1661
261 2826
261 3620
262 5463
263 1066
264 288
264 662
264 1759
264 1885
264 3543
265 327
265 1560
265 3752
265 4114
266 426
266 820
267 2120
268 296
269 714
269 2660
269 5030
269 5163
270 344
270 583
271 381
271 1928
272 1192
272 2113
272 3035
273 306
273 619
273 2687
273 3799
273 4055
274 444
274 1262
274 1823
274 2459
274 4951
275 454
275 2246
275 4339
275 4682
276 799
276 1437
276 4135
277 282
277 412
277 814
277 1330
277 1813
277 2575
279 592
279 1017
279 1059
280 469
280 553
280 1599
280 1876
280 3678
281 1178
282 749
282 2606
283 294
283 616
283 1606
283 2137
284 399
284 943
284 4470
284 4471
285 849
286 404
287 2630
288 999
288 1115
288 4100
289 1012
289 3011
289 4025
290 533
290 656
290 2977
291 322
291 685
292 1056
292 1288
292 3988
293 1451
294 370
294 486
294 614
294 3338
295 502
295 854
295 1336
295 2017
296 338
296 585
296 704
296 1684
297 1412
297 2165
297 2369
298 403
300 365
300 813
300 1069
300 1233
300 2077
300 5723
302 4209
302 4364
303 525
303 657
304 1015
304 1355
304 5454
305 335
305 891
305 1805
306 653
306 865
306 1760
306 4715
306 5063
307 1259
307 4048
308 974
308 2536
309 625
309 724
309 1275
309 2834
310 432
310 1003
310 1470
311 328
311 439
311 788
311 4127
312 366
312 758
312 1787
312 2124
312 2783
312 3292
312 5715
313 851
313 1241
313 3305
314 457
314 909
314 1150
314 2754
314 3615
314 5222
315 2227
316 863
318 4848
319 364
320 347
320 915
320 1359
320 1495
320 1608
320 1915
320 2332
320 4765
321 387
321 596
321 4997
322 566
322 710
322 4750
322 5061
324 481
324 508
324 1452
324 1579
324 5115
325 1709
325 2586
325 2601
325 4524
326 2054
326 3057
326 4724
326 5258
327 600
327 1471
327 3715
327 4401
328 734
328 928
328 1632
328 3039
328 4182
329 1366
330 888
331 1268
331 4872
332 3336
332 5288
333 5514
334 450
334 776
334 4611
335 1122
335 1221
335 2107
336 393
336 1081
336 1478
337 713
337 3376
338 798
338 1147
338 3405
339 3950
340 797
340 1200
340 3282
341 560
341 664
341 905
341 1700
341 1808
342 1436
342 5092
343 1225
343 1917
343 2051
345 428
345 464
345 590
345 2932
347 485
347 1035
347 1154
347 1166
347 2399
347 5598
348 969
348 1001
348 1492
349 350
349 4677
350 4162
351 410
351 2789
352 1563
353 1845
353 1903
353 2636
353 3575
353 4778
354 380
355 391
355 461
355 521
355 572
355 1009
356 532
356 3123
356 5419
357 901
357 3616
358 3136
359 394
359 440
359 588
359 668
359 1908
359 3210
360 448
361 2201
362 474
362 1263
362 4442
363 1237
363 2225
364 1473
364 1506
364 1630
364 2267
364 3614
364 5664
365 991
365 1447
365 4494
366 564
366 1332
366 1690
367 727
367 1380
368 538
368 750
368 1536
368 1613
368 4415
369 1033
369 3904
369 4275
369 5331
370 406
370 489
371 620
371 2562
372 671
372 1317
373 1842
373 2025
373 2999
374 471
374 831
375 451
375 824
375 869
375 1076
375 2590
375 5413
376 419
376 1074
376 2056
376 4094
377 1468
378 531
378 830
379 392
379 420
379 1091
379 2295
379 3173
380 736
380 942
382 642
382 1304
382 1327
382 1587
382 1975
382 4433
383 497
383 2373
384 4710
384 5677
385 506
385 920
385 1373
385 2023
385 5091
386 2172
386 2940
386 4084
387 425
387 1204
387 2202
388 818
388 1532
388 1552
388 3464
389 2676
390 694
390 721
390 957
391 1305
391 2460
392 651
392 738
392 1983
392 2327
393 795
393 874
393 1170
394 1668
394 1984
394 4729
395 503
395 547
396 5052
397 986
397 5627
399 556
399 1072
399 1767
400 562
400 636
400 1554
400 1601
400 2391
401 975
401 2576
402 641
402 794
403 1256
403 1654
403 2612
404 634
404 742
404 951
404 5446
406 434
406 581
406 1058
407 3034
408 1780
408 2424
409 462
409 2419
410 575
410 599
410 884
410 2366
411 567
411 1804
411 4553
412 4282
413 483
413 557
413 1360
414 1428
414 1724
414 1963
414 2312
415 496
415 932
415 1050
415 2716
416 1730
416 2309
416 2525
417 1958
417 3672
418 1902
418 3201
418 3959
419 466
420 1980
421 477
421 1189
421 1488
421 2191
422 1101
422 2085
422 2495
422 3124
422 3472
422 5199
423 1938
424 3508
424 4916
424 5474
425 453
425 2298
425 2796
425 4082
425 4175
426 697
426 1151
427 441
427 5531
429 615
429 623
429 723
429 993
429 2768
430 862
430 1143
430 3629
431 473
431 487
431 816
431 844
431 1573
431 2004
432 1639
433 568
433 790
433 1348
433 5250
434 701
434 1209
434 1535
434 2130
434 5266
435 1278
435 2890
436 956
438 718
438 2101
439 467
439 501
439 2048
439 2925
440 1595
440 4133
441 686
441 2196
441 2438
441 4841
442 509
443 552
443 1065
443 2371
443 2567
444 1569
444 2015
444 2226
445 5149
446 608
446 1038
446 1356
446 1426
446 1603
447 1169
447 1309
448 2291
449 458
449 764
449 1180
450 4873
451 728
451 1013
452 4633
453 1417
454 1088
454 1651
455 1993
455 2692
455 2958
455 4395
456 959
456 1043
458 1089
459 1228
459 1541
460 555
460 586
460 672
460 1195
460 1517
460 3313
461 966
461 2329
462 1252
463 985
463 2674
464 702
464 1944
464 2609
464 4871
465 482
465 1737
465 4743
466 5073
467 511
467 2080
468 1157
468 1191
468 1611
468 5113
468 5373
469 2799
470 655
470 2481
470 3099
471 1503
471 1965
472 478
472 2184
474 492
474 834
474 2981
474 3973
474 4003
474 5351
475 4441
475 5470
479 837
479 893
479 4570
479 5248
480 720
481 1277
481 1489
481 4711
482 601
482 983
482 2132
482 4287
483 660
483 675
483 1981
483 4850
484 569
484 1403
484 1655
484 1738
484 4854
485 516
485 717
485 1148
485 1183
486 1104
488 866
488 1060
488 5212
489 1124
489 1272
489 3739
490 571
490 1230
490 1498
490 4203
491 1615
492 2142
493 518
493 1000
493 1093
493 5344
494 1127
494 3409
494 4139
495 801
495 3240
495 5197
497 650
497 5112
498 1253
498 2007
498 2387
499 4274
499 5123
500 663
500 789
500 2742
501 1768
501 2409
501 2960
502 513
502 517
502 890
502 1717
504 535
504 654
504 3298
506 534
506 549
506 2574
507 530
507 652
507 1219
507 1641
507 3625
508 611
508 754
508 767
509 1869
509 5277
510 545
510 691
510 761
510 955
510 2944
510 3368
511 1527
511 2474
512 670
512 775
513 649
514 1893
514 3213
516 554
517 646
518 602
518 1433
518 3439
519 927
519 3466
520 1099
520 1827
521 1740
522 1245
522 1789
522 4170
523 617
523 2621
523 2664
523 3484
523 3624
524 1911
524 3382
525 739
525 882
525 2241
526 792
526 1582
526 2748
527 2484
527 2707
527 5381
528 1061
528 4095
529 958
529 1083
530 610
531 2105
531 4749
532 1313
532 2950
533 645
533 2284
533 3381
533 3747
533 3844
534 683
534 2996
534 3823
535 973
535 1171
535 1846
535 5002
536 2318
536 3185
536 3359
537 605
537 1835
538 763
538 1898
538 2470
538 2542
538 4141
539 807
539 1073
539 2236
539 5422
540 3474
541 606
541 1890
542 1085
542 1750
542 2866
542 4446
543 628
543 2198
543 2299
544 3975
544 5170
545 2003
545 2619
546 550
546 1341
546 1713
546 2835
546 5082
547 2041
547 2558
547 2943
548 743
549 1440
549 1475
549 3021
550 817
550 1945
551 2744
551 2822
553 1246
554 2887
555 1047
555 3287
555 5167
556 659
556 1727
556 1861
556 3309
556 5057
557 1793
557 1996
557 2245
558 1232
558 1338
558 4647
558 5530
559 609
559 2180
559 3166
560 829
560 1084
560 1248
560 3341
561 589
561 793
561 1844
561 5468
561 5684
562 933
562 1415
562 2283
562 2770
562 2867
563 825
563 1388
564 1922
564 5218
566 579
566 682
566 805
566 1629
567 732
567 1511
567 4892
568 850
568 1098
568 2359
568 3671
568 4623
569 3318
570 2163
570 2603
571 3475
571 4078
572 843
572 4348
573 2785
574 741
574 5710
575 926
575 1137
575 1316
575 4079
576 4833
577 647
577 1432
577 3278
577 4558
578 878
578 1315
578 1679
578 2362
579 827
579 1999
579 4956
580 1162
580 1430
582 729
582 1299
582 1886
583 1411
584 1062
584 1376
585 846
585 1617
587 1217
587 3238
588 1443
588 1763
588 1866
588 3790
589 1212
589 1912
589 2705
589 2897
590 621
590 1222
590 3199
591 2125
591 3321
592 1286
592 1978
593 1201
593 2410
594 1196
594 3127
595 859
596 669
596 1531
597 5350
598 2784
599 2670
600 1045
600 1400
600 2406
603 3177
604 4325
605 940
605 1671
606 640
606 1274
606 1854
607 1297
608 692
608 1194
608 2500
609 678
609 1051
610 902
610 1135
610 1561
610 3433
610 4568
611 967
611 5097
612 695
612 895
612 2568
612 4591
615 627
615 1974
616 972
616 3115
616 4402
616 4606
617 2296
618 711
619 1910
619 2581
620 3154
620 3398
620 3734
621 1186
621 1422
621 1429
622 755
622 963
622 1220
623 648
623 1676
623 5442
624 4865
625 698
625 872
625 5144
626 936
626 2194
627 779
627 780
628 1113
628 1816
628 4945
629 861
630 4425
631 808
631 3248
631 5270
632 812
632 1287
632 1719
632 5261
633 821
633 839
633 1205
634 1347
634 5666
635 1781
636 1349
637 1899
637 4294
638 1318
638 1529
638 2408
639 4123
640 1037
640 4017
641 688
641 1173
641 3346
643 1636
644 2966
645 1190
645 4492
645 4884
646 1026
646 4337
646 5457
648 4977
649 840
649 1703
650 4474
651 1238
651 2076
652 903
652 960
652 2472
652 3995
653 3651
654 2876
655 931
655 1657
655 3524
655 3662
656 1455
656 1726
656 2116
656 3418
656 4938
657 681
657 2158
657 2939
657 3967
657 4391
658 1008
658 1172
658 3732
659 1283
661 1117
662 2129
663 696
663 1464
663 2922
664 4052
665 5233
666 784
667 5431
668 3502
668 3635
668 4746
668 4919
669 1858
669 5140
670 2851
670 3457
670 4067
671 982
671 1136
671 4622
672 757
672 2279
672 2740
672 2771
672 2889
672 4016
673 823
673 1596
673 1937
673 3684
674 3897
674 5405
675 2322
676 1450
676 1620
677 1871
677 2532
677 2883
678 2539
678 3094
679 3618
679 4530
679 4572
680 3137
680 3428
680 4811
682 707
682 934
682 1860
683 1553
683 1784
683 5021
683 5221
683 5245
684 1664
685 699
685 996
685 3344
685 4881
686 4200
687 871
687 1895
687 4221
688 740
688 2030
689 5280
690 1090
690 4638
691 2135
691 2794
691 4508
692 5107
693 3293
693 4239
694 1075
694 2913
697 2069
698 2699
699 1482
699 4264
700 1040
700 1907
701 1399
702 897
702 917
702 1502
702 3190
702 4567
704 1014
704 1207
704 1548
704 4220
705 4254
706 3010
706 3326
706 3530
706 4002
707 1131
707 3928
708 1296
708 1757
708 1897
708 4044
709 719
709 1523
710 1645
711 1010
711 1031
711 4946
711 5595
712 803
712 887
712 1174
712 2072
713 2081
715 785
716 953
717 1024
717 2993
717 4680
719 3008
720 881
720 4419
720 4518
721 1078
722 2308
723 2434
724 2998
724 3812
725 3944
726 2123
726 2152
728 3972
728 4319
729 5006
730 1126
730 1284
730 2088
730 3220
730 3714
731 1175
731 4554
732 1132
733 760
733 3810
734 2340
735 1619
735 2032
735 3066
736 777
736 783
737 2321
737 2698
738 2379
738 3303
739 1052
739 2582
739 5219
740 1006
740 1377
740 1404
740 5663
741 811
741 1329
742 2917
742 3156
742 4885
743 771
743 1103
744 810
744 858
744 1423
745 2857
746 896
746 900
746 1746
746 2192
746 3328
747 5132
748 918
749 1792
749 4167
750 1247
751 1875
751 4705
753 867
753 1698
754 870
754 876
754 2453
754 2934
755 919
755 1114
755 1311
755 1736
756 984
756 3300
756 5240
757 1110
757 1962
757 2930
757 3512
757 3955
758 774
758 1155
759 899
759 4522
760 819
761 937
761 1141
761 1863
761 4879
762 2398
762 4632
762 5039
763 2262
764 1479
764 2647
764 3558
765 5450
766 1589
766 3016
767 1044
767 1538
767 2527
768 3872
769 4837
770 925
772 1420
772 1627
772 2221
773 1522
773 2616
773 3175
774 885
774 1055
774 1810
775 5445
776 835
776 1926
776 2959
777 822
777 2970
777 3399
778 1610
781 1494
781 2873
781 3926
783 921
783 1077
787 5363
788 2099
789 3090
789 4270
790 2598
790 2682
790 2741
791 4961
791 4978
792 857
793 2253
793 3051
793 4421
794 848
794 924
794 1335
794 2033
794 5572
796 3085
797 883
797 964
797 3312
797 4038
797 4213
799 4146
800 976
803 806
803 990
804 1435
804 5525
805 994
805 1350
805 2181
805 3813
805 5383
806 1354
806 2461
806 2512
807 1002
807 1708
807 2556
808 922
808 1138
809 1821
810 1324
810 3355
810 5216
811 2831
812 1107
813 1919
814 935
815 947
815 2560
815 2730
816 3037
817 2334
817 2915
817 4894
818 945
818 1333
819 2615
820 4346
820 5084
821 1028
821 4422
823 2039
823 3304
823 4716
823 5085
824 2231
824 2400
824 5725
825 1080
825 1466
825 5327
825 5355
826 1036
826 3816
827 5237
828 1605
828 4355
829 1303
829 2593
830 873
830 2361
831 1279
831 1594
831 1836
831 2058
831 3267
833 1674
833 4241
834 948
835 2363
836 1257
836 3814
836 4939
837 4990
838 1144
838 1292
838 1486
838 1505
839 1216
839 1686
839 3379
840 1363
840 2065
840 3395
840 4043
841 2285
842 1669
842 1696
844 2171
844 2330
844 3650
845 1112
845 2776
846 1119
846 2269
847 906
847 1242
847 1551
847 4305
847 4573
848 907
848 2801
848 3626
848 5574
849 1021
850 2413
850 5698
851 979
851 1444
851 1545
851 4026
852 1082
852 2452
853 3162
854 1020
855 1120
855 1197
855 3552
855 4111
855 4214
856 1501
856 4188
857 1456
857 2657
857 3630
857 3847
858 1463
858 4557
860 2797
860 4671
860 4793
861 2624
861 5317
862 4124
863 930
863 1019
863 2449
863 2516
863 3139
863 4686
865 1188
865 1774
865 2841
865 2854
866 1916
866 1968
866 3092
867 911
867 1484
867 1764
868 1234
868 3320
869 5716
870 3111
871 880
871 4930
873 1525
876 1542
876 2151
876 2302
876 4727
877 2282
878 916
879 892
879 1818
879 1859
880 1339
881 1564
883 1549
883 1550
885 1300
885 1319
886 2948
886 3062
887 1771
887 2919
889 1418
889 1801
889 5599
890 3443
891 3230
892 1811
892 2098
892 4792
893 1578
893 1947
894 1004
894 1087
895 5038
896 1857
896 3342
896 3400
897 2551
897 3119
898 946
898 2736
899 4009
899 4298
900 2482
900 2642
901 950
901 997
902 4836
904 971
904 1210
904 2179
906 1519
908 3776
908 5307
911 1007
911 2718
913 1909
913 2193
913 3069
914 1198
914 5729
916 1203
916 1397
916 1716
916 2351
916 4903
916 5699
918 1251
918 1368
918 4738
919 2376
919 4151
920 3730
921 2357
924 1116
924 2203
924 3178
925 1670
925 2976
925 3106
926 3740
927 1022
927 3581
927 5159
928 2436
928 3601
928 4820
931 1265
931 3679
931 4496
932 1199
932 2320
933 1130
936 1121
936 1302
936 1491
936 2392
937 1457
939 1448
939 1660
939 1970
940 3153
941 1182
942 1280
943 1100
943 1109
944 2331
946 1985
946 3876
947 2703
948 998
948 2462
948 3755
948 4145
948 4806
949 2195
952 1953
952 2186
952 2720
953 2218
953 2697
953 2937
954 1331
954 2050
954 4472
955 2749
955 3204
956 4077
957 2995
957 3186
958 1989
958 2384
958 3990
960 2002
961 989
961 1755
961 2515
963 3045
963 3158
964 1969
964 2701
965 1005
966 3295
967 1856
967 3301
968 981
968 2089
970 1729
970 4118
972 1167
973 1972
974 3496
974 4456
975 2288
975 3451
975 4014
976 1016
976 1710
976 4010
977 2175
978 3578
979 1853
979 1957
980 1067
980 4338
981 1273
981 4667
982 1421
982 1624
982 3200
984 1460
985 1583
985 2394
986 3977
987 4835
988 1718
989 3042
990 2596
992 1520
992 2572
992 3168
993 2389
995 1160
995 1702
995 2566
995 3242
995 3733
995 3941
996 1571
996 4222
997 1704
997 3610
998 4753
999 1018
999 2093
1001 1877
1001 3795
1001 5012
1002 1396
1002 3347
1003 2311
1004 1618
1004 2115
1005 2499
1005 2721
1005 4648
1006 2348
1007 3232
1009 1351
1010 1111
1010 2090
1010 2136
1010 3788
1010 3826
1011 2092
1013 2468
1013 3594
1013 4924
1013 5188
1014 1848
1014 2658
1016 1797
1016 4176
1017 2141
1017 4922
1018 1295
1019 1149
1019 2478
1019 5340
1021 1118
1021 1942
1021 2188
1021 4186
1022 1346
1023 1054
1023 1386
1023 2840
1023 4350
1024 2827
1024 2852
1024 5380
1025 1179
1026 1439
1026 2094
1026 2111
1026 2804
1026 3857
1027 1224
1028 1530
1029 1830
1029 3340
1029 5042
1030 1184
1030 1802
1031 1096
1031 1105
1031 3241
1031 3429
1032 3513
1033 1244
1033 1254
1033 2185
1034 2401
1034 4360
1035 2316
1035 2377
1035 4485
1035 4493
1035 4866
1036 1306
1036 2423
1037 1446
1037 3792
1037 4574
1038 1371
1038 3221
1039 2747
1039 3046
1040 1769
1040 2315
1041 2807
1041 2895
1042 2836
1042 3775
1042 5223
1043 3384
1044 1644
1044 2503
1045 1337
1045 4954
1046 2052
1046 3310
1046 4408
1047 1409
1048 1453
1048 2305
1048 2317
1049 1152
1049 1442
1049 2555
1049 3440
1050 1365
1050 4321
1050 5718
1051 1164
1051 1901
1051 4462
1052 5187
1054 5562
1055 3843
1055 4007
1055 5286
1055 5617
1056 4488
1057 1635
1057 2174
1057 2564
1057 4293
1059 1070
1059 4614
1061 2839
1061 4333
1063 1258
1063 2879
1064 2777
1065 1424
1065 1819
1066 1941
1067 4809
1068 3436
1069 1308
1069 1565
1070 5546
1072 1094
1072 2257
1073 1414
1073 3942
1074 5622
1075 1547
1076 2942
1076 5389
1077 2342
1077 3269
1078 2433
1078 2762
1080 2386
1081 3048
1083 2352
1087 1785
1089 1372
1089 2250
1089 3434
1090 1227
1090 1733
1090 2696
1090 3329
1090 5589
1093 1276
1093 3226
1094 2147
1095 1833
1097 1906
1097 2888
1097 3073
1097 3665
1098 2846
1098 5626
1100 1873
1101 2414
1102 1574
1102 2946
1102 4097
1103 4252
1104 3893
1105 3245
1106 4897
1106 5156
1107 1211
1107 1343
1108 1213
1108 3286
1108 4273
1109 1693
1109 4590
1111 1326
1111 2520
1111 3930
1112 2837
1112 3012
1112 3493
1113 1128
1113 1145
1113 1402
1113 1951
1113 2275
1113 3498
1113 3820
1114 1381
1114 1459
1116 1465
1117 1933
1118 1177
1118 1260
1118 2121
1118 4099
1120 3386
1121 1202
1121 1293
1121 1514
1121 1643
1121 2139
1121 4826
1122 1267
1123 1699
1123 1888
1124 1235
1124 2931
1124 3971
1124 4407
1125 1146
1125 1389
1125 2764
1126 2967
1127 4271
1130 1612
1131 2824
1132 1187
1132 3996
1132 4447
1134 1340
1134 1416
1134 1715
1134 3889
1134 5437
1136 1960
1137 1689
1137 3480
1138 1395
1138 2280
1138 3417
1139 3296
1139 4577
1140 1320
1140 3216
1141 3539
1142 2535
1142 3886
1142 3907
1142 4979
1143 2924
1145 3637
1146 2420
1147 4791
1148 1289
1148 1706
1148 3150
1148 3527
1150 2522
1150 4161
1151 2205
1151 2271
1152 1753
1154 3311
1154 5068
1156 1461
1156 2177
1156 3074
1157 1878
1158 3890
1158 5145
1159 1282
1159 1441
1159 1939
1159 4534
1160 1500
1162 1616
1162 2553
1163 1454
1163 4541
1164 4089
1165 1688
1165 2715
1165 3151
1165 4142
1166 1408
1166 2775
1166 3877
1167 1476
1168 5400
1169 2425
1173 2407
1173 2778
1173 2820
1174 1685
1174 2219
1175 2426
1175 2504
1175 2541
1176 1998
1176 2952
1177 2471
1177 3485
1182 4231
1183 1472
1183 2858
1183 3396
1185 4131
1185 4676
1186 2795
1186 4196
1187 4249
1189 1243
1189 2006
1189 3817
1190 1208
1191 1626
1191 5554
1191 5675
1192 4137
1193 2243
1194 3717
1195 1943
1195 4452
1195 5141
1196 5495
1198 1509
1199 5633
1201 1677
1201 4888
1202 1732
1203 1955
1203 2166
1203 2375
1203 2792
1204 1391
1204 1425
1204 2082
1204 2232
1205 1322
1206 2734
1207 1236
1207 1747
1207 2167
1209 2067
1211 2634
1211 4004
1212 1270
1213 1462
1215 1742
1215 3658
1216 1264
1217 4740
1217 5552
1218 2183
1219 1384
1219 1720
1219 4387
1219 5510
1222 1240
1223 1375
1224 2189
1225 3588
1227 1515
1227 1841
1228 1413
1228 3131
1229 2507
1229 4163
1231 1588
1231 1786
1231 4093
1232 2277
1233 1239
1234 1597
1234 3406
1234 4917
1235 1401
1236 1791
1237 1834
1237 3834
1238 2164
1238 2980
1239 4351
1239 5665
1240 1310
1242 1387
1242 2022
1242 2251
1243 4585
1244 1961
1244 2314
1246 1562
1246 3198
1247 1328
1247 1798
1247 2739
1250 4517
1250 4890
1251 1647
1252 2034
1252 2810
1254 1537
1254 1544
1254 1959
1257 4984
1258 2863
1260 5255
1261 1666
1261 4642
1261 5241
1262 2752
1262 2978
1263 1864
1264 4581
1266 1971
1266 2059
1266 2254
1266 3736
1266 4121
1268 1585
1268 3568
1269 2364
1269 3371
1269 3680
1270 2646
1271 3023
1272 1904
1272 2248
1274 1918
1275 1622
1277 2671
1277 3258
1277 3393
1279 2214
1279 3525
1280 3763
1281 2197
1282 2483
1282 3145
1282 3225
1283 1369
1283 5634
1284 2027
1284 2220
1284 2928
1284 5360
1285 1591
1285 2143
1285 4438
1287 1806
1287 2029
1287 3081
1288 1334
1288 1533
1289 1986
1290 1598
1291 1497
1291 1754
1292 2973
1292 3517
1292 3600
1293 1776
1294 4149
1294 5697
1296 3481
1296 3639
1297 2842
1299 4931
1299 5095
1300 1493
1300 5268
1301 2811
1303 1345
1304 5215
1306 2561
1306 5475
1307 2645
1307 3108
1308 1735
1308 2614
1309 1678
1309 2234
1309 3140
1309 3152
1310 1490
1310 1521
1312 3455
1312 4378
1312 4708
1312 4802
1313 2653
1314 2153
1315 2114
1315 2477
1316 4107
1317 1973
1317 2992
1317 3239
1318 2497
1318 5528
1320 2781
1321 2485
1323 1539
1323 4483
1324 3246
1324 5024
1326 1931
1327 1725
1327 2896
1328 2144
1328 4129
1330 1773
1330 5379
1331 2983
1332 4685
1334 4171
1335 1576
1335 1988
1336 3047
1337 3574
1338 2354
1339 2617
1341 1370
1341 1394
1342 3072
1344 1722
1345 1393
1345 1920
1345 2709
1346 1673
1346 2212
1347 5672
1348 1712
1349 2637
1350 2249
1350 2445
1351 1383
1351 1770
1351 3598
1351 4576
1353 1701
1353 1728
1353 1782
1353 2654
1354 2110
1356 3489
1357 1637
1357 3274
1357 4547
1358 5153
1358 5451
1359 1528
1359 1883
1359 2060
1359 3025
1359 4714
1360 3909
1361 2336
1361 3362
1361 3746
1361 5118
1362 3871
1362 4091
1364 4178
1365 1749
1365 4849
1366 1378
1366 1880
1366 1881
1366 1935
1366 2711
1366 5259
1367 1390
1367 5687
1368 1889
1368 2035
1368 4122
1369 2149
1369 2446
1369 4932
1370 1445
1370 2805
1372 1614
1372 3013
1372 5333
1373 4218
1373 5195
1375 2224
1376 1766
1377 5647
1379 1407
1380 1524
1380 2802
1381 1761
1381 1826
1381 3280
1383 1739
1383 2672
1384 4012
1385 1581
1385 4764
1387 1566
1387 2427
1387 2953
1387 3075
1389 3412
1390 1577
1390 2656
1390 3070
1391 1438
1391 1790
1391 2268
1391 2353
1391 2861
1392 4193
1393 1659
1393 5536
1395 1406
1396 2450
1398 1991
1399 2045
1399 3793
1399 4232
1401 3507
1401 5072
1402 2949
1402 3277
1402 5131
1405 2738
1405 4115
1406 1697
1406 3702
1407 3729
1408 1496
1409 2860
1410 1838
1411 1731
1411 1891
1412 1449
1412 3515
1412 3542
1412 5602
1414 2492
1414 5226
1417 1814
1417 1894
1417 2563
1417 4255
1417 5142
1418 1832
1419 1934
1419 4451
1420 2380
1420 4649
1420 4970
1421 1837
1421 2370
1421 5377
1422 3167
1423 2119
1424 1682
1424 5424
1425 1534
1425 2914
1425 3365
1426 1743
1426 2126
1426 2404
1426 3319
1428 3796
1428 4126
1429 2597
1429 5390
1431 1555
1431 2128
1431 2573
1432 1580
1433 2355
1433 4767
1434 2382
1435 1949
1436 3731
1436 4797
1437 1556
1437 1820
1437 2070
1437 2679
1437 2812
1438 1477
1438 4941
1439 5650
1440 3803
1441 1543
1442 5565
1443 1518
1444 5069
1445 3174
1450 2514
1450 3522
1450 4132
1452 4335
1452 4737
1453 2084
1454 1485
1454 3219
1455 3518
1456 2323
1456 2849
1458 2680
1459 3956
1461 2437
1461 4138
1462 3427
1463 2828
1464 2239
1464 5074
1465 4887
1467 1995
1467 2040
1467 3674
1468 2096
1468 3065
1469 2209
1469 4317
1469 4373
1469 4818
1469 5046
1470 3774
1470 5213
1471 1499
1471 3041
1472 1925
1472 1930
1474 2635
1475 2325
1475 3052
1477 1779
1479 3370
1479 3994
1480 2103
1481 1487
1481 2223
1481 2640
1481 3049
1481 4616
1482 2215
1482 3126
1482 3263
1483 2763
1484 5089
1485 1567
1485 2374
1485 2381
1485 3064
1486 2732
1486 3088
1486 4207
1488 2605
1488 2694
1488 3430
1489 1855
1489 3271
1489 3596
1489 4210
1491 2293
1491 3083
1492 1794
1495 1867
1495 2848
1495 4453
1495 4968
1496 3738
1496 5509
1499 1940
1499 2346
1500 4504
1502 3957
1502 4929
1503 2337
1503 2779
1503 3661
1504 2131
1504 3391
1504 4208
1505 3477
1506 1772
1506 1868
1507 1839
1507 2517
1507 3102
1508 3709
1508 4527
1509 3785
1510 1558
1510 2549
1511 1512
1512 2350
1514 4698
1515 2767
1516 2140
1517 2787
1518 4487
1519 2465
1520 5547
1522 2475
1522 2632
1523 4375
1523 4739
1523 4891
1525 2473
1525 3432
1526 2222
1526 4571
1528 4112
1529 3550
1531 2178
1534 1628
1534 4164
1534 5273
1536 3146
1537 2989
1537 3613
1537 3986
1538 4783
1539 1778
1539 2073
1539 2244
1539 5628
1540 2148
1540 4403
1541 2230
1541 3531
1541 5501
1543 2259
1543 2661
1543 3798
1545 3388
1546 2199
1548 3169
1550 2745
1551 2276
1551 2360
1551 3071
1551 3159
1551 3608
1552 1924
1552 3407
1555 1783
1555 2102
1555 2845
1556 5387
1559 1683
1559 2954
1560 1829
1560 1896
1560 2367
1560 5542
1560 5639
1561 2719
1561 5040
1561 5660
1563 1967
1563 3334
1564 1646
1564 2589
1566 1705
1566 2546
1566 3420
1566 4215
1567 1979
1567 5671
1568 1665
1568 3265
1568 3880
1569 1711
1569 5321
1570 4673
1571 4061
1572 1625
1572 3197
1573 2258
1573 3044
1574 1872
1574 2455
1575 4299
1576 1653
1576 2028
1576 3546
1577 2903
1577 3487
1577 5706
1580 2018
1581 1862
1581 2668
1582 1946
1582 2533
1583 2138
1584 3141
1585 2011
1585 2066
1585 2780
1586 3160
1586 3161
1586 4006
1587 2974
1587 5191
1587 5244
1588 2300
1588 5605
1589 3387
1589 5515
1590 2969
1591 1600
1592 4198
1592 5704
1594 1850
1594 2122
1595 3605
1595 4550
1596 3937
1596 4777
1597 3038
1597 3509
1597 4063
1598 1990
1598 2009
1598 2941
1598 5566
1600 3103
1600 3264
1600 4844
1603 4582
1605 1631
1605 2469
1606 1634
1606 3784
1606 5235
1607 2486
1607 3486
1607 3903
1607 3924
1608 4584
1608 4662
1611 2648
1611 3249
1611 3253
1613 2150
1614 4516
1614 5401
1615 3109
1615 4199
1616 1954
1616 3206
1618 2292
1618 2439
1618 5204
1620 5466
1621 1994
1623 1817
1624 1799
1625 1987
1627 2526
1628 1849
1628 4168
1628 4991
1628 5708
1629 2001
1629 3458
1631 4999
1632 2458
1632 3587
1632 3666
1634 3946
1639 1648
1640 2894
1640 4545
1641 2037
1641 2927
1642 5550
1642 5630
1644 2765
1644 3695
1645 2830
1645 3357
1646 3981
1647 2968
1651 2791
1654 2737
1656 2068
1656 2326
1656 2544
1657 1800
1657 4556
1659 3001
1659 4297
1660 2447
1661 2012
1664 2356
1664 2441
1664 2649
1664 3132
1664 3838
1664 3933
1665 2817
1666 2430
1666 2994
1666 3067
1667 3030
1668 2169
1668 2213
1670 1734
1670 2204
1673 2261
1675 5090
1676 2945
1677 2607
1677 3006
1678 4185
1678 5220
1679 3375
1679 3923
1679 4810
1680 2540
1680 3677
1681 1887
1684 1884
1684 2463
1685 2108
1686 1950
1688 4192
1689 3191
1690 4369
1691 1905
1691 3096
1691 3869
1692 3027
1694 5126
1695 2255
1695 2724
1695 5210
1698 3335
1703 3802
1705 3095
1706 4368
1708 3377
1708 3705
1709 3461
1709 5653
1710 2750
1711 5315
1712 2587
1713 3836
1714 2055
1716 2786
1716 5190
1720 3840
1722 4397
1724 3441
1726 2242
1727 1843
1727 3804
1728 5372
1729 4620
1730 1775
1731 2476
1731 2759
1732 2618
1732 2620
1733 4005
1733 4776
1733 5151
1733 5298
1734 2345
1735 4092
1736 1913
1737 5154
1738 3985
1739 1758
1746 4072
1747 1752
1747 2395
1747 2509
1749 2053
1749 2865
1749 4258
1750 3504
1751 2155
1751 3533
1751 4066
1751 4926
1753 2906
1753 5517
1755 2690
1756 2159
1756 5033
1757 4253
1757 5236
1758 4918
1758 5624
1759 4839
1759 5346
1762 2016
1764 2339
1764 3537
1765 1812
1765 1900
1766 2047
1766 2240
1766 3438
1767 1865
1767 3881
1767 5179
1770 2079
1770 3811
1771 2710
1772 1796
1772 2160
1772 2900
1772 3854
1772 4588
1773 2274
1773 2686
1775 2086
1775 3330
1775 3712
1776 2176
1777 4732
1779 2118
1780 2678
1780 3497
1780 3744
1784 4212
1784 4377
1786 2049
1786 3187
1787 3579
1789 1809
1789 1831
1790 2599
1790 3205
1793 2042
1793 2335
1794 3408
1795 2871
1795 3510
1795 5403
1799 2790
1799 3207
1802 2531
1803 1824
1805 3040
1806 2440
1806 3259
1806 3401
1808 1921
1808 2393
1808 2907
1808 3534
1809 2057
1809 2819
1811 2911
1813 5357
1814 4296
1815 2652
1815 5285
1817 2043
1817 2075
1817 2844
1817 3953
1818 2210
1818 4177
1819 4342
1820 3029
1821 2569
1823 3031
1823 4934
1823 4976
1824 3687
1824 3758
1824 4691
1824 5406
1826 1828
1826 4113
1829 1851
1830 2074
1833 3383
1835 2496
1835 5058
1836 2813
1836 4257
1836 5472
1839 2902
1840 2019
1841 4688
1842 3180
1842 3256
1842 4696
1844 5004
1846 3644
1847 2935
1848 4386
1848 4473
1849 2688
1850 1936
1850 3676
1853 2038
1855 3097
1856 5412
1857 3350
1858 3360
1860 2961
1860 4235
1861 2731
1862 5570
1863 2005
1863 2825
1863 3110
1865 2814
1867 5500
1869 2669
1869 2717
1869 5512
1870 5037
1872 4267
1873 4626
1874 2390
1874 3164
1875 3710
1876 2454
1877 4060
1877 4179
1877 4656
1878 4015
1878 4537
1881 2237
1881 2238
1881 2488
1881 4604
1884 4981
1886 2313
1886 4598
1886 4795
1887 3553
1888 2882
1888 3595
1889 4774
1890 3288
1891 3663
1892 3189
1892 4237
1894 5208
1895 5503
1896 3711
1896 5171
1897 5249
1898 3490
1899 4265
1901 2270
1901 3920
1902 2501
1902 4062
1907 1982
1908 2272
1912 3283
1913 3835
1914 2498
1915 2432
1915 3506
1916 2095
1916 4358
1917 2585
1917 4875
1918 2843
1918 3962
1919 3538
1919 3653
1919 4366
1920 2287
1920 2415
1921 1992
1921 2416
1922 1932
1922 2014
1923 3422
1924 3741
1925 2487
1926 2538
1926 4219
1927 2000
1928 3279
1928 3896
1929 4039
1932 2864
1935 2793
1936 2712
1937 5456
1939 2344
1939 3809
1940 3721
1941 2583
1941 3322
1942 2328
1942 4463
1943 5282
1944 4283
1946 3135
1947 2168
1950 2290
1950 5592
1951 2289
1952 2554
1953 5247
1954 3516
1954 3541
1955 2036
1955 2823
1957 4272
1958 2761
1958 4593
1959 3471
1960 2071
1961 3247
1962 3554
1962 3719
1963 2190
1964 2629
1964 4933
1965 5629
1967 5614
1968 3866
1970 2594
1971 3015
1974 3020
1975 4336
1976 3681
1978 2078
1978 2899
1978 4201
1979 2161
1981 2821
1982 2358
1982 2403
1982 3223
1983 4689
1984 2062
1987 4906
1990 4120
1992 3053
1996 2349
1996 3562
1996 3849
1998 2187
1998 4394
1999 3086
1999 4286
2000 2087
2000 2157
2001 4651
2001 5287
2003 2608
2004 2173
2004 3865
2004 5120
2005 2026
2005 2962
2005 3584
2010 4468
2011 4687
2012 3700
2012 4808
2013 4154
2015 3358
2017 4993
2019 5582
2020 2726
2022 2936
2022 5096
2023 3268
2024 2294
2025 5146
2027 3007
2027 3104
2027 4983
2028 3566
2028 4046
2029 2112
2030 2133
2030 2755
2030 3716
2031 3101
2033 4278
2034 2808
2034 3307
2035 2490
2035 3231
2036 2097
2037 3043
2038 2388
2038 3551
2038 4920
2039 2383
2039 3170
2039 5366
2041 2378
2041 3272
2041 3354
2042 4639
2043 2206
2043 3134
2044 2397
2044 3873
2045 4678
2046 2918
2051 2428
2051 2743
2051 4781
2052 3036
2052 3659
2052 3707
2053 2216
2053 5460
2054 4652
2058 2988
2058 3483
2058 4697
2059 2666
2059 2704
2059 4356
2060 2727
2061 2518
2062 2297
2062 2955
2062 3448
2062 4226
2064 5054
2066 3791
2066 5648
2067 4261
2067 5465
2068 3556
2068 4040
2070 2677
2070 3597
2071 2584
2075 2208
2075 4846
2077 2083
2077 4664
2077 4800
2078 2333
2079 4784
2079 4911
2080 2104
2083 3468
2085 2162
2086 3144
2088 4440
2089 2385
2089 2877
2090 2418
2090 2693
2090 2713
2091 2638
2092 2627
2093 2431
2093 4434
2094 2109
2094 2753
2095 3372
2095 4958
2096 2451
2098 2833
2100 3217
2104 4869
2104 5613
2105 3148
2105 3852
2105 4363
2107 2145
2107 2368
2109 4992
2111 2117
2111 4227
2114 4054
2115 2543
2115 2850
2116 2134
2117 3415
2117 3589
2118 3416
2119 2662
2120 2893
2122 4807
2122 5728
2124 3929
2124 4380
2126 3765
2126 5276
2130 3243
2131 5183
2132 2489
2132 5035
2133 2338
2133 3500
2134 4832
2135 5722
2138 3482
2138 4896
2139 3652
2141 2591
2141 3655
2145 2665
2145 2885
2146 2673
2147 2683
2147 3000
2148 2947
2148 4681
2149 2341
2150 2972
2151 2264
2151 5339
2153 3467
2153 3545
2153 5584
2154 5100
2156 5489
2158 2600
2158 2631
2158 3130
2158 4160
2160 2228
2160 5417
2163 2530
2164 2633
2165 2769
2166 2892
2166 3519
2167 2444
2167 2862
2168 3244
2168 3343
2171 4329
2172 2987
2172 3261
2172 3627
2172 4035
2173 2229
2174 3667
2174 4340
2174 4559
2174 5166
2176 3520
2177 3571
2178 3742
2179 3694
2179 4653
2180 2982
2180 3437
2182 4513
2183 2557
2183 4424
2185 5682
2186 2411
2186 3084
2188 3121
2189 3591
2189 5555
2190 5724
2191 4575
2191 5007
2192 3713
2193 3262
2193 3693
2193 4877
2195 2347
2199 5028
2200 3302
2200 4497
2204 4251
2205 2457
2205 3414
2205 4640
2206 4595
2207 5044
2209 2643
2211 2908
2213 2685
2213 3931
2213 5206
2214 2722
2215 2252
2215 4134
2216 3577
2217 2628
2217 2639
2218 3445
2221 2273
2224 3392
2227 3424
2230 2491
2230 4563
2232 5323
2233 3827
2236 2493
2236 4173
2238 3193
2238 3984
2245 2884
2246 2920
2246 3291
2246 5202
2247 3861
2249 4302
2255 3898
2258 5430
2260 2265
2260 5591
2263 3762
2264 2622
2266 3068
2267 3142
2268 2963
2269 2800
2270 3419
2270 4742
2271 3583
2271 4748
2271 5278
2271 5411
2272 3501
2272 4444
2273 4484
2274 2479
2274 3332
2274 3425
2275 2505
2277 2528
2278 4291
2279 3061
2280 2547
2280 5497
2281 3149
2282 4512
2283 2417
2283 5312
2284 3800
2284 4565
2289 3646
2291 5397
2292 3632
2292 4955
2293 3297
2293 3883
2293 4230
2294 2951
2294 4110
2295 3117
2298 2343
2300 2548
2301 2510
2303 5311
2306 3735
2306 4119
2307 2868
2307 4130
2307 5427
2308 2324
2308 3060
2308 3656
2310 2901
2312 3314
2312 5119
2313 3465
2314 5043
2317 2923
2321 5299
2323 3002
2325 3203
2326 2523
2326 4799
2327 2365
2327 4244
2327 4659
2330 2623
2330 2695
2330 3337
2332 3235
2334 2714
2335 3778
2337 5184
2338 5111
2339 2675
2340 3107
2343 4630
2345 2508
2345 5544
2346 3410
2346 3449
2348 3024
2350 2910
2351 3602
2352 3114
2354 2456
2354 2464
2354 4300
2354 5616
2356 3055
2356 3077
2356 5108
2356 5395
2357 2626
2362 2874
2364 4031
2365 3050
2365 4314
2366 3251
2366 3446
2366 3585
2366 4308
2366 5382
2367 3819
2367 3856
2368 4327
2370 2412
2370 3165
2373 2577
2375 3351
2377 2405
2377 3374
2378 2435
2378 5526
2379 5143
2380 2595
2380 5368
2382 2751
2382 3456
2388 5521
2391 2480
2391 4018
2392 3563
2393 4594
2395 3860
2395 4505
2395 4609
2396 4972
2398 2537
2401 2891
2401 4042
2401 5185
2401 5631
2402 4965
2403 3450
2403 4361
2405 3604
2408 4477
2409 2838
2410 5705
2411 5652
2414 5655
2418 2728
2418 2735
2420 4404
2421 3824
2421 4370
2422 5396
2424 2467
2424 3257
2425 3059
2426 3623
2427 2650
2429 5023
2429 5027
2430 2979
2430 4819
2432 2870
2432 3080
2433 3361
2434 4056
2434 4988
2435 3218
2436 2881
2436 4822
2441 3091
2442 3723
2443 2550
2443 2655
2443 2829
2445 2545
2445 3642
2445 4036
2445 4400
2446 4250
2447 3673
2448 5668
2450 3404
2450 3867
2452 4893
2454 2529
2454 3113
2456 2706
2456 2912
2457 2723
2458 3058
2458 3315
2458 5674
2460 2809
2461 2521
2462 5638
2463 3911
2464 3014
2464 5134
2465 4248
2466 3771
2470 3463
2470 3919
2471 3536
2473 5056
2474 3874
2475 4703
2477 2494
2478 4523
2478 5011
2479 5444
2480 3708
2483 4824
2485 2524
2489 2513
2489 2592
2489 3032
2490 2588
2490 2758
2490 3582
2491 3447
2492 3991
2492 5453
2492 5492
2495 2886
2495 4234
2495 5086
2496 3138
2496 3227
2497 3054
2497 4489
2497 5683
2498 3294
2500 5105
2501 2602
2501 3724
2503 3290
2505 2985
2505 4389
2506 3922
2511 3194
2511 4615
2512 3993
2513 4331
2516 2580
2520 4782
2521 5558
2522 3317
2524 3611
2527 4259
2531 2746
2531 3234
2531 5251
2532 2798
2533 2872
2534 4033
2535 2667
2536 4328
2537 3128
2537 5262
2538 3887
2539 3009
2539 3171
2539 4733
2540 3781
2541 2700
2541 3273
2543 2559
2543 2689
2544 2832
2544 5487
2546 5681
2549 4959
2550 3688
2550 4406
2552 4174
2553 3885
2554 3028
2554 3208
2555 2571
2556 5695
2557 3494
2562 2991
2563 4457
2563 4987
2571 3018
2571 4475
2573 4963
2574 5580
2576 3573
2576 4362
2577 5041
2578 3333
2579 2964
2579 4907
2581 3830
2582 4081
2583 2659
2585 4899
2586 3112
2589 3254
2589 4694
2590 5567
2591 3664
2594 3005
2595 3720
2596 3682
2597 4695
2598 3089
2598 3339
2599 2766
2599 2774
2601 5473
2602 5364
2606 2610
2606 2853
2610 3179
2615 2733
2615 4001
2616 3535
2616 5026
2617 5484
2619 3561
2620 4883
2621 3737
2623 3093
2624 4804
2630 3580
2631 4779
2633 4088
2634 3773
2635 4053
2637 4416
2638 4428
2640 5225
2643 3306
2644 5328
2645 4467
2647 3974
2648 3638
2648 4189
2648 5478
2650 2933
2650 3706
2650 3964
2650 5243
2651 2803
2651 2818
2651 4731
2653 4058
2653 4098
2654 3979
2656 5560
2658 2756
2658 2847
2665 5238
2668 3921
2671 3299
2671 4109
2671 4381
2672 2681
2674 5110
2676 3431
2678 5077
2679 4533
2679 5032
2681 4195
2682 3846
2684 3690
2685 3063
2685 3954
2685 4551
2688 3100
2693 3936
2695 3670
2696 3004
2696 4480
2698 2806
2698 3233
2698 3599
2699 3895
2699 4266
2701 3176
2701 4825
2704 3505
2705 4388
2710 2855
2711 4964
2712 4962
2713 3549
2713 3636
2713 5078
2715 5575
2716 3421
2719 3331
2720 3120
2720 5065
2721 4986
2722 3385
2722 4371
2723 4668
2723 4974
2724 3949
2724 4041
2728 3547
2729 5265
2736 3460
2736 4172
2737 3143
2738 3195
2738 3698
2740 4458
2741 5138
2742 3569
2742 4034
2743 4023
2743 4268
2743 4985
2746 3951
2748 4631
2750 4187
2752 3147
2755 4775
2756 2772
2756 4520
2757 3782
2758 4096
2761 3363
2764 3181
2764 4700
2764 5402
2765 4190
2766 5479
2770 5657
2772 4674
2773 2856
2774 3675
2775 3495
2775 5385
2776 5124
2777 3947
2780 4413
2791 4019
2797 3172
2798 5214
2802 3442
2804 4828
2807 4719
2807 5587
2808 2898
2808 3462
2809 3275
2810 3033
2811 4180
2814 5408
2817 4011
2818 2905
2819 3228
2819 5066
2821 4080
2821 5168
2823 3514
2824 5606
2825 3901
2825 5016
2831 4994
2835 4047
2835 4679
2838 3701
2839 3853
2844 3453
2847 2909
2847 4936
2848 5227
2849 4730
2850 3394
2850 4000
2852 2875
2852 3998
2853 5611
2855 3609
2860 4851
2861 2975
2861 3250
2861 3750
2861 4785
2866 3945
2867 3692
2868 3284
2868 5076
2869 3237
2871 3022
2871 4277
2873 5246
2876 4028
2877 3082
2877 4707
2877 5010
2878 4469
2880 4856
2881 5347
2884 4666
2888 4607
2890 4650
2892 3188
2892 3807
2892 3894
2892 5000
2894 4430
2898 4812
2900 3913
2900 4454
2901 3686
2902 4709
2902 4735
2903 4466
2906 2984
2914 5160
2914 5281
2915 4670
2915 5182
2917 4076
2921 4878
2922 3229
2924 2971
2925 3570
2925 5049
2928 4684
2930 5125
2931 3129
2931 4805
2935 3255
2935 3266
2936 4544
2936 4569
2937 3026
2938 5098
2948 4045
2949 5180
2953 5104
2954 5062
2955 3105
2957 3473
2957 4744
2959 3850
2959 4236
2963 5641
2963 5644
2965 3969
2967 3076
2968 3586
2971 3842
2975 5367
2976 3622
2977 4105
2978 4290
2980 3459
2980 5260
2981 3356
2981 3760
2984 4051
2985 3390
2985 3766
2986 5152
2987 3366
2987 3797
2987 4309
2988 3789
2990 3756
2991 3214
2991 3397
2996 3718
3000 3222
3004 4150
3005 4128
3006 3215
3006 4815
3009 3323
3011 4747
3013 3056
3013 4560
3017 3982
3017 4292
3019 3182
3019 3529
3019 4592
3020 3499
3020 3764
3020 3900
3020 3917
3020 5192
3023 3133
3023 5018
3024 4486
3025 4304
3025 4390
3026 4863
3027 4191
3028 3511
3028 5101
3032 3491
3032 3640
3032 4960
3032 5688
3033 5242
3038 4318
3039 5504
3041 3727
3041 3751
3042 5201
3043 4435
3046 5676
3047 3163
3047 5371
3051 4211
3053 3612
3054 4289
3056 4855
3057 3435
3057 3754
3057 5480
3059 4030
3062 3548
3063 3079
3063 4587
3064 3276
3065 3743
3066 3488
3072 3155
3072 5022
3074 3777
3079 3912
3080 4535
3081 3184
3081 3606
3081 5318
3083 4498
3083 5178
3085 4116
3085 5256
3087 3260
3087 4876
3091 3560
3091 3628
3091 5443
3093 3863
3093 4281
3094 4398
3094 4529
3095 5678
3097 3289
3098 4461
3099 5384
3100 3452
3102 3892
3102 4830
3103 4202
3106 4641
3109 3116
3109 3948
3111 3564
3111 4326
3117 4263
3117 4600
3119 4476
3120 3794
3120 3915
3121 5391
3123 5087
3126 4414
3129 4143
3133 4801
3135 5200
3136 3779
3136 4646
3139 3749
3141 5533
3142 3691
3143 3657
3145 5217
3146 3645
3147 4427
3149 3476
3150 3157
3151 3411
3151 4125
3152 3767
3152 4065
3155 3532
3156 3567
3158 3402
3160 3373
3164 3649
3166 3699
3167 5661
3171 3648
3173 5341
3175 4332
3178 3523
3178 3660
3178 5635
3180 4103
3180 4166
3182 4037
3183 4771
3185 3212
3185 3905
3186 3327
3187 3224
3190 3831
3190 4069
3191 3786
3191 5506
3193 3927
3194 3858
3197 4384
3199 5300
3200 4971
3200 5264
3201 4481
3202 5709
3205 5557
3206 4029
3206 4064
3207 5543
3209 3759
3209 4915
3210 3958
3210 4500
3212 3492
3212 4509
3215 4013
3216 3281
3216 4905
3216 5164
3218 4418
3221 4725
3222 3593
3225 4280
3226 4862
3226 5013
3227 3689
3227 4420
3230 5279
3234 3572
3234 4144
3237 3252
3238 3976
3238 4531
3238 4672
3241 3770
3241 3805
3242 3559
3242 5129
3245 3634
3245 4367
3246 3389
3248 4635
3249 5345
3250 3641
3250 4157
3250 4341
3254 4655
3254 4706
3256 3367
3257 3983
3257 5127
3260 3825
3263 4090
3264 5707
3265 3669
3267 4772
3268 4238
3273 4276
3273 5469
3274 3829
3275 4813
3276 4354
3279 3833
3280 3878
3282 3832
3287 3848
3291 3423
3299 4071
3299 4301
3302 3879
3308 5667
3310 4702
3310 5694
3311 5348
3313 5198
3314 5520
3315 4303
3315 4393
3315 5116
3318 5717
3320 4224
3322 3470
3323 4521
3323 5137
3326 4086
3327 3349
3332 4821
3334 3783
3334 4675
3335 3413
3335 4405
3337 4396
3340 3925
3345 3668
3347 3369
3347 3403
3347 5679
3348 3353
3348 3633
3349 4882
3349 5075
3351 4998
3352 3528
3354 3631
3355 3364
3355 3841
3356 3603
3356 3722
3369 4761
3370 5615
3372 4152
3372 5608
3375 3683
3378 4507
3380 3557
3382 4726
3382 4817
3383 4024
3384 3426
3387 3855
3388 5121
3389 4921
3390 3590
3390 4312
3391 4320
3397 5545
3398 3576
3399 4027
3401 3952
3402 4967
3404 4528
3404 4763
3406 4621
3406 5320
3406 5498
3407 3891
3407 5332
3412 3643
3414 3478
3418 5064
3418 5369
3421 4153
3421 5253
3424 4169
3424 4874
3424 4975
3425 4383
3426 5055
3427 3914
3434 4240
3434 4780
3435 5416
3437 3685
3438 3801
3439 5612
3441 5234
3442 3808
3442 5452
3443 3910
3444 4181
3446 4445
3447 3987
3447 4969
3453 3654
3453 3696
3455 5029
3458 4465
3460 4382
3460 4589
3461 4349
3464 3862
3468 4310
3475 4619
3480 4736
3482 4021
3483 5538
3485 4229
3490 5232
3491 3918
3494 4786
3494 5658
3495 4532
3496 5432
3498 3997
3503 3607
3506 5045
3508 4699
3511 4663
3513 5359
3514 3806
3527 3726
3530 4049
3530 4643
3531 3963
3531 5441
3532 5388
3533 3725
3536 4431
3537 4900
3537 4952
3538 3859
3538 4636
3540 4953
3542 4957
3543 4868
3544 5467
3547 4439
3553 5291
3554 5581
3556 4566
3557 5230
3559 3745
3565 4538
3566 3940
3568 4068
3570 4829
3570 5196
3575 5438
3576 4443
3577 4561
3583 4311
3589 4242
3591 5205
3593 4104
3595 4610
3596 3647
3596 4982
3597 4827
3597 4860
3598 4243
3602 4628
3604 4117
3609 3815
3614 4083
3615 4690
3618 4070
3621 3772
3623 3768
3625 4155
3625 4823
3626 4344
3627 5429
3628 3821
3628 4279
3635 4223
3643 3906
3645 3787
3649 5173
3650 4315
3654 5651
3657 3899
3660 5680
3661 4947
3663 5673
3665 4683
3666 5649
3672 4165
3675 4347
3678 3864
3679 4717
3680 5088
3683 5324
3684 4374
3685 5048
3685 5161
3687 3989
3688 3882
3689 4745
3689 5005
3691 5370
3698 3943
3698 4937
3700 4392
3704 5559
3709 5727
3711 5712
3714 5353
3716 4330
3719 4995
3721 5508
3723 5272
3728 4758
3728 4898
3731 3934
3734 4617
3735 5133
3737 3961
3740 3837
3740 4450
3740 5275
3743 4912
3744 3970
3744 5720
3745 5338
3747 4262
3748 4464
3748 5571
3749 4204
3752 5654
3754 5662
3757 4359
3757 4411
3758 3902
3761 4022
3761 4306
3761 4376
3763 4546
3764 4285
3764 4661
3764 4838
3766 4665
3770 4770
3772 5150
3772 5186
3783 5334
3786 5620
3789 4831
3791 4194
3798 5692
3800 4948
3801 5099
3807 4158
3818 4751
3822 5051
3824 5158
3826 3845
3826 4627
3827 3884
3829 5522
3830 5352
3834 5106
3838 4895
3843 4059
3846 3968
3847 4597
3848 4008
3851 3999
3852 3888
3863 4583
3863 4910
3868 4704
3878 4637
3883 5659
3885 4909
3888 4353
3895 4741
3897 4352
3909 4050
3916 4159
3916 5701
3917 4032
3920 5224
3921 5304
3926 4857
3928 4928
3930 3992
3931 4205
3932 5174
3939 5464
3941 4514
3943 4269
3943 5428
3945 5409
3954 5393
3959 3966
3962 5585
3963 4644
3967 4288
3969 4555
3970 3980
3970 4634
3971 5610
3972 4789
3978 4578
3980 4245
3981 4459
3981 4908
3987 5685
3989 4612
3989 5094
3994 5071
3995 4491
3995 4692
4002 5516
4003 4495
4009 5302
4010 4399
4013 4334
4013 4602
4015 4184
4016 4256
4019 4385
4023 4858
4025 5588
4026 5148
4031 4295
4043 4511
4053 4073
4053 4942
4053 5080
4057 4247
4061 4206
4075 4455
4077 4410
4081 4944
4089 5577
4091 5079
4094 4323
4099 4478
4099 4660
4102 4773
4103 4357
4108 4870
4114 4718
4115 4490
4122 4307
4128 4217
4128 5020
4138 5646
4140 4147
4140 4379
4140 5157
4144 4284
4148 4757
4148 4927
4154 4755
4156 4324
4159 5060
4163 4756
4164 5136
4167 5211
4174 5458
4179 4787
4181 4417
4185 5404
4190 5093
4193 4552
4197 5274
4200 5139
4201 4542
4204 4246
4205 5713
4207 4713
4208 5207
4212 4752
4227 4548
4231 4843
4233 4499
4233 4501
4233 5378
4235 5015
4238 5228
4241 4596
4242 4372
4243 5435
4249 4449
4252 4503
4253 5165
4255 4845
4256 5590
4257 4549
4259 4693
4265 5169
4266 4460
4266 4519
4269 5690
4271 5632
4272 5640
4276 4853
4283 5293
4283 5425
4284 4540
4289 5488
4290 4525
4291 4562
4293 4429
4295 4343
4297 5418
4301 4437
4305 4543
4306 5583
4309 4526
4311 4412
4311 5050
4313 4510
4330 4539
4332 4605
4336 4788
4337 5103
4339 4502
4341 5375
4343 5594
4344 5691
4352 4409
4352 4479
4352 4943
4361 4867
4363 5162
4371 5523
4374 5578
4392 5540
4395 5314
4395 5618
4396 5642
4399 5036
4403 4579
4406 4625
4408 5322
4412 5297
4417 4669
4421 5491
4425 5008
4425 5309
4425 5476
4428 5059
4429 4861
4436 4712
4437 4803
4440 5548
4441 5556
4442 4482
4446 4852
4457 4608
4457 5645
4461 4902
4461 5070
4462 4701
4464 5229
4465 5316
4466 4859
4467 4536
4471 5014
4473 5295
4474 5407
4483 4794
4484 4925
4486 5549
4489 5376
4491 5047
4492 4842
4498 5155
4498 5172
4500 5420
4509 5609
4511 5254
4516 4798
4520 4914
4522 4564
4526 5231
4532 5529
4534 4645
4547 5017
4550 4762
4550 5337
4552 5301
4553 4766
4563 4760
4565 4723
4570 4901
4570 5239
4570 5700
4574 4864
4576 4658
4577 5083
4581 4722
4586 4935
4590 4601
4591 4790
4611 5440
4614 5625
4620 5656
4629 4923
4633 4720
4643 4880
4643 5621
4644 4913
4644 5569
4653 5284
4663 4904
4669 5486
4670 5310
4677 5507
4681 4950
4685 4989
4708 5329
4717 5714
4725 5619
4731 5399
4733 4847
4746 5269
4746 5579
4747 5493
4749 5532
4756 4814
4758 5414
4761 4966
4761 5541
4770 4834
4786 5109
4804 5313
4806 5354
4821 5670
4825 5053
4825 5122
4828 4840
4830 5189
4836 5181
4839 5597
4840 5576
4842 5283
4843 5326
4844 4973
4846 5669
4854 5482
4856 5365
4868 5461
4869 5455
4873 5447
4878 4886
4885 5081
4892 5449
4898 5308
4904 5325
4909 5551
4910 4980
4911 5564
4912 5175
4912 5603
4913 5362
4936 5296
4941 5607
4976 5499
4982 5448
4983 4996
4984 5019
5007 5290
5018 5176
5027 5483
5036 5604
5037 5130
5041 5128
5042 5271
5043 5693
5049 5193
5050 5114
5058 5433
5058 5518
5064 5067
5079 5319
5085 5203
5088 5252
5099 5471
5103 5306
5105 5194
5106 5459
5108 5303
5111 5601
5115 5294
5118 5289
5131 5147
5138 5519
5139 5330
5171 5423
5173 5535
5186 5511
5193 5726
5195 5434
5203 5398
5211 5553
5227 5494
5232 5374
5260 5513
5274 5524
5281 5436
5283 5502
5292 5539
5302 5527
5329 5505
5353 5426
5369 5623
5384 5485
5397 5534
5404 5490
5425 5496
5426 5439
5453 5477
5470 5537
5502 5696
5510 5689
5517 5703
5527 5636
5560 5702
5572 5711
