1047 566
1 2
1 3
1 4
1 14
1 48
1 65
1 92
1 139
1 160
1 357
2 5
2 10
2 27
2 127
3 17
3 68
4 6
4 8
4 15
4 19
4 202
4 600
5 7
5 13
5 29
5 328
5 660
5 883
6 9
6 11
6 33
6 43
6 909
6 923
7 24
7 26
7 57
7 387
8 12
8 20
8 30
8 60
8 89
8 222
8 302
8 483
9 36
10 34
10 56
10 305
11 53
11 67
11 101
11 109
11 153
11 162
11 257
11 258
12 35
12 221
12 344
12 529
13 16
13 22
13 41
14 18
14 58
14 71
14 313
14 354
15 117
16 23
16 395
16 519
17 37
17 38
17 287
17 324
17 470
17 533
18 141
18 492
19 31
19 45
20 21
20 40
20 142
20 388
20 502
21 28
21 170
21 453
21 455
21 537
21 557
22 90
22 269
22 813
23 32
23 70
23 196
23 273
24 25
24 107
24 112
24 204
24 228
25 110
25 465
25 677
25 775
25 1044
26 247
26 396
26 648
26 674
26 953
27 85
27 252
27 391
27 400
28 42
28 152
29 49
29 248
29 939
30 93
30 106
30 137
30 146
30 296
30 333
30 685
31 129
31 307
32 39
32 61
32 213
32 578
33 131
34 54
34 55
34 84
34 123
34 161
34 208
35 47
35 74
35 114
35 171
35 415
35 459
36 46
37 199
38 80
38 104
38 178
38 226
38 286
39 44
40 51
40 165
40 369
41 82
41 163
41 185
41 261
41 288
42 64
42 87
42 150
42 423
42 596
42 894
43 91
43 94
43 510
44 124
44 158
44 361
45 50
45 256
45 646
46 52
46 72
46 225
47 73
47 76
47 97
47 167
47 232
48 581
49 155
50 59
50 63
50 119
50 151
50 517
50 522
50 738
50 832
50 1026
51 62
51 75
51 77
51 447
51 491
52 78
52 98
52 132
52 231
52 240
53 136
53 488
53 760
54 83
54 86
54 120
54 148
54 329
54 466
55 143
55 156
55 461
55 719
55 856
56 96
56 238
57 210
57 472
57 709
58 66
59 188
59 218
59 745
60 588
60 635
61 794
62 289
63 237
63 1002
64 259
64 362
64 765
64 884
65 430
65 464
66 147
66 293
66 867
66 912
67 121
67 149
67 227
68 69
68 103
68 427
68 993
69 220
70 622
70 699
71 134
71 284
71 319
71 690
72 88
72 102
72 190
73 81
73 95
73 1007
74 99
74 781
74 850
74 1046
75 125
75 191
77 489
77 637
77 824
78 79
78 274
78 810
79 105
79 212
79 436
79 559
79 694
81 100
81 157
81 353
81 569
81 624
81 838
82 279
82 340
82 726
82 767
82 772
83 233
84 115
84 128
85 647
85 895
86 460
86 486
87 113
87 515
89 214
89 612
90 122
90 979
91 177
91 355
91 720
92 567
93 108
93 168
94 126
94 219
94 513
94 848
96 853
98 135
98 164
98 566
99 173
99 403
99 630
100 187
100 330
100 830
101 181
101 203
101 773
102 451
102 652
103 337
103 1004
104 809
105 183
105 200
106 266
107 249
107 642
107 1003
108 463
108 602
108 812
109 111
109 331
111 267
111 312
111 625
112 336
112 347
112 448
112 724
113 194
113 349
113 920
114 116
114 118
114 375
114 669
114 911
115 276
115 604
115 798
116 138
116 244
116 308
116 842
117 144
117 730
118 140
118 317
118 623
119 130
119 172
119 264
119 285
119 291
119 442
119 667
120 205
120 434
120 678
122 133
122 988
123 989
124 159
124 326
124 335
124 342
124 386
124 500
127 343
127 490
127 651
128 402
128 409
128 473
128 714
129 154
129 574
130 176
130 797
131 280
131 479
133 283
133 941
134 268
134 516
135 166
135 916
136 610
136 739
137 462
137 551
138 290
138 316
138 835
141 408
141 680
141 890
142 365
143 620
144 145
144 705
144 790
145 352
145 422
145 643
145 718
146 372
146 383
146 560
146 981
147 398
148 193
148 541
148 657
149 180
149 443
150 216
151 186
151 195
151 644
151 753
151 802
151 887
152 320
152 761
153 784
154 270
154 380
154 568
154 985
156 182
156 429
156 877
157 192
157 421
157 439
158 229
159 209
159 239
159 621
159 692
159 1034
161 250
163 282
165 175
165 292
165 298
165 363
166 174
166 397
167 404
168 169
168 309
169 197
169 851
169 904
169 1015
170 763
171 184
172 223
172 242
172 837
173 179
173 201
173 224
173 294
173 438
173 827
174 198
174 345
174 1000
175 243
175 322
175 325
175 495
175 592
176 241
176 314
176 948
177 484
178 299
179 311
180 189
180 350
180 575
181 215
181 332
182 211
183 550
184 536
184 629
185 234
185 445
185 736
185 814
186 275
186 754
188 590
188 902
189 230
189 984
190 253
190 414
190 512
190 820
191 277
191 346
191 358
191 407
191 683
192 207
193 278
194 206
194 321
194 359
194 499
195 928
196 446
196 601
197 497
197 728
198 476
199 315
199 384
200 381
201 297
201 509
201 1005
202 245
202 393
203 534
204 382
204 432
205 405
205 412
207 217
207 271
207 940
208 235
208 399
208 417
208 579
209 828
210 310
210 641
211 246
211 304
213 334
214 416
215 295
215 819
216 272
216 1019
218 236
218 260
218 506
219 255
219 822
222 558
224 444
224 638
225 975
225 999
229 254
229 301
230 873
230 971
230 995
231 424
232 525
233 265
233 639
236 338
236 410
237 368
238 503
239 411
240 561
240 571
240 716
241 795
242 695
243 986
245 262
245 866
246 426
246 818
248 251
248 756
249 373
249 872
250 547
250 938
251 493
251 1042
252 897
253 263
255 394
256 323
258 585
259 341
259 351
259 435
260 428
261 449
261 564
262 742
264 318
264 666
265 693
266 281
267 433
267 555
267 959
269 593
271 480
272 511
272 599
272 834
273 626
277 737
278 367
278 377
278 755
279 306
279 605
279 957
280 364
281 501
281 524
281 845
282 618
282 945
283 379
283 634
284 300
284 543
287 371
287 607
288 973
291 494
293 713
293 950
294 385
294 650
294 1008
295 689
296 535
297 413
297 770
298 589
300 583
302 303
305 327
306 649
306 788
306 849
306 885
306 977
308 645
308 874
309 425
309 606
310 836
311 339
311 366
311 478
312 389
313 440
315 668
316 374
316 468
318 731
318 1043
319 420
322 594
322 935
324 636
325 823
326 546
326 735
329 450
331 390
331 673
332 613
332 879
333 725
334 360
336 530
336 563
339 539
340 376
342 348
346 507
346 888
348 356
351 370
353 406
353 496
353 611
353 708
355 896
357 457
358 378
359 487
359 576
360 418
361 869
365 401
367 616
368 554
369 505
369 580
370 786
373 778
373 787
375 538
376 437
376 958
377 929
378 703
379 454
380 545
381 752
381 776
383 631
383 715
385 1033
386 441
386 876
389 664
389 980
391 392
392 717
393 419
393 514
396 526
398 452
398 598
399 617
399 917
400 458
401 740
401 751
401 962
402 572
403 764
404 586
406 665
406 931
408 697
409 655
411 467
411 702
411 785
412 994
413 527
414 542
414 549
414 723
414 821
415 528
417 628
418 471
418 608
421 431
421 475
421 682
421 1012
422 498
422 659
423 615
423 990
424 481
424 553
426 469
426 944
426 969
428 747
429 482
429 662
431 936
433 846
437 504
439 811
440 474
440 577
442 587
444 684
444 733
446 456
448 485
451 882
456 854
457 540
457 774
458 573
459 532
460 520
460 556
461 477
464 734
464 782
465 951
467 544
467 816
468 886
469 672
472 759
472 924
474 768
475 595
476 800
477 508
477 518
477 729
479 686
480 1037
482 833
484 921
485 548
486 750
487 918
488 743
492 658
494 661
494 701
496 769
497 609
498 801
499 991
500 799
502 654
503 1035
504 562
504 937
507 531
508 521
509 656
509 791
511 789
512 696
512 710
512 1045
513 619
513 671
515 603
517 711
517 741
518 972
519 627
520 744
520 779
521 523
521 861
522 933
523 868
527 815
529 597
529 793
530 552
530 582
533 903
534 893
535 1031
536 748
537 858
539 847
541 584
543 976
543 1040
545 1001
547 679
547 698
551 681
552 632
555 633
556 653
556 1021
559 570
559 706
561 707
561 1036
563 670
564 565
565 1020
566 864
567 663
568 687
569 899
569 925
578 855
587 591
590 954
594 614
597 955
598 704
604 987
606 803
607 865
609 860
611 640
618 1013
629 688
630 1011
632 829
633 766
634 783
635 804
639 762
645 700
645 1025
648 964
653 992
655 805
657 839
657 1022
659 1006
662 905
663 960
665 691
666 817
667 930
668 676
668 727
669 880
670 757
671 675
671 807
672 722
675 840
675 881
676 746
677 908
677 1024
683 826
683 857
688 780
689 910
692 758
693 1017
694 841
694 996
698 914
698 922
700 712
700 878
701 946
704 1014
710 721
710 808
718 862
719 796
722 956
723 906
725 1039
726 870
729 732
735 982
737 892
738 792
743 777
747 749
747 806
749 771
752 913
753 1038
754 1028
756 967
757 1030
761 901
767 943
768 875
771 1027
773 889
780 952
781 871
785 831
786 843
788 844
793 942
798 927
803 983
813 900
814 1009
820 825
825 974
832 863
836 919
845 852
847 949
849 859
849 891
852 907
855 932
859 978
862 915
865 898
866 1018
869 970
872 998
886 926
896 947
897 997
901 934
902 966
915 963
920 965
936 1047
943 961
946 968
961 1041
980 1029
985 1010
988 1016
1022 1023
1022 1032
