645 246
1 2
1 3
1 15
1 53
1 164
2 4
2 17
2 21
2 252
2 406
3 42
3 107
3 182
3 386
4 5
4 7
4 9
4 18
4 23
5 6
5 26
5 124
5 130
5 137
5 333
5 461
6 8
6 12
6 41
6 78
6 216
6 250
7 14
7 24
7 131
8 10
8 16
8 37
8 99
8 108
8 110
8 196
8 296
9 11
9 13
9 28
9 129
9 191
9 292
9 631
10 31
10 36
10 73
10 268
11 48
12 19
12 20
12 35
12 236
12 410
12 443
13 22
13 58
13 96
13 285
13 306
13 401
13 407
14 62
14 89
14 309
14 425
15 43
15 557
16 32
16 482
16 496
16 599
17 92
17 220
17 585
18 55
18 63
18 80
18 104
19 25
19 34
19 46
19 52
19 93
19 352
20 30
20 117
21 40
21 68
21 91
22 64
22 390
22 434
22 536
23 132
24 44
24 144
24 313
24 396
24 517
25 27
25 33
25 39
25 56
25 61
25 74
25 259
25 294
25 330
25 372
26 174
26 265
26 298
27 29
27 54
27 79
27 202
27 221
28 66
28 67
28 88
28 283
29 49
29 50
29 57
29 90
29 341
30 45
30 59
30 95
30 101
30 139
30 394
32 38
33 184
33 264
33 358
33 393
33 486
34 314
34 448
35 125
35 200
36 60
37 47
37 206
37 218
37 308
37 337
37 545
38 106
38 231
39 103
39 223
40 76
41 83
41 324
41 416
41 421
41 541
42 82
42 85
42 102
42 134
42 163
42 636
43 65
43 172
44 370
45 51
45 75
45 179
45 379
46 71
46 165
47 322
47 449
48 86
49 169
49 466
49 612
50 69
50 514
50 534
51 97
51 261
52 81
52 128
52 171
52 299
52 621
53 278
53 499
53 503
55 120
55 349
55 436
56 118
56 198
57 70
58 490
59 105
59 321
60 111
60 168
61 197
61 212
61 286
61 522
63 77
63 146
63 228
67 194
67 566
68 72
68 155
70 183
70 247
70 254
70 593
71 187
72 475
72 633
73 84
73 98
73 116
73 291
73 317
74 94
76 224
76 226
76 240
77 87
77 170
77 178
78 213
78 342
78 453
78 595
79 115
80 157
80 266
80 403
82 112
83 109
83 123
83 151
83 304
83 338
84 195
84 270
84 293
84 591
85 133
85 467
86 150
86 234
86 340
87 162
88 188
88 366
88 426
89 126
89 148
89 463
91 199
93 211
93 452
95 100
95 114
96 152
96 225
97 121
97 204
97 260
98 143
98 203
98 381
98 438
100 190
100 201
101 363
101 489
102 305
103 500
104 141
104 158
104 384
105 113
105 620
106 209
106 300
106 476
107 154
108 119
108 142
108 257
110 177
110 215
110 374
112 135
112 160
112 263
113 282
114 140
116 138
116 253
116 323
116 510
116 627
117 122
117 525
117 567
118 227
119 288
119 297
119 440
121 173
121 450
122 147
123 127
123 290
123 327
123 356
126 271
127 192
127 544
128 156
128 359
129 167
129 310
129 382
130 427
131 246
131 275
131 504
131 610
132 353
132 584
133 409
134 136
136 561
137 471
138 302
138 380
139 245
140 159
140 210
140 586
141 402
142 205
143 145
143 193
143 400
144 208
144 244
145 350
146 176
146 181
146 629
147 149
148 161
148 483
149 153
149 186
149 230
150 413
151 214
151 375
153 433
155 217
155 242
155 251
155 345
155 368
155 377
155 435
158 243
158 258
160 166
160 175
162 180
162 637
163 423
163 575
164 241
164 361
165 383
166 256
166 295
169 189
169 249
170 404
171 516
172 255
173 388
173 430
174 351
175 431
176 316
177 281
178 276
178 414
179 185
179 272
181 616
182 354
184 269
187 207
187 219
189 238
189 397
189 432
190 334
192 367
193 289
193 335
196 506
198 222
199 248
200 498
202 487
203 389
204 415
205 262
207 277
208 492
210 613
211 235
211 237
211 280
211 376
211 511
211 547
212 274
212 573
213 572
213 592
214 279
216 355
216 387
218 371
220 456
221 320
222 424
224 328
226 362
227 232
227 392
228 229
228 513
229 284
230 464
231 233
231 411
232 273
233 444
234 617
235 239
235 635
236 481
236 622
239 336
239 615
240 332
240 451
241 442
241 458
243 480
244 405
245 549
246 318
246 395
247 603
248 473
249 307
250 495
250 578
252 560
253 365
255 267
255 538
256 420
259 447
260 607
262 564
263 329
263 446
264 429
265 582
269 311
271 303
271 312
271 399
271 548
272 408
273 539
274 455
274 597
276 319
277 348
279 301
279 494
280 287
280 507
280 581
282 339
282 590
282 602
291 568
292 529
293 535
294 417
296 360
297 325
297 369
302 343
302 346
305 385
306 596
307 315
307 478
308 479
308 518
309 628
311 344
311 485
316 326
317 520
317 611
319 587
320 347
320 491
320 556
320 580
324 625
325 488
326 459
327 497
328 331
330 364
330 378
330 472
330 474
330 540
332 391
332 565
334 373
334 470
334 519
335 439
342 502
342 618
343 601
345 468
345 604
346 357
347 645
348 460
349 437
350 398
352 559
353 441
360 641
368 537
371 412
376 555
377 579
378 558
382 574
384 419
387 571
388 508
391 422
393 553
397 505
398 418
399 515
403 428
403 639
404 445
406 530
410 594
411 524
416 465
416 531
417 546
424 454
424 552
426 457
431 469
433 598
436 589
437 523
437 588
437 642
441 605
446 576
451 528
452 626
453 462
457 477
459 484
459 551
465 501
470 569
470 570
471 563
473 644
475 543
476 526
481 532
482 512
483 606
485 493
485 619
487 533
496 542
500 630
505 550
506 554
508 509
510 527
515 521
523 614
532 577
535 562
546 600
549 583
559 608
570 638
571 609
571 623
576 632
586 634
591 643
608 624
631 640
