5797 3665
1 2
1 16
1 17
1 39
1 76
1 83
1 592
1 2496
1 3806
1 4017
1 5698
2 3
2 4
2 5
2 11
2 77
2 833
2 4447
3 7
3 56
3 154
3 244
3 515
3 520
3 1165
3 2122
3 5015
4 18
4 24
4 43
4 50
4 407
4 656
4 699
4 748
4 882
4 923
4 2954
5 6
5 20
5 46
5 48
5 60
5 286
5 1227
5 1542
6 13
6 15
6 304
6 366
6 2687
6 3607
7 8
7 10
7 12
7 14
7 135
7 139
8 9
8 35
8 62
8 462
8 1510
8 2788
8 3259
9 25
9 36
9 47
9 333
9 697
9 4694
10 23
10 137
10 182
10 493
10 569
10 983
10 3078
10 3247
10 4595
11 101
11 106
11 119
11 192
11 471
11 1180
11 1294
11 2577
12 37
12 69
12 168
13 53
13 58
13 1366
13 1753
13 4268
14 28
14 45
14 71
14 126
14 152
14 361
14 412
14 546
14 960
15 72
15 782
15 2020
16 84
16 105
16 155
16 197
16 327
17 19
17 68
17 184
17 202
17 229
17 414
17 2056
18 64
18 108
18 3133
18 3991
19 27
19 38
19 117
19 295
19 1645
20 21
20 22
20 31
20 41
20 100
20 394
20 622
20 3434
20 3967
20 5125
21 86
21 115
21 123
21 138
21 278
21 461
21 2896
21 2992
21 3177
22 26
22 32
22 34
22 193
22 307
22 2231
23 44
23 194
23 508
23 532
23 615
24 42
24 55
24 102
24 110
24 146
24 188
25 29
25 57
25 95
25 377
25 512
25 518
25 679
25 911
25 2769
26 40
26 54
26 89
27 30
27 1903
27 5278
28 52
28 66
28 81
28 335
28 2379
28 2565
28 5117
29 33
29 63
29 449
29 1256
29 5642
30 621
30 1274
31 67
31 90
31 103
31 176
31 219
31 982
31 1504
31 1866
31 2816
31 3700
32 336
32 2688
33 85
33 301
33 383
33 1005
33 2748
34 87
34 346
34 527
34 3633
34 4388
35 243
35 722
35 1401
35 2097
36 99
36 319
36 1532
36 4855
36 5470
37 104
37 446
37 635
37 892
37 1791
37 2385
37 4980
37 5514
38 75
38 94
38 127
38 191
38 689
38 1187
38 1773
38 2213
39 49
39 59
39 140
39 302
39 363
39 494
39 707
39 1261
39 1575
39 4185
40 150
40 1436
40 2184
40 5087
41 73
42 410
43 74
43 107
43 131
43 209
43 217
43 1159
43 5491
44 565
44 1270
44 1334
44 5592
45 91
45 386
45 3729
46 70
46 944
47 434
47 606
47 872
47 1389
47 1634
47 1638
47 4945
48 232
48 762
48 909
48 2214
49 80
49 92
49 122
49 274
49 514
50 51
50 320
51 93
51 109
51 177
51 355
51 400
52 1358
52 1388
52 2399
52 2551
53 208
53 2946
54 397
54 1266
54 2427
54 3197
54 4020
55 257
55 468
55 664
55 963
55 3342
56 65
56 499
56 1386
57 561
57 1457
57 3439
57 3575
58 829
58 836
58 1011
58 2179
59 212
59 660
59 976
59 2266
59 3955
59 4609
60 61
60 82
60 149
60 476
61 1163
61 1836
62 78
62 145
62 521
62 5377
63 111
63 3749
64 175
64 233
64 3129
65 218
65 247
65 780
65 2025
65 2501
66 291
66 889
66 2467
66 3630
66 4295
67 315
67 643
67 1219
67 1631
67 2012
68 79
68 128
68 268
68 280
68 684
69 112
69 528
69 655
70 134
70 791
70 1323
70 3913
71 161
71 242
71 273
71 1099
71 1339
71 1683
71 1925
71 2207
72 1101
73 121
73 136
73 153
73 296
73 555
73 1285
73 1876
74 114
74 2050
74 2366
75 1211
75 1462
76 264
76 696
76 749
76 3004
76 4652
77 267
77 358
77 418
78 118
78 141
78 328
79 130
80 234
80 381
80 777
80 802
80 907
80 991
80 2363
81 309
81 491
81 539
81 1857
81 3766
81 4601
82 279
82 505
82 1331
83 97
83 129
83 654
83 770
84 98
84 113
84 3015
85 190
85 693
85 1869
85 5113
86 88
86 120
86 221
86 240
86 751
86 1410
86 1662
86 1823
86 2672
87 180
87 311
87 374
87 384
87 932
88 133
88 186
88 837
88 1037
88 1932
89 900
90 96
90 913
90 972
90 2914
91 200
91 206
91 342
91 602
91 623
91 1503
91 3853
91 4355
91 5024
92 158
92 162
92 303
92 686
92 1300
93 207
93 225
93 548
93 828
93 973
93 1625
94 228
94 331
94 744
95 132
95 971
97 1018
98 125
98 866
98 925
98 2517
98 3104
98 4137
98 5522
99 430
99 784
99 2246
99 2420
100 211
100 288
100 517
100 4304
101 183
101 503
101 4064
102 854
102 864
102 2570
104 142
104 167
104 245
104 271
104 554
104 2984
105 148
105 663
105 988
106 173
106 195
106 458
106 843
106 845
106 1147
106 1615
106 1661
106 1920
106 3435
106 3536
106 5046
107 198
107 223
107 371
107 1286
107 2152
108 169
108 1117
109 326
109 488
109 918
109 1771
109 3470
110 224
110 369
110 1014
110 4698
111 160
111 277
111 2773
112 116
112 344
112 1432
112 1936
112 2073
112 2682
112 2740
113 1402
113 5111
114 124
114 329
114 391
114 524
114 1641
114 5276
115 174
115 379
115 850
115 1029
115 1354
116 855
116 1325
116 2076
116 3193
116 4060
117 330
117 392
117 2777
117 2883
118 181
118 187
118 2619
119 165
119 550
119 883
119 956
120 222
120 258
120 3002
120 3241
121 282
121 310
121 969
121 2125
121 3273
121 3888
121 5552
122 151
122 5220
122 5378
123 375
123 691
123 879
123 1145
124 269
124 543
124 985
124 1026
125 254
125 1095
125 1350
126 213
126 214
126 834
126 1195
126 1993
126 2931
127 147
128 156
128 577
129 305
129 672
130 1247
130 2343
130 5119
131 318
131 380
131 627
131 1302
131 2614
131 3060
131 3471
132 164
133 157
133 235
133 1700
133 4111
134 560
134 1046
134 1360
134 1886
135 143
135 631
135 2376
135 5785
136 166
136 272
136 2166
136 3337
136 3652
136 4165
136 5584
137 179
138 239
138 984
138 2528
138 3045
139 766
139 858
139 2187
140 1972
140 2639
140 3583
140 5640
141 144
141 178
141 250
141 265
141 747
141 2661
142 216
142 1042
142 2240
143 204
143 205
143 1945
144 196
144 253
144 442
145 159
145 171
145 2414
146 172
146 804
146 1245
146 1405
146 4742
146 4780
147 201
147 237
147 255
147 1001
147 2771
148 231
148 571
148 1263
148 3290
149 650
149 2845
149 3506
149 3533
150 359
151 163
151 259
151 285
151 347
151 373
151 586
152 203
152 317
152 1225
152 1598
152 4551
153 185
155 417
155 675
155 1015
155 2352
155 4225
156 3141
157 170
157 332
157 789
157 945
158 596
158 1327
159 2453
159 2568
160 477
160 513
160 618
160 961
160 3183
160 3772
161 922
161 2971
161 3317
162 246
162 1044
163 3155
163 3965
164 1328
164 1378
164 3622
165 938
165 1587
165 3185
166 598
166 2734
166 2783
166 3318
166 4038
167 199
167 338
167 582
167 1071
167 1276
167 1948
167 4276
168 306
168 1398
169 350
169 354
169 563
169 826
170 189
170 640
170 790
170 2068
170 2654
171 427
171 3731
172 564
172 939
172 2243
172 3765
173 210
173 871
173 2154
173 2629
173 3038
174 220
174 365
174 811
175 230
175 1306
175 1493
175 2844
176 388
176 485
176 2111
176 4643
177 438
177 445
177 1210
177 1627
178 440
178 710
178 795
179 1776
179 5256
180 3355
181 1879
181 2468
181 3172
181 4893
181 5569
182 256
182 364
182 549
183 238
183 601
183 808
185 387
185 682
185 1305
185 2848
185 4138
186 428
186 1141
187 251
187 322
187 776
188 314
188 2752
188 2910
189 431
189 472
189 884
189 974
189 1741
189 2457
189 3481
190 283
190 4876
191 262
191 362
191 1264
192 226
192 281
192 298
192 349
192 793
192 3606
192 4972
193 215
193 284
193 452
193 639
193 1223
194 584
194 1093
194 1878
194 2574
194 4687
195 587
195 949
195 2110
195 4323
196 248
196 266
196 5237
197 294
197 680
197 1096
198 372
198 529
198 2452
198 4799
199 542
199 1362
199 1658
200 574
200 958
200 1154
200 1182
200 1298
200 2171
200 4935
201 376
201 2150
201 3883
202 289
202 389
202 2446
204 276
204 339
204 1231
204 2723
204 2892
204 3584
204 4364
205 1082
206 260
206 522
207 630
207 734
207 896
207 1326
207 1735
207 3333
207 3828
208 426
208 831
208 1314
208 3262
209 241
210 236
210 325
210 501
211 252
211 395
211 1566
212 227
212 827
212 4077
213 249
213 916
213 989
213 1845
213 2498
213 3003
214 261
214 4920
215 1620
215 3086
215 3568
215 3724
216 287
216 523
216 2470
216 3737
216 5633
217 994
218 467
218 819
218 842
218 1597
220 270
220 403
221 416
221 2022
221 2445
222 570
222 594
222 2563
222 5283
223 497
223 567
223 1380
223 4158
224 297
224 817
224 1514
224 1821
224 3147
225 275
225 479
225 511
225 653
225 1194
225 1408
225 4581
226 436
226 607
227 683
227 1471
227 2529
227 4853
228 981
228 2701
229 378
229 2008
229 3065
229 4266
230 1114
231 401
231 591
231 2102
231 2172
231 2590
231 4737
232 263
232 1142
232 1666
232 1913
232 2168
232 3203
233 382
233 385
233 519
233 4126
234 1525
235 1704
235 2515
235 3373
236 978
236 4896
237 435
237 667
237 3019
237 3382
237 3429
238 429
238 474
238 1153
238 5467
239 486
239 533
240 300
240 1463
240 1494
240 2630
241 351
241 352
241 756
241 853
241 1499
241 1612
241 1707
241 5729
242 406
242 1610
242 2153
243 466
243 498
243 616
243 2368
244 308
244 617
244 1912
244 2002
245 1028
246 367
246 490
247 290
247 1478
247 3309
247 4669
248 1186
249 299
249 356
249 694
249 1160
250 774
251 3707
251 4122
252 1874
252 4904
253 481
253 541
253 2567
254 888
254 1539
255 1809
255 2131
255 3953
256 538
256 649
256 668
257 345
257 674
257 1271
257 1672
257 1757
257 2338
257 5030
258 3228
258 4554
259 2149
260 557
260 1347
260 4603
261 441
261 547
261 1375
261 2024
261 2579
261 2818
261 3837
262 496
263 773
263 1373
263 3096
263 5262
264 321
264 626
264 763
264 5327
265 334
265 495
265 1365
265 1754
265 2994
265 3647
266 652
266 2454
267 530
267 1021
267 1130
268 293
268 1002
268 1020
268 1835
269 4545
269 4610
270 341
270 628
270 3643
270 4371
270 5608
271 313
271 760
271 946
271 1969
271 2001
272 396
273 2372
273 2835
274 590
274 695
275 608
275 1790
276 370
276 464
276 4062
277 292
277 450
277 2599
278 593
278 648
278 899
278 1174
278 2413
278 3058
278 4073
279 1724
279 2759
280 516
280 685
280 2934
280 5275
281 1914
281 3605
281 4662
282 676
283 1713
283 2236
283 2898
283 4479
284 721
284 1069
284 1604
284 1944
285 887
285 1395
286 1207
287 415
287 739
287 997
287 1090
288 424
288 562
288 3321
289 612
289 625
289 1974
289 3512
290 487
290 840
290 5158
290 5323
291 1687
291 2557
292 1118
292 1215
292 2089
292 2825
293 585
294 420
294 465
294 4089
295 432
295 558
295 1419
296 753
296 3446
296 4999
297 433
297 633
297 1417
297 2636
298 455
298 830
299 448
299 779
299 928
299 1083
300 324
300 629
300 709
300 1635
300 3812
301 723
301 1013
301 1181
302 316
302 348
302 454
302 4788
303 1682
303 3393
304 2195
305 2023
305 3305
305 3539
305 4953
306 312
306 402
306 730
307 337
307 492
307 3151
307 4395
308 809
308 1506
308 2403
309 792
310 443
310 659
310 1137
310 1308
311 323
311 368
311 463
311 2390
312 1074
312 1242
312 1865
312 2730
312 3297
313 597
313 933
313 1221
314 545
315 2370
316 544
316 935
316 1098
316 1409
316 1668
317 1488
318 4193
320 357
320 390
320 4543
321 437
322 506
322 1291
323 1793
323 4466
323 5792
324 754
324 998
325 1415
325 4574
326 794
326 1406
326 2347
326 4019
327 398
327 759
327 1578
327 2625
328 393
328 2776
329 556
329 613
329 1233
329 1299
329 5239
330 439
330 3969
330 4958
331 742
331 1047
331 1738
331 4114
331 4353
332 421
332 510
332 952
332 2303
332 3705
332 4777
333 1091
333 1170
333 2408
334 456
334 903
334 2480
335 343
335 634
336 340
336 953
336 1756
336 4227
337 404
339 1390
340 423
340 460
340 1228
341 642
341 1115
342 716
343 353
343 1446
344 4301
345 447
345 1282
345 1392
345 5309
346 3861
346 5341
347 408
347 677
347 934
347 1000
348 1319
348 4815
349 1232
349 2169
349 4879
350 669
350 781
350 1636
351 360
351 1599
351 2437
351 2750
352 451
352 526
352 698
354 1139
354 1505
354 1685
355 1927
356 502
356 507
356 1639
356 1755
357 411
357 644
357 727
358 1059
358 1656
359 535
359 536
359 632
359 806
359 1201
359 2675
359 4150
360 588
360 3564
360 3992
360 5062
361 700
361 835
363 735
363 3611
364 737
364 1116
364 2297
365 1534
365 2178
366 1258
366 1736
366 2265
366 5460
367 1030
367 1825
367 1906
367 2473
367 3869
368 1214
368 3347
369 425
369 1632
369 2044
369 5189
370 897
370 2118
371 977
372 875
372 1033
372 1887
372 2444
372 3136
373 405
373 2486
374 906
374 1131
374 2286
374 2950
374 4678
375 568
375 1336
375 1547
375 2046
375 2895
376 1954
376 2315
376 2431
376 3097
376 4230
376 5513
377 901
377 2865
377 2939
378 666
379 824
379 955
380 413
380 1332
380 1424
380 1486
380 2900
381 1265
381 4086
382 399
382 419
382 940
382 5246
383 422
383 1894
384 1100
384 2605
385 970
385 1051
385 1477
386 847
386 4834
388 638
388 1171
388 3978
389 459
389 537
389 1122
389 2288
390 890
391 645
391 2828
392 1280
392 1290
392 1447
392 1785
392 1947
392 2947
393 1603
394 469
394 482
394 2324
395 1565
395 2079
395 4955
396 473
396 603
396 980
396 1519
396 1896
396 4377
396 5406
397 566
397 641
397 851
397 2863
397 4363
398 409
398 457
398 470
398 750
398 2289
398 4490
399 671
399 715
399 1335
399 5626
400 736
400 1315
400 1859
402 1619
403 2456
403 2485
405 3912
406 1066
406 2217
407 540
407 2337
407 2492
409 534
409 1313
409 1416
409 4839
409 5321
410 878
410 2161
410 2832
411 480
411 1726
411 5295
412 771
413 881
413 898
413 999
413 1837
413 1908
413 4831
414 2434
415 636
415 647
415 1710
416 662
416 1357
417 657
417 2581
417 3016
417 4586
417 5198
418 914
418 2059
419 690
419 1129
419 1430
419 1946
420 4400
421 2550
421 2698
422 1097
422 1136
422 4204
423 453
423 4253
423 5755
424 1830
424 4781
425 820
426 1348
426 2483
426 2621
427 681
427 799
427 1025
427 2105
430 957
431 661
433 483
433 891
433 2958
434 478
434 531
435 3188
436 2212
437 814
437 1133
438 572
438 2820
440 1138
441 444
441 1303
441 1397
441 2924
441 4079
441 4477
442 4795
442 5690
444 3872
445 788
445 2671
445 3299
445 5343
447 2655
447 2686
447 5045
448 772
448 2601
449 1770
450 525
450 646
450 905
451 551
451 1109
451 1259
451 2754
452 509
452 1087
452 1157
452 1814
452 3618
453 504
453 3722
454 3669
455 1177
456 484
456 2739
457 1848
457 4238
458 1491
458 1536
459 553
459 1038
459 2592
459 3105
460 725
460 1667
460 4878
461 3524
462 581
462 927
462 3632
462 4471
463 839
463 1621
463 4291
464 718
464 1592
465 673
465 1759
465 2139
465 5143
466 2170
467 857
467 993
467 1538
467 2613
468 941
469 1567
469 1828
469 2766
470 665
470 919
470 1698
470 2969
471 637
471 800
471 5252
472 910
472 996
472 2531
473 475
473 5725
474 1943
474 3739
475 489
476 500
476 1178
476 2080
478 705
478 1364
478 1403
478 4974
480 4074
481 761
481 3263
483 740
483 1120
483 1467
483 3409
484 578
486 2580
486 2779
487 4130
488 947
488 1312
488 1393
488 1518
488 3954
489 3220
489 3269
490 987
490 4378
492 595
492 1250
493 4448
494 768
494 1121
495 2553
496 848
496 4894
497 1568
497 1611
497 2057
497 2792
498 2192
498 5543
499 1176
500 1132
500 1728
501 708
501 769
501 5082
502 728
502 867
502 5465
503 2839
503 3949
503 3964
504 2469
504 3293
505 5420
507 604
507 4440
508 3927
509 741
509 2690
510 600
510 746
510 4597
511 651
511 861
511 1630
511 4515
512 573
512 874
512 2027
513 1854
513 2282
514 1053
514 2114
514 2728
514 4210
515 1449
515 1931
515 3821
515 5164
516 1744
516 1902
517 609
517 1184
517 2018
518 726
518 968
518 1801
519 579
519 1241
519 3893
520 745
521 1112
521 4889
522 611
522 717
522 5034
523 552
523 924
523 1442
523 3499
523 4902
524 1352
524 1512
524 3041
525 778
526 575
526 783
526 1023
526 1337
526 3599
526 5014
527 975
527 1411
527 1956
527 2871
529 1369
529 2202
530 589
532 877
532 951
532 964
533 614
533 937
533 1492
533 5188
534 767
534 4542
535 786
535 2504
535 4818
535 5593
536 1134
536 1418
537 2696
537 3582
538 2809
539 731
539 4369
540 1058
540 1094
540 1440
540 1762
541 868
541 1307
541 1374
541 1429
541 1524
541 1862
541 2208
542 580
542 1064
542 1240
542 5265
544 895
544 1204
545 1681
545 1877
546 1563
547 583
547 775
547 816
547 2554
547 2596
547 3402
547 3675
548 678
548 1148
548 1179
548 2144
549 2252
549 5085
550 1655
551 1192
552 1584
553 885
553 1260
554 559
554 3993
554 4168
555 2006
555 4402
556 1196
557 605
557 849
557 1236
557 1577
557 2862
557 3859
557 4034
557 4071
558 714
558 1425
559 624
560 2981
561 838
561 1484
561 3028
562 1004
562 1156
563 5273
563 5659
564 815
564 3070
565 1220
565 1961
566 1012
566 3285
567 801
567 1009
567 1485
568 1077
568 4966
569 692
569 4317
570 576
570 599
570 796
570 803
570 4162
571 1789
573 732
574 860
574 936
574 1119
574 1977
575 758
576 1031
576 1515
576 3695
577 2175
577 3139
578 1558
578 2887
578 3495
579 720
579 4891
580 929
580 2764
581 1272
581 1324
581 2155
581 3387
581 5658
582 702
582 1076
583 1268
583 1973
583 3161
585 1173
585 1740
585 3201
586 1382
586 2106
586 2316
586 3388
587 926
587 1277
587 5102
588 1024
588 1723
588 2495
588 3227
589 904
589 2032
589 5263
589 5312
591 755
591 1222
591 2519
592 942
592 2717
592 3048
593 2527
593 5709
594 610
594 2314
595 1288
595 5148
596 2916
598 1034
599 4042
600 852
600 1543
601 620
601 1998
601 2837
601 4514
602 687
602 886
602 1075
603 4637
603 4886
604 1166
604 1540
605 1489
606 1820
606 3898
607 1708
607 2049
607 3030
607 4476
608 619
609 706
609 3005
609 3665
609 5472
610 818
610 1445
611 1508
611 1609
612 863
612 4313
613 1070
613 3558
614 658
614 3781
615 798
615 3879
615 4179
616 701
616 4352
616 4550
617 1338
617 1988
617 2033
618 719
618 1351
618 1557
619 2215
619 2447
619 4848
620 712
620 1040
620 1725
620 3021
620 3540
621 704
621 1108
621 3612
622 1705
622 2145
625 2293
625 3843
625 4813
626 1623
626 2085
627 757
627 4024
627 5663
628 3389
628 4154
629 1007
631 813
631 1010
632 738
632 1052
632 1292
632 1605
632 2108
632 5627
633 1172
633 3699
634 3094
636 1719
637 859
638 713
638 1006
639 2055
639 3809
640 1529
640 1693
640 2460
642 943
642 2640
642 3948
643 711
643 2302
643 2330
644 862
644 2021
644 2091
645 807
646 1203
647 3535
648 3286
649 1089
650 1045
650 2378
650 3996
650 4756
652 4707
653 1008
653 2267
654 670
655 1561
656 3928
657 703
658 4519
659 5255
661 3551
662 950
662 1017
663 5562
664 3645
665 5115
666 1898
666 3254
666 3412
667 743
667 4948
668 1794
668 3032
668 5353
669 2206
669 2521
670 3885
671 688
671 2549
671 4630
671 4711
673 1768
674 1283
674 1580
674 3108
677 2216
677 5585
678 2377
678 4013
678 5489
679 822
679 1289
679 3595
679 5714
680 2094
681 1399
681 1847
681 2103
681 2160
681 4021
682 1469
683 1050
683 2211
683 3794
683 4532
684 1673
684 2831
684 2970
686 4380
687 2681
688 825
688 3358
688 3887
689 724
690 1614
691 2042
691 2112
691 3324
691 4701
692 841
692 1413
692 1628
692 2841
692 3527
693 1317
693 2241
693 4037
693 5064
694 1188
694 1867
694 1955
695 1868
695 4589
697 1199
697 4326
698 915
698 1158
698 2490
699 865
700 764
701 812
701 1088
701 1533
701 5594
702 873
702 1164
703 1448
703 3272
704 1296
705 948
706 870
706 2304
708 966
708 1049
709 752
709 2842
710 787
710 2237
710 4792
711 3685
711 4528
712 733
712 4726
712 5445
713 1063
713 2986
713 4495
714 1056
714 1522
714 1788
714 2063
715 3130
717 1548
717 2119
717 2897
718 931
718 1849
718 3629
719 856
719 1123
719 1589
719 2043
720 4408
721 4003
721 4758
722 823
722 1833
722 3288
722 3503
723 1391
723 1933
724 844
724 3449
724 5013
725 729
725 1984
725 2093
725 2591
726 765
726 962
726 1550
727 4392
728 1061
728 1065
728 1937
728 2245
730 805
730 1341
731 1523
731 3195
731 3770
732 810
732 2428
732 3204
733 5160
734 2676
735 1003
735 2158
735 2449
736 894
736 1293
737 1162
737 1253
737 1586
737 4405
737 4411
739 2526
740 3545
740 5308
741 4802
743 3451
744 1652
744 3460
745 1422
745 2156
745 3548
746 821
746 846
746 893
746 1262
746 1957
747 1531
747 1816
747 3117
748 1316
748 2083
748 4198
749 3405
751 1349
751 3753
752 3697
752 5291
754 1060
754 1085
754 2107
756 2210
757 797
757 921
757 967
757 5750
758 1027
758 1104
758 2943
758 3040
759 1320
759 1527
759 3306
759 3493
759 4011
760 3181
762 1169
762 3824
762 5092
763 1734
763 1909
763 2506
763 2708
763 3207
763 4218
764 785
764 1458
765 1105
765 1155
765 2250
765 2930
765 4640
766 5630
768 1198
768 1367
768 4348
771 912
771 2721
772 1496
772 3468
773 1450
774 4187
775 1330
775 1767
775 2587
775 3838
776 3251
776 5524
776 5571
777 1588
777 2432
777 3423
778 1356
778 3985
780 1255
780 1617
780 3936
781 4156
784 1885
785 880
787 1963
788 902
788 1959
788 2348
788 5715
791 1934
791 2281
791 3336
791 4986
792 2082
792 2331
792 5175
792 5236
793 1143
793 4779
793 5734
794 1372
794 1651
794 5135
794 5546
796 917
796 1103
798 2791
799 1257
799 2742
800 4152
801 876
801 2487
802 1428
802 1718
803 1368
803 3510
804 5721
805 1574
805 4107
806 1057
806 1238
807 5551
808 1980
809 1743
809 5165
810 1301
810 2180
811 832
811 1907
812 1128
812 1251
812 2617
813 1472
813 2115
814 2706
814 2977
815 869
815 2555
815 3894
817 1443
817 2067
817 2539
817 3327
817 5140
818 1113
818 1804
818 4314
819 1279
820 4622
821 1872
821 5574
823 2135
824 3791
824 4812
825 4688
826 1125
827 5253
829 1168
829 3623
829 4605
830 1206
830 2305
831 1344
831 2904
831 5610
832 1322
833 4778
834 1545
835 1019
835 3958
836 1346
836 2647
837 990
837 1355
837 1420
837 2361
838 1684
838 1858
838 5784
839 2148
839 3315
839 3416
839 5332
840 1333
840 2157
841 2120
843 2257
844 995
844 4095
846 2785
846 2793
846 3076
847 1149
848 1863
848 2177
848 3037
849 908
849 4426
850 1841
851 2336
851 2474
852 1237
852 1572
852 2901
852 4002
852 4247
853 1183
853 1999
853 5424
854 1376
854 1624
854 4852
855 1711
855 1720
857 5643
858 1084
858 2894
859 1135
860 3733
861 4510
863 954
863 1086
863 1110
863 1229
863 3763
863 3974
864 1309
864 1699
864 1787
864 5410
865 1151
865 1721
865 2255
865 4987
867 4570
867 5520
868 1055
868 2925
869 2494
870 2544
870 3561
870 3847
871 2310
873 3145
873 4837
875 930
875 2233
875 2913
876 1189
876 1321
876 1546
876 1715
877 920
877 2388
877 5527
879 1752
879 2387
880 2921
881 1490
881 2823
882 1487
882 4217
883 1185
884 2404
884 2491
884 4184
884 4947
884 5682
885 2956
885 3213
885 4502
886 1798
886 1813
886 2344
888 4048
889 3264
889 4805
890 1016
890 1150
890 1297
891 1032
892 1140
892 1769
893 1544
893 3543
893 3740
893 4579
893 5043
895 1226
895 1452
895 3484
896 1107
896 1654
896 3024
896 4700
897 1078
897 1126
897 1968
897 4093
897 5515
898 1175
898 1500
899 1200
899 4430
901 2196
902 1646
904 2248
904 5590
905 1680
905 2738
906 1205
908 1146
908 1193
908 2109
909 1383
909 1633
909 5274
911 979
911 2909
911 2973
912 3546
912 4050
913 1073
914 1480
914 4995
915 2858
915 5764
916 1035
916 2657
916 3723
917 1802
917 4730
917 5017
918 986
918 1127
918 3432
919 1509
920 1191
921 2313
921 2642
922 1039
923 2589
923 4044
923 4866
924 2270
924 2306
924 2594
925 1474
925 1644
925 2164
925 2354
926 1234
926 1834
926 2433
926 2465
927 2411
928 1601
929 3667
930 2225
930 3102
931 4468
931 4681
932 2566
932 3573
932 4031
933 1190
933 1643
933 2069
933 2205
933 2637
934 5573
937 2422
937 3621
937 4977
939 1513
939 2509
939 5005
940 2308
940 2651
941 1216
942 2852
943 2618
943 2668
943 2854
944 1664
944 2881
944 5094
944 5097
946 5637
947 2014
947 2176
947 4052
948 2923
948 4491
949 959
949 1468
950 2060
951 1345
951 1407
951 2078
952 1092
952 4345
952 5322
953 4776
954 1067
954 1412
954 3718
955 5225
956 965
957 3769
959 1243
959 1766
961 1454
962 1622
962 4329
963 1763
963 1939
965 1576
965 3303
965 4546
965 4747
966 1072
967 2005
968 4594
969 1041
969 1732
969 1853
969 3775
970 5449
970 5558
971 1080
971 2846
972 1637
973 1284
973 1579
973 2138
973 2400
973 5708
974 2140
974 2319
974 3322
976 1761
976 1997
976 3168
976 3792
976 4435
977 992
977 1062
977 1213
977 2702
978 2373
979 2222
979 4800
980 3526
981 1022
981 5052
982 1556
983 3947
983 4492
984 2280
985 3759
986 3780
986 4677
986 5422
987 1246
987 3282
990 1581
990 1607
990 3158
991 1079
991 3149
992 1498
992 3131
992 5009
992 5568
993 3219
994 2866
994 3116
994 5086
995 1068
995 1249
995 1964
996 1081
996 2309
997 3331
998 1613
1000 2488
1000 3339
1000 3356
1000 3870
1001 1453
1002 3646
1004 4181
1005 1421
1005 3194
1005 3463
1006 3479
1007 1881
1007 3289
1007 4366
1007 4541
1008 1573
1008 2423
1009 1981
1009 2134
1009 2311
1009 2888
1010 3164
1011 5123
1012 1167
1012 3721
1013 1208
1013 1209
1013 2790
1013 3487
1014 2959
1014 4801
1015 1248
1015 3490
1015 4190
1015 5567
1017 1353
1017 3500
1018 1036
1018 1043
1018 1555
1018 4480
1020 5280
1020 5281
1021 1342
1022 1537
1023 2220
1024 2666
1024 4201
1024 4539
1025 1526
1027 1774
1027 2123
1027 2350
1027 4436
1028 1701
1029 1252
1029 1856
1030 3352
1030 5538
1031 1923
1031 3023
1031 3077
1032 1600
1033 2418
1033 3833
1034 2797
1035 1451
1035 3505
1036 2729
1037 3448
1037 3620
1038 1224
1039 1275
1039 2886
1040 1343
1041 1048
1041 5196
1042 2755
1043 1695
1043 2279
1044 1054
1044 2367
1044 3314
1045 1554
1045 1979
1045 5400
1046 2086
1047 1441
1047 2578
1048 1144
1048 4434
1050 1218
1050 1278
1050 2795
1050 5728
1051 1663
1051 2147
1052 1295
1052 3042
1054 2497
1055 1106
1055 1465
1055 1582
1055 2247
1056 2972
1057 4232
1058 4847
1059 2584
1059 3614
1060 3320
1060 4915
1061 1746
1062 1481
1062 1749
1062 2285
1062 3834
1062 3938
1062 4437
1063 1812
1063 2030
1063 2559
1064 1235
1064 1473
1064 2165
1064 3562
1064 4224
1064 4930
1066 1269
1067 2964
1069 1952
1069 2884
1069 3555
1070 1951
1071 2588
1072 4617
1073 2095
1073 5144
1075 1594
1075 2264
1075 4530
1075 4604
1076 3182
1077 1426
1077 2547
1077 5510
1078 2585
1078 2597
1078 4660
1079 1748
1080 1864
1080 3278
1080 4659
1081 2011
1081 2124
1081 4142
1082 3517
1084 1124
1084 1618
1085 5375
1085 5615
1086 1197
1086 2045
1086 2349
1086 3066
1087 3710
1087 5333
1088 1739
1088 4452
1089 2988
1089 5676
1090 1516
1090 1958
1092 4068
1093 1511
1093 1893
1093 2763
1093 2919
1093 3122
1093 4078
1094 1501
1094 3832
1095 1778
1095 3371
1095 3497
1096 1989
1098 2004
1098 2054
1098 2967
1098 3018
1098 5350
1099 1427
1099 2622
1100 1111
1100 1905
1100 2334
1100 4245
1100 5324
1101 1102
1101 1152
1102 1678
1102 2482
1103 1456
1103 1507
1103 1965
1103 4548
1103 5474
1104 1310
1104 4926
1104 5108
1105 5391
1106 1476
1106 5077
1107 2221
1107 4173
1107 4432
1108 2541
1108 4623
1109 2502
1109 3156
1110 4993
1111 1674
1111 3714
1111 5791
1112 1530
1112 1875
1113 2746
1114 1591
1114 3421
1114 5601
1115 2507
1115 4103
1116 1689
1117 1796
1117 2298
1117 2391
1117 2415
1117 3660
1118 5284
1119 1244
1119 2458
1119 4244
1120 1475
1120 4438
1121 1459
1121 2359
1122 2808
1124 1404
1124 2575
1124 5644
1125 3119
1127 2524
1127 4335
1127 4427
1127 5576
1128 1273
1128 3779
1128 4043
1128 4763
1129 1254
1129 3281
1130 1363
1130 1394
1132 1202
1133 2249
1134 2259
1135 3865
1136 1455
1136 1782
1136 2173
1136 2691
1137 1502
1137 3882
1137 4344
1138 1239
1139 5022
1139 5304
1139 5492
1140 2545
1141 2113
1141 3608
1141 5075
1142 1709
1142 1967
1143 2070
1143 3639
1143 3864
1145 1551
1145 1883
1145 3525
1145 4100
1146 1161
1146 5050
1147 1212
1147 2463
1147 2493
1149 1267
1151 4178
1151 5539
1153 2269
1154 5387
1155 5104
1156 1792
1156 1799
1156 1918
1156 2907
1156 2960
1156 4379
1158 2573
1159 1840
1159 2035
1159 4128
1159 4164
1160 1570
1160 3014
1161 2037
1161 5101
1162 2429
1163 1217
1163 1826
1163 1986
1163 3341
1163 3410
1163 4258
1164 2396
1165 1281
1165 1950
1165 5496
1168 1855
1169 1602
1170 1889
1170 1983
1170 2606
1171 1361
1171 2104
1172 1760
1173 5447
1174 2009
1174 2780
1174 5429
1175 1329
1175 3226
1175 4035
1176 1470
1176 2003
1177 5084
1178 1435
1178 2704
1178 2997
1178 5669
1179 3052
1179 4428
1180 2724
1180 3427
1180 3625
1180 4829
1181 4094
1182 1729
1182 1745
1182 4153
1183 2727
1184 5242
1185 1861
1185 3430
1186 1775
1187 2558
1187 2760
1188 1606
1189 1497
1190 3473
1192 1978
1193 3567
1193 4976
1194 3650
1194 4406
1195 3541
1198 5088
1199 2745
1200 3162
1201 1921
1201 4796
1202 1230
1203 4739
1204 2932
1204 3167
1205 1311
1205 4063
1206 1423
1206 1871
1206 3709
1209 1482
1210 1553
1210 2542
1211 2136
1211 2503
1211 3909
1211 5289
1212 1717
1212 3712
1213 2693
1213 3521
1213 4106
1214 1318
1214 4135
1214 4248
1215 1880
1215 2586
1217 1359
1217 2806
1218 1688
1218 5106
1219 1377
1219 2761
1220 2571
1221 2631
1224 3438
1226 4315
1228 1642
1228 2353
1229 4682
1230 2475
1231 1564
1231 4459
1232 3554
1232 3784
1233 1535
1233 2188
1234 1696
1234 3079
1234 3114
1235 1520
1236 2412
1238 2523
1238 2810
1239 1517
1239 1629
1239 1780
1239 3998
1240 2332
1240 2628
1240 3692
1240 4025
1241 1287
1241 1702
1242 2342
1243 1559
1243 1976
1243 3214
1243 5756
1244 3741
1244 4115
1245 4228
1245 5753
1248 2514
1248 4221
1248 5672
1249 2903
1250 1595
1251 1387
1252 1371
1252 1922
1252 3257
1253 2989
1254 2426
1255 1884
1255 4644
1255 5318
1257 2564
1257 2736
1257 2948
1257 4213
1259 3850
1261 1541
1262 1657
1262 4088
1263 1460
1263 2861
1263 3296
1263 3795
1263 5214
1264 1437
1264 2533
1264 3783
1264 4176
1268 4571
1270 1385
1270 1414
1270 1714
1273 2807
1273 3107
1274 1304
1275 2084
1277 1838
1278 1616
1278 2261
1279 2371
1279 2451
1279 3359
1279 3921
1279 4085
1280 2466
1280 5156
1282 1528
1282 3571
1283 3944
1283 5364
1284 1892
1284 2010
1284 4023
1285 2961
1286 1461
1286 2598
1286 3603
1288 3367
1289 4631
1289 5150
1290 1706
1290 3962
1293 1824
1293 4664
1294 1495
1295 2393
1296 2185
1296 2360
1298 4720
1299 1660
1299 4292
1300 4320
1303 2421
1303 3170
1305 1590
1305 1852
1305 1975
1305 5053
1305 5542
1308 4786
1309 2425
1310 2595
1310 3793
1311 2707
1311 3617
1312 2653
1313 1831
1314 1808
1314 3025
1315 3127
1316 3677
1317 1483
1317 3253
1317 3483
1319 1431
1319 3734
1319 4358
1319 4552
1319 5031
1320 2101
1321 1381
1321 1647
1321 3085
1321 4007
1321 5205
1322 3728
1324 3565
1326 1803
1328 4216
1329 1340
1329 2362
1329 2744
1330 4116
1331 1648
1331 2235
1332 3594
1333 2098
1335 1569
1335 5620
1337 1990
1337 4657
1337 5065
1338 1384
1338 2181
1338 2232
1339 1583
1339 2859
1339 3890
1340 1439
1342 1549
1343 4761
1345 1444
1345 1466
1345 2029
1346 2077
1346 3148
1346 5228
1347 1370
1347 2223
1347 5136
1348 1562
1349 3627
1349 5639
1350 1596
1350 2137
1350 5673
1351 1571
1351 2435
1351 2443
1352 5418
1353 2697
1354 1593
1354 2674
1354 2718
1354 5118
1355 2167
1355 4316
1356 1438
1356 3246
1358 2951
1358 4014
1358 4656
1359 1464
1359 2275
1360 2407
1360 4685
1361 1379
1366 4120
1367 1479
1368 2604
1368 3323
1369 5079
1371 2634
1371 4790
1372 3218
1372 3790
1372 4322
1372 4912
1373 2787
1375 4099
1377 1676
1380 1552
1381 1396
1381 1742
1383 1400
1384 3941
1384 4203
1385 3377
1386 1839
1387 4881
1388 3171
1389 2141
1389 3999
1390 2026
1391 2321
1391 2340
1392 4749
1393 1731
1393 3458
1393 4357
1394 2346
1395 1860
1395 2218
1395 3385
1396 1433
1396 5002
1398 2716
1398 2751
1398 3245
1398 3768
1398 5261
1399 2061
1399 5154
1399 5531
1400 2132
1401 1640
1401 2658
1401 4911
1402 1585
1402 2074
1402 2318
1402 2624
1402 3467
1402 3900
1402 4032
1402 5056
1403 2189
1403 4593
1405 1765
1405 3332
1406 3186
1408 1846
1409 1694
1410 3217
1412 5711
1414 2369
1414 4483
1414 4903
1415 1795
1415 2039
1415 2600
1415 3208
1415 3519
1415 4105
1416 1434
1416 3242
1418 1897
1419 2290
1419 3270
1419 3680
1419 4045
1421 1930
1423 4098
1424 2262
1425 5187
1427 1985
1427 3802
1427 4180
1427 5616
1429 1521
1429 2802
1431 3532
1433 2650
1433 3098
1434 2322
1435 4091
1436 1691
1436 5247
1437 1692
1441 1737
1442 2442
1443 1669
1443 2090
1444 3778
1445 2644
1446 2356
1446 3462
1446 5331
1446 5759
1448 2552
1448 3907
1448 4833
1449 3530
1450 1843
1450 2814
1451 2733
1451 5534
1452 3123
1452 4226
1454 3176
1456 1649
1457 3029
1458 1783
1459 1890
1460 1810
1461 5564
1462 1686
1462 1797
1463 3472
1467 2478
1467 3407
1468 2397
1468 3767
1469 3672
1469 3678
1469 4971
1472 4748
1473 4508
1474 2062
1474 2941
1477 3805
1478 1560
1478 1665
1479 3684
1480 2238
1480 3009
1480 4049
1480 4454
1480 4869
1481 2159
1481 2183
1482 4804
1483 5195
1486 1928
1486 1960
1486 3232
1486 4288
1487 3178
1488 2345
1489 2182
1490 1626
1491 1764
1492 2811
1494 2127
1494 2256
1495 2087
1495 2540
1496 1650
1496 1935
1496 2375
1497 1697
1497 1949
1497 3591
1497 5739
1498 2194
1498 2819
1499 3757
1499 4544
1499 5506
1500 3106
1500 3931
1500 5120
1500 5684
1501 2782
1502 2312
1502 4220
1502 4927
1503 3239
1504 3072
1505 1815
1505 1966
1505 4382
1506 5230
1506 5670
1507 3455
1508 2357
1509 1733
1509 2885
1510 1941
1510 3588
1511 3369
1512 2603
1512 4144
1513 2520
1513 2543
1514 2130
1515 4949
1516 2855
1516 5016
1517 1850
1517 2481
1519 2737
1519 3682
1520 1899
1520 2419
1521 1653
1524 2333
1524 3491
1524 3814
1525 1750
1525 1817
1525 2685
1526 1827
1526 3068
1526 3080
1526 5787
1532 5438
1533 2034
1533 2402
1533 2518
1536 3801
1537 2392
1539 2092
1540 3370
1540 5705
1541 3653
1541 3823
1541 5776
1542 4556
1543 1779
1544 2065
1545 2500
1546 1786
1547 3390
1548 2317
1550 1670
1550 1953
1550 3698
1551 1671
1553 2000
1553 2695
1554 3335
1554 5131
1555 2532
1555 5054
1557 1675
1557 1690
1557 1781
1557 2522
1557 2611
1558 1924
1558 2040
1558 5748
1559 5178
1560 2963
1561 2058
1561 2201
1562 2191
1563 5058
1564 2031
1564 2945
1564 5695
1566 4613
1567 5303
1568 3631
1568 4667
1569 1608
1569 2602
1569 5613
1570 1844
1570 4573
1571 3735
1571 5207
1572 1811
1573 2409
1574 1806
1574 5025
1575 3012
1577 2017
1577 4599
1578 4562
1579 1659
1580 1938
1580 3492
1581 2163
1583 1851
1583 4424
1585 2965
1585 3845
1586 4047
1587 3084
1587 5356
1588 2013
1588 3316
1589 5707
1590 2890
1590 4461
1591 4626
1592 4177
1593 1677
1593 1712
1593 3871
1594 4653
1595 2438
1595 4097
1601 1888
1602 1822
1602 2323
1603 2711
1606 2081
1606 2660
1607 2743
1607 3835
1608 1842
1608 2038
1609 2364
1611 4877
1613 2911
1615 2116
1615 4744
1616 2398
1617 3523
1617 4918
1618 2699
1618 3365
1618 4222
1620 2162
1620 2339
1620 3844
1620 5240
1622 2327
1624 2226
1624 2720
1625 1784
1626 1747
1627 4634
1628 2953
1628 5733
1628 5788
1629 2016
1629 3287
1631 2294
1631 4680
1633 1777
1633 4705
1633 5006
1634 4342
1635 5431
1636 3600
1637 1882
1637 2546
1637 3476
1638 3745
1638 5677
1639 2019
1640 2052
1642 2260
1642 2534
1642 2572
1642 3817
1642 4075
1643 1772
1643 1800
1644 5122
1645 4728
1645 5174
1646 4028
1648 1679
1648 2537
1649 1751
1651 1716
1652 1901
1652 4910
1653 3426
1653 3918
1654 2292
1655 3047
1656 4789
1658 3829
1658 4055
1659 2197
1659 4151
1660 3090
1660 4307
1661 2355
1662 1970
1664 2683
1664 3670
1664 4231
1666 2242
1666 4252
1666 4729
1667 2126
1667 3877
1667 4051
1667 4414
1668 3820
1669 4299
1670 3659
1670 4026
1671 4433
1673 2047
1674 2705
1674 2933
1674 3189
1676 3671
1676 4118
1677 1915
1677 1940
1678 5338
1678 5454
1679 1730
1679 2272
1679 5292
1680 2071
1680 2129
1680 3363
1681 5000
1682 3354
1684 5586
1688 2667
1688 3252
1688 4590
1689 1917
1689 3613
1690 1900
1691 3027
1691 4391
1692 4906
1692 5128
1693 2273
1693 3686
1693 4200
1694 4647
1695 1722
1695 1727
1695 2358
1695 2826
1695 5790
1696 1971
1697 4265
1698 2199
1699 2395
1700 2296
1701 1703
1701 2455
1702 2798
1705 2096
1705 3267
1705 4327
1705 4933
1706 1758
1706 2299
1708 2254
1709 4384
1710 2616
1710 3384
1712 2635
1712 3457
1713 2684
1714 4505
1715 1919
1716 1818
1716 2051
1717 2536
1719 2234
1719 2263
1719 3295
1719 5112
1719 5385
1720 2416
1721 2133
1721 2239
1722 2582
1722 3924
1727 1832
1727 3878
1728 4735
1731 3011
1731 4740
1732 2053
1732 2633
1732 3026
1732 4967
1733 2066
1734 2186
1735 3008
1735 3374
1735 5501
1737 2230
1737 2623
1737 2893
1737 3711
1737 4769
1738 1873
1738 2099
1739 4996
1739 5782
1740 2476
1741 2401
1741 3279
1742 4161
1743 3701
1744 1819
1744 2906
1745 3392
1746 1916
1747 1904
1747 3855
1751 2853
1751 3422
1752 3329
1755 2335
1756 3597
1756 4296
1758 5428
1760 2382
1760 4767
1763 4283
1763 4988
1764 3626
1764 4410
1767 1987
1767 2028
1769 4423
1770 2649
1770 4511
1771 2669
1771 2749
1771 2962
1772 1805
1772 2227
1774 2301
1775 3338
1776 1929
1776 2048
1776 4524
1779 2714
1780 3507
1781 4858
1784 3087
1786 3231
1787 3542
1787 5243
1787 5373
1789 2484
1790 1807
1790 5039
1791 4284
1792 2489
1793 2607
1793 3013
1793 3826
1795 2694
1795 5297
1796 5167
1798 2410
1799 2917
1799 5693
1801 2193
1801 2278
1801 2689
1801 3474
1801 4354
1801 4584
1801 5293
1802 3394
1803 3383
1805 1895
1806 4189
1807 1891
1807 4270
1808 5555
1809 4125
1809 5211
1810 2128
1810 5320
1813 2927
1815 1995
1816 1829
1817 2812
1817 3619
1817 3744
1817 3957
1818 1996
1819 3891
1819 4053
1819 4254
1820 3961
1822 3404
1824 3221
1825 3192
1825 4356
1827 4970
1828 2325
1828 2626
1831 2386
1831 2796
1832 1870
1832 2284
1832 2678
1832 2775
1832 3294
1833 3488
1833 3785
1833 5363
1834 1911
1834 5771
1837 4965
1839 3266
1841 2146
1841 3304
1842 2805
1842 3943
1843 1982
1843 2860
1844 3933
1844 5697
1845 2732
1848 1942
1848 2505
1848 3445
1849 3400
1850 1962
1850 2064
1851 2204
1851 3756
1851 5379
1852 2036
1853 4925
1854 3081
1854 3566
1854 5249
1855 2229
1855 3892
1856 3243
1856 4497
1857 5222
1858 4401
1859 3922
1860 2821
1861 3982
1861 5655
1862 2151
1862 3043
1863 2075
1864 2142
1864 4211
1865 3280
1868 3418
1870 2774
1870 2778
1870 4334
1872 4952
1875 2464
1875 2593
1878 2569
1878 4561
1879 1992
1880 3235
1881 3679
1881 3742
1882 1926
1882 5397
1884 2117
1885 3137
1885 4675
1886 2867
1886 5272
1887 3704
1890 1910
1892 4182
1893 2817
1894 3125
1895 3051
1895 3075
1895 5475
1896 4870
1898 5074
1900 5153
1901 3044
1901 3115
1902 3830
1903 3450
1903 5493
1904 3173
1906 4844
1907 4456
1908 3205
1909 2174
1911 4041
1913 2652
1913 2942
1913 5335
1914 2665
1916 5093
1917 3093
1918 5484
1920 3976
1923 3276
1924 3937
1924 4202
1927 3486
1927 5215
1928 2271
1928 3349
1929 2143
1931 2015
1933 5027
1935 4191
1936 3559
1937 4015
1938 2874
1938 4600
1942 2380
1942 3511
1943 1994
1945 3230
1946 4054
1946 4908
1949 2877
1949 3126
1950 1991
1951 3056
1951 4494
1954 2983
1955 2268
1955 2615
1957 2394
1957 2876
1957 4473
1957 5371
1959 4717
1963 2725
1966 3475
1969 2007
1971 2244
1971 2722
1971 3225
1972 3782
1973 2439
1977 3666
1978 5346
1979 2993
1979 3708
1979 4171
1981 2041
1981 5745
1983 3398
1983 4425
1983 4469
1984 3113
1985 3420
1986 2258
1987 4835
1988 5408
1990 2406
1990 4010
1990 5716
1991 3191
1995 3436
1997 2875
1998 2450
1998 3223
1999 3504
2000 5049
2002 2620
2002 4887
2003 5146
2004 2512
2005 3456
2006 4155
2007 2203
2009 4923
2009 5081
2011 3353
2011 4273
2011 4932
2013 4537
2016 2479
2016 4922
2018 2072
2018 2471
2018 5694
2019 2209
2019 3109
2020 2219
2021 3187
2022 2351
2022 3815
2024 4110
2024 5060
2025 4039
2025 4269
2025 5250
2026 2472
2027 2801
2028 2928
2029 4703
2029 4880
2030 2121
2030 4745
2032 2827
2032 5795
2033 2765
2033 4913
2034 2228
2034 5480
2035 4413
2037 2295
2037 4689
2038 2915
2039 5334
2042 4157
2043 4092
2043 5732
2046 2424
2046 2548
2047 5519
2049 3237
2051 4979
2053 3981
2055 2430
2057 2872
2057 3071
2058 2190
2058 2938
2058 4390
2058 5730
2059 2100
2059 3990
2060 3179
2060 3502
2062 2976
2062 3518
2063 3088
2063 3808
2064 2088
2064 3379
2069 2436
2069 2991
2069 4578
2070 4159
2071 4415
2074 3124
2075 2822
2075 3083
2076 3271
2076 5257
2077 3399
2080 2985
2080 3453
2081 2987
2081 5483
2082 3175
2084 3057
2085 3397
2086 2680
2087 5528
2088 2659
2090 3415
2091 3414
2091 4821
2092 2277
2092 5223
2092 5248
2092 5504
2094 2287
2094 4175
2096 2643
2097 3926
2099 2583
2099 2645
2099 5657
2100 3360
2100 5234
2101 2283
2101 4462
2101 5224
2101 5668
2103 4340
2103 5754
2104 2576
2105 2813
2105 4693
2106 4148
2107 4946
2109 2833
2109 3798
2109 5599
2110 2329
2110 3166
2113 4467
2116 2198
2116 2692
2119 4553
2121 2703
2122 4501
2123 4376
2126 3157
2127 4285
2128 5259
2129 3563
2130 4036
2132 3346
2134 3836
2136 3761
2137 4718
2139 4289
2140 5518
2141 3180
2141 4635
2142 3121
2142 5306
2143 2381
2143 2929
2143 3730
2144 4082
2146 2789
2147 2656
2148 4195
2149 2982
2151 2224
2152 2251
2152 5557
2153 3022
2154 4056
2154 4235
2154 4871
2155 2857
2155 3610
2156 3199
2157 3914
2159 4990
2160 3396
2161 2756
2163 3520
2165 2326
2165 3694
2167 4826
2168 4109
2169 4661
2172 2461
2172 4569
2177 2200
2177 3035
2178 2441
2179 2341
2181 2383
2182 2731
2183 4197
2184 4383
2186 4836
2187 2508
2187 4472
2188 3452
2189 2276
2189 3301
2189 5221
2190 2253
2190 2291
2190 3797
2192 3501
2193 3676
2194 2935
2197 3896
2198 3977
2199 3754
2201 2762
2201 2868
2201 5612
2202 3884
2202 4346
2203 2525
2204 4212
2204 5451
2207 2556
2208 5607
2209 4141
2210 2648
2210 4174
2212 5037
2213 4096
2214 2627
2216 5270
2219 2417
2219 3673
2219 3848
2219 4619
2221 4121
2222 2815
2222 3144
2222 4482
2223 5067
2224 3238
2225 4129
2225 5735
2226 2448
2226 4991
2227 3340
2227 5752
2228 3000
2228 3574
2228 4710
2229 2772
2229 2905
2230 2300
2231 3007
2231 4309
2232 2499
2232 5453
2234 4713
2238 3082
2238 3980
2238 4981
2240 2274
2240 4446
2241 3118
2241 3198
2243 2562
2243 5184
2248 3265
2248 3461
2252 3138
2253 2677
2254 3431
2254 4724
2255 2365
2256 4727
2259 2462
2259 2800
2261 5537
2262 4697
2263 2747
2264 2834
2264 2974
2266 2374
2267 3310
2267 5266
2268 3064
2268 4828
2269 3681
2269 4992
2273 3099
2274 2803
2275 2670
2276 5505
2279 2632
2279 3693
2281 3325
2282 2320
2282 4943
2283 5068
2284 5628
2285 2784
2288 2968
2288 3585
2289 3215
2290 2307
2291 4641
2291 4941
2292 4147
2294 2511
2294 4170
2295 3053
2295 4009
2295 4061
2296 3406
2296 4308
2298 3163
2298 3637
2303 3720
2303 5298
2304 3063
2306 2389
2307 2440
2307 2535
2307 4264
2309 2328
2310 3942
2310 4027
2310 4029
2311 2838
2312 3469
2313 3655
2314 3258
2314 3284
2315 5145
2316 2516
2318 5471
2320 2715
2321 3313
2323 3255
2324 3092
2324 4286
2326 4565
2326 4621
2330 5660
2333 3209
2334 2878
2334 3062
2335 3224
2335 5736
2336 2477
2336 3134
2336 4486
2337 2538
2337 5679
2338 2990
2339 3556
2342 4072
2345 3899
2346 2561
2346 2940
2347 3334
2349 4192
2349 4407
2350 3635
2350 4030
2352 3716
2354 5726
2356 2891
2357 4931
2357 5166
2359 2735
2359 3831
2359 3960
2360 3146
2362 2662
2365 4506
2367 3550
2369 3880
2370 2753
2370 4696
2370 5348
2375 2679
2375 2799
2376 2384
2376 5441
2379 3211
2379 4547
2380 4810
2381 2405
2381 3408
2383 4521
2384 3895
2385 2937
2386 2719
2386 3368
2386 5096
2387 2741
2394 3440
2395 4145
2397 4817
2397 5328
2397 5632
2399 3069
2399 4394
2399 5124
2400 2824
2401 2641
2402 3454
2403 4368
2405 3234
2405 5366
2406 3580
2407 4207
2409 3202
2409 4324
2412 4862
2413 2843
2417 3046
2418 2664
2418 3010
2418 4167
2418 4418
2418 5581
2420 3813
2420 5535
2421 2850
2421 3067
2421 3292
2426 5401
2427 2560
2428 3840
2429 3683
2429 4439
2430 4672
2431 5611
2432 3557
2433 4081
2435 2608
2436 2638
2439 3300
2440 5507
2441 3706
2442 4297
2443 2609
2443 3244
2445 4328
2445 5313
2447 2966
2449 3736
2450 3587
2451 3929
2451 4998
2453 2459
2453 3997
2453 4332
2454 3935
2458 3275
2459 2510
2459 3283
2461 3376
2461 4540
2463 4646
2464 3017
2465 4820
2467 4360
2468 2513
2468 4533
2470 2864
2470 5636
2471 5674
2473 3939
2474 5402
2475 2847
2475 3020
2476 2936
2477 5583
2478 4112
2479 4716
2482 3538
2482 3930
2483 3464
2485 4102
2487 2673
2488 4281
2489 5339
2491 2880
2491 3142
2493 2612
2493 3786
2494 5001
2495 4736
2497 3496
2498 3747
2500 2873
2500 3987
2502 4242
2502 5271
2503 3903
2503 4516
2504 5780
2505 3261
2506 4209
2510 3403
2510 3881
2510 4331
2511 2794
2511 3774
2512 3159
2513 2726
2513 5382
2514 5023
2514 5217
2515 2767
2517 3860
2518 4843
2521 2530
2521 5395
2525 3050
2526 2840
2526 3150
2526 5095
2532 3302
2532 4575
2533 2849
2534 4136
2535 2980
2535 4937
2537 3441
2539 2709
2540 2710
2540 3934
2540 4632
2540 5521
2542 3319
2544 5577
2545 2829
2546 3661
2546 4994
2547 3752
2548 4104
2548 5598
2554 5028
2558 3515
2559 2882
2559 3715
2567 3160
2568 2758
2570 2804
2570 4310
2573 2757
2574 3103
2575 2770
2576 4343
2577 2610
2580 2949
2583 2920
2585 4237
2586 2713
2590 4146
2591 2646
2591 5741
2592 3529
2592 4555
2594 4629
2597 3477
2597 4783
2599 5550
2600 4442
2603 3691
2603 5404
2604 5326
2604 5442
2605 3361
2605 4854
2608 3773
2608 4365
2609 2700
2609 3609
2610 3165
2610 5269
2611 2908
2612 5161
2614 5437
2616 2918
2617 3120
2618 5511
2620 4997
2621 3128
2622 3604
2623 3534
2627 5168
2627 5300
2630 5012
2631 4271
2632 4989
2633 3059
2638 3819
2640 3091
2640 4325
2641 2869
2642 3593
2649 3006
2649 5667
2650 4676
2651 4166
2653 2955
2653 4119
2654 5416
2655 3674
2657 4702
2659 2768
2660 2663
2664 4549
2665 5090
2666 3034
2666 3640
2666 5267
2666 5647
2667 2995
2667 3291
2667 5179
2668 4857
2669 3598
2669 4666
2671 2922
2672 2926
2672 5786
2673 2851
2673 3966
2674 4670
2675 3789
2675 4463
2676 5415
2678 3240
2679 5098
2680 3101
2681 5383
2682 3970
2682 4303
2684 2712
2684 3169
2686 2975
2686 5345
2688 3750
2689 3932
2691 4655
2693 4302
2694 2902
2695 4012
2695 4509
2696 4907
2697 5704
2698 4592
2698 4668
2699 2952
2699 5004
2703 3919
2706 3816
2707 5099
2708 4598
2709 2996
2709 3636
2709 3972
2712 3216
2712 4263
2713 2830
2713 3560
2715 2979
2716 2781
2717 3055
2717 5231
2720 2899
2720 5463
2721 4861
2722 2944
2722 3364
2723 3687
2724 5170
2725 3641
2727 2836
2727 3110
2728 5354
2729 3940
2730 4396
2731 4772
2734 4262
2734 4838
2735 4504
2735 5533
2736 4058
2738 2856
2739 5498
2741 3796
2742 3152
2742 4143
2742 5044
2743 3578
2745 3380
2745 3465
2745 4389
2745 5393
2748 2999
2748 3212
2749 3875
2750 4275
2750 5565
2754 4654
2755 3036
2757 4163
2758 2889
2760 3482
2760 4267
2762 5091
2763 4512
2764 3751
2764 4615
2769 5132
2769 5361
2771 3135
2771 5452
2772 3395
2773 5107
2777 2786
2783 3804
2783 5436
2786 4169
2787 4811
2787 4962
2788 3846
2789 3586
2789 3589
2789 4888
2792 4398
2794 3886
2797 3945
2797 4256
2798 4850
2799 3206
2799 5155
2799 5369
2801 3143
2801 5100
2803 5398
2805 3366
2805 4750
2806 3233
2806 4006
2808 3100
2808 5417
2809 3424
2809 5765
2810 3963
2810 4293
2814 4282
2815 4367
2815 4771
2820 4257
2820 4611
2826 3061
2826 3917
2827 2870
2828 2879
2828 3039
2830 3274
2830 4132
2831 3513
2832 3298
2836 3547
2836 4127
2836 4261
2838 3602
2838 4725
2842 4450
2843 5229
2846 3196
2846 3664
2846 4080
2849 3494
2851 3552
2851 4131
2851 4929
2857 5783
2858 3485
2859 3236
2860 3200
2860 3713
2861 4649
2864 4819
2866 5319
2871 3444
2873 5580
2874 4809
2875 5233
2877 3343
2877 5596
2878 3248
2881 3799
2883 4954
2884 3249
2884 3362
2884 4250
2885 5699
2886 4124
2890 3031
2892 4916
2894 3229
2894 5500
2895 2912
2896 2998
2896 3811
2896 5407
2898 3818
2899 3184
2900 3615
2901 3190
2902 3054
2903 3074
2903 4580
2905 5216
2906 3651
2908 3140
2908 4251
2909 3089
2910 3401
2910 4108
2911 3268
2911 3569
2912 4239
2912 4566
2912 5766
2917 5370
2918 2957
2918 5137
2919 3906
2920 4496
2922 3968
2923 3153
2923 3849
2926 4280
2928 4577
2931 4616
2932 3386
2933 3260
2936 4636
2938 5560
2939 4684
2941 3668
2941 4306
2942 3579
2942 4458
2942 4691
2942 4969
2942 5724
2944 5623
2945 4455
2946 4674
2948 3001
2950 3154
2950 4403
2953 4259
2954 3073
2954 3132
2958 3950
2960 5190
2962 3764
2966 4535
2967 3480
2968 2978
2975 5070
2976 4318
2978 3787
2981 4872
2983 4140
2986 4708
2987 3095
2987 5200
2987 5365
2988 4982
2989 4984
2990 3049
2992 5796
2997 5703
3000 5194
3001 3111
3002 4219
3002 4709
3003 4449
3003 5619
3004 3592
3007 3112
3009 5649
3010 4663
3011 3690
3013 4381
3014 3307
3015 4347
3020 5173
3024 3033
3024 5349
3029 3590
3029 4409
3032 4431
3033 5032
3035 4658
3036 4386
3040 4620
3040 5121
3043 4319
3044 4444
3045 3911
3045 5355
3046 5029
3047 3973
3049 4686
3049 5617
3052 3725
3053 4785
3054 3537
3054 3920
3055 4608
3056 3466
3056 4856
3059 5258
3061 3727
3061 4651
3061 5701
3062 3328
3063 3902
3063 4787
3064 4536
3064 4845
3065 4234
3067 3531
3068 3866
3069 5641
3072 4498
3074 4764
3079 5758
3080 3443
3081 5773
3084 3788
3084 4975
3084 5235
3087 4087
3088 3381
3091 3946
3093 4487
3093 4774
3095 5482
3097 3210
3099 4362
3100 4420
3101 5740
3102 3372
3102 4489
3104 3841
3105 3312
3105 4481
3108 3703
3110 5182
3111 4188
3114 3256
3114 4001
3117 4294
3118 4241
3120 4944
3121 4983
3124 3983
3124 5517
3129 3738
3131 3174
3132 3222
3132 4249
3134 5490
3136 3413
3142 4934
3145 3447
3146 3425
3148 3351
3158 5191
3159 5141
3161 3959
3164 5342
3165 3654
3166 5127
3167 4040
3167 5138
3168 4059
3168 4538
3171 3330
3173 3616
3175 3994
3175 5675
3178 3350
3179 3250
3179 3842
3180 5264
3186 3596
3188 5651
3192 4005
3193 3803
3193 3868
3194 3925
3194 4223
3195 3858
3196 3634
3199 3689
3199 3800
3200 3378
3202 3514
3202 4441
3203 4797
3205 5761
3206 4033
3209 3442
3210 4746
3211 3311
3212 5744
3214 4842
3216 4905
3216 5201
3221 3326
3221 5578
3222 4287
3225 3411
3226 3719
3227 5076
3228 3308
3229 3345
3229 3516
3232 4312
3232 5376
3239 4101
3240 4134
3241 5664
3242 4956
3243 3971
3244 3375
3245 3657
3246 4117
3246 4453
3247 3624
3248 3391
3248 5066
3254 4919
3256 4451
3257 4733
3257 4867
3257 5147
3260 3755
3261 5311
3263 4084
3264 4349
3264 5686
3264 5712
3265 3743
3266 3277
3267 4069
3267 4883
3269 5434
3271 3498
3271 4233
3274 4373
3277 4513
3278 3827
3278 4864
3279 3642
3287 4330
3288 4583
3289 3419
3292 4851
3293 3544
3293 4673
3294 4460
3295 3908
3296 4397
3296 5105
3297 4470
3298 3553
3299 4004
3299 4558
3301 5722
3302 3570
3303 3649
3305 4942
3312 4618
3318 3428
3318 3577
3318 4806
3319 3995
3321 3776
3322 5163
3323 5603
3327 3344
3327 5213
3328 4361
3329 3522
3336 3509
3337 3528
3337 3810
3337 4338
3339 3348
3339 4612
3341 4339
3342 3357
3346 3688
3347 4311
3350 3662
3352 3508
3352 4890
3355 3437
3357 3663
3357 4337
3359 3658
3359 3762
3359 3904
3359 5083
3361 5392
3368 5254
3372 4921
3373 5572
3374 4000
3375 4290
3375 4507
3377 4375
3377 5762
3384 3644
3385 4690
3386 3478
3388 4416
3390 3572
3392 4517
3393 4765
3393 5362
3393 5749
3395 3851
3395 4624
3396 3581
3399 3417
3399 4018
3401 4567
3401 5384
3403 4564
3408 4008
3409 3901
3411 3777
3411 4333
3411 5556
3415 3433
3416 4699
3417 3876
3419 5279
3424 3489
3424 3952
3426 4465
3426 5600
3428 3638
3432 4172
3434 4738
3437 3889
3440 5435
3442 3601
3442 4066
3442 4478
3442 4488
3445 5532
3447 3856
3451 5548
3452 3459
3453 3975
3453 4214
3454 3771
3456 5110
3456 5621
3457 5149
3458 4827
3459 4149
3460 4370
3465 4863
3467 3549
3469 4895
3470 4422
3470 5018
3471 4123
3473 4527
3473 5450
3474 5051
3476 5523
3481 3576
3482 5036
3484 3648
3484 3956
3485 5026
3486 4633
3487 3989
3487 5183
3488 5719
3489 4522
3495 3760
3495 4741
3500 3951
3500 4076
3501 4183
3504 4924
3507 4768
3510 5357
3511 4559
3518 4475
3518 4712
3522 5007
3523 4875
3523 5218
3524 4596
3526 4272
3533 4298
3533 4950
3534 3702
3536 3696
3539 3746
3539 5481
3540 4194
3549 5162
3550 4374
3550 5456
3552 4755
3553 3717
3556 4614
3560 5204
3563 3873
3569 5130
3571 3839
3575 5358
3576 5157
3577 3656
3577 4246
3583 5315
3586 4359
3588 3628
3594 5495
3597 4350
3599 3758
3604 3988
3605 3726
3611 3915
3611 4909
3613 5678
3614 3986
3619 3825
3622 3923
3622 5116
3624 3910
3627 3807
3627 3874
3629 3748
3630 4957
3632 5159
3634 5152
3636 4648
3645 5399
3648 4208
3653 4133
3654 4160
3658 4884
3659 5241
3659 5351
3660 4341
3660 5347
3662 5307
3670 4421
3670 5305
3673 4199
3675 4775
3677 5337
3684 5702
3691 4206
3697 5055
3698 3732
3710 4798
3711 4321
3715 3862
3715 4274
3716 5057
3720 4336
3722 5021
3723 4868
3727 4443
3731 5529
3732 3822
3737 5063
3737 5352
3740 4387
3741 5381
3742 5226
3743 3905
3745 4900
3746 3863
3746 4531
3746 5440
3748 3854
3751 5302
3755 4714
3755 5078
3755 5654
3757 5582
3759 3984
3761 4825
3763 4734
3765 5476
3766 3857
3766 3867
3767 5047
3767 5294
3775 5595
3778 4351
3780 5072
3785 4731
3789 5629
3793 4419
3795 4083
3800 4759
3800 5192
3801 4719
3801 5666
3806 4518
3808 4587
3811 4196
3815 4022
3816 5777
3818 4892
3819 4065
3826 3852
3826 5793
3827 4671
3831 3916
3836 4372
3837 3979
3838 5299
3845 4279
3851 5245
3854 4417
3855 4090
3855 5446
3856 4485
3859 4464
3859 5689
3863 4865
3864 3897
3868 5251
3871 4016
3871 5069
3871 5566
3873 4898
3877 5008
3877 5485
3880 5737
3882 5389
3883 4278
3886 4722
3892 5575
3893 4526
3901 5409
3903 4523
3907 4588
3910 5665
3915 4393
3916 5691
3928 4046
3929 4412
3935 4557
3936 5427
3941 4860
3947 4260
3948 4236
3951 4766
3954 5778
3967 4385
3968 4113
3970 4639
3970 5648
3975 4959
3976 5425
3977 5048
3980 5368
3981 4057
3982 5770
3985 4500
3985 4914
3986 4499
3986 4692
3987 4067
3992 4215
4001 4243
4004 5003
4007 4186
4019 4070
4032 4695
4032 5554
4035 5605
4038 4752
4041 4642
4042 4928
4042 5547
4045 4751
4046 5212
4048 5374
4051 4753
4052 4625
4054 4445
4055 5033
4056 5544
4061 5390
4063 5380
4067 5372
4070 5727
4071 4822
4071 5794
4076 4773
4076 5710
4079 4139
4085 5185
4086 4300
4086 4568
4086 5317
4087 5692
4096 4606
4102 5779
4103 5080
4105 4585
4105 5109
4113 5260
4130 5797
4136 5199
4141 4807
4146 4873
4148 4205
4149 4277
4151 5656
4153 4305
4155 4529
4156 4503
4157 4582
4159 5545
4160 5624
4162 4704
4162 4770
4169 5625
4180 5227
4182 4602
4185 5681
4189 4824
4190 5768
4193 5763
4194 4255
4197 4229
4198 4399
4198 4832
4206 4240
4213 5683
4215 4404
4225 5775
4231 4525
4232 4638
4233 4627
4234 4936
4236 4901
4246 4715
4246 5602
4251 4938
4259 4859
4263 4683
4264 4484
4268 4803
4274 5126
4277 4808
4278 5587
4279 4607
4279 5609
4290 4743
4290 4951
4293 5414
4296 5622
4300 5177
4304 4534
4304 4732
4306 5059
4309 5314
4315 5010
4321 5687
4324 4814
4326 5089
4330 5288
4333 4457
4336 4963
4336 5618
4339 4628
4352 4849
4352 5466
4355 4784
4364 5494
4365 5041
4366 4429
4367 4816
4369 4576
4391 4846
4391 5561
4395 4520
4396 5114
4401 5671
4417 5423
4420 5019
4421 5508
4422 4841
4426 4474
4451 5653
4453 4493
4459 5497
4461 4823
4464 4645
4467 4572
4467 4960
4470 4791
4471 5203
4472 4560
4476 5238
4477 5774
4481 5488
4486 5512
4486 5634
4487 4961
4489 5186
4490 4754
4492 4794
4493 5344
4494 5103
4495 5329
4498 5035
4501 5287
4501 5646
4503 4899
4506 5038
4509 5244
4512 4978
4519 4793
4519 5316
4524 4665
4524 4721
4524 4917
4527 4760
4530 4757
4531 4563
4531 5169
4536 5011
4541 5541
4544 4968
4552 5604
4552 5706
4557 4840
4560 5206
4567 4723
4569 5597
4579 4939
4580 5486
4587 5219
4590 4591
4592 4882
4596 4973
4599 5403
4610 4940
4611 4706
4633 5430
4643 4679
4643 5359
4644 4650
4647 4830
4657 5559
4661 5767
4666 4897
4666 5133
4667 5652
4674 4964
4679 5747
4680 5176
4694 5426
4696 5661
4701 5209
4705 5286
4707 5439
4725 4762
4727 5232
4727 5394
4729 5282
4737 5301
4739 5277
4740 5433
4743 5479
4749 5588
4761 4782
4761 5540
4763 5042
4766 5458
4769 5388
4770 5268
4772 5530
4772 5591
4772 5781
4775 5757
4777 4985
4777 5509
4781 5180
4786 5502
4791 4885
4805 4874
4808 5455
4813 5073
4822 5473
4826 5459
4831 5478
4835 5171
4844 5172
4847 5290
4847 5688
4850 5468
4866 5717
4868 5181
4869 5071
4877 5367
4882 5296
4886 5526
4887 5330
4887 5720
4888 5202
4905 5061
4923 5134
4923 5208
4923 5563
4940 5589
4943 5040
4945 5448
4962 5020
4981 5650
4984 5139
4994 5477
4996 5197
5000 5285
5010 5760
5018 5461
5029 5789
5031 5700
5038 5635
5042 5503
5048 5412
5071 5340
5073 5193
5075 5142
5079 5469
5092 5151
5095 5210
5098 5553
5099 5443
5110 5419
5117 5129
5134 5638
5148 5525
5170 5360
5176 5386
5176 5614
5214 5731
5230 5310
5234 5579
5273 5662
5274 5325
5279 5769
5286 5336
5288 5549
5293 5606
5298 5570
5305 5487
5318 5432
5331 5396
5335 5713
5342 5631
5354 5405
5358 5462
5360 5421
5369 5444
5373 5464
5375 5413
5377 5499
5381 5457
5403 5772
5410 5411
5425 5743
5428 5516
5440 5536
5457 5718
5517 5680
5554 5645
5562 5742
5582 5696
5640 5738
5661 5685
5666 5746
5698 5751
5719 5723
