7526 551
1 2
1 5
1 85
1 114
1 127
1 157
1 161
1 207
1 454
1 487
1 575
1 4080
1 5588
2 3
2 10
2 23
2 67
2 129
2 404
2 462
2 1274
2 2541
2 5791
3 4
3 7
3 8
3 14
3 46
3 49
3 390
3 491
3 733
3 940
3 1115
3 1140
4 13
4 35
4 133
4 423
4 469
5 6
5 11
5 18
5 29
5 37
5 58
5 166
5 524
5 916
5 1001
5 1077
5 3152
5 6689
6 9
6 15
6 68
6 83
6 144
6 3675
6 6026
6 6777
7 12
7 27
7 63
7 109
7 304
7 1671
8 52
8 61
8 72
8 112
8 185
8 3076
9 82
9 238
9 464
9 881
9 1124
10 20
10 59
10 70
10 93
10 219
10 240
10 444
10 1296
11 28
11 30
11 1434
11 2807
11 3818
11 5819
12 36
12 190
12 866
12 3957
12 4845
13 21
13 48
13 136
13 2078
13 2526
14 26
14 50
14 90
14 201
14 428
14 817
14 2276
15 16
15 17
15 34
15 938
15 1052
16 25
16 38
16 894
16 994
16 2086
16 2942
16 4026
17 22
17 124
17 156
17 477
18 19
18 24
18 43
18 73
18 145
18 170
18 342
18 361
18 415
18 1161
18 2770
19 474
19 725
19 1323
20 76
20 98
20 223
20 269
20 455
20 1577
20 3767
21 103
21 784
21 827
21 1576
21 2978
22 31
22 69
22 84
22 95
22 143
22 167
22 253
22 3996
22 4116
23 80
23 286
23 1007
23 1367
24 57
24 78
24 644
24 772
24 2108
25 39
25 100
25 313
25 457
25 668
25 914
25 933
25 1203
26 75
26 108
26 803
26 1792
26 4151
27 132
27 228
27 334
27 346
27 864
27 884
27 1693
28 32
28 1267
28 1405
28 2190
28 3204
28 7456
29 81
29 102
29 125
29 162
29 249
29 319
29 1126
29 3124
30 367
30 377
30 680
30 943
30 1363
30 5731
30 6238
30 6800
31 51
31 66
31 94
31 306
31 1709
32 33
32 111
32 563
32 2210
32 4631
33 42
33 65
34 79
34 237
34 560
34 2130
34 2318
34 6509
35 47
35 211
35 407
35 4277
36 40
36 54
36 113
36 767
36 1330
37 41
37 56
37 64
37 332
37 600
37 5550
37 5909
37 6001
38 160
38 252
38 1113
39 297
39 494
39 706
39 730
39 3770
40 180
40 197
40 2201
41 88
41 841
41 2353
41 3701
41 5534
42 44
42 830
42 1042
43 45
43 74
43 278
43 3373
43 5326
44 522
44 593
44 805
44 1597
45 91
45 97
45 177
45 761
45 4193
45 4431
46 60
46 452
46 526
46 609
46 2202
46 2852
47 515
47 981
47 3620
47 4588
47 6540
48 53
48 580
48 1667
48 2519
48 4064
49 71
49 164
49 308
49 490
49 492
49 612
49 1087
50 595
50 877
50 3311
50 3436
50 5248
51 194
51 1929
52 55
52 104
52 105
52 1100
52 1470
52 1721
53 62
53 99
53 757
53 1133
53 1245
53 2473
53 4794
54 107
54 110
54 1309
54 4771
55 192
55 322
55 410
55 1275
55 1396
55 3181
56 2249
56 5042
56 6110
57 268
57 801
57 1130
57 1347
57 2248
57 2464
57 3127
58 121
58 171
58 265
58 3369
58 4169
58 4781
58 6067
59 465
59 586
59 659
59 681
59 3629
59 4607
60 4386
61 116
61 182
61 1996
61 3417
62 77
62 119
62 175
62 262
62 447
62 506
62 512
62 1827
62 2142
62 4266
62 6163
62 6775
62 7059
63 96
63 151
63 974
64 256
64 737
64 839
64 2696
64 2872
64 4543
64 7394
65 210
65 281
65 349
66 123
66 130
66 131
66 155
66 241
66 296
66 1285
66 3513
66 4161
66 7341
67 165
67 222
67 1858
67 3441
68 637
68 1505
68 3998
68 6145
69 101
69 150
69 159
69 191
69 2707
70 186
70 267
70 598
71 3272
71 3561
72 539
72 1491
73 475
73 1056
73 5503
74 1696
74 2092
74 3527
75 87
75 128
75 184
75 226
75 327
75 763
75 1459
76 126
76 153
76 470
76 626
76 898
76 4956
77 340
77 400
77 412
77 1834
77 3175
77 4986
77 7136
78 673
78 738
78 4481
79 251
79 892
79 1094
79 2666
79 2703
79 3967
80 92
80 244
80 295
80 621
80 740
80 856
80 2149
80 2173
80 2842
80 3562
80 7037
81 273
81 275
81 294
81 427
81 550
81 2752
82 608
82 995
82 999
82 1257
82 6917
83 86
83 243
83 991
83 1076
83 1673
84 442
84 1040
85 173
85 178
85 374
85 488
85 499
85 964
86 168
86 402
86 584
86 742
86 4777
86 6299
87 138
87 613
87 677
87 2635
87 4499
88 89
88 137
88 198
88 354
88 1233
89 181
89 1142
89 1149
89 1213
89 2480
90 1531
90 3450
90 7091
91 347
91 2982
91 5794
92 214
92 3238
93 122
93 293
93 486
93 766
93 959
93 1014
93 1383
93 2258
93 3451
94 314
94 1428
94 1957
96 4101
97 117
97 176
97 272
97 359
97 749
98 378
98 947
98 1493
98 1863
98 2055
99 383
99 570
99 718
99 1350
99 2833
99 4439
100 195
100 814
100 2556
100 3101
101 393
101 476
101 759
101 1324
101 3537
102 2066
102 5097
103 106
103 135
103 139
103 276
103 331
103 1850
103 2375
104 505
104 2388
104 3012
104 4544
105 187
105 3171
106 115
106 316
106 3494
106 3775
106 6846
106 7150
107 183
107 255
107 493
107 992
107 1291
107 2882
107 5438
108 118
108 120
108 458
108 790
108 2109
109 147
109 650
109 703
109 826
109 2017
109 4136
110 196
110 379
110 583
111 1119
112 1820
112 6637
113 202
113 437
113 658
113 1196
113 1280
113 4061
114 149
114 443
114 519
114 1909
114 7379
115 230
115 952
115 2311
115 2391
115 2965
115 4551
115 4733
116 200
116 6335
117 1732
117 1861
117 1865
117 5506
117 6283
118 422
118 585
118 2226
119 146
120 140
120 254
120 1176
121 134
121 2418
121 2637
122 247
122 4706
122 5897
123 152
123 386
123 403
123 734
123 1353
123 2010
123 4361
123 7101
125 371
125 2491
125 3429
126 215
126 336
126 1345
126 4604
127 141
127 172
127 232
127 337
127 525
127 6720
128 229
128 466
128 3291
128 4837
128 5740
129 405
129 853
129 5705
129 6663
131 163
131 233
131 358
131 396
131 413
131 6767
132 345
132 394
132 537
132 1674
132 3327
133 154
133 716
133 6224
134 216
134 471
134 688
134 1546
134 5501
135 142
135 569
135 727
135 1258
135 1748
135 1946
135 2648
136 221
136 690
136 1302
136 2890
136 2922
136 3528
137 158
137 169
137 203
137 1624
137 3209
137 4920
138 543
138 556
138 963
138 7334
139 148
139 206
139 439
139 1183
139 1798
139 4601
140 188
140 2195
140 2866
141 212
141 348
141 517
141 3257
141 3404
143 264
143 360
144 449
144 1250
144 2602
144 2994
144 4294
144 4590
144 5156
144 6686
145 179
145 204
145 344
145 687
145 1889
145 4046
146 472
146 1321
147 303
147 566
147 1908
147 2175
148 220
148 365
148 1264
149 774
150 2206
150 2484
151 531
151 1836
151 1887
152 1592
153 224
153 248
153 2936
153 3347
153 4288
153 5988
154 261
154 810
154 1057
155 662
155 6529
156 871
156 1150
156 1212
156 1553
156 2632
157 426
158 4536
158 6743
159 1009
159 5232
160 357
161 299
161 418
161 736
161 1004
161 5331
162 174
162 311
162 432
162 2743
162 5595
162 5927
162 6788
162 7203
163 217
163 1953
163 2191
163 2818
164 1098
164 5243
165 242
165 290
165 353
165 2394
165 3138
165 4166
166 350
166 2600
167 752
167 942
167 2004
168 1963
168 2946
168 3574
168 5834
168 6766
169 235
169 893
169 7350
170 289
170 2611
170 6945
171 291
171 683
171 2436
171 2949
172 309
172 1266
172 1358
172 4951
173 343
173 679
173 1878
173 2748
174 2122
174 4573
174 5994
174 7446
175 205
175 209
175 685
175 5698
176 234
176 516
176 528
176 708
176 1482
176 2714
177 1220
177 1747
177 2193
177 2907
178 257
178 529
178 657
178 2876
179 193
179 260
179 284
179 1806
179 2144
179 2431
179 2476
180 270
181 199
181 321
181 903
181 3009
181 4017
182 218
182 5650
183 208
183 639
183 1038
183 7480
184 189
184 398
184 5167
185 372
185 971
185 6328
186 424
186 509
186 2465
186 2625
186 2628
187 508
188 441
188 794
188 1436
188 1873
189 280
189 788
189 1771
189 2348
190 504
190 514
190 746
190 781
190 1060
190 1937
190 3358
191 213
191 239
191 389
191 666
191 6666
192 1678
192 1918
192 2345
193 227
194 387
194 1160
194 2791
194 5299
195 408
195 473
195 547
195 1198
196 649
196 1234
196 2398
196 3239
197 1346
197 2646
198 1073
198 1288
199 300
199 364
199 577
199 2824
199 3043
199 5656
199 6659
200 363
200 1768
200 2443
200 3161
200 6337
201 225
201 245
201 285
201 333
201 861
201 5948
202 231
202 1361
202 1894
202 2223
202 2613
202 7351
203 576
203 1174
203 7403
204 250
204 279
204 335
204 558
204 939
205 271
205 2751
206 324
206 721
206 762
207 1954
207 2612
208 1034
208 1915
208 2244
209 288
209 1384
209 2762
209 5292
210 362
210 495
210 496
210 833
211 320
211 541
211 700
211 2913
211 4119
211 5668
213 330
213 617
213 816
213 945
213 6038
214 338
214 715
214 4592
215 591
215 1217
215 1443
216 411
216 674
216 2157
216 4414
216 5324
217 246
217 640
217 732
217 808
217 887
217 1066
217 2493
218 236
218 1618
218 1970
218 3251
218 4667
218 5029
219 433
219 1574
219 3721
219 5583
219 6012
220 481
220 773
221 429
222 1011
222 1995
222 5079
222 6278
222 7236
223 482
223 670
223 929
223 1467
223 3625
224 259
224 287
224 1352
224 1900
224 6211
225 1613
226 1215
228 325
228 384
228 854
229 549
229 597
229 2581
229 2815
230 779
230 5412
231 277
231 317
231 498
231 502
231 915
231 2423
232 376
233 596
233 603
233 4989
234 554
234 1376
234 2143
235 879
236 258
236 2087
237 771
237 889
237 4072
238 341
238 520
238 567
239 809
239 923
239 936
239 1876
239 3398
240 1571
240 1788
240 2753
240 7218
241 1462
241 2898
241 5098
242 1682
242 1895
243 1998
243 2048
243 2377
243 2987
244 263
244 1669
244 3454
244 5991
245 370
245 397
245 523
245 1259
245 1773
245 2910
246 1719
246 3068
246 6460
246 6497
247 283
247 392
247 2626
248 1749
248 2518
249 1041
249 1537
249 5322
250 868
250 2888
250 4199
251 3628
252 274
252 315
252 385
252 2472
252 3551
253 587
253 1017
253 1831
253 3949
254 266
254 339
254 2967
255 1568
255 1740
255 3990
255 6704
256 1190
257 298
257 624
257 780
257 4341
257 5461
257 6099
258 671
259 530
259 552
259 1449
259 3555
259 4838
259 7216
261 351
261 778
261 1058
261 2146
262 835
262 910
262 920
262 1646
263 675
263 1051
263 3399
263 4303
264 996
265 1045
265 1243
265 3095
266 301
266 355
266 5839
266 7404
267 356
267 401
270 2834
270 4962
271 329
271 1024
271 2260
271 3472
272 382
273 921
273 1672
273 1874
273 1935
273 2596
273 3792
274 622
274 2300
274 3797
275 305
275 1158
275 1495
275 2610
276 302
276 1197
276 2604
276 3078
276 3320
276 4055
277 451
277 2425
277 2668
278 797
278 874
278 1002
278 3176
278 5533
278 6633
279 896
279 1562
279 5045
279 5654
280 282
280 726
280 831
280 1844
280 2176
281 453
282 323
282 480
282 615
282 707
282 787
282 3199
283 307
283 1729
283 1892
283 6552
284 1253
284 2780
284 3468
284 5272
285 538
285 1447
285 5163
286 601
286 2253
286 2268
286 2430
286 2827
287 440
287 743
287 777
287 1545
287 1608
287 5188
288 292
288 328
288 6657
289 310
289 1277
289 1843
289 4088
289 6636
290 4914
290 5107
291 425
291 1036
291 1146
291 3892
292 564
292 634
292 3435
292 5614
293 1075
294 669
294 745
294 1159
294 6112
294 7127
295 391
295 562
295 620
295 1408
295 5671
296 318
296 588
296 5447
297 312
297 806
297 2212
297 2326
297 5651
298 511
298 1104
298 1195
298 3653
299 1078
299 1301
299 2200
299 2853
300 844
300 1648
300 2265
301 672
301 1300
301 1802
301 5049
302 503
302 908
303 2003
303 2509
303 2683
303 3774
304 1512
304 2322
305 1180
305 1551
305 7240
306 557
306 1621
307 483
307 705
308 967
308 6326
309 406
309 776
309 1588
309 2502
310 326
310 2540
310 4546
310 7470
311 1475
311 5722
312 954
312 1374
312 4458
312 7482
313 704
313 1903
313 5756
314 381
314 1663
314 2090
316 3690
317 652
317 1141
318 3638
319 489
319 606
319 3988
320 1031
320 3039
320 3761
321 373
321 375
321 434
321 655
321 1336
321 1572
321 5691
322 710
322 2204
323 395
323 2685
324 380
324 664
324 3458
324 4177
325 863
325 1458
325 4200
326 368
326 1538
326 2825
327 930
328 1599
328 1699
328 2022
328 5376
329 7166
330 3842
331 574
331 1506
331 2081
331 5379
332 416
332 463
332 497
332 1642
333 1705
333 2661
333 2695
334 430
334 1306
334 1676
334 2216
335 946
335 4011
335 6632
336 2427
336 3732
336 6668
337 7138
339 1059
339 1179
339 1191
340 840
340 1487
340 4860
342 825
343 352
343 369
343 869
344 366
344 536
344 739
344 6519
344 6651
345 4714
346 5288
347 846
347 1125
347 1967
348 1626
348 1816
348 3145
349 445
349 1018
349 1136
349 3280
349 3380
349 5360
349 6761
350 409
350 951
350 1584
351 1862
351 1899
351 2280
351 2924
351 5712
351 5770
352 1164
353 1070
354 792
354 5895
355 1139
355 2381
355 5128
357 448
357 1982
357 4132
357 4416
357 4732
358 459
359 625
359 1016
360 532
360 720
360 917
361 513
362 1270
362 1457
362 1474
362 3062
362 5473
363 997
363 4744
364 4181
365 417
365 419
365 873
365 5212
366 460
366 2214
366 3737
367 912
367 1614
367 3053
367 5443
368 907
368 1726
369 388
369 694
369 2644
370 533
370 829
370 2218
371 2336
371 4078
372 4159
372 4797
373 913
373 1439
373 3730
374 420
374 1199
374 2863
375 521
375 1612
376 1753
376 2069
376 3278
376 5332
377 2047
377 3581
378 5303
378 6208
378 6746
379 399
379 540
379 4450
380 731
380 4632
381 450
381 3960
382 3388
382 5127
382 5603
382 7052
383 3700
383 6919
384 571
384 582
384 1928
384 4048
384 4483
385 5444
386 1440
386 2352
387 651
387 1395
387 1542
387 1684
387 1965
387 3037
387 5192
388 2531
388 3306
388 5312
389 479
389 872
389 1398
390 618
390 678
391 692
391 5549
392 468
392 1723
393 1120
393 3991
394 1354
394 5990
395 793
395 1054
395 1096
395 1543
395 1783
395 3489
396 811
396 886
396 1494
396 1824
396 1945
396 2060
396 2117
396 3906
397 1103
397 4474
397 6752
398 931
398 1297
398 3757
399 414
399 1714
399 1852
400 467
400 755
400 1068
400 1518
400 2166
401 534
402 435
402 984
402 2116
402 2935
402 7223
403 484
403 1101
403 2207
403 6576
404 542
404 891
405 1526
405 2477
406 605
406 5510
407 421
407 2643
407 5708
407 6861
409 1940
409 3073
410 438
410 507
410 573
411 822
411 1276
411 1332
411 1488
412 663
412 714
412 2171
412 5725
412 5805
413 2076
414 555
414 2399
414 4865
415 961
415 2015
416 485
416 1299
416 2984
417 594
417 848
417 3709
418 431
418 544
418 1508
418 2364
419 535
419 1735
419 2433
419 3580
419 5316
420 478
420 3221
420 5681
421 2013
422 2960
422 3189
422 6101
423 645
423 7462
424 1072
424 2199
424 3659
424 3927
425 1422
425 1717
425 1950
425 2071
425 4996
425 6003
426 4583
427 1939
427 2569
427 4035
428 2515
428 3891
429 2306
429 4470
431 510
431 630
431 798
431 976
432 782
432 1499
432 2787
432 5125
433 741
433 1020
433 1228
433 2468
434 436
434 5260
434 6268
435 1371
435 1469
435 4850
435 5327
435 5790
436 956
437 1628
438 500
438 802
438 1484
439 546
439 1248
439 1563
440 2599
440 4117
440 4168
440 7005
441 446
441 684
441 2911
441 3337
442 2474
442 2870
443 456
443 614
443 1552
444 812
445 648
445 2209
445 2884
445 3164
447 461
447 2162
448 1446
448 1907
448 1910
448 2018
448 2363
448 2684
449 632
449 1606
449 2944
449 3292
450 1797
450 3533
451 592
451 1144
451 1689
452 699
452 2008
452 2402
453 654
453 1003
453 3395
453 3664
454 804
454 834
454 1090
454 5793
455 686
455 1005
455 1105
455 1607
455 4249
456 2070
456 3084
457 3579
457 4863
457 5139
458 1083
458 1178
458 2605
458 5876
459 1334
460 676
460 2235
460 4602
461 501
461 1202
461 2972
461 5922
462 2812
462 3049
463 1695
463 2875
464 1168
464 1327
464 1867
464 3815
464 4204
465 925
465 1955
465 3312
465 5319
466 667
466 1138
466 1960
467 1414
467 2303
467 7294
468 1975
468 3467
469 1389
470 589
471 815
471 918
472 904
472 906
472 944
472 1986
472 2891
473 724
473 799
473 4724
474 1370
474 1611
474 5100
475 719
475 1473
475 1534
476 527
476 1656
476 1875
479 1523
479 2851
480 795
480 2880
480 4060
481 983
481 4970
482 553
482 607
482 1008
482 1080
482 1348
482 1785
482 4779
482 6399
483 616
483 623
483 1914
484 985
484 1025
484 1854
484 2631
484 4154
485 518
485 604
485 885
485 4396
485 4828
485 5638
486 1311
486 4678
486 5486
486 6220
486 6259
487 789
487 2296
488 2715
488 3920
488 5554
489 800
490 641
491 702
491 1388
491 2862
493 551
493 1652
494 610
494 6222
494 7416
495 590
495 611
495 3900
495 4488
496 2344
496 3212
496 6794
497 769
497 2725
497 6422
498 561
498 695
498 1625
498 2849
499 758
499 1032
499 2026
499 2505
499 6662
500 926
500 1013
500 1225
500 4506
501 545
501 697
501 902
501 1559
501 6300
502 713
502 1549
502 2123
503 602
503 2507
503 3419
504 1751
504 2438
505 2114
505 2299
505 5724
505 6997
506 1533
506 6149
507 4595
508 950
508 1690
508 4354
509 1304
509 5065
510 932
510 4717
511 548
511 1794
512 4808
512 4864
512 6734
512 7421
513 899
514 578
514 3135
514 4774
515 572
515 1137
515 1600
515 1925
516 1338
516 1381
516 2933
517 642
517 986
517 1787
517 2573
517 7040
518 638
518 928
518 1916
519 867
519 2794
519 5758
520 3384
523 3523
524 1053
524 1917
525 849
525 890
526 845
526 5427
526 7307
527 1048
527 4084
527 6939
529 5816
529 6588
529 6678
530 646
530 785
530 1653
530 4239
531 748
531 962
531 1623
531 2188
531 2356
531 6142
532 2691
532 2773
533 6030
533 6602
534 1089
534 1109
534 3300
535 5385
536 6512
537 635
537 3063
538 647
538 2374
539 1310
539 1818
539 2792
539 3959
539 5969
540 559
540 568
540 978
541 619
541 3414
541 6037
542 2067
542 2179
542 2963
543 1596
543 3535
545 579
545 628
545 993
545 1282
545 4403
545 6347
546 818
546 1108
546 3153
547 2482
548 744
548 832
549 1536
550 2091
550 3499
552 599
552 1498
552 1890
553 1448
553 2267
553 3065
554 2619
554 4008
555 3308
555 3394
556 565
556 1061
556 1252
557 1810
557 4079
557 4824
558 627
558 629
558 693
558 1143
558 1208
559 838
559 6517
560 665
561 783
561 1046
561 1328
561 4375
562 876
562 4921
563 4907
564 1022
564 5437
565 2894
566 1021
566 1477
566 6946
567 949
567 1355
567 3673
567 4666
568 5357
568 6267
569 1342
569 1409
569 3264
569 3856
570 1548
570 5552
571 1273
571 1790
571 2359
571 5742
572 813
572 1767
573 1241
573 5900
573 6025
574 1294
574 1949
574 2164
574 5847
575 756
575 2639
575 5151
576 633
577 2925
577 4196
578 1044
578 1114
578 1157
578 4676
579 689
579 819
579 1074
579 2264
579 4740
579 6333
580 581
580 7435
581 3800
582 888
582 1675
582 1980
583 660
583 875
583 1989
583 7125
584 1640
584 6216
584 6501
584 6855
585 1331
585 2996
585 5937
585 6164
585 7353
586 643
586 883
586 1853
587 862
587 1088
587 1636
587 2225
589 1037
589 1069
590 1369
591 2586
592 2822
592 2855
592 3624
592 4454
592 5999
593 1769
593 7013
594 1102
594 1931
595 631
595 2323
595 2802
595 7189
596 2774
596 3423
597 847
597 1489
598 2043
598 2369
599 636
599 1951
599 2670
600 1239
600 2672
600 5976
601 712
601 1924
601 5827
602 823
602 3448
602 4347
603 1561
603 3316
603 3444
604 2236
605 820
605 1349
605 1737
605 4812
605 6239
606 696
607 1524
608 2093
608 3137
608 4367
608 5701
609 3753
611 1455
612 900
612 1278
612 1832
612 1845
612 3594
612 4466
613 735
613 934
613 1471
613 3364
613 3735
613 4841
613 5887
614 1715
614 2184
615 850
615 4419
616 3195
617 807
617 973
618 859
618 966
619 821
619 4160
619 7282
620 2277
620 3921
621 1039
621 2153
621 4545
622 722
622 1027
622 1427
622 1429
623 1670
624 723
624 1912
624 5462
626 796
626 905
626 1840
626 2063
627 1279
627 4040
628 865
628 1385
629 1272
629 5254
630 2943
630 3785
631 1386
631 1480
631 1687
631 3248
632 1339
632 4692
633 1166
633 6885
635 711
635 1375
635 2002
635 3010
636 1360
637 870
637 3008
637 6716
637 7231
638 656
639 661
639 698
639 1510
640 1800
640 1808
640 3298
640 7088
640 7155
641 852
641 3186
641 4163
641 7412
643 728
643 1811
643 7505
644 1238
644 1681
644 3131
644 3224
645 770
645 2314
645 5252
646 717
647 775
647 1780
647 2410
648 3679
648 6880
649 1391
649 2064
650 691
650 1170
651 975
651 1589
652 653
652 2835
652 3409
653 701
653 709
653 1209
653 1585
653 2571
653 4265
653 5456
654 1992
654 3577
655 729
655 1637
655 1661
655 2654
656 1121
656 1380
656 2733
656 7105
656 7465
657 1529
657 3972
658 1481
658 5806
659 828
659 895
659 4184
659 4977
659 5158
659 6695
659 7432
660 1092
660 1127
660 1210
660 4477
660 5275
661 2045
661 6832
662 754
662 1030
662 4829
662 5594
664 2865
664 3242
664 6402
666 1123
666 1145
666 6641
667 3087
667 6944
668 3530
668 6987
669 935
669 2041
669 6935
670 1163
671 6028
672 3363
673 786
673 1356
673 1758
673 2448
674 824
674 1097
674 1413
674 2467
675 924
675 2150
675 2673
676 1759
676 6570
677 1177
678 682
678 2496
678 4726
679 4276
680 897
680 1182
680 1660
680 2138
680 2319
680 2400
680 2537
680 2830
681 965
682 1106
682 1650
682 7441
683 919
683 3824
683 5026
684 937
684 1162
684 2395
684 3885
684 4149
684 5039
685 880
685 2798
685 2897
685 3433
686 4107
687 1289
687 2457
687 4985
688 1364
688 2550
688 3055
688 3066
688 5869
689 1079
689 1201
689 1226
689 3869
689 4096
689 4376
689 5564
690 1033
690 6064
691 1736
691 6741
692 1015
692 1746
693 909
693 1307
693 2247
693 6118
693 6560
694 1556
694 4321
694 6477
695 3722
696 1645
697 2104
697 5330
698 1006
698 1463
698 2042
699 4393
700 6437
701 3641
701 7295
702 1602
702 1720
702 1897
702 4128
703 1521
703 2231
704 843
704 4654
705 855
705 2579
706 1249
706 2065
706 2578
707 955
707 960
708 6187
709 977
709 1570
711 1500
711 2354
712 1247
712 1421
712 1647
712 4801
712 4900
713 1644
713 2033
713 5736
714 941
714 1826
714 1848
715 3293
715 3929
716 760
716 901
716 1081
716 1298
716 1789
716 4647
717 3092
718 3809
718 5465
719 753
719 1049
720 1547
720 1686
721 1117
721 1319
721 1757
721 1971
722 751
722 1468
722 1730
722 1988
722 3393
722 4005
722 4314
723 747
723 857
723 1337
723 4120
724 2034
725 1565
725 2324
727 1187
727 1268
727 1513
727 2712
727 4748
729 1426
729 1905
729 3033
729 4707
729 5095
729 5809
730 1154
730 6380
730 7506
731 1093
731 1293
731 1591
731 4963
731 5672
731 7060
732 1520
732 1999
732 2950
733 4628
735 764
735 2674
736 1312
737 3284
737 5436
738 836
739 1242
739 1271
739 4368
741 3488
742 768
742 1055
742 6815
743 6539
743 7065
744 1065
744 1416
744 2338
744 2548
744 6008
744 6369
745 1240
746 1118
746 3999
747 2025
747 2698
747 4301
747 4630
748 750
748 1655
748 5545
748 7118
749 1071
749 1425
749 2947
749 3517
749 3861
749 5608
749 6160
751 1573
751 4695
751 4708
752 970
752 5246
752 6557
753 2349
753 5643
753 7309
754 2516
754 4941
755 842
755 958
755 1616
755 5940
755 6406
755 6584
756 5873
758 1148
758 3114
759 953
759 1222
759 2196
760 5511
761 1116
762 765
762 2981
762 3123
762 6231
763 5837
764 2279
764 4278
765 3282
765 3552
767 7199
768 2551
769 2088
769 2365
769 2879
771 1502
771 1752
771 2028
771 3392
771 6675
772 1269
772 1680
772 4798
775 2407
775 2487
776 1050
776 4478
777 791
778 1503
778 5598
779 1095
779 1318
779 2532
779 5862
780 1232
780 4421
782 3182
782 4495
783 4222
783 5707
784 1156
784 1921
785 837
785 1211
785 4022
786 1635
787 4038
788 1205
788 2139
788 2901
788 3090
788 3107
788 3340
788 4858
789 1930
790 980
790 1167
790 1230
790 2451
791 2658
792 1793
792 4399
792 5134
793 1490
793 2044
795 1329
797 1181
797 3802
797 6635
799 2222
799 5639
800 1010
800 1657
800 3357
801 851
801 1782
801 2529
802 6627
803 1062
803 3302
803 3867
803 4904
803 5133
804 2075
805 1172
805 1227
805 1255
805 1842
807 1522
808 1229
808 6691
809 1866
809 1896
810 6619
811 998
811 7322
812 927
812 3904
813 1169
813 2699
813 7246
814 1214
814 3287
814 3970
814 4370
814 4471
815 1825
815 2208
816 2754
817 5762
818 922
819 1084
819 4338
820 4183
821 1412
821 1855
822 972
822 988
822 1964
822 2680
824 1153
824 1504
824 3285
824 3941
824 6798
824 6956
825 969
826 1615
826 1885
826 4918
826 5822
827 882
827 2498
827 6275
828 858
828 1218
828 1410
828 1511
828 2961
828 7392
830 2724
831 860
831 1535
831 3163
831 5675
832 5346
832 5585
833 3027
833 3600
833 6475
834 1756
834 3567
835 5625
836 4164
836 4560
836 5933
837 1292
837 3158
837 3986
838 2160
838 3585
839 2980
842 987
842 3322
842 4778
843 1407
843 2589
845 1501
845 3042
845 5278
846 5433
846 5567
848 1000
848 1047
848 5383
848 6227
849 1701
849 6711
850 3188
851 990
851 2895
852 3748
853 1403
853 1658
853 1668
853 1860
853 2029
853 2543
854 1581
854 7015
856 2370
856 4489
857 1067
857 4513
858 1516
860 1192
860 3254
860 4258
860 4738
861 1819
861 2023
861 2536
861 5310
862 3273
862 5634
865 1886
866 5509
867 878
867 2929
867 3020
867 4813
869 2508
869 6398
870 1745
870 2141
870 3930
871 1320
871 4235
871 4326
872 911
872 1085
872 1486
873 948
873 1082
873 1883
873 2282
874 1019
874 1662
874 4980
876 6083
876 6320
878 1704
879 3352
879 4398
880 1972
880 5016
881 2854
881 6551
883 3184
883 5943
884 1432
884 1692
885 3045
886 1731
887 1316
887 2969
887 3179
888 7224
889 3345
889 4773
889 5421
890 1175
890 1891
890 2765
890 5891
890 6204
890 6936
891 5036
892 982
892 2309
892 2520
893 2390
894 1451
894 1812
894 6244
895 1063
895 1111
896 1171
896 1560
896 1707
896 2187
897 1774
897 2621
897 2889
897 7070
898 1026
898 1634
898 2742
898 3660
899 3016
900 1028
900 4912
902 1807
902 1977
902 5339
902 6486
903 1837
904 4684
905 3166
907 1639
907 1985
907 2584
907 3378
908 5589
909 1724
909 2893
912 968
912 2734
912 3460
912 3692
913 6728
914 1399
914 1770
915 1465
915 2283
915 4241
916 4115
916 4552
917 2289
917 2450
917 3938
919 4953
920 979
921 1231
921 4758
922 1379
922 2275
922 3391
922 3424
922 4371
923 1564
923 2934
924 2867
925 4324
926 1492
927 1795
927 2152
927 2763
927 4224
927 7248
928 1023
928 1654
928 1856
928 2183
928 3589
928 4237
928 4464
929 2642
930 1188
930 2121
930 4898
930 6007
930 7081
933 1043
933 1206
933 1260
933 4153
935 957
935 1204
935 1651
935 1791
935 2630
936 1713
936 4895
936 4919
936 6033
937 1478
937 1519
937 3571
938 1841
938 3026
939 6250
940 1871
941 1064
941 6593
942 1835
943 1129
943 3772
945 6871
946 7132
947 3096
949 1151
949 1934
949 2082
949 4066
949 6875
950 1333
950 1569
950 2057
950 5471
951 2346
951 3586
953 3323
954 1128
954 3150
954 4407
955 1265
955 2061
955 3295
955 7174
956 4175
956 6284
957 4799
958 3070
959 1485
959 1919
959 5911
960 3919
960 7363
961 3926
962 1184
962 5669
963 2843
964 989
964 1186
964 1822
965 3200
965 3343
965 3789
966 1132
966 5057
967 1817
967 1879
968 2297
968 3677
969 1417
969 4083
970 4071
970 7260
971 2274
972 1236
972 1969
972 2140
972 3100
972 3326
972 5061
972 6186
973 4273
974 1509
974 4152
974 7262
975 1110
975 2301
976 4234
977 2182
977 4434
977 7124
978 1864
978 3438
978 3723
979 1799
980 1496
980 1784
981 3510
981 6217
982 2339
983 1387
983 1554
984 2350
984 7184
985 3495
985 3593
985 4939
985 6135
986 7202
987 4469
987 4567
987 5064
988 1691
988 2073
989 1630
990 1207
990 1256
990 4165
990 5152
991 6050
992 2304
993 1035
993 4547
993 7148
994 3646
994 4950
995 1525
995 2789
995 4699
996 2659
996 3040
996 6990
997 3531
997 7516
999 5233
1000 2167
1001 1781
1002 1221
1002 2905
1002 6735
1002 7513
1003 1760
1003 6311
1004 1099
1004 3375
1004 5884
1005 2038
1006 2096
1007 1303
1007 1438
1007 1622
1007 2340
1007 4825
1008 1012
1009 4902
1009 5217
1010 1147
1010 1200
1010 5985
1012 1193
1012 2521
1012 4198
1013 1902
1013 2766
1013 6823
1015 1189
1015 1246
1015 1411
1018 1340
1018 2764
1018 6895
1018 6967
1020 1131
1020 1173
1020 2614
1021 7214
1023 3072
1023 4210
1023 5966
1024 1913
1025 2452
1025 2858
1025 3060
1026 3011
1027 1377
1027 1479
1027 2931
1028 1029
1029 5686
1031 3077
1032 2652
1032 6354
1032 6949
1034 1262
1035 2107
1035 3676
1036 1514
1036 1761
1036 2772
1036 3370
1036 5796
1036 6255
1036 6965
1037 5739
1038 1372
1038 2128
1038 4012
1038 4978
1038 5939
1039 1633
1039 2367
1039 2811
1039 4123
1040 1778
1040 1941
1040 3018
1041 1978
1041 2072
1041 2664
1042 1216
1042 2169
1042 5092
1044 1775
1044 1849
1044 5124
1044 6193
1045 1366
1045 2058
1045 5773
1045 7183
1046 2006
1046 2295
1048 1315
1048 1741
1048 5522
1049 1224
1049 1803
1049 3787
1049 5641
1049 7098
1050 1944
1050 2148
1050 3061
1051 5258
1052 3035
1053 2286
1053 2386
1054 1091
1054 1261
1054 6727
1055 1727
1055 2823
1055 5810
1058 1418
1058 2227
1059 2671
1060 1194
1060 1665
1060 1710
1060 5970
1061 1341
1061 2024
1061 2103
1061 2428
1061 4823
1062 2135
1063 6036
1064 2932
1064 3160
1064 4253
1064 7252
1065 2079
1065 4283
1066 1107
1067 4486
1068 6269
1069 1991
1069 4643
1070 3165
1072 1406
1073 5463
1073 6322
1074 3744
1074 3870
1076 1086
1077 1112
1077 1295
1077 4846
1077 7318
1078 2861
1078 3480
1078 3706
1078 3806
1078 5944
1079 4290
1079 7256
1080 1627
1080 3046
1081 2523
1081 2524
1082 1722
1082 2902
1082 5949
1083 1763
1084 1122
1084 1997
1084 4015
1084 6063
1085 1313
1085 2014
1085 2254
1085 5553
1085 5745
1085 6194
1086 3434
1086 4433
1086 4782
1086 5918
1087 1223
1088 1744
1088 4263
1088 5329
1089 2469
1090 1739
1090 1898
1090 3687
1091 1305
1091 6869
1091 7064
1092 1322
1093 3482
1093 3830
1093 4344
1096 1460
1096 1617
1096 4680
1097 2553
1097 6068
1097 7178
1098 1368
1098 5753
1099 1135
1100 1394
1101 1219
1101 5685
1102 2387
1102 2768
1102 6468
1103 2134
1103 4091
1104 3703
1104 3939
1105 2624
1105 5532
1106 1244
1106 3173
1106 7323
1107 1152
1107 2238
1107 7286
1108 2667
1109 2126
1109 2593
1110 2940
1110 3178
1110 4256
1110 6549
1111 4281
1112 3207
1112 6955
1113 2036
1113 3243
1113 4226
1113 6341
1114 2321
1114 6620
1115 1641
1115 3994
1116 3058
1116 7016
1117 2261
1117 2342
1117 5325
1117 5629
1118 3446
1118 6966
1119 2736
1119 5528
1120 1555
1120 1877
1120 2077
1120 3686
1120 3896
1120 3984
1120 7160
1121 3244
1122 1742
1122 2641
1123 2291
1124 1235
1124 1857
1124 2132
1124 3147
1126 1286
1126 2089
1126 4317
1127 2019
1127 3205
1128 1134
1128 2252
1129 4195
1129 4418
1131 1801
1131 2095
1131 2285
1132 1362
1132 3766
1133 1906
1133 3447
1133 5227
1134 1716
1134 3288
1134 5787
1135 1437
1135 5086
1136 1694
1137 1697
1138 1859
1139 1283
1139 5507
1139 6931
1140 1401
1140 1603
1140 3080
1140 3823
1141 1185
1141 3229
1142 2308
1142 5183
1143 2234
1143 6503
1144 2211
1144 2985
1145 1351
1145 1733
1145 4682
1146 3310
1146 4377
1147 1911
1147 1927
1147 3804
1147 4243
1148 2011
1148 2118
1148 2463
1149 1392
1149 2618
1150 1290
1150 3762
1150 5868
1151 3828
1152 1155
1152 2052
1152 2686
1153 2085
1155 3520
1155 4712
1157 1452
1157 3196
1158 1325
1158 5957
1159 4652
1159 5154
1160 2205
1160 2389
1162 1165
1162 2030
1163 1464
1163 2372
1164 2298
1164 4521
1164 4887
1164 5765
1164 6791
1165 2761
1166 1515
1166 4541
1167 3559
1167 7352
1168 2638
1168 5565
1169 5631
1170 3071
1171 1251
1171 2552
1171 4417
1171 5147
1171 7042
1171 7181
1172 5050
1173 1461
1173 1870
1173 2310
1174 2727
1174 3786
1174 5247
1175 2917
1175 5419
1176 2005
1176 2129
1176 6387
1177 1466
1177 1610
1178 6410
1178 6984
1179 4539
1180 1664
1180 3091
1180 3576
1181 2817
1181 4753
1181 5956
1182 1601
1182 3297
1182 4908
1184 2315
1184 3250
1185 6002
1186 1901
1187 1882
1189 1420
1189 3086
1189 3496
1190 2242
1190 2848
1191 2099
1193 2665
1193 6687
1194 1743
1194 1938
1195 1314
1195 6355
1196 1454
1197 1445
1197 1604
1197 1703
1197 6129
1197 7047
1197 7269
1198 2737
1198 4073
1198 5113
1198 5336
1199 2530
1199 5830
1200 2786
1201 1659
1201 7417
1202 1765
1202 6006
1202 7180
1203 1981
1203 6261
1204 2869
1205 6181
1206 1308
1206 1718
1206 4524
1209 1431
1210 2313
1210 5378
1211 1450
1211 3015
1211 3455
1211 7102
1212 2439
1212 3897
1213 4099
1213 4473
1214 1343
1214 2675
1214 3508
1214 4460
1214 5726
1215 1920
1215 2027
1215 3201
1216 1922
1216 6330
1217 2137
1217 2952
1218 1281
1218 1393
1218 2419
1218 2528
1218 3232
1220 2316
1221 2287
1221 5051
1222 1237
1222 3067
1222 5543
1223 2739
1223 3048
1224 4766
1225 2603
1225 3151
1225 4342
1225 4867
1226 1688
1226 1942
1227 3461
1230 1575
1230 4788
1231 3801
1232 2198
1234 2795
1234 3289
1234 6419
1235 1254
1236 1804
1236 1829
1236 3834
1237 2105
1238 1373
1238 5459
1239 1404
1240 2744
1240 5428
1241 1453
1241 1734
1241 3218
1241 4130
1241 5013
1241 5963
1242 2305
1242 4626
1242 5352
1242 6905
1243 1335
1244 1456
1245 1284
1245 1932
1245 2405
1245 5460
1247 2726
1250 1263
1250 4041
1250 6199
1252 2136
1254 1357
1254 1762
1255 2380
1255 4300
1256 1702
1256 4250
1256 7046
1258 6828
1258 7433
1259 4353
1259 5269
1259 7280
1260 7071
1261 2068
1261 2383
1261 2479
1261 6236
1261 6409
1262 4042
1262 6673
1262 7305
1263 1666
1263 2731
1264 2228
1266 2954
1267 1365
1267 2281
1268 1400
1268 2325
1268 6248
1269 3405
1270 3180
1272 1359
1272 1433
1272 2440
1273 4805
1274 1444
1275 6513
1277 1287
1277 1578
1278 2948
1278 4365
1278 6792
1279 4137
1279 6176
1280 1344
1280 2544
1281 4112
1281 6120
1282 4391
1282 6652
1283 2133
1284 4796
1284 5116
1284 7006
1285 4940
1286 1754
1286 3098
1286 6834
1287 2546
1288 1397
1288 3848
1289 1566
1289 1629
1289 1632
1290 2974
1291 5384
1292 4157
1292 4606
1293 2413
1293 6546
1294 1326
1294 1558
1294 2606
1294 4938
1294 6137
1295 2892
1295 3371
1295 4257
1296 1430
1296 2800
1296 3140
1296 4429
1296 4642
1296 5832
1297 2444
1297 5273
1298 4014
1298 4411
1299 2655
1300 1390
1300 2495
1300 3872
1300 4491
1302 3290
1303 2203
1303 2805
1303 6285
1304 3353
1304 6724
1305 1966
1305 2217
1305 3237
1308 2788
1308 5241
1309 1943
1309 3217
1309 6430
1310 1776
1310 2559
1310 2886
1310 3592
1310 6713
1311 4999
1312 1619
1312 3914
1312 4885
1313 1317
1313 1528
1314 1880
1314 2009
1314 3190
1315 1378
1315 3412
1315 5769
1316 4836
1316 5058
1317 1974
1318 1598
1318 1643
1320 1593
1320 3747
1321 5390
1321 6329
1323 1888
1323 3908
1323 5168
1323 6521
1324 2360
1324 2781
1326 1541
1326 6569
1326 6698
1327 1507
1327 1540
1327 5432
1329 1698
1329 2977
1329 3497
1329 5519
1330 3538
1331 3214
1331 5825
1332 2170
1332 2850
1332 4219
1333 1382
1333 3113
1333 5508
1334 5430
1335 2705
1337 2634
1338 1567
1339 1594
1340 3216
1341 3029
1341 3873
1341 4849
1343 5912
1345 2617
1345 3259
1345 5644
1345 7191
1346 6514
1347 4503
1348 3833
1349 1423
1349 3618
1350 4540
1351 3332
1351 7408
1352 1579
1352 3428
1352 5399
1353 1805
1354 2333
1355 7391
1357 1979
1357 2692
1357 5628
1358 1893
1358 3962
1359 2250
1359 2587
1359 5450
1360 1419
1360 1833
1360 2441
1360 3426
1360 4719
1360 5959
1360 6510
1361 2747
1361 3023
1362 1590
1362 4507
1363 1728
1363 6920
1364 2233
1364 3028
1365 2609
1365 4384
1366 1580
1366 1764
1366 2271
1366 4327
1368 1557
1369 2074
1370 2337
1370 2371
1370 2525
1370 2926
1370 3044
1372 1530
1372 2702
1373 1441
1373 2355
1373 3595
1374 1415
1374 1779
1374 2460
1374 2506
1374 6210
1375 2379
1375 2565
1375 4155
1375 4906
1376 4220
1376 5823
1377 2288
1377 3281
1378 1595
1379 2871
1379 3191
1380 3367
1380 5398
1381 1442
1381 5171
1382 1956
1383 1402
1383 4190
1384 2899
1385 4158
1387 2156
1387 2623
1387 3064
1388 2776
1388 3193
1389 4049
1389 5517
1390 1959
1390 2111
1390 4492
1391 1483
1391 2189
1393 3587
1395 1772
1395 4535
1396 1527
1396 3563
1397 5181
1397 6226
1398 5723
1399 6826
1400 4800
1401 1550
1402 2997
1402 3898
1403 2232
1403 4971
1404 1823
1404 3605
1404 5828
1405 5980
1407 2538
1408 4787
1409 4102
1409 4736
1410 3456
1412 4114
1413 1424
1414 3553
1414 3591
1414 3813
1415 1497
1415 1583
1417 2049
1417 2904
1417 2992
1417 3699
1417 4392
1417 7029
1417 7032
1419 1435
1419 2945
1419 3712
1419 5021
1421 3693
1421 3889
1421 5282
1422 1620
1422 2466
1424 4406
1425 2415
1426 2163
1426 4501
1428 3498
1428 3509
1428 5161
1428 7333
1430 2547
1430 3501
1431 7312
1432 1958
1432 5711
1432 6214
1432 6821
1433 3260
1433 3515
1433 3540
1434 2224
1434 3777
1435 3899
1435 5170
1435 6799
1437 1838
1437 5402
1438 3104
1439 1517
1439 2601
1439 3769
1441 3413
1442 3233
1442 3702
1443 1679
1444 5262
1445 1711
1445 1990
1445 2125
1445 5469
1447 5366
1448 6868
1448 7263
1449 1539
1450 5063
1451 1532
1452 2368
1452 3146
1452 3765
1453 3198
1453 3763
1453 4988
1453 6860
1454 5609
1455 1725
1456 6947
1457 5141
1459 2779
1460 2775
1460 4230
1461 2938
1461 6848
1462 5836
1464 7017
1465 3459
1465 4345
1465 4709
1465 5710
1466 3755
1466 5941
1467 1586
1467 2384
1468 2412
1469 1476
1470 1472
1471 2485
1471 2720
1471 6812
1474 2185
1474 7431
1475 1609
1475 2192
1475 4888
1475 6653
1476 1605
1476 2414
1476 5121
1476 7492
1477 7222
1478 6188
1479 7190
1480 1815
1480 3386
1480 7149
1481 1947
1481 4875
1482 2499
1482 3443
1482 4749
1483 2059
1483 2669
1483 5955
1485 2097
1485 2749
1486 3030
1489 1631
1489 5496
1490 2039
1490 2434
1490 5529
1491 2317
1491 3844
1493 2500
1495 1708
1495 5182
1495 6095
1495 6266
1497 2919
1499 6522
1500 3880
1500 4756
1501 2745
1501 5477
1502 7147
1503 5474
1505 2706
1505 7000
1506 6916
1507 1685
1507 3197
1507 3349
1508 4087
1508 7401
1509 2056
1509 3609
1509 3821
1510 5441
1511 2568
1512 3557
1513 3841
1513 4358
1515 2255
1517 4236
1517 6753
1519 1587
1519 2257
1519 2732
1519 6242
1521 4965
1521 5448
1521 6670
1522 3309
1523 3888
1524 5253
1524 5713
1524 6493
1525 3383
1526 3038
1528 1796
1528 2113
1529 2437
1529 6989
1529 7110
1530 4025
1531 1868
1532 1814
1532 2806
1533 2159
1533 3112
1533 3728
1534 2124
1534 2492
1536 3089
1537 2758
1537 4966
1538 1952
1538 2290
1539 2455
1539 6053
1540 1544
1540 2883
1541 2522
1541 2983
1541 5571
1542 1755
1542 1993
1542 2229
1542 2343
1542 6511
1543 2145
1543 2755
1544 3125
1545 4106
1546 3573
1546 4172
1547 1984
1548 4598
1549 2973
1549 5458
1550 6122
1551 2351
1551 6108
1552 2269
1552 2906
1552 3225
1553 1738
1553 2396
1553 5103
1553 6867
1554 3604
1556 2021
1556 2154
1556 4969
1557 5388
1558 2401
1558 3134
1558 4496
1559 2964
1559 3034
1559 4627
1559 4959
1561 4070
1562 2510
1562 2594
1562 4482
1563 2956
1564 2728
1564 4032
1564 6847
1566 3518
1566 3599
1566 5704
1566 6039
1566 6140
1566 6504
1566 6801
1566 7090
1567 4664
1568 2756
1570 2607
1571 3453
1571 4092
1572 6840
1573 1582
1574 3479
1574 3639
1574 5410
1575 2007
1575 2561
1576 4710
1577 1649
1577 4330
1577 6625
1578 1700
1578 2993
1579 3788
1579 6518
1581 4410
1581 5677
1582 3143
1582 4427
1583 5201
1585 4851
1585 6667
1586 2040
1587 2710
1587 3083
1587 3219
1587 6778
1588 2119
1588 2494
1589 1786
1589 3752
1590 1968
1590 2246
1591 3172
1592 1839
1592 2722
1592 2846
1593 2421
1593 3159
1593 7010
1595 5858
1596 4436
1596 5218
1597 2471
1598 1638
1598 2031
1598 6066
1599 3099
1600 2230
1600 7526
1601 6344
1602 1677
1602 4881
1602 5341
1603 2245
1603 3955
1604 1847
1604 1973
1605 5373
1606 2718
1606 3305
1606 5633
1607 2172
1610 3978
1610 4802
1611 6878
1611 7324
1612 3021
1613 2446
1614 1987
1614 6440
1615 3185
1615 4911
1616 3539
1616 5850
1618 3697
1618 3868
1621 2131
1622 1750
1622 2563
1623 2986
1623 3356
1623 5856
1624 7346
1625 2454
1626 2341
1627 2921
1627 6237
1627 6302
1628 1962
1630 2012
1630 2278
1630 2429
1630 2588
1630 5789
1631 1706
1631 1961
1632 1933
1632 2180
1633 2808
1633 3942
1633 6904
1634 6929
1635 3462
1636 2120
1636 7360
1637 2970
1637 3707
1638 1948
1638 2424
1638 5730
1639 5466
1641 2112
1641 4731
1642 2627
1642 3643
1642 5335
1643 2682
1643 6684
1644 3430
1645 4259
1646 3683
1646 3745
1647 5202
1647 5538
1647 6146
1648 3032
1648 3338
1649 3120
1650 2110
1650 2840
1650 3050
1650 5520
1650 5953
1650 6768
1652 2549
1652 3031
1652 3820
1652 4444
1654 1830
1655 2598
1655 6024
1655 6346
1657 4810
1658 3014
1658 4013
1658 5881
1658 7004
1658 7469
1659 2050
1659 2640
1660 3348
1660 3956
1661 3987
1661 6948
1662 1712
1662 1869
1662 2554
1663 3168
1664 3335
1665 3265
1666 1683
1666 4311
1667 6814
1668 1904
1668 4696
1669 2251
1670 3670
1671 2361
1671 3085
1672 1766
1673 3617
1673 4255
1674 4605
1674 6859
1675 2240
1675 6151
1676 2562
1679 3783
1680 1872
1681 2035
1683 4493
1683 5505
1684 1923
1686 2016
1686 2165
1686 5925
1687 3781
1688 1821
1689 3565
1691 2046
1691 4397
1692 3657
1692 3743
1693 3022
1695 4319
1698 7151
1700 2534
1702 3377
1702 6015
1703 6405
1704 1809
1704 7121
1706 3301
1707 2385
1708 2829
1708 5393
1709 1983
1711 3007
1711 6009
1712 3474
1712 3799
1712 6052
1712 6240
1712 6639
1713 1994
1713 2486
1713 5965
1714 6784
1716 2572
1716 6327
1717 3667
1718 2804
1718 5177
1719 2456
1719 2501
1719 4146
1720 1846
1720 2098
1720 2713
1722 1777
1722 7134
1723 2555
1725 2158
1725 2263
1728 2053
1728 3542
1729 3582
1729 4526
1729 5493
1729 5984
1729 6364
1729 6562
1731 2328
1731 3727
1732 4701
1733 2896
1736 4043
1737 6726
1738 4077
1739 2409
1742 5055
1743 4244
1743 6567
1747 5239
1747 5481
1750 2357
1750 3912
1751 4975
1751 7426
1752 2845
1752 3463
1752 6056
1752 6281
1753 5761
1754 2373
1754 5043
1755 2417
1756 2979
1756 3503
1756 6376
1757 3547
1757 5782
1758 3102
1760 2957
1761 3277
1761 5290
1762 3928
1768 2270
1769 1851
1770 2293
1770 2312
1772 1828
1772 2560
1773 1881
1773 2442
1773 2650
1773 5294
1774 2000
1774 6000
1775 7370
1777 4737
1778 7275
1779 4646
1779 5368
1780 7084
1780 7397
1781 7104
1782 2570
1782 3859
1782 3934
1782 5942
1782 6372
1784 4755
1785 3374
1785 4045
1787 4056
1787 5424
1788 3734
1791 3756
1791 4844
1791 6906
1792 1813
1792 2810
1793 6085
1795 2376
1795 2908
1795 6600
1795 6899
1797 2590
1797 5750
1797 6683
1798 2362
1798 2608
1800 2475
1800 2564
1800 6873
1801 2828
1801 4423
1802 4525
1804 1884
1804 6431
1805 3893
1806 2115
1806 2582
1808 2020
1808 2411
1809 4205
1810 3133
1810 3741
1811 3663
1812 3642
1812 6536
1813 6703
1816 7518
1817 3047
1818 2995
1818 4142
1818 4292
1819 3640
1820 3019
1820 3410
1821 3106
1821 4937
1821 5709
1824 3128
1825 2777
1825 4291
1826 2213
1827 2690
1827 3360
1828 3583
1828 3916
1828 4134
1829 2151
1829 3953
1830 3247
1832 7001
1834 4931
1836 6288
1837 2032
1837 5251
1837 6456
1837 7510
1838 5851
1839 5369
1840 1936
1840 2580
1840 2657
1841 2998
1841 5803
1841 6425
1841 7299
1842 5751
1843 2971
1844 5929
1844 6277
1845 3006
1845 4596
1847 3094
1847 3267
1851 3793
1851 4408
1852 2051
1852 2307
1852 4663
1853 6133
1854 1926
1854 2820
1855 3041
1855 4385
1855 4579
1855 6084
1856 5169
1857 5754
1859 2566
1859 2741
1859 3103
1860 4231
1861 4269
1862 6581
1863 4095
1864 2155
1864 2679
1866 3187
1866 4843
1866 4905
1868 3286
1868 5052
1868 6530
1869 2567
1872 3082
1873 2168
1873 2859
1874 3876
1874 4027
1875 2701
1876 5191
1876 6942
1877 2841
1878 2194
1879 2272
1879 7356
1880 2782
1880 3365
1880 4599
1881 2819
1881 3768
1881 6964
1886 4826
1887 3118
1888 6116
1889 4618
1889 6179
1890 3245
1891 2181
1892 4355
1892 4422
1893 4274
1893 6795
1894 5000
1895 6564
1895 7300
1897 4192
1898 2826
1898 6155
1899 2860
1899 3854
1899 6229
1900 3013
1900 3154
1901 4581
1902 2988
1903 5974
1904 2447
1904 2481
1904 3155
1905 2723
1906 2416
1906 5222
1908 3665
1908 5157
1909 2445
1909 3432
1911 2102
1911 2403
1912 4882
1913 4108
1914 2106
1914 2803
1914 3866
1916 3262
1917 2512
1917 6845
1919 4296
1920 1976
1921 2219
1921 2462
1921 4029
1921 4641
1922 2101
1922 4636
1922 5784
1923 5198
1924 4742
1925 2653
1925 3425
1925 6780
1926 2302
1928 3584
1928 3881
1929 3228
1930 2221
1930 3903
1930 5714
1930 5840
1931 4872
1931 5400
1931 5748
1932 5648
1932 7512
1935 3303
1938 4868
1939 2174
1939 4533
1940 3203
1942 7425
1943 2470
1944 4364
1945 3415
1945 3901
1947 2629
1947 7366
1948 4171
1950 3002
1950 4691
1951 4145
1951 4597
1952 5060
1952 6972
1953 2592
1955 2989
1955 6715
1957 2651
1957 3170
1957 3829
1957 5070
1957 5665
1957 7292
1958 7053
1959 2273
1961 6365
1963 2677
1966 3974
1967 2422
1968 2358
1968 5539
1970 2147
1970 2816
1970 5226
1971 2083
1971 7287
1972 4729
1973 2178
1973 3054
1973 4623
1973 6004
1974 5296
1976 3246
1976 4400
1978 2127
1978 4289
1979 3132
1980 6461
1981 2100
1983 3544
1984 3568
1984 4178
1984 4591
1985 5795
1985 5992
1986 2037
1986 3871
1988 3827
1988 4309
1989 3623
1989 4814
1991 3275
1991 3314
1992 2616
1992 5216
1993 6595
1994 2243
1994 4214
1994 7173
1995 2799
1996 2844
1997 4698
1998 2237
1998 2266
1999 2716
1999 5977
2000 2001
2000 2062
2000 3017
2002 3945
2003 5361
2004 3001
2004 6524
2005 2545
2005 4428
2008 2426
2008 4211
2008 6912
2008 7520
2010 6957
2010 7200
2010 7362
2011 6813
2013 2557
2013 7026
2014 2490
2015 2094
2016 3274
2016 5604
2017 3968
2018 2332
2019 5068
2021 4404
2021 4538
2021 4964
2022 2054
2022 2489
2022 3252
2023 3361
2023 6270
2024 4139
2027 2186
2028 2220
2028 2809
2028 7407
2029 3907
2029 4947
2029 5620
2029 6582
2030 2161
2031 2215
2033 2700
2034 2084
2034 2239
2034 5112
2035 7019
2036 2080
2036 3317
2037 6890
2038 3222
2039 4430
2040 3169
2040 3711
2040 6172
2041 3668
2042 4141
2042 6975
2043 3471
2043 5833
2045 2294
2046 3857
2049 5270
2049 7466
2052 4528
2052 7463
2056 6418
2058 3235
2058 3401
2060 3943
2061 2704
2061 5435
2064 5682
2065 2504
2065 5418
2066 3975
2067 6599
2068 3263
2068 3931
2068 5364
2069 3560
2070 4118
2071 2687
2071 3069
2073 3718
2074 2595
2074 5683
2074 5690
2075 6123
2077 2393
2077 2585
2077 4565
2078 2262
2078 2488
2079 7448
2079 7499
2080 2330
2082 5267
2083 3602
2083 4194
2084 3977
2085 4382
2085 5874
2086 3000
2086 4305
2087 3905
2087 5153
2089 2329
2089 2397
2090 7439
2091 2256
2093 2503
2094 3269
2094 4438
2095 2814
2095 2832
2096 2636
2096 4725
2098 7319
2099 3330
2099 6191
2101 2406
2106 4307
2106 6862
2107 3157
2107 7400
2108 6640
2111 2320
2112 3324
2113 3226
2113 3812
2114 2533
2117 2461
2117 7488
2118 3230
2119 2404
2119 5242
2119 6923
2120 4821
2120 6148
2121 5536
2123 5875
2123 6031
2124 3440
2124 4786
2125 3780
2126 3129
2126 3779
2126 5659
2127 2539
2127 5176
2129 2331
2129 4927
2130 2923
2130 4129
2130 4348
2130 4803
2130 4816
2131 3598
2132 6598
2133 4135
2134 4576
2134 6505
2135 3402
2136 6561
2137 2527
2137 2662
2137 3826
2138 2678
2138 7434
2139 4267
2140 3720
2140 4113
2140 4934
2141 5194
2143 3635
2143 7296
2144 3746
2144 4509
2147 2937
2148 2709
2148 2757
2148 5558
2148 6391
2149 3366
2149 4206
2151 6594
2152 3796
2156 3109
2157 6854
2158 4842
2158 6547
2159 3886
2159 4981
2160 2920
2161 6502
2162 7278
2163 3097
2164 2177
2165 3421
2166 4362
2167 5548
2168 2759
2168 3572
2168 4720
2168 6048
2169 5165
2169 6692
2170 2542
2171 6018
2172 2347
2172 2837
2173 3505
2173 3637
2174 2591
2174 4020
2174 5208
2175 3764
2176 5859
2177 2676
2177 4522
2179 2435
2179 3626
2181 5557
2181 7419
2183 3630
2183 4687
2183 5143
2184 3993
2186 2197
2186 4762
2189 3355
2191 3162
2191 6392
2194 2284
2196 3634
2196 6017
2198 4566
2199 3656
2199 3865
2199 4050
2201 3776
2201 5004
2203 2793
2204 2511
2205 2990
2205 3616
2206 3516
2206 5455
2206 7123
2207 4426
2209 3674
2209 4069
2209 5337
2210 2432
2211 5283
2212 4039
2212 4537
2212 6098
2212 7255
2214 5249
2216 3249
2217 2767
2217 7135
2218 2903
2218 3817
2218 6679
2219 3057
2219 5892
2220 2241
2221 3258
2225 2382
2225 3519
2225 5228
2225 7486
2227 4262
2228 6924
2230 2408
2231 3558
2231 4191
2232 3564
2232 4848
2233 3874
2233 4793
2233 5203
2233 6605
2235 3895
2235 4819
2236 6054
2239 4582
2239 5855
2239 7445
2240 2292
2240 5040
2241 3575
2241 5140
2242 2513
2242 5351
2242 5453
2243 2259
2243 6888
2244 7328
2245 3798
2245 4432
2245 5381
2247 6153
2248 2847
2249 5309
2249 5870
2250 4475
2250 5077
2250 5377
2253 2458
2253 5142
2253 5502
2254 3611
2255 4346
2256 5470
2260 7078
2261 5600
2263 5702
2264 3177
2264 5345
2265 7206
2266 3890
2266 4248
2267 5074
2267 5482
2268 2366
2270 6225
2270 7338
2272 2535
2272 4472
2273 3738
2273 4085
2274 2909
2274 6102
2275 4809
2277 2912
2277 4500
2277 6921
2283 7082
2285 3521
2286 2915
2286 3105
2286 5166
2288 2839
2288 4299
2288 4508
2289 3601
2289 5408
2290 4834
2290 6808
2291 2517
2291 3081
2293 2681
2293 3684
2294 2939
2295 5935
2297 5904
2297 7393
2298 2697
2299 2335
2300 3492
2300 4340
2301 3183
2302 5014
2303 6782
2304 2483
2304 4452
2305 5349
2305 6274
2307 4004
2308 2334
2308 2688
2308 3372
2309 2459
2309 6787
2310 4531
2310 6616
2314 2327
2316 4757
2316 5028
2317 3115
2317 4162
2318 2449
2318 2663
2322 2951
2322 5439
2322 6439
2322 6603
2323 3093
2324 2856
2324 6694
2325 4945
2326 2660
2327 5069
2329 2771
2329 3807
2330 2730
2331 7414
2334 2656
2334 4561
2335 2645
2335 3202
2336 4463
2337 5630
2338 4568
2339 2478
2341 2576
2341 7258
2342 4302
2344 4511
2344 5185
2344 6315
2345 2735
2345 4186
2346 5093
2347 4649
2347 5244
2348 4490
2348 4784
2348 5420
2348 6424
2349 2914
2349 2976
2350 6371
2351 3036
2352 4374
2355 2620
2355 3795
2355 4922
2356 2738
2357 5011
2358 3846
2360 2583
2361 3649
2361 3971
2362 6189
2363 5487
2364 6397
2364 6983
2365 6197
2366 3136
2368 2785
2368 6934
2370 2577
2371 2378
2371 3961
2371 6951
2372 3192
2372 7044
2373 7388
2374 6672
2375 2649
2376 4372
2377 4328
2378 6810
2379 3408
2380 2392
2380 4349
2381 6198
2383 3864
2383 6086
2383 6265
2384 3923
2385 2877
2385 4167
2386 6345
2387 7317
2388 3079
2388 4894
2390 5162
2392 7389
2393 3319
2393 4822
2393 5215
2394 3840
2394 4923
2398 3771
2398 6196
2399 3546
2400 2497
2401 4893
2401 6681
2402 2574
2402 4571
2405 3751
2407 3452
2408 2916
2408 2928
2409 4086
2413 2420
2414 3615
2414 5446
2415 4356
2416 3241
2416 3632
2416 3836
2418 5931
2419 4984
2420 3210
2421 4170
2421 7345
2422 3691
2423 3487
2423 6578
2424 3610
2426 6853
2428 2711
2431 2693
2431 6756
2433 5078
2436 3661
2436 5556
2436 7185
2438 2647
2438 6837
2441 2801
2442 2514
2442 7423
2443 2689
2444 2453
2447 4553
2448 2813
2448 5066
2448 5266
2449 2729
2451 4390
2451 5277
2454 3729
2454 4409
2455 2575
2455 2760
2456 3512
2457 4609
2457 6706
2459 3695
2460 6725
2461 2821
2461 4852
2461 5613
2462 3052
2462 7195
2463 3331
2464 4957
2466 4671
2468 4336
2468 6289
2472 5871
2473 3307
2473 4961
2474 2927
2474 3427
2474 6190
2474 6968
2475 2873
2476 5717
2478 2740
2478 4743
2480 2694
2480 3944
2481 3951
2481 4745
2482 4873
2482 7165
2484 2721
2485 6246
2486 3381
2487 6132
2488 3261
2489 5844
2489 6650
2490 4180
2490 5883
2491 4058
2491 7285
2492 3973
2492 5406
2493 2900
2494 4019
2495 4369
2496 4254
2497 6232
2497 6697
2498 4308
2499 2831
2499 4446
2499 6722
2500 3431
2502 6215
2506 3849
2508 4144
2509 4093
2510 2558
2510 2966
2512 3270
2512 6556
2513 5238
2514 5342
2514 6857
2515 2999
2515 4053
2516 3240
2516 6195
2517 2633
2517 4251
2517 6092
2520 5467
2520 6010
2520 6710
2521 3506
2521 5300
2521 5540
2522 4272
2522 5663
2523 3253
2525 2719
2526 4268
2528 2790
2529 4665
2530 2597
2532 5442
2532 5649
2533 3318
2535 3948
2536 2615
2536 2783
2536 3056
2538 3504
2538 6447
2539 3074
2540 4067
2541 2838
2541 3141
2542 3304
2542 3671
2542 5001
2545 2958
2546 3403
2546 4010
2546 4869
2547 3484
2548 3719
2550 3206
2550 3645
2550 3917
2550 4660
2553 4223
2554 3211
2555 6856
2557 6057
2558 2717
2559 3733
2563 5131
2564 3351
2565 2797
2566 4059
2566 7142
2568 3268
2570 2784
2570 4611
2571 5434
2572 2622
2573 3662
2573 6298
2574 4629
2575 3382
2578 3004
2578 3117
2578 5693
2579 3266
2580 3354
2580 5524
2582 7051
2583 5109
2583 5767
2584 3782
2585 6134
2588 3144
2589 4366
2590 3296
2591 5812
2592 4915
2592 5559
2592 5930
2592 6383
2592 6613
2593 4240
2593 5688
2596 7093
2596 7208
2597 5802
2598 4284
2600 3466
2600 4467
2601 6061
2601 6909
2601 6962
2602 5804
2602 6661
2602 6925
2603 3194
2604 2746
2604 4974
2605 3550
2605 3698
2607 2887
2608 3839
2609 3831
2610 3329
2610 5137
2611 3476
2613 4413
2616 4215
2618 3003
2619 2778
2619 3294
2619 4556
2620 3174
2621 4760
2622 2941
2623 3678
2625 3983
2625 4057
2626 3717
2626 4529
2626 5264
2627 5864
2632 4261
2632 4523
2632 4855
2636 4310
2638 6390
2638 6446
2639 3522
2642 3256
2643 6484
2644 2769
2644 5081
2645 3376
2645 6482
2646 6245
2649 5159
2650 3142
2650 5646
2655 6408
2658 2708
2658 4550
2658 5657
2659 3390
2659 3705
2659 5743
2662 5967
2663 3420
2665 3475
2665 3554
2665 4520
2666 4133
2666 6803
2667 4694
2669 6256
2671 3525
2672 3051
2673 6091
2675 6740
2677 5304
2679 3997
2681 4350
2681 7076
2681 7454
2682 6279
2682 6705
2683 3149
2683 7225
2684 3130
2684 3716
2685 2857
2685 6357
2686 5623
2691 3481
2691 5619
2692 6438
2693 2750
2694 4202
2695 4765
2695 5186
2696 7145
2697 2796
2697 4131
2697 4182
2698 3633
2700 6680
2700 6709
2702 6500
2702 6671
2706 2975
2707 5738
2707 6444
2709 2881
2709 4562
2711 7128
2712 5149
2712 6352
2715 4697
2715 7169
2716 5119
2717 3122
2719 3845
2722 3139
2722 4673
2723 4735
2723 5317
2724 4530
2724 5174
2725 4104
2727 7373
2728 3688
2728 3810
2728 5562
2730 2836
2732 2878
2732 4208
2733 4621
2738 4188
2739 3236
2739 3588
2740 3631
2742 3878
2743 5764
2746 6690
2747 4558
2748 3603
2748 3852
2748 4620
2751 3299
2751 5350
2751 6866
2752 5268
2752 7442
2753 4686
2754 3119
2754 6353
2755 4453
2755 6614
2756 3669
2756 3976
2757 4420
2757 6494
2760 3350
2760 6597
2760 6926
2761 4514
2761 5173
2762 4323
2763 3851
2765 4580
2765 6769
2766 2864
2767 3619
2769 3024
2769 3883
2770 2868
2770 5206
2770 6202
2771 3966
2772 5907
2773 3025
2773 4285
2774 6301
2776 5664
2779 4926
2780 3682
2780 7525
2781 3726
2783 4818
2783 7277
2784 5261
2785 2874
2785 3814
2787 4121
2788 3946
2788 4024
2789 3437
2791 5575
2794 2918
2794 5101
2796 4395
2797 3913
2799 3825
2803 4174
2806 3816
2806 5096
2806 7316
2811 4635
2811 7321
2812 3514
2812 5798
2813 4675
2814 3271
2814 6257
2816 2885
2819 3759
2819 7517
2822 3850
2823 3750
2824 2930
2824 5080
2824 7495
2827 4000
2829 3739
2829 6462
2832 3389
2832 5034
2834 5938
2835 6590
2835 6969
2835 7472
2836 6251
2837 4229
2839 5426
2839 5879
2842 3449
2842 3532
2843 2968
2844 3465
2845 5775
2847 3407
2847 6467
2847 7068
2850 2953
2850 3933
2851 3121
2851 4723
2851 6676
2853 5673
2855 3548
2856 3715
2857 4997
2858 4006
2858 7106
2859 5606
2860 4232
2860 5007
2862 3321
2865 3116
2865 5129
2867 3110
2867 4722
2868 3918
2868 6262
2869 5315
2870 5997
2871 4304
2871 4440
2872 4874
2873 3597
2873 5476
2874 4179
2874 4570
2875 2962
2875 3549
2878 4644
2879 4373
2881 3406
2882 3773
2882 4569
2883 5024
2883 7249
2884 4688
2884 7237
2884 7509
2885 7515
2886 3922
2886 4992
2887 2991
2888 3333
2889 4402
2889 4741
2890 3650
2890 5853
2892 3742
2892 6396
2893 4063
2893 4903
2894 4924
2896 3608
2897 3464
2897 3838
2897 5981
2899 4173
2899 4982
2901 4968
2904 5485
2905 6106
2905 7162
2907 3556
2909 3227
2909 4359
2910 4608
2911 4383
2912 3470
2912 4185
2920 3325
2920 3359
2920 5340
2920 5618
2921 5908
2922 6243
2924 3805
2925 2959
2927 4577
2927 6258
2927 7002
2928 3208
2930 3400
2930 4126
2931 3526
2931 6305
2932 6785
2933 4487
2933 4668
2935 4282
2939 3313
2939 5136
2940 3760
2940 3911
2940 4455
2940 7304
2941 3418
2942 5831
2946 3658
2946 4751
2948 5380
2949 4928
2949 5027
2950 2955
2951 3980
2951 4351
2952 4252
2953 5370
2955 3979
2956 4610
2958 3863
2958 4031
2961 3156
2962 3059
2962 3965
2962 6469
2966 3005
2966 5164
2966 5655
2973 4549
2973 5996
2974 4804
2975 3315
2976 3989
2977 3387
2979 4090
2979 4424
2979 5863
2980 6773
2982 3255
2988 5285
2989 5110
2991 6786
2992 3606
2993 3992
2995 3613
2997 3220
2997 4896
2997 6035
3000 3334
3000 5483
3000 6079
3001 5209
3003 3223
3003 5903
3005 3234
3005 6523
3006 5041
3007 4614
3009 4690
3009 6005
3010 5211
3015 5235
3015 6559
3015 7226
3016 3636
3016 7381
3017 6074
3017 7054
3018 5276
3020 3689
3020 5374
3021 3490
3023 3108
3024 3491
3024 5293
3024 5801
3025 3647
3025 5020
3025 5577
3027 4534
3027 4683
3029 5560
3030 5760
3034 5624
3035 3231
3035 4505
3040 3485
3040 4003
3042 4030
3042 4718
3042 7427
3044 3536
3046 3279
3046 7483
3047 6429
3048 3511
3048 6457
3048 6507
3049 3342
3049 4613
3051 3111
3052 3651
3054 4103
3054 4884
3054 6156
3056 3714
3056 6334
3058 4068
3061 4047
3061 4275
3061 4293
3061 4637
3061 6628
3062 3379
3063 4585
3064 5221
3065 4442
3065 4811
3066 5513
3068 4653
3070 5572
3070 5632
3070 6423
3071 4479
3072 3075
3072 3502
3072 3672
3073 5451
3074 3853
3074 4089
3076 4242
3077 4335
3077 4711
3078 4994
3080 3088
3081 5104
3082 6721
3083 4832
3083 5521
3085 3680
3086 7204
3087 6147
3089 5954
3090 3368
3093 6093
3094 3276
3096 3843
3096 6660
3097 3655
3099 3758
3099 4187
3100 5829
3100 6685
3104 3811
3104 3884
3105 4462
3107 3832
3107 3940
3107 5213
3107 5284
3108 3126
3109 3835
3109 4883
3109 6361
3110 4704
3112 5755
3112 7452
3113 6022
3114 4548
3117 3148
3120 3422
3120 3862
3123 4639
3123 5852
3124 3213
3124 4379
3128 5062
3129 3478
3129 7030
3133 6642
3134 5544
3138 6783
3140 5395
3145 3749
3148 3167
3149 3622
3149 3910
3149 5913
3150 3339
3150 6436
3153 7293
3155 7031
3157 5033
3160 6953
3161 3909
3162 3621
3162 4100
3163 3283
3163 3445
3165 4448
3166 3534
3168 7471
3169 4388
3170 4447
3171 3713
3172 4451
3172 5582
3173 3982
3173 5893
3173 7387
3174 4081
3176 6702
3178 5573
3181 5003
3181 6434
3181 7217
3182 3215
3182 6271
3183 6414
3185 3396
3185 3473
3186 3457
3188 7113
3191 7349
3192 3794
3193 6260
3194 4306
3195 4443
3195 5500
3196 3543
3196 4094
3196 6127
3196 6900
3197 3803
3198 6162
3198 6428
3198 6737
3199 4124
3199 4297
3200 3627
3201 4564
3201 5492
3204 3469
3205 3877
3208 4480
3209 5425
3211 4721
3211 7368
3216 6044
3220 3336
3221 5950
3223 3328
3223 4110
3223 5010
3223 5019
3225 3545
3228 4820
3228 6117
3229 3524
3230 5652
3232 3902
3232 5590
3235 6180
3235 6621
3237 3652
3239 6981
3240 3411
3240 3666
3241 4331
3242 6658
3243 5138
3246 4789
3246 4878
3247 3736
3248 4949
3249 4730
3250 5951
3251 4554
3251 6474
3251 6896
3252 5343
3252 6046
3256 4616
3256 5035
3259 3486
3259 6568
3260 6029
3260 6201
3261 6415
3263 4197
3264 5814
3265 4036
3268 6591
3269 6385
3270 4859
3272 4645
3273 5611
3273 6021
3274 3346
3274 6128
3275 6213
3278 4097
3278 4343
3278 6404
3278 7271
3279 3397
3279 3858
3279 6448
3279 7496
3280 5423
3282 3612
3282 4381
3283 7365
3284 6729
3285 3362
3285 6412
3286 4401
3287 6077
3287 6693
3288 4044
3288 5205
3289 4001
3291 7038
3294 3341
3297 3590
3297 3935
3298 6264
3299 4763
3300 5926
3301 3855
3301 4320
3302 4584
3303 7337
3305 5178
3306 5076
3308 4532
3309 5923
3311 5403
3312 5914
3314 3566
3314 4899
3316 6677
3316 6872
3316 7146
3317 3541
3320 5727
3321 3882
3322 3847
3327 6485
3329 4657
3330 3344
3330 5642
3330 6669
3332 5979
3332 6442
3333 5204
3333 6382
3334 4991
3336 3607
3337 5777
3337 5905
3338 7375
3340 3493
3341 5475
3341 6550
3342 6417
3344 3529
3344 4886
3345 3731
3345 4892
3345 5075
3347 7130
3348 4727
3350 3483
3350 7429
3351 6449
3351 7254
3352 4456
3352 5928
3354 4150
3354 5347
3354 5561
3355 6280
3356 4286
3356 6982
3359 5320
3359 5811
3360 3954
3360 5389
3361 5392
3361 5841
3361 6313
3361 6378
3363 5090
3364 3416
3367 4207
3371 6241
3372 3385
3373 4016
3374 3685
3374 4018
3374 4504
3374 5146
3375 4021
3375 4519
3375 7398
3376 5551
3377 3569
3377 4640
3377 6254
3378 4734
3379 4051
3379 5291
3381 3439
3381 7487
3384 3875
3384 5735
3387 4315
3390 3596
3390 6495
3392 6374
3393 3477
3394 4891
3396 3500
3396 7232
3397 3614
3397 5083
3401 5820
3402 5622
3402 7242
3403 3860
3405 4901
3406 4280
3409 4484
3409 6829
3413 3754
3413 6287
3416 5464
3418 4176
3420 6282
3422 3969
3422 7109
3426 4542
3427 6851
3427 7211
3428 3708
3428 6308
3430 4854
3431 5274
3432 5236
3433 3442
3433 4910
3433 7021
3438 6807
3440 6573
3443 4705
3444 5516
3449 7114
3451 4009
3453 4441
3453 5457
3453 5729
3455 4936
3456 5715
3456 5732
3457 6555
3458 3644
3458 4062
3462 5989
3463 4034
3463 5480
3463 6749
3464 3937
3464 6586
3464 6638
3465 4074
3467 4715
3469 5032
3472 5774
3474 3808
3474 4702
3475 4203
3475 5054
3475 5678
3477 7122
3479 3819
3479 4425
3482 4189
3483 3507
3486 4037
3487 5719
3491 3915
3491 6911
3492 4122
3493 6136
3493 6751
3494 3963
3494 5986
3496 4156
3498 5415
3498 5454
3500 5525
3501 6041
3502 3694
3503 3570
3505 4052
3505 4279
3505 7172
3506 5018
3506 7438
3506 7450
3509 6272
3509 7213
3511 3740
3511 4076
3512 4028
3513 4612
3513 6043
3513 6999
3513 7464
3515 5286
3516 6157
3517 4334
3517 5225
3519 5835
3520 5797
3521 4929
3522 5353
3525 6203
3525 6471
3526 6592
3532 4655
3532 4925
3533 3578
3537 3704
3540 6844
3541 3724
3542 5429
3543 3725
3545 7234
3547 5592
3547 7406
3548 3648
3549 5271
3549 5431
3550 4624
3553 7212
3554 4138
3554 4225
3554 6696
3554 7503
3559 6363
3562 4322
3562 5772
3564 7143
3571 6087
3573 7493
3574 3654
3575 5578
3578 5718
3579 4681
3579 5017
3581 3887
3582 4363
3585 6362
3586 5008
3587 3950
3587 4082
3587 5084
3587 5088
3588 4360
3589 3924
3589 4857
3589 6528
3590 5047
3591 4227
3592 4312
3595 4889
3596 3981
3596 4638
3596 5720
3597 5824
3600 3822
3604 4002
3604 6323
3605 6027
3607 7279
3608 3710
3609 5297
3610 4870
3610 5120
3611 4333
3613 4972
3613 5259
3613 6615
3614 3879
3614 5409
3615 4147
3615 4218
3615 6937
3617 4380
3618 4498
3619 4833
3620 5305
3622 5687
3625 7301
3629 4650
3630 3681
3630 4685
3631 5044
3636 4603
3638 4827
3638 5030
3639 4879
3642 4125
3642 4815
3647 4600
3647 6072
3649 4557
3651 6023
3652 5576
3652 7250
3654 4109
3654 5445
3654 7063
3656 3837
3660 4575
3665 3925
3665 5012
3666 6730
3667 3958
3671 3696
3671 7290
3673 5778
3674 5660
3675 4476
3677 6078
3677 7168
3680 7048
3684 7022
3685 5494
3687 5749
3689 5661
3690 6587
3691 4983
3691 6230
3692 4127
3692 5491
3693 6596
3695 6319
3697 7308
3697 7347
3704 4559
3705 4835
3706 6075
3708 5009
3709 6543
3709 7099
3711 5006
3714 6104
3715 5924
3715 6273
3718 3791
3718 3947
3720 5245
3720 7303
3720 7374
3721 5328
3723 3985
3723 7413
3728 4007
3729 6348
3730 4840
3730 6980
3731 6113
3732 5781
3734 6959
3736 3790
3736 5180
3736 6563
3739 6126
3742 3784
3744 4318
3744 5917
3746 4461
3747 4148
3748 6736
3750 5689
3751 5771
3752 3778
3753 3952
3753 4622
3757 4876
3758 4394
3758 5703
3758 5898
3759 4465
3760 5860
3760 6349
3763 7087
3764 4670
3765 5733
3765 6105
3766 4111
3766 6055
3767 5636
3767 7264
3768 4212
3774 6833
3777 4270
3778 4233
3779 6130
3780 4329
3782 4352
3784 6531
3785 5256
3785 7140
3791 4783
3792 5099
3797 5224
3797 7367
3800 4761
3800 7395
3803 5067
3803 7171
3806 4856
3810 3995
3821 4065
3825 4658
3826 7261
3827 4515
3828 4271
3828 5073
3831 3894
3831 6624
3833 5684
3833 6626
3836 5449
3836 5555
3838 4325
3838 4517
3838 5344
3839 5118
3839 5123
3842 4023
3846 4435
3848 4228
3849 5230
3849 6401
3852 4502
3852 6699
3854 4143
3854 4659
3854 5452
3855 5785
3857 5440
3857 5866
3858 5515
3858 6340
3863 4578
3866 7079
3866 7467
3867 5106
3867 6377
3868 6051
3869 5234
3872 4357
3872 6811
3876 5015
3876 6452
3879 6441
3882 4217
3882 5744
3883 5972
3883 6174
3884 6317
3886 5289
3887 4932
3887 5921
3887 6100
3891 6774
3893 4633
3894 5615
3895 5542
3896 7241
3903 4247
3908 6058
3908 6738
3909 3936
3909 4677
3909 7100
3911 3964
3911 5865
3912 5386
3914 4246
3914 5405
3915 6183
3915 6316
3917 6790
3917 6979
3918 3932
3919 6988
3920 5306
3922 7315
3923 4221
3924 5031
3926 5111
3927 4510
3930 4897
3935 4033
3935 5838
3936 5048
3936 6480
3937 5700
3940 4140
3940 4593
3941 4993
3942 4674
3942 6071
3944 5382
3947 5087
3947 7233
3949 6649
3950 4209
3951 6060
3953 4245
3954 6688
3956 6379
3957 4574
3958 6294
3961 4995
3963 6097
3965 5362
3966 6827
3966 7342
3968 4948
3968 5126
3969 4930
3969 6908
3970 6228
3971 5958
3972 6526
3974 5757
3975 4105
3975 6081
3976 7011
3980 4389
3983 7094
3984 5759
3985 6575
3987 6816
3989 5535
3990 4792
3999 4054
3999 4625
4001 5359
4002 4795
4003 5150
4006 6318
4006 7086
4007 7152
4008 4976
4010 5354
4010 5699
4011 5916
4014 4807
4015 7268
4017 4594
4017 4955
4021 5295
4022 5023
4023 4780
4023 5059
4023 7069
4023 7119
4024 6040
4025 4572
4026 7519
4028 4260
4028 5842
4031 4831
4033 4459
4033 5579
4038 6295
4038 6978
4039 6864
4043 6451
4043 6819
4045 5666
4045 6069
4045 7311
4049 4098
4057 4716
4062 6960
4063 4075
4063 5085
4065 5348
4066 7186
4069 7270
4070 6994
4071 4485
4071 6342
4072 4656
4074 5982
4078 4238
4081 4772
4083 4437
4087 6368
4091 5318
4092 4693
4092 6115
4098 4316
4099 6793
4101 4445
4102 7020
4105 4700
4109 4216
4110 4201
4112 5200
4115 5223
4119 6898
4120 7327
4125 4332
4126 7156
4128 7247
4129 4516
4129 5414
4130 6525
4131 5919
4133 4752
4134 6252
4134 6634
4136 4669
4137 4405
4139 5298
4140 6169
4144 5971
4144 6107
4145 4555
4146 7267
4148 5404
4149 4713
4150 4415
4150 5978
4151 6541
4153 5679
4153 6772
4154 4412
4154 6508
4158 4287
4163 7175
4167 5896
4170 6350
4170 6665
4172 7161
4174 4295
4177 4759
4179 5122
4181 4589
4184 7484
4186 6394
4189 4213
4189 7187
4191 4387
4191 5394
4192 4790
4193 4651
4194 5888
4195 6310
4197 7399
4199 5144
4199 5498
4203 5569
4204 4586
4205 7523
4206 5627
4208 6647
4210 5574
4211 5025
4212 5734
4212 7009
4216 4298
4217 7378
4218 4264
4220 6538
4223 4768
4223 4979
4225 5187
4226 7025
4227 4946
4229 6817
4231 5612
4231 5676
4232 5484
4235 4954
4235 6386
4236 5586
4236 7443
4236 7476
4237 4494
4237 5541
4239 7035
4242 6952
4243 5175
4244 4587
4244 5132
4247 5179
4247 7314
4250 6993
4251 6125
4255 6206
4256 4634
4259 6765
4261 4337
4262 5800
4263 6131
4264 6470
4265 6818
4267 4615
4267 5323
4270 4468
4272 7027
4276 6618
4278 4871
4280 5367
4286 4776
4292 6601
4294 5210
4294 5356
4297 4313
4297 7129
4300 6109
4302 4672
4303 6276
4303 6413
4304 4662
4307 4648
4309 4457
4309 6732
4313 7522
4316 4830
4319 5658
4319 6520
4326 5172
4327 4378
4328 6293
4333 4518
4333 4877
4333 7410
4334 6426
4335 4339
4341 4449
4341 5397
4347 5396
4351 7116
4352 4703
4353 6296
4353 6643
4356 4563
4358 5826
4360 5936
4362 5094
4363 4862
4363 5547
4365 5416
4365 6604
4366 6472
4368 4806
4370 6762
4371 4497
4371 5952
4372 7056
4374 6103
4377 7229
4379 5605
4380 6143
4381 4728
4381 6212
4386 7451
4387 4817
4388 4861
4388 7062
4391 5155
4393 5280
4393 7227
4393 7485
4395 5108
4395 6139
4401 5580
4401 6094
4406 4750
4407 5602
4409 7092
4413 6893
4414 5401
4415 6168
4417 5490
4417 6175
4420 6249
4421 5114
4426 6971
4427 5523
4428 4890
4429 5193
4435 7096
4437 7511
4442 4866
4442 5184
4443 4933
4444 7524
4445 7500
4449 5489
4449 5581
4450 6748
4450 7302
4450 7358
4453 4973
4454 5479
4456 4767
4458 4791
4459 4527
4461 4746
4465 4512
4465 5005
4466 4739
4468 5333
4472 5530
4472 7372
4475 5190
4476 4944
4477 5046
4477 6165
4477 7061
4480 6420
4481 4689
4483 7477
4488 5878
4488 6170
4490 4661
4493 5799
4494 6339
4495 4942
4496 6141
4497 7474
4499 6070
4502 6611
4503 4747
4503 5563
4504 5307
4504 5728
4505 4775
4511 6090
4512 5334
4512 6427
4513 5915
4514 5617
4515 7478
4517 4679
4524 5160
4524 7024
4526 5281
4531 7415
4533 4619
4533 6177
4541 7137
4543 5189
4543 5752
4544 5899
4544 5910
4551 6574
4559 5818
4560 6998
4561 6150
4571 6400
4575 5301
4575 5653
4576 4617
4587 5102
4591 5783
4591 6173
4592 6059
4592 6233
4596 6166
4596 6622
4597 6366
4597 7097
4602 4987
4603 5857
4609 5987
4615 5229
4616 4998
4617 5053
4619 5037
4621 4785
4621 4839
4622 7230
4622 7458
4627 4935
4628 6806
4631 5115
4632 5135
4633 4960
4638 5566
4639 7284
4642 4990
4643 6395
4643 7034
4648 7386
4650 7447
4651 6928
4656 5674
4664 5867
4666 5737
4667 7120
4668 5363
4670 4913
4672 5411
4672 5995
4677 4770
4682 6714
4683 4764
4683 4958
4683 6221
4687 6205
4693 4916
4695 7167
4696 6016
4698 5747
4698 6760
4699 5706
4701 6877
4703 5038
4703 7491
4705 5973
4705 6121
4706 6373
4708 5885
4708 6731
4710 5002
4711 4943
4719 6617
4719 7235
4721 6080
4725 4769
4727 4754
4729 7339
4731 6644
4733 6789
4736 6910
4739 5849
4746 5196
4748 6114
4749 5022
4752 6218
4754 4967
4754 6297
4754 6927
4755 6764
4756 7411
4762 5746
4764 5591
4765 5813
4778 5313
4779 6654
4784 7107
4786 4853
4787 6609
4791 6159
4797 7209
4798 7141
4799 5621
4800 6454
4802 5821
4808 5880
4809 6648
4810 4880
4812 6701
4817 6455
4819 5593
4822 6763
4823 5499
4824 4847
4825 6747
4828 5250
4828 6820
4829 5195
4829 6490
4831 4909
4831 5518
4833 5607
4836 7131
4836 7354
4839 5197
4840 5089
4840 5786
4840 5968
4841 4952
4846 6458
4847 6976
4854 5721
4857 5526
4858 6631
4859 6646
4862 5983
4864 6824
4865 5947
4865 5961
4871 6111
4872 7376
4874 6253
4874 6842
4878 5964
4879 5355
4880 6894
4882 6901
4887 5105
4888 5779
4894 5692
4900 5488
4902 6883
4905 5321
4906 6466
4906 7207
4907 6182
4908 6733
4909 7331
4910 4917
4910 5807
4910 6930
4911 7050
4913 6907
4915 5287
4916 6020
4917 6843
4922 5279
4924 6286
4926 5056
4927 6606
4928 5472
4932 5117
4932 5338
4936 5894
4938 6835
4939 5934
4939 6019
4942 5308
4947 5570
4950 5082
4952 6839
4956 6309
4959 5680
4960 6124
4960 7297
4969 6610
4971 5072
4977 5478
4978 6432
4978 7259
4979 5407
4979 6571
4980 6465
4988 6554
4991 7436
4992 5207
4994 5263
4995 6708
4996 6389
4997 5130
4998 6263
4999 5697
5002 5091
5002 5960
5002 6065
5005 6544
5006 5843
5013 6450
5013 7377
5016 5148
5020 6393
5021 5694
5021 7238
5025 6247
5027 6958
5028 5647
5028 5815
5029 6682
5034 5537
5035 5214
5038 5497
5041 5314
5046 5610
5046 6445
5049 6943
5050 6918
5051 5358
5051 6963
5052 6476
5059 5255
5060 5145
5060 6416
5061 6158
5064 5597
5065 5527
5065 7244
5066 5391
5068 5071
5069 6073
5070 7344
5075 5817
5075 7272
5076 7043
5077 6321
5083 5741
5085 5199
5088 6209
5089 6487
5091 6358
5094 5998
5095 6178
5095 6629
5095 7205
5097 5219
5098 7383
5099 5512
5103 7281
5105 5372
5112 5768
5113 6608
5114 5531
5114 5792
5125 7058
5127 7157
5128 6011
5128 6954
5129 7139
5131 5504
5131 6781
5133 5670
5133 6850
5136 5237
5144 5240
5146 5902
5152 6496
5153 5257
5154 7384
5157 5890
5161 5220
5167 6506
5170 5716
5173 7144
5176 5546
5180 5417
5185 7177
5190 5695
5190 5993
5194 7325
5196 5231
5203 5901
5204 5422
5217 5371
5218 5265
5218 5776
5222 5495
5223 7265
5224 5365
5225 5375
5227 5920
5227 6144
5228 5587
5230 5514
5232 7481
5234 6712
5238 7239
5239 5413
5245 5766
5252 5311
5252 7159
5257 5568
5257 6985
5262 7073
5265 6443
5268 5387
5269 6825
5270 7313
5276 5302
5276 6532
5278 7276
5282 7422
5283 6758
5284 6498
5284 6558
5285 6219
5287 6995
5289 6499
5299 7382
5301 7251
5302 7274
5304 6375
5309 7473
5327 5468
5327 6304
5331 5645
5335 6527
5339 5596
5341 6343
5342 6292
5348 5599
5349 6488
5354 7192
5355 6805
5358 6478
5361 5584
5364 5846
5364 7420
5365 6515
5366 5696
5369 7182
5378 7430
5382 7507
5384 5886
5390 7424
5391 6553
5395 7326
5399 7283
5404 7320
5405 7074
5408 6014
5409 6088
5411 6589
5411 6933
5417 6152
5417 6932
5419 5626
5422 5616
5422 6312
5422 7332
5428 5763
5428 6464
5428 6903
5431 5889
5438 5637
5439 6360
5441 6234
5441 6874
5443 5906
5444 7041
5444 7154
5450 6481
5452 6707
5456 5635
5456 6042
5460 6974
5463 5882
5466 5788
5478 5808
5485 7170
5488 6770
5493 5640
5496 7405
5500 6580
5502 6977
5506 6583
5511 6034
5513 6865
5515 6381
5522 5962
5525 6411
5532 5667
5532 5861
5533 7045
5539 6940
5542 6809
5550 7461
5559 6838
5560 5662
5563 6047
5564 7437
5567 5872
5568 6492
5574 5848
5579 6453
5584 5601
5584 6882
5586 7164
5593 6013
5593 6902
5598 6336
5603 6892
5608 6483
5610 6338
5620 6096
5623 6303
5626 6516
5632 6744
5640 6049
5640 6207
5646 6572
5647 7418
5648 5845
5650 6324
5652 6223
5652 6533
5653 7089
5660 6032
5661 6831
5661 7357
5671 6607
5674 6384
5678 6171
5688 7117
5689 6045
5694 5945
5701 6331
5704 7343
5716 7036
5718 7028
5721 5946
5724 7219
5739 6082
5742 5780
5743 6876
5755 6479
5758 6235
5768 6630
5773 7075
5779 6623
5786 6138
5791 5877
5796 6664
5806 6325
5807 7348
5808 7396
5814 7080
5817 6579
5818 5854
5820 7083
5826 6723
5830 6534
5830 7188
5831 7361
5838 7494
5842 6200
5842 6535
5845 7067
5865 6656
5866 6185
5867 6754
5877 5975
5880 6655
5883 6491
5885 6184
5898 7228
5902 5932
5903 6290
5904 6548
5905 7380
5907 6537
5913 6489
5916 7194
5925 7018
5926 7501
5929 6089
5937 6566
5951 6719
5957 6388
5961 6612
5966 6771
5971 7007
5978 6577
5980 6852
5981 6306
5982 6167
5984 6062
5990 7355
6010 6076
6020 6356
6033 6192
6041 7023
6048 6154
6050 6830
6058 6119
6058 7049
6071 6822
6073 6779
6076 6849
6089 6370
6095 7369
6098 6161
6100 6332
6103 6542
6106 7371
6107 6359
6114 7402
6120 7198
6127 6435
6127 6718
6135 7077
6136 6986
6140 6757
6143 6991
6145 7502
6147 6403
6152 7193
6156 6291
6158 6307
6165 6941
6192 6881
6200 7039
6201 6836
6207 7336
6210 6407
6214 6459
6219 6914
6225 6433
6228 6796
6229 7066
6231 6421
6238 7072
6239 7210
6245 6367
6250 6915
6264 6473
6266 7008
6274 7335
6283 7153
6287 6351
6288 6545
6296 7176
6304 6565
6306 7364
6307 7490
6309 6314
6310 7428
6312 6797
6319 7201
6341 6897
6348 6700
6360 6759
6369 7103
6370 6463
6371 7196
6379 7003
6392 6913
6392 7163
6394 7012
6408 6884
6411 6742
6427 7257
6430 7057
6430 7112
6431 6717
6436 6802
6440 6863
6444 7033
6446 7085
6459 7497
6467 6585
6469 7479
6479 6750
6484 7498
6494 6739
6498 6804
6502 7514
6509 6858
6538 7291
6541 7115
6542 7444
6544 6645
6548 6674
6551 6886
6557 7197
6567 7330
6591 7055
6605 7340
6612 6755
6613 6889
6614 7220
6622 6870
6640 6841
6652 7329
6662 6938
6679 7453
6681 6745
6682 6879
6686 6887
6701 6973
6706 7298
6727 7221
6746 7409
6760 6776
6762 7266
6766 7468
6782 7455
6789 7288
6807 7215
6807 7245
6811 7457
6838 6961
6840 6992
6849 6891
6867 7289
6875 7310
6885 7459
6891 6922
6895 6950
6919 7508
6927 6996
6939 7126
6940 7095
6952 7014
6964 7306
6969 6970
6976 7158
7003 7489
7006 7243
7020 7440
7021 7475
7025 7385
7035 7133
7038 7253
7078 7273
7086 7359
7097 7108
7107 7179
7108 7111
7144 7449
7145 7504
7163 7390
7344 7460
7390 7521
