9974 9146
1 2
1 26
1 29
1 48
1 54
1 69
1 77
1 259
1 4719
2 3
2 4
2 8
2 11
2 27
2 41
2 113
2 122
2 150
2 478
2 545
2 2344
2 3326
3 5
3 6
3 10
3 14
3 17
3 20
3 24
3 47
3 62
3 74
3 412
3 782
4 43
4 49
4 1173
4 8648
5 12
5 19
5 94
5 143
5 159
5 577
5 3226
5 7962
6 7
6 33
6 232
6 1055
6 8196
7 9
7 16
7 208
7 2617
8 31
8 50
8 63
8 81
8 98
8 132
8 214
8 539
8 605
8 1453
8 2820
9 110
9 137
9 263
9 2995
10 32
10 90
10 286
10 2986
10 3191
10 3965
11 51
11 213
11 438
11 662
11 974
11 1409
11 1471
11 2580
12 13
12 15
12 104
12 134
12 199
12 487
12 654
12 1474
12 1774
12 1867
12 2369
12 2645
13 34
13 92
13 850
13 1008
13 1567
13 6724
14 23
14 46
14 55
14 390
14 1351
14 3389
14 7191
15 18
15 22
15 44
15 73
15 205
15 712
15 1397
16 21
16 80
16 146
16 3647
16 9403
17 25
17 37
17 70
17 153
17 197
17 254
17 299
17 784
17 836
17 1242
18 52
18 273
18 626
18 1060
19 105
19 1155
19 3400
19 3862
19 6042
19 6261
20 28
20 39
20 85
20 851
20 2372
20 3953
20 4209
21 86
21 236
21 433
21 708
21 1398
21 2080
22 56
22 193
22 323
22 1296
22 2124
22 7449
23 106
23 869
23 1531
23 4458
23 9093
24 68
24 164
24 265
24 448
24 462
24 1370
24 7498
25 30
25 36
25 42
25 99
25 108
25 152
25 405
25 473
26 89
26 135
26 139
26 289
26 557
26 648
26 817
26 858
26 1797
26 3019
26 6491
27 60
27 387
27 932
27 3574
27 3645
27 4816
27 9017
28 279
28 1959
28 7316
29 64
29 87
29 8800
30 65
30 181
30 191
30 239
30 536
30 791
30 2162
30 6788
31 1894
31 3325
31 6523
31 9598
32 40
32 440
32 9178
33 66
33 194
33 443
33 4225
33 7994
33 8029
34 35
34 217
34 4974
35 187
35 414
35 990
35 2493
35 9123
36 72
36 96
36 192
36 201
36 802
36 890
36 2914
36 3040
36 3407
37 38
37 129
37 7423
38 45
38 103
38 1563
38 2403
38 3567
38 6398
39 167
39 245
39 466
39 658
39 1324
39 2175
40 115
40 125
40 158
40 5897
41 1699
42 88
42 684
42 4395
43 416
43 439
43 555
43 632
43 1020
43 1058
43 1135
43 1903
43 2423
43 9495
44 128
44 1743
44 1925
45 101
45 1524
45 8551
46 57
46 61
46 609
46 1197
46 2202
46 2268
46 3416
46 8703
47 71
47 552
47 945
47 7605
48 91
48 160
48 516
49 53
49 114
49 486
49 731
49 1878
49 4576
49 6766
50 250
50 583
50 8969
51 84
51 120
51 475
51 492
51 1031
51 4493
52 83
52 1384
52 2211
52 5206
52 7115
53 58
53 67
53 107
53 131
53 2044
54 203
54 814
54 1314
54 1704
54 5713
54 7760
55 59
55 446
55 953
55 2451
55 2524
56 170
56 9027
57 426
57 427
57 644
57 1446
58 1014
58 2346
58 7920
59 1030
59 1990
60 118
60 209
60 224
60 507
60 511
60 579
60 1193
60 1505
60 2500
60 2541
61 471
61 669
61 796
62 144
62 147
62 149
62 241
62 321
62 452
62 595
62 638
62 4135
62 6246
63 126
63 280
63 356
63 534
63 642
63 744
63 776
64 326
64 375
64 745
64 2123
64 6247
65 78
65 79
65 82
65 93
65 591
65 1464
65 7700
66 335
66 4918
67 186
67 210
67 234
67 257
67 1802
67 3917
68 76
68 247
68 361
68 694
68 1621
68 1865
68 2354
68 3187
68 3603
68 9462
69 117
69 123
69 327
69 1770
69 2288
69 3984
69 4166
69 9481
70 75
70 307
70 6199
71 1401
72 109
72 348
72 586
72 1122
72 2241
72 3231
72 7885
73 166
73 172
73 947
73 1411
73 1747
73 4120
74 133
74 269
74 373
74 3201
74 5715
75 505
75 998
75 1228
75 3962
75 6524
76 1105
76 2075
76 3120
77 100
77 377
77 2469
77 6977
78 502
78 3219
78 5797
79 274
79 763
79 896
79 1021
79 1130
79 2969
80 97
80 124
80 179
80 1275
80 1656
80 2122
80 2553
81 264
81 637
81 864
81 1261
81 5028
81 6362
82 872
82 3434
83 155
83 204
83 403
83 4312
83 5987
83 9731
84 95
84 910
84 4547
86 116
86 169
86 271
86 1151
87 188
87 305
87 519
87 1604
87 2601
87 3445
87 8085
88 252
88 480
88 508
88 674
88 9433
89 130
89 175
89 212
89 295
89 303
89 5519
89 7089
89 9267
90 198
90 325
90 1356
90 1818
90 7161
90 7472
91 162
91 548
91 2945
91 3700
91 4856
92 834
92 1127
93 282
93 721
93 2625
93 9077
94 102
94 1221
94 2215
94 2776
95 544
95 2955
95 8681
95 9722
96 185
96 382
96 490
96 2453
96 3929
96 6891
97 145
97 862
97 1357
98 138
98 184
98 343
98 3462
99 154
99 593
100 141
100 157
100 261
100 582
100 1137
100 2012
100 2511
100 3376
100 4009
101 206
101 1007
101 1156
101 2195
102 178
102 2058
102 2835
103 119
103 485
103 886
104 249
104 600
104 904
104 2522
104 3472
104 4435
104 9786
105 151
105 195
105 2811
105 5271
106 112
106 296
106 468
106 5661
106 6806
107 219
107 549
107 1182
107 2089
107 6750
107 7952
108 378
108 4413
109 168
109 329
109 333
110 111
110 171
110 667
110 1670
110 2506
111 491
111 1074
111 9155
112 243
112 472
112 513
112 2095
113 174
113 312
113 457
113 855
113 2177
114 127
114 156
114 227
114 3431
114 6327
115 121
115 148
115 228
115 1369
115 1421
115 5559
116 238
116 408
116 479
116 716
116 1247
116 1570
117 142
117 277
117 797
117 1188
118 221
118 1246
118 3630
119 441
119 752
119 4865
120 173
120 1983
120 2212
121 226
121 634
121 1195
121 2316
121 6097
122 6340
122 6433
122 6645
122 6839
122 8001
123 1123
123 2798
124 140
124 714
124 1187
124 1638
124 2678
125 1212
125 6033
125 6338
126 207
126 1742
126 6154
127 1163
127 1586
127 2801
127 4894
127 8787
127 9953
128 270
128 318
128 345
128 432
128 1852
129 230
129 2143
129 2649
129 8155
129 9071
130 331
130 1707
130 1762
130 2402
130 4328
131 136
131 1341
131 8523
132 182
132 225
132 242
132 3477
132 9486
132 9939
133 161
133 636
133 3089
133 5401
134 258
134 420
134 1097
134 1759
135 732
135 1685
135 1795
135 2434
135 8455
136 5616
137 894
137 2101
138 349
138 358
138 987
138 2780
139 747
139 853
139 1887
139 8677
140 476
140 779
140 1492
140 6219
140 9067
141 3907
142 315
142 897
142 927
143 237
143 311
143 613
143 1395
143 1766
143 8051
144 177
144 202
144 215
144 220
144 336
144 357
144 474
144 832
144 952
144 1244
144 5128
144 7667
145 165
145 196
145 316
145 376
145 521
145 4570
146 389
146 402
146 4106
147 581
147 781
147 919
147 1217
147 1658
148 304
148 1001
148 5463
149 216
149 675
149 2333
150 292
150 510
150 2348
150 6517
150 7276
151 231
151 617
151 900
151 1678
151 3598
151 4034
152 828
152 2276
152 6023
152 7008
153 288
153 337
153 497
153 5614
154 163
154 319
154 7809
155 183
155 437
155 799
155 2791
155 7260
156 469
156 1575
156 1998
157 235
157 554
157 598
157 718
158 233
158 240
158 884
158 1908
159 4980
159 5723
159 6298
160 459
160 489
160 627
160 803
160 1554
160 1619
160 2768
161 180
161 2049
161 2230
161 5894
161 6601
162 309
162 342
162 7436
162 8166
163 176
163 246
163 567
163 1634
163 2107
163 2508
164 218
164 1204
164 1640
164 1874
164 3381
165 293
165 352
165 388
165 430
165 488
165 608
165 2577
166 504
166 625
166 1016
166 2367
166 4198
166 8804
167 2242
168 386
168 449
168 717
168 905
168 3596
168 4329
169 211
169 253
169 344
169 366
169 424
169 775
169 1534
169 1622
169 4076
169 6758
169 6842
170 340
170 346
170 4543
171 189
171 339
171 527
171 1422
172 267
172 463
172 517
172 1597
172 1946
174 612
174 852
175 419
175 6258
176 260
176 635
176 1862
176 3039
176 5672
177 2283
177 5646
178 314
178 671
178 2669
178 2903
178 3651
179 1701
179 4690
179 9778
180 379
180 1794
180 8571
181 320
181 777
181 7791
182 306
182 496
182 514
182 2521
182 3620
183 2559
183 3681
184 5725
185 287
185 665
185 1084
185 1521
185 2967
185 5565
186 2501
187 190
187 955
187 997
187 7585
188 355
188 1152
188 6921
188 7080
189 1308
189 1309
190 392
190 968
190 4433
191 283
191 749
191 1549
191 9525
192 200
192 371
192 2196
193 394
193 748
193 993
193 1507
193 2018
193 3065
193 4250
193 4769
193 7548
194 308
194 493
194 1416
194 2958
194 5315
195 8859
197 248
197 666
197 2595
197 2968
197 7094
197 9127
198 268
198 330
198 401
198 580
198 1000
198 1338
198 3144
198 6698
198 8500
199 660
199 4729
199 6543
200 223
200 8540
201 397
201 906
201 1073
201 3410
202 396
202 939
202 1022
202 2614
202 4994
203 2616
203 3194
204 2264
204 3932
204 8347
205 523
205 639
205 2589
205 2926
206 501
206 562
206 875
206 1283
206 2624
206 2757
206 5465
206 8625
207 222
207 364
207 572
207 756
208 1841
209 229
209 676
209 810
209 930
209 3313
209 4883
210 266
210 1267
210 1502
210 6283
211 244
211 322
211 362
211 5219
211 9634
212 290
212 719
212 920
212 5893
213 575
213 3181
213 6880
214 679
214 1365
214 9623
215 291
215 1809
215 2663
215 4155
216 383
216 1140
216 1922
216 5273
217 786
217 4313
218 301
218 351
218 1470
218 4721
218 9040
218 9632
219 551
219 1083
219 1389
219 2600
219 3415
220 294
220 966
220 1827
220 1869
221 256
221 461
221 540
221 606
221 1234
221 3548
221 5249
221 6912
222 4595
222 9848
223 690
223 798
223 1068
224 350
224 2529
224 9328
225 1442
225 2857
226 4094
226 7671
228 450
228 911
228 1751
228 3875
229 302
229 1779
229 4129
230 297
230 2017
230 3544
231 398
231 1231
231 5577
232 381
232 698
232 923
232 1206
232 2657
232 3391
232 4760
232 6057
232 8080
233 509
233 1373
233 1905
233 3498
234 370
234 434
234 980
234 5146
235 262
235 347
235 436
235 1070
235 2465
236 272
236 435
236 646
237 1394
237 2518
237 2531
237 2659
237 4148
238 278
238 285
238 918
238 1059
238 3474
238 6866
239 251
239 409
239 871
239 1651
239 3248
240 533
240 877
241 1205
241 6950
242 276
243 2158
243 2193
243 3277
244 1632
245 334
245 761
245 789
245 863
245 1592
245 2959
245 4353
245 4647
246 324
246 1363
246 2772
246 5388
246 8836
247 503
247 525
247 1037
248 300
248 2717
248 3037
249 374
249 4073
249 6440
250 255
250 2427
250 2832
250 5915
251 986
251 5735
251 6192
252 359
252 755
252 1114
252 3934
252 5502
252 5683
253 1556
253 9851
254 341
254 633
254 1004
254 1717
255 3869
256 1050
256 1253
256 1529
256 3552
256 8970
257 406
257 670
257 1300
258 1029
259 310
259 697
259 794
260 759
260 815
260 7654
261 1285
261 1736
261 1825
261 2173
262 275
262 2256
262 3649
262 4254
262 6744
262 8784
263 444
263 547
263 1306
263 1403
263 3165
264 1527
264 2246
265 645
265 2349
265 2654
266 281
266 1435
266 2142
266 6436
266 9011
267 298
267 589
267 650
267 2806
267 2930
268 737
268 857
269 725
269 935
269 1013
269 1816
270 465
270 1189
270 4190
271 1224
272 400
272 705
272 774
272 1596
272 1842
272 1988
272 3612
273 2716
273 5554
273 5585
274 720
274 1071
274 1649
274 3896
274 4038
275 458
275 677
275 2979
276 369
276 1019
276 4363
276 6751
277 332
277 1674
278 317
278 1263
278 1806
278 3609
278 4763
279 1185
279 1419
279 3719
279 6106
279 9582
280 284
280 1148
280 2972
280 3307
280 4738
281 833
283 365
283 2633
283 4419
284 451
284 454
284 1947
284 2919
284 4169
284 4545
284 5955
285 429
285 1062
286 338
286 391
286 2418
286 3439
286 3614
287 1583
287 2443
287 6116
288 456
288 484
288 1169
288 2723
288 2817
289 512
289 812
289 2842
290 467
290 739
290 1641
290 1711
290 3593
291 4477
291 4508
291 8454
293 1175
293 1434
293 2070
293 3009
294 2438
294 3575
294 3728
294 4619
295 353
296 395
296 5164
296 5263
297 1560
298 404
298 1081
298 7964
299 368
299 399
300 354
300 903
300 6996
300 8731
301 372
301 1601
301 1904
301 7731
301 8346
302 729
302 996
303 360
303 411
303 1886
303 2984
303 3356
303 4359
304 2805
305 363
305 518
305 2397
305 2920
305 3931
305 7268
306 1407
306 2032
306 3408
306 6926
307 506
307 559
308 2868
309 422
309 2295
310 2639
310 3195
310 4966
311 313
311 421
311 428
311 442
312 1450
312 3035
312 3443
312 3597
312 4024
313 328
313 652
313 921
313 1080
313 1944
313 2352
313 4322
313 4725
315 2151
315 2881
315 3784
315 5052
316 682
316 1452
316 2808
317 1079
317 1667
317 3132
317 8890
318 655
318 1958
318 5239
318 5657
318 9904
319 822
319 1262
320 2045
320 7910
320 7968
321 460
321 826
321 1472
321 1526
322 425
322 1093
322 1129
322 2435
322 4666
323 866
323 1046
323 1906
323 5301
324 1714
324 4534
324 5454
325 1116
325 1463
325 3711
325 6870
325 9080
326 367
326 1445
326 1855
326 4812
326 5832
327 515
327 727
327 1399
328 736
328 1131
328 2509
328 6088
329 384
329 561
329 2271
329 2526
329 8098
331 816
331 994
331 1344
331 4387
332 407
332 1436
332 8025
333 2324
333 5549
334 481
334 524
334 2003
335 940
335 1098
335 2803
336 418
336 688
336 4432
337 413
337 967
337 7225
338 393
338 592
338 4563
338 6638
339 912
339 1773
339 4405
340 706
340 734
340 813
340 821
340 3966
342 899
342 1456
342 3707
342 6932
343 5456
344 870
344 1987
344 6918
344 7333
345 565
346 768
346 3815
347 1157
347 2171
347 4014
347 4963
348 672
348 1203
348 4789
349 597
349 1555
349 2687
350 913
350 1078
350 1993
350 6385
350 8179
351 1941
351 2658
351 8460
352 1038
352 2168
352 9421
353 1128
353 1663
354 494
354 5922
355 1322
355 1787
355 2298
355 5409
355 7347
356 4412
358 599
358 924
358 1364
358 2005
358 3471
358 7088
359 885
359 3906
361 1117
361 4011
361 4482
362 578
362 1919
363 380
363 2655
364 500
364 1192
365 780
365 1943
365 2087
365 5391
366 624
366 1868
366 3683
367 681
367 738
367 1024
367 1154
367 1823
367 2104
368 564
368 1413
368 6688
369 1569
369 2179
369 4454
370 447
370 733
370 3301
371 696
371 889
371 985
371 2859
371 3944
371 4303
371 5927
372 385
372 423
372 742
372 1808
373 1082
373 3766
373 4829
373 5241
373 8212
374 824
374 847
374 1392
374 1498
375 520
375 668
375 1259
375 3153
375 5962
376 415
376 6807
376 7444
376 8365
377 1208
377 2046
377 4390
378 453
378 603
378 1557
378 3350
379 410
379 4045
380 1329
380 3282
380 4115
381 1072
382 760
382 999
382 3296
382 7075
382 9651
383 880
383 1009
384 455
384 1121
384 6461
385 5528
386 470
386 769
386 2204
387 801
387 981
387 3414
387 7107
388 1108
389 1198
389 6229
390 846
390 1945
390 3632
390 5345
390 8568
391 483
391 576
391 800
392 948
392 1196
392 9838
393 529
393 959
393 1820
393 3855
394 741
394 1003
394 1870
394 1901
395 1091
397 417
397 431
397 522
397 585
397 1278
397 1964
397 3599
397 5102
398 1236
398 4473
398 5858
399 1248
399 9955
400 643
400 1539
400 6635
401 587
401 3129
401 4172
401 5321
402 569
402 1791
402 5381
403 841
403 2483
403 5161
404 538
404 566
404 657
404 2415
404 6742
404 8547
405 4691
405 7568
406 530
406 588
406 6978
406 8061
407 630
407 1145
407 5100
409 2234
410 691
410 1493
410 2807
412 498
412 1491
413 495
413 1599
414 772
414 3402
414 9405
415 692
415 773
415 2115
416 542
416 849
416 3701
416 6837
416 8971
416 9305
417 702
417 1274
417 5812
417 6684
418 531
418 661
418 956
418 4292
418 6265
419 445
419 1927
420 2232
420 4548
421 556
421 560
421 1335
421 2152
421 2924
421 5162
422 1133
422 1935
423 526
423 840
423 2139
423 2677
423 6434
424 553
424 1061
424 1826
426 8385
427 482
428 607
428 746
428 1305
428 2208
429 1551
429 2388
429 3488
429 9595
430 1094
430 2939
430 3839
430 7312
430 8388
431 4069
431 4235
431 4285
431 4986
431 6386
431 7625
432 844
432 975
432 1768
432 6495
432 8818
433 2056
433 5103
433 5364
436 934
436 3239
436 5402
437 558
437 740
437 892
437 2726
437 5624
437 8766
438 689
438 1168
438 1849
439 707
439 1291
440 907
440 1272
440 1866
440 8124
441 464
441 751
441 7313
441 8491
442 4627
442 9870
443 1144
444 641
444 1790
444 2440
444 8829
445 477
445 895
445 3396
446 695
447 1006
447 1355
447 2205
447 4609
448 1110
448 1233
448 2394
449 1909
449 3458
450 590
450 2121
451 2395
452 1831
452 2363
452 3485
452 3513
452 4154
452 9574
453 1871
453 2947
453 9539
454 1183
454 1417
454 2544
454 8919
454 9662
455 656
455 1367
455 5555
456 963
456 2319
456 2332
457 535
458 631
458 649
458 865
458 2153
458 4212
459 571
459 2334
460 499
460 2296
460 2390
460 4025
460 4119
460 5718
461 629
461 965
461 1143
461 1239
461 2554
461 7325
461 9602
462 622
462 808
462 1788
462 4826
462 7935
462 9619
463 925
463 1688
463 7663
464 663
465 1202
465 1757
465 6095
466 2059
466 2697
466 4669
467 978
467 2486
468 611
468 1614
468 3059
468 3789
469 842
469 1089
469 1428
470 3550
470 4325
471 615
472 2210
472 5336
472 5782
473 969
473 1506
474 1100
474 2170
474 9783
475 1748
475 1752
476 879
476 1954
476 4556
477 5510
478 532
479 541
479 3199
480 537
480 753
480 7243
481 8092
482 766
482 4276
483 2733
483 5126
483 6778
484 2980
484 7420
485 604
485 805
485 7124
487 831
487 991
487 1734
487 5708
488 970
488 1538
488 3062
489 528
489 783
489 867
489 995
489 1252
489 9317
490 1578
491 1931
491 2557
492 546
492 573
492 3255
492 5444
493 647
493 1933
493 2404
493 3428
494 568
494 628
494 2884
495 807
496 723
496 838
496 1715
496 6706
496 6862
497 1177
497 1528
497 1676
497 2375
497 5318
498 2876
498 5393
499 713
499 1321
499 2145
499 2293
499 4460
499 4798
499 6801
499 7263
500 792
500 1229
501 2482
502 891
502 4911
503 6933
504 726
505 2163
505 2691
506 3259
506 8256
507 767
507 1048
507 2416
507 2516
507 3625
508 1616
508 2022
508 2442
508 7339
509 550
509 601
509 7526
510 616
510 3828
511 1113
512 1939
512 4355
512 5827
512 7350
512 8504
513 979
513 4231
513 9727
514 700
514 1532
514 3051
514 6175
515 563
515 659
515 7762
516 3533
517 6301
518 2336
518 3463
519 1371
519 2523
519 6699
520 1863
520 2877
520 3982
520 4364
520 7222
521 735
521 1801
521 1934
521 5276
522 1045
522 1716
522 2481
522 5642
523 3483
524 699
524 1388
524 1665
524 2085
524 4515
524 5986
524 9706
525 909
525 1036
525 1255
525 1499
525 2244
525 5855
526 2485
526 4164
527 570
527 711
527 5150
527 8247
528 680
528 758
528 806
528 1400
529 928
529 1396
530 619
530 653
530 664
530 2341
531 1729
531 2612
531 2828
531 2943
532 7315
533 1210
533 1326
533 1510
533 2373
533 2424
533 5209
533 5479
534 933
534 1361
534 2138
534 7621
534 8109
535 1393
536 728
536 5437
538 1118
539 2863
539 7634
539 8337
540 543
540 673
540 983
540 1684
540 1713
540 1755
540 2024
540 2597
540 2671
540 3303
540 5174
540 7062
540 8581
541 623
541 1015
541 1327
541 2093
541 2514
542 686
542 4427
543 754
543 2235
544 685
544 1718
544 2339
544 3476
544 4204
544 4867
544 5157
544 5825
545 964
545 1075
545 8226
546 614
546 976
546 1088
546 1209
547 1853
547 9621
548 1553
548 3047
549 1645
549 6195
550 2157
550 2964
550 3322
550 5307
551 1679
551 4238
552 640
552 835
552 1929
553 793
553 818
553 1552
553 2069
553 6131
554 620
554 1785
554 4124
554 4210
554 4511
556 584
556 915
556 2461
556 3311
557 1293
557 3073
558 3447
559 1861
559 3041
560 1069
560 1772
560 3918
560 5982
561 830
562 1092
562 1310
562 2180
562 4961
563 9292
564 574
564 989
564 4663
565 1111
565 1595
565 4191
565 8072
565 8956
566 2928
566 6483
566 6898
566 7558
567 2043
567 2749
567 6590
568 1269
568 3956
568 4150
568 5777
568 7883
569 1170
569 2129
569 3747
570 602
570 618
570 1846
570 2092
570 2308
570 2956
570 5647
571 1812
571 7157
571 8672
572 931
572 3305
572 3340
572 5204
573 2666
573 4318
574 2290
574 3663
575 1056
575 1179
575 1302
576 1290
576 2141
576 7800
576 8894
577 722
577 1066
577 4528
577 5260
578 778
578 2356
578 4504
578 5485
578 7907
579 678
579 1977
579 2309
579 2441
579 2741
579 9667
580 610
580 1730
580 2174
580 2448
580 4807
581 3397
582 1662
583 2112
583 8814
584 1475
584 4414
585 701
585 1999
585 2999
585 5175
585 6309
585 7060
586 2262
586 4758
586 8451
587 651
587 942
587 1682
587 8998
588 8114
589 2707
589 3737
589 9771
590 771
590 1307
590 3353
591 594
592 1077
592 1449
592 5652
593 914
593 6231
594 1237
594 2019
594 4803
594 7467
595 596
595 621
595 2579
596 843
596 1778
596 2004
596 2573
597 823
597 1323
597 1805
597 1921
598 1992
598 3127
598 5660
599 5379
599 7584
600 1277
600 3360
600 3817
600 7450
600 7685
601 1423
601 1630
601 4535
601 6354
601 8887
602 882
602 3026
602 9761
603 1872
603 2688
605 839
605 2326
605 2689
605 5122
605 7424
606 687
606 704
606 820
606 4079
606 4418
607 1265
608 3633
608 7747
609 2761
609 2775
609 2858
610 1162
610 3600
610 5343
611 1938
612 2417
613 1331
613 2134
614 1731
614 2386
614 3762
615 8399
616 936
616 1603
616 3464
617 1481
618 764
618 3091
618 3757
618 5881
618 8918
619 1040
619 1219
619 3122
620 787
620 9296
621 762
621 7677
623 3820
623 8383
624 693
625 683
625 1270
625 1347
625 4845
626 883
626 7973
627 770
627 7482
627 9076
628 1618
628 8077
629 809
629 1096
629 1297
629 3809
629 6203
630 1260
630 1414
630 1882
630 2542
630 4674
630 8231
631 2665
631 3877
631 5063
634 5833
634 9829
635 819
635 2007
636 1668
636 2361
636 6274
636 6494
637 743
637 4778
638 827
638 7518
639 2098
639 4823
640 1381
640 1591
640 2410
640 4871
640 7544
641 710
641 1490
641 1848
641 1916
641 2213
642 3971
642 5254
642 6831
643 1784
643 4288
643 9959
644 6331
646 1101
646 1976
647 2929
648 1574
648 1851
648 5637
649 1104
649 3092
649 4189
649 9078
650 859
650 1564
650 8912
651 703
651 1404
651 2471
651 8569
652 3375
653 3222
653 3800
653 4657
654 811
654 2635
655 893
655 1012
655 1376
655 9366
656 3565
656 3748
656 9965
657 829
657 3405
657 3579
658 730
658 6620
659 3347
659 7871
660 958
660 1067
660 3936
660 6948
661 860
661 1893
661 4345
661 4934
662 1076
662 1460
662 2061
662 2149
662 2498
662 3587
662 4488
663 790
663 1042
663 1587
663 2568
664 1299
664 3912
664 6849
664 7377
665 1194
665 2106
665 4852
666 1854
666 1932
666 2305
666 2656
666 3585
666 4199
666 4527
666 9578
667 5459
668 1184
668 3652
668 6622
668 7231
668 8990
669 2706
669 9708
670 1178
670 6968
670 7749
671 1518
672 1287
672 6244
673 724
673 6716
674 868
674 1164
674 1257
674 6447
675 888
675 1200
675 1687
675 5546
675 5610
675 7257
676 1180
676 2062
676 4560
677 3913
678 9757
679 1598
679 2845
681 1026
681 3805
681 5068
681 8282
682 3070
682 7011
683 901
683 2209
683 9399
684 2302
684 3790
684 4175
684 7021
684 8898
685 3080
686 715
686 977
686 1847
686 4827
686 9606
687 2218
687 6155
688 878
688 1023
688 1697
688 1813
688 4862
689 2455
690 6754
691 8123
692 1033
692 2067
694 1698
695 1444
695 5016
695 6488
695 7537
696 1109
697 1284
697 1525
697 1767
697 2918
697 3617
697 6243
699 4310
700 2275
701 2606
702 4033
703 2771
703 3224
703 4371
704 1650
704 2108
704 3260
704 4400
704 8144
705 1311
705 2535
705 7130
706 902
706 1139
706 4326
706 8203
707 750
707 1052
707 1280
707 1995
707 2778
708 709
708 757
708 1292
708 1486
708 2016
708 3012
708 7133
709 3690
709 6685
710 3154
710 4645
711 861
711 1372
711 6302
712 1626
712 3058
712 4220
712 4917
712 7155
713 922
713 1258
713 1758
713 4221
713 5963
715 1043
716 1561
716 1724
716 1845
716 3678
717 937
717 2899
717 3517
717 6771
717 8736
718 2602
718 5361
718 7954
719 3861
719 4192
719 4465
720 788
720 1112
720 1520
720 1856
720 2156
720 4224
721 1174
721 7496
723 926
723 4734
724 854
724 1142
724 3537
724 4171
724 5489
724 8143
725 2848
725 7679
725 8706
725 9636
726 874
726 1238
726 9471
727 1161
727 5788
728 1063
728 1675
728 3951
728 5983
728 6184
729 1535
729 3029
730 848
731 1211
731 1605
731 2871
733 1374
733 3592
733 6467
734 1732
734 2315
734 2847
734 5526
735 887
735 4195
735 4296
735 5722
736 1254
736 1479
736 1624
736 1735
736 2239
736 3063
736 4113
736 6224
736 9037
737 1057
737 1568
737 3272
737 6924
738 765
738 1437
738 4568
739 1249
739 2527
740 2480
740 5473
741 1455
742 5584
742 7493
742 9227
743 2607
745 881
745 1500
745 8535
746 3273
746 3346
747 876
747 1513
747 2347
747 2387
747 2962
747 3437
747 5804
747 8801
748 845
748 1301
748 3364
748 3738
748 8079
748 9910
749 3572
749 6078
750 837
750 9769
751 1214
752 1383
752 7533
754 1136
754 2041
754 2231
755 2165
756 1378
756 1497
757 856
757 3559
757 3925
758 3216
758 3610
758 5568
758 8021
760 1053
760 1359
760 6029
761 1273
762 4088
763 2130
763 5592
763 9217
764 1153
764 3858
764 4040
766 1462
766 3291
766 9715
767 2505
768 1149
768 1165
768 1245
768 1350
768 3487
768 3586
768 5027
769 785
769 1426
769 8306
771 3969
771 6913
771 7156
772 1225
772 2176
772 6705
773 951
773 1585
777 6861
779 1821
780 1241
780 1888
780 2766
780 4095
780 8656
780 9010
781 3878
781 4002
782 2155
782 4698
782 9338
783 1318
783 4813
784 971
784 1315
784 3995
784 9059
785 5278
785 5453
785 8562
786 4050
786 4200
787 795
787 1312
787 3164
787 3279
787 3411
787 4142
787 6009
787 6416
787 8060
787 8543
788 1027
788 3359
789 1834
789 2596
789 4029
789 4935
789 9348
790 1099
790 1832
790 2548
791 2550
791 6189
791 7309
792 1439
792 6453
792 9832
793 3880
793 4710
794 1087
794 1271
794 2510
794 4442
795 6006
796 825
796 1441
796 1443
796 4163
797 973
797 3038
797 3703
797 7372
797 8146
798 804
798 1955
798 2285
798 4147
798 5013
799 1049
799 2294
799 8999
800 898
800 1588
800 2008
800 3042
800 4097
800 7207
801 1986
801 6212
801 9780
802 960
802 1181
802 2515
802 6472
802 8042
803 2650
804 1951
804 2476
805 1430
805 2374
805 6986
805 7993
806 944
806 3263
806 3519
806 4270
807 2100
807 8391
808 972
808 1333
808 1346
808 1546
808 9307
809 6367
810 2674
810 3870
810 5099
810 6864
811 4825
812 4824
812 5916
813 4051
813 6655
813 6721
815 950
815 1671
815 6894
816 1319
816 3048
816 5167
816 7148
817 1316
817 1661
817 2475
817 4602
817 4759
817 5298
818 1494
818 5372
819 1051
819 1150
819 3233
819 3940
820 5183
820 5711
820 6393
820 7618
820 7921
821 3791
821 6852
823 943
823 1090
823 8065
824 1146
824 1286
824 2266
824 3561
825 1191
825 2799
825 2900
825 3214
826 917
827 4860
827 8199
828 962
828 1429
828 2065
828 8007
829 5527
830 929
830 984
830 1125
830 7343
831 1459
831 5335
832 3027
832 3914
832 8908
833 941
833 1268
834 1220
834 2734
834 6775
835 2891
836 1028
836 3200
836 7655
838 4516
838 4612
838 5539
838 6626
838 7581
839 2902
839 3087
840 2460
840 2588
840 3299
840 6233
841 1017
841 1920
843 3865
844 4049
844 6010
845 6783
845 8742
846 1696
846 2425
846 5003
846 8422
847 1800
847 2076
847 3186
847 3841
847 5357
847 5548
848 5308
849 1032
849 1039
849 1256
849 2091
849 2970
850 1844
851 1814
851 2583
851 7622
852 3329
853 1213
853 1644
854 1541
854 1924
854 2743
855 1565
855 1891
855 3079
855 5852
856 1223
857 3611
857 5602
858 1973
859 916
859 957
861 1482
861 1488
861 1928
861 6616
862 1289
862 8375
863 2120
863 3220
863 3523
864 1631
864 5369
865 1652
865 4233
866 5695
867 873
867 9504
868 5569
868 8047
869 1558
869 2584
870 961
870 2447
870 5274
873 2897
873 8398
875 8548
878 1620
878 3759
879 3318
880 1317
880 1408
881 908
881 2190
881 2533
881 3996
881 5957
882 949
882 1617
882 1830
882 8697
883 1328
883 1895
884 3889
884 9152
885 1885
885 3383
885 9182
886 3540
886 9032
887 1348
887 6905
887 8478
888 2560
888 8332
889 9555
891 1134
892 8669
893 1124
893 4366
893 5830
894 1201
894 2351
894 3031
894 5370
894 7615
895 2140
895 8790
896 1571
896 1706
896 3792
898 1002
898 2365
898 6460
899 1103
900 2721
900 5159
902 982
902 1240
902 3240
904 9814
905 2392
906 2282
907 3228
907 4127
907 9941
908 2381
909 3774
909 4537
909 5820
909 8350
910 946
910 1199
910 2408
911 2137
911 2638
911 5097
911 5141
912 1967
912 4300
912 4519
912 6895
912 7058
912 7930
913 1937
913 2031
913 3793
914 4684
914 5390
915 1005
915 4382
915 5360
915 5734
916 3626
916 3771
917 7046
917 9822
918 3084
919 1334
919 1798
920 1226
920 7216
921 1115
921 1190
921 1503
921 1926
921 5977
921 6888
922 2488
923 1126
923 1810
923 4652
923 9326
924 1342
924 2125
924 3217
925 1044
925 1612
925 3204
925 4550
925 5240
926 3097
926 4718
927 6032
928 2071
928 3892
929 1232
930 1054
930 1186
930 2258
930 4809
931 1041
932 2537
932 2685
932 5464
932 7131
933 938
933 1418
933 4620
933 6403
933 7271
935 2774
935 4018
935 7063
936 3011
936 3883
936 5529
937 954
937 1102
937 1461
938 1970
939 1972
940 2229
940 2705
940 3108
940 3606
941 1433
941 7122
942 1448
942 1664
942 2613
942 4072
942 9768
943 1235
943 4274
944 1330
944 3098
944 5925
945 3096
945 8587
946 5811
947 7443
948 1047
948 1345
948 7090
949 1962
949 1979
950 1065
950 1120
950 1230
950 3274
950 9710
951 1447
951 1984
952 4247
952 8661
953 1251
953 5272
954 1473
954 5007
955 2746
956 1018
956 4893
956 9622
957 3151
958 4360
959 1431
960 8462
961 4279
961 6673
961 9189
962 6421
963 1288
963 1607
964 1138
964 7461
965 3836
965 4213
965 7917
966 2248
967 3714
967 3856
967 6172
967 9516
968 2247
968 3078
968 5730
969 988
969 1250
970 1222
970 2670
970 3094
971 1279
972 2619
972 9031
973 3635
973 3986
973 7945
974 4749
974 5184
975 4182
975 7695
976 2870
976 4219
977 1034
977 9875
978 1628
978 1902
978 5412
979 1266
979 1883
979 2357
979 8833
980 4832
981 1961
981 2446
981 2901
981 6594
981 7566
982 1011
982 2286
983 2692
983 2833
983 5501
984 1167
984 5205
984 7801
985 2240
985 4770
985 5653
986 1733
986 2399
986 7252
987 1025
987 3002
987 3988
988 2178
989 1160
989 1176
989 9825
990 992
990 1606
990 5509
991 1095
991 1637
991 6824
992 3616
994 6659
995 2590
995 2994
995 3739
995 8162
996 1010
996 1295
996 3243
996 3864
997 1035
997 1835
997 2377
998 2576
998 3155
1000 1837
1001 2644
1002 1822
1002 4016
1002 8304
1003 1336
1003 1577
1004 1303
1004 1647
1005 4281
1005 9213
1007 1294
1007 1860
1007 1911
1007 1936
1007 9120
1008 1799
1008 8089
1009 1405
1009 5664
1010 1468
1010 4028
1010 5352
1011 3312
1012 7982
1012 9029
1013 2096
1014 1298
1014 1362
1014 5468
1014 6580
1015 2278
1015 4060
1015 4565
1015 4755
1017 1543
1017 1691
1018 1483
1018 3987
1018 5290
1019 1391
1020 1106
1020 4495
1020 5424
1021 1609
1021 2335
1022 3666
1023 1859
1023 4346
1023 8626
1024 1159
1024 2119
1024 5266
1024 6527
1025 1086
1025 1572
1025 5499
1025 7435
1026 1708
1027 4884
1027 5967
1028 2738
1028 2853
1028 5593
1028 8260
1029 2118
1029 3114
1029 5143
1030 1281
1030 1646
1030 4324
1030 9330
1031 4521
1031 4912
1033 2133
1033 7863
1033 9447
1034 6026
1035 1358
1035 3743
1035 3788
1035 7266
1036 3601
1036 4610
1036 4925
1037 2261
1037 4722
1037 9427
1038 1368
1038 5599
1038 8940
1039 8996
1040 1760
1040 2834
1040 8517
1040 9370
1041 1580
1041 2000
1041 5655
1043 1304
1044 1712
1044 1824
1045 2010
1045 3457
1046 1064
1046 2370
1047 2701
1048 5686
1048 5828
1049 4656
1050 2317
1050 3169
1051 2975
1051 3446
1052 2360
1053 1907
1053 2759
1053 5181
1054 1559
1055 6780
1056 1466
1056 6050
1057 1119
1057 2634
1058 1207
1059 1166
1059 1746
1060 1537
1060 2990
1060 3117
1060 8069
1060 8270
1061 1382
1061 3580
1062 1264
1062 4017
1062 5279
1062 7815
1063 1683
1064 1694
1064 3010
1065 1325
1065 1425
1065 1741
1065 7465
1066 2564
1066 7536
1067 1107
1068 1660
1068 2661
1068 8448
1070 1158
1071 4361
1072 1974
1073 2407
1073 2982
1073 4146
1073 5709
1073 6738
1074 1085
1074 2708
1075 1132
1075 2704
1075 6726
1075 7283
1076 2055
1076 6334
1076 6804
1077 4506
1078 1965
1078 2015
1078 3246
1078 4411
1079 1815
1080 3393
1080 5668
1081 1276
1081 2472
1081 3754
1081 7487
1082 4486
1082 4784
1083 2642
1083 3822
1084 2932
1084 7833
1084 9118
1085 1141
1085 1215
1085 1438
1085 3054
1085 5839
1086 1147
1086 2323
1086 2413
1086 6756
1087 1377
1087 1387
1087 1516
1087 3133
1087 7076
1088 1457
1089 5919
1089 6496
1089 9220
1090 1320
1090 2494
1090 7990
1091 1930
1091 4423
1091 5248
1092 1172
1092 8806
1093 2545
1094 1385
1094 8311
1095 2135
1096 2102
1096 4344
1096 5041
1096 7255
1097 4796
1098 1402
1098 1496
1098 2391
1098 9647
1099 1948
1099 4269
1100 2401
1100 2636
1100 4621
1100 6273
1100 9930
1102 3085
1103 1218
1103 6676
1104 2630
1105 1349
1105 1478
1105 2189
1105 5154
1105 5497
1105 8896
1105 9905
1106 7491
1107 6392
1107 7019
1108 1573
1109 2051
1109 3842
1112 1282
1112 2517
1112 4368
1113 1530
1113 2109
1113 3130
1113 5851
1114 2265
1114 3215
1114 7163
1115 2227
1115 3141
1116 2301
1116 4251
1116 4743
1118 1889
1119 2383
1119 2953
1119 4777
1119 5378
1119 6004
1121 1514
1122 5609
1122 7326
1122 8538
1123 4910
1123 7112
1124 2765
1127 2610
1127 6046
1128 3780
1128 3973
1129 1366
1130 1540
1130 6889
1131 2421
1131 3254
1131 8763
1132 1828
1134 4159
1135 2013
1136 2532
1137 1353
1137 2014
1137 5439
1137 7751
1138 3860
1140 1738
1140 7961
1141 1522
1141 3074
1141 3176
1141 6597
1141 7660
1142 1548
1142 2144
1142 5726
1142 8173
1142 8520
1143 2385
1144 7825
1145 1171
1145 4384
1145 6282
1145 6885
1146 5717
1147 4258
1148 1227
1148 2436
1148 3066
1148 6222
1150 1775
1150 2703
1150 9575
1151 1485
1151 4654
1152 3665
1152 4705
1152 6226
1152 6288
1154 4615
1155 1243
1155 2821
1155 3147
1155 3211
1155 4540
1155 9653
1156 7704
1156 8839
1157 1625
1157 2507
1157 6230
1157 9604
1158 1379
1158 2097
1158 3799
1158 6173
1158 7214
1158 8074
1159 1354
1159 3175
1159 6458
1159 6479
1162 3727
1162 4013
1162 7374
1165 1576
1165 4792
1165 5493
1166 5732
1167 1451
1167 6743
1168 1515
1168 1550
1168 2735
1168 8131
1169 4866
1170 1615
1170 2444
1171 3968
1172 7551
1172 7579
1172 7966
1173 1991
1173 3923
1173 5118
1173 5376
1173 6544
1174 1375
1174 3342
1175 1611
1175 1804
1175 1892
1175 2307
1175 9344
1176 1627
1176 3838
1177 3230
1177 7483
1178 1681
1178 3018
1178 4052
1178 5829
1179 1875
1179 1915
1179 8112
1180 2064
1180 5000
1180 5603
1182 1412
1182 2038
1182 3152
1183 1390
1183 2358
1183 3116
1183 5322
1183 6816
1183 9226
1184 6717
1186 1980
1186 7572
1187 5389
1188 1726
1188 5487
1189 1900
1190 1693
1191 2910
1191 2940
1191 3441
1191 4945
1192 1803
1192 2389
1192 3209
1192 5406
1193 2948
1193 3161
1194 2077
1194 3933
1194 6947
1195 1501
1195 1880
1195 3384
1195 4407
1196 1484
1196 8414
1197 1487
1197 2289
1198 3253
1198 8699
1199 1339
1199 2146
1199 7118
1199 8090
1200 6020
1200 6449
1200 8638
1201 1216
1201 4930
1201 5129
1201 5216
1203 1608
1203 4352
1204 2197
1206 5050
1206 5140
1206 5952
1207 3392
1207 4623
1207 8521
1209 1843
1209 2199
1209 5441
1210 6276
1211 1719
1212 1380
1212 2281
1212 2582
1212 4859
1212 6456
1214 2931
1214 3202
1214 3927
1214 4640
1214 6365
1214 7113
1215 1623
1215 3401
1215 4283
1215 4497
1215 4940
1215 5435
1215 9394
1216 1332
1216 2073
1217 1544
1217 2172
1217 2865
1217 7561
1218 2796
1219 1952
1219 2809
1219 9009
1220 2720
1220 4882
1220 9386
1221 2474
1222 1629
1222 6007
1222 8719
1223 1710
1223 2074
1224 1966
1224 4861
1225 5452
1226 2191
1227 1709
1227 4466
1227 7523
1228 1796
1228 2575
1228 3258
1228 7984
1229 3466
1229 4424
1229 7887
1230 1643
1230 1686
1230 3515
1230 6753
1232 3207
1232 3388
1232 5670
1232 8379
1234 1817
1235 1881
1235 3752
1235 6853
1235 7992
1236 1754
1236 4131
1236 4713
1236 8338
1237 7552
1238 1489
1239 2161
1239 3473
1240 2060
1240 7555
1241 5774
1241 6514
1242 1313
1242 4561
1243 2646
1243 4347
1244 4431
1245 1745
1245 1950
1245 2861
1245 3004
1245 8721
1247 3530
1248 3796
1248 5622
1249 2287
1250 2079
1250 6730
1251 4392
1252 2393
1252 3262
1253 2978
1254 2836
1255 1424
1255 2702
1255 4000
1256 1910
1256 3377
1256 5612
1257 1589
1257 2020
1257 4913
1258 2379
1258 3339
1259 1545
1259 1968
1259 3746
1259 4761
1259 7963
1260 4338
1261 3382
1261 5985
1261 8838
1263 3344
1264 3238
1264 6509
1264 9135
1265 2084
1265 7297
1267 9929
1268 6617
1269 1386
1269 1517
1270 5008
1270 9103
1271 1793
1272 1763
1272 2660
1272 3490
1272 3782
1272 6834
1273 7296
1273 9224
1274 2813
1274 4901
1275 2594
1276 1765
1277 1480
1277 1912
1277 2719
1277 5138
1277 9734
1278 9147
1279 1648
1279 2002
1279 3667
1279 3671
1280 2192
1280 4821
1281 2194
1281 6188
1282 2470
1282 6732
1283 1940
1284 1864
1284 2819
1284 3003
1284 3818
1285 3173
1285 7327
1285 8445
1286 3481
1287 3911
1287 6185
1287 6225
1288 1360
1288 1504
1289 1469
1290 2223
1290 3163
1290 5667
1291 5327
1291 8751
1292 1566
1292 2103
1292 3044
1292 5088
1292 7721
1292 8979
1293 7896
1294 4870
1294 6917
1295 1440
1295 4463
1295 6448
1296 1512
1296 2094
1296 2245
1296 5111
1297 7308
1298 4730
1298 7623
1299 1689
1299 2359
1299 2426
1299 2456
1299 5125
1300 4714
1300 6167
1301 5778
1301 9293
1302 1337
1302 5880
1302 8433
1303 1590
1303 2960
1304 2463
1304 3306
1304 9124
1305 1811
1305 2312
1305 4020
1305 5475
1305 7587
1305 8376
1306 2581
1308 3099
1309 2321
1309 7718
1309 7759
1309 7938
1309 8336
1310 2150
1310 2343
1310 2647
1310 3591
1313 5802
1314 1722
1314 6248
1314 8501
1315 1340
1315 1420
1315 1509
1315 2028
1315 8876
1316 1744
1316 2355
1316 2496
1316 7842
1317 1343
1317 2131
1317 7232
1318 3223
1318 4985
1318 8592
1318 9222
1318 9262
1319 1917
1319 3613
1319 6757
1319 7777
1319 8552
1320 5438
1320 6252
1321 1749
1321 2277
1321 6641
1322 3545
1322 5194
1322 9278
1323 5530
1325 1467
1326 2528
1326 4205
1327 2849
1327 5232
1328 1415
1328 1695
1328 2458
1328 4944
1328 7894
1329 1890
1330 2396
1330 2787
1330 3557
1330 4575
1330 5257
1330 8394
1331 1352
1332 1997
1332 2539
1332 4653
1332 5334
1332 9541
1333 4372
1334 1508
1334 5474
1334 7321
1334 8872
1335 5767
1337 9140
1338 7338
1338 8941
1339 3512
1339 5504
1339 7208
1340 4103
1341 2679
1341 6332
1342 3177
1343 2182
1343 3378
1343 6715
1344 2712
1345 3060
1345 5815
1345 6995
1346 2503
1346 6748
1347 2466
1347 3795
1347 7776
1348 4323
1348 6772
1349 1680
1350 1454
1350 1610
1352 3570
1352 6214
1353 1692
1353 3646
1354 1410
1354 5976
1355 2464
1355 3682
1355 3753
1355 3980
1356 4491
1356 6143
1356 7895
1357 5601
1358 2345
1358 2492
1359 3057
1359 4943
1359 9407
1360 2478
1360 2530
1360 2890
1360 4059
1360 8574
1361 2228
1361 9043
1363 1602
1363 2942
1363 5047
1363 7597
1364 2730
1364 4083
1364 7931
1365 4389
1365 4723
1365 5051
1365 5169
1366 1923
1366 2429
1366 6363
1366 6475
1366 8421
1367 1476
1367 4680
1367 6735
1367 9635
1368 4775
1369 3486
1369 3496
1372 1913
1372 2838
1372 4404
1373 3709
1376 1753
1376 8407
1376 8930
1377 5203
1378 1978
1378 2114
1378 2297
1378 2854
1381 1839
1381 2684
1381 3489
1382 1511
1382 4098
1382 5062
1383 3338
1383 3729
1385 1898
1385 2556
1385 3055
1386 1579
1387 2512
1387 5094
1388 2728
1388 5918
1388 6587
1389 3294
1389 4403
1390 3734
1390 7665
1391 1458
1391 1877
1391 2187
1391 5302
1391 7033
1392 1756
1392 4378
1392 6366
1393 1659
1394 1495
1394 7525
1395 1899
1395 4162
1395 4746
1396 2023
1396 6089
1397 3695
1398 3077
1398 4044
1398 9704
1399 2428
1399 4513
1399 9191
1400 3920
1400 4840
1400 5597
1401 4599
1401 7693
1401 7859
1401 7864
1401 9154
1401 9190
1402 5358
1403 2830
1403 6380
1403 8786
1405 1406
1405 2572
1405 3372
1405 6908
1406 1857
1406 2431
1406 6135
1407 1771
1407 8170
1409 2086
1410 3453
1410 4890
1411 8302
1411 9583
1412 5228
1412 5443
1413 1427
1413 2166
1414 5218
1414 5841
1415 1669
1415 7735
1416 1655
1416 3264
1417 2169
1417 3131
1417 3730
1417 8739
1418 1519
1418 1737
1418 4349
1418 5173
1418 6567
1419 1723
1419 1761
1419 2291
1419 5926
1420 1432
1420 1739
1421 1672
1421 2040
1421 3221
1422 4642
1422 4700
1423 9441
1424 1819
1425 6482
1426 1996
1426 5784
1426 7068
1426 9585
1427 3180
1427 4396
1428 8525
1428 9552
1429 2068
1429 4358
1429 5373
1429 8266
1432 7293
1433 1850
1433 2626
1433 9030
1433 9924
1434 2519
1434 2525
1435 6215
1435 9193
1436 1465
1437 2329
1437 3910
1438 2217
1440 1654
1440 9766
1441 1653
1441 2709
1441 6141
1441 6200
1442 3636
1443 5696
1443 6355
1444 1593
1444 2243
1444 3806
1444 5425
1445 2127
1445 2592
1445 2731
1446 7218
1447 3110
1447 3705
1449 4525
1449 7926
1450 7662
1451 2159
1451 3330
1451 4475
1451 6497
1452 1533
1452 1700
1453 1536
1453 4008
1453 7476
1453 8888
1454 2088
1455 5320
1456 6197
1457 1963
1457 2753
1457 9036
1458 1542
1458 1807
1459 1705
1459 3977
1459 4451
1459 4872
1459 6792
1459 7362
1460 8050
1460 9050
1461 2072
1461 7715
1462 2272
1462 4863
1462 8152
1463 2433
1464 1594
1464 7554
1465 1477
1465 2641
1465 3804
1467 1584
1467 2715
1467 7376
1468 1636
1468 5679
1468 6105
1468 9736
1469 2042
1469 5640
1470 2917
1470 4173
1470 7766
1471 3284
1472 1635
1472 2611
1473 2188
1473 9465
1474 9028
1475 8014
1477 7394
1479 2815
1480 2105
1480 3605
1481 3514
1482 5289
1483 1562
1483 4929
1484 2254
1484 2487
1485 3851
1485 4898
1485 6876
1485 9612
1486 1523
1486 9086
1487 8707
1488 1677
1489 1750
1489 6505
1490 3642
1491 5625
1492 6694
1493 4869
1493 6697
1493 8234
1494 1728
1494 2489
1494 2781
1494 8418
1494 9186
1495 6901
1495 8508
1496 1836
1498 2432
1498 2653
1498 3676
1498 8431
1500 1792
1500 8966
1501 2029
1501 5488
1502 2221
1503 1989
1504 4422
1505 1633
1505 6809
1505 9610
1506 5907
1506 9197
1507 4462
1508 3103
1509 2864
1509 4234
1509 5552
1509 5940
1510 2449
1510 2754
1510 4584
1510 6552
1510 7178
1510 7997
1511 2362
1511 3049
1512 3670
1514 3840
1514 5809
1516 3365
1517 4959
1517 6418
1518 6347
1519 2760
1519 5629
1519 8904
1520 3887
1521 1727
1521 1969
1521 8826
1522 3751
1523 1582
1523 2927
1523 5583
1524 3436
1524 3957
1525 1581
1525 2504
1525 4601
1525 8317
1526 6646
1527 3745
1527 6014
1528 2237
1528 2238
1528 4942
1528 8093
1529 1725
1529 2337
1529 6259
1530 4876
1530 6236
1530 9285
1533 2331
1533 2989
1534 3857
1534 6450
1536 9351
1540 3993
1541 1639
1541 3245
1541 4501
1541 6713
1542 2565
1543 5395
1544 6501
1544 8668
1545 1547
1545 1600
1545 2700
1546 1896
1547 4114
1548 2699
1548 7609
1548 9016
1550 2250
1550 5049
1550 5071
1551 1884
1551 5238
1552 5285
1552 6493
1553 7743
1554 1786
1555 2006
1555 3749
1556 2667
1557 2111
1559 2251
1559 6151
1560 8380
1561 6637
1562 2280
1562 3479
1562 4931
1562 5065
1563 4262
1563 5953
1564 4391
1564 7456
1565 4708
1565 5353
1565 8201
1566 2748
1566 2911
1567 2034
1567 2405
1567 2603
1567 4107
1568 5048
1568 5891
1568 6941
1568 9426
1569 2779
1569 7740
1569 8687
1571 1673
1571 5168
1572 2260
1572 5445
1574 1764
1574 2682
1574 5787
1575 8704
1576 1642
1576 3686
1576 5020
1576 5503
1577 6508
1578 3503
1578 3715
1579 3267
1579 7856
1581 2502
1581 9784
1582 6328
1582 9301
1582 9390
1584 2628
1584 7273
1586 4070
1588 7602
1589 2915
1590 2804
1590 3190
1590 5299
1591 9873
1591 9903
1592 7630
1593 6455
1594 3538
1594 7200
1594 7732
1595 3241
1596 3531
1597 1613
1597 3590
1597 4520
1597 5105
1597 5752
1598 2081
1598 2479
1598 2950
1598 3468
1598 3895
1598 6812
1598 7564
1598 9146
1600 2409
1600 5970
1601 5064
1602 8693
1603 1721
1603 2303
1603 6723
1604 1690
1604 1960
1604 5199
1605 3687
1605 5945
1605 7592
1605 8655
1607 1702
1607 4406
1608 2457
1608 3863
1609 7128
1610 2740
1610 3674
1611 2057
1613 3236
1614 4188
1615 3768
1615 4478
1616 5421
1616 6180
1619 6320
1620 3068
1620 6608
1621 5338
1622 1657
1622 1782
1622 5813
1623 5104
1624 1666
1624 2737
1624 3076
1624 6938
1625 2499
1626 2380
1626 3427
1626 4878
1627 6058
1627 9243
1628 2310
1628 3100
1628 4839
1628 6379
1629 3115
1630 7507
1630 9594
1631 3022
1631 9628
1633 2578
1635 3641
1636 1777
1636 3095
1638 1789
1638 2021
1638 5201
1638 6134
1638 8502
1639 3121
1640 2063
1640 3145
1642 5001
1643 1840
1643 2183
1643 4284
1644 2126
1644 9675
1645 3823
1646 5261
1646 8788
1649 2224
1649 2338
1651 2252
1651 2810
1652 3653
1652 4043
1653 4967
1653 5451
1654 4333
1655 4294
1656 2546
1656 3448
1656 3638
1656 4567
1656 6654
1657 6795
1658 2216
1658 2622
1658 7972
1662 1703
1662 5005
1662 7305
1667 6369
1668 2314
1670 1769
1670 3242
1670 4140
1671 4420
1672 2050
1673 8118
1673 9878
1674 4804
1674 7411
1675 5658
1675 6406
1676 3006
1676 3235
1676 5107
1677 2946
1677 7073
1679 2683
1679 8931
1680 2249
1680 2467
1680 5522
1680 7431
1681 7513
1682 3769
1682 4180
1682 5226
1682 8446
1683 2826
1684 3017
1684 5337
1684 6284
1685 2477
1685 3390
1685 3736
1685 5119
1685 7114
1687 5823
1687 6519
1688 3315
1688 4230
1688 4968
1690 2053
1690 4196
1692 3013
1692 4574
1692 6210
1693 1981
1693 2794
1694 1740
1695 5862
1695 8262
1696 2300
1696 3358
1696 3778
1699 2664
1699 5362
1700 1918
1700 2844
1700 4810
1700 6190
1700 7752
1701 5861
1702 1829
1702 3075
1703 4267
1704 6321
1705 2207
1705 3566
1707 1720
1707 4165
1707 5632
1707 8249
1707 8432
1708 3379
1708 4999
1709 2366
1710 4161
1712 4332
1713 6123
1715 2586
1715 2878
1715 4137
1715 5946
1716 7916
1717 5822
1717 8536
1719 2376
1719 2534
1719 2892
1719 6115
1720 2762
1720 6085
1720 6607
1720 7332
1721 1873
1721 2128
1721 2846
1721 7823
1722 6112
1723 2011
1723 2783
1723 3777
1723 5038
1723 7755
1723 9308
1724 5729
1724 6636
1725 4731
1725 7048
1726 2181
1727 2459
1727 3034
1727 4717
1728 2747
1728 5748
1728 6051
1729 7628
1731 2591
1731 5974
1733 6611
1734 6323
1735 6577
1736 2905
1736 3090
1738 3509
1740 6957
1742 6330
1742 8463
1743 4375
1744 5189
1745 9839
1746 2941
1747 3898
1748 4524
1748 4762
1748 7071
1748 7529
1749 2414
1749 4067
1749 6005
1750 3069
1750 5282
1751 2816
1752 7345
1753 2160
1753 2570
1753 2618
1753 5781
1753 6561
1755 4780
1756 2099
1756 3785
1756 4241
1757 2620
1757 6907
1758 1858
1758 1942
1758 6623
1760 2651
1761 5550
1762 1776
1763 1781
1763 2419
1763 5727
1763 5944
1763 8728
1763 9785
1764 1780
1764 3023
1764 8075
1765 2551
1766 5941
1767 1956
1767 2327
1767 6988
1768 3198
1768 3534
1768 5714
1769 1949
1770 2764
1770 9664
1771 6470
1772 2450
1772 4021
1772 6651
1773 2270
1773 3028
1773 6263
1774 4445
1774 4971
1775 2615
1775 4835
1776 1783
1776 2233
1776 7120
1776 7639
1777 7469
1777 7936
1778 6585
1778 6832
1779 2894
1779 4975
1779 6104
1780 2384
1780 5606
1781 3024
1782 4386
1783 4873
1783 9454
1785 5339
1786 3118
1786 4121
1787 9310
1788 3343
1790 2226
1790 3467
1790 8331
1791 6973
1792 2048
1793 7035
1793 8225
1794 2078
1794 6469
1795 3639
1795 3725
1796 2274
1796 3193
1796 6346
1796 8743
1797 2406
1798 4440
1798 6389
1799 2985
1799 4598
1799 7087
1800 2027
1800 2906
1800 3824
1801 3212
1801 4580
1802 8874
1803 4830
1803 6350
1804 4503
1805 3631
1805 6034
1806 3105
1806 5864
1806 6841
1806 7116
1806 7619
1809 2751
1809 3837
1809 4786
1810 2368
1810 5572
1812 2739
1813 1838
1813 2673
1816 2782
1816 5259
1817 3542
1817 7199
1818 2132
1821 4716
1822 8975
1822 9883
1824 3618
1824 7215
1824 7302
1824 8623
1826 7440
1827 1971
1828 1982
1829 1833
1831 2284
1832 2033
1832 2585
1832 2952
1834 4263
1834 8218
1834 8233
1835 7384
1836 2840
1836 6213
1838 7530
1839 2090
1839 2983
1840 2267
1842 5436
1843 2400
1843 3128
1843 5407
1843 8397
1845 1876
1846 9331
1847 2001
1848 3086
1848 3394
1848 7012
1849 2937
1850 2643
1850 3332
1851 5101
1851 6840
1852 4857
1855 2802
1855 5876
1855 9966
1856 1897
1856 6161
1858 2437
1858 3621
1858 6951
1860 2904
1860 3833
1860 5193
1860 5385
1860 8232
1862 7549
1863 1994
1864 4956
1865 2755
1865 3206
1865 4632
1866 3813
1869 7067
1870 3425
1870 5588
1871 1879
1871 2788
1872 3812
1872 4240
1873 2009
1873 4676
1873 6962
1873 9269
1874 3281
1875 2255
1875 3140
1877 2039
1878 2957
1878 5332
1878 9499
1880 4218
1880 5180
1881 2025
1881 4793
1881 5158
1883 2304
1883 2852
1884 4907
1884 9735
1885 7901
1886 1914
1887 2862
1887 4317
1887 5843
1887 8174
1889 1975
1889 5304
1890 7820
1890 9069
1891 6394
1892 3007
1892 3569
1892 5826
1892 6290
1893 1985
1893 2662
1893 7342
1894 9046
1895 2629
1895 4970
1896 2220
1896 4157
1896 8423
1897 9859
1898 9100
1901 9801
1902 6277
1902 8291
1903 5160
1905 8660
1905 9501
1906 2026
1906 2184
1906 2909
1906 2912
1906 5948
1907 2812
1907 4948
1907 5342
1907 6512
1907 6533
1908 7562
1908 7876
1909 3357
1909 3866
1910 4089
1910 7366
1912 8579
1913 1953
1913 5152
1914 2198
1914 3412
1915 3174
1915 4692
1915 7614
1918 2328
1918 7081
1920 7832
1922 2342
1922 2800
1922 4399
1924 4727
1925 3640
1925 4123
1926 2621
1927 2154
1927 3102
1927 7644
1927 8916
1931 2164
1931 9432
1932 7227
1933 1957
1933 2113
1933 2259
1933 4215
1933 7270
1934 2148
1936 6208
1937 2030
1938 2082
1938 2913
1938 5971
1938 9799
1939 2566
1939 4899
1939 8780
1941 3882
1941 4252
1941 5221
1942 3629
1942 8192
1942 9658
1943 6102
1944 2996
1944 3958
1944 4703
1945 2695
1945 2767
1945 4732
1945 6541
1945 8901
1946 2279
1946 2987
1947 5270
1947 8549
1947 8558
1948 3025
1949 3148
1949 5166
1949 7179
1949 9652
1950 2814
1950 5514
1951 4126
1952 2313
1952 3595
1953 4006
1953 9638
1954 2340
1954 6707
1955 4194
1955 6498
1956 2536
1956 4455
1956 6353
1956 7689
1957 9682
1958 2411
1958 3921
1959 3871
1959 3922
1959 5344
1960 2608
1960 3669
1961 8915
1962 8202
1963 9218
1964 4607
1967 3203
1967 9833
1968 2253
1968 2855
1968 4291
1969 4805
1969 5783
1970 2540
1970 6782
1971 2037
1971 3902
1971 5865
1972 7861
1973 6422
1974 4394
1974 5040
1975 2066
1975 4747
1976 5638
1977 5275
1977 7488
1978 6797
1979 5413
1982 2219
1982 8103
1983 8909
1984 2322
1984 5447
1986 9686
1987 2306
1987 3109
1989 3849
1991 3208
1991 8518
1992 3016
1993 2714
1993 8847
1997 3779
1997 4544
1998 2841
1998 4788
1998 9888
1999 8235
2001 3903
2001 4117
2001 9236
2002 2116
2003 3677
2003 4184
2005 2035
2005 3876
2005 4181
2006 2036
2006 2822
2007 5978
2008 3123
2009 2052
2010 3430
2010 6670
2010 7056
2011 2693
2011 3916
2011 6927
2012 6411
2016 2888
2016 7524
2016 8644
2017 6790
2018 3583
2018 8110
2018 9114
2019 3398
2019 5115
2020 2200
2021 2047
2021 3418
2021 3510
2021 9385
2022 2311
2022 3657
2022 3716
2022 5756
2022 9209
2023 3179
2023 6965
2024 2054
2024 3433
2024 3834
2024 4529
2024 7354
2024 7738
2024 8163
2026 2147
2026 2609
2027 2686
2027 6942
2027 7532
2027 9202
2028 3295
2029 2711
2030 2185
2030 4280
2031 3167
2034 2292
2034 3547
2034 4765
2034 5875
2035 4587
2036 2784
2037 3314
2037 6507
2039 2921
2039 3276
2039 3713
2040 5108
2040 6405
2041 8329
2042 3826
2042 6322
2042 7723
2044 2110
2044 9196
2045 5172
2045 6427
2046 9853
2047 5964
2048 2445
2049 2520
2051 3697
2051 3798
2051 5293
2052 2186
2052 6937
2052 9234
2053 2889
2053 3763
2053 4222
2053 5656
2054 5942
2055 5680
2055 8933
2056 2694
2056 3452
2056 6176
2056 8959
2057 4864
2059 2257
2059 6928
2059 7165
2060 3119
2060 4298
2060 5639
2061 3564
2061 8094
2065 2083
2068 2750
2070 5127
2070 5311
2070 7958
2073 3020
2073 3421
2074 2214
2074 9358
2075 3374
2075 9762
2076 4082
2076 4257
2077 2222
2077 2574
2077 7571
2080 2988
2080 5560
2081 5156
2081 5374
2083 2951
2084 5496
2084 6255
2084 7085
2084 8239
2085 2236
2086 2318
2086 6644
2087 2763
2087 6690
2087 7694
2087 8036
2088 2769
2088 9271
2089 2722
2089 2949
2089 3568
2090 3249
2090 5197
2090 6149
2091 2725
2091 3324
2091 3327
2091 8986
2092 7286
2094 5768
2095 6093
2097 3030
2098 2412
2098 8609
2099 2167
2099 2364
2099 2785
2099 3001
2099 6835
2100 2789
2101 5081
2102 3459
2103 2549
2103 3890
2103 5521
2103 5575
2104 4275
2104 6035
2105 4066
2105 4500
2106 2936
2106 3720
2106 3735
2107 2117
2107 2563
2109 5085
2109 9393
2111 2490
2111 4229
2111 4742
2112 4122
2113 2452
2113 2895
2113 5579
2114 2206
2115 7452
2116 3637
2116 4993
2116 6240
2117 3033
2118 3781
2120 6312
2121 3406
2122 3710
2122 8238
2123 3183
2123 3361
2123 3847
2123 5704
2124 8277
2125 3111
2125 3924
2125 4266
2126 2378
2127 2136
2127 4118
2127 5553
2128 3717
2129 9803
2130 3178
2130 4216
2130 5076
2131 3708
2131 6409
2132 2907
2133 7951
2135 3088
2136 3852
2136 6070
2137 2273
2137 2299
2137 5151
2137 6094
2137 9064
2138 4558
2139 2710
2139 8985
2141 8028
2143 3268
2143 7045
2144 3831
2144 7441
2146 7490
2147 3256
2147 8043
2148 4207
2148 7720
2149 7331
2149 7501
2150 5589
2151 4646
2151 7385
2151 8286
2152 4868
2152 7798
2153 2792
2155 3508
2155 3549
2155 3658
2155 9377
2155 9881
2156 2923
2156 3159
2157 2203
2159 3348
2159 3773
2159 9517
2160 5587
2160 5733
2161 2727
2161 4854
2161 5243
2161 6603
2162 5814
2162 7132
2164 2201
2164 2468
2166 4133
2168 2974
2168 3072
2169 2587
2169 5434
2169 9089
2169 9340
2170 4906
2170 8300
2171 8181
2173 9449
2174 2736
2175 4687
2176 4768
2176 5077
2176 5923
2177 4243
2179 8479
2180 7641
2181 3156
2183 2724
2183 4664
2183 7782
2184 3053
2184 4915
2184 7103
2184 7573
2185 2893
2185 4041
2185 6013
2186 5002
2187 3758
2188 2637
2188 3126
2188 4604
2188 4726
2189 8158
2190 7808
2192 4988
2192 5692
2192 8858
2193 2225
2193 4483
2193 6250
2194 3442
2194 6599
2195 2883
2196 6296
2196 7099
2197 3529
2197 7729
2197 8364
2197 8613
2200 6062
2200 7923
2201 3726
2201 7254
2202 2777
2203 5256
2204 4031
2204 8843
2205 2350
2206 3269
2206 4555
2207 7375
2207 7499
2208 4955
2208 5121
2210 8932
2210 9892
2211 3064
2211 4048
2211 4843
2211 4933
2211 8320
2211 8947
2212 3985
2212 6270
2213 4341
2213 4356
2215 4518
2215 5566
2216 4579
2216 6929
2217 2263
2217 3319
2217 6702
2218 2430
2218 3721
2218 4116
2218 9225
2220 2371
2220 3182
2220 5170
2222 3287
2225 2497
2225 6077
2226 2558
2226 4286
2227 2420
2227 6157
2228 3234
2228 3845
2229 4844
2229 6096
2230 6686
2230 7129
2230 7753
2231 5989
2232 4739
2232 6511
2233 3288
2233 8008
2233 8102
2233 8443
2235 4434
2235 4498
2236 3362
2236 3573
2238 2632
2239 9703
2240 3494
2240 3543
2240 3761
2240 4452
2240 7402
2241 3952
2241 5513
2241 7633
2242 2599
2242 3967
2243 4167
2243 7235
2246 3584
2246 4801
2246 5636
2246 9894
2247 2713
2251 6419
2252 2790
2252 4022
2254 3071
2255 7620
2256 2495
2257 2933
2257 3146
2257 9170
2258 2623
2258 3497
2258 5171
2258 7908
2259 5192
2259 5461
2259 9272
2260 2269
2260 4591
2262 4660
2262 9379
2263 3251
2264 2462
2264 4084
2264 5313
2264 9383
2265 2631
2265 9107
2268 4134
2268 4838
2269 6307
2270 3470
2270 9805
2271 3292
2271 4682
2272 2543
2273 2887
2273 9944
2274 4842
2275 2690
2275 5666
2275 8794
2276 2672
2276 3349
2276 5480
2277 4794
2278 2325
2278 3461
2278 5310
2280 5896
2280 7258
2281 6865
2282 3370
2282 3511
2283 2320
2283 9742
2285 2398
2285 3137
2285 4441
2286 3776
2286 5484
2287 2795
2288 4053
2288 9572
2289 8288
2290 4937
2290 8602
2291 3185
2291 5533
2291 7898
2292 3386
2292 9206
2293 3032
2293 8327
2295 3528
2297 7504
2298 8563
2300 2756
2305 2648
2307 6124
2309 9931
2312 2454
2312 2752
2312 5598
2313 7933
2314 5874
2315 2330
2315 2562
2318 3125
2319 2742
2319 8939
2320 8629
2321 7794
2323 3505
2323 5428
2324 3417
2324 3532
2324 4032
2324 6336
2324 8177
2324 8292
2324 8729
2325 2860
2326 3336
2326 5645
2327 2604
2328 3050
2328 3404
2330 6053
2331 2382
2333 3101
2333 7024
2334 5132
2336 2640
2338 2869
2338 4551
2338 7101
2339 7280
2341 2882
2341 9646
2342 5921
2342 8495
2343 8088
2343 9695
2344 4744
2344 6303
2345 4492
2347 2353
2347 2439
2348 2555
2348 7510
2349 2571
2349 3495
2349 3608
2350 2872
2350 6074
2350 8126
2351 9824
2353 5879
2354 2473
2354 2484
2356 7773
2357 3814
2358 4125
2358 4203
2361 3286
2361 3843
2361 6855
2361 8477
2362 5988
2363 3008
2363 3399
2363 5500
2363 7386
2365 4295
2365 5689
2365 6500
2368 7580
2369 5578
2370 3014
2370 3419
2370 4444
2370 4494
2372 3846
2372 5419
2373 3021
2373 8053
2374 2680
2374 2898
2374 3197
2374 3679
2374 5030
2375 4638
2376 2793
2376 9856
2377 2971
2377 6132
2378 3455
2378 3955
2379 2981
2379 4896
2380 2567
2380 5633
2380 5991
2381 7314
2383 7543
2384 3218
2384 4903
2384 4905
2384 4922
2384 6800
2386 8425
2387 2627
2387 4130
2387 5794
2388 3168
2388 4304
2388 7267
2389 2961
2389 5486
2390 9793
2391 2569
2391 3516
2391 3909
2392 3541
2392 5202
2394 6923
2395 4569
2395 6621
2396 3493
2397 3451
2397 5902
2397 6570
2398 6584
2399 4833
2399 9090
2401 2422
2402 3744
2403 7943
2404 4909
2404 6387
2404 6845
2405 9281
2405 9335
2406 7212
2407 3135
2411 3718
2411 3888
2411 6566
2412 6658
2413 4926
2414 2547
2415 2698
2415 6967
2415 7643
2415 8867
2416 5688
2418 4596
2418 5950
2418 6883
2418 9964
2419 3507
2420 2513
2420 4474
2420 8702
2421 5233
2424 4057
2424 4616
2424 5116
2425 4428
2425 8516
2427 4112
2427 4733
2430 5416
2431 3724
2432 2491
2437 2675
2438 5426
2440 3854
2440 4481
2441 5371
2443 3787
2443 3974
2443 6358
2443 6642
2444 3317
2444 3385
2444 4849
2446 6066
2447 2823
2447 3807
2447 5511
2448 2729
2448 5895
2449 5994
2449 7238
2451 4197
2451 6468
2451 7725
2453 7430
2454 6777
2455 2797
2457 3371
2458 5961
2458 7192
2460 3005
2460 3205
2460 5665
2460 7781
2461 3266
2462 2552
2462 2992
2464 9497
2465 3232
2465 5394
2466 4530
2466 7041
2467 3786
2468 2718
2469 8305
2469 9253
2470 5892
2471 4055
2472 2851
2472 6445
2472 6545
2473 2831
2473 2874
2473 2875
2473 3270
2473 7057
2474 5816
2475 5014
2475 6943
2476 7242
2477 9700
2478 4808
2478 8710
2478 9143
2480 5981
2480 6695
2481 3478
2481 4105
2482 5508
2482 8596
2484 9696
2485 3698
2487 3972
2488 6254
2489 5281
2489 6939
2489 7249
2490 3859
2490 8885
2491 4539
2493 2770
2493 3535
2493 7928
2494 5490
2495 2593
2495 4484
2497 4997
2497 5286
2498 7197
2498 9171
2498 9608
2499 3422
2500 3170
2500 3499
2501 8119
2502 6991
2503 4065
2503 8081
2503 8653
2505 3688
2505 6142
2505 6227
2506 6535
2507 3506
2507 6964
2508 2856
2508 7878
2509 3213
2509 8140
2511 3594
2511 3821
2511 3954
2513 3321
2514 6752
2515 3873
2515 5039
2516 3225
2517 5427
2518 4093
2518 4260
2519 3772
2521 4339
2521 5292
2522 7834
2523 4379
2523 4421
2523 5968
2523 7813
2524 2538
2524 3093
2524 5367
2526 9559
2527 7096
2529 7001
2529 7712
2530 9485
2531 2732
2531 7600
2531 8211
2534 5253
2535 3328
2536 2561
2536 4170
2537 2745
2537 2818
2538 7509
2538 8461
2538 9494
2540 9714
2541 7123
2542 6768
2543 3939
2543 7889
2545 4214
2545 7043
2546 3908
2547 6789
2548 8630
2549 5408
2551 5309
2552 4773
2553 7780
2555 2668
2556 5798
2557 5303
2557 8511
2557 9303
2558 3250
2558 9831
2559 4037
2560 5225
2560 5842
2560 9266
2563 4100
2563 4904
2564 3149
2564 3166
2565 3501
2566 2598
2566 4972
2566 7368
2567 6538
2569 4290
2569 5235
2569 6667
2569 6803
2570 8354
2570 9439
2571 9732
2574 3539
2575 2944
2575 5960
2575 8991
2576 3504
2576 7942
2577 2976
2577 5061
2577 5757
2577 7998
2578 6082
2578 6399
2579 8167
2579 8390
2580 5623
2580 6395
2580 8015
2581 3844
2582 3150
2582 3627
2582 3835
2583 4517
2584 3426
2585 2605
2586 4036
2586 6041
2587 4380
2588 9371
2590 2966
2591 6893
2592 2935
2593 2676
2593 2886
2593 4850
2596 3106
2596 3491
2597 3113
2597 6639
2597 7277
2598 3083
2599 3454
2601 6731
2603 2824
2603 3607
2603 4877
2603 7223
2604 7528
2605 3654
2605 5617
2606 3158
2606 4450
2606 4984
2606 8556
2608 4201
2609 3894
2609 4438
2611 5325
2612 3680
2612 4954
2613 6678
2614 3184
2615 2843
2615 3380
2616 2908
2617 2866
2617 3750
2617 7169
2618 6631
2619 5682
2620 2880
2620 4447
2622 7341
2623 4408
2624 4510
2625 2993
2625 3045
2625 3162
2625 3732
2625 3810
2625 7868
2626 2681
2628 5195
2628 5681
2631 3521
2631 4056
2631 6492
2631 6709
2631 7758
2634 6218
2635 5024
2635 7171
2636 4592
2637 3081
2637 4748
2638 3160
2638 8691
2639 3460
2639 3981
2639 9106
2640 2652
2640 7534
2641 2744
2644 2773
2645 7658
2646 3959
2648 3946
2649 3196
2650 7279
2653 3444
2653 8078
2654 8695
2655 7340
2656 2938
2657 4160
2657 5470
2657 7160
2658 5114
2658 5330
2659 5004
2661 6531
2661 7167
2662 2825
2662 4156
2663 4846
2665 5222
2665 7382
2666 4851
2667 6396
2670 3675
2670 8598
2671 3696
2671 4648
2673 3429
2673 3465
2673 8595
2674 2758
2674 3227
2674 5291
2677 2786
2678 9522
2679 3310
2680 6619
2680 9503
2681 5848
2681 5979
2682 6664
2683 6083
2684 7425
2685 2696
2685 5476
2685 6971
2686 9601
2688 3660
2689 5331
2691 7515
2691 8012
2692 3333
2693 5380
2693 6129
2693 6333
2694 6681
2695 8048
2696 4385
2698 3891
2701 3702
2701 3731
2701 3816
2701 3949
2701 5117
2701 9323
2702 6311
2703 6966
2704 3157
2705 4226
2707 3867
2707 4393
2708 3409
2709 5213
2710 3309
2710 9273
2711 2998
2711 8095
2714 4512
2714 5042
2714 6139
2714 7166
2714 8470
2716 7927
2716 9353
2719 2896
2720 5534
2720 5604
2721 6817
2723 3619
2723 7890
2723 8522
2724 8351
2725 4936
2725 5590
2728 2925
2728 5626
2729 9314
2732 4244
2732 7335
2733 5011
2734 8892
2737 4701
2738 3904
2738 5297
2738 5760
2739 4139
2740 4982
2741 5571
2742 4995
2743 3046
2743 7274
2743 7786
2743 8744
2745 3136
2747 8310
2748 4891
2749 5053
2749 5747
2749 6981
2750 3280
2750 3578
2750 8686
2751 4071
2751 4983
2752 5045
2752 5431
2753 3015
2754 7415
2755 2839
2756 3438
2756 4573
2756 9952
2757 4068
2758 2934
2758 3634
2759 6762
2762 9319
2763 6408
2764 2829
2764 3061
2764 7109
2764 9665
2765 2977
2765 4208
2765 4624
2765 6513
2765 7838
2767 9630
2769 4141
2770 3265
2770 6359
2773 4797
2775 8343
2777 4012
2777 4606
2777 7583
2778 2963
2779 2973
2781 2916
2783 9024
2784 2827
2784 3706
2784 8456
2784 8600
2784 9974
2785 6242
2785 9396
2786 3502
2786 4679
2789 8632
2790 3297
2790 5834
2791 3289
2791 3558
2792 3767
2792 4343
2793 2837
2793 2873
2793 7850
2795 3285
2795 4946
2795 8296
2797 2965
2797 4370
2797 7574
2798 4819
2798 9276
2801 3351
2801 4711
2802 6703
2803 9185
2804 2850
2806 2922
2807 2867
2809 3469
2812 4297
2813 5163
2813 6687
2814 5120
2814 7348
2814 8287
2815 3237
2815 3650
2815 4456
2816 3801
2816 3915
2816 3943
2816 4978
2817 3588
2817 3808
2818 5651
2818 6910
2818 7398
2818 7668
2819 5410
2823 2879
2823 3435
2823 3582
2824 4340
2824 6881
2826 8924
2827 3722
2827 5179
2828 8271
2831 3188
2832 5505
2833 7078
2835 2954
2835 6725
2835 9922
2837 4841
2839 4092
2840 3172
2841 2997
2842 2885
2844 3482
2844 4177
2845 4249
2845 6765
2846 5507
2853 3341
2853 9423
2854 3036
2855 6970
2856 3928
2856 4223
2857 6170
2858 3000
2861 3139
2861 4102
2862 5264
2865 3942
2866 3300
2866 4187
2866 5066
2866 7590
2866 8326
2867 4603
2868 9750
2869 4330
2869 6446
2870 3366
2870 3712
2870 5641
2870 6787
2871 4815
2871 6159
2872 4242
2874 3189
2874 3536
2874 3992
2874 4061
2875 5785
2876 3112
2876 4268
2877 5746
2879 9133
2880 4688
2881 5669
2881 6925
2883 5870
2886 6166
2886 7409
2887 6081
2888 3143
2888 4183
2888 8949
2889 3562
2889 4958
2890 6207
2891 4439
2892 5481
2895 8442
2896 6080
2896 7306
2898 4369
2899 5800
2900 7182
2901 3368
2902 3527
2903 6793
2903 8575
2904 5542
2904 8241
2905 4766
2908 3930
2909 5142
2911 4299
2911 4417
2914 3367
2914 3672
2915 4459
2915 6805
2916 5023
2917 5662
2917 8961
2919 5913
2920 7593
2922 8046
2923 2991
2924 9215
2925 3052
2925 7645
2925 7716
2926 3247
2928 3881
2928 3905
2928 8208
2929 6915
2930 5348
2930 6955
2931 3492
2931 5581
2931 6830
2932 8444
2933 3577
2933 4973
2933 8374
2933 8893
2934 7168
2935 4468
2936 9337
2938 5631
2938 8066
2938 9369
2939 7446
2940 3765
2941 6431
2944 9409
2945 5869
2945 8299
2947 3581
2947 5621
2947 8492
2948 3354
2948 7741
2948 9932
2949 6278
2950 4015
2950 4289
2950 4694
2950 5341
2952 6464
2953 7224
2954 3819
2954 7578
2955 6873
2957 9311
2958 6000
2959 3323
2959 9795
2960 3403
2960 5545
2960 9729
2961 3304
2961 9724
2962 5106
2963 9893
2964 3334
2965 6568
2965 8782
2966 4425
2966 4461
2966 5491
2966 6649
2966 7475
2967 3369
2967 3997
2967 6656
2967 8621
2967 9052
2968 6401
2970 6710
2970 8147
2971 4305
2973 7145
2973 8358
2973 8393
2974 3278
2976 4144
2976 6047
2976 7395
2976 8039
2977 3082
2977 3897
2979 3134
2979 3556
2979 7097
2980 6871
2983 5236
2983 5323
2983 8006
2983 9849
2984 3043
2984 3067
2985 3950
2985 8106
2986 3825
2987 3229
2988 5591
2989 5234
2990 4206
2991 5083
2992 6113
2993 5131
2994 3546
2995 3420
2995 4928
2996 5417
2996 5744
2996 8777
2996 9282
2997 4526
2997 7879
2998 3337
2999 5933
3000 4086
3000 4583
3000 4981
3000 6181
3000 6313
3001 4644
3002 3171
3002 6911
3003 3271
3003 4772
3003 5237
3003 8022
3003 9318
3006 6573
3006 9909
3009 5594
3009 5912
3010 5210
3010 6828
3010 9203
3011 6092
3012 3554
3012 4586
3012 5319
3013 3210
3013 4151
3013 8583
3016 4075
3017 9356
3018 7006
3019 7717
3020 3440
3021 8797
3022 7517
3023 4611
3023 4787
3024 4091
3024 6297
3024 8620
3025 3571
3026 7688
3027 5350
3027 5819
3027 7189
3027 7836
3028 4437
3029 7234
3029 9629
3030 9898
3031 8475
3032 6194
3033 5382
3034 6773
3035 3056
3035 3659
3035 7328
3037 6017
3039 3302
3040 3555
3040 4753
3040 4887
3040 6683
3043 3755
3043 4641
3043 8841
3044 3524
3045 6325
3045 7220
3046 3104
3046 4908
3046 5547
3048 5242
3049 3668
3049 3926
3049 8458
3050 3320
3051 5887
3052 3192
3052 4042
3052 4282
3053 4063
3053 4590
3054 8875
3055 4472
3055 6614
3060 7956
3061 4054
3062 7506
3064 9397
3065 3764
3065 4523
3065 9119
3066 4308
3068 8141
3069 7480
3069 9039
3070 3480
3070 6718
3072 5773
3073 3662
3073 9847
3074 9406
3075 7508
3076 8554
3077 5643
3079 3879
3079 7783
3080 3244
3080 3661
3085 3142
3086 5277
3088 3107
3089 5663
3090 3124
3091 3355
3091 6169
3091 6503
3092 3604
3093 4552
3093 4626
3094 3456
3094 4902
3095 8635
3096 3138
3096 6572
3096 9473
3099 4316
3099 4430
3100 6202
3102 5770
3102 7462
3103 4448
3103 5483
3104 3298
3104 4941
3106 3624
3107 8851
3110 3331
3110 3413
3110 7707
3111 6036
3112 4293
3112 7002
3113 9852
3114 3275
3114 3518
3114 4774
3115 3257
3115 3423
3115 4471
3115 9701
3116 6439
3116 7028
3118 3290
3119 5314
3119 5347
3120 3352
3120 3522
3120 3893
3120 3948
3122 4791
3122 6992
3123 4779
3123 5084
3124 8030
3124 9820
3125 7744
3126 9477
3126 9596
3127 4546
3128 4306
3129 7406
3129 7803
3130 9033
3131 3656
3132 8159
3133 7049
3134 7292
3136 4782
3137 3998
3139 3797
3141 4848
3142 7613
3144 9543
3146 8542
3148 3373
3151 3689
3151 3994
3151 6821
3151 8622
3152 4320
3152 6897
3152 7829
3153 3293
3153 7190
3154 4248
3155 3733
3155 5244
3155 9782
3157 7899
3158 3252
3158 3576
3158 4962
3159 9568
3160 3941
3160 4964
3161 3283
3162 7713
3163 3520
3164 6048
3165 3999
3165 6737
3167 4335
3169 7586
3170 4559
3171 5705
3173 5517
3174 5366
3175 5676
3176 3803
3176 4078
3176 7464
3183 5340
3184 8307
3185 3424
3185 3475
3187 5720
3187 9680
3188 4987
3189 9743
3190 9264
3191 8667
3192 7217
3193 3335
3196 3261
3196 3525
3196 4633
3196 5208
3197 5247
3199 4026
3199 4410
3199 5414
3200 5026
3201 4836
3201 5012
3201 5283
3202 7027
3203 3684
3203 5252
3204 4879
3205 3395
3205 5019
3205 5251
3206 8312
3207 3829
3207 3989
3207 4005
3207 6680
3208 4487
3209 8779
3210 4965
3211 7143
3212 5758
3212 6136
3213 4881
3214 4273
3214 9508
3215 5867
3215 5973
3216 4138
3218 3363
3219 4301
3219 5525
3219 8139
3219 9684
3220 4799
3220 8314
3220 8586
3221 4109
3221 5772
3222 6348
3223 6341
3225 4706
3225 6410
3226 9772
3229 9587
3232 6345
3232 7647
3232 8363
3234 5719
3234 7481
3235 7038
3235 7479
3236 3432
3237 4178
3237 4232
3238 3560
3239 3648
3240 3811
3242 3387
3243 3886
3245 7149
3245 8086
3246 9163
3248 7371
3249 4531
3249 5806
3249 9553
3251 4976
3252 3872
3252 5215
3252 6600
3252 7959
3252 9797
3253 6634
3253 7746
3255 6675
3258 4618
3258 5596
3259 3449
3259 4771
3259 4927
3262 7250
3263 5561
3264 4217
3265 3900
3266 8033
3267 9530
3268 6605
3269 3316
3269 5605
3270 5329
3270 6356
3270 7950
3271 4004
3271 7053
3272 6018
3273 4588
3274 9199
3275 4505
3276 4436
3278 5246
3279 4110
3279 4875
3279 5034
3280 9431
3281 3345
3283 4566
3283 5073
3287 3756
3289 4085
3289 7911
3291 5217
3291 5905
3291 7886
3292 7082
3292 8362
3294 3308
3294 3484
3294 4636
3295 6532
3297 4264
3299 5737
3300 3775
3300 3832
3302 9728
3305 3685
3305 4193
3307 5044
3310 8197
3311 3500
3311 7104
3311 7448
3312 4605
3313 4046
3313 4186
3313 5130
3315 9115
3317 7138
3317 7796
3319 6553
3322 9500
3324 4939
3326 7565
3328 4449
3328 5230
3330 8815
3331 8345
3333 4467
3334 4158
3335 3602
3335 4259
3335 5207
3335 9968
3336 5791
3337 4776
3338 4227
3338 7416
3339 3551
3339 4553
3339 5212
3340 4564
3342 5697
3343 4581
3344 6275
3344 7466
3345 4685
3346 4179
3347 4087
3347 7522
3348 3615
3348 5136
3350 6064
3351 4278
3351 9368
3352 7051
3356 3691
3357 5659
3357 7839
3359 4704
3359 5990
3359 7077
3360 3693
3363 5789
3363 8601
3364 6877
3365 4376
3365 5471
3365 7656
3370 7599
3371 7485
3372 3699
3372 3848
3372 9672
3373 4010
3373 9347
3374 6121
3375 6003
3375 9230
3376 4350
3377 6160
3378 5386
3379 4255
3382 4398
3382 7256
3384 7669
3385 5070
3385 9643
3387 7497
3388 3623
3388 7349
3388 7804
3389 3742
3390 4409
3390 5690
3391 8004
3391 9920
3392 5808
3393 3643
3396 4533
3397 3704
3397 3741
3397 7576
3400 8921
3401 5838
3401 7681
3402 9177
3404 3975
3404 6510
3409 4480
3409 7538
3409 8820
3411 4314
3411 8339
3412 6086
3412 7840
3415 8812
3415 9022
3416 3589
3416 4373
3416 4888
3418 6465
3418 7471
3419 7845
3420 6791
3420 9290
3420 9908
3422 4039
3423 6935
3423 7381
3424 6220
3424 8811
3424 9063
3425 5349
3425 6130
3425 8160
3426 5558
3428 3760
3428 8257
3430 5678
3431 3450
3431 3885
3431 6239
3431 9153
3432 3664
3432 3945
3432 4637
3432 5312
3432 6879
3434 5762
3437 4185
3438 8367
3439 5721
3440 6733
3441 4715
3441 7949
3443 3964
3443 8230
3443 9192
3444 4752
3444 8018
3448 5556
3448 7914
3449 4153
3449 6630
3450 5110
3451 9637
3452 8903
3454 3919
3454 6137
3455 4707
3455 5075
3455 6109
3455 7767
3459 3526
3459 5220
3460 5740
3460 8831
3461 4351
3461 6770
3462 5415
3462 7664
3464 4892
3464 6530
3464 6814
3464 9794
3465 3694
3465 4001
3465 9254
3466 4806
3466 5411
3466 8133
3467 4847
3468 4381
3468 5400
3468 9896
3471 9413
3472 9679
3473 4174
3473 4416
3473 8747
3474 9091
3478 3830
3479 3960
3481 8224
3482 3874
3483 4522
3483 8967
3484 8717
3485 7180
3486 7811
3487 4321
3487 8273
3488 5570
3489 5375
3491 3783
3492 3628
3493 4277
3493 5878
3496 4080
3497 3802
3497 4047
3498 3644
3499 5137
3499 6361
3501 6613
3503 4735
3504 4202
3505 3692
3505 4608
3505 5031
3506 3563
3507 6463
3508 3983
3508 9489
3509 3884
3509 4443
3509 8198
3509 8488
3510 6289
3510 9452
3510 9551
3512 5133
3513 5155
3513 6305
3517 9869
3518 3622
3519 3740
3520 5906
3523 4327
3523 5214
3523 5694
3524 4030
3524 7865
3525 6749
3526 5149
3526 8229
3529 8416
3530 8805
3532 5267
3533 3938
3533 4785
3533 4822
3533 6111
3533 7185
3535 7427
3535 9392
3536 6886
3536 9327
3537 3553
3539 9676
3541 6402
3543 4081
3545 5515
3546 3673
3548 7026
3550 8251
3551 3961
3552 5803
3553 5920
3554 8027
3555 3901
3555 6249
3556 4136
3556 4377
3557 4168
3557 8136
3559 6011
3561 7039
3562 4617
3563 4064
3563 6471
3564 4634
3564 6045
3564 6168
3564 8700
3567 5698
3569 6583
3570 6930
3570 7367
3570 9105
3571 9237
3572 4101
3574 7847
3574 8771
3575 4697
3575 9737
3576 5095
3576 9963
3578 3794
3578 5904
3578 6549
3578 9221
3580 4062
3580 4532
3581 7900
3586 3937
3586 4593
3587 4336
3587 4969
3588 5092
3589 5087
3593 7204
3594 4027
3594 4828
3594 4874
3598 7750
3600 5006
3600 8610
3601 7937
3604 9857
3605 4099
3606 4003
3607 6633
3608 4426
3610 3723
3610 7330
3610 8900
3611 9018
3613 5884
3614 5650
3614 8772
3616 7696
3616 8509
3619 5368
3625 4479
3626 5750
3626 7941
3627 4996
3629 5899
3632 4751
3634 9655
3635 4554
3635 5939
3635 7792
3637 7888
3637 8485
3638 4916
3641 3655
3641 7221
3641 8278
3642 5741
3642 7761
3643 8737
3645 4228
3646 3827
3646 7500
3647 6693
3649 5288
3649 7726
3650 5673
3650 8341
3651 8023
3652 6914
3652 8372
3653 5089
3653 8948
3656 5123
3656 5776
3657 9942
3660 6285
3661 5457
3661 6294
3663 5396
3663 9718
3664 3868
3664 6906
3665 4090
3667 4783
3668 3947
3668 8576
3668 9429
3669 4035
3670 8824
3670 9006
3670 9566
3671 5359
3673 6679
3674 4429
3674 6691
3674 9589
3679 4490
3679 9854
3681 3990
3681 6578
3687 4696
3687 6867
3688 9304
3688 9422
3688 9694
3689 3991
3691 4104
3693 9483
3694 4837
3694 7429
3695 4007
3695 9756
3697 7106
3697 7288
3698 8853
3700 6103
3700 7955
3702 5017
3702 5615
3702 6216
3702 8865
3703 6174
3703 6179
3706 4272
3706 9584
3706 9669
3709 8082
3710 4702
3711 4589
3712 4307
3712 9148
3713 7410
3713 7788
3713 9246
3714 4464
3716 9129
3719 5355
3721 7795
3722 9631
3723 3853
3724 7134
3726 4818
3726 7728
3726 8846
3728 7603
3729 4152
3729 6031
3730 4998
3731 7874
3732 4673
3733 5440
3734 6815
3735 9007
3736 5573
3737 6851
3737 8561
3738 7291
3740 4689
3740 4855
3742 5966
3742 7742
3743 5779
3744 6360
3744 8734
3747 9900
3749 4514
3750 3850
3750 4354
3750 7364
3752 7880
3754 6581
3758 3770
3759 4374
3760 6317
3760 7835
3762 5492
3763 4662
3763 8799
3765 5054
3765 7439
3766 9466
3767 4757
3767 7702
3770 3899
3770 9828
3776 4265
3778 6287
3778 6536
3779 7360
3780 4932
3780 9644
3783 3970
3785 4096
3785 8913
3785 9613
3786 7206
3786 8689
3788 8738
3788 9463
3789 7616
3790 6963
3791 4019
3791 7278
3791 8471
3792 8823
3793 6444
3796 5423
3796 5975
3799 4309
3800 5775
3801 7262
3803 8662
3804 4331
3805 5854
3805 5997
3805 7999
3807 3935
3807 4311
3807 9717
3808 5153
3808 7853
3809 9187
3810 5433
3810 5790
3814 7015
3816 5965
3817 4176
3817 6848
3818 5764
3818 5786
3819 6665
3822 4287
3822 4693
3822 6534
3823 7757
3823 8258
3823 9670
3826 4383
3827 4549
3827 6854
3827 8483
3827 8873
3829 9060
3831 5036
3832 6442
3834 6163
3835 4686
3835 5384
3836 4348
3837 4658
3839 4541
3839 5908
3842 4814
3842 9813
3843 4334
3843 4831
3844 5139
3844 8031
3844 9940
3846 4613
3846 4992
3846 5877
3846 7203
3848 5363
3849 9380
3850 6518
3850 8922
3851 3979
3851 5540
3852 6133
3853 4699
3854 4536
3855 4237
3856 5404
3856 5450
3860 9719
3864 9204
3864 9502
3868 6280
3868 8313
3869 4058
3869 8618
3870 9933
3872 8466
3873 9275
3874 4415
3874 4502
3874 4900
3875 3978
3875 9248
3876 4246
3876 9125
3876 9546
3877 4337
3878 6024
3879 5022
3881 8573
3882 5442
3883 9087
3884 8533
3885 4659
3889 4476
3890 4754
3891 4446
3891 5387
3893 8676
3894 8452
3897 5029
3897 5654
3899 6682
3899 9571
3900 4712
3900 5354
3900 9456
3901 4914
3901 5287
3902 8950
3903 4600
3904 6415
3904 9565
3906 8539
3906 8816
3907 8429
3909 7670
3910 7577
3910 7775
3913 4108
3914 8760
3915 4111
3915 7052
3915 7065
3916 5674
3918 8708
3919 4211
3921 8654
3922 4489
3923 7408
3924 4991
3924 6329
3924 6528
3925 4128
3925 4950
3926 5562
3927 4628
3927 7037
3929 9807
3932 5165
3933 4132
3934 6374
3934 9367
3935 3963
3936 8756
3936 9026
3938 7687
3938 8184
3938 9567
3940 4921
3942 5743
3943 9798
3944 4979
3944 9232
3948 5067
3948 5807
3950 8055
3952 4737
3954 3976
3954 5932
3954 6038
3955 4951
3956 5751
3956 7453
3958 4671
3958 5021
3959 8778
3960 7253
3963 6030
3963 7793
3964 8671
3965 5072
3965 5466
3968 4023
3968 6412
3970 6887
3974 6632
3974 8349
3974 8856
3975 6473
3978 7542
3980 5055
3980 8796
3981 4496
3981 5999
3982 5754
3983 6371
3983 6663
3984 8607
3985 4077
3985 8884
3988 6001
3988 7779
3991 6650
3992 5079
3993 6400
3993 7300
3995 4074
3995 8840
3996 8992
3997 4261
3999 8210
4001 8187
4003 9688
4004 4362
4004 4736
4007 5432
4007 5532
4009 4672
4010 4622
4010 5557
4012 8071
4013 7676
4014 6878
4015 8510
4016 9104
4019 4957
4019 9764
4021 8768
4021 9513
4023 6314
4023 6454
4024 6502
4024 9097
4026 4629
4027 4920
4027 6196
4028 7714
4028 9072
4029 6099
4029 7774
4030 4741
4030 5060
4030 5853
4031 5144
4033 4470
4033 5883
4033 9455
4035 7881
4036 6079
4038 7380
4041 4639
4042 8254
4044 4256
4044 6931
4045 4149
4045 5300
4045 5618
4046 5524
4046 7849
4046 8730
4047 4756
4047 7237
4048 5910
4049 7187
4051 4562
4051 8481
4052 6056
4053 7004
4054 7516
4054 9053
4056 4236
4056 6481
4057 4143
4057 5098
4058 5472
4058 7126
4063 4357
4064 6316
4065 5255
4065 7159
4067 4367
4067 6668
4068 6847
4068 8101
4068 9836
4070 5397
4072 5914
4072 6147
4073 6474
4074 4245
4074 4764
4075 5728
4075 7535
4075 7624
4080 5845
4080 6625
4080 6692
4081 4643
4081 6101
4081 8016
4083 9200
4085 4315
4086 7756
4087 5837
4087 6916
4087 6940
4087 9641
4088 5563
4089 5317
4090 7705
4091 6958
4092 7029
4095 5871
4096 4402
4097 8108
4098 5145
4102 4145
4106 6661
4108 7093
4109 4453
4109 7147
4111 6843
4113 8281
4114 8134
4114 9395
4115 5056
4117 5187
4117 5818
4118 4614
4123 7828
4125 4538
4125 8646
4127 4302
4127 4681
4127 5182
4128 7974
4129 5901
4129 7582
4131 7511
4132 4897
4133 4401
4133 4630
4133 6044
4135 9835
4136 8145
4138 7005
4138 9935
4139 7025
4139 8348
4140 9476
4141 7659
4142 4661
4142 8049
4144 4239
4144 4651
4146 9446
4147 4886
4148 5446
4149 4594
4149 5035
4149 5418
4150 6478
4151 6571
4156 8529
4157 7790
4160 5931
4161 5377
4163 6745
4163 7261
4163 7939
4163 9174
4166 4397
4166 9493
4166 9660
4167 8827
4169 5124
4170 5745
4170 6640
4170 8849
4172 5080
4172 6689
4173 5478
4176 4677
4180 9919
4181 7404
4183 4388
4184 8870
4184 9618
4186 5947
4187 6186
4187 7036
4188 5506
4188 5580
4190 5069
4195 4767
4198 4578
4202 5356
4202 5477
4203 5306
4203 9889
4205 5736
4206 8810
4208 4509
4210 5886
4214 5223
4215 8191
4217 6326
4218 6612
4222 4469
4222 6110
4223 4655
4223 7102
4225 5109
4225 7387
4229 5724
4229 7903
4230 6430
4231 5280
4231 5405
4233 4499
4234 5889
4235 6547
4235 7987
4236 4253
4237 4271
4237 9812
4239 5706
4239 8974
4239 9346
4243 8190
4245 8615
4246 5294
4246 8207
4246 8860
4251 9691
4252 7904
4256 9837
4258 8680
4259 6223
4260 6484
4260 8588
4263 8274
4265 8493
4270 6063
4273 4319
4273 8802
4274 9363
4275 5607
4275 7557
4275 9233
4279 4485
4282 6579
4283 7924
4283 8324
4286 5536
4287 8683
4289 9161
4290 4585
4290 8989
4291 5630
4295 7546
4296 7100
4296 7690
4298 6043
4299 5190
4299 7070
4300 4342
4300 5687
4303 5033
4303 7512
4304 4365
4307 6065
4307 6522
4308 7626
4310 4572
4310 5844
4310 6193
4311 7322
4313 5351
4314 8545
4315 5113
4315 7151
4315 9044
4316 5430
4318 9400
4322 4895
4322 5769
4323 5403
4326 9343
4327 5135
4327 6741
4329 5295
4329 5326
4331 7971
4332 5731
4332 7098
4335 6390
4336 4745
4336 6072
4336 7495
4337 6734
4337 8319
4338 6232
4339 5954
4339 6833
4347 6432
4348 4858
4348 4924
4349 5634
4349 6998
4350 5018
4353 8951
4357 4889
4359 7433
4359 8499
4360 4709
4360 5058
4360 7245
4361 5817
4362 4649
4362 5937
4363 6414
4363 8496
4364 9474
4366 5868
4366 6990
4367 7802
4368 4557
4369 4457
4369 5078
4369 5765
4373 8083
4374 4790
4375 5346
4376 7666
4377 8032
4377 8769
4378 6153
4378 6945
4379 6487
4380 4678
4381 7275
4383 4667
4383 5628
4385 6902
4386 5716
4389 8464
4392 5224
4392 8534
4393 4668
4395 5227
4398 5009
4398 8263
4399 5613
4399 6784
4401 7031
4402 5799
4403 9879
4404 8524
4405 7162
4408 7631
4410 5046
4410 5392
4411 6993
4414 4571
4414 4650
4415 7589
4415 8881
4420 8400
4423 7841
4423 8154
4424 5644
4425 8406
4426 7976
4427 8010
4427 8957
4428 5693
4428 8369
4429 4670
4432 5995
4438 6256
4439 5936
4442 9167
4443 4938
4443 5576
4446 5091
4447 6114
4447 6272
4449 7092
4451 9817
4452 5520
4455 4625
4458 4740
4460 7437
4461 5032
4463 5191
4468 4800
4468 7818
4468 7846
4468 9349
4469 5780
4469 7240
4470 5648
4472 8038
4473 6591
4474 6377
4474 6781
4475 4811
4475 6178
4477 4635
4478 6944
4478 9760
4479 7323
4482 5518
4484 6012
4484 9915
4485 4577
4488 6736
4489 4990
4491 9716
4492 9689
4493 5134
4494 6165
4498 5096
4499 4507
4499 4597
4499 4695
4504 5420
4504 9887
4510 4542
4511 9073
4513 8633
4515 5200
4515 5810
4515 9751
4516 6610
4518 6071
4520 9906
4522 5296
4526 4675
4526 6162
4529 4665
4530 4582
4530 6904
4530 7569
4532 6556
4534 5333
4534 5600
4534 8459
4534 8987
4535 8590
4537 8605
4538 6903
4539 5949
4539 9537
4543 5771
4545 7893
4546 5186
4548 8297
4548 9443
4549 6592
4551 4834
4552 5850
4556 9971
4557 5620
4557 9207
4560 5753
4561 7414
4563 5399
4565 4919
4568 9056
4569 9321
4573 5523
4573 6073
4573 7000
4573 8926
4578 5856
4579 4720
4580 4952
4582 6397
4583 7186
4585 5873
4585 9755
4586 7379
4592 7477
4594 7884
4596 6643
4597 5037
4599 7140
4604 7739
4606 5211
4606 5462
4606 6595
4607 8684
4607 9166
4607 9564
4609 6407
4611 7117
4612 6606
4614 5365
4615 4631
4619 8403
4621 4724
4621 6128
4626 5924
4627 8927
4628 4728
4628 4802
4629 9923
4631 7502
4631 8775
4635 6090
4636 6451
4636 7824
4638 7940
4639 5090
4640 6211
4641 6052
4641 6892
4642 6779
4642 7607
4643 7034
4643 7986
4645 6712
4645 7083
4645 7290
4647 4947
4648 5537
4650 9512
4653 6588
4655 8578
4656 8636
4657 7422
4659 7708
4662 6209
4662 7470
4663 5422
4663 6357
4663 6786
4665 9800
4669 6808
4670 8447
4671 4960
4671 5684
4672 5112
4672 6015
4673 4683
4673 9511
4674 5849
4676 8044
4677 5759
4677 8076
4677 8897
4677 9469
4678 8246
4678 9945
4679 5074
4679 7211
4680 7451
4680 8871
4683 7843
4686 6759
4686 7358
4686 8284
4692 6700
4695 5866
4695 6119
4695 7492
4699 5250
4702 4853
4707 7320
4708 5324
4709 9116
4709 9345
4710 7727
4710 9451
4711 5541
4711 5928
4711 6027
4711 9003
4712 5888
4713 4885
4714 7183
4715 7390
4717 4750
4720 7127
4721 8752
4722 9359
4723 7353
4723 7710
4723 9083
4726 7054
4726 7355
4726 8157
4726 9404
4726 9588
4728 6537
4729 4781
4731 6187
4732 5176
4736 5831
4736 7392
4740 6349
4740 9657
4741 4820
4742 5025
4742 9162
4743 4795
4744 6799
4745 5943
4746 9211
4748 8215
4749 6108
4749 9004
4751 9482
4752 4949
4754 5328
4754 8011
4754 8886
4755 9121
4756 5755
4756 6424
4756 7174
4757 6344
4758 5467
4758 7426
4760 8546
4761 9548
4762 6251
4764 8745
4765 5305
4765 8265
4769 6376
4769 8248
4771 6237
4773 6919
4773 7142
4774 9834
4775 4880
4775 5448
4775 5531
4775 7736
4779 6054
4779 6221
4780 8468
4781 5082
4782 8213
4784 4953
4785 6205
4785 7196
4785 7730
4788 5059
4788 6002
4788 9169
4790 4817
4790 7691
4790 9179
4792 7251
4792 8115
4793 5836
4793 7953
4795 6540
4797 8819
4798 8325
4799 5262
4799 9902
4800 6198
4801 6087
4801 8244
4802 8104
4803 5086
4805 9415
4806 6576
4808 8428
4815 4923
4815 6739
4816 7460
4817 8557
4819 6794
4823 6425
4824 8852
4825 6319
4825 6586
4825 7213
4827 5885
4828 5929
4830 7611
4835 9212
4838 6476
4841 8476
4842 5792
4843 7556
4845 6825
4847 6217
4848 7769
4854 6144
4855 8243
4857 5093
4859 7434
4861 4989
4862 8221
4863 6091
4866 6728
4868 5177
4869 9294
4871 6008
4871 6182
4872 7329
4874 5188
4877 5043
4878 7181
4879 5611
4879 8674
4880 6098
4880 7473
4880 9540
4883 5010
4887 5269
4889 4977
4892 5712
4893 8659
4895 6126
4896 9677
4897 7059
4899 5917
4899 5996
4899 9412
4899 9690
4904 5840
4910 5574
4911 5398
4912 5516
4914 9372
4915 5984
4915 9048
4916 7210
4917 8107
4917 8228
4918 5015
4918 5494
4919 6067
4919 7111
4922 5586
4922 6660
4924 9442
4925 7066
4927 5265
4927 7457
4928 5707
4929 7598
4932 6982
4932 8389
4934 8316
4935 8679
4938 6299
4938 7484
4939 6520
4939 7084
4939 8353
4940 5903
4940 6069
4941 8194
4942 9165
4944 8844
4948 7303
4949 5383
4949 7154
4950 5882
4950 9681
4951 5469
4951 5738
4953 9099
4954 6084
4954 9013
4955 5544
4955 9436
4956 5258
4956 6900
4963 5793
4965 7229
4967 7153
4968 8666
4973 6539
4974 6485
4975 9747
4978 5951
4978 6352
4978 9550
4979 5147
4980 8869
4982 7383
4983 7651
4985 5231
4985 6146
4986 5057
4988 7248
4989 6238
4989 8863
4990 7547
4990 8137
4991 7719
4993 9068
4996 6802
4997 8837
5000 8515
5002 9792
5003 7042
5008 9957
5009 6118
5009 6727
5012 6152
5013 9806
5014 8058
5015 6677
5015 8715
5018 5847
5018 8298
5022 6714
5024 6747
5024 7299
5026 7521
5027 6629
5028 6956
5028 7906
5028 8013
5029 7610
5029 8035
5030 8906
5031 5635
5031 6761
5032 5148
5032 5229
5032 8473
5035 6059
5040 5824
5040 6138
5041 6022
5042 7272
5045 8762
5046 7827
5048 8503
5051 6269
5051 7816
5052 6480
5054 6342
5054 8905
5057 8387
5059 5938
5059 7438
5061 7244
5062 7184
5063 9599
5065 9444
5066 7848
5066 9242
5067 5685
5067 7108
5068 5198
5070 9562
5071 5763
5071 7692
5072 6076
5073 6818
5074 6827
5074 8608
5075 6364
5075 8611
5078 9284
5080 7032
5090 8062
5096 5535
5100 9472
5102 6452
5102 6593
5102 7401
5104 6776
5105 8117
5107 8111
5116 5930
5117 5835
5120 5567
5121 8993
5122 6075
5124 6021
5125 6548
5125 9172
5126 7854
5126 9886
5127 6257
5131 5185
5134 5495
5135 7478
5139 6976
5141 7909
5141 8767
5142 6949
5143 6266
5143 6959
5146 6201
5146 7494
5146 9668
5147 8175
5150 5627
5151 7646
5152 5761
5154 6260
5156 9609
5157 6306
5157 8995
5158 9408
5160 9229
5162 7310
5163 7763
5163 8530
5164 7957
5164 9759
5165 5178
5165 5538
5170 7673
5173 9445
5174 5196
5174 7150
5175 9101
5177 6696
5179 6846
5184 9388
5188 6308
5189 7226
5190 7016
5193 6127
5195 6100
5196 5245
5196 5863
5197 5595
5197 6148
5198 9249
5199 9874
5201 7064
5203 7553
5204 5429
5204 8732
5211 8770
5212 5449
5212 7023
5212 9070
5213 5316
5214 7734
5216 7531
5216 9257
5216 9532
5216 9808
5217 6318
5218 7009
5219 9313
5222 9277
5223 6602
5227 8506
5228 5455
5228 8664
5229 5551
5230 6826
5233 8019
5233 8617
5236 7365
5241 9352
5248 5268
5248 5543
5248 7351
5251 7418
5251 9913
5254 5801
5257 8910
5257 9287
5258 6994
5260 5958
5260 7055
5263 7672
5263 8889
5266 5284
5271 5460
5271 6972
5271 9506
5274 9521
5275 7307
5275 9365
5277 8436
5277 9417
5278 6563
5278 7805
5278 8182
5281 6863
5281 8497
5282 6983
5282 8417
5284 8259
5285 9012
5287 6293
5287 8725
5295 9740
5296 7432
5297 8185
5297 8701
5298 5890
5298 8405
5307 7061
5307 9130
5309 5498
5309 9402
5311 7428
5316 7176
5317 6315
5317 7007
5317 9299
5318 7284
5320 5458
5320 5749
5320 7363
5324 7826
5326 8834
5328 7105
5329 7013
5330 9970
5334 5675
5334 6525
5334 8855
5335 5857
5335 9819
5338 6557
5340 8178
5342 5700
5347 6869
5348 7289
5350 5619
5351 8236
5355 6890
5356 6975
5357 5649
5358 7772
5359 8929
5360 8435
5361 9108
5362 8024
5363 6844
5365 9816
5368 9021
5369 5608
5370 5691
5371 5482
5371 6575
5371 8373
5371 8675
5373 5671
5374 9376
5375 5582
5375 9730
5376 9214
5378 7247
5378 9683
5379 9659
5380 6206
5380 6609
5381 5911
5381 9899
5385 8099
5386 5703
5386 6037
5386 7458
5386 9895
5387 6596
5388 6292
5398 6558
5401 7304
5402 6615
5402 8980
5405 9661
5413 6740
5414 5512
5416 6125
5416 8330
5419 7699
5419 8718
5424 9309
5425 9479
5426 8663
5433 7445
5435 7661
5438 9616
5439 7246
5443 8121
5443 9020
5444 6351
5444 9526
5445 8639
5449 9389
5452 6722
5453 7233
5453 8135
5455 6429
5457 7905
5458 6974
5459 8318
5460 6648
5462 7632
5463 5909
5464 7785
5465 6820
5468 8917
5469 6204
5473 6627
5477 6381
5483 9590
5485 5701
5485 8276
5485 9109
5487 6107
5488 8148
5489 5859
5492 6954
5493 9034
5495 5564
5495 6150
5497 8096
5497 8938
5500 6856
5501 5677
5504 6368
5510 6574
5511 6708
5511 6813
5518 9960
5519 6457
5519 6499
5519 7369
5520 5972
5521 6183
5521 7675
5524 8195
5527 6310
5527 6477
5528 6529
5529 7135
5533 5699
5534 7635
5534 9855
5536 6370
5537 5805
5537 6946
5545 8322
5546 8430
5547 5795
5547 9593
5548 5742
5549 7095
5550 5710
5551 8567
5552 9518
5554 6984
5556 9244
5557 9461
5558 8726
5560 7814
5561 8650
5562 7188
5563 6850
5563 7391
5564 8222
5566 6423
5569 7891
5573 9440
5576 6304
5577 7344
5579 6857
5584 7388
5586 7642
5587 6506
5588 6542
5588 6666
5591 8862
5591 9569
5593 8494
5596 6156
5596 7979
5600 8217
5601 9581
5604 7674
5608 6375
5609 9434
5610 9128
5611 8342
5614 6555
5617 6295
5621 7405
5625 6459
5629 6279
5629 9790
5630 9901
5631 5766
5631 6562
5633 8084
5637 6569
5642 5900
5642 6019
5643 6822
5643 9867
5646 5796
5649 9239
5650 6961
5650 8507
5654 7520
5655 5935
5655 6040
5656 6235
5656 9617
5657 8577
5660 7822
5661 8572
5662 6920
5667 6953
5670 5872
5670 8658
5671 6337
5671 8541
5672 8261
5673 8344
5675 7455
5676 5998
5677 9697
5684 9145
5685 8219
5685 9707
5688 6039
5688 8116
5689 6979
5689 8413
5690 6286
5690 9279
5693 6882
5694 7205
5698 5702
5701 6729
5701 9866
5702 5934
5703 6117
5706 6952
5707 7514
5708 8020
5708 8603
5710 9529
5711 5993
5712 5980
5716 6028
5718 6061
5721 5739
5723 7575
5724 6987
5724 7079
5728 6281
5730 6554
5732 6669
5733 7010
5733 9826
5735 9926
5736 9019
5738 8439
5740 6704
5742 6443
5743 6598
5744 6068
5744 9639
5745 7044
5746 9263
5747 8972
5751 8925
5752 8817
5752 9698
5753 6516
5754 7086
5756 8419
5759 7591
5760 8275
5763 6140
5764 7897
5764 8857
5764 9914
5765 7563
5766 6339
5766 8963
5767 7397
5767 8269
5770 6989
5771 7706
5775 5846
5775 6373
5778 6382
5780 7657
5780 8821
5781 5821
5785 5860
5786 9468
5791 5956
5792 6504
5797 8340
5803 6490
5804 6228
5804 8378
5806 7119
5807 8640
5807 9238
5810 9061
5813 7265
5814 6049
5814 6589
5814 8935
5815 8070
5816 9168
5817 6764
5818 7784
5820 6720
5823 6264
5823 6767
5824 7403
5825 7709
5826 7686
5829 9201
5832 8321
5834 7357
5834 8067
5836 6559
5838 8205
5840 9528
5841 9605
5843 8223
5843 9094
5843 9478
5845 5992
5845 8366
5846 5898
5848 6719
5850 8976
5856 6120
5857 7932
5858 8434
5863 7913
5867 6838
5868 6960
5869 9958
5870 6466
5871 8854
5872 9586
5875 9692
5881 8172
5882 8514
5886 6055
5886 6372
5886 8651
5887 7175
5889 9180
5890 6234
5891 9458
5892 6769
5892 7948
5892 9607
5895 6560
5895 9297
5899 6785
5899 7778
5901 6016
5902 7146
5903 6546
5903 7682
5906 6383
5910 7396
5912 6158
5918 6177
5919 8064
5920 8264
5921 6324
5921 6662
5922 7540
5925 6997
5927 7770
5930 6253
5933 7559
5936 5959
5937 6896
5938 7389
5938 9773
5939 7882
5942 7648
5943 8643
5944 9333
5946 9491
5947 8758
5949 7737
5950 6060
5951 9223
5953 6437
5955 7519
5957 6922
5959 6798
5959 9149
5961 8880
5967 5969
5967 6426
5970 9210
5972 6025
5972 9524
5979 6551
5979 8692
5982 7754
5985 7765
5986 7969
5987 6435
5992 7902
5999 9864
6002 8037
6006 7768
6006 8426
6007 7588
6010 6796
6011 6836
6016 7722
6017 8984
6019 6441
6019 7378
6021 6653
6024 8180
6026 6268
6026 9788
6029 6145
6029 7810
6031 6241
6032 8242
6033 6657
6033 9600
6035 8424
6036 6980
6036 9962
6037 6564
6037 9270
6038 8237
6041 9865
6045 8368
6046 6489
6047 6291
6048 7771
6054 8000
6055 7789
6059 6526
6060 6122
6062 7413
6064 8550
6065 8009
6067 6868
6071 8649
6075 9640
6077 6417
6077 9295
6080 9916
6081 9911
6082 6701
6084 6711
6085 6262
6088 6420
6089 6384
6089 6672
6093 7164
6099 8176
6102 8582
6104 8994
6106 7285
6108 8553
6109 6404
6110 9507
6111 6245
6111 8453
6111 9720
6115 7652
6117 7259
6118 6171
6125 8295
6129 7946
6130 6755
6137 6391
6137 8842
6138 7724
6140 6164
6141 8220
6141 8370
6144 8357
6145 6936
6147 8474
6151 6267
6152 7110
6157 8149
6158 8952
6161 8982
6164 6486
6165 8440
6166 7877
6166 8206
6168 6860
6171 8200
6172 7370
6173 6191
6175 8034
6177 8808
6177 9863
6181 6647
6181 7040
6183 9049
6184 7912
6184 7925
6187 8937
6197 8410
6197 8457
6197 9144
6198 6763
6201 7336
6202 7764
6203 8113
6205 7486
6205 7799
6207 7570
6218 9298
6219 6300
6219 9184
6220 6823
6221 6438
6223 7711
6228 7074
6230 6985
6236 8057
6237 6413
6240 7014
6242 7419
6248 7637
6251 8381
6252 7311
6252 7324
6255 9475
6256 7003
6260 9112
6261 6271
6266 9252
6268 9862
6274 8100
6277 9597
6280 7022
6281 6335
6282 7141
6286 9065
6287 6515
6290 9159
6292 6674
6297 7287
6297 8793
6304 6343
6304 7527
6306 8746
6308 6378
6308 6829
6309 6428
6311 9098
6318 7745
6319 8301
6320 6671
6324 9398
6325 7121
6327 7965
6328 9777
6333 9749
6334 7177
6336 9251
6339 6550
6340 8864
6341 7806
6341 8122
6341 8566
6342 8227
6345 7017
6357 9374
6358 7733
6360 6819
6362 8204
6363 8711
6365 6462
6365 7399
6366 6618
6366 7680
6367 8161
6369 8289
6370 6388
6371 8757
6373 7136
6374 8063
6375 7412
6376 9484
6379 9117
6388 9549
6392 6582
6399 6565
6404 9685
6406 8973
6407 8125
6408 7047
6409 7596
6415 6934
6415 9038
6416 8809
6417 6858
6417 8105
6418 8041
6418 9055
6419 8469
6420 6746
6422 8402
6430 6521
6430 8657
6431 8489
6431 9289
6433 7653
6434 6884
6434 9079
6437 7872
6439 7970
6440 7922
6448 8878
6449 8169
6449 9775
6451 6909
6455 8722
6457 7539
6458 9176
6459 7594
6459 8189
6464 7236
6464 8128
6466 8293
6468 6760
6470 8776
6473 6774
6473 9560
6475 8396
6476 7294
6477 7373
6481 7468
6488 9156
6490 7158
6494 7400
6494 9339
6496 7683
6498 9164
6499 8612
6501 7050
6502 6652
6505 8168
6507 8386
6513 7091
6514 6624
6516 7837
6521 6628
6521 8733
6524 7980
6525 7352
6526 8709
6529 9042
6534 7421
6536 7975
6539 8480
6540 6899
6546 7567
6547 7640
6558 8142
6559 7393
6560 8673
6562 9770
6575 9142
6576 9928
6578 7636
6579 8637
6583 8899
6586 6604
6587 8052
6590 7684
6590 8359
6596 9362
6598 7125
6600 7319
6603 9160
6604 7069
6611 9956
6615 9095
6615 9414
6619 6872
6622 9542
6629 9649
6630 8267
6632 7170
6634 9860
6640 9818
6649 7194
6653 7072
6653 7359
6659 8589
6660 7020
6660 8334
6666 9183
6668 9547
6674 7202
6674 9843
6678 9138
6679 9763
6680 7317
6688 7030
6690 8761
6692 8527
6698 9378
6702 8087
6708 7195
6712 8954
6713 9666
6714 6859
6714 8449
6719 7919
6723 7018
6726 7870
6727 8164
6727 9591
6728 6811
6734 9917
6736 7606
6736 8628
6737 6999
6739 8891
6741 8642
6742 7442
6743 8978
6744 6874
6745 7844
6749 7560
6750 7198
6757 7269
6762 7862
6764 7601
6766 9354
6767 8748
6770 8764
6773 7172
6774 7137
6780 7417
6780 7858
6780 9391
6781 7797
6781 8781
6787 8188
6789 6810
6789 6969
6792 7139
6792 7219
6795 8132
6799 7173
6799 9850
6802 8631
6802 9258
6804 8606
6804 9268
6804 9721
6808 7701
6810 7541
6811 6875
6822 8408
6822 9045
6832 8253
6832 8560
6833 8328
6841 8749
6842 7241
6842 8268
6843 9382
6849 8619
6853 7281
6857 8724
6858 9015
6860 7867
6860 9884
6863 7650
6866 8214
6868 8045
6869 9325
6873 9082
6875 7703
6875 9459
6878 7334
6880 8294
6887 7201
6890 9563
6892 8822
6893 7875
6896 9216
6901 8877
6903 8735
6910 7851
6912 9151
6917 8759
6919 8151
6924 9752
6926 8384
6926 9096
6927 9401
6929 9300
6930 8965
6932 8165
6933 7787
6936 8255
6937 8825
6940 7503
6940 8091
6947 8280
6947 9656
6948 9173
6949 7337
6953 9008
6954 8490
6957 8450
6958 9302
6960 8845
6965 8753
6969 9150
6976 8584
6976 9827
6977 7193
6978 7995
6980 7282
6982 8333
6983 9419
6985 8411
6985 8467
6990 9776
6991 7295
6994 8945
6994 9467
6996 8138
6999 7649
6999 9969
7004 9000
7008 7228
7010 7318
7010 7821
7010 9877
7015 7857
7019 9726
7023 8983
7025 7944
7029 8920
7030 9687
7038 7934
7041 9435
7042 8532
7044 9424
7046 7152
7047 9437
7048 8714
7048 8750
7048 9625
7049 7447
7050 7831
7054 8774
7059 8129
7063 7301
7068 8866
7071 7474
7073 8120
7076 7550
7076 8352
7077 7918
7079 7697
7081 8813
7085 7812
7085 8614
7086 7346
7089 8186
7090 9260
7092 7595
7103 8073
7103 9066
7107 7638
7107 8645
7110 9448
7116 7144
7117 7855
7121 7407
7132 7977
7145 9001
7148 7852
7148 8054
7149 7209
7150 9765
7152 8356
7153 7978
7154 8652
7156 8624
7160 7264
7162 9137
7171 7361
7179 7627
7180 7617
7180 8928
7182 9051
7183 7698
7184 7983
7185 7989
7188 8713
7188 9460
7207 8303
7208 7505
7209 8911
7214 7239
7215 7230
7225 8465
7231 9882
7232 7817
7232 9387
7238 7960
7239 8791
7252 8404
7253 8830
7254 9577
7254 9615
7258 8026
7264 9509
7267 9002
7272 7947
7273 7454
7276 7298
7279 7608
7280 7356
7282 7830
7288 7463
7291 8323
7295 8861
7299 8803
7303 9603
7306 9181
7315 9544
7319 8519
7325 9527
7326 7612
7330 9748
7340 9934
7343 7866
7343 9936
7346 8720
7349 7967
7354 8593
7358 7807
7361 8153
7361 9092
7368 8832
7370 8604
7379 7545
7380 7459
7380 8216
7385 7748
7385 8285
7387 8130
7387 9746
7389 8056
7392 8740
7392 8955
7393 8685
7406 8798
7407 9231
7419 8544
7424 7489
7428 9306
7435 8585
7446 7678
7446 8528
7447 9265
7458 8183
7471 7873
7474 9228
7492 9023
7495 9620
7495 9872
7497 7604
7501 8981
7503 8017
7506 8795
7511 7915
7518 8565
7523 9291
7525 7892
7526 9733
7527 8895
7527 9580
7529 9322
7529 9678
7542 9208
7542 9950
7547 8962
7549 8944
7556 8727
7564 9334
7568 9645
7570 9136
7574 8591
7575 9951
7577 9111
7579 9139
7583 9711
7586 9490
7587 9259
7589 8002
7596 8308
7599 7629
7607 8848
7627 8005
7630 8272
7633 8401
7634 9428
7637 8627
7644 9255
7645 8580
7649 8647
7651 7860
7655 8360
7659 7991
7661 8395
7675 8716
7676 9673
7677 9538
7682 9492
7684 8688
7693 7985
7694 8171
7695 8943
7697 8594
7706 9256
7708 8156
7713 9515
7714 8361
7721 8250
7725 9536
7734 9611
7736 8209
7736 9712
7737 8555
7741 9921
7755 9576
7756 8279
7759 8936
7762 9531
7765 7996
7771 7819
7773 8193
7773 8723
7773 9361
7782 7869
7785 8003
7785 9663
7794 8964
7794 9134
7796 9332
7796 9781
7806 8696
7812 8059
7812 8382
7815 7929
7816 8934
7823 8438
7823 8988
7829 9561
7832 9274
7834 9815
7837 8942
7839 9205
7851 9885
7854 9062
7858 8616
7866 8641
7872 8290
7876 9520
7877 8097
7881 8835
7891 8127
7902 8427
7906 9519
7917 8482
7918 9809
7919 9085
7922 8958
7927 7981
7948 8755
7948 9425
7953 9250
7956 8335
7958 8670
7963 9132
7966 7988
7972 8570
7972 9570
7976 8754
7980 8437
7981 8850
7986 9464
7989 8392
7991 9075
7992 8150
7992 8902
7999 9110
8000 9035
8001 9450
8024 9014
8024 9946
8025 8712
8033 8505
8036 8252
8037 8040
8042 8484
8042 8512
8044 8068
8052 9614
8061 8513
8061 8690
8065 8773
8067 9890
8071 9876
8072 9592
8074 8240
8075 8420
8079 8355
8079 8559
8085 9844
8085 9972
8088 9514
8090 9047
8094 9084
8099 8441
8107 8765
8119 8807
8127 9709
8143 9498
8154 9411
8157 8968
8164 8245
8170 8283
8172 8564
8181 8498
8183 9897
8184 8309
8192 8923
8216 8486
8245 9357
8251 8678
8259 8315
8262 8682
8264 8377
8267 8537
8272 9329
8275 8789
8279 9505
8280 8828
8283 8415
8283 9081
8290 9948
8291 9286
8292 9554
8298 8409
8301 9350
8307 8868
8310 9324
8314 8371
8317 9802
8322 9627
8323 8946
8326 8883
8328 9470
8335 8953
8354 9245
8354 9453
8355 9938
8367 8487
8368 9774
8399 9195
8402 8792
8403 8698
8404 9157
8406 8412
8407 9194
8411 9791
8413 8879
8430 9758
8431 8472
8446 9360
8451 9858
8453 9841
8460 8705
8473 9122
8494 9057
8500 8634
8510 9705
8511 8599
8511 9558
8512 9723
8515 8531
8515 9074
8517 8526
8519 9283
8520 9005
8525 8665
8532 8597
8536 8785
8539 9912
8557 9316
8557 9693
8561 9355
8569 9796
8573 9410
8579 9113
8581 9633
8582 9175
8595 9312
8599 9810
8600 8694
8604 8741
8607 9054
8624 8960
8634 9342
8638 9384
8646 9967
8653 9416
8657 8977
8667 9457
8671 9573
8676 9488
8679 9713
8687 9725
8701 9373
8708 9487
8709 9341
8711 9961
8716 9261
8733 9624
8745 8783
8747 9141
8764 9102
8765 8907
8779 9188
8781 8882
8793 9804
8812 8997
8814 9126
8821 9943
8835 9058
8842 9375
8844 8914
8853 9235
8856 9088
8863 9753
8864 9907
8866 9535
8868 9025
8907 9241
8917 9041
8928 9288
8946 9219
8958 9787
8960 9789
8989 9545
8993 9767
8995 9315
8997 9320
9006 9381
9006 9973
9007 9744
9011 9557
9015 9738
9018 9523
9023 9480
9025 9779
9055 9240
9061 9871
9082 9198
9084 9131
9088 9420
9111 9158
9120 9868
9130 9840
9131 9745
9150 9364
9155 9702
9164 9811
9171 9861
9184 9654
9194 9430
9200 9823
9208 9336
9210 9842
9219 9418
9232 9648
9242 9247
9247 9579
9262 9280
9275 9438
9281 9534
9281 9556
9322 9642
9332 9925
9338 9671
9345 9510
9362 9947
9366 9830
9388 9949
9396 9533
9404 9699
9406 9880
9407 9496
9484 9846
9522 9741
9530 9650
9531 9754
9556 9918
9577 9821
9580 9674
9582 9626
9599 9954
9679 9739
9684 9937
9690 9927
9703 9845
9770 9891
