1144 728
1 2
1 3
1 9
1 82
1 137
1 682
2 4
2 25
2 142
3 5
3 10
3 12
3 19
3 45
3 63
3 74
3 879
4 21
4 28
4 29
4 33
4 35
4 42
4 1077
5 6
5 17
5 178
5 200
5 234
5 268
5 361
5 461
6 7
6 604
7 8
7 11
7 16
7 77
7 325
7 432
7 487
7 986
8 183
8 403
8 681
9 13
9 14
9 23
9 30
9 50
9 67
9 265
9 430
10 295
10 387
11 155
11 704
12 56
12 568
13 83
13 380
13 1014
14 15
14 27
14 49
14 72
14 261
14 543
16 18
17 22
17 34
17 38
17 40
17 678
18 20
18 24
18 188
19 119
19 224
19 465
19 480
20 31
20 1132
21 124
21 219
21 272
21 287
21 1103
22 44
22 108
22 132
22 477
23 248
23 320
23 771
24 26
24 62
24 68
24 86
25 195
25 1003
26 39
26 76
26 92
26 102
26 221
26 458
26 1047
27 120
27 146
27 481
28 37
28 839
29 66
29 75
30 58
30 160
30 162
30 316
30 352
31 32
31 46
31 232
31 322
31 527
31 770
32 41
32 118
32 151
32 302
32 934
33 52
34 55
34 122
34 181
34 309
34 345
34 535
34 622
35 36
35 138
36 424
36 610
36 1104
37 43
37 57
37 97
37 223
37 233
37 963
38 47
38 60
38 859
38 876
39 51
39 157
39 784
39 851
39 868
39 948
40 104
40 150
41 48
41 310
41 930
42 59
42 69
42 109
42 154
42 218
42 338
42 1030
43 182
43 619
44 54
44 793
44 806
45 65
45 99
45 117
45 252
45 854
46 61
46 242
46 1033
47 64
47 96
47 110
47 684
47 1116
48 53
48 374
48 689
49 897
49 1016
50 163
51 161
51 166
51 176
51 416
52 91
52 98
52 563
52 803
53 205
53 217
53 228
54 105
55 73
55 275
56 274
56 348
56 358
56 557
56 632
57 89
57 190
57 334
58 90
58 133
58 236
58 247
58 289
58 462
58 631
58 846
58 1083
58 1139
59 80
59 95
59 306
59 384
59 672
60 70
60 88
60 106
60 1076
61 71
62 94
62 305
62 697
63 419
63 801
64 101
64 165
64 202
64 408
64 864
65 357
65 957
66 313
67 129
67 759
68 79
69 78
69 463
69 484
69 750
70 123
70 136
70 168
70 331
71 81
71 114
71 144
71 193
71 845
72 945
73 112
73 171
73 1079
73 1128
74 87
74 257
74 397
75 148
75 253
75 427
75 587
75 985
76 152
76 159
76 241
76 339
76 555
76 787
76 1123
77 85
77 164
77 267
77 446
78 115
78 135
78 488
78 840
78 937
78 1028
79 187
79 276
79 318
79 530
80 84
80 141
80 445
80 823
80 998
81 100
81 184
81 246
81 281
81 1002
82 93
82 113
82 288
82 373
82 497
82 666
83 177
83 541
83 690
84 300
84 863
85 134
85 174
86 355
86 388
86 533
86 593
88 213
88 222
89 107
90 126
90 158
90 170
90 196
90 286
90 693
90 1105
91 103
91 139
91 273
91 727
92 121
92 382
92 393
92 399
92 453
93 444
93 918
94 210
94 377
94 789
95 500
96 379
96 532
97 340
98 111
98 173
98 209
98 889
99 351
100 179
100 264
101 282
101 870
103 254
103 624
104 341
104 883
105 153
105 450
105 576
105 860
106 262
109 391
109 620
110 116
110 290
110 347
110 650
111 127
111 256
111 299
111 714
112 460
112 817
113 192
113 571
113 779
114 128
114 140
114 172
114 191
115 582
116 185
116 448
116 589
117 227
117 421
118 198
119 125
119 307
121 167
121 199
121 283
122 251
122 335
122 425
123 375
123 671
124 130
124 396
125 131
125 861
125 999
126 250
126 950
127 147
127 739
128 175
128 186
128 208
128 258
129 260
129 635
129 826
130 277
130 478
131 206
132 239
133 149
134 513
134 586
134 603
135 898
136 235
136 332
136 394
136 556
137 201
137 207
138 203
138 214
138 410
139 212
139 434
140 758
140 1085
141 143
141 145
141 278
141 734
141 815
143 953
144 329
144 398
145 1035
146 362
146 411
146 1092
147 519
148 540
148 721
148 753
149 319
149 551
150 414
151 230
151 365
152 156
152 949
152 956
152 1119
157 204
157 330
158 189
158 237
158 505
159 215
159 266
159 271
160 724
160 935
161 371
161 592
162 363
162 413
163 726
164 194
164 231
164 920
166 456
167 255
167 263
168 169
169 240
169 372
169 507
170 226
171 738
171 799
172 229
172 303
172 471
172 591
172 792
172 938
173 336
173 476
173 526
174 848
174 882
175 531
176 958
177 180
177 225
179 428
180 328
180 468
180 754
180 818
180 871
181 506
181 766
182 259
182 418
182 1075
184 441
184 795
185 311
185 405
185 732
185 926
186 296
187 243
188 220
188 548
189 197
189 285
189 323
189 501
191 280
192 616
192 641
193 291
193 293
194 356
194 565
195 415
198 216
199 829
200 440
202 486
203 392
203 464
204 537
204 669
205 211
206 670
206 877
206 1102
207 385
208 715
209 596
210 417
210 822
210 978
212 552
212 843
213 521
213 973
214 544
214 1017
215 1029
216 249
216 297
216 346
216 813
218 360
218 562
219 431
219 529
219 1095
220 270
220 294
221 865
222 284
222 518
223 406
223 437
224 376
224 927
225 238
225 369
225 523
226 772
227 1081
228 567
229 1046
230 558
230 569
231 244
231 245
231 502
231 594
233 298
233 777
234 944
234 955
235 449
235 560
235 577
235 837
235 1096
236 367
236 733
240 366
241 279
241 304
241 751
241 922
241 1058
242 988
243 422
243 968
245 269
245 321
245 516
245 550
246 747
248 812
249 301
249 923
250 538
251 668
253 575
253 581
254 749
257 344
259 324
259 349
260 314
260 782
261 407
261 483
261 570
262 381
263 459
263 626
263 706
264 633
264 1053
267 368
267 454
268 435
268 510
269 1032
269 1045
271 409
273 390
275 333
275 528
275 746
275 992
277 659
277 832
278 599
279 769
280 429
281 894
283 426
283 713
286 652
288 315
289 308
290 292
290 401
290 442
290 580
291 878
292 679
296 312
297 326
297 874
298 350
298 467
298 906
299 661
300 317
300 395
301 825
303 455
304 1093
305 354
305 420
307 386
308 774
312 452
312 590
312 609
313 359
313 902
313 916
315 709
315 1133
318 654
319 731
320 327
320 342
320 1026
321 412
321 433
323 337
323 466
324 824
325 790
326 515
327 885
328 370
328 695
329 343
329 404
330 836
330 987
330 1048
331 364
333 378
333 439
334 755
335 451
335 485
335 647
335 657
335 686
336 1021
337 353
339 673
340 479
341 512
342 583
342 627
343 585
344 436
344 598
344 736
346 606
346 646
346 899
347 623
349 545
349 638
349 857
350 490
351 828
351 910
353 880
354 835
355 1108
356 499
356 719
356 954
357 849
358 625
358 729
360 809
363 389
363 607
364 469
364 546
364 1001
365 611
365 1040
366 834
371 383
371 1015
373 630
374 696
375 447
375 579
376 566
378 967
379 1011
380 402
382 814
382 1069
383 470
383 1138
384 796
384 979
384 1072
385 475
385 783
385 1018
386 763
387 643
388 597
389 423
389 508
389 639
389 705
392 400
392 493
392 595
392 741
393 503
393 742
396 443
396 723
399 708
400 564
401 509
401 600
401 602
402 561
403 457
403 472
403 489
403 1078
404 674
406 735
406 1099
408 1067
412 522
412 850
413 1066
414 941
415 752
416 473
416 971
420 514
420 745
423 884
425 517
426 572
427 1044
428 438
428 495
428 524
428 640
429 574
429 691
433 810
434 855
435 542
437 605
438 960
439 636
439 756
439 896
440 482
440 663
440 969
440 1027
441 648
442 888
444 1144
445 491
446 1142
448 474
448 539
449 511
451 525
451 662
453 891
453 1004
454 933
457 496
457 614
458 892
458 989
458 996
459 492
462 494
462 653
463 765
463 965
465 966
466 718
467 830
468 498
468 798
469 1006
470 617
471 997
474 534
475 914
477 645
477 901
479 821
480 651
480 711
482 1088
483 573
483 943
484 549
484 601
484 1031
485 702
486 1136
488 757
488 1121
489 536
490 1037
491 1111
492 831
494 504
499 629
499 656
500 547
500 642
500 1055
502 621
502 658
504 637
505 520
506 730
506 827
507 964
508 961
509 613
509 725
509 776
509 800
510 553
511 559
511 802
511 932
516 1013
518 781
518 942
519 720
521 908
522 644
524 1127
525 701
525 904
526 744
527 786
528 1065
529 853
530 925
531 665
531 1082
537 931
538 612
538 688
540 703
542 710
542 794
542 1070
543 866
543 983
544 820
546 554
546 909
549 1114
550 683
550 685
552 841
554 578
555 584
555 680
555 984
556 946
557 767
560 805
561 981
566 791
568 895
569 1024
570 764
573 712
573 928
574 1041
575 628
575 995
575 1090
576 588
577 1052
582 929
583 649
584 768
584 872
585 1036
587 618
587 687
587 1113
588 655
590 615
591 692
593 808
604 716
607 608
609 1110
610 1049
611 919
613 844
617 852
617 867
617 1008
617 1034
619 677
620 1100
623 778
623 887
626 634
627 660
628 797
630 785
630 994
632 890
633 847
637 676
639 698
639 1025
640 707
641 1022
645 762
645 1107
648 977
649 722
649 913
650 921
651 748
651 911
652 694
654 667
659 959
659 1130
660 807
660 1112
661 664
663 936
663 1012
664 728
665 675
670 811
671 700
673 838
673 1106
676 699
676 740
680 939
680 991
686 743
693 903
693 917
697 881
698 1115
706 1129
707 1143
708 737
708 760
712 717
722 1000
722 1087
723 1135
724 1101
727 842
729 1089
732 970
734 773
736 804
737 905
739 788
739 976
740 761
741 974
742 975
744 1074
746 775
749 1118
751 833
751 1061
755 1068
759 780
759 912
762 1009
768 873
771 951
773 819
778 816
780 1005
781 1109
782 1010
784 1140
788 1023
788 1051
793 1057
798 886
799 982
800 1124
802 858
802 1094
805 940
807 990
809 907
815 869
819 1064
821 856
825 893
827 980
831 900
835 1097
836 1117
842 1063
846 875
853 862
860 952
860 1054
865 1080
865 1086
866 924
867 1039
873 1043
874 915
881 1020
883 1126
889 962
891 972
894 1059
900 993
903 1038
917 1007
924 1131
933 947
935 1019
936 1073
936 1141
948 1060
948 1098
967 1042
968 1071
997 1062
1006 1050
1012 1125
1018 1120
1019 1084
1021 1056
1040 1134
1055 1091
1065 1137
1104 1122
