2949 2117
1 2
1 3
1 4
1 5
1 59
1 141
1 170
1 2004
2 11
2 476
2 612
2 1381
3 6
3 9
3 22
3 27
3 37
3 38
3 339
3 1202
3 1608
3 1820
4 12
4 47
4 71
4 174
4 392
4 725
4 1068
5 7
5 8
5 33
5 133
5 355
5 374
6 10
6 14
6 17
6 121
6 137
6 147
6 196
6 331
7 78
7 293
7 700
7 1135
8 25
8 214
8 295
8 2099
8 2505
8 2807
9 13
9 15
9 18
9 20
9 69
9 1540
10 36
10 100
10 1128
10 1417
10 1705
10 1867
11 31
11 77
12 16
12 26
12 41
12 53
12 481
12 516
12 632
12 676
12 859
12 919
13 73
14 34
14 45
14 111
14 523
14 667
14 1064
14 1256
14 2934
15 23
15 24
15 28
15 144
15 197
15 342
16 380
16 1163
16 1628
16 2307
17 19
17 32
17 49
17 75
17 82
17 139
17 175
17 182
17 259
17 1763
17 2358
18 1167
18 2808
19 29
19 871
19 890
19 981
20 21
20 30
20 55
20 388
20 404
20 447
20 820
20 1045
20 2784
21 50
21 840
21 1755
22 42
22 44
22 61
22 252
22 271
22 450
22 1022
23 39
23 65
23 66
23 68
23 292
23 460
23 538
23 638
23 756
23 1317
23 1780
23 2650
24 35
24 52
24 86
24 771
24 2362
25 64
25 166
26 113
26 691
26 791
26 1566
27 43
27 46
27 136
27 179
27 739
27 861
27 910
28 40
28 168
29 72
29 83
29 167
29 225
29 236
29 752
29 875
29 1053
30 509
30 1107
30 1230
30 1831
31 540
31 1545
31 1555
31 1740
32 224
32 1694
33 51
33 67
33 114
33 164
33 205
33 399
33 597
33 655
34 89
34 95
34 193
34 195
35 90
35 127
35 190
35 1172
35 2302
36 92
36 245
36 1620
37 334
38 63
38 134
38 398
38 1843
38 2589
39 132
39 335
39 724
40 56
40 373
40 571
40 848
41 186
41 343
41 410
41 780
42 122
42 605
42 1355
43 60
43 299
44 54
44 229
44 521
44 2275
45 201
45 249
45 300
45 2635
46 48
46 97
46 165
46 613
46 984
46 1129
46 1736
47 1265
47 1373
47 1442
47 1444
48 74
48 88
48 560
48 770
48 1463
49 101
49 119
49 602
50 129
50 626
50 1514
51 130
51 145
51 315
51 322
52 58
52 70
53 2598
54 57
54 112
54 286
55 302
55 419
56 76
56 104
56 105
56 206
56 240
57 79
57 177
57 208
57 1270
57 1994
58 62
58 228
58 898
58 2788
59 2111
60 194
60 204
60 323
60 346
60 365
60 995
61 81
61 102
61 280
61 1246
61 2722
62 87
62 269
62 457
63 178
63 1069
63 2683
64 317
64 350
64 394
64 491
64 729
64 1231
65 116
65 386
65 1031
65 1336
66 149
66 183
66 557
66 1237
66 1286
67 173
67 375
67 1117
67 1118
68 110
68 126
68 253
68 305
68 381
68 550
68 589
68 1177
68 1411
69 312
69 535
69 776
70 270
70 692
70 1955
71 91
71 180
71 272
72 244
72 805
72 1112
73 85
73 261
73 961
73 2428
73 2817
74 187
74 569
74 809
74 1273
75 80
75 98
75 103
75 371
75 403
75 559
75 821
75 839
75 1013
76 84
76 108
76 696
76 1154
77 148
77 243
77 479
77 682
77 714
77 1294
78 150
78 263
78 433
80 573
80 764
80 1351
80 1916
81 198
81 608
81 815
81 1305
82 358
83 115
83 223
83 1032
83 1527
84 96
84 288
85 99
85 142
85 160
85 534
85 1113
85 1363
85 2859
86 146
86 247
86 332
87 161
87 439
87 698
87 1735
87 2257
88 109
88 218
88 268
88 1751
89 117
89 706
89 855
89 1636
90 93
90 162
90 812
90 2532
91 94
91 357
91 544
91 1449
92 140
92 232
92 277
92 378
92 2648
93 106
93 505
93 1171
94 363
94 414
95 185
95 222
95 1034
96 666
96 1164
96 1378
96 2396
96 2823
98 219
98 1310
99 282
99 370
99 545
99 1104
100 294
100 795
100 1036
100 1066
100 1685
101 123
101 285
101 693
102 107
102 157
102 835
103 158
103 172
103 416
103 668
104 1257
105 2470
105 2567
106 143
106 1204
107 131
107 426
107 1878
108 124
108 125
108 216
108 515
108 1647
108 1950
109 118
109 377
109 1074
110 2602
111 154
111 156
111 644
111 1156
112 215
112 542
112 1760
112 2058
112 2605
112 2658
112 2759
114 210
115 415
115 430
115 649
115 1240
116 120
116 406
116 529
116 609
116 1450
117 199
117 417
117 708
117 992
117 2152
117 2668
118 135
118 1043
118 1461
118 2479
119 284
119 823
120 138
120 310
120 1837
120 2906
121 2617
123 329
123 637
123 695
124 128
124 151
124 429
124 751
124 903
124 923
124 1241
124 1890
124 2569
125 825
125 1513
126 153
126 265
126 438
126 501
126 2386
127 2708
128 171
128 260
128 2234
129 1137
129 2035
130 2299
133 264
133 279
134 333
134 356
134 2944
135 192
135 217
135 348
136 169
136 181
136 200
137 155
137 1559
138 159
138 227
138 405
138 469
138 2764
139 152
139 291
139 1217
139 2792
140 189
140 881
140 1979
141 191
141 384
141 1339
142 598
142 2163
143 847
143 909
144 452
144 1537
144 1733
144 2108
144 2500
145 1025
145 2169
146 221
146 246
146 306
146 512
146 681
146 2113
147 591
147 615
147 658
147 1416
148 2084
149 209
149 470
149 525
149 654
150 257
150 289
150 802
151 226
152 163
152 213
152 275
152 650
152 1961
153 237
154 449
154 543
154 2484
155 304
155 522
155 630
155 662
155 816
156 2624
157 1413
158 202
158 235
158 441
159 567
159 979
159 1421
160 207
160 301
160 2179
161 176
162 309
162 359
162 391
162 477
162 2597
163 327
163 401
163 413
163 590
163 600
163 1103
165 988
166 1002
166 1388
166 2893
167 1811
167 2696
168 2621
169 203
170 702
170 757
170 1182
171 184
171 273
171 298
171 1180
171 1271
172 747
172 957
172 2491
173 276
174 319
175 1175
176 409
177 211
178 233
178 266
178 1059
179 274
179 395
179 518
179 1329
179 2214
180 188
180 256
180 353
180 489
180 1741
181 902
182 390
183 672
183 1267
183 2117
183 2268
184 697
184 893
184 1078
184 2370
185 551
185 1518
185 2149
186 628
186 680
186 1430
186 1945
187 1670
187 2527
188 248
188 387
188 775
188 1362
188 1693
189 316
189 526
189 629
189 1087
190 463
190 1965
191 296
191 314
191 646
191 1814
192 434
192 1003
192 1996
193 958
193 1023
193 1056
193 1313
195 2725
196 2733
197 635
198 699
198 1024
198 1121
198 1629
198 1933
199 241
199 369
199 712
199 1474
199 1792
199 2641
200 475
200 1151
201 364
201 784
201 1509
203 290
203 1290
204 618
204 1138
204 1584
205 959
206 493
206 563
206 980
206 1155
206 1958
207 238
207 239
207 251
207 361
208 741
208 1200
209 351
209 480
209 496
209 732
209 2334
210 212
210 360
210 656
210 1663
211 220
211 383
211 760
211 911
211 1353
211 2644
212 485
212 592
213 1296
214 262
214 1561
215 423
215 895
215 2102
216 321
216 367
217 836
217 1316
217 2809
218 325
218 912
219 230
220 548
220 1617
221 278
221 385
221 448
221 1220
221 1497
221 1815
222 267
222 627
222 2716
223 446
223 1903
224 231
224 664
225 281
225 344
225 619
225 962
226 1532
227 318
227 1275
229 432
229 892
230 1785
230 1879
230 2778
231 1075
232 234
232 519
232 1624
233 242
233 258
233 1673
233 1836
234 397
234 1046
234 1094
234 1456
235 580
236 454
236 2904
237 537
237 932
238 866
238 1124
239 431
239 616
239 1675
240 297
240 338
241 330
241 2063
242 308
242 572
242 938
243 425
244 254
244 464
244 687
244 2322
245 250
245 311
245 634
245 858
245 2775
246 1544
246 2142
247 283
247 337
247 1191
247 1451
247 1711
247 2228
248 255
248 841
248 879
249 320
249 1496
250 2287
250 2931
251 511
251 1306
252 483
252 1018
252 1224
252 1499
252 1870
252 2779
253 435
253 486
253 1678
253 1794
254 495
255 834
255 1887
256 792
256 1012
257 924
257 1009
258 468
258 1086
258 2737
260 324
260 445
260 621
261 336
261 1556
262 1000
262 1398
263 1302
263 1672
264 826
264 1739
264 1864
265 326
266 368
266 730
266 1109
266 1327
266 1656
267 303
267 376
267 806
268 456
268 663
268 679
268 1072
268 1506
268 2114
269 781
269 1754
269 2289
270 787
270 976
271 1790
271 2056
271 2215
272 478
272 2080
273 287
273 1335
273 1772
274 1065
274 1252
274 1604
274 2345
275 349
275 1902
276 307
276 418
276 736
276 1784
276 2298
277 860
278 620
278 853
280 2394
280 2709
282 504
283 313
283 1347
283 1989
284 554
284 915
284 1097
284 2235
285 577
285 1467
285 2746
287 354
287 1005
287 1195
287 2107
289 2674
291 1546
291 1601
291 2747
292 642
292 1409
292 2167
293 2325
294 1143
295 340
295 407
295 524
297 2426
298 1645
300 1502
301 437
301 579
301 1912
303 808
305 366
305 1083
305 2407
305 2755
305 2756
306 345
308 842
308 1149
308 2130
308 2270
309 1731
310 1297
311 585
311 2377
312 851
312 1389
313 1906
314 617
314 1309
314 2239
315 552
315 965
315 1092
315 2585
315 2803
316 1377
317 669
317 1524
317 1861
318 328
318 347
318 494
318 1147
319 856
319 996
319 1676
319 1779
320 396
320 2476
320 2526
321 674
321 1423
321 2308
321 2367
323 1491
323 1619
323 1778
324 610
324 1019
324 1030
324 1999
325 436
325 867
326 527
328 653
329 683
329 722
330 341
330 372
330 389
330 2493
331 914
332 547
332 584
332 1800
332 2557
333 761
333 1633
334 492
334 624
334 1040
334 1187
334 1777
334 2049
335 595
335 1331
335 1634
336 745
337 768
338 455
338 561
338 718
338 2137
338 2531
339 1376
339 2260
340 1021
341 442
341 506
341 1323
341 1699
341 2276
342 749
342 1126
342 1583
342 2109
343 648
343 1268
344 773
344 885
344 1228
345 382
346 1245
346 1488
346 2014
346 2231
347 900
347 1919
348 1058
348 2123
349 352
349 514
349 767
349 1242
349 1480
350 502
350 2033
351 2406
352 458
352 499
352 513
352 782
352 1408
352 2193
353 2835
354 408
354 420
354 1001
354 1216
355 1354
356 428
356 1911
358 1703
358 2159
359 508
359 868
360 701
360 819
360 1028
360 2273
361 362
361 647
361 719
361 937
361 1179
362 421
362 1070
365 727
365 1140
366 379
366 786
366 2519
367 459
367 783
368 954
368 1042
368 1050
369 472
370 606
370 641
370 1280
370 1972
371 562
371 645
372 393
372 2098
372 2548
373 2439
374 2264
375 412
375 461
375 482
375 2227
376 531
376 1402
377 651
377 2395
378 596
378 665
378 1429
379 876
380 402
380 443
381 400
381 582
381 726
382 716
382 1723
382 1828
383 1136
383 1247
385 473
385 503
386 427
386 1432
387 2194
388 488
388 689
388 703
389 817
389 2284
390 451
390 640
390 731
391 2148
392 411
392 422
392 444
392 818
393 2506
394 520
395 564
395 785
396 659
396 997
396 1827
397 587
397 920
397 2666
398 843
398 968
398 999
398 1153
398 1970
398 1988
398 2126
399 742
399 886
400 497
400 688
401 465
401 510
401 753
401 862
401 2037
402 1258
402 2474
403 586
403 1407
403 2925
404 1033
404 1642
404 1687
405 1116
406 827
407 424
407 838
408 1145
409 1183
410 500
410 913
410 1484
410 2664
411 440
411 715
411 1846
411 2767
413 528
413 670
413 1835
414 453
414 487
414 2263
414 2690
415 467
415 565
415 1244
415 2517
416 536
416 685
417 1850
417 2120
417 2785
417 2852
418 566
419 2083
420 1085
420 1199
420 2170
421 1875
421 2731
422 541
422 594
422 807
422 891
423 498
423 778
424 1788
424 2022
424 2174
425 1880
425 2841
426 1304
426 1817
427 1454
427 1971
428 1410
429 1857
430 546
430 797
430 1266
431 917
432 471
432 2542
433 539
433 1356
433 2001
434 474
435 684
436 2097
437 593
437 694
437 1157
437 1314
438 704
438 1447
439 517
439 1443
439 1594
440 633
440 1004
440 2224
441 462
441 583
441 1471
441 2811
442 772
442 2498
442 2948
443 936
443 1289
443 2757
444 604
444 1132
444 1293
445 1439
446 1469
447 466
448 490
448 532
448 578
448 845
448 1749
448 1888
448 1923
448 2241
449 774
449 944
449 1364
450 530
452 978
453 671
454 611
454 2545
455 588
455 1622
455 1968
457 873
458 2654
459 507
459 766
459 1856
459 1995
459 2657
461 574
461 828
461 872
461 1170
461 1350
462 941
463 2789
463 2815
465 1282
465 1930
465 2177
465 2679
466 581
467 2065
469 863
469 1115
471 1119
471 2128
472 711
472 743
473 2059
473 2176
474 558
475 533
475 720
475 2042
476 555
476 717
476 947
477 484
477 1260
477 1640
478 800
478 977
478 1334
480 908
480 1969
481 1324
484 1318
484 2738
485 1981
486 1516
487 2151
488 754
489 1368
490 952
490 1630
491 1975
491 2496
492 2911
493 675
493 690
493 2671
493 2799
494 549
494 1403
495 1285
497 1646
498 601
498 643
498 814
499 904
500 556
500 793
500 1976
502 728
502 955
502 1724
502 2316
504 1095
506 568
506 989
506 1475
507 1415
508 570
508 657
508 1433
508 2402
509 661
509 1677
510 1344
511 614
511 1386
512 707
512 865
512 1239
513 763
514 1707
515 1221
515 2339
516 907
516 1168
517 2447
518 964
519 721
519 1674
520 1321
520 1872
521 762
521 1374
522 2805
525 1460
525 1873
525 2023
525 2522
525 2734
526 1062
526 2833
527 1964
527 2748
528 824
528 887
528 2802
529 2552
529 2580
530 1020
531 931
531 1535
532 1511
532 2860
533 2416
534 1233
534 2342
535 1926
536 710
536 1222
537 735
538 849
538 1081
538 1359
539 1851
540 877
540 1057
540 2399
541 1250
541 1582
542 575
542 2697
543 1876
543 2285
544 926
544 1436
544 1446
544 1551
544 2702
544 2712
546 636
547 1174
547 1885
547 2673
548 553
548 852
549 576
549 758
549 1093
549 1709
549 2440
550 623
550 1073
550 1201
550 1643
551 1973
552 1011
552 2885
554 1768
557 810
558 1863
559 982
559 2438
560 804
560 1125
561 990
564 660
564 837
564 1007
565 1799
565 1922
565 2344
566 738
566 2164
567 1397
568 686
569 2261
570 998
570 1076
570 1372
570 2868
572 740
572 2183
572 2642
573 928
574 949
574 2514
576 599
577 1017
577 1055
577 2603
578 1330
578 1380
579 1139
579 1605
581 969
582 622
582 1752
583 631
583 1272
583 1623
584 878
585 1120
585 1915
586 1854
586 2889
587 1805
588 2665
588 2677
588 2830
589 607
589 811
589 1405
590 803
591 1311
592 603
592 2384
593 2711
595 748
595 1696
596 1504
596 1612
597 1234
599 1038
599 1122
600 1131
601 1539
602 1821
602 2372
603 2379
603 2483
604 709
604 1142
604 1631
604 1712
604 2242
605 899
605 1279
606 813
606 2856
607 1029
608 2250
609 1528
610 986
610 1458
610 2209
611 1934
611 2497
612 1276
613 2467
613 2899
614 948
615 625
616 1806
617 2685
617 2773
618 744
618 864
618 883
618 2205
618 2946
619 2212
621 1333
621 2949
622 2698
623 846
624 1274
625 1609
626 1406
626 1795
629 874
629 1695
629 2110
630 1203
630 1781
631 1459
631 2119
632 652
632 1606
633 1016
635 723
635 769
635 2076
636 746
637 639
637 1173
638 1445
638 1775
639 1188
640 677
640 2034
640 2389
641 822
641 2190
642 967
642 1369
642 2089
644 1027
644 1592
650 1585
650 1816
651 790
652 1061
652 2692
653 935
653 1047
654 1371
655 2721
656 759
657 2741
658 734
658 830
658 1826
659 678
659 2425
660 972
660 1596
660 1726
661 2720
662 1892
662 2220
663 857
663 960
663 974
663 1315
663 2469
664 933
664 970
667 1818
668 1512
668 2596
669 956
671 673
671 2524
671 2609
672 2829
674 1553
675 975
675 2584
676 1006
676 2588
677 1160
677 1487
677 2016
677 2265
678 940
678 1791
679 755
680 966
680 1747
682 1307
687 1907
687 2703
688 794
688 870
688 918
688 1901
689 921
690 750
690 1077
690 2006
691 799
692 1063
692 1291
693 1396
694 1161
694 1466
695 2630
695 2798
696 705
696 2656
698 1052
700 946
700 1189
701 1366
701 2515
702 905
702 1169
703 1400
704 1541
705 985
706 713
706 1360
708 1212
708 1658
708 2206
708 2320
708 2321
709 788
710 1937
710 2920
711 916
711 922
711 991
712 850
714 2272
715 901
716 844
716 1917
718 1162
718 2751
719 925
719 1615
720 737
720 1977
720 2305
721 1300
722 765
722 1884
725 1181
725 1248
726 888
727 987
727 2675
729 733
730 833
730 1193
730 2564
731 796
731 1226
732 2492
734 779
735 1088
735 1127
735 1549
736 1580
737 2512
738 1071
740 1320
740 1438
740 1721
740 1974
741 1343
741 1882
743 1284
743 2132
744 801
744 1503
744 2216
744 2678
745 1039
745 1891
746 2663
747 1533
749 1424
750 1106
752 1249
752 1783
752 2373
753 789
753 2246
754 1194
755 1110
757 869
757 1337
758 2435
758 2458
759 1101
759 1925
761 889
762 831
763 1192
763 2633
764 896
764 1428
764 1519
765 2256
766 798
766 894
766 2839
767 2419
768 777
768 1108
768 1165
769 1338
770 1067
770 1420
770 2391
770 2566
771 854
773 1425
773 1614
775 1223
775 1319
775 1554
777 1299
777 1453
777 1692
778 829
778 2504
780 1082
780 2180
782 1176
782 1498
784 1148
784 1264
784 1490
784 1986
785 1570
785 1717
786 2840
787 950
787 1295
788 1494
789 2410
790 897
793 963
793 1652
793 2288
794 1838
795 2000
795 2486
797 1210
797 2739
798 939
798 1236
798 1599
799 1079
800 906
802 1562
804 2121
805 1288
805 1944
805 2024
806 1613
808 1219
808 2583
809 1037
811 1990
811 2536
812 2341
813 1178
815 882
816 1301
817 1225
817 1713
818 1448
819 832
819 2208
820 2236
821 2828
822 945
822 1141
822 1441
824 1102
824 2459
825 1196
826 2253
827 2579
827 2627
828 2528
829 1084
829 2155
830 934
830 942
830 1048
830 1365
830 1530
830 2025
831 2495
832 1947
833 1211
834 2156
834 2687
834 2834
835 1130
837 2018
838 971
838 2919
840 1680
840 1913
841 973
841 1328
842 2869
844 2292
845 1564
846 1089
846 1899
847 1080
848 2855
851 1185
851 1842
853 2820
856 884
856 994
856 2801
857 2457
857 2592
859 2146
860 1292
861 1769
861 2662
862 1150
862 1269
863 1281
863 1808
865 930
865 2783
867 2727
868 927
869 1114
871 1008
871 1638
871 1719
871 1744
872 1746
876 953
876 1918
877 1569
879 880
879 2091
880 2577
881 1184
881 1485
881 2565
883 1495
884 2538
884 2563
887 2891
888 1852
888 2393
888 2466
890 1384
891 929
891 1385
891 1536
892 1303
892 1618
892 1869
893 1465
893 2539
895 2223
895 2380
896 2075
897 1654
900 1015
900 1215
901 1197
901 2433
902 1357
902 1572
902 1683
903 943
906 2069
906 2326
908 1332
909 2717
910 1098
911 1563
911 1943
912 1100
913 983
914 2511
914 2629
915 1041
915 1959
915 2398
917 1840
917 2937
918 1035
918 1253
921 1146
922 2290
925 1577
925 2279
928 1227
930 1090
931 2139
932 1468
934 2133
937 951
937 1091
937 1133
937 1159
937 2780
938 1096
939 2541
940 1152
944 1579
945 1014
945 1044
945 1049
945 1060
945 1983
946 1603
946 2601
947 2651
948 1595
949 1395
949 1478
950 1745
950 1756
953 2213
954 1655
954 2818
955 2291
957 2482
959 993
959 1010
959 2353
960 1259
961 1829
962 2742
963 1932
964 2301
965 1051
965 1437
966 1534
966 2460
967 1394
968 1348
968 1588
968 2587
969 1054
969 2509
972 2101
973 1729
976 2030
976 2591
977 1346
977 1796
978 2043
979 2544
981 1568
982 2560
983 1111
983 1560
984 1134
984 2408
985 2525
989 2749
991 2232
992 1515
992 1571
993 1927
994 1704
995 1283
995 2161
996 2200
997 1254
998 2776
1000 1158
1000 1209
1000 1762
1001 1946
1001 2085
1001 2758
1002 2388
1002 2437
1006 1722
1006 2204
1007 1844
1008 1026
1009 2417
1009 2854
1010 1483
1010 1591
1010 2332
1011 2168
1015 1205
1015 1479
1015 1865
1017 1860
1018 1525
1019 1993
1020 2115
1022 1298
1022 1898
1025 1435
1025 2050
1026 1895
1028 1190
1028 2202
1029 1287
1030 2278
1031 1243
1031 2092
1033 1681
1034 1144
1037 2122
1037 2694
1039 1213
1039 2576
1040 2124
1041 2011
1043 1684
1044 1361
1045 1207
1047 1935
1047 2355
1053 2403
1054 1261
1054 1952
1057 1793
1060 1602
1061 1123
1061 1598
1061 1928
1063 1322
1063 2884
1070 2027
1070 2365
1071 1686
1071 2456
1072 2175
1072 2942
1074 2171
1074 2938
1075 1550
1075 1789
1077 2070
1077 2238
1079 1457
1079 1543
1079 2607
1081 1665
1084 1434
1088 1099
1093 2219
1094 1716
1095 1587
1095 1822
1095 2701
1096 1427
1096 1942
1099 1255
1101 2017
1102 1105
1102 1637
1103 2317
1104 1198
1106 1277
1106 1422
1106 2057
1106 2271
1106 2939
1108 1426
1108 2743
1109 1263
1109 1349
1109 1871
1110 2207
1111 2414
1112 1586
1112 2897
1114 1759
1116 1957
1117 2363
1118 1476
1118 2462
1118 2613
1121 2582
1121 2790
1122 1251
1122 1455
1122 1708
1124 1206
1124 2303
1125 2277
1127 1214
1127 2769
1128 1868
1128 1948
1128 2452
1129 1262
1129 1326
1130 1500
1132 1542
1133 1232
1135 2374
1136 1991
1136 2590
1137 1600
1137 1830
1138 2561
1140 2036
1140 2718
1142 1278
1142 1657
1143 2940
1144 1452
1144 1548
1144 2240
1145 2079
1146 2850
1147 2105
1147 2154
1148 1186
1150 1505
1151 2040
1151 2929
1153 1908
1156 1238
1159 1166
1159 2191
1159 2434
1160 1392
1161 1418
1161 1742
1161 1997
1161 2041
1162 1547
1162 1874
1162 2570
1163 2445
1163 2464
1164 1312
1164 1667
1166 1727
1167 1208
1167 1931
1168 2249
1170 1235
1170 1610
1172 1998
1174 1325
1177 1218
1178 2309
1180 2619
1180 2827
1183 1787
1184 1847
1187 1812
1187 2071
1188 2096
1189 1387
1191 1782
1192 1639
1192 1905
1192 2659
1193 1607
1195 2533
1196 1510
1196 1929
1197 1581
1199 2010
1200 1462
1200 2359
1200 2436
1200 2632
1202 2352
1203 1391
1204 2390
1204 2682
1206 2081
1207 2338
1209 1671
1212 1341
1212 1507
1213 1340
1213 1526
1213 1809
1214 2267
1216 2691
1216 2936
1217 1383
1217 1702
1219 1701
1223 1229
1223 1531
1223 2147
1223 2836
1225 1743
1225 1750
1225 2258
1226 2346
1227 2195
1228 1803
1228 2695
1229 1308
1230 1565
1231 2905
1232 1399
1233 1473
1233 2600
1233 2838
1233 2877
1234 2153
1235 1352
1236 1486
1236 2310
1239 2068
1239 2667
1241 1345
1242 1482
1242 2329
1243 1597
1244 1748
1247 1375
1247 1627
1248 1669
1248 2323
1249 1985
1249 2106
1251 1924
1253 1967
1253 2045
1254 2333
1255 2614
1258 1470
1258 1728
1258 2337
1260 2087
1261 1644
1264 2461
1265 2324
1266 2771
1268 1414
1268 1661
1268 1697
1268 1738
1268 2248
1269 2793
1270 1393
1270 1834
1271 1342
1273 1558
1274 1520
1276 1690
1277 1960
1278 1593
1278 1896
1280 1770
1282 2038
1282 2786
1283 1845
1284 2572
1284 2926
1286 2649
1287 2047
1287 2100
1287 2366
1289 1797
1291 1807
1291 2549
1297 1774
1298 2534
1300 2543
1301 1589
1305 2182
1309 1464
1310 1939
1310 1963
1313 1662
1314 1358
1315 1773
1315 1819
1317 1379
1317 1401
1318 1718
1320 2254
1321 2135
1325 1472
1328 1557
1328 1810
1329 1734
1331 1370
1331 1382
1331 2766
1334 2074
1337 2381
1337 2634
1338 1648
1338 2150
1339 2913
1340 1521
1340 1786
1342 2295
1343 2729
1345 1367
1345 1689
1345 1921
1347 1590
1348 1492
1348 2890
1349 1841
1349 2475
1349 2819
1351 1877
1351 2847
1355 1523
1355 2424
1358 1501
1359 2382
1361 1567
1361 2653
1367 1641
1367 2090
1368 2916
1370 1481
1370 2330
1370 2870
1371 1390
1371 1824
1373 2502
1374 2064
1379 1881
1380 1653
1380 2595
1381 1649
1384 1404
1384 2348
1384 2848
1386 1632
1391 2082
1391 2842
1392 1431
1393 1660
1394 2863
1395 2311
1397 1412
1397 1659
1397 2421
1398 2610
1401 2655
1403 1962
1405 1477
1405 2266
1407 1419
1414 1440
1414 2255
1414 2616
1416 2800
1418 2196
1419 2328
1421 2499
1421 2862
1423 1761
1425 1848
1428 1720
1428 2015
1430 1517
1432 2369
1434 2420
1435 1732
1435 2680
1436 2392
1437 2189
1438 2304
1441 2218
1443 1538
1445 2477
1445 2645
1446 2031
1446 2162
1455 1725
1456 1489
1456 2066
1456 2095
1456 2364
1458 1529
1458 2005
1461 1493
1461 2761
1462 1715
1466 1552
1466 2478
1466 2903
1467 2093
1467 2444
1468 1635
1470 1576
1470 1578
1470 2116
1471 2281
1471 2431
1476 2481
1478 1625
1478 1753
1480 2423
1481 2173
1483 1949
1484 2385
1488 2442
1490 1626
1490 2480
1491 2472
1493 1508
1493 2628
1495 1611
1496 1621
1497 2313
1497 2450
1499 1522
1499 1700
1501 1574
1503 1573
1503 2503
1506 2112
1506 2143
1507 1866
1507 2229
1508 2286
1509 2791
1510 2184
1516 2053
1517 1616
1517 1897
1518 2744
1520 2933
1523 2020
1523 2631
1525 1833
1525 2118
1527 2125
1528 1651
1528 2021
1529 1776
1530 1984
1530 2293
1531 2032
1532 1767
1532 2704
1533 2400
1536 2009
1536 2104
1536 2165
1538 1679
1539 2554
1540 1698
1540 1737
1540 2523
1541 2898
1542 1706
1542 2297
1543 2550
1544 1668
1545 1575
1545 1691
1545 1766
1546 2643
1547 2140
1548 1832
1552 2719
1552 2861
1555 1839
1555 2796
1556 2252
1557 2026
1561 1710
1561 1859
1562 2770
1565 1650
1566 1855
1568 1940
1571 2713
1573 1664
1577 1765
1579 2203
1580 1849
1581 2684
1582 2878
1583 2843
1587 2508
1593 2927
1596 1730
1596 2943
1601 2274
1602 1758
1602 1771
1604 1682
1605 1798
1607 1956
1607 2639
1608 2581
1611 2468
1613 2405
1614 1920
1614 2052
1620 2876
1621 2028
1626 1801
1626 1910
1630 2625
1631 1853
1632 2054
1632 2443
1634 1757
1635 1823
1638 2485
1639 1804
1639 2810
1641 2061
1643 1802
1644 1883
1646 1688
1646 1825
1646 2073
1649 2351
1650 1666
1652 2259
1654 1889
1655 1886
1656 1813
1658 1764
1658 1858
1659 1893
1661 2730
1663 2794
1668 2378
1669 2705
1671 2007
1672 1714
1672 2735
1673 2636
1674 2211
1684 2172
1684 2777
1685 2199
1686 2051
1688 2360
1688 2535
1689 2019
1691 1980
1694 2269
1696 2237
1697 1951
1698 2728
1702 2210
1706 2134
1710 2336
1711 2077
1711 2724
1713 2060
1713 2401
1717 2131
1718 1982
1725 2315
1725 2409
1725 2882
1726 2138
1728 1904
1730 1909
1734 2411
1735 1938
1735 2003
1736 2157
1743 2375
1743 2821
1748 2245
1756 2187
1758 2637
1760 2129
1764 2144
1766 2608
1767 2181
1770 2537
1771 2062
1774 2192
1774 2918
1781 2103
1781 2824
1784 2244
1784 2681
1785 2558
1785 2700
1787 2413
1788 2357
1788 2710
1792 2283
1805 2714
1806 2221
1806 2908
1808 1936
1808 2488
1811 2055
1814 2136
1815 1966
1815 2715
1816 2262
1819 2094
1827 2787
1829 1862
1830 1914
1833 2875
1834 2197
1837 2726
1839 1900
1843 2520
1845 1953
1845 2883
1852 1941
1852 2222
1854 2371
1854 2760
1857 2562
1858 2699
1859 2397
1859 2473
1859 2521
1859 2806
1863 2178
1866 2660
1874 2327
1880 2412
1880 2546
1880 2887
1890 2490
1893 1894
1893 2599
1897 2029
1897 2941
1904 1978
1907 1987
1908 2516
1909 2335
1909 2556
1909 2932
1913 2871
1915 2571
1919 2782
1923 2046
1924 2141
1925 1992
1925 2067
1926 2072
1928 2002
1929 2762
1931 2160
1934 2429
1938 2501
1941 2008
1942 1954
1942 2078
1944 2454
1944 2593
1950 2306
1953 2383
1958 2935
1960 2831
1962 2086
1962 2158
1965 2048
1972 2448
1974 2243
1976 2251
1977 2924
1978 2350
1980 2039
1980 2449
1982 2881
1993 2012
1993 2487
1996 2622
1997 2415
1998 2013
2005 2185
2007 2594
2009 2166
2012 2615
2014 2707
2017 2418
2021 2432
2025 2044
2029 2343
2030 2670
2035 2233
2035 2872
2044 2732
2047 2356
2049 2145
2050 2282
2052 2750
2055 2646
2055 2816
2057 2513
2058 2661
2061 2551
2062 2837
2062 2914
2069 2892
2072 2088
2073 2314
2078 2127
2078 2201
2079 2446
2079 2669
2080 2376
2080 2693
2080 2706
2081 2672
2083 2312
2084 2247
2085 2186
2088 2574
2089 2188
2089 2489
2092 2463
2095 2896
2095 2901
2096 2832
2098 2361
2102 2586
2109 2826
2114 2652
2116 2226
2129 2620
2131 2902
2141 2573
2146 2349
2146 2568
2147 2280
2147 2430
2155 2910
2156 2217
2158 2225
2162 2772
2174 2319
2178 2294
2180 2895
2186 2340
2187 2471
2191 2441
2192 2555
2194 2198
2194 2900
2197 2296
2202 2453
2203 2507
2212 2922
2213 2354
2214 2559
2223 2529
2223 2813
2229 2230
2235 2465
2242 2768
2252 2853
2254 2851
2256 2331
2257 2318
2258 2606
2259 2427
2260 2387
2262 2422
2266 2300
2282 2347
2286 2510
2289 2814
2290 2930
2294 2404
2294 2604
2306 2578
2310 2804
2318 2921
2321 2451
2322 2553
2326 2611
2335 2812
2337 2917
2338 2518
2341 2368
2346 2928
2350 2638
2354 2540
2355 2865
2356 2647
2369 2844
2379 2530
2400 2795
2409 2494
2413 2455
2413 2612
2426 2886
2438 2723
2442 2923
2445 2547
2460 2888
2465 2689
2471 2688
2479 2753
2503 2575
2516 2752
2519 2866
2536 2640
2547 2626
2551 2909
2558 2797
2570 2845
2581 2618
2581 2740
2595 2754
2598 2873
2606 2623
2610 2763
2624 2858
2633 2676
2667 2736
2670 2686
2672 2781
2672 2846
2683 2825
2685 2880
2695 2774
2696 2867
2713 2864
2714 2745
2714 2765
2722 2857
2722 2879
2730 2945
2738 2907
2750 2915
2762 2822
2776 2849
2800 2947
2801 2894
2830 2874
2884 2912
