7436 6278
1 2
1 10
1 569
1 698
1 1100
1 1406
1 5721
2 3
2 7
2 12
2 16
2 20
2 61
2 81
2 214
2 369
2 1297
2 2485
2 4384
3 4
3 45
3 104
3 154
3 280
3 667
3 2962
4 5
4 6
4 18
4 28
4 67
4 264
4 734
4 1072
4 2835
4 7009
5 8
5 30
5 126
5 139
5 143
5 370
5 405
5 763
5 800
5 4664
5 7198
6 19
6 27
6 229
6 232
7 9
7 11
7 13
7 65
8 14
8 33
8 42
8 187
8 234
8 597
8 3387
8 5073
9 29
9 184
9 1348
9 2789
10 22
10 23
10 25
10 105
10 119
10 189
10 289
10 342
10 441
11 15
11 17
11 32
11 46
11 79
11 112
11 245
11 844
11 997
11 2033
12 52
12 1484
12 5271
13 21
13 40
13 178
13 350
13 488
13 846
13 3119
13 3378
13 3825
14 37
14 329
14 599
14 1422
14 1934
14 3953
14 6137
15 26
16 110
16 167
16 2615
16 5067
17 95
17 677
18 35
18 159
18 1731
18 2293
18 2325
18 5625
19 31
19 47
19 48
19 60
19 63
19 64
19 77
19 7271
20 71
20 86
20 271
21 36
21 87
21 1507
22 43
22 252
22 1090
22 1579
23 24
23 58
23 68
23 80
23 193
23 317
23 1302
23 2016
23 5360
24 249
24 348
24 421
24 434
24 2284
25 38
25 208
25 1214
25 2586
25 2588
25 2808
25 4690
25 5337
26 34
26 53
26 303
26 602
26 920
26 1182
26 1243
26 1613
27 66
27 85
27 116
27 281
27 1213
28 125
28 145
28 373
28 1281
29 44
29 118
29 312
29 1067
30 171
30 1566
30 4852
31 221
31 1342
31 2668
31 6274
32 334
32 460
32 1204
32 1658
33 135
33 140
33 164
33 304
33 852
34 69
34 296
34 491
34 872
34 1137
35 75
35 219
35 294
35 685
35 2127
35 2646
35 6092
36 191
36 1124
37 50
37 138
37 384
37 3947
37 5742
38 39
38 41
38 120
38 200
38 223
38 806
38 946
38 1656
38 3013
39 563
39 851
39 867
39 4410
40 55
40 57
40 123
40 239
40 516
40 528
40 986
40 1235
40 1701
41 113
41 403
41 654
41 1029
42 49
42 84
42 181
42 3551
43 414
43 644
43 1198
43 1816
43 3356
43 3414
43 4668
44 51
44 56
44 207
44 4824
45 62
45 1340
46 96
46 150
46 3782
47 142
47 240
47 256
47 338
47 3783
48 89
48 510
48 777
48 1215
48 2782
48 3157
48 6924
49 54
49 106
49 136
49 746
49 2105
49 4997
49 6624
50 243
50 427
50 725
50 3652
50 5361
51 59
51 97
51 655
51 1192
52 73
52 74
52 636
52 762
52 2400
53 100
53 638
53 2030
54 111
54 165
54 197
54 323
54 771
54 1224
54 4205
55 78
55 166
55 366
55 547
55 841
55 1475
55 6917
56 825
57 115
57 117
57 322
57 534
57 549
57 3525
57 4947
58 91
58 192
58 222
59 99
59 157
59 177
59 247
59 305
59 576
59 4610
60 133
60 573
60 1765
60 3344
61 462
62 70
62 92
62 258
62 897
62 1595
63 170
63 625
63 2493
63 3269
63 3424
63 5369
64 4098
65 467
65 1296
65 1612
65 4187
66 72
66 130
66 198
66 803
66 1012
66 2073
66 3376
67 508
67 795
67 1220
67 1665
67 4587
67 5855
67 6307
67 6333
68 94
68 102
68 183
68 603
68 755
68 815
68 6347
69 76
69 381
69 1549
69 1693
69 3315
70 137
70 147
70 382
70 888
70 2082
70 5048
71 527
71 1488
71 1689
71 6128
72 82
72 201
72 391
72 2059
73 3904
74 83
74 149
74 284
74 340
74 397
74 1051
74 1300
74 1619
74 3601
74 4117
75 88
75 416
75 1038
75 2738
75 4484
76 101
76 314
76 661
76 749
77 261
77 320
77 396
77 591
77 1060
77 1804
78 255
78 420
78 1884
78 7141
79 152
79 155
79 188
79 215
79 398
79 484
79 2151
79 3631
79 4508
80 109
80 367
80 5859
80 6133
80 6423
80 7360
81 90
81 231
81 2287
82 321
82 345
82 3611
83 93
83 472
83 748
83 753
83 1985
83 2176
83 6363
84 103
84 225
84 494
84 590
84 1747
85 703
85 1254
85 1540
85 4174
86 971
86 1002
86 1793
86 2018
86 2336
87 220
88 285
88 3676
88 4023
88 5624
88 5875
89 609
89 680
89 785
89 945
90 1252
90 1421
90 3220
91 144
91 148
91 2251
91 2547
92 98
92 129
92 153
92 196
92 295
92 886
92 2818
93 595
93 2502
93 5289
94 204
94 448
94 726
94 768
95 107
95 174
95 362
95 684
95 1166
95 1341
96 156
96 298
96 372
96 1244
97 108
97 124
97 146
97 205
97 619
97 747
97 1477
97 6669
98 114
98 141
98 3092
98 3942
98 5143
98 5232
99 161
99 318
99 409
99 637
99 3338
100 122
100 128
100 199
100 216
100 1101
100 6997
101 173
101 423
101 723
101 840
101 1181
101 2352
101 6069
102 175
102 2144
103 733
103 1541
103 1995
104 132
104 981
104 1599
104 2912
104 4058
105 180
105 1017
105 1223
105 5251
106 169
106 739
106 4651
107 217
107 250
107 921
107 1046
107 3375
107 4387
107 5227
107 6890
108 1176
108 1645
108 3469
109 278
109 475
109 6317
110 121
110 550
110 3657
111 1444
112 464
112 4840
113 158
113 390
113 1686
114 163
114 666
114 2173
114 2649
114 2787
114 7013
115 269
115 1373
115 2253
116 542
116 618
116 782
116 1219
117 1465
118 297
118 306
118 352
118 505
119 160
119 257
119 279
119 300
119 395
119 1298
119 2013
119 5035
120 206
120 227
120 311
120 327
120 1096
120 4729
121 1843
121 4392
121 6783
122 263
122 519
122 1946
122 2701
123 127
123 134
123 265
123 3520
123 4816
124 2121
124 2213
124 2286
125 374
125 959
125 2299
125 7256
126 203
126 275
126 351
126 593
126 2620
126 2697
127 662
127 4015
127 5927
128 293
128 4601
128 5092
129 131
129 186
129 1089
129 5329
129 5768
129 6194
130 179
130 253
130 463
130 473
131 195
131 339
131 673
131 730
132 212
132 236
132 578
132 1267
132 1659
132 4341
133 415
133 2964
133 4289
133 7108
134 562
134 675
134 1045
134 1054
134 6538
134 6667
135 2058
136 431
136 3329
137 433
137 668
137 999
137 1423
137 2197
138 172
138 2125
138 3100
138 3926
138 5304
138 5763
139 2241
139 6552
140 924
140 1110
140 1248
140 2434
140 4097
141 185
141 282
141 2985
141 4626
142 273
142 443
142 640
142 674
142 3333
143 1389
143 3581
144 151
144 241
144 254
144 388
144 435
144 1492
144 3328
145 292
145 377
145 522
145 545
145 1624
145 1996
145 4687
145 5577
146 379
146 471
147 1020
148 228
148 404
148 1584
148 2068
148 4454
148 4490
148 6132
149 277
149 1350
149 2170
149 3314
149 5326
150 248
150 515
150 557
150 1474
151 290
151 354
151 902
151 3574
152 176
152 509
152 1278
152 1554
152 3096
152 3706
152 4102
153 168
153 237
153 490
153 1019
153 3846
153 3894
153 6559
154 466
155 162
155 559
155 754
155 2872
155 6923
156 432
156 3479
156 6895
157 213
157 1210
157 1787
157 2636
157 5422
158 310
158 1023
158 3128
158 4921
159 238
159 671
159 807
159 4300
160 226
160 3287
160 6487
161 267
161 447
161 632
162 276
162 546
162 650
163 975
163 1585
163 2525
163 6898
164 336
164 780
164 1532
165 287
165 834
165 3228
165 6647
165 7339
166 642
167 194
167 218
167 788
167 2419
168 2710
169 182
169 371
169 691
169 992
169 1692
169 1757
169 2225
169 2317
170 262
170 468
170 799
170 1070
171 202
171 3563
171 3747
172 2809
172 3417
172 4641
172 6646
173 2413
173 2420
173 2421
174 1084
174 1518
174 1699
175 400
175 858
175 3037
175 3878
176 461
176 751
176 786
176 3216
176 4433
177 288
177 378
177 583
177 1559
177 1672
177 6798
178 355
178 383
178 694
178 1758
178 3510
179 465
179 2967
180 211
180 425
180 645
180 653
180 915
180 1331
180 2974
181 251
181 1547
181 2209
181 2616
182 210
182 732
182 4769
183 3075
184 242
184 302
184 477
184 1630
184 2333
185 604
185 1043
185 1245
185 1863
186 333
186 356
186 4246
187 341
187 1354
187 3646
187 5780
188 190
188 209
188 444
188 676
188 1629
189 387
189 1457
189 4409
190 1162
190 6975
191 332
191 349
191 594
191 3921
192 230
192 523
192 1031
192 1807
192 3126
192 3612
193 224
193 274
193 346
193 1308
193 1768
194 521
194 832
194 1528
194 1818
194 5592
195 1387
195 3489
195 5809
196 244
196 883
196 1460
196 2256
196 2340
196 3997
196 6833
197 266
197 406
197 1332
197 1347
198 449
198 530
198 1068
198 1893
198 1982
199 504
199 909
199 1476
200 940
200 2476
201 1463
201 1723
201 6442
202 628
203 259
203 3480
204 411
204 1482
204 3152
205 357
205 6201
205 6848
206 544
206 1147
206 2190
206 2733
206 4212
207 272
207 299
207 307
207 331
207 343
207 941
207 4569
207 4892
207 5822
207 6456
208 957
208 5793
209 286
209 429
210 561
210 649
210 1036
210 4835
210 5157
210 5179
210 7384
211 376
211 408
211 3381
211 4488
212 235
212 1337
212 5336
213 3793
214 410
214 513
214 1177
214 1651
214 3319
214 5801
215 715
215 874
216 316
216 476
216 4206
216 5688
217 1756
217 1967
218 233
218 2149
218 2441
218 2659
218 6234
218 6499
220 1655
220 2110
220 3492
220 5036
221 498
221 2038
221 4014
222 386
222 1539
222 2247
222 3138
222 3488
222 3602
222 3970
223 552
223 712
223 1783
223 2747
223 4204
224 308
224 5856
224 7037
225 358
225 524
225 1796
225 1869
225 3234
225 5600
226 1339
226 1948
226 3568
226 4041
226 6381
227 260
227 627
228 866
228 2254
228 3177
229 495
229 626
229 4805
229 5460
230 4421
231 481
231 482
231 1156
231 1472
231 4169
231 4742
231 6849
231 7187
232 555
232 1256
233 622
234 315
234 1524
234 2028
235 436
235 635
235 877
235 1614
236 554
237 3627
238 720
238 2147
239 344
240 394
240 570
240 1981
240 2398
240 3749
241 575
241 1531
242 1382
242 1997
242 2118
243 246
243 683
243 5096
244 347
244 551
244 882
244 1188
244 2008
245 424
245 624
245 2338
246 353
246 849
246 2779
247 399
247 596
247 875
247 1105
247 1317
247 3960
247 6797
248 1141
248 5770
249 283
250 744
250 1469
250 2128
251 459
251 2415
251 4732
252 487
252 955
252 3197
252 3421
253 268
253 451
253 1064
253 2432
254 2445
254 7380
255 579
255 3346
255 4369
256 330
256 489
256 704
256 951
256 2195
256 5368
257 412
257 985
257 1195
257 1310
257 4373
257 7055
258 270
258 401
258 407
258 1909
258 1935
258 2954
259 324
259 326
259 363
259 1953
259 5196
260 499
260 1653
260 3151
261 535
261 736
261 1959
261 3386
262 313
262 621
262 835
262 4704
262 7065
263 613
263 711
264 301
264 1242
264 7304
265 3856
266 392
266 760
266 3855
267 536
267 670
267 1763
267 3509
268 2003
269 359
269 1218
269 1353
270 1303
270 5607
271 1008
271 1716
271 4759
273 693
273 1489
273 2777
273 4398
273 4894
273 5178
273 5185
274 2365
274 2718
275 506
275 1857
275 2815
275 4557
275 4966
276 764
276 932
276 2510
277 325
277 1315
277 2153
277 2579
277 5339
278 319
278 610
278 3853
279 1399
279 6721
280 659
281 598
281 5071
282 3429
283 368
283 446
283 791
283 1571
283 2903
284 501
284 688
284 737
284 831
284 1234
286 507
286 608
286 1395
286 2381
286 2637
286 5355
287 291
287 672
287 1246
287 5124
288 2177
288 3496
289 1108
289 1618
289 1772
289 1902
289 2656
290 480
290 2101
291 838
292 337
292 607
292 1056
292 1138
293 833
293 1943
293 4219
294 375
294 532
295 533
295 568
295 950
295 2070
295 2089
295 2392
295 3010
296 2387
296 3214
296 3820
296 7347
299 592
299 5013
300 335
300 364
301 389
301 750
301 5026
301 5719
302 697
302 2261
302 2396
302 3046
302 4275
303 790
303 1165
303 1609
303 1657
303 6091
304 380
304 7395
306 360
306 761
306 1099
306 2331
307 3836
308 309
308 678
308 865
308 1379
308 1587
309 7056
310 1155
310 2917
311 1494
311 2200
311 4089
312 361
312 4812
313 3000
313 4085
314 1057
314 3281
315 1993
316 574
316 1431
316 2283
316 4827
317 328
317 541
317 863
317 4067
318 2744
318 3361
318 5804
318 5820
319 5599
320 600
320 1172
321 426
321 912
322 496
322 2497
322 3430
322 4249
322 7066
323 440
323 531
323 719
323 721
323 1550
323 3999
324 413
324 616
325 537
325 893
325 1257
325 1383
325 2119
325 3838
325 5324
325 5415
326 1470
327 526
327 816
328 614
328 812
328 814
328 1203
328 6408
329 457
329 787
329 1191
329 1675
329 6196
330 623
330 818
330 1149
330 1542
330 4945
331 585
331 1306
331 2154
332 1030
332 1745
332 2006
333 634
333 722
333 793
333 1196
333 1369
334 3935
334 3989
335 758
335 1025
335 1782
335 6147
336 615
336 1229
336 1360
336 2088
337 2350
338 821
338 933
338 3252
339 556
339 633
339 765
339 3748
340 430
340 2194
340 5717
341 740
341 1123
341 1212
341 3402
341 4845
342 402
343 779
343 2546
344 1654
344 2993
344 3770
344 6348
345 906
345 2155
345 2557
346 2297
346 3282
347 648
347 1351
347 3182
347 4218
347 6219
347 7179
348 493
348 1273
348 1400
349 2130
349 4574
349 6965
350 1130
350 2769
350 4161
350 5194
350 6106
351 538
351 972
351 1405
351 5100
351 5827
352 1809
352 3243
352 3794
353 365
353 1520
353 2076
353 2443
354 385
354 565
354 646
354 4262
355 437
355 728
355 4949
357 917
357 1748
357 2035
357 6558
358 974
358 1049
358 1438
358 2878
358 3117
358 5342
359 2342
359 3746
359 4282
359 5863
360 1521
360 1821
361 455
361 560
361 639
361 824
362 2252
362 2474
362 2594
363 417
363 422
363 1641
364 943
364 1583
364 3257
364 4878
365 949
365 2388
366 454
366 1688
366 1760
367 700
367 759
367 828
368 3845
369 2062
370 716
370 718
370 767
371 566
371 2680
371 2819
372 419
372 3164
373 485
373 907
373 1264
373 3069
373 5166
374 497
374 735
374 1544
375 1094
375 2086
375 6733
376 474
376 606
376 889
376 1221
376 2117
376 5436
377 571
377 1170
377 1394
378 5761
379 669
379 1129
379 4449
380 2208
381 2171
382 439
382 804
382 1637
382 4069
382 6068
383 7344
384 1526
384 1611
384 2099
384 2186
384 3906
384 5503
384 5687
385 775
385 927
385 3233
385 5948
385 6174
386 483
386 1276
386 1914
387 1860
387 3767
388 517
388 1499
389 682
389 808
390 503
390 1448
391 1190
391 2686
391 6135
392 393
392 4222
393 450
393 781
393 2114
393 2712
393 2785
393 2943
393 2952
393 7389
394 502
394 611
394 931
394 1077
394 1881
394 5120
395 478
395 1116
395 1442
395 2924
396 1458
396 1718
397 1027
397 2581
397 3018
397 3577
398 525
398 629
398 1434
398 4383
399 3405
399 3973
399 3986
400 442
400 453
400 660
400 798
400 837
401 1514
401 1722
401 3038
401 6292
402 428
402 539
403 456
403 2684
403 4009
404 651
404 5845
405 418
405 492
405 665
405 1435
405 2379
405 2658
405 5046
406 647
406 690
406 1259
406 3063
406 6033
407 438
407 1961
407 5280
408 445
408 587
408 1287
408 2074
409 470
409 567
409 1415
410 452
410 511
410 3899
410 6172
410 6967
411 699
411 3003
411 3171
411 6050
412 905
412 2310
412 4968
413 612
413 3162
413 5628
414 1083
414 1638
415 469
415 1919
415 5115
415 6129
417 1901
418 2303
419 1061
419 2601
419 6171
420 1326
420 1522
420 1970
421 664
421 1283
421 2607
422 2354
422 4689
422 5365
423 717
423 3024
424 1232
424 1393
424 4108
425 885
425 903
426 868
426 2810
427 876
427 1437
427 4982
427 5879
428 1777
428 4086
429 479
429 1364
430 702
430 827
430 2595
430 5961
431 1439
431 2465
431 3307
431 3497
433 1998
434 853
434 2072
434 5932
435 2906
435 3085
435 4087
436 1293
436 1874
436 3368
436 3531
436 3729
436 4628
437 855
437 1446
437 4823
437 6204
438 486
438 588
438 1320
438 2754
438 5070
439 458
439 2276
439 3850
439 4792
439 6513
440 681
440 794
441 967
441 1910
441 2291
441 2621
441 3822
442 581
442 605
442 859
443 3640
446 2390
447 692
447 1519
447 3413
449 584
449 1862
450 663
451 7311
452 2015
452 6547
453 1280
453 1407
453 3588
453 4175
453 5799
454 1151
454 1839
454 6056
455 1371
455 6723
456 1776
456 4293
457 2991
458 1497
458 1861
458 4142
459 631
459 1416
459 2501
459 4012
459 5041
459 6416
460 601
460 774
460 1095
460 3040
460 4555
460 5182
460 6287
461 4717
462 2044
462 4499
463 899
463 2828
465 770
466 520
466 2664
466 5546
467 857
467 3178
467 4862
467 7106
468 923
468 1538
469 564
469 961
470 1180
470 1307
470 4595
470 6884
471 514
471 1143
472 518
472 745
472 4918
473 658
473 2592
473 6711
474 543
474 5149
475 1015
475 1275
475 2717
475 5088
475 7345
476 696
476 1024
476 6503
477 656
477 1266
477 6282
478 2613
478 5164
480 1928
481 918
481 1111
481 1574
481 1853
481 1890
482 589
482 617
482 738
482 4480
483 1228
484 1047
484 1311
485 993
486 558
486 1345
486 1846
487 925
487 1546
487 1931
487 2714
487 2890
487 4247
488 895
488 4686
488 4831
488 5372
489 3964
489 6448
490 934
490 2901
491 1390
491 6143
492 1225
492 2999
492 3060
493 2236
493 2731
494 708
494 1556
496 500
496 512
496 724
496 1285
496 1989
496 5580
497 582
497 826
497 898
497 1120
497 1545
497 4479
498 1260
498 2634
499 2837
500 944
500 1576
500 2662
501 580
501 3441
501 6276
502 586
502 3897
502 5944
503 1498
503 5732
504 756
504 1755
504 4011
505 880
505 948
505 3103
505 3869
505 5766
506 1628
506 1877
506 6031
507 796
507 3447
508 540
508 766
508 1854
508 2437
508 4849
508 6399
509 817
509 4236
510 1368
510 7114
511 776
511 1826
511 6332
512 577
512 687
512 822
512 1557
512 2488
512 4519
513 1078
513 1681
513 4151
513 6335
513 6566
514 805
515 942
515 968
516 4270
518 2393
519 553
519 1014
519 1021
519 1984
519 4404
519 6458
520 911
520 1941
520 2849
520 2988
520 5594
520 6755
520 7209
521 620
521 871
521 1803
522 1058
522 2442
523 4429
523 6259
524 969
524 1370
524 3536
524 7099
525 630
525 2643
525 3445
526 529
526 1081
527 3206
527 5888
529 919
529 5529
530 896
530 1035
530 4362
531 1473
531 2302
531 3576
531 5132
532 1032
532 1352
532 2140
533 1304
534 548
534 2550
534 4957
534 5085
535 572
535 1640
535 2106
535 2223
535 2798
535 3124
536 978
536 1601
536 3213
536 3324
537 1436
539 4081
539 6085
540 901
540 1413
540 3995
541 976
541 1773
541 1973
542 2995
542 6562
543 4883
544 819
544 5471
545 657
545 1284
545 1508
545 1908
545 4126
546 5704
546 7313
547 1086
547 1682
547 1837
547 3491
547 6743
548 769
548 1409
548 1828
549 809
550 1355
551 1564
551 5153
552 729
552 5622
552 6775
553 4693
554 2524
554 4118
554 5650
554 6878
555 695
555 1333
556 757
556 908
556 1125
557 705
557 1279
557 1533
557 1927
558 1795
558 2481
558 2791
558 3398
561 998
561 5047
561 5986
562 689
562 2672
562 4416
562 5914
562 6178
563 6636
564 916
564 1197
564 1720
564 2723
564 6369
565 1892
565 2203
565 4442
565 7185
566 1034
566 1710
566 2306
567 1815
567 2447
567 2969
567 5140
568 3028
568 3712
568 6671
569 731
569 2765
570 773
570 1330
570 1938
570 2019
570 2107
570 4194
571 854
571 2199
572 710
572 3439
574 2792
575 3318
576 6925
577 1294
577 2217
578 4785
579 641
579 861
579 904
580 1631
580 3636
580 5857
581 1858
581 2361
581 7289
582 1496
582 6932
583 789
583 1403
584 1991
585 1811
586 1933
586 3107
587 679
587 1041
587 1794
587 2529
587 3007
587 3299
587 7421
588 810
588 891
588 952
588 1272
588 2919
589 783
589 2619
590 2022
592 2250
592 3218
592 6397
594 772
594 1838
595 2678
595 6551
596 1286
596 5343
596 5514
597 1217
597 4083
598 1443
598 2449
598 4801
598 5658
598 5783
599 1265
599 1896
599 7307
600 1088
600 1117
600 1338
600 5322
601 850
601 3229
601 4021
602 2335
603 1011
603 1132
604 709
604 5951
605 1664
605 2687
605 5773
606 2554
606 3851
607 4430
607 5524
608 1115
608 2590
608 3440
608 4305
609 643
609 2334
609 2460
609 2611
609 3724
609 4355
609 7101
610 2051
610 3788
610 6351
611 1864
612 713
612 963
612 4819
613 881
613 1888
613 2439
613 4779
614 965
614 1377
615 686
615 3448
615 3839
617 4535
618 4765
619 979
619 1870
620 1144
621 778
622 707
622 2095
623 7320
624 1363
624 4813
625 929
625 2191
625 2752
625 5175
626 3979
626 4864
627 843
627 1085
627 1929
627 2737
628 1425
628 2977
630 652
630 1904
630 4529
630 5272
631 784
631 3097
631 4042
632 3285
632 5228
633 727
633 988
633 6928
634 1502
634 2430
635 2589
636 1479
636 1513
636 5936
637 2204
638 752
638 2007
638 5563
639 2692
639 5734
639 6176
640 701
640 714
640 1775
640 2471
640 2820
641 983
641 1201
642 1237
642 1552
643 3127
644 2026
645 1361
645 1679
645 3814
646 1669
646 6436
647 1812
647 3761
648 2945
650 1511
650 4464
651 1299
651 3312
652 1750
652 2029
652 3622
652 5068
653 2854
654 6817
654 7135
655 1451
655 4908
656 1753
656 5238
658 1062
658 1074
658 3645
658 5237
658 7258
659 4304
660 2790
661 5049
661 6191
662 856
662 862
662 6301
663 1374
663 1527
663 2788
663 3780
664 6479
665 2893
665 3098
665 7416
666 1808
666 2532
667 1007
667 1174
667 1766
667 5621
668 1122
668 1397
669 743
669 1517
670 994
670 1356
670 2660
670 4358
670 5633
671 879
671 1082
671 2539
671 3292
671 6136
672 2017
672 2535
673 742
674 741
674 1133
675 958
675 1921
675 3377
675 4328
676 845
676 4904
677 1691
677 1889
677 2909
677 6440
678 2339
678 3593
678 4551
679 2516
681 4125
681 7159
682 1160
682 1567
682 5025
682 6098
683 2367
684 813
684 2408
684 4120
685 792
685 823
685 973
685 1153
685 2739
685 5213
685 6343
686 1899
687 2165
687 3362
688 1401
688 6102
689 1208
690 1004
690 1505
690 4154
691 6081
692 1059
692 1762
693 706
693 1033
693 5074
694 910
694 1037
694 1055
694 1487
694 3484
695 1145
695 2201
696 2351
696 4202
697 5090
698 1010
698 1168
699 1157
699 6598
700 991
700 3296
700 6086
700 6617
701 960
701 1240
701 2653
701 5278
701 5474
702 839
702 1581
702 2270
703 802
704 1048
704 1930
705 4339
706 7015
707 2087
707 3757
708 926
708 2496
708 2948
709 2606
710 830
710 2495
710 4044
711 4676
712 1140
712 3326
713 1001
714 1730
714 1739
714 4331
714 5082
715 1159
716 6390
717 1104
717 3863
717 5042
718 3539
718 3585
719 913
719 3142
720 2676
720 4770
720 7319
721 1329
722 5683
723 1189
724 956
724 1767
724 3006
724 3385
724 3420
724 4575
724 5147
725 842
725 1380
725 3101
726 870
726 1103
726 3864
727 797
727 1106
727 1849
727 6618
728 2570
728 4356
730 1712
730 2132
730 3620
731 1119
732 3155
732 5743
733 1600
733 2515
734 1313
735 1402
735 2783
736 4582
738 1255
739 1173
739 3065
739 7000
740 1622
740 3784
741 860
741 1209
742 928
742 3774
742 4722
743 873
743 1327
743 4500
745 1817
745 3472
746 5494
746 6169
747 1114
747 1121
747 2221
747 6455
750 820
751 1385
751 2976
752 1113
752 1193
752 2049
752 3186
753 1535
754 894
754 1044
754 1305
754 1328
754 5076
755 7072
756 1751
757 4633
758 1560
758 1606
758 2519
758 3434
758 4050
758 5393
759 1829
759 2067
759 2446
759 3291
759 3453
760 887
760 1102
761 1136
761 2778
761 3969
762 1087
763 1022
763 1227
765 984
765 1605
765 2742
766 1798
766 3168
766 3301
766 4082
766 5531
767 900
767 1076
767 3849
767 5432
767 5627
768 1841
768 2377
768 2478
769 4121
769 6323
770 1148
770 2822
771 1079
771 1589
771 2048
772 1925
772 2891
772 3286
773 2873
773 3877
774 1359
774 2139
774 2278
775 937
775 3320
775 4346
776 1872
776 2098
777 801
777 6247
777 7227
777 7402
778 1875
778 2797
779 3015
779 3699
779 5552
780 1690
780 2212
781 4040
781 5288
781 7035
782 848
782 1714
782 2635
783 1250
784 1053
784 2179
784 4440
784 5079
784 5737
785 811
785 4910
786 7140
787 869
787 1063
787 1376
787 1764
788 1040
788 5987
790 1146
790 1270
790 3540
792 836
792 1840
792 2025
792 2807
793 3035
793 6057
794 1080
796 2605
796 2709
796 2730
797 970
797 2296
797 6845
798 2477
798 6640
799 3017
800 2683
800 2874
801 2376
801 4702
802 1241
802 2277
803 1161
803 1677
803 2486
804 847
804 1211
804 2150
804 4173
804 6374
805 930
806 1200
806 1485
808 1627
808 6285
809 890
809 947
809 2263
810 1971
810 4066
810 4789
810 5803
811 1834
811 2804
812 922
812 1738
812 5344
813 2063
813 6459
814 829
814 1158
814 3032
814 5692
815 980
815 1314
815 1375
815 3544
816 1510
816 3742
817 1924
818 1719
819 2078
820 1844
820 2269
820 2538
820 3902
823 2348
823 6044
823 6064
824 935
824 2122
824 4505
825 1003
825 5597
827 2245
827 4215
828 1515
828 1759
829 884
829 5309
830 2244
830 3428
832 989
832 2862
832 3605
832 7184
833 1018
834 4584
834 6453
835 3159
835 5054
836 2450
836 6245
837 936
837 1646
838 892
838 4615
839 1661
839 2023
839 2358
840 1238
840 4940
841 1164
841 1752
841 7060
842 1071
842 1536
843 2196
844 1000
844 3147
844 5122
844 5480
845 954
845 5618
846 1822
846 3607
846 5434
846 7294
847 1729
848 2259
853 1955
853 2356
854 2426
854 5319
856 6457
857 864
857 1367
858 2845
859 1309
859 2045
860 964
860 2422
860 3399
861 2198
862 1706
862 1905
862 3908
863 1112
863 5576
864 2461
864 7181
864 7251
865 914
865 1894
866 3702
867 1069
867 1092
867 2206
867 2257
869 1178
869 2824
869 4008
870 1239
870 1670
870 1741
870 1891
870 5789
872 878
872 1006
872 2970
872 6311
873 1135
875 1199
875 1733
875 2939
876 1634
877 4667
877 5493
877 6820
878 3745
878 4474
878 5831
878 6101
879 1456
880 1009
880 1392
880 1426
881 1565
881 7138
882 3744
882 4443
883 962
883 1697
883 3190
884 2695
885 1013
885 1639
886 1836
887 1139
887 1202
887 7030
888 1175
888 3176
889 1643
889 2238
890 3062
890 5686
890 6971
891 4512
891 6810
893 1251
893 1312
893 2921
893 2963
893 5315
894 1903
894 4250
896 2545
896 5044
897 996
897 1964
897 5724
897 7122
898 1274
898 2843
898 3688
899 2514
899 2774
899 5318
900 2406
900 4096
902 1295
902 1820
902 2164
902 4230
902 4299
902 4735
903 2103
904 1098
904 1683
904 2129
904 3380
905 1958
906 6716
907 1016
908 995
908 2036
908 3435
908 5880
909 1152
909 1791
909 2378
910 1749
910 2876
911 1649
913 1039
913 1620
914 938
914 1962
914 2931
915 1268
915 3779
916 1005
916 1922
916 2905
917 1247
917 3485
917 3806
918 1378
918 1855
918 5760
920 1936
921 1118
921 1335
922 1898
922 2290
922 2416
922 4437
922 5769
923 3211
923 5312
924 953
924 1396
925 1073
925 1277
925 1717
925 1806
925 4005
926 1163
926 1721
926 3141
926 3781
926 5647
927 1391
927 3246
927 4639
929 939
929 1432
929 2848
930 1667
932 6583
933 3580
935 1529
935 3798
936 977
936 1895
936 1963
937 1805
937 4311
937 4583
937 4714
938 1388
938 5839
939 2812
939 5487
939 7397
940 2001
940 2230
941 2205
941 3009
943 990
943 2116
943 2805
944 1346
944 1684
944 2054
944 5111
944 6511
945 1642
945 3207
946 2382
946 4116
947 2604
947 3608
948 5509
948 7164
949 982
949 1154
949 1288
949 3939
949 5878
950 987
950 2464
950 3766
950 6230
951 1091
952 7284
953 966
953 1042
953 1050
954 1186
955 1230
955 2141
955 4332
956 2401
957 1410
957 2886
958 1501
958 4271
959 2385
959 2639
960 2282
961 4531
962 2834
963 1171
963 4658
963 6232
964 4101
965 1207
965 1671
965 1774
966 1503
967 3810
967 4528
969 4324
970 2888
970 7306
971 4034
971 4113
972 3905
973 4203
974 2949
974 3409
975 1678
975 5705
975 6774
976 2052
977 1271
978 1780
978 4472
979 2645
979 6023
980 1597
980 4229
982 1976
982 2647
983 2523
983 2705
983 7203
984 1386
985 1455
985 3650
986 1610
988 3625
988 3799
988 3858
988 6228
989 1126
989 1999
989 3671
989 4186
989 5199
990 1871
991 2505
992 1471
992 2366
993 5297
994 2881
996 1028
996 1107
996 1417
996 2043
997 2667
997 3104
997 3787
997 5519
998 1065
998 2037
998 2665
998 4585
999 1883
999 2096
1000 1263
1000 2475
1000 4839
1001 6803
1002 1445
1002 6079
1003 1187
1004 2562
1006 1736
1006 2066
1006 6612
1006 7302
1008 1026
1008 1797
1008 3598
1008 3684
1008 4072
1009 2865
1010 2564
1011 1109
1011 4656
1012 1398
1012 3669
1012 7266
1013 1700
1014 2215
1014 2926
1014 4653
1015 1066
1015 1673
1015 3680
1016 1778
1016 2175
1016 2857
1016 6909
1017 4137
1017 4509
1017 6628
1017 6913
1018 1357
1018 3020
1019 4561
1020 3094
1020 4784
1020 5077
1021 1233
1021 4063
1021 4456
1021 4634
1023 1792
1023 4292
1023 6929
1024 5254
1025 1093
1026 2094
1027 2311
1027 7004
1028 1291
1028 3482
1029 1447
1029 3179
1029 3541
1030 1142
1031 2608
1031 5678
1032 1127
1032 1449
1032 3102
1033 1708
1033 3358
1034 1954
1034 2542
1034 2629
1034 5782
1035 1052
1035 1713
1035 4054
1036 3654
1036 4780
1036 6263
1038 1785
1038 6409
1039 3549
1039 3786
1039 7070
1041 1258
1042 1075
1043 1334
1043 6614
1044 1433
1044 1788
1044 5453
1046 3460
1046 4935
1046 5207
1049 2184
1049 2827
1049 4822
1050 7365
1051 5383
1052 1097
1052 2458
1052 2942
1052 6964
1052 7436
1053 1593
1053 2145
1053 5691
1054 2133
1054 2982
1055 2414
1055 2431
1055 2632
1055 3795
1055 4138
1056 1990
1056 2167
1056 2312
1056 2679
1057 4775
1057 5682
1058 1483
1059 1185
1059 3465
1060 3507
1061 3027
1061 6049
1062 1128
1062 2091
1062 4191
1063 1231
1063 1680
1064 2670
1065 1450
1065 2830
1065 4007
1067 2181
1067 2344
1067 5174
1070 2627
1071 2364
1071 3184
1072 2032
1072 6330
1073 1366
1073 1411
1073 2816
1073 3123
1074 5660
1075 1134
1075 1205
1075 4933
1076 1131
1076 1468
1077 1412
1078 2124
1078 3200
1079 2024
1079 2409
1079 4296
1079 4713
1080 1169
1080 6739
1081 5550
1082 1343
1082 1419
1082 2424
1082 4978
1083 1222
1083 1740
1083 2307
1084 1937
1084 2135
1084 4498
1084 4694
1085 5127
1085 5242
1087 7201
1088 3775
1089 1725
1090 1555
1090 7088
1091 1325
1091 3393
1092 2314
1092 2642
1093 1440
1093 5204
1094 1516
1094 1561
1094 1596
1096 2322
1096 4181
1096 4469
1096 4623
1096 5582
1097 1744
1097 2320
1097 5362
1098 4767
1099 2341
1099 2958
1099 6043
1101 1289
1101 1319
1101 1979
1101 3310
1102 2512
1102 2750
1102 5924
1103 1441
1103 4422
1103 6838
1105 1322
1106 1551
1106 4817
1107 1848
1107 6190
1107 7188
1108 1216
1109 1495
1109 2880
1110 2404
1110 2455
1110 2973
1110 3242
1110 7287
1111 2136
1112 1685
1112 1850
1112 2178
1113 2041
1113 3685
1115 1179
1116 2126
1116 5501
1118 1372
1119 1150
1119 1344
1119 6772
1120 4875
1120 5093
1122 2566
1122 5440
1123 1167
1123 1290
1124 3256
1125 3478
1126 1184
1127 1292
1127 2061
1127 5249
1128 4128
1128 5411
1129 1261
1129 2146
1130 2272
1130 3736
1131 1321
1131 2986
1132 1249
1132 2227
1132 2357
1132 2700
1132 4027
1132 7326
1136 1194
1136 1696
1136 5939
1137 2249
1137 4558
1139 1226
1139 1867
1140 1897
1142 3463
1143 1623
1143 4391
1144 1607
1144 2435
1145 1480
1145 5216
1145 7270
1146 3122
1146 5104
1147 1253
1147 3099
1147 5214
1147 5518
1148 1824
1148 3790
1149 1960
1149 2467
1149 2491
1149 3427
1150 1316
1150 6183
1151 1636
1151 1887
1152 1349
1152 2462
1153 1414
1153 3670
1153 6320
1153 7052
1154 1336
1154 1429
1155 3259
1156 1726
1156 2193
1156 3150
1157 2799
1157 2846
1157 3444
1158 1420
1158 2412
1158 5887
1159 2009
1160 1500
1160 1594
1161 1454
1161 2732
1161 3223
1163 1866
1165 3297
1165 3870
1166 2265
1167 2267
1168 6145
1169 7016
1170 1183
1170 2528
1170 7280
1171 3012
1171 5729
1172 7296
1173 6187
1174 1648
1174 2189
1174 2389
1174 3862
1174 6689
1175 1847
1176 3708
1176 3751
1177 1236
1178 1427
1178 2109
1179 4177
1180 1845
1183 1206
1183 3173
1183 5394
1183 7267
1184 1452
1184 6225
1184 6309
1185 3965
1186 5348
1187 4589
1188 2631
1188 2910
1188 5274
1188 6737
1190 1269
1190 4487
1190 5181
1191 3587
1192 1381
1192 2115
1192 6164
1193 2690
1193 4038
1193 4857
1193 6071
1194 2157
1194 6218
1195 3210
1196 2300
1197 5614
1197 5707
1198 5463
1199 2187
1199 5826
1202 2090
1202 6001
1203 4285
1204 2161
1204 2850
1204 5284
1205 2597
1206 3450
1208 3349
1208 4888
1210 3959
1210 3981
1211 1586
1211 1709
1211 3172
1213 1652
1213 2011
1213 2980
1214 2383
1214 3232
1214 5159
1216 1603
1216 5709
1217 1625
1217 4237
1217 4563
1218 4720
1219 2671
1219 6681
1220 5851
1221 1301
1221 2577
1221 6310
1222 3769
1223 1737
1223 7180
1224 4080
1225 1986
1225 2879
1225 3879
1225 4896
1227 1282
1228 2696
1229 4907
1229 5065
1230 1324
1230 4794
1231 1478
1233 7005
1234 2220
1234 2380
1234 2868
1234 2941
1234 6659
1235 4696
1237 5701
1237 7310
1238 1418
1238 1715
1238 5764
1239 1969
1239 4799
1239 6919
1241 4287
1241 5000
1242 2661
1242 2856
1242 5193
1242 7189
1243 2327
1245 2598
1246 2817
1246 3054
1246 3700
1247 5841
1248 4374
1249 4043
1249 4745
1249 4860
1249 7385
1250 3082
1250 4207
1253 1262
1253 1616
1253 3048
1253 4256
1253 6537
1254 1674
1254 2210
1255 2584
1255 4090
1259 1598
1260 1754
1260 1987
1261 2281
1261 2992
1261 4240
1261 4307
1262 5023
1263 4942
1263 5545
1266 1802
1266 2682
1266 3331
1266 4867
1267 2855
1268 1676
1268 1911
1268 2826
1268 4725
1269 1362
1269 2870
1270 1835
1270 1878
1271 1525
1271 5846
1272 1424
1272 2551
1273 7062
1274 4996
1274 7007
1275 1358
1275 1724
1275 2301
1276 1404
1276 3547
1276 4922
1276 6478
1277 1662
1278 1784
1278 2260
1279 5532
1280 1323
1281 1548
1281 5634
1282 4338
1282 6977
1284 3629
1286 2716
1287 5990
1288 4545
1289 1621
1289 6488
1290 1430
1290 1923
1290 2002
1290 5236
1291 6595
1292 4431
1293 2796
1294 1801
1294 1856
1294 4453
1294 6375
1295 2795
1295 3958
1295 7301
1296 1915
1296 2858
1296 3841
1297 1876
1298 1543
1298 1746
1298 2113
1298 4478
1299 2786
1299 2998
1299 5492
1300 1504
1300 3765
1300 4079
1300 5349
1301 5477
1302 1771
1302 6389
1303 3021
1303 4423
1303 6358
1304 1563
1304 5562
1305 1742
1305 2614
1305 3589
1305 4312
1306 2092
1306 2375
1306 3513
1306 3737
1306 5435
1307 4828
1308 2965
1308 3161
1308 5395
1309 1569
1310 2162
1310 2470
1310 3644
1310 6410
1311 1481
1311 2329
1312 1318
1312 3022
1312 4214
1313 1578
1314 5954
1315 1365
1315 2578
1316 2457
1316 3118
1317 2384
1317 4645
1319 4631
1320 2308
1320 2821
1321 7219
1323 3195
1323 4691
1324 1467
1324 1523
1324 1831
1325 4451
1326 1506
1326 2039
1327 3711
1330 1966
1331 3955
1332 1384
1333 1615
1333 2473
1334 2239
1334 4045
1335 4965
1337 5325
1338 3068
1338 3552
1339 6666
1340 2899
1340 3689
1341 1464
1341 5356
1343 1977
1343 5439
1344 1705
1344 2585
1344 7412
1345 3475
1346 1491
1346 1537
1346 1558
1346 2004
1346 2324
1346 4385
1346 6264
1348 6761
1349 2549
1349 4198
1349 5869
1350 2075
1351 7261
1352 2966
1352 3524
1354 1408
1354 5574
1357 4750
1358 1459
1360 3343
1361 3714
1361 6080
1361 6996
1362 1453
1363 4059
1364 3325
1364 4730
1365 2134
1366 3707
1367 1975
1367 2800
1367 7423
1369 1462
1369 4051
1369 6293
1372 2930
1372 3365
1373 6384
1374 2569
1374 4661
1375 7420
1376 1575
1376 4022
1376 5997
1377 1562
1378 2371
1378 7154
1379 2313
1380 1992
1380 2513
1381 4272
1382 2480
1382 2622
1382 7150
1384 2120
1384 3004
1384 3663
1384 5187
1385 3615
1385 6417
1386 2813
1387 4032
1388 6974
1389 2294
1390 2159
1390 3313
1391 5283
1392 2156
1393 1604
1393 1734
1394 2972
1394 3471
1394 7276
1395 1582
1395 3642
1396 2453
1396 2518
1396 5465
1397 1509
1397 4791
1398 2292
1399 5300
1399 6701
1399 6935
1400 3505
1400 5225
1401 1694
1401 1949
1401 2079
1401 3002
1402 3796
1403 2694
1405 1842
1405 4950
1406 1644
1406 1900
1406 6220
1408 1626
1409 1428
1409 2172
1411 2188
1412 1660
1413 2753
1414 1512
1414 1553
1415 3374
1415 4438
1415 5235
1415 6010
1416 1570
1416 1602
1417 2104
1417 7432
1418 1493
1419 2216
1420 3597
1420 5740
1421 2704
1421 6002
1422 1650
1422 2373
1423 2960
1423 5526
1424 3771
1425 2222
1425 4132
1425 4147
1426 2349
1426 6042
1429 4811
1429 5470
1431 2633
1431 3949
1432 4143
1432 6054
1433 1461
1435 3715
1436 1735
1436 3129
1436 3967
1436 4232
1436 5099
1437 1530
1437 2403
1437 2452
1437 2713
1438 3294
1438 3433
1439 1957
1439 4413
1439 4503
1440 1466
1440 1591
1440 1827
1440 2014
1440 2522
1440 3341
1440 3390
1440 3952
1440 4124
1441 7293
1442 5298
1443 2427
1444 3516
1444 5752
1444 7343
1445 1490
1445 4068
1447 7413
1448 2763
1448 5018
1448 5478
1449 1882
1450 2152
1450 3567
1452 5889
1452 6432
1453 3573
1453 4593
1454 1944
1454 2264
1454 2345
1456 2010
1456 4119
1457 5882
1458 2681
1458 7292
1459 1945
1460 1761
1460 2248
1461 2624
1462 1580
1463 1486
1463 1573
1464 2940
1464 3084
1464 6862
1465 2407
1465 2861
1465 2875
1465 3337
1467 3675
1467 4655
1467 5003
1468 1687
1469 3683
1469 4964
1470 2556
1470 3514
1470 3727
1470 4074
1470 4988
1471 1859
1471 6572
1472 3704
1473 5676
1474 1779
1474 2617
1475 2851
1475 7054
1476 3534
1477 4248
1477 5116
1477 5663
1478 2123
1478 4301
1478 5964
1479 2541
1479 3474
1479 3522
1479 3660
1479 4019
1479 6745
1480 1617
1481 2319
1482 2657
1482 4642
1483 2031
1483 3630
1483 3649
1484 4220
1485 7210
1486 1663
1486 3530
1488 2027
1488 3432
1488 3692
1489 2456
1489 3227
1489 5353
1490 2328
1490 3247
1491 2370
1493 2279
1494 2536
1495 2112
1495 3410
1498 2081
1499 2083
1499 6139
1499 6303
1500 2436
1500 3834
1500 6360
1501 5808
1501 6691
1502 4283
1502 5270
1502 6119
1503 1534
1503 4926
1503 5454
1504 1830
1505 1666
1505 2726
1505 3566
1506 4736
1508 2784
1509 1711
1509 2077
1509 6880
1510 1913
1510 2553
1510 2961
1510 4314
1510 7425
1511 1912
1512 1698
1513 2288
1513 2768
1514 2202
1514 2499
1515 2395
1515 2951
1515 6038
1515 6865
1516 1707
1517 6561
1518 2663
1521 3596
1521 5866
1521 6955
1523 5751
1525 1727
1525 4613
1525 6011
1526 3367
1526 4115
1527 1568
1527 2316
1527 4494
1528 1703
1529 5998
1529 7077
1530 1577
1530 3145
1531 3153
1531 4825
1532 1632
1532 6619
1533 1608
1533 3617
1535 2423
1536 1918
1536 2770
1536 5553
1536 5659
1538 1702
1538 3493
1538 3998
1538 4325
1539 6180
1541 2268
1541 2418
1541 2866
1541 3154
1542 6004
1544 1572
1544 2266
1544 2860
1544 3555
1544 3633
1545 1590
1545 5952
1545 6322
1547 3305
1547 5107
1549 3542
1551 2638
1551 5539
1553 2920
1553 5937
1555 5680
1555 6412
1556 7422
1557 1851
1557 4417
1558 2853
1559 1633
1559 2326
1559 6217
1560 6495
1560 7374
1560 7407
1560 7435
1562 2402
1562 3679
1562 5771
1562 6104
1563 1939
1563 2572
1564 2438
1564 2748
1564 3086
1564 3089
1564 4335
1565 6940
1567 2745
1567 5953
1568 2056
1568 2981
1568 5425
1569 5814
1570 1879
1570 3941
1570 6582
1570 6678
1572 2093
1572 6006
1572 7091
1575 1786
1575 2603
1575 5999
1576 1704
1577 3359
1577 7002
1578 3910
1579 1668
1579 5009
1580 1588
1580 2459
1580 3083
1580 4756
1581 3369
1581 6342
1581 7069
1582 6339
1583 6670
1584 5129
1585 1865
1585 3137
1585 4401
1585 6627
1586 2289
1586 2511
1586 6212
1587 4649
1588 1695
1588 2246
1589 1592
1589 2575
1589 3735
1589 4870
1590 2674
1590 4890
1591 5121
1592 2321
1592 2957
1592 4556
1592 4740
1594 4350
1595 3193
1596 2192
1596 2728
1597 2492
1598 6012
1599 1790
1599 5264
1600 1950
1600 2494
1600 4638
1600 4787
1601 4963
1602 4999
1604 2772
1605 1647
1605 6782
1606 5321
1606 5786
1607 3030
1607 4684
1609 1920
1609 1988
1609 3230
1609 3907
1610 2543
1610 2746
1611 2060
1612 1868
1612 3494
1612 4354
1612 4793
1612 5226
1612 5656
1612 6685
1613 1635
1613 3978
1613 4612
1613 6958
1614 1732
1614 3072
1615 1728
1615 1789
1616 2005
1616 6179
1617 1781
1617 2897
1618 2180
1618 2654
1618 3144
1618 5511
1618 6029
1619 1926
1619 5040
1620 5648
1621 2148
1622 4344
1624 6876
1626 1799
1627 2065
1627 4130
1629 5413
1629 6426
1630 1974
1630 5908
1631 2544
1631 3023
1631 4030
1631 7216
1632 6424
1633 2625
1633 7039
1635 4368
1635 4752
1636 4962
1638 2720
1639 3837
1640 1956
1640 2871
1640 5665
1642 2242
1642 2355
1642 5754
1643 1873
1643 4170
1644 1832
1645 2111
1645 4390
1647 2343
1647 5902
1647 7194
1649 5128
1649 5491
1649 5956
1649 6262
1651 1880
1652 2000
1652 3865
1652 4901
1653 2323
1653 5911
1653 6116
1654 1810
1654 6985
1656 2237
1656 3710
1656 3840
1656 7171
1657 2711
1658 4308
1659 1819
1659 4617
1660 5810
1662 2417
1662 3976
1662 4604
1663 2839
1663 3548
1663 5188
1667 3623
1668 1825
1668 3322
1668 4269
1669 2050
1669 3991
1670 2315
1670 6471
1671 3372
1671 6805
1672 3459
1672 5139
1673 3121
1673 5183
1674 2814
1674 4388
1675 5679
1676 2229
1678 1968
1679 2537
1679 2707
1680 6490
1681 1886
1681 2507
1681 2842
1682 3321
1683 4850
1683 4906
1683 6851
1684 3111
1685 3456
1685 6435
1686 2582
1687 1947
1688 6573
1688 6857
1689 2069
1689 5455
1690 4408
1690 4511
1693 4197
1693 5929
1695 4260
1695 5496
1697 3158
1697 3543
1697 3833
1700 4139
1701 2953
1702 2563
1702 7109
1703 2108
1703 2561
1703 2884
1703 7168
1704 4625
1704 6822
1705 2020
1705 3051
1705 4461
1706 2727
1706 4766
1708 4680
1708 7278
1709 6946
1711 1800
1711 3785
1711 6568
1712 2983
1712 3264
1713 2612
1715 2801
1717 2064
1718 2255
1718 7235
1720 4507
1725 1770
1725 2997
1725 5381
1727 2610
1727 3591
1728 4622
1728 5031
1729 2182
1730 5086
1730 5443
1730 5874
1731 2936
1731 6635
1732 2440
1733 2928
1733 3940
1733 5294
1734 2219
1734 6720
1735 2469
1735 2571
1736 2214
1736 4145
1737 2305
1738 3994
1738 4679
1738 5540
1739 2766
1739 3224
1739 4213
1740 2859
1740 3212
1740 3347
1741 2425
1741 3518
1742 1743
1742 4347
1743 2411
1743 4399
1744 2743
1745 7430
1746 1769
1746 2521
1747 2021
1747 3396
1749 1942
1749 2706
1749 6892
1750 1833
1750 5431
1751 1814
1751 3334
1751 6567
1753 4844
1754 2552
1754 6242
1754 6694
1755 4306
1756 2530
1758 2359
1760 2231
1762 2673
1762 2764
1763 3219
1763 4885
1764 1906
1765 2211
1765 3289
1766 3892
1769 3039
1769 3557
1770 6882
1770 6933
1771 1885
1772 2751
1772 2773
1772 6850
1773 2708
1773 3105
1774 1980
1776 2131
1776 2508
1778 3070
1778 4223
1779 3511
1779 4463
1781 4141
1781 5830
1781 5891
1782 2138
1782 2226
1782 3300
1782 5258
1782 7208
1783 3014
1783 3519
1783 3917
1783 4156
1784 2444
1784 5409
1786 2258
1786 4709
1786 5016
1787 3768
1788 2142
1788 5885
1788 7358
1789 2596
1789 3717
1789 4581
1790 1852
1792 2468
1793 2218
1793 2583
1793 5821
1794 3773
1795 4029
1795 7377
1796 1813
1797 2428
1797 3267
1798 3108
1799 4485
1801 1907
1801 2650
1803 2137
1803 3483
1803 3759
1804 2034
1804 2841
1805 3363
1806 1978
1807 1823
1807 2055
1808 3407
1808 4530
1808 6261
1809 3895
1810 2509
1810 6338
1811 1917
1811 6095
1813 2568
1813 2802
1813 5060
1815 2097
1815 6579
1816 2734
1816 2902
1816 4553
1818 4955
1819 6950
1820 3832
1822 2330
1823 2823
1825 4843
1825 6682
1826 2677
1826 2722
1826 3041
1827 1940
1827 2166
1827 2898
1827 2916
1828 4158
1830 2100
1830 7239
1831 2174
1831 6109
1832 2085
1833 3005
1834 3090
1835 2046
1835 3828
1836 3801
1838 3115
1838 3140
1839 6656
1842 1994
1842 5832
1844 1952
1845 2053
1845 4847
1846 3442
1847 3984
1847 6734
1848 2925
1848 3271
1849 1983
1852 2811
1854 2580
1855 2207
1856 2362
1856 2923
1856 5620
1856 6613
1857 3231
1857 4155
1858 6124
1859 2540
1859 2699
1860 4252
1861 2360
1862 3481
1862 3887
1863 2346
1863 5912
1864 2071
1865 3719
1865 5548
1866 1916
1867 3277
1867 6731
1869 1965
1870 4640
1870 5776
1871 4225
1871 6706
1874 3590
1874 5853
1876 3857
1876 5970
1877 3950
1877 5310
1878 3966
1879 2623
1879 3236
1880 5205
1880 7078
1881 3776
1884 4013
1885 5218
1886 1951
1886 5806
1887 4288
1887 6961
1888 4776
1889 2012
1889 3927
1889 5815
1889 6869
1890 3914
1890 4382
1891 3185
1892 2600
1892 3594
1892 7147
1894 2574
1894 4048
1894 5058
1894 5795
1895 2630
1896 4046
1896 4598
1896 4879
1896 5168
1897 4743
1897 6127
1898 2506
1898 5904
1901 3912
1902 5530
1905 3948
1905 4700
1907 5565
1907 7356
1909 2337
1910 1972
1910 4136
1910 5201
1911 2243
1911 3609
1911 4809
1912 3882
1912 6786
1913 3690
1913 7104
1914 3196
1914 5429
1915 6717
1917 5966
1917 6871
1918 2558
1919 4036
1919 6160
1921 2183
1921 5903
1922 2368
1923 3353
1923 5807
1924 2483
1924 4944
1925 2080
1925 2271
1926 5392
1928 3116
1929 2454
1929 6590
1931 1932
1931 2057
1931 4911
1932 2698
1932 3091
1932 6296
1933 2987
1934 6673
1936 5472
1937 4201
1937 5498
1941 2295
1941 3730
1943 2466
1944 6083
1946 6047
1946 6814
1947 4075
1949 4160
1949 6279
1950 2158
1950 2484
1951 2533
1951 3929
1952 3438
1952 3913
1953 5488
1954 3033
1955 4162
1958 7083
1959 3125
1959 5653
1960 2548
1960 6541
1961 2794
1961 3923
1963 5039
1964 2482
1964 2883
1964 4047
1964 5698
1965 2047
1965 2318
1965 2429
1966 3077
1966 3824
1966 4002
1968 2729
1968 2735
1970 2836
1970 5206
1971 5364
1975 2669
1975 6992
1976 3183
1977 5631
1977 5643
1979 4915
1980 3658
1980 6780
1981 7317
1982 5711
1986 4496
1986 6421
1987 2757
1987 3938
1987 6236
1988 3078
1989 2240
1989 3638
1989 4129
1990 2160
1992 2040
1992 2102
1992 5495
1993 4426
1993 6570
1994 2280
1994 3701
1994 4592
1996 3192
1997 2084
1997 6221
1998 3053
1999 3694
1999 4031
2001 4242
2001 7172
2003 5064
2005 2767
2005 6280
2006 3583
2006 5585
2006 7130
2009 2143
2009 3283
2011 7124
2014 2489
2014 2503
2014 3867
2015 2168
2015 4876
2015 6315
2017 2587
2018 4516
2019 5371
2020 3464
2020 4208
2020 5024
2021 4196
2022 2984
2022 5651
2023 6903
2024 2487
2024 3802
2025 2042
2025 4646
2025 6713
2025 7257
2026 6125
2027 3042
2027 3647
2027 5547
2028 4149
2029 6427
2031 2262
2032 6477
2033 2693
2033 3120
2035 4629
2036 5993
2037 3149
2037 5741
2038 2531
2039 2864
2039 3734
2039 5699
2039 7331
2040 5134
2042 2756
2043 2397
2043 4403
2043 4859
2044 3974
2046 2892
2047 4467
2047 7173
2048 4920
2049 2593
2049 3470
2050 5858
2051 3258
2052 2298
2053 6175
2053 6509
2054 3016
2054 3156
2054 3578
2054 6052
2054 6693
2055 2776
2055 3418
2055 6741
2057 2990
2059 2399
2060 3859
2061 2163
2062 2527
2063 2896
2064 5525
2064 6336
2064 6839
2065 4309
2065 7149
2067 6108
2067 6864
2068 2304
2068 5015
2069 2675
2070 2232
2071 6962
2072 6067
2073 4887
2075 5756
2075 5757
2076 2369
2077 3336
2078 3303
2079 7192
2080 5745
2082 4294
2083 3163
2083 6302
2084 2565
2084 3237
2086 4171
2087 7254
2089 3431
2091 2235
2091 2929
2091 4644
2092 3026
2092 4895
2093 2169
2093 2228
2093 4448
2095 3592
2095 4056
2095 4276
2095 6516
2096 3202
2096 5103
2096 5895
2097 2433
2097 3643
2098 6736
2098 6799
2099 2347
2099 3842
2100 2386
2100 5162
2104 3501
2104 4513
2104 6325
2106 2666
2108 3044
2110 2234
2110 4412
2110 4549
2112 4263
2112 4914
2113 5726
2114 4274
2115 4881
2117 4475
2117 5165
2119 4647
2122 7011
2123 4111
2123 5476
2123 6120
2124 4757
2125 3304
2127 3565
2128 3703
2128 4786
2129 2275
2129 3364
2129 4016
2130 2273
2130 3209
2130 3512
2130 4602
2130 6156
2131 5876
2133 2353
2135 4233
2135 4253
2137 3280
2138 5308
2138 5473
2139 3778
2141 4559
2142 4192
2144 2185
2145 3606
2145 4318
2145 5923
2148 5295
2150 2274
2150 6185
2151 6398
2153 3293
2154 3076
2155 4854
2155 6704
2155 7196
2158 3317
2158 6954
2159 4001
2160 2869
2160 6281
2161 3619
2164 3262
2164 7012
2166 7093
2167 2463
2169 5208
2170 4685
2170 6209
2171 6177
2173 2652
2173 3993
2174 4077
2175 2688
2177 7434
2178 2490
2179 2405
2179 3404
2180 3045
2181 3876
2181 5172
2181 6522
2182 3758
2184 3624
2184 3792
2185 2719
2186 3843
2186 5596
2187 3255
2188 3425
2188 7143
2190 2332
2191 2715
2191 5192
2191 5219
2192 3180
2193 3270
2193 5715
2193 7097
2196 3366
2197 6354
2197 6591
2198 3426
2198 5263
2201 4188
2202 2309
2202 3975
2202 5161
2203 2968
2203 4076
2203 4521
2203 5373
2204 5379
2204 5672
2204 7153
2205 2233
2205 2915
2205 4227
2207 4071
2207 4418
2209 4678
2210 3029
2210 3345
2210 5497
2211 3148
2211 7244
2212 2724
2213 6653
2214 6753
2215 2725
2215 3058
2216 3804
2216 5860
2217 5973
2218 2224
2218 3316
2219 2938
2219 4065
2220 3937
2221 2567
2221 4400
2222 5359
2223 2644
2223 4216
2224 5979
2225 3239
2225 4092
2226 4243
2227 2840
2228 2448
2228 3957
2228 6362
2229 2793
2230 5578
2231 2994
2232 2803
2233 2825
2233 2829
2234 5873
2235 3537
2235 7156
2237 2761
2238 3808
2239 6900
2241 5097
2242 4495
2242 6887
2243 2913
2243 5285
2244 2628
2244 5125
2246 4863
2248 5010
2250 5695
2250 6117
2251 2640
2252 2520
2254 3254
2254 3302
2257 5389
2258 2975
2259 2956
2259 3008
2260 2394
2260 3466
2260 7361
2261 4133
2262 2479
2262 5984
2266 6874
2268 6840
2269 2285
2270 3031
2272 5586
2273 2626
2274 5094
2275 5677
2275 5787
2276 2775
2276 3071
2276 3860
2277 4815
2278 2618
2278 3135
2279 3412
2279 5779
2281 7161
2282 5616
2283 3665
2285 5603
2286 4481
2287 3215
2287 3900
2287 6991
2288 2498
2288 4061
2289 2947
2290 3924
2290 4804
2290 7204
2291 4323
2293 2703
2295 4244
2296 5835
2297 2504
2298 4432
2300 3403
2302 4517
2303 3043
2304 2517
2305 2609
2305 2927
2307 3055
2308 2555
2308 5118
2310 4654
2310 6539
2311 2758
2311 3831
2312 5075
2315 3415
2315 6899
2316 2391
2317 4534
2317 6229
2318 2780
2318 5738
2319 2363
2319 2472
2319 4375
2319 4739
2320 2955
2320 3382
2320 3821
2323 3253
2323 4367
2324 3034
2324 3741
2324 4707
2325 2372
2325 2534
2327 6528
2328 3728
2329 4744
2331 4006
2331 4554
2332 3106
2332 5788
2333 3852
2333 6853
2335 4093
2336 3170
2337 3487
2338 5449
2339 3983
2341 3662
2343 6359
2349 6684
2350 4150
2351 2374
2351 2559
2351 2760
2351 5566
2353 4594
2358 6087
2359 5662
2360 3954
2360 5262
2362 2736
2364 3996
2364 4185
2364 4724
2364 5610
2366 3268
2368 3160
2369 4221
2369 4290
2369 6994
2371 4728
2371 6549
2372 3696
2373 3992
2376 4024
2376 5363
2377 5641
2377 6809
2379 2935
2379 3545
2379 6762
2380 3422
2380 3686
2380 5796
2384 4135
2387 4239
2387 4782
2388 2410
2388 3226
2388 3911
2393 3739
2393 5346
2394 4267
2395 3061
2396 4100
2397 2934
2397 4869
2398 2702
2398 6990
2399 3443
2403 7391
2404 4095
2407 3880
2408 2806
2408 4183
2408 6252
2409 2573
2412 5569
2412 7163
2413 4614
2413 5080
2415 4163
2415 4268
2417 4763
2418 3754
2418 4527
2418 6123
2418 7001
2419 3458
2419 4452
2419 6696
2421 5968
2423 2602
2423 2907
2424 2641
2424 4018
2426 7084
2428 2749
2428 3130
2431 5536
2432 3815
2432 4544
2433 4025
2433 4524
2434 4546
2436 3175
2438 2852
2439 5072
2440 4899
2441 2887
2441 3306
2442 3416
2443 3201
2443 4284
2444 2832
2445 2451
2445 3250
2445 3275
2445 3971
2446 3298
2446 7115
2450 3873
2451 2914
2451 5033
2451 5452
2452 3114
2453 2833
2453 3682
2453 5636
2454 3554
2456 7330
2457 5032
2458 3888
2460 2889
2460 4445
2460 6512
2461 3449
2463 3835
2464 3238
2464 7215
2465 6036
2465 6253
2466 6752
2467 2755
2467 5441
2468 2526
2468 2655
2469 5916
2471 4055
2471 6740
2472 2500
2472 3687
2473 5598
2475 7265
2476 7277
2479 5069
2480 5224
2480 6836
2481 5825
2481 6093
2482 7067
2485 3504
2486 5386
2487 3221
2487 5469
2487 6114
2491 3244
2492 7247
2493 3327
2494 3373
2494 4020
2495 5402
2496 4241
2496 6610
2497 2908
2497 5710
2499 2762
2500 3360
2500 3394
2501 7411
2502 2877
2502 3698
2502 4797
2503 2685
2503 2904
2503 3057
2504 4710
2504 6039
2505 3455
2505 5854
2506 3036
2508 2560
2508 5215
2509 3248
2511 3088
2512 5637
2513 2971
2513 3066
2513 5390
2513 6142
2513 6438
2514 4984
2515 2844
2516 5905
2517 3546
2520 6205
2521 3681
2522 3854
2522 5639
2523 3753
2524 5909
2525 6224
2526 5450
2527 3454
2527 6702
2528 3273
2529 2591
2529 4405
2529 6747
2530 3499
2534 6035
2535 3052
2535 3553
2535 4366
2536 2847
2536 2989
2536 4652
2536 7245
2539 5430
2539 6748
2541 4441
2541 4806
2541 5374
2541 6505
2541 6879
2542 3634
2543 3272
2543 3883
2543 7214
2545 3569
2545 6060
2546 3529
2547 3535
2548 4547
2550 6550
2551 2576
2552 3131
2552 3556
2552 4900
2552 4953
2553 3743
2553 6785
2554 3651
2554 4951
2556 3571
2556 3632
2556 5800
2557 3614
2557 3621
2560 5022
2561 2648
2563 3113
2564 3203
2564 5141
2565 3370
2566 4455
2566 4872
2566 5513
2567 2759
2567 6082
2567 6504
2568 6003
2571 3451
2571 4386
2571 5293
2572 4286
2574 4277
2574 4523
2577 3559
2578 4193
2578 4254
2579 6795
2580 5366
2582 3723
2583 5160
2584 2959
2584 4643
2585 7116
2588 2721
2588 3461
2589 3266
2590 6295
2592 3411
2592 3502
2593 3025
2593 4264
2594 2651
2595 6600
2597 4562
2598 2599
2598 3355
2598 4381
2599 2741
2599 5078
2600 6007
2602 3240
2603 4802
2603 6294
2605 3074
2605 3733
2605 4439
2606 2689
2608 3194
2611 2867
2611 2996
2611 3198
2611 4152
2612 4037
2612 5890
2613 3278
2613 6461
2616 2691
2616 5173
2617 2979
2618 4674
2619 2894
2619 3408
2620 3309
2622 6973
2623 3383
2627 3762
2629 5626
2629 6526
2630 4927
2630 5811
2630 6193
2631 3641
2631 4874
2633 5561
2633 5723
2635 4336
2635 6122
2636 3397
2636 7288
2640 4542
2641 3891
2642 3166
2642 4466
2644 4590
2645 5755
2646 2771
2646 3881
2646 5287
2647 5655
2649 3523
2649 6661
2650 4457
2650 4681
2651 5995
2654 4938
2655 4660
2656 7080
2657 4190
2659 3826
2659 3985
2660 2831
2662 6028
2662 7393
2665 3167
2666 3187
2666 3695
2667 3467
2668 6300
2668 6834
2669 4084
2670 2781
2670 2937
2674 4682
2676 6778
2678 3664
2679 3962
2681 3618
2681 6517
2682 3260
2682 5451
2683 5988
2684 7259
2685 4981
2687 4820
2689 5239
2690 5317
2690 5396
2691 4838
2692 6148
2692 6520
2693 6024
2695 3139
2696 4182
2696 5437
2698 3308
2699 3019
2699 5649
2701 5126
2701 5145
2703 3047
2704 4884
2705 2740
2705 6842
2706 5314
2707 2933
2707 3951
2707 4902
2707 6596
2708 4004
2708 5762
2710 3672
2710 6891
2712 7199
2714 2950
2714 3648
2716 4062
2718 5466
2720 7426
2721 3928
2721 4159
2721 7300
2725 2978
2725 4414
2726 3284
2727 4552
2727 5053
2728 3844
2728 5354
2732 4039
2733 5670
2734 4195
2736 2863
2737 5421
2741 4489
2742 3279
2742 5184
2743 3276
2744 4234
2744 7334
2745 3437
2748 3490
2749 6697
2752 4577
2753 6200
2754 3558
2754 4329
2756 6184
2756 6545
2763 3789
2763 3946
2763 5802
2765 2838
2765 3199
2765 6732
2766 3498
2766 3819
2766 4829
2766 6796
2768 3143
2768 3527
2768 4772
2768 5595
2770 6040
2771 4566
2773 2932
2773 6863
2773 7019
2773 7405
2774 2918
2774 4868
2775 3446
2776 4591
2777 2895
2778 7010
2779 2922
2782 6623
2783 2882
2783 5520
2784 3208
2784 5152
2786 4994
2789 5269
2789 5935
2790 3049
2790 4146
2791 2885
2791 5464
2792 4698
2792 4821
2793 3720
2794 6182
2795 3595
2799 3750
2800 3011
2802 3342
2802 3944
2802 6290
2805 6053
2810 3263
2810 4992
2811 4255
2812 5570
2813 3934
2814 3249
2815 3716
2815 6462
2816 3235
2816 3550
2817 3064
2818 3982
2819 3371
2819 3667
2820 3204
2822 3562
2823 5189
2824 3087
2828 6966
2830 4465
2830 5468
2831 3080
2834 5245
2835 5059
2835 5378
2835 6486
2836 5012
2837 4708
2838 3764
2839 3067
2839 3261
2839 4856
2839 6530
2839 6824
2839 7017
2840 6921
2843 6910
2844 4321
2845 6542
2846 4826
2849 3893
2850 4609
2850 4621
2851 3133
2853 6877
2854 6730
2856 5290
2859 3001
2859 4140
2860 5138
2860 5347
2862 7400
2866 6168
2867 3081
2867 3112
2867 4017
2868 2911
2868 2944
2869 3919
2869 5135
2870 3406
2870 5941
2872 6501
2873 4748
2874 4755
2883 4627
2885 4734
2887 3528
2887 3933
2887 4925
2889 3191
2889 3290
2889 5816
2890 3174
2891 3205
2892 5296
2892 6283
2894 3772
2894 3813
2895 2900
2895 3639
2895 4026
2898 6368
2899 4064
2899 5714
2899 6812
2900 4721
2902 6163
2903 3898
2904 3340
2904 5774
2909 3059
2912 2946
2912 3886
2914 6580
2914 6616
2915 4939
2916 5482
2916 7392
2917 3134
2919 4444
2922 3056
2922 3401
2922 3889
2922 4913
2924 6372
2925 6379
2925 6749
2926 3330
2926 3626
2927 3136
2928 3079
2928 4650
2930 7132
2930 7424
2931 3847
2932 3132
2933 4281
2933 4798
2934 4199
2935 4447
2936 4486
2937 5759
2938 7404
2940 3217
2940 5447
2942 5980
2944 4923
2945 3110
2946 4167
2946 6112
2947 6888
2948 6299
2950 3936
2951 4520
2954 3189
2954 5828
2954 7008
2957 6388
2958 5556
2959 4394
2961 3674
2962 3165
2965 3400
2966 5996
2967 5541
2970 3288
2970 3678
2971 6022
2972 6449
2976 4337
2976 6983
2977 3722
2977 4716
2978 3817
2979 3916
2979 5123
2979 5256
2982 3245
2984 6587
2985 4184
2986 4073
2988 6059
2989 3533
2990 5056
2993 5351
2994 6452
2996 4470
2996 4873
2998 3925
2999 3050
2999 3146
2999 6467
3004 6860
3006 4675
3006 5606
3009 5753
3010 3241
3010 5052
3010 6680
3011 5382
3012 6968
3013 4224
3014 3311
3015 3956
3016 3379
3016 4349
3016 4898
3016 5146
3017 7279
3019 3740
3022 4109
3027 4781
3027 6473
3028 3500
3028 5559
3029 4189
3029 5142
3029 5549
3029 6434
3030 4866
3034 3093
3034 3693
3036 3732
3036 5335
3038 3109
3040 4364
3043 5675
3045 3628
3048 6166
3052 3073
3052 3931
3052 4936
3053 6519
3055 4619
3056 3890
3056 5991
3058 6518
3060 5671
3060 6960
3064 3575
3065 3920
3065 7419
3066 3391
3066 5870
3068 3181
3069 4537
3069 5640
3071 3816
3071 4106
3071 7047
3077 4536
3077 4695
3078 3265
3078 4407
3080 5081
3081 3188
3081 3653
3081 4278
3081 6304
3082 4912
3083 3797
3085 3222
3086 5994
3087 3095
3087 5414
3088 5555
3089 6828
3090 3564
3091 6715
3092 5978
3093 4210
3093 6485
3094 4459
3094 4956
3095 4568
3095 5852
3095 7309
3099 5535
3099 5619
3100 3990
3102 4435
3102 6757
3103 6722
3106 4165
3107 4905
3109 3251
3109 3709
3110 7275
3112 5057
3113 3225
3113 7100
3114 7240
3115 3506
3116 6608
3118 3468
3119 3874
3120 4320
3121 6058
3122 3169
3122 3582
3122 7315
3124 4777
3125 4768
3126 4560
3126 6952
3127 4235
3127 4588
3127 7045
3133 3866
3134 6742
3136 5720
3137 5410
3137 6273
3138 6151
3142 5588
3148 3388
3150 3486
3150 6406
3151 5915
3152 5638
3153 3752
3154 6574
3158 3477
3158 4727
3159 3457
3160 5697
3161 6154
3162 3756
3162 5848
3163 6914
3164 5931
3164 6051
3165 3980
3167 3436
3167 5674
3168 7020
3169 3603
3170 4099
3170 6165
3173 5305
3175 3713
3176 3351
3177 5186
3178 6062
3179 3495
3181 3335
3182 4657
3183 4107
3184 4134
3184 4157
3185 4808
3186 3473
3186 4586
3189 5818
3189 6340
3190 3872
3190 5739
3191 4532
3191 5350
3191 5445
3192 4330
3193 3777
3194 5375
3195 4105
3195 4110
3195 5102
3196 5403
3197 4428
3197 4916
3197 5027
3199 3987
3199 5158
3201 3384
3203 3354
3203 3726
3203 3800
3203 6005
3204 4975
3204 5212
3205 3963
3206 4705
3207 7058
3208 4259
3209 3392
3209 3930
3209 4273
3210 3760
3210 6620
3212 5105
3212 6000
3213 5130
3213 5871
3213 6592
3214 3357
3214 6298
3214 6497
3224 6846
3225 5604
3226 5794
3230 3508
3230 3572
3230 4420
3230 5898
3231 4842
3233 6425
3233 7049
3235 4764
3236 3323
3237 6173
3240 5267
3241 5008
3241 5813
3244 5950
3246 5276
3248 4245
3248 5110
3252 3274
3252 3521
3252 6443
3254 7243
3255 5171
3256 5645
3260 6277
3262 3423
3262 4114
3262 5981
3263 3637
3263 5896
3264 6959
3265 5311
3265 6475
3266 3721
3266 3805
3266 4871
3266 5240
3266 7134
3270 5446
3272 3389
3272 6705
3273 6841
3274 3526
3274 3725
3276 3332
3277 3584
3277 4351
3279 3295
3282 4295
3282 5334
3284 3807
3284 3945
3284 4741
3285 3395
3285 5775
3286 3755
3287 4504
3287 5426
3287 5612
3290 5250
3290 5982
3292 4632
3292 4846
3293 3561
3294 7151
3295 3570
3296 3827
3298 3656
3298 6216
3299 5718
3300 4070
3300 5862
3301 5043
3302 4460
3303 4179
3303 5376
3304 4701
3304 6676
3305 3339
3307 3352
3309 5736
3311 3809
3311 4897
3314 3515
3314 4952
3315 3763
3315 5004
3316 3476
3316 4972
3316 6192
3318 4891
3318 6690
3318 6999
3321 4353
3321 6531
3323 3348
3325 5038
3328 5405
3329 5266
3330 5668
3331 6699
3331 7174
3332 3918
3332 6978
3333 5557
3333 7178
3334 5864
3334 6769
3336 4389
3337 5144
3338 5424
3339 4052
3339 5109
3339 5155
3339 6272
3340 6548
3342 4565
3343 3419
3345 6181
3346 6832
3347 4818
3347 5946
3348 3350
3348 3604
3349 3635
3349 7117
3350 5292
3352 3943
3354 3875
3356 4814
3357 4446
3357 5195
3359 3613
3359 4104
3359 6787
3360 7041
3361 3677
3361 4231
3362 4571
3364 5223
3364 7079
3366 4123
3369 3452
3369 3599
3371 4833
3371 5765
3372 3600
3372 4778
3372 6645
3373 3829
3375 6076
3375 6257
3376 6498
3377 4003
3377 4533
3378 4326
3379 4903
3380 6858
3382 4371
3383 3972
3386 5098
3387 3818
3390 6074
3391 4807
3391 7205
3392 6138
3393 6788
3394 3538
3395 4979
3397 3738
3397 6625
3400 3915
3402 7333
3405 4731
3408 5444
3409 7126
3411 4539
3414 5281
3414 6158
3414 6392
3415 3503
3415 5974
3416 4937
3416 5301
3416 5486
3418 7248
3420 3909
3421 4758
3422 4749
3423 3462
3423 4986
3424 4861
3424 5286
3425 3610
3427 5490
3428 3560
3428 3811
3428 4790
3429 4131
3429 5894
3430 5330
3431 3659
3434 5299
3435 5222
3436 5156
3439 4257
3441 6746
3444 5731
3445 4688
3446 4357
3451 5066
3451 7297
3454 3861
3456 3655
3457 3661
3458 5485
3459 6679
3460 4127
3461 3868
3464 3731
3464 6807
3465 4502
3466 6585
3472 5690
3473 4291
3474 3532
3475 4810
3476 4103
3477 3517
3477 3848
3477 4298
3477 5685
3478 4635
3478 7327
3479 3673
3480 5900
3480 6601
3481 5261
3481 5515
3482 6027
3482 6237
3484 5406
3485 5919
3485 6615
3487 5790
3487 5965
3488 7042
3492 5248
3493 6266
3495 3968
3495 6993
3496 3830
3496 4995
3498 3705
3498 5020
3499 4930
3503 3579
3504 7342
3505 3791
3505 4477
3507 4711
3513 4492
3513 6255
3514 3823
3518 5252
3519 3697
3519 4673
3522 3616
3522 5611
3524 5958
3525 4316
3529 4166
3536 4538
3538 5282
3540 4959
3542 4747
3544 4983
3547 5448
3549 5180
3551 3691
3551 3718
3551 7325
3552 3901
3554 6334
3555 4333
3560 3666
3563 5712
3563 6866
3565 4637
3565 5210
3565 6380
3569 6837
3573 4091
3574 7286
3577 4033
3577 4841
3577 7218
3578 6353
3578 6821
3579 5200
3581 3586
3582 5926
3582 6414
3583 6077
3584 6735
3584 6813
3587 6881
3591 7298
3595 5572
3597 4795
3601 4372
3601 7352
3602 5791
3604 6446
3607 3668
3608 4396
3608 5700
3608 7073
3610 6405
3614 5564
3614 5664
3615 4662
3617 6034
3618 3885
3621 7250
3622 4515
3624 7406
3626 6763
3627 4251
3627 5817
3627 5992
3629 5398
3629 5484
3630 5327
3631 5313
3632 3961
3633 6491
3634 5260
3634 6111
3636 4616
3636 6894
3640 6437
3642 4313
3644 6254
3648 6131
3648 7111
3650 3932
3652 6345
3652 6906
3657 6061
3659 6665
3664 4053
3668 4049
3668 7133
3671 4987
3672 4491
3674 5357
3675 7314
3677 4473
3677 6048
3678 4837
3680 4929
3684 6350
3684 7264
3685 4302
3689 5217
3692 4971
3693 7332
3702 4683
3704 7075
3705 4348
3708 7381
3711 7375
3713 5943
3714 6420
3716 6161
3717 4280
3717 5358
3718 5320
3719 7337
3721 6843
3722 5061
3724 3922
3727 4377
3727 4993
3728 5011
3729 5151
3729 6144
3731 4361
3732 4028
3733 5045
3733 7382
3734 5886
3734 6391
3734 7046
3737 4148
3739 4164
3742 4525
3742 5030
3743 5265
3746 4580
3749 4506
3750 4359
3751 3871
3753 4715
3753 6015
3754 5457
3755 5279
3758 3812
3758 7305
3761 5661
3762 4112
3765 4578
3766 4672
3766 5352
3767 6633
3768 6349
3769 4319
3769 5370
3771 6540
3775 4200
3776 4541
3777 6008
3778 3896
3778 6829
3781 4365
3783 4010
3783 4733
3783 6637
3784 6413
3786 4450
3787 6019
3787 6134
3788 4406
3789 5708
3790 5084
3790 7363
3792 4000
3793 6943
3794 3803
3795 4737
3796 6009
3799 4468
3801 4363
3801 5963
3803 5500
3807 6094
3809 4567
3812 5479
3812 6113
3814 5506
3815 5609
3816 6831
3818 5508
3821 4692
3823 4648
3823 5584
3824 6469
3826 5575
3828 7390
3829 6677
3831 6524
3832 4211
3833 5840
3833 6556
3834 6770
3834 7120
3837 6170
3838 6313
3838 6931
3841 4570
3841 5635
3841 6476
3842 6195
3844 6638
3845 3903
3845 5971
3846 3884
3846 4600
3846 6873
3847 6844
3851 5967
3853 5211
3854 5797
3855 6189
3855 7121
3857 4334
3862 5913
3864 4663
3865 4226
3866 4035
3866 7024
3866 7225
3866 7340
3868 5673
3869 7236
3870 4855
3874 6784
3875 6708
3875 7222
3876 4122
3876 5243
3879 4726
3883 5823
3885 4322
3887 7076
3888 4510
3888 4605
3888 6275
3890 4877
3891 4217
3894 7006
3894 7427
3899 4176
3901 6037
3903 5244
3904 5275
3904 6949
3905 4209
3906 7027
3907 4153
3907 6963
3909 6546
3910 4425
3911 4415
3912 6215
3913 5231
3916 4771
3916 5101
3917 7206
3921 6771
3923 3988
3923 5512
3925 4411
3927 4961
3928 5062
3928 5792
3930 7242
3933 5667
3934 4060
3934 4078
3935 4279
3936 5055
3939 4483
3941 4178
3942 5837
3950 5007
3951 6663
3953 6714
3953 6792
3955 4482
3957 4265
3957 7043
3958 6506
3958 7283
3959 4360
3959 5428
3959 5537
3959 6767
3961 5589
3963 4969
3964 4310
3967 6535
3967 6544
3969 3977
3969 7095
3970 6648
3972 4774
3972 7260
3973 6208
3977 4436
3977 5534
3977 5632
3981 4665
3981 4880
3982 6404
3983 6756
3985 4168
3985 4476
3985 4719
3985 5087
3986 4712
3988 7064
3993 5316
3995 4836
3995 5849
3996 5323
3996 6779
3999 6642
4000 4397
4000 5960
4001 4088
4001 4144
4002 4172
4002 4932
4002 5558
4002 6480
4004 4773
4004 6489
4004 7165
4004 7253
4007 5209
4010 6819
4010 7282
4011 5197
4012 4543
4013 5505
4014 6422
4016 4738
4016 6594
4019 6652
4025 4834
4026 5108
4027 6314
4029 5744
4032 4180
4032 6662
4033 4261
4036 5257
4038 5423
4039 4522
4044 5727
4044 5772
4046 6186
4049 4424
4050 4699
4051 4266
4052 4762
4054 4057
4056 5523
4058 5573
4059 6602
4061 6581
4061 6861
4062 4342
4063 4703
4064 5892
4065 4783
4065 5702
4068 6823
4069 5034
4070 4379
4070 5458
4074 7202
4075 5884
4076 6376
4077 5380
4078 5897
4080 5095
4080 6153
4081 4761
4082 4378
4083 5533
4084 4094
4087 4327
4087 6674
4087 6986
4088 4317
4090 4340
4092 4579
4092 5002
4092 7386
4094 5590
4095 4238
4096 4427
4096 7252
4099 4501
4101 5133
4103 5842
4107 4297
4107 4917
4107 6474
4110 4796
4112 5202
4114 5777
4117 5014
4118 4471
4118 5883
4120 4393
4121 5029
4124 5918
4128 5331
4129 6508
4132 4434
4132 6395
4135 6152
4136 5399
4139 5417
4140 5725
4147 4976
4148 4540
4148 5538
4148 6089
4150 4376
4150 7229
4151 4462
4151 5601
4157 4607
4159 4620
4162 7366
4163 4677
4163 4760
4163 5106
4164 5083
4165 4370
4166 4458
4166 7182
4171 5154
4172 4514
4173 6141
4175 4948
4177 5063
4179 4973
4186 4380
4188 4228
4190 4832
4194 6428
4195 4596
4197 6872
4199 4345
4200 4931
4201 5028
4203 4258
4203 5021
4204 5847
4205 6203
4209 5427
4210 4315
4211 4343
4213 4893
4214 4402
4217 5781
4217 6532
4219 5259
4221 7322
4224 6430
4226 6606
4231 4909
4234 4548
4234 4985
4234 5983
4234 6835
4237 6387
4238 6527
4239 5906
4239 5989
4239 6433
4243 5910
4245 4800
4245 5051
4246 5302
4246 5345
4246 7003
4247 7348
4251 6159
4252 6472
4253 6018
4257 6450
4258 4943
4259 6373
4260 4848
4262 7237
4263 5037
4268 4303
4272 6233
4275 5332
4276 6167
4277 6329
4279 5131
4279 6288
4282 6207
4286 4636
4286 5528
4286 6198
4287 5481
4288 6609
4290 5333
4292 4611
4292 7136
4292 7355
4293 6470
4294 5843
4297 6493
4301 6908
4302 6599
4306 4573
4308 4352
4310 6922
4311 4865
4311 6728
4311 6934
4315 6214
4315 6341
4316 6815
4317 7158
4319 5137
4319 5177
4322 5706
4326 5005
4326 5418
4327 5962
4328 7224
4334 7032
4337 5190
4338 4518
4339 6210
4339 6744
4340 6021
4342 6948
4344 4564
4344 5400
4350 7050
4356 4599
4363 6444
4363 7230
4364 4550
4365 4751
4365 6631
4366 4666
4369 7370
4370 5385
4370 6626
4372 6319
4379 7359
4381 6238
4382 6150
4383 4606
4383 6386
4386 4928
4387 4576
4389 4395
4389 6577
4390 4630
4390 5407
4395 6084
4396 6249
4396 6250
4397 5521
4397 7142
4407 5930
4411 4977
4413 5735
4413 7018
4414 4572
4418 4419
4421 6441
4423 4603
4427 4659
4427 5629
4429 5654
4431 6306
4435 4493
4435 5957
4435 6904
4437 6818
4439 7223
4446 6115
4447 4497
4447 4853
4449 6710
4450 5462
4452 7068
4461 7110
4462 7071
4463 6686
4464 5176
4464 5746
4469 4608
4471 4830
4471 5467
4472 6394
4473 5006
4481 6157
4487 4597
4490 5433
4492 6801
4493 4858
4495 7368
4498 6378
4500 7383
4503 5091
4503 6611
4507 5148
4509 5567
4514 4974
4514 5291
4520 4526
4521 5384
4523 6905
4529 4991
4530 4618
4532 5945
4532 6575
4534 5829
4537 7176
4539 5019
4539 7028
4544 6942
4545 4671
4547 5112
4547 7221
4549 5925
4551 6121
4553 5391
4553 5713
4554 5938
4559 4723
4561 5220
4565 4624
4566 6239
4566 6429
4567 4851
4567 5113
4569 5119
4571 5328
4572 5017
4573 5089
4574 5861
4575 6396
4575 6759
4577 4669
4577 4706
4579 5917
4586 6793
4589 5522
4590 5303
4591 5504
4592 6553
4592 7232
4593 5273
4595 4924
4598 5921
4603 6727
4605 6945
4607 5253
4609 6830
4615 7350
4618 5579
4620 6655
4623 5388
4623 6088
4624 5591
4628 4753
4632 5728
4639 7272
4640 6621
4641 4954
4641 5241
4641 5850
4644 4886
4644 6305
4645 5694
4645 6868
4646 5229
4648 6244
4648 6980
4650 5255
4651 6269
4651 7038
4652 5684
4653 5666
4655 4670
4658 6445
4660 6365
4660 6641
4660 7014
4664 4998
4666 4697
4675 6995
4679 5397
4682 6271
4683 4803
4685 4718
4689 6889
4690 4934
4691 4754
4694 6709
4698 6188
4698 6578
4699 5001
4703 5767
4709 6560
4710 5203
4713 6998
4716 4746
4719 6571
4721 5934
4721 6523
4726 5191
4727 5749
4727 7057
4733 5510
4733 6241
4738 5836
4738 6460
4743 6622
4744 4967
4748 5246
4755 6383
4755 6593
4756 4919
4758 5169
4759 4788
4760 6078
4763 6936
4769 6751
4771 6672
4774 6284
4774 6364
4776 5117
4776 5819
4778 5387
4780 5652
4782 6507
4785 6854
4787 4941
4788 7308
4789 6703
4793 6020
4796 5517
4796 6055
4797 5551
4800 6337
4804 7089
4805 5544
4809 5050
4809 5483
4810 7357
4811 7137
4815 6586
4817 5975
4821 6025
4824 5230
4827 5696
4840 6361
4840 6867
4841 5163
4841 5784
4844 4960
4845 6403
4847 4970
4852 5907
4853 6401
4854 5693
4855 4882
4863 5136
4868 6969
4870 5812
4872 6791
4875 4889
4879 6046
4880 6465
4881 7371
4889 7191
4893 6738
4894 5543
4896 4946
4899 6149
4899 7127
4904 5615
4905 6804
4913 5646
4916 4989
4916 4990
4916 6806
4917 7249
4923 5877
4924 7255
4925 6576
4931 6439
4931 6816
4933 4958
4936 5758
4940 7410
4942 4980
4943 5928
4943 6130
4944 5972
4944 6107
4944 7290
4945 6243
4946 5114
4953 6525
4954 5608
4954 5669
4959 5613
4960 6976
4962 5949
4963 6496
4966 5838
4969 5277
4971 6463
4972 5947
4977 7145
4978 5150
4980 6764
4981 6859
4982 6555
4984 6407
4986 6911
4994 6103
4996 5583
4997 5401
4997 6431
5006 7023
5007 5560
5008 6852
5010 5198
5015 5167
5016 6603
5017 7399
5018 5568
5027 6260
5028 5247
5029 6766
5042 5722
5043 5221
5044 5306
5047 6750
5047 6808
5056 7378
5057 7433
5068 7388
5070 5571
5077 5899
5077 6286
5079 6267
5080 5419
5086 5617
5090 5404
5092 5268
5093 6385
5095 6202
5096 6773
5098 7362
5099 6630
5099 6632
5105 5959
5106 5170
5106 6604
5107 5499
5109 7044
5115 6246
5116 5977
5118 5922
5120 6075
5126 7169
5128 5867
5130 6258
5131 7238
5140 6223
5140 6344
5140 7152
5142 6692
5142 7233
5143 5689
5144 5969
5145 5307
5148 5338
5149 6016
5150 6045
5150 6110
5152 6118
5154 5233
5156 7119
5157 5593
5168 5489
5168 6256
5170 7316
5173 5605
5173 6357
5173 7285
5179 5824
5179 6308
5179 6521
5183 5542
5184 7051
5185 6953
5186 5367
5187 6800
5191 7175
5192 5475
5193 5516
5195 7268
5200 6629
5207 6370
5207 6639
5211 6543
5213 6419
5214 5716
5217 6356
5224 5416
5226 7186
5231 5778
5231 5872
5231 5942
5231 7033
5232 5234
5232 5341
5234 7036
5235 6718
5246 5412
5247 5630
5253 6482
5253 7303
5261 6321
5262 6514
5263 6248
5267 7274
5270 6811
5272 6529
5274 6331
5275 5377
5279 5554
5282 6451
5286 5893
5293 7193
5294 6041
5299 5438
5301 5340
5302 5502
5303 6065
5305 6393
5307 6096
5308 5730
5312 6090
5312 6418
5312 6768
5316 6140
5317 6466
5318 7401
5321 6789
5324 6777
5334 5507
5338 5408
5343 5865
5343 6644
5345 7167
5346 6063
5354 6725
5355 6565
5358 5901
5358 6916
5361 6683
5367 5527
5367 7177
5368 5442
5369 6014
5371 5602
5375 6268
5377 7351
5378 5459
5380 6017
5385 5703
5386 6712
5389 6226
5389 6981
5390 5834
5392 6066
5392 6327
5393 5642
5399 7299
5401 5833
5407 5657
5407 7086
5414 5747
5416 5581
5416 7396
5418 5420
5423 6605
5429 6312
5433 5623
5436 5750
5437 5461
5442 5456
5446 6937
5449 6700
5451 5644
5451 6155
5452 6794
5456 6013
5463 6400
5467 7338
5468 7029
5471 6099
5472 7403
5473 6278
5479 6790
5482 7241
5485 5733
5486 6240
5488 6944
5498 6907
5500 6251
5503 6938
5506 6206
5507 6654
5508 6072
5515 6318
5516 6454
5521 6534
5527 7074
5536 5681
5541 6483
5542 5587
5545 6316
5547 7197
5554 5868
5558 6447
5559 6415
5562 5933
5565 6970
5569 6126
5573 6227
5574 6719
5574 7128
5585 6956
5588 6687
5602 7414
5611 6915
5615 6367
5627 5844
5628 7373
5629 6951
5633 6557
5639 6070
5651 6502
5653 6589
5655 7183
5667 5955
5670 6885
5685 6650
5686 6554
5692 6213
5694 7034
5695 6026
5698 5748
5698 6032
5698 6197
5698 7346
5701 6464
5707 5805
5708 6382
5709 6105
5715 6901
5722 6588
5730 7220
5732 7228
5743 5785
5744 6291
5745 6827
5747 6758
5748 6326
5748 7417
5766 5798
5767 6939
5776 6668
5777 7323
5785 7031
5786 6366
5792 6569
5795 6324
5796 6651
5818 6664
5819 7364
5823 6328
5824 6468
5824 6657
5830 6346
5838 7212
5844 5881
5844 6211
5857 7103
5873 6222
5880 6289
5881 5940
5882 6675
5887 6073
5912 6377
5915 6371
5915 6536
5918 5920
5927 5976
5931 6146
5943 6920
5945 6030
5947 5985
5949 6533
5950 6987
5955 7025
5955 7353
5961 7207
5962 6781
5963 7040
5966 6162
5978 7155
5978 7162
5983 6825
6011 7415
6012 6856
6016 6494
6017 6724
6017 7112
6021 6100
6024 6097
6026 6564
6027 7082
6028 6707
6039 6402
6050 6484
6052 6515
6062 6776
6075 7048
6081 6297
6081 6855
6082 7394
6089 6941
6102 6826
6115 6352
6117 6972
6125 6355
6125 6688
6127 6199
6127 6481
6129 6510
6137 6765
6138 7329
6139 7408
6140 6875
6149 6231
6151 6927
6158 6265
6171 6643
6171 6918
6199 6893
6202 6235
6221 6563
6223 7081
6225 6802
6226 6754
6233 6660
6249 6270
6254 6411
6258 7131
6277 7094
6280 7372
6290 7022
6294 7053
6327 6634
6328 7085
6331 6726
6342 6760
6347 6988
6349 7107
6353 7263
6362 6897
6367 7157
6369 6649
6375 7318
6376 7341
6385 6492
6390 7102
6393 7092
6399 7211
6411 7200
6412 6500
6431 7146
6432 6870
6437 7098
6439 7026
6477 6896
6488 7170
6489 6607
6491 6698
6497 7021
6514 6989
6515 6847
6517 7234
6519 6584
6519 7166
6519 7246
6526 6984
6537 7354
6550 6658
6552 6729
6555 7273
6558 7090
6560 7262
6563 7061
6568 6926
6571 7376
6573 6597
6583 7123
6586 6883
6586 7063
6627 7398
6635 7118
6640 6695
6653 6902
6659 7139
6667 6886
6677 7148
6687 7312
6695 7291
6705 6947
6738 7231
6738 7409
6740 6979
6741 7125
6751 7096
6754 7213
6773 7428
6786 7059
6787 7328
6806 7195
6808 7226
6815 7429
6821 7105
6832 6957
6834 6982
6836 6930
6870 6912
6884 7087
6913 7324
6929 7336
6936 7431
6955 7369
6955 7418
6979 7113
6993 7379
7000 7129
7003 7321
7009 7269
7011 7190
7032 7335
7059 7144
7077 7387
7143 7160
7163 7349
7175 7281
7179 7367
7212 7217
7219 7295
