5983 602
1 2
1 3
1 4
1 16
1 29
1 122
1 263
1 447
1 1527
1 3006
1 5602
2 5
2 8
2 52
2 60
2 73
2 189
2 1300
2 2525
2 3720
3 9
3 13
3 207
3 211
3 662
3 1146
3 2987
4 6
4 10
4 35
4 95
4 108
4 2706
4 2919
5 12
5 14
5 20
5 28
5 74
5 240
5 1185
5 1443
5 5599
6 7
6 11
6 33
6 63
6 510
6 865
6 1304
6 3940
7 23
7 75
8 32
8 56
8 57
8 149
8 157
8 228
8 441
8 1124
8 1990
8 2201
9 18
9 31
9 76
9 212
9 217
9 340
9 402
9 3346
10 47
10 100
10 124
11 27
11 38
11 146
11 281
11 516
11 3342
11 4520
12 136
12 422
12 1343
12 2379
13 17
13 21
13 77
13 290
14 15
14 36
14 40
14 71
14 123
14 435
14 3274
15 80
15 103
15 127
15 5238
16 497
16 585
17 19
17 48
17 162
17 204
17 270
17 443
17 1719
17 4113
17 5252
18 30
18 86
18 1432
18 4265
19 24
19 361
19 407
19 691
19 704
19 1256
19 1555
19 1810
19 2668
20 22
20 79
20 89
20 274
20 960
20 5447
21 41
21 106
21 825
21 1089
21 1476
21 1496
21 2696
21 3999
21 5552
22 25
22 26
22 81
22 275
22 307
22 442
22 1177
22 1962
22 3311
23 279
23 405
23 4495
24 37
24 44
24 1851
24 5605
25 92
25 161
25 3078
26 82
26 163
26 296
26 326
26 5427
26 5818
27 34
27 101
27 166
27 255
27 313
27 550
27 1417
27 1827
27 2486
27 4403
27 4631
28 45
28 244
28 654
28 718
28 1312
28 2415
28 3425
28 5216
29 51
29 167
29 420
29 1310
30 93
30 150
30 181
30 192
30 196
30 339
30 406
30 471
30 1046
30 1690
30 2386
31 43
31 251
31 376
31 836
31 2485
32 377
32 478
32 547
32 558
32 650
32 897
32 1704
33 66
33 98
33 134
33 135
33 1071
33 3911
33 5038
34 39
34 42
34 55
34 200
34 1036
34 2035
34 2437
34 4020
35 168
35 300
36 112
36 338
36 460
36 832
36 1105
37 54
37 154
37 197
37 246
37 271
37 479
37 531
37 3120
38 99
38 379
38 767
38 2669
39 158
39 235
39 414
39 709
40 64
40 121
40 183
40 206
40 222
40 475
40 1199
41 49
41 53
41 65
41 152
41 213
41 935
42 46
42 341
42 2117
43 70
43 137
43 568
43 1152
43 1261
43 4018
44 87
44 88
44 130
44 404
44 633
44 2844
45 177
45 185
45 329
45 566
45 1383
46 68
46 360
46 705
46 818
46 1317
47 114
47 203
47 220
47 398
47 400
47 413
47 961
47 1284
47 4855
48 241
48 256
48 2012
48 4533
48 5940
49 50
49 358
49 2822
49 4825
50 61
50 1969
50 2540
51 59
51 109
51 133
51 613
52 62
52 111
52 266
52 388
52 716
52 971
52 2921
52 3094
52 3486
52 5868
53 58
53 94
53 126
53 845
53 4338
54 165
54 170
54 454
54 540
54 2013
55 284
55 285
55 334
55 409
55 615
55 988
55 2565
56 119
56 252
56 1302
56 1535
56 1681
56 3478
56 4176
56 4412
57 283
57 369
57 565
57 1290
57 2056
57 4566
58 67
58 78
58 477
58 886
58 2019
58 2955
59 494
59 688
59 711
59 1660
59 3180
60 209
60 239
60 898
61 69
61 176
61 295
61 625
61 1907
62 741
62 1739
62 3194
63 83
63 84
63 85
63 198
63 201
63 259
63 312
63 775
63 2650
63 4199
64 72
64 115
64 180
64 260
64 320
64 365
64 684
64 1208
64 3463
64 3711
64 4354
64 4532
65 90
65 104
65 113
65 243
65 277
65 387
65 1727
66 107
66 247
66 545
66 1636
67 184
67 223
67 315
67 401
67 528
67 3252
67 4884
67 5462
68 1742
68 4510
69 598
69 1635
69 1702
70 437
70 449
70 3391
72 1469
73 175
73 410
73 433
73 569
73 931
73 1536
73 1911
74 91
74 1269
74 1783
74 5490
74 5837
75 396
75 1044
75 1205
76 105
76 548
76 5259
77 131
77 1165
77 2309
78 182
78 337
78 1740
78 3876
78 4524
78 5895
79 304
79 4013
79 4648
80 349
80 1445
80 2617
81 110
81 963
81 1380
82 389
82 1067
82 2928
82 3013
82 3611
82 4626
83 571
83 1111
83 2189
83 2245
83 2604
83 3666
84 325
84 666
84 1822
84 2058
84 4807
85 1439
85 2988
85 4680
86 156
86 226
86 1038
87 97
87 116
87 456
87 1149
88 261
88 450
88 1650
89 96
89 328
89 1242
89 1837
89 2003
89 2557
90 354
90 362
90 622
90 693
90 1664
91 762
92 205
92 234
92 245
92 438
92 2235
92 2398
92 3018
92 3693
92 4245
93 249
93 505
93 761
93 2079
94 194
94 310
94 642
94 643
94 933
94 1816
95 229
95 464
95 467
95 5563
96 230
97 1225
97 1287
97 1622
97 2080
98 330
98 640
98 759
98 1663
98 3900
100 140
100 145
100 151
100 155
100 187
100 538
100 1133
100 2671
101 102
101 359
101 368
101 459
101 1620
102 302
102 2530
102 4763
103 139
103 148
103 314
103 321
103 838
103 2224
103 3569
103 4835
104 783
104 3595
105 128
105 1644
105 2173
106 451
106 551
106 2886
106 2922
106 3712
107 129
107 2639
107 5482
108 118
108 138
108 225
108 342
108 469
108 1083
108 2139
109 289
109 1068
110 210
110 232
110 529
110 2931
110 3873
111 144
111 827
111 2156
112 282
112 298
112 412
112 483
112 2151
113 1020
113 1128
113 1698
113 3172
114 120
114 143
114 397
114 2944
115 835
115 930
115 1576
115 2775
116 117
116 317
117 125
117 280
117 319
117 737
118 132
118 1385
118 1630
118 3806
119 142
119 253
119 1080
119 5465
120 411
120 458
120 596
120 603
121 237
121 1060
121 1313
121 1850
122 164
122 214
122 636
122 1155
123 188
123 428
123 513
123 1229
123 1519
123 4400
124 169
124 174
124 350
124 375
124 1289
124 3435
126 159
126 208
126 773
127 363
127 980
127 1236
127 2057
128 561
128 1218
128 3824
129 353
129 490
129 1160
129 2456
129 5630
130 199
130 248
130 586
130 1338
130 2395
131 147
131 233
131 1392
132 190
132 630
132 1294
132 1872
132 2215
133 191
133 202
133 306
133 2817
133 4436
133 5272
134 160
134 193
134 694
134 1880
134 3173
134 5615
135 141
135 215
135 1193
136 257
136 1070
137 173
137 297
137 355
137 906
137 2717
138 153
138 427
138 509
138 2801
138 2920
139 216
139 258
139 3952
140 268
140 619
140 1043
140 1908
140 2262
140 3064
141 178
141 390
141 457
141 946
141 5381
142 3351
142 4179
142 4462
143 466
144 394
144 1306
145 1517
145 1934
145 3255
146 269
146 735
146 1976
146 3212
147 171
147 172
147 1032
148 357
148 554
148 1561
148 5888
149 847
149 1552
149 1611
149 2086
150 311
151 489
151 628
151 770
151 1097
151 3515
152 287
152 462
152 1768
152 3294
153 254
153 276
153 519
154 286
154 592
154 1052
155 1336
157 294
157 567
157 891
157 1321
157 3362
157 3998
158 236
159 219
159 562
160 607
160 724
160 1116
160 3209
161 1481
161 1958
162 5191
163 796
163 858
163 4889
163 4938
164 288
164 439
164 3540
165 453
165 991
165 1145
165 2453
166 186
166 556
166 656
167 267
167 392
167 491
167 795
168 195
168 924
168 1820
168 2981
169 575
169 707
169 1346
169 5406
170 527
170 2446
170 3227
170 5117
171 179
171 1913
172 485
172 920
172 5328
173 833
174 335
174 1887
174 4792
175 373
175 740
175 1210
175 3731
176 238
176 299
176 1523
176 3768
177 1201
177 1320
177 2956
177 4260
177 4929
178 345
178 594
178 914
178 1487
179 1081
179 3246
179 4639
180 3918
180 4915
181 395
181 605
181 1101
181 2967
182 2527
182 3809
182 4233
183 1971
183 2560
184 322
184 590
184 973
184 1612
186 292
186 4470
188 1916
189 720
189 4041
189 5578
190 1077
190 4555
191 224
191 301
191 445
191 563
191 667
191 710
191 2202
191 5305
192 221
192 2209
192 3048
192 5687
193 372
193 826
193 2312
194 511
194 3871
195 231
195 425
195 426
195 522
195 1110
195 1456
195 1870
195 2441
196 5377
197 218
197 384
197 465
197 815
197 1884
197 1886
197 4935
198 1547
199 1857
199 2629
200 799
200 4877
201 984
201 1244
201 1507
201 2200
201 3380
201 4734
202 2351
203 601
203 3151
203 3307
203 5703
204 912
204 2306
204 4384
205 3373
205 4104
205 5886
206 308
206 580
206 1996
206 5246
207 2620
207 3261
207 3479
208 876
208 1179
208 1266
208 3812
208 5058
209 1550
209 1841
209 2371
210 399
210 738
210 824
210 2006
211 227
211 2475
211 2608
212 588
212 1022
212 1115
212 4469
213 1653
213 3198
214 455
214 896
214 1464
214 4010
214 5312
215 364
215 2137
216 382
216 4323
217 264
218 1161
219 371
220 333
220 1402
220 1980
221 1579
221 3762
222 291
223 517
223 2002
224 651
224 1329
224 2744
225 242
225 381
225 1129
225 1367
225 1568
225 1572
225 1840
225 1888
225 2774
226 1823
226 3837
227 520
227 751
227 2477
228 3938
229 1413
230 3459
231 343
231 3208
231 4331
231 5050
232 1364
232 5263
233 861
233 2265
235 805
235 1059
235 3214
235 5127
235 5709
236 916
237 316
237 366
237 670
237 732
237 1239
237 1427
238 557
238 1982
239 5510
240 539
240 789
240 1316
240 3458
241 1559
241 2700
242 1513
242 1639
242 2404
242 5357
242 5919
243 498
244 506
244 515
244 4528
244 5905
245 250
245 265
245 347
245 463
245 950
245 1520
245 1762
245 1981
246 612
246 908
246 3786
247 997
247 2115
248 278
248 626
248 748
248 852
248 962
249 434
249 525
249 546
249 4857
250 1157
250 1279
251 544
251 579
251 1078
251 1086
251 3580
252 595
252 1356
252 2083
252 2418
253 657
253 690
253 1511
253 2691
253 4622
254 1008
254 1498
254 1543
255 2361
255 2980
256 273
256 432
256 2258
257 272
257 915
258 346
258 802
258 985
258 1243
258 1671
259 3472
260 446
260 721
260 2067
260 2294
261 262
262 415
262 429
262 2104
262 5809
263 367
263 728
263 1010
263 1033
264 385
264 3728
264 4446
264 5874
265 608
265 1262
265 1604
266 351
266 1462
266 2505
267 927
267 2917
268 507
268 867
268 1339
268 1626
269 1171
270 733
270 3300
271 309
271 391
271 3070
272 1041
272 1379
272 1974
272 2576
272 4067
273 424
273 1642
273 2160
273 2597
274 862
274 1363
274 5023
275 2069
275 4494
275 5422
276 293
276 448
276 582
276 5019
277 352
277 660
277 734
277 1212
278 305
278 518
278 1615
278 1817
278 2375
278 3582
279 327
279 995
279 2298
280 1158
280 1382
280 4330
281 324
281 2337
281 4251
282 378
282 526
282 1100
282 3326
283 1234
283 1349
283 2141
283 5603
284 318
284 992
284 3649
284 5234
285 440
287 323
287 2908
287 4852
288 604
288 661
288 2473
288 5498
289 504
289 1309
289 1761
289 1960
289 4509
290 1211
290 1873
290 5132
290 5479
291 370
291 729
291 1521
291 4103
292 616
292 807
292 3997
293 488
293 1457
293 1879
293 3269
293 4273
293 5458
295 675
295 5258
296 303
296 1352
296 1775
296 2135
296 5463
296 5811
297 1570
297 1673
297 2247
297 2992
297 3236
298 542
298 1015
299 758
299 4136
299 5950
300 3455
301 444
301 1051
301 1463
301 1709
302 581
302 641
302 888
302 1249
302 2923
303 573
303 706
303 1530
303 2672
304 663
304 772
304 1220
304 1495
304 1497
304 1531
304 3942
305 481
305 1599
306 653
306 1578
306 2267
306 3474
307 1558
307 1598
307 5293
308 3556
309 1582
309 2194
309 2448
309 2997
309 3632
310 1053
310 2108
310 2254
310 3327
310 4047
310 5254
311 383
312 344
312 1787
312 3617
313 638
313 1001
314 403
314 837
314 900
314 1746
314 3664
314 5157
315 356
316 374
316 1013
316 3572
317 331
317 416
317 1371
317 1616
317 3392
317 4311
318 803
319 332
319 589
319 787
319 1283
319 3367
320 380
320 948
320 1748
320 2684
321 423
321 1184
321 1562
321 1596
321 3203
322 487
322 570
322 4516
323 1646
324 470
324 1809
324 2352
324 2889
324 3441
325 336
325 743
325 846
325 2061
325 2971
325 3112
326 5435
327 386
327 1065
327 1377
327 2093
327 3333
328 1028
328 1580
329 820
329 2786
329 4064
330 2211
330 3792
330 4194
330 4806
331 786
331 1335
331 3586
331 4582
332 600
332 1601
332 1773
332 3836
332 4290
333 476
333 543
333 752
333 1796
333 2024
333 3543
333 4479
334 492
334 559
334 609
334 860
334 3538
335 1017
335 1829
336 5433
337 753
337 1924
338 872
338 1011
339 1720
339 2719
340 5164
341 2400
341 3361
342 348
343 1607
344 813
344 1409
344 4360
345 419
345 687
345 1119
345 2468
346 692
346 769
346 5648
347 2076
347 5423
348 408
348 974
348 1792
349 996
349 1272
349 1925
350 393
350 452
351 501
351 784
351 945
351 2185
351 2355
352 472
352 4872
352 5683
353 877
354 921
354 2487
354 4028
354 4845
355 549
355 574
355 676
355 814
355 934
356 635
357 859
357 2427
357 3010
358 1238
358 3450
358 5261
359 1366
360 1227
360 1489
361 1098
362 431
362 578
362 2313
362 2393
363 1147
363 5029
363 5176
364 713
364 1117
364 3974
365 2348
365 2925
366 3063
367 2073
368 532
368 677
368 892
368 1890
369 493
369 502
369 1754
369 2731
370 899
370 1037
370 2455
371 552
371 978
371 1026
371 1637
371 2362
372 421
372 703
372 1048
372 1450
373 480
373 576
373 2974
373 4419
373 4482
374 474
374 597
374 696
374 994
374 1198
374 1315
374 1355
375 730
375 3966
375 5455
376 766
376 1865
376 3233
376 3601
377 5163
377 5701
378 712
378 907
378 3256
379 495
379 560
379 3354
379 4920
380 482
380 5294
381 1471
381 1867
382 436
382 1451
382 1475
383 681
383 849
384 659
384 2932
384 2960
385 1332
385 4060
385 4318
386 851
386 1215
386 5159
387 1592
388 634
388 1895
388 1987
388 2829
388 3802
389 817
389 1404
389 3471
389 3973
390 2010
390 5932
391 553
391 756
392 621
392 893
392 1780
392 2070
393 957
395 1871
395 4950
396 2499
396 3321
396 3554
396 4351
397 2662
398 976
399 875
399 1736
400 685
400 3480
401 629
401 2686
401 5556
402 722
402 1156
402 1494
403 699
403 3982
403 4570
404 939
404 1706
405 778
405 1586
406 418
406 879
407 417
407 1875
407 2462
407 3160
408 866
408 1512
408 2821
408 3175
408 4601
408 5536
409 486
409 1039
409 4497
410 884
410 2241
410 5567
411 537
411 1093
411 2259
411 2965
411 5341
412 572
412 646
413 719
414 4500
414 5440
415 647
415 1023
415 2305
416 2263
416 2692
416 5354
416 5487
417 922
417 2220
417 4914
418 536
418 1040
418 1235
418 1893
418 3067
418 4888
419 1102
419 5937
420 686
420 717
420 1144
421 972
421 2670
422 430
422 521
422 577
422 2535
423 695
423 869
423 1597
424 468
424 2098
424 3263
425 503
425 637
425 2028
425 4904
426 461
426 2225
426 2678
427 1014
427 2953
427 5340
428 473
428 1341
428 1803
429 1265
429 2836
429 3530
429 4893
429 5155
430 606
431 1021
431 5081
432 496
432 649
432 2145
432 4232
433 771
433 853
433 1353
433 1940
433 4439
434 500
434 698
434 940
437 530
437 648
437 2121
437 3046
437 3901
437 4222
438 4298
439 555
439 1012
439 1153
439 2526
439 3337
439 5175
440 512
440 702
440 3444
440 3736
440 5040
441 700
441 776
441 2940
441 3350
442 5228
443 1003
443 1717
443 3615
444 864
445 524
445 1466
446 2287
446 5156
447 1079
447 1361
447 2599
447 3436
448 2583
449 3433
449 3747
449 4117
450 4644
453 1729
453 4091
455 668
455 1553
455 3093
455 5449
456 3156
456 3668
457 679
457 2321
458 499
458 1769
458 3221
459 1600
459 2246
460 874
460 4286
460 4627
461 2616
461 3248
462 1400
462 2452
462 5404
463 484
463 1204
463 1248
464 1246
464 5921
465 1292
465 4004
466 1388
467 739
467 2365
467 5626
468 937
468 2369
468 4201
469 534
469 811
469 2767
470 523
470 541
470 1167
470 2870
470 3148
470 4059
471 1140
471 1276
471 1301
472 508
472 1789
472 2025
473 3009
473 5289
475 954
476 763
476 5181
477 764
477 798
477 999
477 1031
477 1501
478 3035
479 868
479 3947
480 1589
482 564
483 1584
483 3845
483 4440
484 1627
484 2154
485 678
485 2745
486 3159
487 533
487 1092
488 2134
489 1130
489 2223
489 4035
490 1324
491 1268
491 2150
491 2329
491 3315
492 1299
492 2426
492 2522
492 2594
493 1730
493 2954
493 3682
494 4101
494 4181
496 1360
496 1420
496 2138
497 514
497 1173
497 2898
498 658
499 808
499 1337
499 1479
500 645
500 1766
500 1889
500 2221
501 750
501 5540
502 683
502 1936
502 5338
503 1107
503 1401
503 1972
503 2585
503 3949
504 714
504 816
504 2422
505 4168
506 949
506 1460
506 5013
506 5231
507 1949
507 3464
508 4748
509 1175
509 1319
509 1843
513 840
513 4951
513 5384
514 1327
515 882
515 1162
515 1737
516 854
516 2183
517 2443
517 4876
517 5009
517 5472
518 844
518 1430
518 4263
518 4834
519 623
519 655
519 673
520 1358
520 5336
520 5685
521 1632
521 2699
522 664
523 1311
523 2359
523 4540
524 723
524 956
524 1344
524 2288
524 2465
524 2728
524 5740
525 701
525 2042
526 708
527 610
527 697
527 725
527 983
527 2109
528 535
528 902
529 674
529 2647
529 3372
529 5862
530 1564
531 856
531 3370
531 3919
532 3418
532 5439
533 652
533 736
533 1228
534 631
534 918
535 624
535 1374
535 2893
536 3532
537 1241
538 1202
538 3517
538 4208
539 1136
539 1398
539 2381
539 2911
540 602
540 1692
541 830
541 955
541 1554
541 2376
541 2607
541 2742
542 895
542 2336
543 2850
544 669
544 672
544 1237
544 1901
544 4943
544 5074
544 5170
544 5782
545 2720
546 680
546 2285
546 2510
546 2716
546 5042
547 964
547 3869
548 2027
548 4706
551 1734
551 3442
551 3723
551 4444
552 593
552 1323
552 1566
553 1923
553 5694
554 2252
554 2896
555 2739
555 4505
556 611
556 791
556 1844
556 3299
556 3448
556 3493
556 3884
557 584
557 2280
557 2430
557 2876
558 587
559 755
559 1477
559 1488
559 1700
559 1701
560 583
560 1759
561 1891
562 831
562 1966
563 1259
564 1118
564 1770
564 2276
564 2322
565 3725
566 1603
566 2366
568 614
568 1134
568 1931
568 2005
569 1123
569 3113
570 1137
570 2983
571 1069
571 4255
572 810
572 1308
572 3467
572 4244
572 4670
575 618
575 1027
575 1448
575 1752
575 2014
575 2127
575 2332
575 5420
576 760
576 774
576 2810
576 3555
576 5980
577 745
577 4164
579 617
579 969
579 2116
579 2318
579 4849
580 731
580 742
580 1532
580 5649
581 894
581 2782
581 2809
582 599
582 781
582 788
582 1007
582 1794
582 3688
583 682
583 2929
584 843
584 2282
584 3379
584 4485
584 5124
585 1393
585 4543
586 2090
586 2347
586 3075
586 3763
587 591
587 806
587 905
587 1192
587 1453
587 1588
588 744
588 887
588 3813
588 5385
589 1189
589 2605
589 2727
590 627
590 3560
591 3456
592 1096
592 2234
592 2324
594 1447
594 1757
594 5278
595 1868
595 3188
596 639
596 644
596 1812
596 3549
597 747
597 1104
597 1331
598 5822
599 2676
599 2869
600 5504
601 1094
601 1565
602 2514
602 2986
603 953
603 4994
604 1714
604 2088
604 4250
604 4863
605 780
605 3523
606 5845
607 911
607 2887
608 925
608 1629
608 1858
609 632
609 1710
609 4031
610 1004
610 1191
610 2677
610 3043
611 1106
611 2103
612 834
612 1222
612 3946
612 5751
613 952
613 1715
613 5415
613 5879
614 620
614 2933
615 4088
616 1150
617 873
617 1414
619 1390
619 1678
619 2257
619 5208
620 765
620 1233
620 1258
620 5923
621 1946
621 2314
622 951
623 1000
623 1723
623 3328
624 855
624 1232
624 2077
625 1750
625 3488
626 749
626 829
626 1691
626 2461
626 2682
626 4546
627 727
627 1103
627 2250
627 4237
628 819
628 1197
628 2143
629 2938
629 3296
629 4773
630 671
630 1397
630 1525
630 2310
631 1318
631 2733
632 1786
633 3975
634 1226
634 1291
634 2147
634 3950
634 4587
635 2148
635 2874
635 5527
636 1288
636 2424
636 2637
637 1263
637 1326
637 5581
638 938
638 1446
638 1941
638 4426
639 1058
639 4346
640 2803
641 3028
641 5229
642 1659
643 1515
643 3086
644 1090
644 1939
644 2603
645 665
645 2524
646 993
647 1172
647 5075
651 986
651 1408
651 1563
651 1927
653 823
653 1061
654 917
654 982
654 1064
654 1085
654 1542
654 2543
655 797
656 1275
656 5167
657 2021
659 966
659 1387
659 1977
659 3886
660 794
660 5607
662 5474
663 4155
665 1389
665 1781
668 2827
670 1174
670 3907
671 848
672 809
672 3470
673 1095
673 1619
673 1767
674 1919
674 4577
674 4821
674 5313
675 1983
676 1005
676 1373
676 2545
676 2659
676 3084
677 850
677 1016
677 4537
678 726
678 2538
678 4381
679 3308
679 3558
679 4074
681 689
681 801
683 1697
684 1718
685 2345
686 1254
686 2464
686 3564
687 1063
687 2372
688 1274
688 1444
688 2296
688 4070
689 2666
689 3038
689 3138
689 3553
690 785
690 2939
690 4007
691 885
691 1247
691 1333
691 1756
691 2034
691 3318
691 5111
692 715
692 1025
692 1876
693 870
693 881
693 1480
693 3037
694 2291
694 3121
694 4441
695 1253
695 1675
695 1693
695 3646
696 926
696 1002
696 4303
698 792
698 1428
698 2128
698 3195
699 4761
700 5720
701 782
701 4837
702 2936
703 777
703 2546
704 1216
705 2367
705 3202
706 1951
706 3509
706 3593
706 4650
707 839
707 1666
707 1957
708 1009
708 4730
708 5241
709 936
710 757
710 923
710 1534
711 754
711 800
711 1006
711 1213
711 1985
711 2750
711 3625
712 4903
713 1587
713 2146
713 2489
714 821
714 3741
715 913
715 1978
716 746
716 2722
718 1099
718 1178
718 1602
719 2638
719 5290
720 990
721 2387
721 5346
723 1509
725 2494
726 2444
727 1351
727 1442
727 2517
727 3171
728 3353
728 4490
728 5507
729 3241
730 1054
730 1112
731 1938
731 3633
732 3107
733 1574
734 812
734 1322
734 1375
734 2408
734 2916
735 3191
736 987
736 3265
737 909
737 1573
738 1168
738 2588
738 5416
739 1122
739 4595
739 5682
740 2307
741 3600
742 2799
743 1483
744 768
744 1694
744 2219
745 1743
745 2834
745 2937
746 2102
746 2392
748 904
748 4744
748 5978
749 1708
749 1785
749 4189
750 965
750 3550
751 3908
751 4755
752 793
752 3092
752 4620
753 890
753 2196
753 2590
754 941
754 4297
754 4668
755 5197
755 5351
756 790
758 1325
758 1395
758 5296
759 1778
759 2488
759 3039
759 4874
760 1472
760 2812
760 4023
761 842
761 1892
762 4552
763 981
763 1672
765 2625
766 943
767 2832
768 863
769 1252
769 5903
771 1411
771 1537
771 2658
772 822
772 1141
772 2632
773 928
773 1203
773 3408
773 3810
774 1912
775 779
775 1357
775 4137
776 1314
776 1608
776 3715
777 1075
778 4512
779 1186
779 2055
779 3814
781 1560
782 1270
782 3559
783 2768
784 857
784 1557
785 1932
785 2350
785 2618
785 4658
785 5761
786 1540
786 5689
787 1181
787 3152
788 1091
788 2346
789 1260
789 2721
790 5285
792 1745
793 804
793 1793
793 2114
793 5982
794 3210
795 1986
795 3058
796 1240
796 5309
797 1217
797 1403
797 2558
798 1121
798 1948
799 878
799 919
799 4281
800 841
801 4647
802 4786
802 5389
803 1474
803 3234
803 3412
804 2725
804 2807
805 1164
805 1610
805 2416
805 4618
805 5813
806 889
806 2593
806 3811
806 5037
807 2204
808 967
808 1330
808 2482
808 4141
808 5957
809 3087
810 1590
810 3257
810 4630
812 3394
812 5291
813 1731
814 1634
814 4294
814 5499
815 1209
815 3128
815 5817
816 828
816 871
816 3856
816 5627
817 3196
817 4337
818 903
818 1196
819 2818
819 4961
820 1084
820 1328
820 1362
821 1049
821 1618
822 2436
823 1744
823 2178
823 2339
824 1170
824 1478
825 1918
825 1955
826 2334
826 2875
829 932
829 4302
829 4518
829 5297
830 4438
831 3285
831 5002
832 1624
832 2789
833 5821
834 944
834 2496
834 4371
835 3618
835 4878
835 5434
836 1035
836 4086
837 2606
837 3681
837 3935
837 4824
838 1436
838 2858
840 1897
842 883
843 880
843 2800
843 4093
844 1285
844 1567
844 4042
844 4907
845 901
845 1625
845 2551
846 1180
847 1195
847 1695
847 2391
847 3011
848 959
848 2358
848 2958
848 3141
848 3545
848 4039
848 4291
849 1251
850 1595
850 1777
850 2272
850 2891
850 4380
851 1072
851 1504
851 1825
851 2166
852 1114
852 1278
852 3030
852 4055
853 2687
853 3825
854 2037
854 5450
854 5612
855 910
855 1864
855 5230
856 1034
856 3910
856 4162
856 5394
857 1937
858 1047
858 1713
859 968
859 1503
859 3687
860 2388
860 4266
861 1163
861 3536
862 1954
862 5198
863 2643
863 3349
864 1187
864 2860
865 5269
866 5199
868 1159
868 2630
868 3099
868 5122
869 2394
872 942
872 1491
872 4397
873 2078
873 3628
873 3748
873 4679
873 4812
874 2007
875 1082
876 5068
877 1539
877 4078
878 1581
878 4254
879 2539
879 2553
879 4767
880 1649
881 1214
882 1055
883 947
883 1628
883 4063
883 5153
885 2433
885 5442
886 2569
886 2847
886 5219
887 2410
887 3744
888 4656
889 2172
889 2586
889 3271
889 4811
891 1108
891 1151
892 2748
893 2420
894 929
894 1609
894 2592
894 3390
895 1569
895 2363
896 1440
896 1485
896 1861
896 3000
896 3484
897 1973
897 5707
898 5331
900 1529
900 5866
901 1042
901 1805
901 5611
902 3395
903 3044
903 3610
904 1132
904 1418
904 3302
905 958
905 1482
905 1903
906 1207
906 3654
907 1493
908 1019
908 1050
908 3698
909 1514
910 1359
910 1365
911 979
911 1142
911 5979
912 1354
912 1855
913 1303
913 5666
914 1505
914 2567
914 2631
914 4032
914 5621
915 3887
916 2942
917 4106
919 1459
919 3298
919 5028
921 1148
921 1546
923 1975
924 3279
925 1188
926 1991
927 1832
927 4052
927 4753
928 1029
928 1815
928 1992
929 1018
930 989
930 5149
931 3885
932 1113
932 3581
934 1074
934 1712
935 2293
936 2065
936 2082
936 3344
936 5204
937 1956
937 2838
938 975
939 2023
942 1735
942 2454
942 4572
943 1959
944 1224
945 1131
945 2403
945 5639
945 5841
946 970
946 3621
948 2084
948 2512
948 3272
949 1307
949 2049
949 4079
949 4689
950 977
951 1219
951 1655
951 2414
952 1533
953 1856
954 3001
954 3108
955 1396
955 2018
955 4841
955 5788
956 2529
956 4724
957 4121
958 1800
958 2261
959 1126
959 1223
959 2934
960 3485
960 5237
961 2133
961 2354
961 2873
963 2559
964 1057
964 3429
964 5251
965 1182
965 1423
965 3132
966 2612
966 3821
968 1024
968 1422
968 1551
968 2679
968 3184
968 4623
970 1378
971 1631
971 2736
971 3624
972 1435
973 1834
973 2231
974 1707
974 4089
974 4815
976 1230
977 2217
977 2811
977 4865
978 1166
978 1847
979 1828
979 3089
980 1909
981 1853
981 4797
982 1499
982 1859
982 3414
982 3838
983 1135
984 1088
984 1271
984 2900
985 1073
986 1206
987 1764
987 1967
987 4369
987 4544
988 3264
990 2902
991 1988
992 1127
992 3032
992 5071
993 1190
995 2301
995 4183
996 2773
996 5025
997 998
997 5304
999 1350
999 2001
999 2901
999 4640
1000 3892
1000 5195
1003 1076
1003 1296
1003 4633
1003 5488
1004 1412
1004 1544
1004 5320
1005 1125
1006 1340
1007 1030
1007 1458
1007 3914
1008 2107
1010 2330
1011 1066
1011 3140
1011 4053
1012 1645
1012 3665
1013 2995
1015 2243
1015 3268
1016 1486
1016 1945
1016 2674
1018 1882
1020 1154
1020 1468
1021 4118
1022 2848
1022 3937
1024 1250
1024 2734
1025 1231
1025 1500
1025 2341
1025 5343
1026 1245
1026 3897
1027 2260
1028 2253
1028 2271
1028 3473
1028 5033
1029 1658
1030 1394
1030 1661
1031 3930
1032 5232
1033 1617
1033 2515
1035 1138
1036 1143
1037 1441
1037 1703
1038 4527
1039 1045
1039 1935
1040 2636
1041 2297
1041 3217
1041 4993
1042 1298
1043 1062
1043 2641
1043 4256
1043 4617
1044 2627
1046 1056
1046 1169
1046 3537
1047 3076
1048 1334
1048 2890
1048 3780
1049 1556
1050 1176
1050 4716
1051 1109
1051 1942
1051 2652
1052 5483
1054 1835
1054 2531
1055 1282
1055 3630
1056 1194
1056 1431
1056 1689
1056 4160
1056 5942
1057 4851
1057 5784
1058 1305
1058 2534
1058 4319
1059 1347
1059 5310
1061 1087
1063 4912
1063 5526
1064 1348
1064 3544
1066 1449
1066 1665
1066 1728
1066 1833
1066 1848
1066 4700
1067 2155
1067 2779
1068 3154
1069 1788
1069 4234
1069 5329
1070 3123
1071 2562
1071 2564
1071 3042
1072 1591
1074 2949
1074 5300
1075 2118
1076 4561
1076 4927
1077 5635
1078 2244
1078 5777
1080 3413
1081 2382
1083 1416
1083 2397
1083 5049
1084 3495
1085 2099
1085 4681
1087 1200
1087 2004
1088 1577
1088 4044
1091 1267
1091 1685
1091 2051
1091 3109
1091 3496
1092 1120
1093 1410
1093 4585
1094 1255
1094 1585
1094 2327
1094 3305
1094 3700
1094 5361
1096 1452
1096 1741
1097 3989
1098 1575
1098 2500
1099 2389
1100 3749
1101 1386
1101 4778
1104 5976
1106 2164
1108 1638
1109 2335
1109 2806
1109 3169
1110 1999
1110 4508
1111 2022
1113 2180
1114 2772
1115 1652
1115 1733
1115 3201
1115 4558
1116 1183
1116 1831
1117 1674
1119 1836
1119 2554
1119 5722
1120 5403
1121 2191
1122 1424
1124 3499
1125 1804
1125 2120
1125 2945
1127 5270
1128 5674
1129 1915
1129 3852
1130 1139
1130 1345
1131 1405
1131 2033
1132 1264
1132 3870
1133 1426
1133 1677
1133 2851
1133 5640
1134 1257
1135 2804
1135 3599
1135 3653
1136 4109
1137 1454
1137 1795
1137 3848
1138 2845
1139 2113
1139 4675
1140 1845
1140 3409
1141 2707
1142 1811
1143 5152
1144 5212
1145 1640
1145 2645
1145 2709
1146 1406
1146 4242
1147 1711
1147 1997
1147 2315
1148 1613
1148 2136
1149 4224
1150 5342
1151 2274
1152 2203
1152 4567
1153 1947
1153 3358
1154 1686
1155 2239
1155 3017
1156 1676
1156 3921
1156 4450
1157 1683
1158 1421
1159 2045
1159 2689
1159 5303
1159 5717
1162 2129
1163 1917
1164 1342
1164 3995
1165 5137
1166 2281
1167 1860
1167 2909
1168 1944
1168 3065
1168 5624
1170 2798
1172 2521
1176 1782
1176 2053
1177 2377
1178 1922
1178 3807
1180 1614
1180 2198
1180 4289
1182 1372
1182 2578
1183 1621
1183 2177
1184 3407
1185 5695
1186 2640
1188 1286
1189 3230
1189 3591
1189 4227
1189 4271
1189 4324
1189 5460
1190 1221
1190 1297
1190 2401
1191 3452
1191 4921
1192 2726
1193 2208
1193 4061
1194 5524
1197 2182
1198 2656
1199 2390
1199 2579
1199 3371
1199 5713
1200 4461
1202 1506
1203 1900
1204 1437
1204 2216
1204 2872
1204 5781
1205 1863
1205 4399
1206 5203
1206 5207
1208 1369
1209 2050
1210 1281
1210 2233
1210 3178
1210 3374
1210 5130
1211 1790
1211 2840
1211 4180
1211 4285
1213 2926
1215 2646
1215 5517
1217 3738
1218 1391
1218 3781
1219 3007
1220 3192
1221 1516
1221 1979
1221 3752
1222 4161
1222 4387
1222 4665
1223 1696
1223 5145
1223 5362
1224 2227
1224 5003
1225 3468
1225 3956
1227 1906
1228 1654
1230 1370
1230 2158
1230 2277
1230 5746
1231 1490
1231 2751
1231 3424
1232 3199
1233 1415
1233 1548
1234 2149
1234 2458
1236 1293
1236 2978
1236 3796
1237 1429
1237 2868
1238 1484
1238 3791
1239 1295
1240 1961
1240 2152
1241 3193
1241 5022
1242 4982
1246 1277
1247 2095
1247 4448
1248 2237
1248 3267
1249 4239
1250 1830
1250 2186
1251 3410
1251 5079
1252 1749
1252 4249
1252 5538
1255 2855
1255 5596
1255 5922
1256 1502
1256 2556
1256 4684
1257 1280
1257 3460
1259 1273
1259 3316
1259 3754
1260 1419
1260 2571
1260 3782
1261 4550
1263 3721
1264 3594
1264 4138
1264 4900
1265 3860
1267 5881
1268 5218
1269 3389
1269 4997
1270 1808
1270 1862
1270 4507
1272 4278
1273 1819
1274 1593
1274 4283
1275 4402
1275 4607
1276 1594
1277 2038
1277 3205
1277 4592
1278 2251
1281 1842
1281 2188
1281 2498
1282 4420
1284 5405
1285 1524
1285 2017
1286 1970
1287 1384
1287 1670
1287 2412
1288 2326
1290 5913
1292 3083
1293 3660
1293 5752
1294 1571
1294 2621
1295 2741
1295 3322
1295 5934
1296 2581
1297 1407
1297 1724
1297 2140
1297 2718
1299 1684
1299 4006
1300 5558
1303 4284
1304 2511
1304 3062
1304 5128
1306 5882
1307 4154
1309 2413
1309 2547
1309 3672
1309 3971
1309 4158
1312 3686
1312 5544
1313 1818
1313 2820
1313 5168
1314 2032
1315 3924
1316 2248
1317 3057
1317 3875
1317 4539
1319 3457
1320 2207
1320 3643
1321 2126
1321 4453
1321 4901
1322 1455
1323 5916
1324 5200
1326 1920
1326 2797
1327 1963
1327 2680
1328 1473
1329 5350
1331 1368
1331 1381
1331 1399
1332 5214
1333 1438
1333 2796
1333 3297
1333 4043
1334 2316
1334 2730
1336 1492
1336 2459
1338 2749
1339 3072
1340 1541
1342 1583
1342 3903
1342 5935
1346 3828
1346 5776
1347 1434
1349 2072
1349 3955
1351 2907
1352 3197
1352 3708
1352 5088
1352 5105
1353 1866
1353 2580
1353 4750
1354 3021
1355 2063
1357 1878
1357 5428
1358 1376
1358 3437
1358 4099
1359 1821
1361 1470
1362 3889
1364 2903
1364 5887
1365 1508
1365 2431
1365 2758
1366 2506
1367 1747
1367 3548
1367 5658
1368 2041
1368 2052
1368 2428
1368 3266
1369 3186
1369 4056
1369 4378
1371 2344
1371 2402
1371 2615
1372 2323
1375 1518
1375 4240
1376 3804
1376 4720
1376 5721
1378 2423
1379 2331
1380 3014
1381 2110
1381 2513
1382 1467
1383 2507
1383 3529
1383 4413
1384 2144
1384 2319
1386 2831
1387 5699
1388 4771
1389 3985
1390 2548
1392 3282
1392 5287
1393 3106
1393 5095
1395 4933
1395 5539
1395 5650
1396 3056
1396 3878
1398 2169
1398 2228
1398 3031
1398 3778
1398 5446
1400 2483
1400 5493
1401 2884
1402 1433
1402 3719
1403 3771
1404 2783
1405 1461
1405 2495
1405 2533
1406 1965
1406 4220
1406 5829
1409 1465
1411 2302
1412 1776
1412 2552
1412 2985
1412 3917
1413 2899
1413 3640
1415 2962
1416 1772
1416 1899
1416 2232
1416 3082
1416 5747
1417 1510
1417 3562
1418 4317
1420 3627
1422 2226
1422 3729
1423 2101
1423 4696
1424 1425
1424 2708
1424 5583
1425 2075
1425 4580
1426 3238
1426 3669
1427 3680
1429 1549
1429 3858
1430 3737
1430 5188
1430 5731
1431 1716
1431 2286
1431 4791
1432 1791
1432 3355
1433 1930
1433 3163
1434 2089
1434 4049
1435 2835
1435 3204
1435 5662
1436 1763
1437 1852
1437 2445
1437 3304
1437 5179
1438 1751
1438 1910
1438 2877
1438 3219
1438 3419
1439 2062
1439 2675
1439 4475
1439 4614
1440 4386
1440 4830
1440 5054
1442 2474
1442 3098
1444 3164
1444 4513
1445 3798
1446 1522
1448 4216
1448 5732
1449 2737
1450 2943
1451 2364
1452 1765
1452 2384
1452 2663
1452 5317
1453 1647
1453 2698
1453 4635
1454 1874
1454 2460
1455 4948
1455 5327
1456 2880
1458 2516
1458 2724
1459 1914
1459 2016
1460 3574
1460 4985
1461 2039
1461 3024
1462 3722
1463 1998
1463 4243
1464 2984
1464 3854
1464 4796
1465 3968
1466 2162
1466 2846
1466 5162
1467 3916
1469 1656
1471 3347
1472 1526
1473 1846
1473 1894
1473 5910
1474 3259
1475 4456
1477 3823
1478 1538
1478 1688
1478 5355
1479 2509
1479 3961
1479 4398
1479 5632
1480 2555
1480 2959
1480 4785
1482 1667
1482 2906
1482 3609
1482 4472
1483 1826
1483 3697
1485 2879
1486 1921
1487 1668
1487 3694
1487 4480
1487 4611
1488 2503
1488 2528
1488 3772
1488 4209
1490 1641
1490 2153
1491 2029
1491 2399
1491 2795
1492 2566
1493 2094
1493 2634
1495 1883
1496 1545
1496 3041
1497 3684
1497 3800
1497 4828
1499 4003
1501 1657
1501 2328
1502 5094
1503 4219
1505 1669
1505 2210
1505 3516
1505 4859
1507 2383
1508 2584
1508 2710
1510 2508
1510 3969
1511 1648
1511 3313
1512 2815
1512 5076
1513 4756
1515 3235
1515 4410
1516 1797
1516 2440
1516 2587
1517 5763
1518 1929
1518 3656
1518 4350
1521 4483
1523 2060
1523 3061
1524 1528
1524 3278
1524 3376
1525 1813
1525 3330
1525 3364
1526 3338
1527 1760
1527 3421
1528 1680
1528 1725
1528 2852
1529 5906
1530 1896
1530 3673
1530 3794
1531 1802
1534 5030
1536 2373
1536 2480
1537 2972
1537 3288
1539 2449
1539 3629
1539 3978
1539 4745
1542 4197
1543 4115
1545 4214
1546 5718
1548 5759
1549 1898
1549 4034
1550 1799
1550 3745
1551 2633
1553 2242
1554 1699
1556 4223
1557 3438
1558 3143
1558 3761
1558 4563
1559 2159
1560 1993
1560 3183
1560 3926
1560 5399
1561 4833
1562 3289
1563 1854
1564 2054
1564 2518
1564 3295
1565 3119
1567 3613
1567 5789
1568 2130
1570 1968
1571 1806
1571 2771
1572 2664
1572 3047
1573 1679
1573 1801
1573 3080
1573 4217
1576 2192
1576 2757
1576 4036
1578 2520
1579 5497
1580 1758
1580 2295
1581 1606
1582 3097
1585 2523
1585 3863
1585 5575
1586 4409
1587 1605
1587 2026
1588 2472
1588 2723
1589 2778
1591 3383
1592 4196
1593 1904
1593 2074
1593 2170
1593 4395
1594 3773
1596 4671
1597 1779
1597 2927
1597 3832
1598 3585
1599 1623
1599 5077
1600 2205
1601 4165
1602 3051
1602 4253
1603 5253
1604 2105
1604 2278
1604 3012
1604 4085
1605 3095
1605 3584
1605 3847
1605 5160
1605 5715
1605 5948
1606 2469
1606 3382
1606 3948
1607 2300
1607 3993
1608 1753
1608 3314
1609 5734
1609 5805
1612 1877
1615 2690
1615 3726
1617 2996
1617 4423
1618 4987
1619 3644
1620 1726
1620 2425
1621 2660
1622 1633
1622 1682
1622 1814
1622 2743
1623 1643
1623 3167
1623 5799
1625 4414
1626 4725
1627 3822
1627 4277
1627 5500
1628 1687
1628 1732
1628 4368
1628 5323
1629 3291
1630 4683
1631 3830
1632 3661
1633 2081
1633 3420
1633 4612
1634 4139
1637 3507
1637 3631
1639 5656
1640 1651
1640 1705
1640 3717
1641 2040
1641 3133
1641 3776
1643 2100
1643 3114
1643 5476
1644 2842
1645 1784
1645 3142
1645 3801
1646 1721
1647 2066
1647 2123
1647 3462
1648 3893
1649 2484
1649 3622
1651 1995
1651 4215
1652 3504
1655 3829
1655 5150
1659 3310
1659 3588
1661 1662
1661 1824
1661 2409
1661 5395
1662 2657
1663 2268
1663 5505
1664 4924
1666 2788
1666 2871
1666 3005
1667 2754
1668 3034
1668 5964
1670 1943
1670 2340
1670 3882
1671 3524
1671 5093
1672 3525
1673 1738
1674 3587
1675 4606
1676 2085
1676 2122
1676 4869
1679 1771
1679 1798
1679 2111
1680 3597
1680 3984
1681 2011
1681 2572
1682 2697
1683 2780
1683 3620
1685 2883
1686 4415
1687 4910
1688 1755
1688 2839
1689 3541
1689 4787
1690 2187
1691 2308
1691 3616
1691 4925
1692 2442
1692 5265
1694 2284
1694 4776
1695 1839
1695 4221
1696 3934
1696 5096
1697 3453
1698 1774
1698 1869
1698 2577
1701 1902
1701 2481
1701 3050
1702 1926
1704 3451
1705 2947
1706 2601
1707 2163
1707 3016
1709 1964
1710 2626
1713 4274
1714 2193
1714 3416
1714 4029
1714 4198
1714 5373
1715 2770
1715 4130
1715 4404
1716 1722
1716 3124
1717 3655
1718 2611
1719 4729
1720 2421
1720 2644
1720 3309
1721 2561
1721 3790
1724 1807
1725 1928
1725 5177
1726 2892
1727 3842
1727 5113
1727 5396
1728 3604
1728 4299
1728 5275
1729 3501
1730 2222
1730 3841
1730 4024
1731 3491
1732 3619
1732 3765
1732 4288
1732 5477
1732 5955
1733 3339
1734 3577
1735 2168
1735 2866
1736 1994
1737 1885
1737 2349
1738 2575
1739 4188
1740 3757
1741 2769
1741 5915
1742 2044
1744 2808
1744 5018
1747 2230
1747 4886
1748 2541
1749 4172
1751 2304
1751 4211
1752 2451
1752 2463
1753 2218
1753 3972
1754 4590
1755 2206
1756 4760
1757 5457
1759 2609
1761 2649
1761 2655
1763 3115
1763 4923
1763 5298
1764 4425
1764 4682
1765 2091
1765 2190
1765 2492
1766 1989
1766 2470
1766 3440
1766 4040
1767 2167
1767 2213
1768 4757
1769 1952
1770 2975
1770 4108
1772 4094
1772 4304
1772 5951
1773 2068
1773 2171
1774 2712
1774 3003
1775 2434
1775 2439
1777 2279
1777 2573
1777 2695
1777 4050
1778 4899
1780 3482
1780 4831
1780 5364
1781 3027
1781 3707
1781 4203
1784 2411
1785 2303
1785 2765
1787 1933
1788 2161
1788 3573
1788 3912
1789 2642
1792 4939
1793 2131
1793 2407
1793 4447
1796 2595
1797 5883
1798 3258
1798 3466
1800 2681
1802 1838
1803 1881
1803 4127
1803 4562
1806 2064
1807 4514
1814 2570
1816 2704
1818 5736
1821 1953
1821 2096
1822 3676
1822 4574
1824 4123
1824 5661
1828 5938
1829 1849
1831 2833
1835 2255
1836 5909
1838 2249
1842 2910
1843 5069
1846 3739
1847 2124
1847 2776
1847 5299
1847 5723
1848 3399
1849 3185
1849 3320
1849 3755
1850 3229
1853 4970
1854 2746
1855 2031
1855 2753
1855 3125
1856 3526
1858 4588
1859 2973
1860 2918
1860 3423
1860 4463
1861 5345
1862 2311
1862 2881
1862 3746
1863 3213
1864 4502
1866 2030
1867 2270
1867 2497
1869 2229
1870 2333
1871 2275
1872 3245
1872 3348
1872 5335
1873 2793
1873 2969
1874 2181
1874 2290
1877 2713
1877 5473
1878 2752
1880 3607
1880 3943
1881 4803
1882 1905
1882 3220
1885 5576
1886 2759
1890 5491
1890 5889
1891 2550
1891 4305
1894 2343
1895 2370
1895 2790
1895 5501
1896 3994
1896 4182
1897 2092
1897 2157
1897 3033
1897 4058
1899 3105
1899 3365
1901 5085
1902 2568
1902 4880
1903 4065
1903 5665
1904 2457
1905 2830
1906 2385
1906 4146
1907 3117
1909 2047
1910 2197
1910 4871
1911 4379
1912 2970
1912 3670
1914 2009
1914 3103
1914 3844
1914 3896
1914 4861
1915 2015
1915 3002
1915 3223
1918 2036
1919 3454
1919 4328
1922 2125
1923 2438
1923 3980
1923 5633
1924 2537
1925 3867
1926 2269
1926 2289
1926 4087
1929 2648
1929 3929
1929 4375
1930 4661
1930 5393
1931 5380
1932 3096
1933 4193
1933 5344
1934 2184
1935 2667
1937 2071
1937 2380
1938 3671
1939 2020
1941 2165
1941 4325
1941 4637
1942 4066
1943 3427
1943 4952
1944 3352
1945 3465
1945 5319
1946 5182
1947 4534
1948 2435
1948 3706
1948 5956
1949 1950
1950 5876
1951 2766
1951 3401
1951 5589
1952 2000
1952 2283
1954 2405
1955 3226
1955 4382
1955 5735
1956 3888
1957 2325
1957 3415
1957 3750
1957 5448
1958 2043
1959 2714
1960 3253
1961 2406
1961 3161
1961 3857
1961 4774
1961 5106
1962 5271
1963 3428
1965 2008
1965 2614
1965 5099
1966 5758
1967 2764
1969 4307
1970 3049
1970 5311
1971 3958
1971 5654
1972 3369
1972 3546
1973 3059
1973 3126
1973 3244
1974 1984
1974 2763
1975 5161
1977 2478
1978 3843
1979 4892
1980 2991
1980 4009
1981 3029
1981 4336
1981 5530
1982 2957
1982 3743
1983 4713
1987 5302
1988 4575
1989 2861
1990 5057
1991 5917
1995 2097
1995 3135
1997 2360
1998 3137
1999 2087
1999 2856
2000 4102
2001 2256
2001 3004
2002 2654
2002 5432
2003 2112
2004 2048
2004 2563
2004 3329
2004 3787
2006 4358
2008 3764
2011 5521
2012 2966
2012 3890
2013 2212
2013 4388
2013 4449
2013 5190
2014 2715
2014 3232
2014 3469
2015 2175
2015 3512
2016 5089
2017 2888
2018 2865
2018 5471
2021 3273
2021 3662
2021 4564
2022 2106
2025 2935
2029 5814
2030 3703
2033 2317
2033 2711
2033 5765
2034 4996
2035 2132
2035 2843
2035 3692
2035 4206
2035 5010
2037 4467
2038 5205
2040 2046
2041 3840
2042 5436
2044 3270
2044 3510
2044 5453
2045 3077
2045 4669
2047 2176
2047 2582
2049 2119
2049 2735
2051 3963
2051 5564
2053 2610
2053 4432
2053 4918
2055 3149
2056 2059
2057 3769
2059 4549
2061 2501
2061 4486
2064 3357
2064 5475
2069 3239
2070 5965
2074 2519
2076 3386
2077 2781
2078 4768
2078 4960
2079 3799
2080 4310
2081 2466
2081 3286
2084 5147
2085 2792
2085 3015
2085 3387
2087 4122
2089 3250
2089 3877
2090 2685
2091 2356
2092 3777
2093 2823
2096 2199
2097 2703
2099 4075
2101 2142
2101 4248
2101 5131
2102 5115
2104 2174
2104 5129
2105 2264
2105 3487
2106 3447
2107 5939
2111 5737
2112 2702
2115 4186
2118 4012
2118 4365
2118 5873
2119 5550
2120 2195
2120 3701
2120 5008
2123 3155
2124 2476
2126 4416
2126 4686
2127 4478
2129 2705
2129 2747
2129 3174
2134 2622
2134 5365
2135 5808
2136 5653
2137 3497
2138 2236
2138 4769
2139 5850
2142 3054
2142 5678
2144 3603
2144 4581
2144 5545
2146 3753
2148 3025
2148 4340
2148 4372
2148 5143
2149 2179
2150 4798
2155 5806
2155 5912
2156 2828
2156 3147
2156 4940
2157 3674
2157 4860
2158 2357
2158 4276
2159 2826
2159 3756
2164 2432
2165 3957
2166 2292
2166 5634
2167 2353
2169 2214
2169 2240
2170 3023
2171 4389
2172 5512
2178 3036
2178 5859
2179 4457
2181 4464
2182 3443
2183 5570
2183 5779
2184 5202
2186 2977
2186 3596
2187 2338
2187 4727
2191 4838
2200 5838
2201 3384
2204 3502
2205 2266
2206 4267
2208 5281
2209 3026
2209 4353
2211 3215
2211 5864
2212 2450
2212 2982
2215 4228
2215 4740
2216 5192
2218 3052
2220 4885
2220 5201
2221 3506
2221 4645
2224 2950
2224 4719
2224 5466
2226 4609
2226 5793
2227 4599
2227 5601
2229 5098
2230 2913
2230 3494
2231 3073
2231 5273
2232 3733
2233 2238
2234 2299
2234 4688
2234 4779
2234 5236
2234 5559
2236 4710
2238 2342
2239 2493
2239 3833
2239 4958
2241 5516
2242 2320
2242 4200
2244 2417
2244 2762
2245 3366
2246 2273
2247 2374
2247 4163
2247 5091
2247 5217
2248 2447
2248 3216
2249 4788
2250 2490
2256 3714
2257 3766
2257 5875
2258 3923
2260 4660
2263 3659
2265 2854
2266 2368
2266 2429
2266 2591
2270 3345
2273 4559
2276 2589
2277 3760
2277 5531
2278 3492
2281 2819
2281 3861
2283 3177
2284 3334
2285 2791
2286 5557
2287 2623
2287 2628
2287 4772
2289 5551
2290 5072
2291 2549
2291 3225
2292 2491
2292 3040
2292 3343
2293 3430
2293 3685
2293 5012
2293 5548
2293 5834
2294 2755
2295 2619
2296 4332
2302 3324
2302 5835
2305 2897
2305 5755
2306 2941
2307 2502
2307 3815
2308 5411
2309 4971
2310 3605
2311 4762
2312 3803
2313 5047
2314 3398
2314 5225
2316 3880
2316 4213
2317 3134
2317 3568
2318 5591
2318 5867
2319 3293
2320 2378
2320 4144
2321 3865
2323 2683
2323 5764
2324 2536
2325 5055
2328 4793
2329 3170
2332 3331
2333 3567
2334 2999
2334 5767
2335 4489
2335 4995
2336 2895
2336 4207
2337 2841
2338 4231
2339 2479
2340 4054
2342 3820
2344 2814
2344 3986
2345 2894
2348 3111
2348 3713
2348 5831
2351 4474
2352 2729
2352 4733
2354 3906
2354 4619
2355 3276
2356 2471
2356 4359
2357 4868
2358 5470
2358 5582
2360 2930
2360 3779
2361 2396
2361 3602
2361 3641
2363 3231
2363 4569
2363 5349
2364 3513
2364 4742
2365 2837
2365 3990
2366 4345
2369 5041
2370 3650
2371 3959
2372 5250
2372 5372
2373 4591
2374 2624
2379 3635
2379 3642
2379 4128
2382 4600
2383 3417
2384 4411
2385 5884
2389 3872
2390 3565
2390 3793
2390 4966
2393 3927
2395 2968
2398 2882
2398 3514
2399 3758
2400 2756
2402 4752
2403 5337
2405 5974
2407 2989
2407 5492
2409 5425
2410 3388
2410 5549
2410 5560
2412 2419
2414 5803
2415 2596
2415 3853
2416 4072
2418 3866
2419 2602
2419 2613
2420 2693
2420 4972
2420 5363
2423 2467
2423 3402
2425 2912
2427 2504
2427 3735
2428 3249
2430 4157
2430 4616
2431 3240
2433 2598
2435 5397
2437 4466
2438 3055
2439 2849
2439 4421
2440 2635
2441 3206
2442 3090
2442 4664
2443 4928
2445 2794
2446 2878
2448 3953
2448 5568
2451 5610
2454 4596
2455 3377
2455 4192
2457 3426
2458 3652
2460 4225
2462 3575
2463 3100
2463 3130
2463 3818
2464 2948
2464 3834
2465 5347
2467 3881
2467 4603
2468 2867
2468 2998
2468 3146
2470 2963
2470 3118
2470 5026
2471 4241
2472 4329
2473 3689
2476 5407
2477 5118
2477 5242
2479 3987
2479 4090
2479 5325
2482 4493
2483 2688
2483 3475
2483 5744
2484 4322
2485 2544
2485 2738
2485 3626
2485 4334
2487 3695
2490 3503
2491 2784
2493 5878
2495 3122
2496 4212
2497 3552
2499 2701
2500 3784
2502 2961
2502 5944
2506 3162
2506 5133
2508 5247
2509 5031
2512 3434
2512 4898
2512 5330
2513 2661
2516 5067
2518 2542
2519 4038
2520 3534
2523 4848
2524 4810
2525 4697
2529 3521
2530 3359
2531 2532
2531 3066
2531 3583
2532 3292
2533 2694
2534 4743
2535 3960
2536 4526
2537 3306
2539 5753
2540 2600
2541 5547
2544 4945
2545 3851
2545 5647
2545 5750
2546 4037
2549 3406
2550 2760
2550 3091
2550 3996
2551 3783
2551 3874
2555 2574
2556 5430
2556 5622
2559 2653
2560 3022
2560 3446
2564 3699
2564 3970
2566 4715
2566 5053
2568 3891
2569 2885
2569 4185
2569 5318
2570 3102
2570 3490
2571 3498
2573 3187
2573 5502
2574 3242
2578 3158
2578 4190
2580 3868
2580 4097
2581 4990
2582 2761
2582 3068
2583 2785
2584 3432
2584 4458
2585 2813
2585 2946
2585 2976
2586 5268
2587 2857
2587 4287
2588 5206
2588 5902
2589 4396
2590 2805
2590 3527
2590 4171
2592 2673
2592 2825
2594 4649
2594 4827
2595 4008
2596 3166
2598 4454
2599 3243
2599 3732
2599 4153
2602 5691
2603 4942
2605 4551
2606 4832
2609 5437
2610 2787
2611 2651
2611 5165
2612 2665
2613 4362
2615 3190
2617 4376
2618 3218
2622 3913
2622 5528
2623 4636
2623 5741
2624 3449
2625 4451
2628 4836
2629 5138
2631 3283
2631 4615
2631 5441
2636 2732
2637 2862
2638 5024
2639 4077
2639 4096
2641 3144
2645 3224
2645 5080
2648 4800
2648 5366
2652 2979
2653 2924
2655 5100
2658 4999
2659 4659
2660 2859
2660 2914
2660 4218
2662 4309
2663 3483
2664 3500
2665 4604
2666 4344
2668 2816
2668 4021
2670 3254
2670 4374
2671 4279
2672 3679
2672 4968
2673 5959
2674 3019
2675 2824
2676 4613
2676 5804
2678 3181
2678 4690
2682 3439
2685 4947
2685 5890
2686 2740
2687 5968
2691 5034
2692 3770
2696 4452
2697 4817
2697 4818
2697 5598
2699 5142
2704 4000
2704 4377
2704 5820
2708 2802
2709 4314
2710 4195
2712 4547
2713 2777
2715 4491
2716 5898
2717 2863
2724 5908
2725 4341
2727 4156
2728 2853
2731 2993
2734 4906
2735 2904
2736 4984
2737 4343
2738 3827
2738 3904
2739 3909
2742 3085
2744 4313
2747 4875
2750 5011
2758 3393
2759 4934
2761 5169
2762 3020
2762 5126
2763 5620
2766 5800
2769 3445
2774 4783
2776 4230
2777 5503
2778 3251
2780 3069
2780 3519
2780 3967
2781 4980
2785 3954
2786 3262
2787 3976
2787 4842
2789 3139
2789 3657
2789 5052
2790 3008
2791 5359
2795 3150
2795 3566
2797 3332
2797 4026
2800 3368
2800 4487
2800 5924
2802 2990
2803 4125
2804 3200
2806 3335
2807 3894
2808 3931
2813 4766
2815 4145
2815 4624
2815 5060
2816 4517
2819 4506
2821 4033
2823 2864
2824 4443
2825 3788
2827 4169
2828 4726
2829 5807
2830 3145
2830 3614
2833 3182
2834 4348
2835 3360
2835 5151
2836 3211
2843 3551
2843 4642
2844 3363
2846 2915
2847 5865
2848 4775
2849 3071
2850 5279
2851 4143
2855 3053
2855 3578
2855 4765
2856 5786
2857 4149
2859 5522
2860 3511
2860 3988
2860 4789
2863 3129
2863 4434
2868 3489
2870 3281
2872 3176
2874 3678
2877 5196
2879 5894
2882 4936
2882 5224
2883 2905
2883 2964
2883 5184
2884 4355
2884 4503
2885 4602
2885 4674
2886 5795
2886 5954
2887 4937
2889 2952
2890 3301
2891 4112
2892 3325
2892 3592
2896 4111
2897 3045
2897 3131
2902 4257
2903 3400
2903 4236
2904 5144
2906 4321
2907 4820
2910 5043
2910 5791
2911 4308
2916 3104
2916 3928
2918 4148
2918 5645
2919 3522
2919 5092
2919 5256
2921 4691
2921 4946
2922 3590
2923 3222
2924 3528
2924 5494
2925 2951
2931 5374
2931 5511
2932 3336
2932 5555
2934 5899
2939 5358
2940 3303
2942 3341
2942 3683
2944 3116
2944 5158
2946 4919
2948 4083
2950 5280
2951 2994
2951 4300
2951 5783
2952 5571
2958 3481
2959 3920
2959 5139
2961 3944
2965 3381
2967 3375
2970 3637
2971 5183
2972 3079
2973 5877
2976 5481
2976 5972
2977 3060
2977 3088
2978 3237
2980 4264
2980 4407
2980 5797
2981 3340
2982 4523
2982 5518
2983 3634
2983 4525
2983 5613
2983 5738
2985 5565
2985 5943
2986 3598
2991 3247
2993 3207
2996 3153
2996 4692
2997 4492
2997 4545
2997 4698
2997 5257
2998 3074
2998 3576
2998 3977
2998 4529
2999 3275
2999 4693
3001 5044
3003 3110
3006 3939
3008 4120
3011 3101
3012 3168
3017 3651
3020 5459
3021 3312
3021 4015
3022 4702
3022 5778
3023 3422
3023 4177
3023 5109
3024 4269
3026 3645
3029 3127
3033 3189
3033 4068
3038 3356
3039 3081
3039 3411
3039 3561
3039 4657
3041 3508
3041 4151
3043 4363
3043 5410
3044 3228
3046 5757
3057 4764
3058 3727
3059 4002
3060 4356
3060 4367
3065 3378
3067 3157
3071 5171
3072 4687
3073 3277
3073 4941
3077 4799
3078 3648
3078 3965
3081 3165
3081 5154
3081 5233
3083 4979
3084 4897
3085 4129
3086 4016
3086 4887
3087 3136
3092 4568
3094 4829
3097 3663
3098 4132
3101 4131
3102 4405
3102 4784
3102 5066
3103 3846
3104 4468
3105 4521
3106 4731
3106 5387
3108 3862
3112 4890
3118 4846
3118 5255
3118 5698
3121 4366
3121 5537
3123 3179
3124 3638
3125 5643
3125 5655
3127 4116
3128 3740
3128 3795
3129 5368
3131 4908
3133 5014
3135 3461
3137 5315
3138 4268
3140 3317
3141 4174
3142 4150
3147 5172
3148 3535
3149 5468
3150 4142
3152 3505
3152 3658
3154 3542
3154 5116
3155 3579
3161 5146
3165 4235
3165 4473
3166 5464
3168 5904
3169 3691
3170 3290
3173 3570
3175 4685
3177 3477
3178 4530
3181 4962
3186 4184
3187 4589
3188 3287
3193 5090
3194 4854
3195 4992
3195 5671
3200 5754
3201 4573
3201 5708
3204 3260
3208 3280
3209 3476
3217 3883
3217 4076
3218 3385
3219 5690
3220 4864
3220 4967
3221 3431
3221 3839
3222 4850
3226 3606
3226 5375
3228 3835
3228 4320
3229 5210
3230 3730
3231 4019
3233 4011
3234 3563
3234 5716
3235 3716
3236 3284
3236 4152
3237 3941
3238 3709
3239 5260
3240 3850
3241 4911
3242 4226
3243 5677
3247 3925
3248 5314
3249 4501
3249 5748
3251 5065
3252 5760
3254 5785
3255 3979
3258 3589
3259 3539
3259 3623
3264 4819
3265 4542
3269 3718
3270 5078
3272 4814
3277 3520
3279 4315
3279 5861
3280 3933
3281 4135
3281 5925
3284 4610
3285 3319
3286 5277
3286 5301
3289 5616
3291 5543
3293 4976
3296 3647
3298 3612
3300 4728
3305 5015
3305 5209
3305 5243
3307 5017
3307 5962
3308 5891
3309 3396
3311 5484
3312 4535
3312 4625
3313 4723
3313 5623
3315 3323
3317 4739
3318 5276
3320 5048
3323 3981
3324 5266
3326 3945
3328 4134
3333 5119
3334 5429
3339 5120
3340 3533
3340 4295
3340 4390
3345 3397
3346 5819
3347 4333
3347 4988
3353 3831
3356 3405
3356 3805
3356 4883
3357 4159
3358 4553
3359 5378
3360 4722
3362 4252
3364 4133
3365 4965
3368 4082
3368 4638
3370 3789
3372 3403
3372 4025
3373 4780
3377 4422
3379 5771
3381 4204
3381 4809
3382 3636
3383 3531
3383 4081
3385 5027
3387 4519
3388 5379
3389 5594
3390 3702
3390 4856
3391 4536
3394 4048
3395 4327
3395 5035
3396 4455
3396 4737
3396 4932
3400 4653
3401 3404
3403 3547
3403 4126
3406 4667
3409 3518
3410 5412
3410 5579
3412 4629
3412 4652
3413 4969
3414 5840
3416 5595
3419 3571
3421 3639
3423 5625
3424 4124
3424 5729
3425 4051
3425 4357
3430 5356
3432 4098
3433 4634
3435 3704
3439 3696
3445 4167
3446 4931
3446 5762
3452 4312
3452 4879
3454 4246
3454 4905
3456 3898
3458 3608
3463 3855
3463 3879
3469 4847
3470 3864
3470 4795
3475 3859
3477 3991
3477 4736
3481 3557
3481 5535
3483 4107
3489 5773
3496 5173
3497 4238
3498 4593
3502 3751
3504 4632
3504 5223
3505 4187
3506 3705
3506 4476
3507 4364
3508 4435
3509 5585
3511 4373
3512 5848
3513 4735
3514 5007
3520 4178
3522 4430
3522 4498
3523 3826
3525 5469
3527 5953
3529 4045
3529 5221
3530 4481
3531 3677
3531 4100
3535 5135
3536 5485
3536 5743
3536 5830
3537 4977
3544 3724
3544 4259
3547 4296
3547 5400
3548 5869
3550 3819
3550 3905
3550 4210
3550 4597
3553 4418
3553 5681
3554 4873
3559 3899
3560 5794
3560 5824
3566 4191
3569 4894
3571 5371
3572 5211
3576 3667
3576 3964
3577 5692
3581 4062
3583 3767
3584 4092
3585 4417
3587 4119
3589 5823
3590 4666
3592 4270
3593 4802
3595 3817
3595 4046
3598 3983
3599 4712
3600 5227
3603 5316
3613 5619
3615 3915
3615 4741
3616 5853
3618 3951
3618 4110
3620 4548
3628 5059
3630 4867
3631 4676
3632 4770
3634 3902
3634 5282
3635 3922
3635 4858
3637 3816
3639 4496
3644 3774
3644 3936
3644 4342
3646 4813
3647 3734
3649 4477
3649 4959
3651 5532
3652 4794
3653 5249
3657 3675
3657 4431
3659 4560
3660 4711
3661 3775
3662 4714
3662 5802
3663 4732
3663 5321
3663 5810
3665 4822
3665 4957
3668 4292
3671 5140
3676 3710
3676 4628
3676 4843
3678 4394
3681 5973
3684 3690
3685 4057
3691 4073
3695 5580
3695 5981
3699 4738
3708 5392
3712 5141
3713 4576
3716 5382
3717 5390
3718 3785
3719 3849
3719 4511
3720 3797
3720 4339
3721 5928
3724 4069
3725 3808
3727 4349
3729 4718
3729 4917
3734 4701
3734 4805
3738 5573
3739 3742
3741 5414
3747 4393
3748 4170
3752 3759
3754 4445
3755 5787
3762 4557
3764 4578
3764 4949
3766 5353
3771 5664
3777 5706
3779 4095
3780 4963
3785 4565
3788 4499
3788 5719
3790 5651
3793 4909
3795 4654
3795 4870
3796 4175
3796 5929
3797 3895
3797 4663
3802 4316
3803 5870
3806 5110
3811 5245
3813 4781
3817 4173
3817 4433
3818 3962
3818 4749
3820 5617
3823 5780
3826 3932
3832 4427
3839 4166
3840 5584
3841 4598
3848 4084
3868 5087
3872 4080
3874 4944
3876 4293
3876 4531
3880 3992
3883 4460
3885 4651
3886 4114
3888 4140
3888 4261
3892 4001
3895 5930
3897 5812
3901 4105
3902 4258
3903 4465
3903 4839
3907 5523
3913 5641
3916 5608
3924 4747
3924 4816
3925 5520
3932 4005
3935 4030
3936 5644
3939 4014
3939 4272
3942 5418
3943 4677
3943 5931
3944 5727
3945 4147
3947 5391
3958 5308
3958 5454
3959 4370
3963 4017
3964 5016
3967 4437
3968 5593
3968 5857
3972 4646
3975 5597
3980 4022
3985 5871
3993 4705
3998 4673
3999 4751
4001 5051
4006 5383
4007 4027
4007 5039
4011 5248
4012 5961
4026 5005
4034 4280
4034 4643
4037 4983
4038 4071
4038 5001
4039 4301
4039 5827
4041 5284
4046 4554
4047 4361
4047 4989
4049 4583
4055 4205
4056 4391
4059 4488
4060 5370
4063 5274
4075 4504
4079 4247
4079 4538
4082 5489
4084 4605
4084 4703
4085 5114
4086 5756
4089 4808
4089 4986
4089 5180
4092 4484
4092 4717
4094 4641
4106 5832
4111 4853
4117 5533
4120 5672
4124 5724
4125 4229
4131 5969
4132 5006
4137 4282
4141 4991
4141 5104
4143 4801
4143 5770
4144 4804
4144 5101
4149 5332
4152 5600
4157 4882
4157 5288
4162 5107
4163 4352
4165 4383
4165 5056
4165 5774
4167 5590
4172 4326
4174 4262
4176 4347
4181 4202
4181 5927
4182 4401
4184 4424
4185 4826
4185 5509
4187 5631
4188 4902
4193 5193
4198 5020
4198 5775
4200 5514
4201 4974
4201 5367
4203 4953
4205 4408
4220 4759
4226 4522
4226 5825
4227 5108
4229 4428
4231 4754
4241 4662
4242 4777
4243 4586
4246 5562
4248 4385
4252 4392
4255 4306
4259 4275
4264 4594
4266 5461
4273 5213
4277 5856
4280 5084
4281 5702
4283 5525
4294 5186
4299 5295
4303 5769
4305 5851
4308 5730
4312 5742
4321 4721
4327 5046
4328 5546
4329 4866
4330 4930
4332 4335
4336 4881
4336 5388
4337 4459
4337 4840
4343 5062
4347 5222
4348 5798
4352 5833
4353 5386
4354 5506
4358 5123
4358 5445
4360 4895
4366 4429
4368 5586
4370 4621
4370 5121
4372 4515
4376 5063
4377 4655
4383 5226
4385 4964
4387 4442
4388 5696
4389 4406
4393 5187
4396 5657
4411 4891
4411 5045
4413 5826
4413 5843
4424 5670
4432 5519
4433 5849
4435 5292
4438 4571
4438 5419
4439 4608
4443 5061
4445 4556
4448 4471
4449 5714
4453 5286
4454 5726
4463 5348
4468 5097
4473 5426
4481 5529
4492 4579
4493 5073
4494 4708
4495 4707
4497 5860
4498 4758
4501 5572
4504 5443
4512 4695
4513 5431
4517 4584
4518 5663
4522 4672
4526 4956
4530 4541
4531 5688
4534 5174
4536 5444
4539 5185
4546 4699
4547 4896
4551 5136
4555 5102
4561 5652
4569 4746
4570 4913
4575 5148
4575 5960
4593 5452
4605 4862
4608 5566
4613 5215
4615 4704
4617 5413
4619 5574
4631 5967
4636 4678
4636 5000
4637 4975
4648 5907
4649 4981
4649 4998
4649 5478
4650 5513
4651 5614
4655 5542
4657 5021
4658 4926
4659 5561
4663 4694
4672 4922
4676 4709
4676 5306
4676 5660
4681 5637
4687 5070
4688 5847
4691 5333
4699 5792
4707 5339
4713 5240
4715 4978
4720 4782
4724 5360
4725 4916
4735 5424
4741 5032
4742 4973
4743 4790
4749 5262
4752 4844
4757 5125
4768 5918
4794 5235
4799 5977
4807 5486
4809 5178
4810 5398
4820 4954
4821 4823
4822 5900
4828 5322
4841 5926
4847 5480
4848 5963
4859 5112
4859 5693
4864 5885
4864 5949
4865 5004
4867 5064
4869 5892
4880 5642
4880 5816
4884 5705
4885 5283
4886 4955
4895 5083
4895 5326
4895 5604
4897 5933
4902 5842
4903 5618
4908 5166
4914 5975
4916 5983
4919 5267
4919 5966
4929 5704
4936 5467
4945 5036
4945 5239
4958 5438
4958 5669
4967 5728
4967 5852
4975 5307
4986 5745
4987 5766
5009 5712
5016 5739
5028 5082
5031 5264
5040 5675
5042 5369
5045 5086
5049 5352
5061 5103
5061 5409
5064 5376
5067 5194
5074 5495
5077 5451
5094 5134
5095 5592
5096 5417
5097 5189
5102 5606
5104 5334
5108 5711
5115 5636
5123 5680
5125 5402
5130 5324
5134 5668
5141 5587
5146 5534
5171 5421
5172 5220
5194 5244
5199 5588
5202 5896
5222 5863
5231 5401
5236 5554
5243 5801
5250 5749
5255 5872
5262 5828
5265 5553
5268 5408
5283 5839
5287 5710
5290 5768
5292 5667
5305 5646
5315 5629
5325 5628
5331 5456
5369 5673
5379 5638
5380 5858
5404 5855
5415 5970
5421 5515
5423 5697
5431 5946
5449 5686
5453 5508
5455 5700
5455 5952
5463 5725
5479 5496
5484 5941
5486 5676
5490 5609
5490 5772
5510 5569
5514 5947
5519 5679
5540 5541
5552 5577
5558 5920
5567 5684
5583 5836
5588 5854
5598 5880
5600 5893
5613 5790
5635 5846
5638 5815
5641 5971
5653 5659
5662 5901
5688 5733
5694 5945
5720 5796
5758 5844
5774 5958
5836 5914
5872 5897
5891 5911
5912 5936
