4666 3679
1 2
1 11
1 35
1 356
1 569
1 1371
1 4022
2 3
2 4
2 12
2 21
2 40
2 169
2 350
2 852
2 1296
2 2767
3 14
3 17
3 110
3 111
3 659
3 2462
3 2536
3 3807
3 3982
4 5
4 6
4 10
4 26
4 88
4 969
4 1078
5 16
5 509
5 579
5 793
6 7
6 9
6 29
6 34
6 476
6 577
7 8
7 15
7 140
7 1985
8 44
8 198
8 2339
9 13
9 76
9 165
9 2975
9 3556
10 36
10 60
10 83
10 127
10 139
10 213
10 259
10 581
10 1227
10 1333
10 1461
11 46
11 119
11 121
11 161
11 191
11 758
11 3933
12 31
12 61
12 70
12 85
12 102
12 239
12 357
13 28
13 50
13 78
13 162
13 473
13 492
13 1451
13 1707
14 53
14 155
14 1250
14 1263
15 19
15 22
15 96
15 105
15 772
15 970
15 1010
15 3594
16 18
16 55
16 81
16 170
16 436
16 4427
17 103
17 158
17 765
18 20
18 52
18 97
18 160
18 255
19 84
19 236
19 238
19 423
19 1674
20 23
20 58
20 68
20 89
20 549
20 699
20 1474
20 1484
21 30
21 42
21 95
21 1178
21 1874
21 2099
21 2730
22 25
22 37
22 241
22 1239
22 4620
23 24
23 67
23 126
23 516
23 560
23 1110
23 3291
24 54
24 56
24 57
24 862
24 2519
24 4028
25 59
25 69
25 550
25 576
25 1276
25 3444
26 27
26 79
26 244
26 399
26 568
26 2091
26 2609
26 2643
27 32
27 33
27 49
27 93
27 188
27 484
27 829
27 987
27 1361
28 72
28 101
28 144
28 749
28 2660
28 4006
29 218
29 485
29 1496
30 106
30 216
30 933
30 948
30 976
30 4113
31 41
31 87
31 868
31 4662
32 166
32 519
32 892
32 966
33 38
33 39
33 45
33 434
33 2650
34 51
34 66
34 129
34 292
34 1095
34 1231
34 2087
35 47
35 109
35 289
35 3655
36 442
36 2022
36 3287
36 3512
37 122
37 133
37 189
37 713
37 787
37 1082
37 1288
37 3057
37 3366
37 4361
38 92
38 301
38 1002
39 2929
39 3908
40 43
40 173
40 251
40 334
40 450
40 738
41 65
41 240
41 242
41 664
41 761
41 824
42 132
42 287
42 303
42 571
42 2473
42 2546
43 48
43 112
43 1101
43 1426
43 1757
43 2060
44 986
44 1964
44 2989
45 142
45 205
45 208
45 417
45 1898
45 2320
45 3309
45 4085
46 62
46 73
46 82
46 546
46 2865
47 136
47 153
47 178
47 474
47 895
47 2486
48 80
48 183
48 193
48 284
48 388
48 3103
49 86
49 678
49 1270
50 108
50 143
50 179
51 190
51 393
51 780
51 4180
52 75
52 655
52 848
52 1952
52 2639
53 71
53 204
53 888
53 1017
53 3461
53 4225
54 130
54 638
56 215
56 408
56 426
56 547
56 2130
56 2663
57 64
57 237
57 506
57 592
57 2685
57 3850
57 4491
58 392
58 501
58 2601
59 99
59 104
59 642
59 3152
59 3836
60 63
60 206
60 266
60 785
60 2496
60 3478
61 258
61 341
61 352
61 818
61 1054
61 1136
61 1196
61 1312
61 1528
61 3218
62 227
62 671
62 1543
62 1643
63 603
63 776
63 2151
64 220
64 265
64 363
65 875
65 946
65 3571
66 150
66 151
66 288
66 421
67 77
67 626
67 653
67 2478
67 3190
68 115
68 283
68 330
68 403
68 488
68 3013
69 167
69 367
69 2047
70 128
70 131
70 159
70 444
70 1549
70 4042
71 1272
71 1352
72 74
72 174
72 1641
72 1963
72 2089
72 2195
73 98
73 182
73 270
73 329
73 610
74 194
74 845
74 2113
74 2289
75 235
75 246
75 256
75 332
75 419
75 1005
75 1134
75 2977
76 141
76 245
76 384
76 982
76 1535
77 229
78 347
78 630
78 971
79 375
79 725
79 3644
80 149
80 469
80 1388
80 1822
80 2700
81 2464
81 3847
82 91
82 118
82 134
82 755
82 2661
83 413
84 120
84 2053
84 2711
86 221
86 1055
86 2429
87 348
88 570
88 1769
88 2347
88 2716
88 2734
89 90
89 100
89 314
89 981
89 1362
89 2575
90 778
90 1400
91 261
91 267
91 859
91 1408
92 94
92 135
92 595
92 1268
92 1350
92 2103
93 137
93 176
93 232
93 293
94 611
94 680
94 1245
95 342
95 1914
95 2869
96 164
96 308
96 2044
96 2991
96 3257
97 181
97 300
97 889
97 1500
97 1912
97 2333
97 3029
98 114
98 123
98 200
98 305
98 527
98 1745
98 3027
98 3610
98 3818
98 4349
99 361
99 478
99 481
99 777
100 107
100 147
100 280
100 3955
101 446
101 515
101 1490
102 196
102 604
102 643
102 815
102 915
102 1434
103 113
103 209
103 214
103 219
103 1299
103 3181
104 637
104 1020
105 323
105 2399
106 247
106 382
106 704
106 872
108 117
108 335
108 435
108 3078
109 372
109 391
109 958
109 1222
109 2285
109 2562
110 298
111 867
111 1616
111 3306
111 4321
112 125
113 116
113 157
113 3007
114 1671
114 1764
115 146
115 414
115 493
115 1509
115 2784
116 217
116 360
116 733
116 1396
116 2935
117 148
117 180
117 1398
117 2021
117 3745
118 252
118 313
118 989
119 124
119 163
119 475
119 2857
120 333
120 1266
120 1554
120 4543
121 201
121 202
121 1491
121 1740
123 432
124 145
124 285
124 385
124 639
124 1692
124 1887
124 3672
125 3487
126 731
126 863
126 1826
127 228
127 249
127 264
127 278
127 344
127 2393
128 272
128 822
128 2956
128 3004
129 138
129 186
129 207
129 528
129 2556
130 177
130 398
130 689
130 1248
130 1610
131 900
131 1708
131 3437
132 364
132 487
132 1097
133 184
133 262
133 1652
133 2062
134 345
134 4393
135 233
135 366
135 697
135 968
135 3348
136 331
136 340
136 368
136 1084
136 1318
136 2737
137 185
137 322
137 373
137 1153
137 3187
137 3367
138 1049
138 2567
139 3386
140 156
140 168
140 553
140 1238
140 1993
141 402
141 724
141 837
141 901
141 1092
141 1331
141 3042
141 3396
141 3573
142 1387
142 1681
143 324
143 654
144 253
144 2550
144 3362
144 3634
145 257
145 1004
145 2211
146 187
146 635
146 803
146 1805
146 2937
146 3021
146 3630
147 152
147 312
147 573
147 1050
148 2813
149 172
149 1561
149 2483
149 2605
149 2727
150 154
150 243
150 1207
150 4021
151 453
151 730
151 2098
151 2933
151 3372
151 4397
152 197
152 212
152 551
152 1122
152 2698
152 3525
153 351
153 1235
154 296
154 608
154 1932
154 2438
155 670
155 1505
157 374
157 1244
157 1529
158 1087
158 1837
158 3825
158 4246
159 541
160 1194
160 1303
160 2230
160 4420
161 195
161 353
161 404
161 1819
161 2171
162 311
162 4192
163 734
163 907
163 950
163 1038
163 1454
163 2460
163 2945
163 4121
164 250
164 281
165 171
165 175
165 223
165 290
165 2341
166 192
166 523
166 1146
167 463
167 2392
167 4465
168 230
168 295
168 1113
168 2596
169 338
169 885
169 1253
169 2202
169 2313
170 225
170 424
170 465
171 4102
172 2990
172 3352
172 4156
172 4378
173 260
173 271
173 504
173 4100
173 4257
174 742
175 224
175 2257
175 4396
176 428
177 199
177 842
177 1690
177 2023
177 2182
178 628
178 1682
178 4154
179 510
179 3555
180 234
180 254
180 479
180 692
180 1060
180 1856
181 275
181 336
181 452
182 327
182 566
182 3381
183 2581
184 319
184 537
184 802
185 316
185 477
185 934
185 935
185 4264
186 378
186 1547
186 2256
186 3851
187 355
187 531
187 735
187 1029
188 1637
188 3753
189 834
189 1081
189 1277
190 226
190 317
190 1048
191 279
191 297
191 431
191 796
191 1384
192 1930
193 248
193 1625
193 3663
194 369
194 1279
194 1322
194 3643
195 503
195 996
196 3861
197 294
197 416
197 1607
198 222
198 277
198 328
199 203
200 3843
200 4139
201 211
201 273
202 210
202 274
202 613
202 1706
202 1750
202 3604
202 4143
203 343
203 418
203 494
204 386
204 410
204 471
204 618
204 2213
204 4066
205 737
205 806
205 2984
205 3530
207 1354
208 521
208 2205
208 3523
208 4134
209 1407
209 1842
209 3035
210 2239
211 1037
212 370
213 231
213 304
213 325
213 389
213 836
213 1748
213 2207
213 2227
214 2787
215 1557
215 1894
215 2161
216 282
216 1688
217 309
217 358
217 1728
217 3541
218 1001
218 2011
218 2810
219 811
219 957
219 4210
220 2073
220 3375
221 1024
221 1338
222 854
222 3110
223 286
223 400
223 457
223 1041
224 440
224 590
224 1105
224 1302
224 2096
224 2750
225 663
225 930
226 409
226 631
226 722
227 390
227 2158
228 269
228 808
228 1335
229 805
229 2371
229 3288
230 263
230 495
230 1313
230 3240
231 1189
231 2128
232 466
232 2744
232 4441
233 406
233 1202
233 4638
234 2583
234 3533
236 326
236 1282
237 302
237 310
237 1201
237 2756
237 3937
237 4405
238 700
238 2434
238 3178
239 647
239 1114
239 1315
241 984
241 3363
242 584
242 1442
242 3241
243 1342
243 1704
243 3550
244 739
244 1336
245 857
245 1254
245 2359
246 306
246 339
246 835
246 990
246 1033
246 4101
247 321
247 564
247 783
247 1085
247 1243
247 1319
247 1710
248 307
248 535
248 1871
248 3972
249 401
249 598
249 674
249 1558
249 2409
250 425
250 555
250 949
250 1147
251 3849
252 276
252 299
252 646
252 866
252 1847
253 540
253 945
253 3502
254 383
254 486
254 511
254 558
254 899
254 2657
255 433
256 757
256 2255
256 2541
256 3242
257 612
257 865
257 1267
257 1918
257 4535
258 437
258 743
258 3165
259 4110
260 1124
261 449
261 499
261 633
261 2121
261 4145
262 379
262 823
262 1431
263 268
263 1137
263 1864
264 539
264 622
264 1394
265 349
265 445
265 719
265 3345
266 359
266 362
266 455
266 524
266 1758
266 2349
266 4211
267 1345
268 320
268 2843
268 2944
269 1278
270 1190
270 1192
270 2447
271 779
271 1212
271 1890
271 2304
272 1705
272 2875
273 588
273 1809
273 2172
275 1567
275 2538
276 960
277 3207
278 1397
278 1928
279 376
279 3428
280 522
280 813
280 1921
280 4658
281 380
281 397
281 411
281 753
281 767
281 980
281 1224
282 1129
282 3026
283 315
283 394
283 2217
284 614
284 1569
285 559
285 1044
285 2545
286 354
286 377
286 396
286 1046
286 2666
287 291
287 683
287 821
287 1061
287 1170
287 1560
287 4061
288 365
288 490
288 1291
288 2199
289 371
289 427
289 1527
289 1634
290 606
290 1107
291 395
291 640
291 1746
291 1778
291 2282
292 1624
293 732
293 925
293 1234
293 1247
294 634
294 705
294 3295
295 1488
295 2153
296 574
296 1452
297 1468
297 2542
298 1882
298 2879
299 886
299 1579
299 3224
300 536
300 597
300 795
300 843
300 1006
301 607
301 694
301 763
301 2403
302 4040
303 518
303 4060
303 4178
304 2613
304 3660
305 456
305 1064
305 1550
305 1929
305 3016
306 1293
307 599
307 696
307 1226
309 381
309 430
309 1135
309 1744
310 690
310 2140
311 820
311 1281
311 1619
312 1130
312 2560
313 2232
313 2921
315 624
315 1014
316 337
316 994
316 3012
317 318
317 346
317 2261
317 2972
318 1205
318 2155
319 720
319 764
319 911
320 973
320 1375
320 2056
320 3336
321 1128
321 3561
322 587
322 3120
322 4009
323 3185
325 454
325 1159
326 451
326 1073
326 1174
327 467
328 959
329 672
329 770
329 938
329 1209
331 828
331 833
333 443
333 508
333 1599
333 1695
334 420
334 498
334 600
334 711
334 825
334 941
334 4200
335 448
335 545
335 583
335 954
336 593
336 775
336 1629
336 4056
337 1462
337 2439
338 3211
339 855
339 913
339 1553
339 1880
339 2013
339 3965
340 2173
341 1021
342 953
342 1346
342 1541
342 2063
342 2309
344 741
344 782
344 4605
346 1043
346 3119
346 3837
347 470
347 3728
348 2400
348 3433
349 387
349 1026
349 4436
351 596
351 1127
351 2386
352 1726
352 1796
352 2827
354 422
356 706
357 543
357 648
357 1019
357 3692
357 3796
357 4142
358 1464
358 4654
359 464
359 717
359 810
359 1242
359 3707
360 1076
360 1901
360 2323
360 4014
362 662
362 1236
362 1256
362 2554
362 2860
362 2890
363 497
364 438
366 412
366 580
366 1162
366 4127
367 472
367 507
367 615
367 1525
367 1833
367 1979
367 2526
367 2800
367 4434
368 1262
368 1782
368 2793
368 3346
369 405
369 605
369 1198
369 1831
369 2417
369 4623
371 2754
371 3079
372 721
372 1220
372 2216
373 691
374 1860
374 4047
375 789
375 1106
375 2090
375 2443
376 594
376 2200
377 500
377 2585
378 461
378 1286
379 533
379 591
379 880
379 1605
379 3445
379 3886
379 4628
381 480
381 684
381 1056
381 1947
382 1571
383 1585
383 3801
384 712
385 552
385 4599
386 1131
387 1538
387 1969
387 3424
387 3988
388 491
388 922
388 4470
389 1611
390 682
390 1730
390 3086
391 652
391 2329
391 2987
392 1086
393 441
393 896
393 2880
395 1499
395 2280
395 2902
396 1999
397 462
397 972
397 2356
397 3349
398 1015
398 1040
398 1678
398 3133
398 3422
399 644
399 745
399 3495
400 927
401 447
402 407
402 1138
402 1578
403 3220
404 415
404 429
404 1482
405 1870
406 513
406 974
407 661
407 4501
408 710
409 1328
409 2627
409 3077
410 1638
411 1022
411 2952
411 4107
412 1403
413 602
413 840
414 3117
415 747
415 2300
415 4151
415 4545
416 1152
416 2279
417 468
417 651
417 1349
417 2076
417 2220
417 2994
418 621
418 2104
418 2377
419 860
419 1617
420 530
420 1203
421 861
421 2059
422 458
422 525
422 2735
422 3979
422 4448
423 565
423 636
423 728
423 1675
424 1845
424 4651
426 2841
426 3615
427 1628
427 3538
428 740
428 3159
429 687
430 645
430 874
431 439
431 774
431 1717
431 1950
431 2345
431 2504
432 459
432 529
433 460
433 708
433 1514
433 1734
433 3028
434 4288
435 3065
436 931
436 3451
436 3741
437 3121
438 851
438 1193
438 3253
439 660
439 1065
439 2043
440 1118
440 1145
440 1311
440 1910
440 2184
440 2808
441 2166
441 2955
441 4140
443 847
443 1099
443 1275
443 2931
444 729
445 2799
445 3909
446 832
447 961
447 977
447 2116
447 2332
447 2357
447 4187
448 548
448 746
448 1995
448 3009
448 3747
449 748
449 1551
450 2502
451 1079
451 1953
452 483
452 1718
452 2798
452 3068
453 797
453 918
453 1788
454 514
454 936
454 2179
454 3337
454 4418
455 707
456 1155
456 1791
457 482
457 701
457 883
457 1404
457 4407
458 997
458 1453
458 1889
459 1647
459 1657
459 3881
461 723
462 693
462 804
462 2918
463 650
463 1117
463 1684
463 2385
464 1143
465 489
465 1011
465 1409
465 1761
465 2042
466 629
466 675
466 688
466 1357
466 2814
466 4099
467 1428
469 921
469 1108
470 505
470 1600
470 4193
471 1968
471 3510
472 554
472 4390
474 956
474 2334
474 2485
475 496
476 999
476 2175
476 2472
476 3695
478 1109
479 1588
479 2242
479 2459
480 502
480 563
480 819
480 2337
481 685
481 3657
482 2770
482 4542
483 534
483 1204
483 1292
484 619
484 788
484 1074
484 1922
485 532
485 881
485 2704
486 1633
486 2046
487 2506
488 561
488 754
488 2118
488 4149
489 609
489 1320
489 1813
489 2449
490 703
490 850
490 1111
490 3080
491 4346
492 932
492 1502
492 4096
493 667
493 1430
493 2633
494 526
494 2120
495 2731
496 538
497 686
498 1156
498 1305
498 2064
499 951
499 2180
499 3201
499 3469
502 512
502 1221
502 1495
503 542
503 623
504 2883
505 617
505 2262
505 3506
506 632
506 1228
506 1423
507 856
507 2015
507 2055
507 2367
509 575
509 916
509 1167
509 1316
509 2708
510 578
510 585
511 2016
512 917
512 998
512 2192
513 702
513 3482
514 517
514 520
514 914
517 1858
517 2219
517 3298
518 627
518 4108
519 2863
519 4389
520 2773
521 2281
521 4268
522 1714
522 1834
522 2004
522 2471
523 556
523 1051
523 3088
524 2296
524 2375
524 2668
525 752
525 1552
527 1581
527 2713
528 562
529 1104
530 928
530 1596
531 1036
532 985
532 3519
533 616
533 751
533 3549
534 768
534 1944
535 1332
537 1126
537 1219
537 1507
538 669
538 2709
539 1440
539 3025
539 3474
540 544
540 841
540 1693
540 1776
540 4443
541 557
541 2244
542 2610
543 831
543 3731
543 4097
544 1269
545 1294
545 1470
545 4489
546 2048
546 2913
547 1587
548 744
548 1568
548 1719
548 3259
549 715
549 1255
549 2037
549 2917
550 1850
551 567
551 975
551 1523
551 2398
551 4271
552 3878
554 601
554 1149
554 2039
555 993
556 929
556 4019
556 4630
557 1176
558 3384
559 3841
560 2615
561 1195
562 1188
563 582
563 1783
564 1359
564 2751
565 1389
566 572
566 2181
566 2873
567 586
569 2009
569 2448
569 3772
570 673
570 1559
570 4398
571 1183
571 1230
571 2795
572 676
572 716
572 1063
573 2591
574 641
574 965
574 1472
574 3228
574 3864
575 625
575 794
575 3548
577 809
577 1045
577 1112
577 1321
577 2749
578 1808
578 3676
579 589
579 1295
580 839
580 2876
580 3564
582 799
585 1088
585 1555
585 1733
585 1779
585 1987
585 2653
586 2250
587 2215
588 1307
588 4067
589 814
589 1378
590 1627
590 1751
590 2135
591 898
591 1027
592 620
592 853
592 2626
592 3285
593 1093
593 1618
595 3446
596 1608
596 2491
596 2907
597 1793
597 4186
598 666
598 2299
599 2268
600 658
600 1157
601 1115
601 1233
602 2165
603 1802
603 2589
603 4660
604 750
604 1018
604 1512
604 3953
605 2490
605 4442
606 882
606 3755
607 3485
608 1853
608 2159
608 2494
608 3483
609 1023
609 3089
609 3794
610 791
610 2350
611 677
611 826
611 1572
611 4650
612 817
612 962
612 963
612 1533
613 1817
613 2425
613 4172
614 1866
616 649
616 668
616 2081
617 1574
617 3116
618 1008
618 3404
622 759
622 3649
622 3670
622 4449
623 698
624 1091
627 873
627 1168
627 1449
627 2642
627 2679
628 1240
628 2408
629 1308
629 4004
630 870
630 906
630 2980
631 2445
632 718
632 1066
634 681
635 679
635 1246
635 2065
635 3592
636 3300
637 656
637 1945
637 4557
638 3166
639 4582
640 657
640 1030
641 1438
642 1025
642 1881
642 2092
643 947
643 1358
643 1410
643 1668
644 1411
644 1720
647 665
647 3876
647 3887
648 801
648 849
649 830
649 2416
650 858
650 1988
651 924
651 1072
651 1816
651 3371
651 3830
652 1304
653 1077
653 4248
654 786
654 4280
654 4549
656 894
656 1012
656 1441
656 1712
657 942
657 1094
657 1958
659 4391
660 2049
660 4083
661 1562
661 2374
662 2467
663 3501
664 2100
666 1517
667 1158
667 2234
667 2466
667 3918
668 1140
668 2604
668 4631
669 1666
669 2003
669 2014
669 2862
670 844
670 4005
671 1351
671 1401
671 4080
672 4476
673 1181
673 2720
673 3941
674 2067
674 4581
676 878
676 1197
676 1314
676 2566
676 2697
677 2057
677 2721
678 923
678 3134
679 709
679 991
679 1416
679 2318
680 714
680 1287
680 1418
682 827
682 4331
685 695
685 2753
686 798
686 2805
687 2607
687 4437
689 1677
689 2966
689 4446
690 781
690 864
690 902
690 3620
691 1013
692 952
693 1381
693 4251
693 4590
694 726
695 2493
696 939
697 3773
698 3260
698 3674
699 790
700 1615
700 1738
700 2020
701 1062
701 2680
702 816
703 1121
703 1405
703 1981
703 2839
704 3596
704 3748
705 926
705 3439
706 940
707 2803
708 736
708 2326
708 4410
709 910
709 1329
710 1163
710 3622
712 2620
713 812
713 4163
714 846
714 1391
714 1942
714 4619
715 771
715 905
715 1148
715 1946
716 766
716 2396
718 1337
719 1957
720 760
720 1727
720 4273
721 4279
722 1531
723 2126
723 3132
723 3866
724 756
724 769
724 1053
724 1456
724 4039
725 727
725 1206
725 3319
726 869
727 2693
727 4494
728 1166
728 1792
728 3671
729 978
729 1348
730 1300
730 1713
730 3328
730 3576
731 4133
732 1799
732 2419
734 1896
734 1970
734 2324
735 2884
735 3681
736 2456
738 1042
738 2634
738 3210
738 3722
739 1508
739 3333
739 4020
741 1165
741 1795
742 784
742 3100
743 2115
743 3509
743 3983
744 944
744 2050
745 2017
745 2763
746 903
746 1251
746 1732
746 2988
748 762
748 1341
749 871
749 1653
749 1838
749 2024
750 1402
750 1844
751 1083
751 1285
751 3014
752 1257
752 2110
752 3245
753 1797
755 1067
755 1364
756 1460
756 1893
756 1927
757 3294
758 955
760 807
761 838
761 3374
764 1548
764 2209
764 4634
765 773
765 800
766 964
766 1172
766 1289
767 893
767 2077
770 1047
771 1103
772 1774
773 1223
773 2534
773 4194
773 4343
774 792
774 943
774 1259
774 1390
774 1771
774 2444
774 2783
775 1742
775 2188
776 897
776 2568
778 890
778 2831
778 3990
779 983
779 1973
779 3146
780 887
782 1406
782 1604
782 2168
783 2535
784 2658
785 2178
786 2038
786 2659
789 1522
789 2689
790 2638
791 1679
791 3930
792 1264
792 2582
793 1644
793 2630
794 2678
794 3339
797 2395
797 3417
799 2428
801 4259
802 1080
802 1583
802 1691
803 1356
803 3905
803 4626
804 1334
804 3104
804 4534
805 967
805 2054
805 2714
805 2911
806 904
806 1200
806 1216
807 1392
807 1413
808 1232
809 912
809 2030
809 2119
809 3835
809 3998
809 4430
810 2432
811 2364
811 4648
812 909
812 3429
814 1780
814 2252
814 2887
815 3008
815 3683
815 4395
816 1273
816 3857
817 908
817 3629
818 1741
818 2906
818 3383
818 4048
819 2033
820 876
820 2012
821 1367
821 1467
822 1516
823 2742
824 1028
824 1494
824 1949
825 1258
826 4262
827 1444
827 1493
827 1565
828 1427
828 1479
828 2871
828 3537
829 1071
829 1772
831 920
831 1034
831 1164
833 884
833 1924
833 2101
833 2410
833 2435
833 2738
834 1540
834 1544
834 3862
835 4249
836 1721
838 4382
839 1885
840 3574
841 2480
842 1473
842 4089
842 4522
843 1261
843 1804
844 1184
844 2000
844 4659
845 2360
846 1630
847 891
848 1059
848 2919
849 1670
849 2622
851 1075
851 1132
851 1191
851 2676
851 4069
852 2965
853 2561
853 2586
853 2706
853 2985
855 877
855 1301
855 1823
855 1955
856 2942
856 3457
857 1395
857 1622
857 3926
861 1463
861 3877
862 1635
862 1683
862 1731
862 1773
862 2114
862 2950
863 2284
863 2405
864 919
865 4062
866 879
866 2189
866 2286
866 4344
867 2427
867 3997
868 2295
869 4614
870 1057
870 4609
871 1895
872 992
872 1892
872 4559
873 4198
874 1000
874 1355
874 3742
875 1379
875 2983
875 4270
876 1393
876 1485
876 1982
876 2109
877 1215
877 1327
877 3054
878 1007
878 1825
879 1125
879 1651
879 2608
880 1003
881 1978
881 2079
881 2183
881 4220
882 1959
882 1991
882 2093
883 1876
885 1862
886 979
886 1828
887 1210
887 1711
888 1160
889 2669
890 1179
890 1260
890 2271
890 3521
891 1353
892 1154
893 1009
893 2129
895 3155
896 1070
896 1877
897 2441
898 1459
899 1749
899 2111
899 2752
899 4209
900 1218
900 2206
900 2733
901 1735
901 1909
901 2105
902 2953
903 988
904 1376
904 1760
904 2407
904 3760
905 1729
905 2510
906 1851
906 3399
907 1775
907 3640
908 2186
908 2197
909 2474
910 1058
910 1298
910 2436
911 3421
911 4440
912 4445
913 1211
913 1715
914 2936
915 1933
915 2045
915 4230
916 1689
917 1377
917 1420
917 1723
917 3170
918 1271
918 1777
921 1177
922 2619
922 2746
922 4082
923 937
923 1542
923 2694
924 3017
925 1477
925 1961
925 2507
925 3923
926 1252
928 3793
929 1455
930 1539
930 2940
931 1208
931 1680
931 1992
931 2174
931 2327
931 2726
932 1483
933 2074
933 4408
934 3311
935 1812
935 2938
938 4613
939 1151
939 4457
940 1119
940 2146
940 2402
941 1016
941 1911
941 2555
942 1383
942 3798
943 1052
943 1317
943 4036
944 1031
944 3011
944 3153
945 3275
946 1035
947 4355
948 1475
948 3382
949 4510
950 1310
951 1339
951 1584
951 1790
951 2465
951 3927
952 1139
952 3032
953 3129
954 1123
954 1144
955 1446
958 1068
958 1811
959 1829
960 1620
960 1696
961 1435
961 2086
963 1182
963 1422
963 2868
963 3865
965 1789
965 3899
966 3162
967 3322
968 1039
968 3213
969 995
969 1489
969 2358
969 3059
973 1443
976 2335
976 2690
976 3209
977 1787
977 3832
977 4412
978 3297
978 4236
979 4380
980 1249
980 1673
982 1429
982 1841
983 1854
983 2748
984 1343
988 2157
989 3435
990 1369
991 1642
992 3680
992 4474
993 1510
994 3599
995 1747
995 3188
997 1977
998 2122
998 3688
1000 1116
1000 1185
1000 2978
1001 1466
1001 1781
1001 3412
1003 1032
1004 1098
1004 2651
1004 2855
1005 1214
1005 1447
1005 2960
1006 1563
1007 1524
1007 2006
1007 2238
1007 3819
1007 4478
1009 4554
1010 4452
1010 4642
1012 1089
1012 1536
1012 3888
1013 2665
1014 2366
1014 3447
1015 1199
1015 1767
1015 3812
1015 4507
1017 1344
1017 2263
1017 2882
1018 2896
1019 1875
1020 1161
1020 4567
1022 1265
1022 1347
1022 3789
1022 4086
1023 1213
1023 3225
1023 3246
1024 1432
1024 1465
1024 4197
1025 1171
1025 3718
1027 4227
1028 1340
1029 1090
1029 1537
1029 4388
1030 1120
1030 1186
1030 1471
1031 1593
1031 2792
1031 4045
1032 3075
1033 1102
1033 1506
1034 1546
1034 2005
1034 2688
1034 4265
1035 1100
1037 2287
1038 1520
1038 1975
1039 4281
1039 4327
1040 4569
1041 1437
1041 2557
1044 3408
1044 3992
1045 2040
1046 2455
1046 3376
1047 2221
1048 4050
1049 1309
1049 1374
1049 1836
1049 2236
1050 1575
1051 3023
1052 1655
1052 1765
1053 2307
1053 2346
1054 1284
1054 1623
1054 4252
1055 1069
1055 1872
1056 4278
1058 1419
1059 1515
1059 1801
1059 2085
1060 1217
1062 2269
1062 4181
1063 2901
1063 3208
1064 1577
1064 2508
1064 3323
1064 4359
1065 2036
1065 2872
1066 2260
1066 3526
1067 1363
1067 2381
1067 2397
1068 3846
1070 1425
1070 2225
1070 2469
1071 1926
1072 1173
1072 2802
1072 3920
1073 1480
1073 2600
1073 3885
1075 3105
1075 3957
1075 4415
1076 1175
1076 2302
1076 2781
1077 1326
1077 1669
1078 2143
1079 1133
1079 3112
1079 4105
1081 1487
1081 1768
1081 3514
1082 1576
1082 4132
1083 1096
1085 1142
1086 2194
1088 1439
1089 1365
1089 1984
1090 3113
1090 4015
1091 1478
1091 2152
1091 3935
1091 4316
1092 2142
1092 3839
1093 3193
1093 4304
1095 1382
1095 1917
1095 2198
1096 4063
1097 1412
1097 3263
1097 3314
1097 3963
1098 1385
1098 1415
1098 1556
1098 2133
1099 2370
1099 3094
1100 1513
1101 1225
1101 4092
1102 1919
1102 3006
1102 3883
1103 3370
1103 4665
1104 1592
1104 2254
1104 2315
1104 2501
1108 2564
1108 2859
1108 4332
1110 3398
1111 3600
1112 1150
1116 2997
1116 3854
1117 3160
1118 3739
1119 3389
1120 3570
1121 3405
1122 1803
1122 2379
1122 2482
1125 3360
1125 3450
1127 3419
1129 1330
1129 3540
1130 2007
1131 2992
1132 1237
1132 1360
1132 1672
1132 3884
1133 1632
1133 2029
1134 1417
1134 1448
1134 3665
1135 1141
1136 2481
1138 3305
1140 2117
1140 4423
1141 1686
1142 2388
1142 2406
1145 2725
1145 3064
1146 1905
1146 3464
1148 2826
1148 4365
1150 1169
1150 2563
1151 2692
1152 2305
1153 1187
1154 2275
1154 2998
1154 3191
1154 3582
1155 1445
1155 1873
1156 1380
1156 1698
1156 1868
1157 2732
1157 3090
1158 1323
1158 2218
1158 2579
1158 3248
1158 3813
1159 1241
1159 3577
1161 1994
1163 1570
1163 1904
1165 1621
1165 2594
1166 1511
1168 3356
1168 3641
1169 1180
1169 2858
1169 3290
1171 2137
1172 1784
1172 2387
1173 1586
1173 3590
1174 1815
1174 2922
1174 4317
1175 2291
1176 1962
1178 1821
1179 3266
1180 2495
1181 1663
1181 3892
1181 4490
1182 1786
1184 1631
1184 1886
1185 1283
1185 2696
1185 2717
1186 2141
1186 2969
1190 1937
1190 4207
1191 1891
1192 1739
1192 4643
1194 3223
1194 4223
1196 1770
1196 4657
1197 1582
1198 2317
1198 3806
1198 3852
1199 1280
1199 1306
1199 2974
1200 2170
1201 4078
1205 1229
1206 2631
1208 1900
1208 2537
1208 3368
1209 1756
1209 2344
1209 2894
1209 3036
1211 1884
1215 1925
1215 3085
1216 2210
1216 3338
1216 3547
1217 1943
1217 2394
1218 3828
1219 3534
1220 1626
1221 2463
1221 2687
1222 1814
1222 2222
1223 2888
1224 1399
1225 3128
1226 1931
1226 3136
1227 1935
1227 2102
1228 2497
1229 1654
1230 2782
1230 3580
1231 2010
1232 3130
1232 3524
1232 4177
1233 1594
1233 2796
1235 1699
1235 3131
1237 1370
1237 2710
1237 3959
1237 4479
1238 2755
1239 1903
1239 4253
1240 1954
1240 3951
1242 1372
1242 1386
1242 3056
1243 1649
1243 2191
1243 3468
1245 1685
1246 1532
1246 1916
1247 1530
1247 2083
1247 3204
1248 3161
1249 2836
1251 1274
1251 1290
1251 4312
1252 1368
1252 2274
1252 3053
1253 4244
1254 1503
1254 3108
1254 3651
1255 3084
1256 2912
1256 3650
1259 1897
1259 3511
1260 1759
1260 2420
1261 1602
1262 1830
1263 2453
1263 2618
1265 1297
1265 3618
1266 4551
1267 2724
1267 3418
1268 1736
1269 1324
1270 2488
1273 1325
1273 1421
1274 1907
1274 4428
1275 1863
1276 3723
1278 1521
1278 3216
1278 3331
1279 2758
1280 1504
1280 1665
1281 2214
1281 4342
1282 3921
1283 1939
1285 1664
1285 2353
1285 3262
1286 1951
1286 3062
1286 3415
1287 3231
1289 1609
1291 1763
1291 3414
1291 3587
1292 1476
1292 2169
1294 3318
1296 1612
1296 3874
1297 2273
1297 2772
1298 2070
1299 2154
1300 2640
1300 3759
1301 2277
1301 3984
1304 2139
1305 2008
1306 1659
1307 1545
1307 2035
1309 1486
1310 3936
1310 4372
1311 3230
1313 2373
1313 4074
1315 2595
1315 2833
1318 1457
1318 4124
1321 3774
1322 2316
1322 3797
1323 1595
1323 2641
1323 2949
1324 1498
1324 2461
1325 1501
1325 3668
1326 1564
1326 2845
1327 3289
1328 2492
1328 2740
1330 2648
1331 2886
1333 4315
1334 1450
1336 1846
1337 2777
1339 1433
1340 1824
1343 1414
1343 4568
1344 1373
1345 1661
1345 2310
1347 1785
1347 1972
1347 3732
1347 3964
1347 4471
1348 2212
1352 2253
1352 2707
1352 3015
1353 4570
1354 1366
1355 2051
1355 2867
1357 1806
1358 1591
1358 3347
1361 2311
1362 2426
1362 2623
1362 3302
1363 2041
1364 1974
1364 3897
1365 1702
1365 1724
1365 3200
1366 3725
1369 1902
1370 3151
1370 4341
1371 3734
1372 1798
1372 2625
1373 1424
1373 1646
1373 4166
1375 1458
1375 2780
1377 1597
1377 3410
1378 1766
1381 3504
1382 1497
1382 3894
1383 3402
1384 1606
1384 1709
1385 4258
1386 3184
1387 3648
1394 2243
1394 3005
1395 1469
1398 2080
1398 2156
1398 2509
1401 1737
1401 3358
1403 1601
1403 1865
1404 2348
1406 2264
1406 2850
1406 3612
1407 1752
1409 3616
1410 2580
1412 1753
1412 3613
1413 2414
1415 1492
1415 1888
1416 2176
1416 4366
1418 1436
1419 1566
1420 3425
1420 3711
1421 2336
1422 4553
1423 4595
1424 1857
1424 2132
1424 4560
1425 4598
1426 2401
1428 1613
1428 1658
1429 1598
1429 1687
1429 2652
1429 4175
1431 1667
1432 3673
1433 3659
1435 1938
1436 1754
1437 1800
1438 2368
1440 1966
1440 2811
1442 1810
1443 2729
1443 3746
1443 4263
1446 4003
1447 3995
1449 2342
1450 2551
1451 3215
1452 3436
1452 4368
1453 1923
1453 2602
1454 2928
1455 2233
1456 2703
1456 3144
1460 2649
1461 1614
1461 1701
1462 4356
1463 1660
1463 2525
1463 3243
1464 4374
1467 3639
1467 4196
1468 1725
1469 2267
1471 1481
1471 1743
1472 1534
1472 4309
1473 4055
1474 2228
1476 1645
1477 1580
1477 4091
1480 1676
1482 1636
1483 1518
1483 2908
1483 4481
1484 1519
1484 3060
1485 3123
1485 3516
1487 2224
1489 3237
1490 2553
1493 2672
1496 3808
1497 3617
1501 2809
1501 3999
1505 2167
1506 3320
1506 4226
1507 2893
1507 3316
1507 4607
1511 3431
1513 3977
1514 4228
1514 4392
1515 1640
1516 4141
1518 1526
1518 2747
1519 4012
1520 1590
1520 2677
1521 1650
1521 3118
1522 2071
1522 3091
1523 2025
1523 3293
1523 3873
1524 3071
1525 1998
1525 2822
1527 1589
1528 3696
1528 4214
1529 1573
1529 2939
1530 2363
1532 2369
1532 2484
1532 3542
1533 2124
1533 3481
1534 2001
1534 2019
1534 2293
1535 2131
1535 3614
1535 3658
1536 3000
1537 3050
1537 3845
1538 2412
1539 2539
1540 2522
1540 3608
1541 2764
1541 2946
1541 4155
1542 1852
1543 2383
1545 3454
1547 1648
1549 3234
1551 1762
1552 2351
1553 3625
1554 4111
1555 2760
1558 2835
1558 4161
1559 4319
1559 4624
1560 1662
1560 2203
1560 3777
1560 3914
1561 3956
1562 2924
1562 4328
1565 1990
1567 1694
1567 2699
1568 1603
1568 3922
1568 4291
1569 2306
1569 2500
1570 1835
1570 3046
1571 1859
1571 1879
1571 2193
1571 2636
1571 3628
1572 1703
1572 3258
1574 1700
1574 4547
1576 2654
1576 3219
1579 4438
1580 2072
1582 3729
1584 1818
1584 3196
1586 3804
1588 2201
1590 3716
1592 3359
1592 3776
1593 2094
1596 1983
1596 3795
1597 2791
1597 4213
1598 2701
1599 3581
1599 4034
1599 4320
1599 4417
1601 2817
1601 3192
1603 1639
1604 2597
1604 4461
1605 2068
1605 2616
1607 2027
1607 2208
1607 2251
1607 3816
1608 2785
1609 3392
1609 3645
1610 2283
1610 3164
1614 3744
1615 1656
1617 4529
1620 2235
1620 3766
1621 3528
1621 4451
1622 1794
1625 3969
1627 3394
1628 1827
1629 2418
1631 2413
1635 2578
1636 1997
1636 4336
1638 1934
1638 3197
1640 3361
1640 4516
1642 2543
1642 3704
1644 4286
1645 1967
1645 2032
1645 2423
1645 3427
1645 4112
1646 2523
1650 3994
1651 2684
1651 3020
1652 2674
1652 3270
1656 2926
1656 4602
1657 2815
1657 3583
1657 4330
1657 4524
1658 2479
1659 4118
1660 3168
1660 3308
1661 4641
1662 1807
1663 1697
1663 3531
1664 2842
1665 4071
1666 1989
1666 2569
1667 3070
1667 3124
1667 3717
1668 2675
1669 1906
1670 2646
1670 3756
1672 3092
1673 3254
1675 3018
1676 2547
1679 1867
1679 3212
1682 2759
1682 3543
1684 1936
1684 2196
1684 2705
1684 2766
1684 4345
1685 4322
1686 4162
1686 4656
1687 2718
1687 2982
1687 3593
1687 4238
1688 1755
1689 3750
1691 1832
1691 2075
1691 3149
1692 1839
1693 1722
1693 2587
1694 1908
1694 2136
1694 3154
1695 1883
1695 2352
1695 4150
1696 2259
1697 3167
1698 2790
1698 3205
1698 4128
1701 4260
1702 4409
1705 3863
1706 1941
1706 2107
1706 4174
1707 1855
1708 3158
1710 2948
1710 3637
1713 2095
1713 2190
1714 1716
1714 3472
1716 2162
1716 2278
1716 2489
1718 2088
1718 3536
1719 2138
1720 2899
1720 2915
1722 1980
1723 4606
1725 2422
1725 3342
1725 3477
1726 2967
1726 4159
1727 2914
1728 2034
1728 3043
1729 2736
1730 1820
1731 2338
1731 2847
1732 2667
1733 1878
1733 2319
1733 2771
1734 1996
1734 2870
1740 3264
1741 3391
1742 1986
1742 3784
1743 2920
1744 2904
1744 3255
1744 3960
1746 2082
1746 2450
1746 2632
1746 3775
1747 1843
1751 2593
1751 4219
1752 3390
1752 3438
1752 4272
1753 1913
1754 3430
1754 3736
1756 2976
1759 4600
1761 2828
1761 2851
1761 3031
1762 2229
1762 3497
1768 2995
1770 4076
1771 1848
1772 1915
1772 2108
1773 2066
1773 2147
1773 2475
1774 3377
1775 2959
1776 3140
1780 1849
1781 2237
1783 2728
1785 2530
1786 2002
1786 2343
1789 1861
1790 2144
1790 3952
1791 2637
1792 4090
1792 4093
1792 4130
1793 2571
1794 1920
1795 2266
1796 2440
1796 2518
1796 3824
1797 1960
1797 3406
1799 3034
1799 3063
1801 3041
1801 3532
1801 4301
1804 3142
1805 2361
1805 4052
1806 3685
1809 3585
1811 1869
1811 2031
1812 3139
1814 4325
1816 4306
1817 2762
1817 2891
1818 3048
1822 1840
1823 2683
1824 4369
1825 2941
1825 4114
1826 2204
1828 4497
1829 4515
1830 1976
1831 2512
1832 1948
1833 4032
1834 1899
1837 1971
1837 2778
1838 2312
1840 3589
1841 1940
1841 2294
1841 3350
1845 2145
1847 3232
1847 3529
1847 3767
1847 3791
1850 2376
1850 4596
1853 3558
1858 2477
1858 3675
1859 2297
1859 2916
1860 2241
1861 2877
1861 3597
1863 4447
1864 3049
1864 4647
1865 3098
1866 2617
1867 2301
1867 4222
1868 3334
1868 3369
1868 4010
1869 3872
1870 2365
1870 2722
1875 2433
1879 4221
1882 2505
1884 2384
1884 3081
1884 3379
1885 3996
1887 2112
1890 2240
1890 3272
1892 2163
1893 2331
1894 2789
1894 3844
1897 2223
1897 3489
1898 2052
1899 2576
1899 3855
1900 2125
1902 2584
1902 3284
1902 3560
1907 3281
1908 2355
1910 3799
1911 2404
1911 3475
1912 4292
1912 4402
1913 2123
1915 2226
1915 3770
1917 4576
1919 3563
1920 2549
1920 4303
1921 4290
1922 2231
1924 1965
1927 3180
1928 2487
1929 3786
1930 2527
1931 2807
1931 4588
1932 2058
1932 4176
1933 2565
1933 3662
1934 3802
1934 3954
1936 1956
1937 2330
1937 3652
1937 4068
1939 3787
1941 3097
1942 3388
1943 2881
1945 3330
1946 2325
1946 4160
1950 3917
1951 3413
1954 3527
1955 3111
1956 2292
1956 4287
1959 3762
1959 4245
1960 2430
1960 3157
1961 2765
1961 4334
1962 2452
1963 2097
1963 2993
1963 3001
1964 4148
1965 2322
1965 3904
1967 2249
1968 2599
1968 3022
1969 2018
1969 2856
1970 2411
1970 2431
1970 3924
1972 2028
1972 2308
1972 2958
1974 3939
1975 2276
1975 3591
1977 3978
1980 2150
1981 2127
1981 4580
1985 3122
1987 4057
1988 3962
1988 4053
1989 2164
1989 3214
1989 4422
1990 2247
1990 3942
1991 2898
1991 3271
1991 3326
1992 2106
1992 4285
1992 4632
1993 3559
1994 4329
1995 4601
1996 2647
1997 3067
1998 2415
2001 2026
2004 2246
2004 4079
2004 4416
2005 3143
2006 2573
2008 3708
2009 2775
2010 3654
2010 3715
2011 3623
2013 3137
2014 4190
2017 3986
2018 2362
2021 2380
2023 4414
2025 2979
2025 3912
2025 4653
2028 3811
2030 2061
2031 4041
2032 3702
2032 4054
2035 2671
2036 2272
2036 3513
2039 2078
2041 2854
2041 3186
2042 4283
2043 3229
2043 3981
2044 4018
2047 4027
2048 2248
2050 2245
2050 2288
2050 4439
2051 2069
2051 2963
2051 3562
2053 2382
2053 3045
2055 3003
2058 2516
2058 3172
2058 4504
2060 2645
2060 3567
2060 4460
2061 3198
2061 3636
2061 4025
2063 4645
2065 4183
2066 3605
2066 3783
2067 2624
2067 2779
2069 2258
2070 2084
2070 2470
2070 4401
2072 2592
2073 2603
2073 3598
2074 4284
2074 4459
2079 3700
2079 3975
2081 3932
2082 3815
2082 4337
2084 2971
2085 4498
2086 2816
2087 4234
2087 4373
2088 3488
2090 3693
2095 2528
2095 4070
2096 2786
2096 3733
2096 4431
2097 2673
2098 2160
2098 2614
2101 2185
2101 2825
2102 3546
2103 2830
2103 2852
2105 3102
2105 3763
2107 3947
2108 2187
2108 2662
2108 3244
2110 4044
2111 2437
2111 2655
2111 3919
2112 3508
2114 3697
2117 2134
2117 2148
2118 3061
2118 3968
2122 3261
2123 4169
2124 2321
2124 4311
2125 3880
2125 4404
2127 2531
2128 2961
2128 3810
2131 3125
2132 2524
2132 2606
2132 3455
2132 3584
2134 4517
2135 2177
2136 2797
2137 2520
2137 2866
2137 2957
2141 2390
2141 2442
2141 3901
2142 2702
2143 2457
2143 2885
2145 3601
2146 2686
2147 2149
2147 3409
2150 2270
2153 3150
2153 3267
2154 4406
2157 2303
2159 3459
2160 2801
2161 2598
2162 3156
2164 3278
2165 3095
2166 2577
2167 3679
2167 4135
2168 4038
2169 2559
2170 3276
2170 4358
2174 2943
2176 3052
2179 3195
2180 4240
2182 2832
2185 2973
2185 3047
2185 3769
2189 3397
2189 4199
2191 2514
2191 3037
2192 3462
2193 2498
2193 3226
2194 2454
2194 4131
2195 2788
2195 2932
2195 3044
2195 3858
2195 4241
2196 2590
2197 2424
2197 3826
2199 3099
2200 2458
2203 2451
2203 3010
2203 4483
2205 3740
2205 4444
2206 3096
2210 4191
2212 2314
2212 4256
2213 2774
2214 3539
2216 2844
2217 3039
2218 2838
2219 2743
2219 3470
2220 2290
2221 3341
2222 4335
2223 2265
2223 2503
2223 2628
2223 3840
2227 3387
2227 3609
2228 4189
2229 3518
2232 3106
2236 2739
2237 4622
2238 3624
2239 2298
2239 3365
2239 3666
2240 3494
2242 4565
2243 3667
2248 3903
2250 4084
2251 3194
2255 2340
2258 4636
2261 2558
2263 4204
2265 2719
2266 2837
2269 4300
2272 4104
2273 2511
2274 3082
2274 3761
2275 2572
2276 3817
2280 2521
2282 2849
2288 4153
2289 2378
2290 3426
2291 3296
2291 4421
2292 3989
2293 4579
2296 4318
2297 4046
2300 2970
2300 3443
2301 3631
2303 4603
2304 2372
2304 3642
2306 4184
2307 2981
2307 3572
2308 4024
2310 3355
2311 3890
2312 2328
2313 2421
2315 4013
2318 3764
2320 2446
2320 2574
2321 3554
2333 3943
2336 2515
2338 2354
2338 2964
2339 4274
2341 3491
2341 3552
2343 2389
2343 2635
2346 2570
2347 3460
2349 2621
2352 3317
2353 3499
2357 3882
2358 3074
2358 3706
2360 3788
2365 2819
2365 4649
2366 3703
2367 3310
2367 4625
2369 2529
2369 2853
2370 3250
2370 4487
2371 3449
2375 2629
2377 2552
2378 2391
2378 3432
2379 3340
2379 3758
2381 4072
2386 2905
2386 4116
2388 3227
2389 2741
2391 3895
2392 4429
2394 4170
2395 3107
2397 4379
2398 4059
2399 4611
2402 2804
2402 3771
2403 2954
2403 3653
2404 2540
2404 3145
2404 4120
2409 2544
2409 2757
2410 3307
2410 3312
2411 3635
2412 3735
2413 2468
2415 3175
2418 3958
2421 2840
2422 2769
2422 4147
2423 2612
2428 2829
2430 4455
2434 2723
2435 2806
2440 3279
2441 4644
2444 3980
2448 4571
2449 3182
2449 4350
2450 3221
2452 2951
2455 4030
2455 4081
2460 2513
2461 3416
2462 3357
2463 4276
2465 2794
2465 3265
2466 4354
2467 2499
2474 2476
2475 2745
2478 4308
2479 4386
2482 4043
2487 3093
2488 3179
2488 4503
2490 2681
2491 2923
2492 4339
2497 3315
2498 2611
2498 3393
2500 4552
2503 4122
2504 3051
2505 2532
2506 3403
2509 2517
2509 3752
2510 3073
2511 3442
2512 2548
2512 3669
2514 4506
2519 2533
2519 2664
2521 4363
2522 2927
2522 3829
2524 4585
2525 3929
2526 3714
2527 3235
2528 4002
2529 3971
2530 2889
2534 3948
2534 4182
2536 3148
2538 3423
2539 4594
2542 2925
2543 2934
2545 3602
2546 4144
2548 2656
2548 4313
2551 3945
2552 3484
2553 2909
2554 4125
2557 2670
2558 4485
2560 2823
2561 2861
2562 3545
2564 3889
2565 3378
2565 4026
2570 3141
2572 3233
2577 2892
2577 4098
2579 2588
2583 3249
2594 3055
2595 3019
2595 3463
2596 3691
2596 3724
2599 4217
2600 3038
2600 3351
2600 3486
2601 2846
2602 3586
2602 3928
2603 2895
2603 4051
2605 3040
2607 4115
2608 3138
2610 2761
2610 3834
2614 3730
2616 3269
2616 4463
2617 2903
2618 2644
2619 3256
2620 2682
2623 2999
2623 3069
2624 3465
2627 2812
2627 3024
2628 3238
2630 3236
2631 2695
2632 3335
2637 2834
2637 4168
2639 4426
2645 3705
2645 4375
2646 3076
2648 3434
2649 2768
2649 3566
2653 3202
2654 4573
2655 3273
2656 3699
2656 4639
2658 4370
2660 3183
2662 4294
2663 2848
2663 4561
2664 3765
2666 2900
2670 3364
2671 3400
2679 2691
2679 4513
2683 2712
2684 2821
2686 4604
2687 3395
2688 4333
2689 3842
2690 4592
2693 4237
2696 4531
2697 3321
2700 4208
2705 3058
2705 3304
2708 4302
2708 4360
2711 2776
2711 4087
2712 2715
2712 3966
2712 4173
2715 2878
2715 4298
2716 3066
2717 2874
2717 2947
2717 4435
2718 3823
2721 3030
2724 2910
2728 3565
2728 4058
2730 4633
2732 3127
2734 4297
2736 3448
2739 3101
2739 4106
2742 3329
2746 3206
2754 3407
2756 3169
2756 3189
2756 3493
2759 3327
2762 3401
2763 2824
2763 3664
2769 3114
2771 3934
2772 2820
2774 4583
2776 2864
2777 3456
2781 2897
2790 2930
2791 3332
2796 2818
2799 4362
2800 3907
2801 3949
2805 4243
2811 3385
2814 3603
2815 3199
2818 3282
2818 4235
2825 4269
2828 3277
2828 3458
2828 3503
2830 3698
2831 3647
2833 2986
2836 3083
2838 4188
2839 3721
2839 3820
2841 3803
2842 3944
2843 3656
2843 3973
2844 4017
2845 3174
2845 3790
2846 3751
2849 3500
2850 4016
2858 3239
2859 4348
2859 4629
2863 4129
2867 3473
2870 3176
2870 4195
2872 3646
2876 3738
2876 3946
2876 4049
2879 4556
2884 2962
2884 3135
2885 3002
2885 3859
2887 3757
2891 3268
2892 3177
2893 3869
2894 3781
2895 3380
2898 3626
2900 3171
2900 4376
2903 3274
2907 3247
2907 3324
2907 4136
2916 3578
2916 3868
2919 4399
2921 2968
2926 3713
2928 3252
2928 3373
2929 3710
2931 3588
2931 4275
2932 4033
2935 3476
2937 4351
2941 4158
2943 4277
2943 4462
2943 4591
2944 4525
2945 3709
2947 3420
2947 3860
2948 3280
2949 4250
2959 4202
2965 4381
2966 4305
2968 3749
2968 4526
2969 3072
2969 3910
2973 3496
2973 3515
2977 3507
2979 4338
2981 3726
2988 3627
2991 2996
2992 4239
2994 3115
2994 4029
2995 3694
2998 3879
2998 4216
2999 3682
3002 4555
3005 3033
3005 3411
3007 3754
3015 3993
3019 3452
3020 4095
3023 3517
3023 3520
3025 3492
3025 3553
3030 4103
3031 4167
3031 4587
3036 4512
3038 4530
3039 3353
3040 3163
3042 4119
3045 3782
3049 3743
3067 4299
3068 4266
3069 3821
3070 3638
3070 3976
3072 3087
3076 4612
3078 3147
3081 3313
3086 3173
3086 3579
3089 3286
3090 3292
3090 4123
3092 3780
3095 3109
3096 3867
3096 4296
3102 4566
3103 3831
3104 3126
3104 3203
3107 3222
3110 4229
3110 4232
3118 3902
3118 4065
3118 4664
3120 3344
3125 3490
3128 3466
3129 4326
3140 4293
3143 3441
3145 3970
3147 3891
3150 4486
3155 4164
3157 4289
3158 4073
3159 3301
3164 4454
3174 4433
3176 3440
3177 3619
3177 4152
3177 4282
3179 4023
3185 4203
3188 3661
3189 3251
3190 4413
3193 3827
3193 4541
3193 4610
3198 3727
3204 3575
3208 4527
3209 3217
3210 3325
3214 3632
3219 3303
3219 4224
3221 3479
3223 3848
3232 4064
3236 3467
3239 3607
3239 3906
3240 3856
3241 3453
3242 4537
3245 4137
3247 3595
3247 4521
3251 3779
3256 3911
3256 4295
3259 3480
3259 4495
3260 3283
3269 3621
3270 4472
3272 3838
3276 3720
3277 3299
3280 4314
3281 3343
3289 3354
3292 3522
3293 3689
3293 3690
3300 4323
3306 3792
3307 3800
3309 4500
3314 3991
3314 4255
3316 4419
3323 3822
3327 4528
3329 3814
3329 3853
3330 3606
3330 4473
3332 3633
3332 4453
3333 4533
3335 4488
3337 4577
3340 3544
3343 3809
3349 3785
3361 3611
3367 4518
3367 4616
3372 3900
3374 4007
3381 3737
3388 4383
3394 3569
3395 4212
3397 3833
3399 3471
3413 3498
3413 3684
3414 4357
3417 3551
3417 4400
3418 4353
3431 3505
3433 3568
3434 3535
3446 3870
3449 4627
3451 3686
3453 3961
3462 4307
3463 3805
3464 3915
3470 3987
3478 3778
3478 4538
3481 3913
3490 3967
3497 3678
3501 4424
3503 4617
3511 3687
3522 4146
3527 4008
3529 3557
3536 3985
3536 4011
3545 4138
3564 4352
3566 4564
3570 3719
3584 3701
3584 4480
3587 3931
3588 4261
3591 3712
3602 4037
3605 4477
3606 3893
3610 3875
3615 4340
3617 4597
3622 4544
3625 3677
3635 4157
3639 4384
3646 4215
3652 4608
3653 4205
3657 3871
3665 4117
3666 3925
3669 3768
3678 4000
3679 3950
3685 4499
3693 4247
3694 4520
3701 4467
3704 4001
3737 4031
3741 4652
3743 4347
3748 4310
3757 4484
3761 4403
3771 4218
3785 4469
3789 4482
3792 4666
3798 4492
3799 4425
3799 4450
3804 4562
3805 3974
3816 4575
3821 3896
3824 3898
3828 3938
3837 4496
3841 4165
3849 4432
3860 4563
3866 4371
3868 4126
3870 4411
3891 4075
3896 4589
3900 4578
3908 3940
3913 3916
3919 4364
3920 4475
3922 4387
3931 4502
3934 4584
3943 4661
3946 4201
3956 4035
3956 4088
3966 4618
3970 4077
3977 4635
3979 4094
4011 4185
4032 4505
4049 4109
4055 4511
4061 4593
4062 4267
4069 4458
4075 4179
4088 4385
4096 4394
4104 4324
4113 4464
4117 4621
4120 4233
4126 4242
4129 4367
4140 4536
4144 4171
4153 4519
4168 4377
4171 4558
4193 4206
4194 4550
4194 4655
4199 4254
4217 4231
4230 4508
4235 4640
4276 4509
4295 4574
4306 4468
4313 4456
4317 4532
4324 4548
4339 4539
4354 4514
4360 4572
4376 4493
4405 4540
4449 4466
4486 4546
4487 4637
4490 4586
4493 4663
4505 4615
4518 4523
4559 4646
