4291 1580
1 2
1 4
1 6
1 12
1 23
1 30
1 118
1 149
1 321
1 522
1 845
1 917
1 1671
1 3233
1 3967
2 3
2 5
2 7
2 62
2 411
2 445
3 38
3 138
3 146
3 388
3 440
3 967
3 1937
3 2211
3 2820
4 14
4 91
4 211
4 222
4 531
4 1593
4 4252
5 17
5 21
5 61
5 207
5 335
5 895
5 3343
6 10
6 141
6 210
6 2735
6 3744
7 8
7 9
7 11
7 13
7 39
7 155
7 640
7 894
8 123
8 293
8 785
8 1697
8 3502
9 22
9 53
9 780
9 2543
9 2845
10 16
10 172
10 464
10 2098
11 18
11 243
11 2893
12 40
12 105
12 225
12 307
12 2310
13 28
13 35
13 1257
13 1716
13 2699
14 15
14 45
14 83
14 228
14 291
14 414
14 649
14 890
14 3449
15 42
15 68
15 120
15 153
15 160
15 2964
16 19
16 32
16 56
16 303
16 402
16 776
17 25
17 27
17 29
17 75
17 103
17 781
17 784
17 1003
18 24
18 117
18 312
18 345
19 20
19 157
19 253
19 662
19 1068
19 2449
20 26
20 34
20 51
20 93
20 164
20 215
20 430
20 529
20 1401
20 1541
20 3072
20 4035
21 41
21 80
21 116
21 159
21 197
21 607
21 2100
21 2733
22 31
22 44
22 165
22 304
22 534
23 72
23 204
23 2515
24 46
24 59
24 66
24 79
24 85
24 233
24 318
24 365
24 1991
25 33
25 65
25 271
25 869
25 2296
25 3703
26 73
26 187
26 201
26 362
26 483
26 705
26 1644
26 4060
27 57
27 71
27 1286
28 329
28 491
28 509
28 557
28 3860
29 206
29 371
30 78
30 782
30 1478
31 137
31 299
31 375
31 675
31 699
32 69
32 86
32 121
32 258
32 932
32 2593
33 36
33 594
33 1333
33 3131
33 4235
34 37
34 43
34 48
34 158
35 87
35 109
35 302
35 494
35 564
35 1015
36 49
36 173
36 663
36 718
36 1023
36 1746
36 3046
37 55
37 58
37 60
37 112
37 3243
38 110
38 380
38 1201
38 1688
39 261
39 1139
39 1684
39 3040
40 63
40 107
40 139
40 168
40 2871
40 3037
42 664
42 870
43 614
43 801
43 1323
43 1434
43 2416
43 2920
44 47
44 126
44 151
44 337
44 792
44 939
44 1808
45 74
45 236
45 305
45 467
46 52
46 89
46 169
46 250
46 294
46 308
46 391
46 1402
46 1406
46 2014
47 429
47 951
47 2395
47 2807
48 82
48 111
48 216
48 351
48 559
48 684
49 50
49 347
49 629
50 77
50 97
50 194
50 333
50 1055
50 3049
51 54
51 191
51 257
51 916
52 67
52 84
52 218
52 226
52 955
52 1421
52 2808
52 2991
53 217
53 593
53 1094
53 1977
53 2323
54 76
54 3690
55 108
55 249
55 378
55 507
55 1198
55 1239
55 1354
56 70
56 167
56 1144
57 101
57 285
57 864
57 1755
57 3153
57 3853
58 125
58 148
58 562
58 4045
59 609
59 2477
60 92
60 246
60 472
60 1724
60 2145
60 2190
61 122
61 262
61 771
61 1749
62 64
62 674
62 1316
62 1891
62 2516
63 300
63 315
63 1560
63 2953
63 2975
64 2769
65 762
65 1289
66 128
66 161
66 886
67 81
67 752
67 1026
67 1626
68 214
68 403
68 591
68 964
68 1830
68 2692
68 2913
68 3287
69 162
69 366
70 119
70 132
70 142
70 995
70 2114
70 3346
71 102
71 363
71 370
71 451
71 2250
72 251
72 1517
72 2601
73 350
73 2557
74 131
75 150
75 1105
75 3007
75 3322
76 94
76 523
76 729
77 2433
78 133
78 192
78 2127
79 99
79 481
79 971
79 2698
80 98
80 883
80 1679
80 2358
81 114
82 127
82 400
82 2694
83 88
83 96
83 208
83 290
83 482
83 1074
83 2789
83 3119
83 3714
84 292
85 183
86 90
86 2476
87 130
87 179
87 239
87 1508
87 3369
88 129
88 694
88 1575
88 1935
88 3246
88 3792
89 113
89 455
89 1227
89 4180
90 227
90 1231
90 2293
91 95
91 154
91 177
91 203
91 453
91 3137
92 100
92 136
92 181
92 417
92 433
93 205
93 689
93 1561
94 188
94 231
94 1660
94 4228
95 106
95 115
95 200
95 202
95 229
95 1018
95 1067
95 1097
96 195
96 1006
96 1061
96 1308
96 1328
97 419
97 751
97 901
97 4115
98 1723
99 144
99 182
99 199
99 298
99 309
99 946
99 1533
99 1728
99 3351
100 124
100 1133
100 1452
101 135
102 342
102 528
102 598
103 104
103 2637
104 1500
104 1667
104 2565
104 4163
105 281
105 1319
106 166
106 180
106 2200
106 3031
106 3091
106 3396
107 175
107 384
107 4289
108 1717
108 1881
109 1503
109 1701
109 2268
110 193
110 264
110 349
110 484
110 504
110 580
110 1222
111 244
111 425
111 495
111 555
111 2465
112 186
112 272
112 595
112 854
113 420
113 1407
113 2496
114 1804
114 3920
115 140
115 396
115 3815
116 152
116 449
116 518
116 1330
116 2065
117 761
117 3934
118 480
118 1882
119 415
119 3154
120 263
120 265
120 3514
121 891
121 1176
121 1267
121 3327
121 4200
122 398
122 912
122 954
123 235
123 336
123 1432
124 143
124 267
124 560
124 2307
125 1103
125 3406
125 3453
126 282
126 588
127 463
127 1608
128 3163
128 3266
129 134
129 796
129 1360
129 1880
129 2838
129 2931
129 3152
130 566
130 1126
130 2154
130 2971
130 3248
131 185
132 147
132 163
132 238
132 369
132 1151
132 1236
132 2572
132 2644
133 178
133 436
133 1509
134 2609
135 196
135 1030
135 2328
135 2528
136 198
136 344
136 515
136 1095
136 1507
137 586
137 1275
137 1793
138 174
138 234
138 240
138 319
138 320
138 328
138 623
138 1078
138 1148
138 3316
139 156
139 1297
139 1380
139 1470
139 3182
140 170
140 597
140 1773
141 171
141 1147
142 145
142 709
142 1141
142 3158
143 460
143 1572
143 2188
143 3017
144 500
144 763
144 767
145 260
145 426
145 431
145 2825
145 2870
145 3516
145 4087
146 360
147 920
147 1312
147 3240
147 3440
148 579
148 862
148 4011
149 241
150 619
150 1010
151 266
151 622
151 668
151 1846
151 2067
152 1016
152 2955
153 469
153 2778
154 310
154 530
154 602
154 1955
155 1294
155 1792
155 1911
156 286
157 479
157 3118
158 176
159 766
159 865
160 377
161 600
162 397
162 458
162 2821
162 4203
163 441
163 2136
164 190
164 221
164 245
164 273
164 296
164 393
164 450
164 642
164 1197
166 596
166 2714
167 278
167 279
167 3077
168 953
168 2800
170 381
170 503
170 549
170 1117
170 3981
171 295
171 496
171 671
171 1382
171 3790
172 627
172 836
172 1549
173 220
173 247
173 633
173 1365
173 3050
175 1196
175 2083
175 2352
176 283
176 3257
178 189
178 446
178 1411
178 2312
178 3320
178 3366
179 184
179 421
179 1218
179 2004
179 2553
180 213
180 252
180 1132
182 209
182 237
182 1134
183 374
183 406
183 2353
183 3123
183 4172
184 284
185 748
186 212
186 268
186 275
186 416
186 476
186 543
186 835
186 1110
187 230
187 1039
187 2919
188 981
188 2115
188 2916
188 4193
189 274
189 1020
189 2054
190 242
190 270
190 824
190 2045
190 2706
191 256
191 743
192 1424
192 1453
192 3958
192 4009
193 276
193 311
193 554
193 672
193 701
193 799
194 1368
195 223
195 1063
195 1351
195 2688
196 539
196 884
197 857
197 1209
197 1621
198 259
198 339
198 547
198 1342
198 1936
198 1990
198 2636
198 3788
199 926
199 1034
199 1356
199 1399
199 2669
200 833
200 1494
200 2757
200 4251
201 3845
202 521
203 736
203 1427
203 1477
204 646
205 254
205 497
205 1136
206 719
206 959
206 1170
206 1266
206 2240
206 3491
207 322
207 428
208 301
208 558
208 911
208 2679
209 606
209 774
209 1053
209 1922
209 2978
210 1064
211 667
211 2890
212 331
212 1594
212 1729
213 569
213 621
213 1352
213 1884
214 390
214 676
214 1831
215 255
215 587
216 487
216 944
216 973
216 1121
217 219
218 224
218 540
218 1570
218 1750
219 1431
219 3831
220 1214
220 2003
221 2842
222 354
222 1307
222 2414
222 2966
223 346
223 1008
223 2002
223 2731
223 3157
224 358
224 516
224 1484
225 828
225 1194
225 1374
225 1543
225 1687
225 3294
226 325
226 1002
226 1106
226 3777
227 297
227 323
227 1185
227 1334
227 3495
227 3879
228 395
229 1588
229 1951
230 232
230 1785
231 601
231 732
231 832
231 1498
231 3706
232 277
232 401
232 1474
233 777
234 1390
235 289
235 316
235 754
235 990
235 1472
235 1473
236 330
236 1654
238 338
238 499
238 831
239 1122
239 2455
239 3428
240 361
240 611
240 651
241 389
241 2570
241 2934
241 3126
241 3560
242 280
242 1784
242 3613
243 269
243 364
243 413
243 439
243 447
243 999
244 324
244 443
244 524
244 703
244 1114
245 501
245 929
245 2141
245 2225
246 2055
247 248
247 612
247 1340
247 1803
247 2989
248 2101
248 2631
248 4049
249 462
249 574
249 576
249 2258
249 2334
250 739
250 2407
251 628
251 637
251 1540
251 3881
252 532
252 2521
252 3196
253 542
253 2216
254 2561
254 2571
255 334
255 356
255 860
255 1043
256 691
256 877
256 3263
256 3948
256 3949
256 4075
257 372
257 502
257 1747
257 2539
258 306
258 1393
259 313
259 514
259 1727
260 492
260 616
261 456
261 3632
262 589
262 821
262 1318
263 2109
263 2321
263 3173
263 4021
264 409
264 1228
264 1305
264 2887
264 4187
265 327
265 348
265 385
265 3371
265 3534
266 823
266 978
266 2753
266 3895
267 423
267 965
267 2587
268 1088
269 802
269 2387
269 2707
270 1130
270 2774
271 624
271 716
271 1080
271 2622
272 1272
272 1583
272 1651
272 1741
272 2000
273 287
273 519
273 807
273 2551
274 314
274 478
274 3160
275 326
275 2072
275 2330
275 3251
275 4050
276 288
276 386
276 520
276 665
276 1093
276 1104
276 1778
278 387
278 486
278 2149
278 2536
278 2615
279 1635
280 2652
281 410
281 459
281 721
282 394
282 3597
283 844
283 1069
283 1192
283 3098
284 317
285 1079
286 582
286 626
286 2151
287 1526
288 340
288 872
289 466
289 2673
290 578
291 809
292 357
292 490
292 1335
292 2438
292 2924
293 563
293 758
294 359
294 572
294 3460
296 1004
296 3645
297 678
298 382
298 454
298 708
298 875
298 4145
299 444
299 643
300 392
300 757
300 1000
300 1872
301 770
301 1505
302 685
303 352
303 590
303 698
303 1720
303 3786
304 332
304 1172
304 2547
305 1769
306 3538
307 437
307 512
307 2974
308 477
308 889
308 1207
308 1221
308 1433
309 575
310 379
310 2069
310 3591
311 552
311 810
313 343
313 1569
313 1886
313 1960
313 2655
314 3367
315 863
315 1012
315 2018
315 2577
316 1863
316 1961
316 2284
317 2511
318 505
318 1640
319 2608
320 568
321 489
321 2446
322 1844
323 405
323 874
323 1283
323 1632
323 3590
324 383
324 465
324 610
326 367
326 551
326 1873
326 4273
327 493
327 1013
327 1700
327 1809
328 888
328 2336
330 368
330 788
331 2671
331 3828
332 341
332 3915
332 4123
333 355
333 1254
334 636
334 992
334 1045
334 2448
335 535
335 1090
336 468
336 1143
336 2503
336 2752
336 3833
337 1956
337 3313
338 3838
338 4083
338 4144
339 897
339 2025
339 3678
340 3132
341 1089
341 3751
342 376
343 1781
343 3910
343 4063
344 887
345 442
345 2329
346 4066
347 1101
347 1337
347 1451
348 1021
349 1295
349 1894
349 1979
350 353
350 545
350 816
351 592
351 1300
351 3735
352 848
352 976
352 1836
352 3340
353 746
353 775
353 1802
353 2420
354 585
354 841
354 985
355 541
355 830
355 2030
355 2773
355 3097
356 550
356 826
356 1843
357 681
357 1564
357 2684
358 789
358 2361
359 373
359 434
359 525
359 690
359 1033
359 1051
359 1398
359 1845
359 2040
360 737
361 3936
363 822
363 3446
364 452
364 683
364 819
364 1373
365 3239
365 3742
366 696
367 2713
367 2888
367 3761
368 399
368 408
368 506
368 943
369 553
369 618
369 1269
369 1662
369 2632
369 3827
370 407
370 508
370 846
370 1854
370 2063
371 418
371 438
371 682
371 1896
371 2213
371 4140
372 526
372 657
372 1102
372 2244
372 2314
373 745
373 1293
373 2633
374 435
374 536
374 1173
374 2425
375 706
375 740
376 620
376 3684
377 412
377 1893
378 670
379 404
379 1497
379 1817
379 3633
380 1943
381 573
381 1518
381 2643
382 617
382 1942
382 2060
382 3270
383 2490
383 3207
384 517
384 927
384 1164
385 422
385 571
385 945
385 2824
385 2942
386 634
386 688
387 427
387 599
387 710
388 2226
389 577
390 922
391 1077
391 3471
392 2167
392 3059
393 680
393 2482
394 461
394 1866
395 997
396 1303
397 800
397 1062
399 908
399 960
399 1348
400 565
400 741
400 1629
401 725
401 1787
401 1928
402 878
402 1525
402 3669
403 764
403 2812
404 1731
404 4148
405 424
405 695
405 988
405 2891
407 630
407 1243
407 2204
408 570
409 475
409 488
409 724
409 3662
410 1065
410 1603
410 1669
410 2758
411 759
411 3002
411 4237
412 3954
413 473
413 3720
414 432
414 3109
415 485
415 2627
417 538
417 876
418 979
418 1403
418 4008
419 957
419 1175
419 1246
419 2962
419 3729
420 1678
420 2917
420 3130
420 3999
421 471
421 3261
422 474
422 2228
422 2541
423 1050
423 1213
423 1820
424 1591
425 1264
426 2239
427 969
427 1071
427 3877
428 548
429 457
429 498
429 786
429 1383
429 3267
429 3558
430 2032
430 4019
431 650
431 1929
432 470
432 1346
432 1698
433 448
433 747
433 1155
434 2345
434 3405
437 1457
438 1329
439 1721
440 513
440 2105
441 603
441 1994
441 2657
442 2288
443 934
446 893
446 2349
447 511
447 1612
447 2718
448 1273
448 1322
448 1892
449 2467
449 3377
450 669
450 825
450 1908
452 556
452 3748
453 1125
454 3360
454 4079
455 1597
455 1666
455 1842
455 2290
457 731
457 1800
458 677
458 720
458 2841
460 1313
460 2574
461 906
461 913
462 537
463 1601
464 645
464 1546
464 3283
465 544
465 584
465 648
465 654
465 1674
465 2104
466 1011
466 1587
466 3650
466 3995
467 625
467 1648
467 2191
467 2621
468 837
468 3473
469 707
469 1181
470 1918
471 790
471 868
471 2444
472 1539
472 1545
475 1429
476 1158
478 510
478 635
478 1861
479 658
479 1837
479 2779
480 638
480 647
480 1056
480 1582
480 2051
481 1036
481 3941
482 2107
482 2291
482 2537
482 3666
483 728
483 1251
483 2374
484 1980
485 561
485 1298
485 1898
486 749
486 1224
486 2872
488 1672
489 948
490 871
490 1490
490 2500
490 4225
491 2687
492 879
492 2442
493 639
493 726
493 793
493 938
493 1100
493 1718
494 644
494 2725
496 1488
496 1876
496 2142
496 3298
498 527
498 1414
499 772
499 1987
500 604
500 750
500 931
500 3812
501 797
501 1092
501 2828
502 842
502 2161
505 1178
505 3644
506 692
506 2236
506 3435
507 722
507 1028
507 2278
508 652
508 962
508 1931
509 919
509 1200
509 1978
510 885
510 1291
510 2922
511 3512
511 3602
512 533
512 2212
513 715
515 778
515 1681
517 1339
517 2176
517 2809
517 3116
518 1324
519 1072
520 783
520 935
521 546
521 661
521 723
521 963
521 1663
523 3647
524 1082
524 2546
525 834
525 1345
525 2313
525 2599
525 3436
526 1347
526 1661
528 730
528 755
528 769
529 1732
530 1169
530 3810
531 1225
533 1418
533 3249
534 686
534 1024
535 958
535 3649
538 1325
538 2106
538 2404
538 2491
539 605
539 3922
541 567
541 859
541 1963
541 3715
542 925
543 2275
543 2524
543 3683
546 673
546 3821
547 1410
548 1279
549 1555
549 1939
549 2708
550 855
550 1606
550 2504
550 4221
551 838
551 866
551 2124
551 3066
551 3419
552 666
552 2155
552 3301
552 3892
555 1357
555 4157
557 1162
558 2852
559 744
559 815
559 1492
560 849
561 4055
562 1600
562 1783
563 714
563 814
563 1166
563 4156
564 1715
564 2135
565 608
565 632
566 2646
567 1153
567 1314
568 613
568 3276
569 1277
569 1331
569 2016
569 2750
570 631
570 3082
571 653
571 3979
572 974
572 2690
573 615
573 2806
573 3122
574 1087
574 1384
574 2341
575 1262
575 1544
575 2070
575 3659
575 4033
576 581
577 583
577 641
577 1120
577 1387
577 3431
578 1046
578 1048
578 1145
578 1202
578 1265
578 1412
578 2221
578 3942
578 4042
579 660
579 936
580 902
580 1776
582 1435
583 1249
583 1253
584 700
584 892
584 3672
585 779
585 2340
585 3732
586 900
587 1296
588 702
589 2788
590 950
590 1042
590 1361
590 3381
590 4118
592 1057
592 2137
593 987
595 949
595 1247
595 2034
595 3791
597 1386
597 1443
598 1252
599 1115
599 1369
599 1462
600 798
600 2285
601 829
601 2823
601 3011
602 4269
603 2346
604 847
605 2005
606 712
606 1187
607 2123
607 3389
608 656
609 1611
609 4040
610 1426
610 1515
612 1129
612 2232
612 2325
612 3060
613 713
613 1290
613 2805
613 3681
615 2326
615 3027
616 655
616 1694
617 734
617 903
618 1756
618 2175
618 3380
620 756
620 1766
621 1309
621 1362
621 2980
624 3195
625 1388
627 924
627 2403
628 1116
628 1620
629 804
629 3103
630 808
630 1463
630 2785
632 1128
632 2596
633 853
634 996
634 1096
634 3392
634 4126
635 940
636 3281
637 1907
637 3348
637 3489
638 1476
639 1191
639 2883
639 3084
639 3641
640 1519
641 4023
642 753
642 3567
643 1244
643 3466
644 2430
645 1321
645 1355
646 1017
646 3693
647 896
647 1232
647 3102
648 697
648 773
648 905
648 1686
649 1326
650 1216
650 3355
651 659
651 843
651 1060
651 2502
651 3944
652 1054
652 3545
653 1375
653 2965
654 693
654 3511
655 2119
656 787
656 1282
656 2118
659 2979
659 3013
660 1489
660 2066
661 2598
662 2509
662 2850
662 3566
663 2674
664 909
665 923
665 3898
666 687
667 711
667 1532
667 2877
667 3262
668 1993
668 3956
669 840
669 1001
669 1425
670 1625
672 2264
673 1799
674 2923
675 733
675 820
675 1775
676 679
676 795
676 1111
676 1794
677 850
677 910
677 1822
677 1947
677 2254
678 3399
679 813
679 818
679 1982
682 704
682 2093
682 2459
682 3000
682 3499
682 3559
684 1204
684 1366
684 3142
685 791
685 1511
685 4250
687 1025
687 2117
687 2581
688 735
689 2834
689 2925
690 2722
690 3198
690 4017
691 1235
692 717
692 2798
692 4026
693 1195
693 3573
693 3588
694 1944
695 4086
696 805
697 2745
698 738
698 993
698 1332
698 1379
699 2401
700 794
700 1217
700 2532
700 2930
701 1551
701 3048
701 4178
702 760
702 2036
703 2116
705 2583
705 2715
705 3197
706 806
707 839
708 1327
709 1529
710 1964
711 1853
712 3090
712 3637
712 3975
713 3043
714 1609
715 2077
716 727
716 904
716 1177
717 765
718 2102
718 2654
718 2860
718 3600
719 4012
721 2452
722 1138
722 1240
722 1974
722 2540
723 1576
724 817
724 989
724 1058
724 1862
725 1395
726 1444
726 1571
726 1752
726 1827
726 1927
727 961
727 1391
727 1419
727 1998
728 1154
729 1709
730 852
730 1302
732 768
732 1219
733 1049
733 1109
733 4226
734 2523
735 742
735 928
735 1416
735 2073
735 2342
735 2997
736 1118
736 4022
737 2027
738 4232
739 1081
739 2897
741 2160
742 1171
743 1607
743 1833
743 4138
746 2616
747 2619
747 3661
747 4198
748 827
748 1284
748 2589
749 1188
749 1710
749 3034
750 1636
750 2131
750 3548
751 812
751 2373
752 1659
752 2947
752 3319
753 1813
753 3856
753 3930
753 3982
754 1075
754 1521
754 1527
754 1641
755 1664
755 1834
756 858
756 1085
756 1695
758 1044
758 1098
758 1989
758 2306
759 1276
759 1958
760 1468
761 3164
761 4243
762 1856
763 882
763 947
763 2079
763 3398
764 851
766 811
766 4147
767 1780
767 2440
768 2464
768 2610
770 1584
774 1242
775 1255
775 1705
775 2879
777 1019
777 1631
777 3236
779 1367
779 2015
780 1174
780 3745
781 1031
781 1590
782 1212
782 1615
782 1650
782 3987
783 1857
784 1189
785 1589
785 4164
786 982
786 1562
787 1639
788 1957
788 2039
789 4184
790 1037
790 1086
790 2202
790 3595
791 880
791 1341
791 2081
791 2410
792 1734
793 1442
793 2862
793 2933
794 3214
796 1108
797 803
797 1142
797 1909
797 2214
797 2320
798 1281
798 1520
798 2185
799 1029
799 2483
800 1119
801 2389
803 1299
803 2311
804 2628
805 3864
806 1127
806 1371
806 1855
807 881
807 914
807 3698
809 915
810 1014
810 3356
811 867
811 937
811 1311
812 899
813 983
813 3469
816 2914
817 1556
817 2575
818 1256
818 2550
818 4091
819 2206
819 3878
820 1009
821 930
821 1059
822 856
822 1680
822 2360
823 2056
824 2981
825 2907
825 3256
827 2324
827 3763
828 980
828 1238
829 1577
829 2242
830 2058
831 1112
831 1841
833 1180
833 1552
834 873
835 3235
835 3576
836 898
836 1168
836 2192
837 977
837 1889
839 1287
839 1514
839 3171
840 2844
841 2133
841 2998
842 861
842 1113
842 1483
843 1744
843 1999
845 1504
847 1135
847 1899
848 1404
849 2028
850 921
850 933
850 991
850 2029
850 2388
851 1123
852 1083
852 1966
853 2771
854 986
854 1553
855 970
858 2836
858 2892
859 1156
859 1157
859 1261
859 1456
859 2421
859 4165
860 2902
862 1699
862 3129
863 1613
863 3933
865 2839
866 956
866 2624
866 2927
869 1378
869 2794
870 1376
870 2638
870 3215
870 3952
871 1035
871 1673
871 1906
872 1124
873 1091
873 2165
873 3635
874 1851
875 3479
876 1022
876 1655
877 1618
877 1801
878 1288
878 1344
878 2041
878 2241
879 1771
879 3140
881 1052
882 2130
882 2867
883 918
883 3211
884 1268
884 3929
885 1027
885 2591
886 3433
889 1070
889 2783
890 1712
893 1285
894 2485
896 2309
898 942
899 1581
899 1707
899 2940
899 2985
899 3056
900 1941
900 2560
901 2227
903 1233
903 1336
903 1754
903 3811
905 907
905 1066
905 1152
906 952
906 1385
906 1423
906 1528
907 1677
908 1900
908 2251
908 3955
909 1032
909 1038
909 1179
909 1250
909 1396
910 2007
910 2926
911 1230
911 1437
912 941
912 1274
912 3052
914 1047
915 2121
917 2297
918 3974
920 1825
921 2676
923 1714
924 3284
925 966
925 1193
925 1381
925 3125
926 1486
926 3998
927 968
927 1310
927 2338
927 2683
928 1005
928 1241
928 1903
931 1131
931 1263
931 1642
931 1897
931 3342
932 2630
932 3513
933 1392
933 2122
936 1182
936 1849
936 1971
936 3674
937 1839
937 3255
937 3416
938 1137
938 3960
939 2138
941 1306
941 1736
942 2006
942 2198
943 1184
943 2552
943 2951
944 1226
944 1630
944 2023
945 984
945 1007
946 994
946 3569
947 975
947 1041
947 3410
949 1706
949 2685
951 1467
951 1875
951 3921
952 1668
954 2765
956 1186
956 1422
957 972
958 3808
959 1203
960 1280
960 1917
961 1933
961 2826
962 2728
962 2986
964 1482
964 3078
965 3368
966 1934
966 2434
967 1743
968 1774
968 2469
969 3170
971 2533
972 1146
972 1559
974 1604
975 2759
976 4190
977 1832
977 2935
979 1815
979 2166
979 2969
980 1753
980 3510
981 1547
981 2186
982 1160
983 3010
983 3324
984 1737
984 3016
985 2085
985 2086
985 2234
986 1557
986 1675
987 1040
988 1685
989 1084
990 1259
990 1349
990 2781
991 3053
993 998
993 1248
994 3032
995 1149
995 1730
995 2990
995 3565
996 1363
996 1984
997 1206
998 3311
998 3480
999 1076
999 3120
1002 2474
1002 3776
1002 3796
1004 1493
1004 1758
1008 2830
1008 3640
1009 1220
1009 1397
1009 2035
1010 2194
1011 2544
1011 3610
1012 1465
1012 2331
1013 1693
1013 1923
1014 1150
1014 2376
1014 3648
1015 1211
1015 2747
1016 2033
1017 1757
1017 2179
1018 1506
1018 2020
1018 3121
1019 1579
1019 2012
1019 3619
1020 1689
1020 3362
1023 1510
1023 3359
1025 3028
1026 1586
1026 1828
1027 1986
1028 1985
1029 1304
1029 1838
1029 2339
1030 2408
1033 1377
1033 1761
1033 2754
1033 3781
1034 1643
1034 3139
1034 3740
1035 1915
1036 1537
1037 1073
1039 2368
1039 2660
1039 2738
1041 1163
1041 1245
1041 2218
1043 1919
1043 3194
1043 3397
1044 1165
1044 4161
1045 3334
1046 1450
1047 1702
1047 1925
1047 3622
1048 1159
1048 3673
1048 3785
1049 4159
1049 4249
1050 1475
1051 3149
1051 3852
1052 1183
1052 2816
1052 4073
1054 1496
1054 4088
1055 1405
1055 2048
1056 1459
1056 1524
1056 3612
1057 1315
1057 1455
1057 1616
1058 1770
1059 1797
1059 2799
1059 3570
1062 1215
1062 3476
1063 1167
1063 3757
1065 3829
1066 3203
1067 2901
1068 3385
1070 4276
1071 1449
1071 2710
1071 3608
1072 1940
1074 1949
1074 3687
1075 1637
1075 2371
1077 1580
1077 2378
1078 2538
1079 1278
1079 3307
1080 1768
1080 2019
1081 1622
1081 2436
1082 1099
1084 3708
1085 1210
1085 2772
1085 3295
1085 3364
1086 3105
1087 3688
1088 1417
1089 1107
1089 1495
1089 3386
1090 1550
1090 4286
1091 2409
1091 2895
1091 2898
1092 1764
1093 2463
1094 1161
1094 1413
1095 1428
1095 3472
1096 1441
1096 1513
1097 1439
1100 1829
1100 2889
1102 2864
1103 3258
1105 1271
1105 1605
1105 2573
1106 2008
1109 2001
1109 4108
1109 4129
1110 1350
1110 1499
1110 2494
1110 3245
1111 2021
1111 3216
1112 1234
1114 2780
1114 3220
1117 3178
1119 2305
1119 2840
1119 3383
1120 1719
1120 2351
1121 1932
1122 2148
1123 1140
1123 1260
1124 1460
1124 3325
1125 2317
1126 3260
1127 2111
1127 3004
1129 3190
1131 2096
1131 2585
1131 3023
1131 4032
1132 2333
1133 1816
1133 2173
1134 1445
1135 3020
1135 3719
1136 3774
1137 1469
1137 1471
1137 1765
1137 2170
1137 2197
1137 2222
1138 2350
1138 2786
1139 3047
1139 4142
1140 1646
1140 2525
1140 3867
1141 2110
1141 2853
1141 3335
1142 1627
1143 2398
1145 1370
1145 1913
1145 2432
1147 1292
1148 2335
1149 1926
1149 2904
1150 1190
1151 1885
1152 1205
1152 3447
1154 1320
1154 1624
1155 1638
1155 2983
1156 2294
1156 2299
1156 3326
1159 1895
1162 2680
1162 3520
1163 1229
1163 1343
1165 1628
1165 3062
1166 2047
1166 2611
1167 1531
1168 2201
1168 3579
1169 1317
1169 2910
1170 3413
1170 3494
1171 1389
1171 3872
1172 1656
1173 2501
1174 1992
1174 4230
1180 1446
1180 1742
1180 3092
1181 1199
1181 2372
1182 1208
1182 2677
1182 4153
1184 1542
1184 1558
1184 2370
1185 2053
1185 2120
1185 2648
1186 1565
1186 2263
1186 3919
1187 1791
1187 4217
1189 3030
1190 2009
1190 3554
1191 3886
1191 4132
1192 1258
1193 1657
1193 1683
1193 2447
1193 3959
1196 2768
1198 2357
1198 4046
1199 1762
1199 2431
1201 4048
1202 1573
1202 2205
1202 2896
1205 4062
1206 1237
1206 2064
1206 3145
1207 1523
1208 1448
1208 1634
1208 2128
1209 2235
1210 1887
1210 2992
1210 3304
1212 3088
1214 1338
1214 2140
1216 1420
1217 1223
1217 1301
1217 1902
1217 1968
1218 1965
1219 2882
1219 3378
1220 4136
1221 1438
1222 2458
1223 1789
1223 2289
1226 1464
1226 1538
1226 1812
1229 1270
1230 2650
1231 1479
1231 2095
1231 2229
1232 1840
1232 2614
1233 1447
1234 1996
1234 2700
1236 2017
1237 1682
1237 2604
1239 1358
1239 1466
1239 2132
1239 3279
1239 3314
1240 1430
1241 1480
1241 1826
1243 1824
1243 2237
1244 3225
1245 1536
1245 3926
1246 2144
1247 2493
1248 1711
1249 2954
1253 1690
1256 1522
1256 4099
1257 1359
1257 3420
1259 1847
1260 1400
1261 2182
1261 4166
1262 3150
1263 2273
1263 2792
1265 1779
1266 3484
1266 4103
1266 4240
1267 1806
1268 1535
1270 1596
1270 1818
1270 2973
1271 1610
1271 1777
1272 1440
1272 1595
1273 1962
1273 3143
1274 1735
1274 2078
1274 2763
1274 3223
1275 3237
1276 1501
1276 2720
1276 3291
1277 2139
1277 2215
1278 3581
1278 4080
1280 2042
1282 1782
1283 1713
1284 1870
1284 3315
1285 2559
1285 4043
1288 2607
1290 2770
1293 2090
1296 1745
1296 2588
1297 1353
1297 1415
1298 1563
1298 4189
1299 3700
1299 4106
1300 2777
1301 3114
1302 1860
1302 2164
1305 1436
1305 3224
1306 1823
1306 3110
1307 1487
1307 2833
1308 3583
1309 3896
1311 2092
1311 3242
1311 3598
1312 2605
1312 3347
1314 2597
1316 3779
1316 4224
1318 2712
1318 3156
1319 1372
1319 2451
1319 3439
1319 4266
1325 2437
1325 3592
1325 3917
1325 4097
1327 1967
1329 2022
1329 3175
1334 2223
1334 3217
1337 2046
1337 2952
1338 1869
1339 1645
1339 3229
1339 3711
1340 2113
1341 1458
1342 1946
1343 1491
1343 2705
1343 3454
1344 1592
1344 3309
1348 3299
1349 1995
1351 1461
1351 1954
1351 3487
1352 2270
1352 2584
1352 3384
1352 3797
1354 2087
1355 2316
1355 3029
1355 3822
1357 2379
1357 3839
1358 2670
1359 1364
1360 1676
1360 2049
1360 2348
1360 3909
1361 2418
1361 3939
1363 4104
1364 1763
1364 1924
1367 3787
1368 2286
1369 3306
1370 4116
1372 1408
1372 2247
1372 3652
1373 2397
1373 2419
1373 2445
1374 1726
1375 2084
1375 3749
1376 3167
1378 2269
1378 2590
1378 3254
1379 1748
1379 1859
1379 2347
1380 2555
1381 1394
1381 1983
1381 3818
1381 3925
1384 1921
1384 2554
1384 2746
1385 2287
1386 1835
1386 3943
1388 2709
1389 1599
1390 1568
1391 3417
1395 3089
1397 1696
1398 1516
1398 1916
1398 2209
1398 2481
1399 1938
1401 1409
1402 1969
1402 2363
1403 2742
1404 1481
1404 4192
1405 2057
1405 3363
1406 2415
1406 3093
1407 1566
1408 1805
1409 3519
1410 2782
1413 1760
1414 1858
1414 3069
1414 4233
1415 2815
1415 3300
1416 2666
1416 3509
1417 1530
1417 2492
1420 1617
1421 1602
1421 1905
1421 3996
1422 3317
1423 1759
1423 1959
1423 2972
1424 3730
1425 2911
1428 1647
1429 1585
1431 2468
1432 1619
1432 3587
1438 3141
1439 3575
1440 3328
1440 3609
1442 3409
1442 4268
1443 1708
1443 2162
1443 2238
1443 2602
1444 4218
1446 2478
1446 2520
1446 2791
1447 2507
1448 4127
1449 1739
1450 1485
1450 1534
1452 1454
1452 3861
1453 1878
1454 1670
1455 1502
1455 2423
1457 2866
1458 2243
1459 1807
1460 2579
1460 2629
1460 2856
1461 1751
1461 2260
1463 3336
1464 3218
1465 1554
1467 4119
1470 1578
1470 2052
1472 4020
1473 2112
1473 3442
1473 3946
1474 2088
1474 3677
1476 3891
1477 1649
1477 3769
1478 2282
1480 1871
1482 3162
1482 3840
1484 3544
1487 1574
1488 3280
1489 2982
1489 3014
1491 1512
1492 2618
1492 3478
1493 2253
1494 3492
1495 3427
1498 3018
1499 2274
1502 1567
1503 2653
1504 2071
1504 2874
1505 1868
1506 1788
1506 2075
1508 2563
1509 1691
1509 2549
1509 3911
1511 4121
1512 3411
1513 2689
1514 1796
1515 3401
1516 2037
1516 2402
1516 3252
1517 2729
1517 3033
1518 1772
1518 2915
1519 1852
1519 2846
1520 3966
1521 1848
1523 1981
1523 2219
1524 2174
1526 2545
1526 3490
1527 1973
1527 2803
1529 2734
1530 1548
1530 2010
1531 1633
1535 1652
1535 2125
1536 2126
1536 2390
1536 3997
1538 2400
1538 3736
1539 2344
1540 2696
1540 2984
1541 3111
1542 2472
1543 1658
1543 2362
1543 3041
1544 1598
1545 1614
1548 2499
1550 1811
1550 2530
1552 1890
1554 1874
1555 1623
1559 1665
1560 2061
1562 2894
1563 1767
1564 2556
1565 1798
1566 2318
1566 3657
1566 3809
1567 3767
1569 2380
1570 2163
1571 4260
1574 2283
1574 3768
1578 2011
1578 2460
1580 2308
1581 2822
1583 3529
1584 1867
1584 2497
1587 1795
1587 3574
1588 1692
1591 3778
1592 2737
1594 2091
1595 1725
1595 3168
1597 2441
1597 3658
1598 4229
1599 2695
1601 2424
1603 2183
1605 1653
1605 3461
1605 3951
1608 3005
1609 2847
1610 4092
1613 4254
1614 1901
1615 3455
1618 2727
1618 2837
1619 4264
1621 1953
1622 1904
1623 2959
1625 1722
1626 1703
1626 3503
1630 2383
1631 3064
1634 2854
1634 2977
1636 3541
1638 3709
1639 2375
1639 3978
1640 1948
1642 3530
1644 3024
1647 1850
1647 2255
1647 3259
1648 2617
1656 3100
1659 1733
1661 2256
1661 2512
1661 2801
1661 3837
1662 2207
1662 2475
1662 2534
1662 2634
1662 2711
1662 3115
1663 2635
1664 2641
1665 3332
1665 3528
1666 2134
1666 2271
1668 2681
1668 3015
1669 1914
1669 2950
1671 1810
1671 2426
1671 3045
1671 3051
1671 3183
1671 3717
1672 2208
1673 2099
1674 2259
1678 3824
1679 2217
1679 2804
1679 3344
1683 2195
1683 2281
1683 2322
1686 2108
1686 2199
1686 2411
1686 2422
1689 1945
1689 2129
1691 3754
1692 3906
1693 2968
1695 2026
1695 3208
1696 1877
1697 1865
1698 2672
1698 3136
1699 2767
1699 2948
1701 2303
1702 1704
1702 2044
1702 2059
1703 3582
1704 2224
1705 2787
1708 2280
1708 4282
1711 2082
1712 1740
1713 1879
1713 2279
1716 2233
1716 2949
1717 2802
1718 3550
1718 3793
1719 1790
1723 2741
1725 1738
1730 2906
1731 2861
1734 2454
1735 2089
1736 1910
1738 2304
1739 3726
1740 2505
1740 3250
1742 2156
1742 3101
1743 2080
1745 4183
1748 3775
1751 2960
1752 2848
1752 2868
1754 3042
1756 2385
1756 3201
1757 2428
1757 4231
1760 3621
1761 2743
1762 2406
1763 1975
1763 2302
1763 3562
1763 3665
1764 3305
1766 3039
1767 3074
1769 1972
1773 2766
1775 1814
1775 1952
1775 3065
1776 2172
1777 4058
1779 4143
1780 1988
1780 2603
1780 3733
1781 3539
1781 3851
1782 1786
1782 1821
1782 1950
1783 3361
1785 1819
1786 2257
1786 2656
1788 3441
1791 1930
1791 2749
1796 2384
1807 2062
1807 3624
1808 1888
1808 2869
1808 3234
1810 2693
1810 2811
1810 3107
1811 4124
1814 2196
1815 1920
1815 2909
1815 3643
1816 2038
1821 3875
1823 2393
1823 2819
1824 2620
1826 2488
1827 2667
1830 2880
1833 3161
1835 3526
1839 2569
1841 2721
1841 3012
1842 2203
1842 3817
1845 2462
1847 2756
1848 2364
1848 2941
1849 1864
1849 3670
1850 1970
1850 2439
1851 2315
1851 2937
1852 2050
1852 2987
1852 3464
1854 1976
1854 2564
1854 2582
1854 2963
1855 3507
1858 2147
1860 1883
1862 2956
1863 2097
1863 2220
1863 4072
1865 2094
1865 2181
1865 2649
1865 2961
1865 4029
1866 2265
1869 3003
1870 2908
1870 2958
1872 2377
1874 2013
1874 3095
1876 4291
1878 3429
1879 2595
1880 2531
1880 2732
1881 3614
1882 2068
1883 3437
1884 1912
1884 2327
1887 3087
1889 2043
1891 2814
1894 1997
1895 3166
1895 3584
1898 2658
1899 3572
1902 3395
1902 3707
1907 4146
1909 2967
1910 4194
1912 3191
1912 3339
1913 2592
1913 3400
1916 2612
1916 3483
1918 2905
1920 3459
1921 3341
1922 2193
1922 2704
1926 2252
1927 3536
1929 2074
1929 2177
1930 2031
1931 4262
1932 2776
1933 2470
1934 3806
1935 2796
1936 2261
1936 3231
1938 4065
1939 3402
1940 2298
1941 2818
1942 2168
1942 2970
1944 3159
1948 2024
1949 3085
1950 3274
1950 4162
1951 3094
1952 3508
1952 4102
1953 3606
1954 2157
1957 2248
1957 3408
1958 3390
1958 4185
1961 3704
1963 2744
1964 2594
1966 2076
1966 2171
1967 4207
1973 2143
1973 2189
1973 2623
1973 4256
1974 3482
1975 2301
1979 2764
1979 4149
1981 3202
1981 3585
1982 3099
1982 3743
1983 4070
1984 3354
1987 2412
1988 2976
1989 2392
1990 2359
1991 2276
1991 3611
1992 3780
1993 3663
1994 2580
1994 2943
1995 2994
1997 2613
1999 3789
2000 2562
2003 2187
2004 2103
2005 2487
2005 3181
2007 3805
2011 2146
2011 2150
2011 2246
2012 2651
2014 3009
2014 3937
2015 2266
2015 2519
2015 3206
2016 2153
2016 3521
2017 2295
2018 3739
2021 3269
2026 2180
2029 2231
2029 2647
2030 2518
2031 4215
2033 3055
2035 3288
2036 4274
2037 2740
2039 2367
2041 2292
2041 3172
2042 3432
2045 2443
2045 3318
2047 2576
2047 3081
2048 2755
2050 3022
2050 3165
2053 3452
2054 2701
2055 2300
2055 2739
2055 3820
2056 3847
2057 3523
2057 3586
2057 4177
2060 2272
2060 3802
2061 3219
2063 2625
2065 2267
2065 2343
2065 2365
2066 2450
2068 2152
2069 3373
2070 2566
2070 3174
2070 3393
2070 3701
2070 3938
2073 2405
2073 3971
2074 2639
2074 4290
2075 3552
2075 3578
2076 3285
2077 3646
2080 2510
2087 2178
2087 3760
2088 3268
2089 2158
2089 2881
2091 2381
2096 2210
2096 2369
2097 2484
2097 3571
2098 2169
2100 3784
2100 4089
2103 3426
2105 2535
2105 4171
2107 3766
2108 2159
2116 3522
2118 2245
2122 2486
2122 2939
2124 3834
2127 3973
2129 2529
2129 3185
2134 2929
2134 2936
2134 4150
2139 2184
2146 3932
2148 3639
2149 4000
2150 2662
2152 2262
2153 2626
2154 3731
2155 2457
2157 2748
2157 3290
2157 3457
2159 2435
2161 3691
2161 4211
2165 2473
2165 4081
2166 2386
2168 2337
2168 2417
2168 2548
2168 2918
2168 4039
2170 4113
2171 2921
2172 3070
2173 3961
2174 2668
2174 2678
2174 3179
2175 2355
2176 2797
2177 2517
2178 3286
2178 3546
2181 4093
2183 2249
2184 2691
2185 3628
2185 3931
2185 3986
2186 2760
2186 2999
2188 2382
2188 2663
2189 3282
2190 3568
2191 2466
2191 2946
2192 2230
2192 2640
2193 2495
2193 3885
2196 2723
2202 2319
2204 3080
2206 2586
2206 2829
2207 2719
2209 3618
2210 2851
2210 2884
2210 3067
2211 4084
2212 2277
2213 3370
2214 3655
2215 2645
2220 2356
2220 3607
2221 3086
2224 2730
2224 3187
2225 2702
2225 3232
2226 2461
2226 2857
2231 2489
2233 2514
2233 3036
2233 3594
2236 3888
2245 3651
2246 3146
2247 3058
2250 4130
2251 3653
2252 2900
2254 2354
2255 2332
2255 2675
2255 3463
2256 3813
2260 3540
2260 4067
2261 2429
2261 2827
2265 3057
2266 3228
2268 2391
2268 4082
2269 2810
2269 3297
2271 3899
2272 2480
2274 3844
2275 2642
2276 2399
2276 3580
2277 3882
2283 2413
2286 3968
2287 2394
2288 2865
2291 3210
2293 4002
2297 2479
2297 3625
2305 3379
2306 2508
2307 3477
2308 4005
2309 3862
2314 3517
2314 3556
2316 4173
2319 3918
2321 3908
2321 4117
2322 4288
2323 2471
2327 2568
2327 3605
2327 3723
2328 2366
2329 3008
2330 3543
2330 4004
2332 3112
2333 2843
2341 2456
2343 2578
2344 2522
2345 3025
2345 4015
2347 3372
2349 2527
2351 3712
2356 3358
2356 4241
2357 2938
2360 3771
2360 4071
2363 3302
2363 3500
2367 2567
2368 4053
2368 4057
2369 3073
2369 3365
2370 3292
2372 2795
2375 2558
2375 3106
2378 3412
2380 2498
2381 2912
2383 3773
2384 3212
2385 2427
2387 3835
2388 2396
2389 3884
2390 4210
2391 2885
2396 3965
2397 3275
2398 3184
2399 3728
2400 2453
2400 3444
2402 2665
2404 2790
2405 3148
2406 3096
2409 3035
2409 3289
2410 2686
2417 3905
2421 3403
2421 3547
2423 3868
2423 3871
2426 3676
2427 2506
2428 3151
2434 3303
2437 2526
2437 3620
2438 2832
2441 4016
2446 2751
2446 3863
2448 3617
2449 4120
2450 3737
2451 2542
2452 3515
2453 2932
2453 3992
2455 3104
2457 3026
2457 3741
2460 3445
2461 3353
2463 3061
2468 2606
2469 3138
2471 3825
2472 2513
2472 3702
2472 4025
2475 3564
2476 3816
2481 4061
2482 2849
2483 2835
2483 4112
2484 3988
2486 2600
2486 2717
2486 3518
2488 3006
2489 2659
2489 2928
2490 3782
2496 3404
2500 3134
2502 3321
2502 3394
2504 3222
2504 3984
2505 3963
2507 2762
2508 2784
2509 3623
2510 3253
2513 4275
2514 2761
2520 3667
2522 3387
2526 2993
2529 2736
2533 2682
2533 3199
2535 3044
2537 4134
2539 3388
2542 3671
2543 3180
2547 3467
2550 3694
2554 2661
2554 4195
2555 2703
2557 3497
2558 3329
2558 4154
2561 3421
2562 3422
2562 3599
2564 2903
2565 4247
2566 2858
2567 3192
2568 3021
2569 2697
2575 3887
2578 3493
2579 3525
2582 3977
2582 4168
2584 3705
2586 4267
2590 3660
2591 3418
2591 3561
2591 3970
2591 4128
2592 3357
2594 2995
2601 2817
2605 2944
2606 2831
2606 3177
2610 3238
2610 3616
2610 4052
2611 3456
2613 3989
2618 3382
2621 3133
2622 3273
2622 4280
2623 2813
2626 2716
2626 3846
2627 4199
2634 3117
2634 3124
2634 3424
2640 3068
2641 2664
2642 3928
2643 3883
2644 3710
2645 3434
2648 3551
2655 3604
2656 3189
2658 2875
2659 4186
2670 2724
2670 3226
2670 4014
2676 2793
2676 3485
2676 3721
2680 3689
2686 3664
2687 2726
2689 2873
2695 3874
2698 3890
2698 3947
2699 3724
2700 2886
2704 4131
2708 3076
2709 2775
2711 3764
2711 4272
2712 2957
2713 3323
2715 3762
2715 4007
2719 4006
2721 3734
2723 3577
2723 3716
2726 3071
2727 3894
2728 3903
2729 4068
2731 3423
2731 3501
2738 4174
2742 2988
2745 2855
2749 4051
2750 3331
2752 3054
2764 3376
2764 4027
2765 3001
2765 3264
2767 3533
2767 4003
2768 4201
2771 3795
2775 3950
2776 3557
2778 3451
2781 2863
2783 4160
2786 2876
2790 4100
2791 3549
2796 3964
2796 4167
2802 2859
2804 3213
2815 3374
2821 2996
2821 4069
2822 3349
2837 3155
2837 3725
2842 3772
2847 3980
2848 3692
2851 4095
2855 3200
2856 3241
2856 3537
2857 3278
2857 3458
2870 2878
2871 3589
2874 3193
2875 3430
2880 3474
2881 3524
2885 3656
2885 3718
2889 3830
2890 3205
2890 3914
2891 3425
2892 2899
2893 3108
2897 3019
2897 3695
2898 3209
2901 3869
2908 3675
2913 3904
2914 3345
2915 3144
2915 3783
2921 2945
2923 3244
2924 3063
2924 3532
2925 4244
2928 3900
2929 4259
2933 3481
2933 4208
2934 3330
2934 3542
2934 3654
2934 3859
2937 3186
2942 3230
2946 3800
2946 4111
2947 3990
2951 3642
2956 4152
2959 3765
2960 4137
2962 3902
2968 3854
2979 3038
2980 3870
2985 3337
2985 3462
2988 3128
2989 3468
2990 4076
2992 4255
3001 3135
3004 3819
3006 3913
3007 3079
3008 3113
3008 3682
3010 3857
3013 3147
3014 3527
3015 3350
3020 3247
3025 3375
3031 3823
3032 3832
3035 3407
3036 3188
3037 3994
3038 3310
3039 4151
3040 3075
3041 3696
3043 3486
3045 3127
3048 4059
3051 3794
3052 3553
3054 3535
3059 3227
3060 3271
3065 3496
3074 3083
3074 3443
3079 3836
3081 3448
3087 3338
3087 3601
3089 3759
3091 3221
3095 3352
3098 3265
3107 3596
3111 3638
3113 3991
3117 3976
3118 4245
3120 4175
3120 4176
3134 3333
3136 3504
3138 3169
3140 3927
3147 3506
3151 4038
3151 4047
3152 3176
3155 3272
3155 3866
3156 3563
3157 3940
3163 3498
3165 4109
3166 3983
3173 4257
3174 3488
3178 3699
3187 3293
3188 4246
3191 4258
3193 3296
3195 3531
3197 3901
3200 3204
3214 4197
3216 4056
3220 3308
3223 3876
3231 3722
3234 3993
3234 4078
3237 3972
3240 3629
3243 4278
3247 3746
3250 3593
3263 3277
3270 3415
3274 3312
3284 4041
3285 3798
3287 3630
3290 4179
3292 3799
3304 4191
3305 4285
3307 3465
3313 3450
3314 4196
3315 3391
3315 4253
3319 4281
3323 4238
3333 3747
3333 3865
3336 3756
3338 3414
3344 3770
3354 3680
3355 4239
3357 3668
3358 4013
3367 4114
3368 4031
3374 3505
3376 4219
3382 3475
3391 3848
3401 4234
3403 3627
3411 4182
3415 3438
3415 4024
3420 4090
3422 3850
3426 3555
3427 4287
3430 3727
3435 3803
3436 3738
3438 3679
3438 3858
3452 3470
3458 3634
3460 4074
3466 4010
3477 3631
3482 4085
3485 3880
3486 4265
3488 3758
3492 4064
3497 3962
3501 4030
3503 3755
3512 3912
3514 3953
3520 4101
3520 4135
3523 4105
3526 3814
3526 3873
3526 4044
3534 4133
3547 3636
3547 4054
3549 3626
3554 3713
3556 4227
3557 4204
3558 3750
3560 3849
3561 4279
3562 3801
3570 3841
3581 4213
3589 4018
3591 3916
3593 3686
3594 3615
3595 3603
3607 3893
3623 3697
3624 3685
3636 4122
3639 3807
3641 3753
3642 4096
3643 4263
3654 4139
3659 4158
3659 4223
3668 3907
3680 3843
3683 4141
3686 3855
3686 3957
3686 4036
3696 3889
3712 3752
3712 3804
3716 4248
3724 4205
3726 3897
3730 4125
3735 4077
3738 3924
3751 4206
3756 4242
3757 4188
3764 4028
3770 3969
3781 3945
3787 4034
3794 4209
3802 3826
3807 3842
3809 3923
3833 4094
3845 3985
3847 4222
3852 4107
3854 4271
3866 4236
3870 4098
3873 4001
3882 4212
3886 3935
3890 4110
3915 4037
3924 4169
3942 4216
3995 4277
4016 4214
4058 4202
4063 4155
4144 4170
4145 4270
4160 4220
4171 4181
4216 4283
4258 4261
4277 4284
