235 2
232 315 
265 153 
128 235 
279 151 
186 115 
309 128 
62 157 
207 299 
214 101 
271 299 
283 226 
139 166 
226 56 
243 188 
155 74 
105 248 
262 145 
86 81 
209 246 
303 50 
112 105 
115 161 
139 226 
255 273 
137 313 
131 286 
321 132 
211 251 
234 271 
278 82 
182 59 
126 238 
156 220 
272 181 
214 58 
233 139 
68 97 
218 70 
151 283 
263 228 
216 256 
290 94 
304 76 
150 90 
260 214 
158 83 
49 129 
312 175 
226 195 
217 98 
317 71 
207 278 
106 135 
49 230 
61 227 
137 150 
199 253 
67 259 
188 225 
85 175 
96 179 
290 304 
186 322 
80 201 
48 271 
61 193 
324 114 
60 279 
218 240 
180 97 
243 199 
264 117 
57 98 
207 73 
269 136 
195 274 
217 86 
126 219 
134 66 
73 191 
125 231 
258 148 
208 255 
249 258 
79 124 
323 235 
283 158 
193 264 
124 63 
65 112 
126 144 
76 283 
285 48 
179 306 
57 166 
311 217 
266 160 
270 189 
144 205 
213 67 
159 258 
87 72 
219 89 
199 70 
170 114 
57 140 
72 150 
80 226 
222 44 
180 188 
146 42 
82 126 
315 185 
129 254 
54 201 
160 254 
80 239 
179 104 
289 119 
258 213 
260 188 
143 205 
163 158 
124 147 
313 207 
109 204 
299 97 
295 180 
272 59 
141 41 
304 258 
202 291 
219 314 
312 300 
153 293 
183 320 
290 312 
100 111 
267 59 
95 218 
242 117 
47 236 
262 272 
165 50 
281 78 
228 137 
264 321 
260 306 
284 208 
160 274 
69 123 
121 147 
123 199 
167 95 
64 270 
189 279 
65 181 
293 203 
124 70 
313 76 
249 53 
97 210 
316 182 
197 271 
207 229 
285 251 
104 320 
96 186 
64 112 
48 283 
289 66 
155 151 
226 108 
111 133 
285 60 
58 186 
162 125 
125 320 
88 196 
213 219 
279 92 
183 280 
137 309 
184 57 
278 217 
88 208 
247 140 
252 320 
296 81 
257 310 
321 306 
300 192 
118 97 
299 283 
306 255 
277 160 
166 58 
56 163 
253 117 
122 293 
299 266 
202 79 
298 219 
49 296 
208 153 
100 58 
147 83 
43 211 
118 170 
111 63 
221 276 
124 276 
242 78 
290 206 
240 189 
197 200 
131 204 
54 319 
262 164 
56 213 
78 284 
215 93 
100 191 
76 161 
169 167 
181 260 
72 103 
218 197 
80 296 
125 75 
198 44 
249 67 
248 127 
165 255 
299 155 
