47 39
53 45 59 15 34 60 46 24 55 45 68 50 55 22 13 66 16 14 43 41 11 29 68 43 62 40 21 56 38 61 32 67 64 32 59 67 67 22 38 
68 30 11 37 36 58 38 69 67 74 18 71 51 64 50 58 12 25 61 43 55 46 54 59 60 66 14 43 52 13 63 50 54 53 75 11 16 42 66 
57 10 30 52 22 70 67 24 28 73 20 50 37 71 60 33 29 48 47 66 63 24 41 41 63 56 75 28 73 50 65 43 72 15 72 55 49 42 34 
44 33 64 13 75 73 37 33 27 34 26 29 27 13 13 12 21 13 72 17 49 17 38 34 20 38 52 57 64 52 46 32 20 59 41 45 69 31 54 
28 75 29 12 71 31 27 17 65 19 31 52 30 54 43 52 10 27 36 18 44 11 37 67 47 70 14 16 18 60 68 66 32 33 24 42 33 44 19 
75 31 64 71 38 37 20 62 69 66 75 10 26 27 63 22 64 46 35 34 25 39 41 46 17 15 34 24 13 72 29 75 33 18 65 51 24 27 19 
58 72 35 56 27 52 29 11 66 33 18 26 15 22 45 33 75 58 28 61 28 39 51 11 29 69 55 44 11 58 57 56 31 49 59 75 13 20 48 
13 71 42 30 74 11 21 44 56 39 15 10 74 59 26 66 13 53 41 55 70 53 50 52 34 15 58 69 17 23 45 46 58 50 30 73 22 36 52 
48 27 30 16 16 50 64 31 44 53 64 38 17 58 35 27 71 15 28 65 13 46 35 65 18 30 56 42 21 24 62 40 63 57 50 60 53 42 23 
38 49 49 54 28 54 72 13 68 42 62 59 71 22 75 54 74 63 44 53 31 29 50 25 60 67 24 47 55 13 54 35 15 16 49 59 43 33 57 
64 14 56 66 73 22 48 30 46 17 14 45 15 49 73 19 48 12 39 69 74 11 68 35 28 55 41 59 21 28 71 66 28 25 12 49 50 60 56 
50 68 64 70 41 24 58 46 26 15 16 59 27 61 43 49 13 56 71 59 57 64 60 37 37 67 15 37 63 73 40 33 20 36 41 65 71 38 26 
58 15 72 15 38 66 16 41 62 65 65 35 71 45 49 61 50 22 73 53 64 25 70 51 15 74 60 27 35 72 25 55 70 75 55 73 26 50 21 
64 72 48 61 33 48 23 15 19 48 50 30 35 25 12 13 59 21 59 42 56 49 42 31 23 31 13 60 12 73 74 68 12 58 64 10 15 25 57 
12 31 50 32 12 71 51 35 14 28 57 68 12 53 13 12 73 10 67 11 43 70 60 29 27 19 49 64 68 47 39 40 31 63 31 27 55 66 44 
33 29 65 46 73 55 32 30 38 17 36 29 34 52 14 74 68 40 30 28 12 55 51 65 65 72 23 12 37 21 75 39 42 26 18 62 31 52 23 
73 47 65 29 13 27 28 59 33 12 61 57 60 51 13 41 43 19 47 20 36 16 31 16 72 62 12 33 62 73 43 51 17 24 35 18 72 48 71 
49 55 41 54 55 63 72 11 50 12 54 40 72 28 62 63 19 46 58 37 34 57 47 61 60 35 53 49 70 72 35 74 12 31 33 58 14 70 14 
11 33 15 52 47 67 31 52 24 10 68 23 28 48 72 15 64 18 39 47 41 62 34 73 25 32 15 65 21 30 35 59 69 33 27 60 74 66 72 
46 15 33 10 13 58 40 52 52 70 10 38 18 21 40 25 63 33 14 30 42 67 72 27 73 31 18 61 53 35 33 66 48 56 55 11 17 35 16 
60 45 55 47 74 73 42 54 66 16 39 21 33 66 30 48 68 36 39 74 62 36 21 39 73 46 37 65 45 52 51 16 75 63 57 63 64 49 64 
61 32 57 69 69 49 72 54 34 31 36 23 44 75 45 62 62 42 71 31 43 23 66 68 24 63 21 38 44 20 49 58 24 11 60 50 64 39 55 
57 50 37 47 45 27 49 16 37 46 70 71 41 19 21 72 30 25 71 15 21 32 55 69 41 10 42 11 30 66 62 41 69 49 62 56 56 10 31 
75 63 14 42 38 65 48 16 43 50 44 66 19 18 59 20 73 33 55 17 43 17 56 47 54 27 60 63 60 66 67 71 52 68 22 23 12 24 74 
55 51 56 45 33 24 72 10 29 19 34 71 15 69 48 74 58 15 13 17 18 40 13 28 52 69 24 34 33 12 64 29 17 67 49 64 39 65 50 
26 35 27 52 44 60 17 15 44 56 74 15 24 20 54 59 13 27 48 42 19 73 41 61 64 17 53 41 75 71 26 10 71 22 19 73 24 65 60 
72 47 41 11 67 23 15 74 28 62 13 37 45 17 65 44 47 59 68 42 53 24 66 36 72 31 11 42 24 41 59 53 65 21 13 70 45 31 64 
57 34 41 65 20 33 40 46 17 14 40 55 23 49 28 14 72 14 12 22 11 41 57 56 30 68 21 35 28 33 33 50 34 51 30 39 40 47 39 
72 32 48 30 62 22 68 42 52 58 72 75 10 33 70 42 21 38 44 65 12 53 25 57 36 20 15 69 54 40 37 37 50 46 62 67 74 24 58 
64 39 63 13 73 32 16 66 74 66 72 19 19 12 50 25 33 71 39 18 24 68 23 63 62 39 26 24 16 44 45 12 26 14 39 57 44 43 31 
64 66 62 74 40 40 69 16 13 63 25 36 47 41 40 25 29 14 12 52 31 61 57 34 62 65 72 17 22 16 38 42 67 69 59 32 53 74 58 
12 12 22 13 62 46 62 62 10 13 64 30 23 74 42 70 66 23 61 22 40 13 39 41 15 60 42 58 15 27 24 17 30 52 24 37 53 55 45 
25 43 37 56 39 12 67 54 72 17 43 62 25 34 68 50 45 12 37 47 14 38 24 44 17 28 43 51 21 58 36 73 58 15 66 72 32 41 54 
49 20 56 22 21 60 70 47 45 12 54 66 20 62 30 30 46 33 24 33 30 64 69 15 51 56 14 38 34 56 47 65 64 38 18 28 66 58 67 
68 36 71 31 59 32 27 68 27 63 40 66 50 20 27 64 38 39 16 29 38 65 10 45 64 29 51 35 13 26 33 55 46 30 20 27 71 62 13 
40 56 51 15 36 62 25 12 64 51 17 68 41 59 65 72 31 36 24 21 34 63 73 50 48 17 17 22 23 64 63 11 16 47 20 67 44 17 15 
45 71 21 22 43 31 67 36 14 50 58 22 42 40 16 15 26 72 47 12 10 32 14 55 29 47 59 67 43 28 34 67 69 35 42 14 41 41 10 
53 48 57 72 15 73 43 45 31 60 64 29 18 50 60 67 32 60 62 47 49 55 26 11 33 75 18 68 39 30 13 70 29 12 22 41 53 17 60 
36 75 73 46 75 60 10 50 51 60 50 71 51 75 50 39 54 67 43 61 45 33 43 50 49 18 23 29 55 71 31 42 51 37 66 48 33 18 25 
67 33 11 58 33 11 75 74 32 14 29 32 57 13 19 51 21 50 40 53 43 64 31 52 33 60 12 28 19 67 58 65 13 54 61 31 17 19 35 
47 30 16 16 25 75 70 44 55 55 56 60 57 41 44 43 12 75 43 68 63 18 75 74 35 48 72 58 65 41 35 65 17 59 27 65 47 63 40 
42 30 48 25 12 39 14 64 12 75 11 58 13 60 19 44 10 38 35 16 22 75 36 38 27 34 73 26 22 19 21 75 71 12 57 24 68 25 33 
18 28 15 40 35 24 27 74 21 66 15 61 54 45 27 47 37 40 51 25 65 63 69 24 51 75 41 71 29 39 21 16 59 70 63 33 18 16 21 
20 12 32 39 15 38 26 70 32 64 12 55 62 42 12 49 63 71 53 27 74 28 43 19 27 69 10 60 16 56 47 52 36 16 19 19 46 24 64 
40 30 48 71 67 30 30 22 60 44 63 63 43 16 49 34 30 13 21 34 41 51 43 43 48 17 57 26 30 34 46 70 22 25 73 69 43 38 41 
27 56 50 17 47 67 10 64 71 47 65 45 55 15 64 50 38 17 70 23 75 51 23 47 22 19 18 51 11 38 25 68 59 72 46 11 38 43 29 
54 56 17 23 67 73 20 73 22 66 58 19 54 44 58 22 13 70 18 18 20 27 45 59 14 27 63 44 53 23 17 47 41 56 36 38 72 46 64 
