142 156
73 265 98 72 162 53 57 123 267 84 263 182 52 170 50 223 187 101 193 177 97 55 40 167 174 176 110 142 158 123 141 94 261 127 218 210 74 266 110 254 297 281 220 192 299 186 164 194 89 150 79 287 263 81 300 236 294 156 82 177 276 166 135 152 192 214 121 221 288 235 83 278 37 72 290 157 154 162 145 236 297 123 113 73 55 53 101 154 113 135 37 106 38 196 128 285 175 196 240 136 221 106 113 124 41 184 187 125 74 128 104 86 130 125 151 72 50 161 298 98 231 200 149 234 221 44 144 261 188 219 87 140 159 214 192 184 100 131 221 63 161 109 146 39 124 171 89 243 79 158 252 180 257 247 139 225 
224 160 199 49 237 201 270 232 41 127 40 89 199 64 145 156 105 122 96 296 88 220 223 266 54 221 140 279 191 252 159 286 223 95 293 113 261 208 212 69 80 165 120 104 89 143 182 108 138 109 264 65 253 42 160 271 296 220 56 147 63 231 136 50 42 249 153 156 161 111 203 283 142 48 130 93 178 240 230 237 106 272 90 241 59 276 109 136 180 285 152 98 131 240 104 156 82 94 188 51 67 158 105 233 74 248 148 255 146 235 255 186 235 242 160 201 227 81 118 253 154 239 206 113 90 151 229 173 126 183 70 166 138 108 183 288 229 205 111 94 66 152 298 273 69 170 89 280 124 51 107 143 51 129 48 147 
60 204 256 148 207 202 119 76 71 227 244 143 181 111 43 76 73 55 271 275 222 138 76 87 102 89 268 101 46 261 95 150 290 255 201 82 300 160 279 85 49 194 202 167 148 87 55 70 232 153 190 183 168 185 242 93 49 211 232 81 99 74 187 274 267 168 48 286 165 193 221 202 224 129 271 287 162 211 85 278 78 196 143 238 282 111 203 107 214 145 136 144 114 56 124 112 136 280 284 138 138 198 67 171 148 224 76 216 101 293 187 244 67 113 57 135 165 140 254 104 180 220 53 116 244 159 186 280 167 109 246 115 268 293 287 199 198 56 105 146 287 131 274 40 223 73 197 51 120 288 253 229 92 82 60 261 
256 231 148 73 170 241 166 123 290 264 90 199 85 199 94 188 200 247 50 265 203 218 203 81 235 171 110 130 284 180 112 107 63 112 172 276 81 50 52 250 116 181 155 83 146 182 179 206 86 95 99 135 158 78 51 138 246 253 122 246 70 178 296 52 152 226 40 120 162 106 112 71 267 46 132 193 51 269 71 282 179 149 132 123 232 275 285 222 138 102 209 130 210 181 211 155 299 37 89 62 247 263 266 171 53 114 115 116 298 205 116 181 127 280 118 237 273 59 296 148 70 102 83 125 238 299 122 158 192 121 246 61 296 187 73 62 221 73 257 194 255 172 232 250 88 119 177 60 290 205 109 181 50 38 40 248 
284 294 101 118 64 223 297 278 99 245 286 231 208 66 38 116 48 100 180 127 136 284 53 297 123 145 52 40 103 212 295 250 76 228 92 178 258 245 112 281 106 221 81 126 224 263 50 161 63 92 255 60 158 94 274 235 266 110 61 158 196 97 65 84 260 47 143 98 270 117 180 197 236 203 122 204 132 263 245 50 124 259 195 250 187 53 200 283 161 278 176 222 50 150 238 262 198 294 45 256 45 53 53 90 74 191 89 81 101 122 102 198 245 195 270 289 238 225 102 128 263 176 277 73 55 89 206 111 234 40 87 250 294 103 131 226 59 193 293 180 218 184 278 230 212 163 129 280 39 274 45 115 237 228 283 127 
157 60 40 279 150 47 269 224 193 137 206 75 231 129 95 254 219 130 229 265 168 203 220 79 62 153 245 228 137 242 51 159 115 166 166 128 252 98 231 179 87 189 61 101 134 223 247 166 216 286 227 160 186 266 135 224 228 300 150 90 182 235 237 193 98 239 270 239 283 81 277 194 103 282 161 41 297 51 53 133 170 253 232 171 73 50 297 208 176 92 151 182 57 197 49 271 57 102 161 111 148 292 158 239 281 168 66 262 191 285 209 219 288 279 195 89 293 219 148 42 250 89 234 95 140 97 86 86 88 69 295 294 77 243 91 295 181 255 120 109 272 190 226 79 258 213 222 170 118 187 118 180 83 148 141 214 
110 176 94 113 104 83 128 188 201 150 101 300 268 278 59 214 237 92 186 177 281 189 239 80 205 275 88 38 178 51 297 130 271 288 287 246 127 144 59 50 149 269 49 142 61 103 202 88 141 297 39 139 140 241 295 41 249 283 138 241 95 40 190 68 200 299 290 101 232 148 282 240 243 273 170 221 217 114 198 68 232 227 138 66 227 191 197 149 75 51 123 141 299 81 156 116 160 79 95 71 136 47 83 157 74 40 207 95 183 125 279 97 199 140 50 81 87 57 203 37 129 60 269 65 245 136 90 201 183 206 261 204 169 186 63 162 90 219 103 103 279 209 69 184 185 170 73 221 39 46 127 296 133 300 174 94 
93 92 273 283 198 174 198 267 146 139 245 54 108 115 75 299 177 102 240 208 134 231 213 217 251 126 74 199 199 181 207 227 284 93 82 292 196 281 112 44 91 267 183 130 39 62 243 100 126 61 95 82 119 146 215 139 276 224 100 42 37 173 112 185 145 275 202 89 265 206 148 265 77 299 43 93 91 46 239 57 221 300 252 214 243 43 263 115 176 198 253 288 185 102 65 167 276 141 188 37 61 133 194 88 255 217 82 240 169 122 95 50 142 236 157 155 274 194 277 154 258 159 205 178 251 126 185 126 165 245 175 262 193 254 74 209 129 62 180 211 112 193 210 41 178 270 171 250 276 118 153 88 247 211 275 79 
233 55 66 166 205 107 154 236 212 177 115 253 108 203 241 173 248 205 233 107 232 264 182 218 146 73 250 60 81 122 280 192 165 136 298 142 243 197 238 224 127 246 87 59 87 71 57 262 178 45 276 83 224 44 165 108 171 227 145 167 39 181 220 92 270 193 90 159 104 188 299 226 241 285 260 213 106 49 299 88 124 137 195 79 283 185 250 103 208 258 143 193 153 74 119 148 277 130 41 240 154 272 129 209 226 294 51 256 118 187 177 184 145 257 246 63 288 199 91 124 240 55 225 168 104 42 153 136 273 187 97 162 52 73 72 45 282 49 203 150 258 60 273 97 94 253 260 84 231 53 257 122 251 274 146 79 
243 221 89 295 210 284 208 148 155 168 127 136 42 263 46 167 174 228 235 97 285 85 142 110 248 205 116 186 185 196 129 124 115 44 216 170 136 285 232 175 49 131 287 119 193 134 298 234 258 155 65 128 237 81 229 60 228 110 115 172 251 131 269 256 198 61 247 168 164 294 95 139 253 260 232 37 263 63 233 296 255 57 146 135 159 153 70 71 266 144 96 71 288 72 39 114 94 154 179 234 37 127 157 183 111 49 162 192 109 195 185 153 52 142 157 294 89 221 148 294 179 179 217 268 200 52 239 50 147 65 135 279 92 104 228 171 272 212 197 64 242 88 163 244 82 50 131 220 133 214 286 42 222 47 231 162 
284 246 253 170 147 92 122 120 231 226 50 153 38 227 248 158 182 72 182 105 128 141 252 289 227 234 83 195 203 37 210 274 107 77 296 264 168 226 139 101 192 171 201 222 252 232 53 186 74 186 196 250 86 271 168 255 201 130 300 200 42 195 82 267 189 235 194 108 129 123 107 69 103 221 103 133 79 58 290 59 221 150 195 212 228 225 270 196 185 191 49 81 236 234 190 270 227 231 169 191 95 222 298 272 122 206 245 83 153 153 80 122 199 219 244 209 283 41 184 96 203 216 234 80 136 123 79 179 203 241 158 225 145 165 280 136 75 296 194 291 65 269 46 286 145 67 279 209 250 248 180 204 77 148 111 122 
198 284 37 89 40 224 64 137 271 47 204 202 82 74 216 195 48 214 46 72 153 101 76 68 113 47 123 207 225 269 63 122 167 111 144 65 111 278 65 39 281 220 112 97 125 187 285 179 245 220 54 88 58 241 42 217 233 85 197 227 166 210 51 173 194 242 240 74 66 82 240 125 296 204 162 202 254 77 82 53 256 279 167 285 113 255 130 248 289 73 177 149 277 138 107 126 279 223 85 181 176 116 212 176 83 240 43 176 148 47 287 230 121 79 41 151 112 215 165 202 73 85 257 95 269 135 167 75 175 117 54 57 282 77 174 291 251 94 291 73 48 49 228 193 257 292 244 135 206 201 272 167 250 216 91 121 
182 88 175 268 73 243 116 167 86 299 286 156 199 255 42 181 89 107 96 259 271 295 80 189 147 206 190 86 43 57 48 282 185 61 274 210 277 259 231 118 182 167 123 67 231 51 103 294 207 293 125 79 43 150 260 168 280 164 286 248 276 122 288 43 276 262 57 117 52 172 79 79 170 297 255 273 171 155 283 137 170 287 153 171 198 210 129 193 52 52 207 68 101 154 67 124 290 244 109 156 124 118 92 90 40 162 264 118 52 205 246 168 107 145 125 183 247 260 279 287 232 255 298 203 39 89 216 252 120 197 59 48 48 57 125 286 114 96 135 49 153 267 272 283 273 259 121 276 214 274 198 43 194 139 151 37 
193 183 200 59 56 290 46 96 181 45 60 84 80 285 124 203 106 68 233 178 229 142 228 266 300 286 254 245 140 74 190 193 284 260 67 171 249 171 173 189 237 226 159 51 184 223 159 107 184 215 89 180 125 272 144 248 288 159 110 292 197 107 47 191 46 265 217 217 91 257 87 103 71 80 246 132 44 48 175 98 241 126 183 121 243 146 259 39 274 108 248 209 198 293 89 96 218 204 82 200 223 50 269 157 283 168 299 271 132 199 278 199 152 296 124 66 135 229 214 134 235 279 74 91 166 74 62 188 165 206 270 245 228 184 279 295 194 216 53 83 222 236 146 155 226 93 168 279 39 167 217 286 226 215 277 131 
221 249 44 170 289 296 188 259 114 145 77 47 67 209 187 240 220 254 260 126 97 196 131 231 261 114 180 166 87 276 112 160 252 210 284 227 213 192 61 272 250 191 159 50 174 292 118 63 61 295 276 119 204 191 212 155 145 133 254 223 130 222 45 275 74 117 245 294 201 104 65 188 243 289 164 235 276 103 206 64 138 142 89 231 140 149 205 218 185 63 233 65 124 69 266 243 63 74 57 260 166 262 72 208 189 54 37 215 244 300 75 90 114 283 261 109 272 103 220 293 183 186 275 75 276 289 97 65 195 257 214 165 235 268 202 172 184 232 90 89 294 146 260 94 213 126 230 50 120 139 194 251 298 293 53 94 
115 58 263 237 279 130 261 128 248 272 270 215 157 126 211 167 259 280 67 59 59 176 141 133 244 146 215 165 91 88 166 113 240 97 231 198 154 285 78 222 293 92 245 114 196 104 128 249 282 152 238 138 133 255 138 95 125 132 162 107 113 275 64 205 75 196 144 117 149 170 209 110 171 63 279 172 187 214 200 288 91 289 254 283 218 228 109 247 250 234 37 84 52 246 193 65 244 300 169 161 94 65 246 97 130 217 220 134 116 248 100 284 119 123 275 53 194 231 77 230 259 82 190 73 252 161 147 166 100 122 164 139 151 163 52 78 160 282 100 240 62 142 69 124 220 102 252 64 38 249 171 260 73 61 270 81 
298 92 180 172 98 284 207 154 144 38 252 262 207 210 270 137 265 136 280 41 229 106 259 141 117 40 63 208 83 284 77 221 165 152 292 226 142 252 66 215 127 164 158 216 190 209 180 297 174 215 128 122 255 271 190 276 39 166 289 227 105 198 227 140 190 99 93 160 89 240 95 130 150 67 274 85 246 183 124 273 188 177 196 240 292 165 294 228 133 273 265 124 228 130 199 247 43 230 85 88 266 194 173 74 229 109 88 197 189 260 255 241 244 223 147 123 115 76 211 254 230 51 207 220 195 42 259 61 254 226 86 39 225 49 67 287 242 297 111 71 181 264 252 184 204 170 182 138 140 285 69 218 258 123 202 258 
254 117 61 159 95 37 278 296 222 197 162 186 263 86 272 236 198 244 213 215 134 40 173 245 168 38 211 47 74 97 179 263 142 67 142 93 84 121 94 64 298 197 170 115 67 294 139 115 262 238 288 286 122 131 264 158 278 296 215 101 261 84 106 147 265 259 70 46 247 52 221 58 77 131 123 217 151 264 208 205 79 280 287 148 158 218 271 66 134 228 71 277 75 142 119 133 58 295 260 299 175 240 37 180 53 270 172 45 250 236 255 161 193 264 240 217 228 188 249 148 273 216 124 47 92 238 194 134 118 262 258 179 149 212 140 86 108 150 294 175 228 266 96 88 170 176 163 150 115 299 191 265 86 142 213 234 
257 116 82 213 39 177 158 135 184 263 83 178 73 228 58 62 109 250 274 74 188 158 298 99 132 126 161 236 69 76 164 79 49 256 200 251 116 46 209 287 256 203 146 181 52 158 174 218 182 196 286 254 71 84 43 151 286 109 295 123 271 84 255 45 101 290 276 247 197 166 187 194 78 183 153 233 134 181 122 101 70 184 292 124 249 49 144 99 121 40 41 238 59 221 224 69 116 155 110 282 147 169 251 144 281 195 231 62 254 105 296 92 54 207 60 190 84 77 175 262 37 247 70 86 265 143 61 287 126 225 166 292 69 272 123 194 273 143 150 140 229 91 86 113 245 231 189 177 263 279 265 105 267 242 239 83 
186 90 174 74 291 261 155 292 284 57 169 40 118 171 244 194 185 161 126 284 59 201 97 264 139 41 197 148 114 273 77 228 253 262 37 262 44 96 255 186 294 189 86 169 177 135 258 104 132 100 278 101 264 238 62 145 295 154 77 286 67 300 237 114 282 291 201 196 296 264 88 95 117 205 122 246 209 68 144 63 158 181 263 179 237 268 237 196 243 282 95 215 149 227 130 172 137 297 81 84 143 223 239 187 177 192 149 166 270 40 117 183 165 107 152 246 241 69 54 282 231 82 300 264 184 231 91 195 59 96 174 261 130 163 107 253 216 69 94 258 281 68 107 231 171 101 171 295 276 279 104 155 292 160 68 65 
156 198 263 287 71 256 72 112 136 54 158 102 92 174 103 154 225 113 208 288 71 53 270 254 270 132 261 174 41 125 119 209 114 193 103 175 141 281 246 77 73 271 230 286 204 146 246 149 215 109 293 89 42 106 90 50 248 155 267 59 295 273 68 169 201 257 259 163 222 164 170 99 278 173 204 252 105 177 52 211 225 234 138 179 139 68 87 76 266 60 235 76 268 133 285 241 161 173 99 181 209 151 258 290 125 58 160 256 186 155 97 142 233 142 87 197 298 67 77 163 42 294 85 110 210 247 296 95 99 196 151 202 247 92 223 235 81 261 154 211 95 159 84 75 174 163 123 96 176 95 195 176 90 227 137 132 
57 265 182 262 182 296 54 93 126 217 129 182 239 270 146 245 184 296 271 277 281 104 240 276 163 200 139 114 289 258 222 228 247 121 175 52 146 120 281 259 280 64 160 242 297 109 167 237 126 67 272 57 57 45 68 64 174 294 283 42 88 235 46 270 182 41 298 162 183 83 88 271 100 279 292 136 214 178 155 284 104 57 288 50 254 209 72 61 230 113 268 128 117 215 239 51 134 79 169 167 190 83 155 175 211 120 92 279 143 221 284 137 279 186 175 126 41 102 123 290 173 49 150 107 187 260 122 139 53 85 50 108 254 159 242 299 260 122 41 160 266 63 170 157 297 166 276 293 97 131 71 296 250 255 240 116 
127 51 239 61 109 162 262 56 264 127 84 100 207 53 147 163 137 94 231 264 185 198 97 65 46 280 226 38 229 49 44 58 235 132 149 226 149 278 189 252 203 43 242 74 221 72 74 175 164 123 194 193 44 112 252 239 264 85 182 221 255 264 80 38 206 168 77 129 102 225 95 143 183 140 133 140 221 133 270 220 58 231 218 96 156 61 158 201 40 211 65 277 55 205 229 159 96 293 288 179 207 187 131 202 116 96 162 235 207 115 278 188 123 176 208 175 256 94 111 127 173 240 235 53 261 62 291 166 258 157 156 272 88 108 210 77 275 96 52 150 91 123 291 300 95 160 236 283 288 282 199 225 207 165 38 237 
266 149 257 67 147 78 122 191 209 156 101 143 267 68 90 54 66 283 293 55 174 157 182 199 212 96 133 46 279 282 208 86 69 81 105 133 75 154 297 64 59 227 218 249 60 149 171 267 235 124 124 234 289 121 261 273 133 58 243 198 188 72 67 192 78 57 97 44 251 127 275 140 61 82 273 210 215 121 264 268 255 158 240 176 72 147 67 281 299 119 151 234 262 181 261 275 222 207 90 210 122 47 78 251 223 95 100 43 131 74 241 49 92 129 161 71 105 106 54 184 116 159 130 138 198 75 55 101 43 122 292 244 288 73 67 284 42 275 113 59 296 270 278 148 124 238 286 47 278 80 191 189 58 82 243 189 
283 121 40 89 192 114 239 293 221 237 178 208 245 95 89 147 271 191 95 194 47 179 280 169 78 156 53 290 52 280 180 76 173 166 218 237 202 223 82 171 154 91 155 207 88 73 92 59 39 52 139 102 99 74 287 37 50 38 178 300 139 281 243 214 53 300 299 73 59 217 63 126 246 51 141 184 164 99 74 178 80 44 43 261 234 65 115 146 169 262 53 149 238 101 266 292 298 290 164 295 50 288 244 239 194 245 121 163 184 115 139 129 43 105 167 226 124 226 115 233 179 220 61 149 85 108 231 69 260 144 93 196 120 156 50 198 53 185 120 281 140 195 86 263 103 282 87 91 79 92 73 297 152 136 227 68 
56 206 178 258 244 109 110 50 123 229 281 186 271 183 64 66 265 234 196 141 68 199 107 168 293 215 219 211 89 147 87 249 48 91 269 59 88 115 174 177 93 116 272 155 72 231 217 253 214 224 277 50 138 152 42 130 245 282 50 175 285 99 72 132 68 212 223 287 227 65 223 257 246 175 241 227 297 298 125 43 51 244 225 279 250 149 77 257 288 39 206 60 109 81 224 166 68 215 175 143 194 136 159 249 276 264 194 255 129 62 258 203 249 40 56 227 267 238 237 188 93 181 158 202 279 158 93 87 185 142 286 146 151 150 159 97 161 101 92 298 136 237 105 102 38 43 170 151 86 51 87 108 268 44 228 115 
157 40 160 246 234 151 44 161 289 172 271 194 221 224 119 178 127 93 114 115 53 245 230 179 257 85 158 152 85 44 294 132 159 273 249 252 143 236 145 83 232 274 86 124 158 103 114 119 133 64 181 75 211 239 253 174 143 250 193 113 81 261 125 232 299 255 192 224 185 179 220 41 69 145 126 214 190 196 271 146 186 196 138 126 50 167 175 265 221 75 103 95 79 208 73 93 163 188 284 203 119 190 118 162 111 103 189 49 245 126 76 187 183 251 152 235 209 134 156 251 277 249 169 121 248 179 82 187 254 246 39 212 209 236 240 151 206 286 180 92 233 68 162 137 147 228 233 187 216 172 75 165 190 250 183 199 
274 135 215 163 53 223 159 228 176 245 80 104 267 108 107 96 212 96 225 125 134 134 163 213 80 106 102 270 232 128 41 259 55 93 266 100 255 246 165 243 178 73 214 252 101 251 82 292 85 273 81 46 161 91 191 234 248 118 195 271 212 138 103 274 295 195 273 144 300 91 145 136 162 96 52 236 108 281 56 41 101 159 98 229 178 58 44 185 256 250 267 136 96 247 176 143 224 83 237 76 53 38 58 99 181 154 176 287 257 240 287 271 59 234 299 178 68 171 148 187 153 108 222 232 151 105 237 207 276 147 141 146 168 47 202 214 141 279 171 278 115 239 173 109 199 210 237 156 100 246 173 80 162 150 83 231 
206 127 70 101 139 181 195 170 176 118 215 79 57 199 238 81 74 206 179 60 217 56 48 163 284 75 224 215 123 231 60 175 255 209 59 135 139 264 261 268 162 131 42 38 257 194 198 295 159 173 144 275 250 194 84 136 59 219 149 73 93 166 55 197 89 127 260 45 222 171 261 190 112 238 91 292 158 208 230 168 224 84 182 171 281 217 128 243 185 188 260 237 103 61 221 276 125 257 208 112 51 104 233 91 41 40 218 128 47 114 268 269 224 91 107 299 46 237 182 91 199 199 85 123 233 179 110 186 82 63 40 72 91 286 41 289 93 167 182 243 293 102 170 46 172 90 241 44 282 63 268 113 92 180 111 189 
115 248 81 167 72 41 125 76 197 173 199 145 277 76 112 61 118 262 174 266 214 153 278 158 156 285 299 52 121 268 75 113 286 252 224 100 239 231 276 293 169 109 249 242 104 120 240 245 84 144 217 282 61 128 250 224 268 73 275 245 172 109 145 287 73 103 185 225 128 193 152 82 151 294 57 76 102 265 46 156 103 54 218 269 81 39 295 74 43 234 220 172 199 57 233 264 205 233 293 93 106 184 168 76 104 200 197 169 208 193 202 97 133 54 155 44 147 183 123 117 272 119 109 72 281 175 219 140 233 274 172 113 109 274 123 299 131 211 214 215 53 55 196 189 280 74 290 47 258 238 80 89 43 226 175 154 
67 238 190 194 253 251 294 68 266 280 282 294 89 48 67 142 93 42 83 111 231 65 48 229 46 158 52 37 77 154 42 97 60 232 171 227 41 42 259 239 112 291 253 53 272 245 270 111 89 228 56 216 283 203 165 142 200 101 64 162 149 223 182 278 100 148 258 158 118 120 186 145 231 42 212 49 234 243 229 250 256 228 115 88 283 128 241 268 247 269 211 216 211 281 131 248 92 154 123 188 219 286 116 235 152 100 143 210 199 171 137 126 282 298 132 278 191 200 196 60 43 181 199 38 167 104 273 152 131 194 70 268 296 234 177 229 122 91 197 215 205 243 74 299 247 238 51 75 79 243 69 233 133 220 266 108 
162 188 119 237 49 92 211 239 214 118 257 246 93 270 71 161 110 45 208 43 296 256 151 198 100 41 221 113 268 92 61 235 123 293 198 56 102 240 233 253 212 144 196 206 210 244 93 160 146 144 267 147 236 72 57 136 253 98 76 84 160 164 96 243 291 43 262 289 283 150 257 53 282 154 89 199 184 127 103 243 159 139 98 286 172 110 57 280 91 182 266 267 50 92 163 171 256 174 255 159 47 166 115 223 65 243 185 246 55 270 141 226 247 256 134 130 38 274 183 55 100 221 127 157 40 68 190 76 284 262 41 83 171 248 103 276 103 203 60 206 255 209 254 110 217 214 199 111 133 149 139 53 291 136 202 76 
68 60 144 134 159 204 131 212 205 101 60 172 167 82 138 269 257 248 131 47 126 285 141 70 118 53 132 161 285 37 269 213 166 180 162 104 240 254 38 107 63 195 164 119 166 119 171 163 124 108 61 68 205 109 160 143 219 83 76 83 252 62 54 299 261 252 156 130 39 262 154 151 81 187 165 275 126 284 262 81 81 275 169 294 206 78 111 73 259 216 121 236 39 41 102 259 281 76 206 109 140 170 231 73 97 206 248 227 182 273 77 215 118 158 98 300 289 80 139 197 158 170 124 196 70 264 220 224 50 285 136 121 248 244 77 161 113 58 45 165 255 236 190 164 125 165 247 207 135 163 244 194 165 203 180 82 
57 249 170 56 249 69 233 293 81 178 147 174 161 121 211 73 111 254 210 288 286 153 167 87 95 167 250 73 159 186 291 167 89 174 230 83 133 149 266 114 266 126 163 272 167 90 92 281 192 231 160 125 183 216 139 259 42 60 133 41 116 62 263 275 134 38 73 138 78 294 139 143 280 199 259 88 125 60 190 42 194 167 90 265 194 164 283 139 54 163 124 211 276 153 273 53 174 265 187 221 229 54 188 69 149 269 164 78 122 177 90 87 188 119 134 148 295 275 231 248 165 98 177 199 80 58 73 53 107 247 124 299 129 175 165 155 272 136 125 106 79 160 272 69 94 101 86 271 124 279 247 266 55 75 202 84 
223 49 47 188 140 296 116 77 210 192 53 258 138 88 80 170 75 169 232 223 208 59 55 73 51 143 234 88 42 292 264 210 74 174 123 58 98 252 186 250 145 176 174 82 106 141 251 105 190 76 65 107 83 159 244 251 140 274 105 91 264 255 51 67 288 129 100 70 115 179 151 227 293 209 94 178 56 271 223 173 168 225 37 121 238 99 148 85 253 130 236 107 177 114 298 196 97 146 148 289 178 69 275 79 54 250 110 155 44 150 132 78 50 176 218 58 121 230 174 38 88 270 187 247 75 183 79 288 149 169 209 298 148 170 86 175 180 67 229 300 175 202 298 54 267 225 193 254 212 103 60 87 228 38 246 215 
168 205 136 261 165 286 131 66 171 162 256 259 264 100 101 94 136 52 41 234 60 85 274 140 152 88 124 71 266 42 244 60 151 180 214 267 128 130 68 105 70 278 288 170 289 237 300 88 255 74 120 292 251 266 284 221 84 184 47 199 249 242 87 246 161 300 209 195 215 67 43 182 213 52 208 85 240 142 124 195 149 277 264 300 43 169 121 224 169 119 60 247 225 174 45 164 149 253 40 101 168 82 183 153 289 166 254 275 292 151 59 78 105 262 153 66 249 259 143 294 118 173 285 94 138 278 295 47 115 183 109 72 61 232 129 188 97 170 194 93 125 80 73 147 131 251 283 189 199 86 127 263 115 194 136 180 
261 243 228 214 203 194 278 133 62 251 249 140 77 74 118 242 107 218 104 231 212 198 214 149 108 68 113 42 296 150 206 123 233 195 166 274 142 150 268 43 169 53 127 148 222 236 297 275 175 99 126 212 83 78 121 155 88 235 148 191 214 137 87 296 222 39 267 283 235 75 215 227 280 117 274 201 75 290 202 71 264 197 189 58 120 291 38 183 251 101 90 231 260 276 283 254 61 88 268 248 171 249 47 116 58 42 252 110 116 219 50 176 238 166 211 112 52 236 51 144 78 177 257 194 147 85 97 242 141 164 209 225 149 153 43 167 56 230 219 65 113 199 81 75 90 232 153 47 150 235 137 151 233 223 186 263 
257 101 211 47 190 37 98 127 81 249 76 212 193 232 208 106 179 134 95 50 75 201 206 111 38 71 63 83 90 111 109 143 200 61 135 147 65 178 151 178 95 202 171 50 189 72 91 98 274 88 76 253 81 251 244 175 276 112 279 285 211 280 266 50 288 219 230 230 213 74 223 257 296 165 46 74 93 46 43 249 236 181 263 171 93 173 41 191 121 62 199 244 227 124 272 54 55 233 152 185 90 151 75 261 243 281 165 251 111 162 114 94 155 165 257 125 158 262 38 200 292 177 216 241 67 235 112 278 271 277 236 132 137 48 203 270 200 93 290 86 286 44 222 274 62 80 42 299 220 232 187 58 38 81 218 292 
81 123 107 296 200 193 52 222 296 141 47 51 215 195 267 42 127 212 296 61 69 158 218 220 255 130 280 68 238 279 245 284 192 133 183 133 208 76 174 184 50 254 79 244 185 50 233 56 196 274 168 261 105 63 89 240 136 116 277 287 100 81 129 170 85 225 276 60 49 246 115 137 156 219 114 258 182 201 276 295 228 46 69 85 177 276 262 56 62 126 113 99 168 112 85 69 170 167 260 38 50 255 299 42 288 276 138 45 228 298 244 104 119 145 209 275 142 115 218 220 66 240 221 286 43 165 186 134 62 72 45 274 124 47 246 155 45 209 109 132 293 76 105 83 126 137 170 208 262 214 213 163 275 114 217 203 
292 54 296 124 129 186 208 169 262 118 291 107 116 178 156 112 160 159 210 39 40 232 233 99 291 171 231 46 153 77 181 40 211 285 135 96 180 47 110 98 104 164 131 90 291 151 278 88 222 139 177 245 77 212 126 253 156 276 176 60 284 135 265 174 201 64 103 106 182 53 172 190 66 41 78 233 132 41 221 245 157 129 268 180 254 271 41 293 130 279 240 270 93 41 132 140 45 81 63 49 263 286 261 261 245 189 268 136 151 166 159 295 87 167 76 117 122 79 145 260 268 126 206 244 59 284 143 219 167 255 297 213 256 209 279 46 192 152 133 94 130 159 77 293 148 286 72 167 185 278 80 145 242 80 275 77 
94 70 202 210 183 234 147 232 184 117 140 122 227 259 49 172 215 293 95 279 59 182 258 275 220 227 220 253 101 269 143 265 47 73 53 98 182 89 102 199 167 252 50 192 95 268 151 106 150 87 77 150 244 136 256 289 130 222 86 248 236 85 186 282 53 147 40 50 299 150 210 277 125 237 130 177 275 196 232 95 37 92 87 178 87 258 43 288 115 135 62 73 63 168 43 125 184 158 146 51 55 208 78 232 75 296 139 244 240 220 108 107 46 214 228 226 109 222 179 121 39 150 75 120 198 294 300 165 177 177 133 173 241 247 227 160 160 237 271 50 100 74 243 47 176 132 213 143 245 122 88 267 95 59 159 271 
250 295 275 104 127 252 127 39 41 244 242 62 61 204 196 163 81 152 165 51 92 293 58 57 183 80 41 279 242 62 248 91 234 131 169 278 162 110 97 250 271 165 257 138 177 285 219 174 190 45 281 222 217 267 211 279 251 143 72 44 105 71 255 127 215 114 70 232 74 281 114 101 212 139 64 123 52 184 252 123 116 128 296 73 111 157 168 49 98 286 163 43 163 206 60 177 135 125 154 38 184 148 92 65 143 54 273 153 278 205 47 268 290 211 298 171 191 275 224 144 244 279 91 195 168 99 79 225 52 130 124 263 211 191 77 197 65 55 58 102 128 69 220 86 264 261 167 293 175 117 53 68 263 81 248 93 
64 87 39 208 38 226 69 91 172 242 95 114 184 148 37 136 121 166 170 236 295 102 231 151 146 211 189 204 109 108 58 57 60 184 101 78 140 38 197 260 242 206 136 39 166 135 56 263 217 234 194 164 293 182 49 152 45 270 281 225 45 272 152 174 227 216 170 234 61 140 244 119 69 97 232 118 115 38 83 292 41 55 132 262 181 149 63 208 178 212 248 250 280 149 99 205 237 85 51 269 276 78 130 175 53 236 289 180 245 75 240 262 104 47 256 83 156 171 71 232 120 166 116 120 180 131 243 173 123 65 155 286 246 115 262 210 67 95 185 75 262 188 174 118 190 272 86 251 236 144 226 40 71 269 107 155 
116 211 128 239 212 42 201 78 77 210 242 72 142 211 98 67 77 283 180 100 244 180 37 253 52 125 240 239 128 135 158 130 237 203 178 130 232 210 276 180 185 85 188 74 78 238 146 203 147 223 83 55 209 114 102 121 76 192 176 54 186 254 109 37 49 52 240 239 239 80 245 89 136 179 77 232 132 106 58 220 247 128 91 192 189 265 146 105 197 154 219 292 173 224 168 117 159 287 124 166 90 92 204 245 276 100 69 265 63 214 225 38 265 46 300 94 153 43 70 107 286 180 114 146 274 223 55 298 231 242 84 270 297 206 193 47 300 208 51 158 255 113 89 88 234 49 37 42 131 151 181 47 63 60 251 296 
48 266 185 227 74 135 169 88 178 254 188 232 281 95 297 62 197 189 152 290 200 105 72 116 222 149 94 94 217 212 254 165 135 248 255 265 71 44 51 179 175 148 236 103 137 273 141 130 200 177 63 221 94 206 267 99 151 229 256 39 163 251 229 138 87 43 297 292 190 75 249 280 263 168 226 237 71 286 128 217 176 117 70 201 185 40 247 175 240 103 260 284 157 48 270 38 145 90 183 43 248 290 84 62 50 178 118 233 256 70 266 148 101 256 229 37 99 279 283 297 144 116 234 258 136 261 131 218 85 213 217 158 139 155 221 254 297 114 40 44 294 114 186 243 144 228 172 282 299 300 241 153 111 258 178 67 
51 153 146 173 73 148 214 46 106 181 250 231 243 56 128 229 224 104 170 261 208 232 162 87 273 165 71 94 222 202 195 103 262 268 180 192 79 263 64 219 298 112 252 131 49 125 125 213 198 121 288 195 94 149 72 237 246 227 79 273 156 221 231 141 121 54 280 202 230 214 85 116 93 52 194 55 233 55 177 196 185 70 205 236 161 97 78 84 161 271 191 249 249 137 268 46 213 39 56 196 190 289 110 90 98 257 198 277 61 151 202 65 200 277 233 49 169 109 260 51 106 39 96 279 46 143 227 194 81 119 194 38 216 97 106 76 114 223 110 45 245 134 289 157 171 240 212 89 174 289 178 283 282 261 161 155 
106 48 68 216 238 246 215 119 163 76 147 163 179 126 195 190 271 227 269 95 107 270 133 157 65 62 87 283 176 136 252 100 165 195 86 160 155 236 287 40 280 115 111 127 56 206 77 129 285 69 176 184 63 46 278 85 153 210 84 132 148 47 215 75 152 47 187 60 272 193 74 128 85 279 215 255 206 264 163 38 231 102 48 152 271 66 53 200 254 175 41 93 207 172 59 207 90 198 145 193 53 182 247 152 252 78 83 59 87 258 255 92 115 149 63 38 219 225 211 270 49 131 230 151 79 54 104 193 67 295 241 265 67 225 152 111 293 122 107 260 58 173 239 139 107 42 267 298 268 179 40 232 105 168 267 273 
199 53 70 64 236 290 227 228 233 107 75 238 246 73 119 274 95 186 292 260 206 84 220 85 161 272 67 118 62 180 39 116 52 193 124 213 148 111 95 250 55 237 97 237 281 229 158 260 191 199 278 39 245 293 148 55 219 48 254 295 121 241 132 48 264 226 260 111 179 158 204 186 174 85 218 211 229 173 233 99 249 46 85 219 87 132 81 87 49 99 215 204 112 70 176 220 154 96 292 87 73 215 60 204 253 45 165 97 187 121 96 151 221 78 185 89 52 98 189 246 195 185 151 149 198 283 140 145 75 299 157 77 103 106 229 297 68 236 84 230 82 201 227 199 172 110 241 64 260 101 182 83 193 290 182 265 
136 288 63 206 129 236 111 48 172 159 64 273 68 242 237 123 266 189 290 43 45 120 142 129 104 262 108 159 284 295 155 296 280 293 155 84 270 225 265 169 81 86 109 155 188 134 153 143 99 165 116 164 64 171 160 172 191 181 217 162 195 198 72 51 53 218 134 66 266 179 61 47 124 104 187 152 244 210 40 235 94 185 203 66 69 127 223 280 105 227 172 91 94 96 51 298 296 191 122 97 291 171 113 83 263 171 196 223 196 165 130 110 98 217 293 132 45 236 251 277 151 182 164 98 134 110 237 156 63 52 45 72 75 199 238 52 258 192 262 49 253 279 46 273 256 205 203 299 255 114 83 284 72 39 98 120 
210 86 166 130 189 145 231 136 218 257 204 291 227 280 162 222 70 168 230 76 111 101 180 190 52 129 112 293 100 63 278 213 138 266 222 299 119 294 226 185 110 127 66 280 188 289 136 93 48 264 184 158 295 66 282 142 187 113 123 63 268 197 88 280 207 217 84 80 119 172 68 234 49 187 298 258 157 285 295 254 297 200 93 136 216 202 139 211 204 122 185 283 111 128 39 50 256 98 82 281 156 49 71 116 147 140 106 137 44 43 233 258 124 62 196 57 235 62 280 172 287 172 261 153 117 218 157 123 205 191 134 189 62 143 153 110 98 113 139 126 155 43 204 41 62 163 263 234 247 295 217 49 173 272 70 64 
111 74 168 194 87 143 217 85 62 84 43 185 208 164 109 137 265 44 105 178 201 280 212 90 180 76 190 283 237 92 43 144 212 71 41 207 277 290 130 184 211 274 100 293 100 172 48 218 79 248 40 278 148 147 84 202 219 204 183 74 111 90 173 258 140 235 144 123 239 296 91 238 101 63 262 73 71 113 107 215 124 238 113 60 183 253 239 194 219 105 83 93 164 120 244 142 239 37 188 86 277 217 170 169 213 269 71 205 136 51 264 147 64 198 171 125 171 255 101 249 196 234 115 205 187 96 128 155 158 45 223 223 280 69 137 63 129 195 200 298 255 178 85 60 59 192 135 65 87 296 206 223 62 262 47 226 
212 88 112 234 200 147 103 55 279 156 38 72 260 81 41 112 204 151 283 170 230 60 126 215 187 47 217 206 290 271 279 219 288 130 46 114 206 40 117 237 59 214 146 285 115 143 210 46 72 208 74 199 168 82 38 136 111 38 56 51 127 84 59 232 46 277 128 228 111 90 297 194 138 140 92 230 296 109 139 61 58 158 113 264 186 251 103 299 108 156 121 281 270 293 226 298 54 217 119 216 243 210 50 254 230 148 158 162 242 147 291 132 274 129 90 255 98 269 163 201 274 121 276 158 190 146 206 41 104 190 163 181 234 192 210 40 191 119 182 105 282 105 275 220 57 210 43 60 83 81 128 249 191 173 43 106 
215 187 253 252 165 100 195 291 45 101 295 281 283 158 293 253 214 103 299 237 142 151 133 263 210 104 80 172 213 48 285 118 273 49 264 292 284 107 73 259 291 175 58 136 292 63 75 299 96 205 147 110 153 226 80 95 289 232 137 281 115 202 201 58 157 226 174 264 294 99 203 157 100 168 51 173 114 156 128 78 216 220 171 152 227 138 252 108 87 43 227 209 178 259 40 85 218 71 289 257 170 124 290 224 281 38 138 282 283 220 147 244 229 162 130 226 147 78 248 295 164 79 152 300 136 99 266 64 176 265 255 143 296 254 222 173 153 219 55 237 65 166 181 133 119 224 89 84 273 264 149 56 152 166 142 57 
135 58 279 258 80 46 289 145 248 257 175 212 220 294 137 294 220 292 199 274 62 111 216 288 86 279 291 110 76 239 111 225 199 201 158 236 73 80 279 271 75 94 180 188 227 183 297 198 234 165 95 203 203 261 255 292 105 195 138 58 288 74 201 75 70 54 137 229 163 53 121 250 136 275 127 245 76 213 287 205 237 233 45 151 85 268 286 296 234 140 234 259 178 119 69 288 262 98 142 238 191 287 79 258 79 153 222 232 266 162 259 194 204 80 187 55 76 291 260 221 225 106 219 50 60 238 298 239 183 78 86 167 60 157 288 222 225 193 298 229 130 45 76 93 160 42 47 114 208 73 235 235 111 109 84 222 
45 39 162 81 271 161 169 215 66 166 197 255 213 257 210 187 62 86 132 248 39 151 235 233 250 256 73 161 131 125 142 280 142 194 219 182 192 274 118 222 42 172 86 189 227 107 264 187 117 285 265 256 92 199 253 219 98 271 271 103 278 122 97 192 125 199 246 101 250 243 111 293 243 38 139 71 68 118 58 116 120 259 220 136 116 138 125 209 70 86 108 87 158 228 205 157 133 118 123 110 67 211 146 268 197 164 84 229 207 266 242 223 285 190 45 246 89 177 261 243 256 237 290 151 253 299 49 80 195 223 162 267 141 185 280 155 56 270 248 120 108 54 126 132 166 143 220 210 266 250 132 64 47 284 39 255 
67 248 127 160 177 170 123 217 287 231 129 224 69 180 41 240 139 236 70 194 139 254 176 61 287 222 121 177 284 155 237 112 271 81 197 206 206 184 261 219 138 76 284 190 51 126 293 244 253 139 92 265 178 44 106 247 73 182 141 293 85 218 50 113 129 128 204 257 106 167 49 151 293 200 275 227 211 52 61 37 153 267 198 171 157 263 147 111 247 240 192 61 156 289 270 203 177 115 52 186 262 265 151 173 248 283 108 280 59 207 56 298 80 132 54 133 212 185 104 38 161 174 161 152 105 129 275 214 104 60 189 169 97 300 279 102 299 197 280 164 230 157 136 76 193 159 170 210 109 216 156 131 72 279 290 151 
67 296 39 193 204 106 166 245 187 74 249 266 167 135 215 55 129 39 131 187 300 74 187 63 210 46 254 151 83 250 49 170 74 208 140 237 64 156 80 62 245 122 180 216 43 119 89 203 118 230 42 142 89 190 232 183 211 98 189 169 114 273 184 224 222 79 232 65 169 140 252 94 182 259 65 216 104 230 294 189 60 224 269 229 57 251 91 168 198 211 218 146 197 291 172 129 176 103 76 206 297 145 159 218 134 119 65 220 236 277 157 264 243 119 164 129 283 194 162 146 261 203 277 290 213 208 48 70 255 150 295 52 71 187 100 221 37 165 49 193 49 194 279 82 196 89 271 298 231 177 174 246 151 129 238 296 
89 88 291 295 51 70 267 66 252 106 194 245 220 77 60 290 87 271 196 155 101 152 213 151 206 154 175 204 213 253 77 45 162 51 148 195 108 182 94 168 191 134 216 74 218 239 241 117 212 130 156 108 41 203 183 281 295 203 101 115 94 55 105 192 87 113 244 187 211 253 121 135 280 263 199 189 56 187 47 58 74 213 167 93 93 114 245 72 202 134 144 212 98 247 147 258 128 50 299 127 240 93 68 87 63 181 95 78 285 289 295 154 289 94 92 197 203 93 39 51 40 42 215 166 297 261 227 106 69 62 121 102 265 117 287 95 157 264 176 220 297 297 89 229 167 199 244 245 210 132 101 266 232 150 219 178 
132 202 177 217 167 142 134 136 96 85 178 152 233 185 42 239 108 236 285 258 254 255 71 228 219 95 182 190 258 276 180 184 194 244 133 94 133 176 289 254 196 133 204 201 139 270 140 289 63 40 98 234 53 46 93 171 293 254 268 71 174 299 242 255 83 148 134 218 119 77 164 216 70 109 38 267 204 80 47 256 105 214 66 100 69 108 294 66 168 65 117 76 245 155 141 264 56 275 62 229 62 214 245 245 172 165 56 198 235 160 123 132 242 87 171 249 261 177 249 104 100 280 90 126 191 268 132 250 200 71 67 46 41 89 285 206 168 134 74 185 288 285 120 38 115 81 270 97 205 117 184 149 114 275 154 92 
170 262 192 253 172 82 206 38 248 56 91 259 114 254 244 77 300 158 110 197 155 270 123 203 181 112 113 131 297 259 87 295 192 185 57 283 250 234 142 60 100 130 249 298 257 46 261 201 254 205 284 106 258 236 258 183 158 42 205 111 73 54 63 47 248 78 47 250 252 201 77 121 276 286 213 126 253 263 190 77 278 113 132 189 257 269 82 270 79 275 155 188 83 53 67 195 42 299 106 98 153 126 113 276 120 198 152 37 278 79 199 267 85 257 52 141 175 40 100 280 104 52 45 127 174 265 155 155 55 217 298 300 290 128 164 206 209 57 122 96 245 168 64 193 226 247 205 59 68 149 160 116 138 219 73 163 
90 209 55 184 182 113 182 111 238 273 212 231 142 247 139 238 192 184 97 87 109 114 174 102 217 155 182 59 68 202 201 294 168 140 263 194 71 161 63 237 293 104 145 166 159 120 139 200 258 193 49 134 214 178 65 39 44 52 222 213 126 271 43 192 111 292 90 112 275 234 205 163 256 165 189 236 284 244 209 149 176 266 146 206 110 159 164 198 288 207 111 201 193 100 63 258 151 80 105 51 169 197 264 171 253 152 78 288 222 187 134 222 276 219 282 190 236 65 288 82 298 172 115 159 228 79 55 132 185 151 260 107 201 169 279 277 110 65 246 123 156 173 210 258 189 43 226 94 89 64 77 155 212 300 272 176 
239 98 129 213 172 107 275 126 236 133 284 201 211 280 139 52 215 250 165 130 172 236 218 40 300 85 51 122 165 93 199 228 147 268 287 214 136 51 78 79 121 195 293 61 179 222 134 172 77 299 207 142 112 213 233 266 61 278 122 151 189 88 208 74 151 69 87 270 293 295 60 244 176 258 283 108 94 249 86 139 296 254 39 269 193 158 288 236 228 196 193 145 53 205 90 251 99 92 202 294 300 103 95 62 210 82 118 132 100 138 85 184 152 276 47 287 167 199 144 159 122 176 89 177 276 173 39 158 184 67 135 62 300 235 253 276 173 83 77 286 206 266 161 259 219 222 109 110 243 209 87 226 294 248 186 86 
58 126 117 236 84 241 240 245 206 108 119 231 68 173 202 297 187 95 83 205 235 106 58 207 300 234 117 54 256 142 252 177 112 242 197 84 250 230 195 291 288 232 140 78 100 192 155 253 275 155 91 206 112 66 213 165 243 67 108 299 225 136 47 194 93 279 191 79 55 235 97 249 156 144 174 186 167 204 153 116 175 92 97 69 136 37 56 190 174 204 67 216 232 176 74 112 81 103 210 253 109 150 266 295 42 77 51 50 140 65 68 140 278 124 84 83 85 74 113 266 159 158 273 134 125 101 71 140 221 248 112 189 243 264 246 180 272 45 300 272 107 256 92 221 280 114 110 56 206 299 105 242 262 111 119 68 
96 103 156 189 288 172 183 120 201 129 300 249 152 138 233 49 165 255 272 288 238 197 133 211 236 159 208 134 145 193 189 251 218 237 274 172 122 162 288 261 72 82 86 222 298 90 58 119 97 63 185 173 39 191 122 228 54 86 54 157 162 74 282 139 114 121 192 136 124 90 299 85 287 89 202 50 172 175 287 178 95 73 88 235 163 119 213 68 116 112 291 296 169 132 72 131 49 258 96 194 125 164 256 239 38 112 153 213 288 112 247 105 232 203 59 42 194 45 117 139 263 125 230 206 148 126 157 147 102 152 192 129 221 272 70 100 278 101 187 104 134 60 195 61 99 39 234 92 277 177 84 272 117 109 200 272 
181 120 90 292 169 292 114 190 140 182 191 284 126 202 79 75 116 189 163 94 192 212 79 182 219 203 64 52 176 136 185 149 147 154 183 126 58 68 243 129 171 262 177 70 134 285 223 277 148 114 287 298 64 225 264 219 93 83 218 70 288 142 225 126 55 179 164 184 90 249 62 129 265 264 189 75 271 152 105 239 37 123 47 196 138 72 198 169 129 185 178 79 116 120 248 259 40 125 289 291 264 83 258 111 111 244 194 210 160 154 294 248 216 112 82 250 158 96 137 168 97 126 79 47 228 188 237 43 270 159 229 94 101 291 254 226 115 107 66 267 161 75 158 297 156 289 50 245 245 177 257 89 157 256 227 253 
216 260 265 295 49 194 89 82 255 103 60 299 191 91 243 192 218 155 273 113 185 142 173 52 269 251 198 268 300 49 204 273 281 206 293 150 266 52 141 231 208 97 130 153 115 53 247 79 92 98 214 186 231 159 116 120 81 214 111 280 86 103 195 93 270 92 38 297 120 94 105 76 48 247 184 109 253 186 164 136 118 128 142 81 87 277 78 88 70 186 110 134 195 107 256 278 47 172 199 135 196 64 133 57 205 59 296 191 79 265 282 164 217 69 170 256 136 110 101 245 150 247 225 69 148 54 283 191 149 296 207 289 148 275 184 240 201 219 97 62 153 137 75 275 252 97 135 279 298 75 63 166 208 205 281 62 
287 79 244 101 103 79 77 63 290 125 91 110 131 121 162 210 169 92 269 236 39 53 296 213 126 205 277 172 84 92 189 288 63 61 210 67 173 80 242 280 110 112 286 262 204 172 68 300 57 129 82 296 98 263 172 91 291 106 239 207 59 133 279 164 41 186 126 95 79 165 230 212 174 178 217 118 243 180 39 228 232 191 120 158 270 192 258 176 273 292 173 262 228 278 173 266 127 189 272 81 214 221 57 60 196 149 292 174 120 241 155 58 55 232 40 71 178 153 219 141 177 193 111 282 40 209 48 241 256 174 208 267 289 96 218 56 80 151 134 87 84 115 255 180 133 147 161 138 118 56 231 282 170 107 124 162 
45 60 264 105 293 157 157 250 97 158 211 104 56 258 97 225 197 114 68 69 50 104 85 48 171 135 230 142 284 177 189 279 117 225 213 172 165 98 153 144 37 175 146 138 190 253 75 243 174 150 203 283 46 151 274 137 296 252 240 154 88 291 154 232 175 262 167 159 96 229 98 77 157 139 224 265 145 160 237 149 268 191 66 262 162 144 41 196 269 65 140 189 100 81 75 70 116 221 189 253 238 198 201 97 257 299 37 259 178 179 159 297 57 165 209 240 37 52 290 297 243 149 163 256 115 147 40 89 283 141 232 204 248 125 78 203 250 101 257 224 112 286 248 164 284 161 218 118 232 209 277 169 216 48 133 162 
282 273 48 272 204 254 40 100 237 203 113 147 223 242 59 169 227 105 57 273 253 289 59 267 281 272 58 284 239 57 226 180 59 219 101 60 248 255 69 94 286 174 97 130 216 59 60 70 211 60 139 270 77 126 286 60 146 169 120 106 237 170 210 285 53 281 141 228 70 66 239 274 169 119 127 104 278 198 204 134 273 255 220 147 43 233 249 68 115 101 200 41 220 74 173 94 209 107 113 89 230 126 125 199 192 63 140 172 144 213 259 274 92 242 300 217 191 72 213 97 43 178 202 252 43 273 290 111 37 177 168 58 112 244 152 126 259 236 174 255 286 174 113 170 269 45 285 144 210 157 265 123 145 258 102 289 
139 112 130 151 139 124 132 208 141 50 272 46 168 88 173 128 105 51 174 164 178 193 150 271 99 135 55 155 272 108 148 248 90 245 77 95 251 50 163 130 188 65 125 216 49 298 291 144 296 131 41 43 117 164 206 71 298 173 109 105 37 63 59 147 258 233 75 254 171 300 230 65 141 73 135 299 293 265 150 78 251 37 99 213 182 176 110 87 144 201 84 180 242 109 61 247 91 156 283 117 293 203 173 69 265 50 85 160 261 63 175 123 235 275 124 67 299 91 118 88 299 274 124 261 167 205 248 39 236 255 263 259 113 254 168 53 143 229 113 191 272 299 134 287 95 156 148 180 262 79 93 258 62 208 61 163 
42 287 292 216 37 96 85 105 181 196 231 242 200 240 177 255 110 269 67 201 87 104 154 241 191 250 237 236 254 43 278 263 133 267 203 173 38 73 78 71 251 279 249 251 274 37 94 121 88 237 278 41 283 143 152 137 100 134 292 206 133 43 225 48 39 297 156 76 136 168 194 140 274 134 119 241 191 194 264 116 148 179 222 201 44 89 236 53 39 58 171 241 186 200 60 95 49 145 102 245 210 295 240 137 163 192 233 291 183 289 214 177 37 47 84 230 129 182 127 108 183 294 90 197 158 138 136 60 153 211 66 257 84 261 82 181 93 39 199 202 64 153 258 39 88 297 88 163 155 191 161 95 245 266 137 81 
167 98 261 190 41 247 272 136 158 225 230 296 136 58 225 286 292 42 98 167 71 41 66 46 248 42 233 70 128 198 208 182 151 182 266 142 225 245 128 153 121 181 197 76 229 281 190 246 82 203 255 168 217 152 186 143 250 152 297 56 264 258 38 275 190 223 137 299 288 142 297 37 68 208 175 239 42 220 248 67 283 86 145 179 190 188 191 111 217 170 223 46 157 94 260 225 146 278 144 254 110 208 165 227 208 50 211 249 202 155 189 212 70 90 199 40 247 214 227 182 179 198 172 295 264 258 290 272 293 161 216 94 59 300 42 156 236 171 115 67 138 247 78 74 251 175 243 54 179 271 180 243 122 38 192 108 
216 118 208 279 191 146 41 108 240 283 81 168 56 203 77 85 108 198 210 252 194 133 219 262 202 277 171 103 270 272 155 236 166 211 70 62 238 135 218 288 60 259 178 126 84 130 210 198 231 153 299 107 140 108 64 111 269 226 296 177 69 126 252 248 232 287 195 47 252 154 213 161 175 46 165 110 121 264 58 271 259 265 55 206 144 109 162 138 291 53 258 242 169 135 37 239 200 43 56 215 97 290 240 119 154 195 241 153 78 214 141 39 177 68 159 46 79 198 193 222 180 133 194 289 177 202 172 210 118 240 149 73 179 222 172 92 52 177 87 271 148 42 275 127 160 164 267 163 287 40 188 276 41 92 249 63 
142 257 186 257 256 228 186 131 92 288 201 269 189 234 111 167 201 37 131 238 248 271 243 284 274 180 300 180 209 257 205 52 223 155 95 51 96 161 247 61 235 287 175 189 285 285 201 58 95 184 230 109 218 183 151 290 280 264 210 277 188 140 118 199 100 72 130 89 38 166 51 80 65 243 165 210 61 258 117 80 158 193 156 172 269 99 62 140 63 134 275 88 74 285 246 73 62 48 53 42 80 50 152 292 173 204 229 68 188 257 50 151 172 266 109 98 169 226 249 179 57 244 90 188 260 156 91 145 75 115 238 47 256 95 148 56 239 146 149 124 115 130 170 82 163 265 113 255 278 126 200 270 150 92 222 298 
273 249 55 184 93 297 126 208 229 60 40 236 287 206 126 282 177 229 51 223 107 112 79 253 61 254 99 198 236 53 238 105 234 212 144 237 212 51 37 68 56 177 132 66 190 110 184 245 278 290 102 87 186 118 272 129 102 186 170 259 197 102 59 58 61 165 175 105 111 143 146 291 288 126 71 111 99 179 138 213 122 58 75 225 74 91 156 190 287 170 244 204 256 241 253 108 69 269 299 299 46 182 159 262 149 123 170 70 142 293 222 292 70 43 289 54 178 95 267 178 74 294 291 266 286 165 188 80 167 66 246 196 217 65 194 53 151 232 190 181 168 293 226 88 113 174 178 293 99 90 277 37 102 262 253 68 
238 58 80 62 69 101 206 44 249 142 164 103 207 93 153 76 168 145 63 201 243 60 300 95 140 60 41 40 251 282 43 107 144 96 232 109 110 167 84 274 237 295 69 61 260 50 291 196 246 171 197 144 53 139 264 147 125 181 97 299 298 75 140 174 116 87 46 278 226 230 152 151 93 234 93 102 183 96 278 77 59 58 219 188 54 237 246 234 286 93 147 133 146 263 74 174 115 159 64 264 154 236 122 74 42 289 147 75 78 261 57 94 102 245 43 46 62 152 125 188 112 188 80 246 228 191 235 98 276 104 94 60 285 103 145 68 187 123 65 60 243 259 203 48 55 174 195 222 222 158 287 56 58 290 167 128 
110 268 96 51 160 171 98 89 283 257 79 205 184 279 229 104 246 40 141 186 47 204 300 67 277 38 194 103 37 247 242 89 186 220 289 257 93 134 91 48 204 41 114 148 129 79 120 223 45 62 127 245 213 191 38 254 67 248 207 48 167 268 127 113 184 113 198 163 157 162 208 233 201 295 251 169 71 218 130 171 226 163 224 176 113 183 233 102 288 227 294 60 122 183 191 217 222 153 135 226 48 184 178 275 289 283 66 197 265 296 114 129 116 193 170 116 275 252 213 220 213 121 167 90 118 122 234 288 222 126 155 61 268 150 281 239 221 37 62 80 224 137 178 52 196 239 235 281 284 102 49 128 234 49 265 275 
49 99 176 280 167 127 283 93 243 110 221 124 236 61 257 241 163 253 120 57 49 68 300 246 67 253 38 105 45 139 278 175 93 228 121 278 234 124 287 169 141 167 221 195 46 275 273 233 282 220 189 267 83 218 85 300 129 129 68 135 232 168 260 125 73 116 164 140 70 197 39 290 72 152 131 155 51 143 103 87 197 207 193 272 75 176 142 282 92 138 211 139 186 214 76 181 94 122 291 218 275 202 75 40 198 291 149 173 220 265 107 148 69 172 291 96 96 102 199 153 158 152 66 37 155 238 53 57 139 40 76 240 257 171 242 146 230 103 300 184 288 289 156 56 201 68 205 261 146 164 159 216 143 300 51 244 
252 208 265 38 40 181 175 260 217 112 166 97 57 260 200 294 184 272 292 122 185 272 269 292 193 274 223 136 174 108 268 89 124 69 126 271 238 289 110 209 250 73 133 292 78 234 112 76 162 276 97 218 254 126 148 87 134 288 271 89 227 154 54 156 107 235 150 186 195 300 248 45 53 246 272 156 141 153 294 100 248 279 52 233 191 224 186 134 224 239 87 234 158 180 185 203 42 108 223 159 50 142 284 160 145 39 286 88 78 137 192 142 130 63 213 71 188 60 191 297 287 165 87 155 136 124 205 57 160 222 73 55 248 263 203 252 118 125 217 145 98 234 39 209 86 54 180 284 222 212 154 143 212 115 262 182 
207 209 105 140 261 195 294 186 63 247 173 54 220 126 207 134 56 284 219 246 262 186 185 182 116 127 93 64 246 282 117 96 174 90 70 149 242 281 197 87 166 199 218 225 236 107 273 112 121 56 84 165 274 77 67 56 70 268 238 93 270 136 84 196 274 177 268 43 126 218 85 238 253 181 89 266 77 141 239 55 243 268 289 173 224 142 267 144 133 37 222 262 226 87 203 167 69 277 131 183 265 277 71 177 165 218 252 148 215 210 265 218 56 145 100 118 250 149 273 142 136 81 220 274 124 253 290 276 222 222 203 168 52 82 75 286 85 63 201 133 259 108 151 218 264 96 283 49 87 202 173 227 87 280 138 98 
163 268 296 113 158 268 156 95 62 89 88 269 245 154 281 157 112 298 232 278 97 287 143 78 296 253 222 63 242 146 262 165 248 171 279 174 268 231 181 227 143 170 40 215 262 197 196 125 70 196 253 247 221 288 127 188 76 94 190 257 274 271 178 116 210 241 69 221 168 287 159 101 39 141 97 259 63 119 233 173 229 153 230 220 124 249 181 164 147 157 179 114 198 183 116 86 241 40 195 91 178 140 226 181 287 58 100 226 248 239 42 108 54 131 51 246 100 188 199 189 165 90 230 241 79 67 132 116 70 231 201 139 171 214 142 138 294 249 193 124 146 207 53 299 128 137 268 125 63 112 71 216 51 77 127 111 
123 161 140 278 80 62 230 106 298 102 51 173 92 194 128 240 284 262 155 257 76 251 152 72 268 285 131 133 116 214 54 268 92 74 107 51 223 181 67 187 159 210 152 189 242 78 257 287 182 236 228 223 145 265 137 88 60 139 211 59 272 78 298 119 122 295 152 268 251 220 65 124 131 51 238 259 175 155 243 192 296 121 40 173 151 147 293 124 118 90 65 82 200 211 165 145 131 86 188 280 45 284 150 77 173 218 157 190 180 299 119 132 107 101 174 50 38 138 205 285 274 114 228 291 299 111 149 185 249 57 247 64 108 155 122 191 157 142 237 55 175 92 285 267 294 152 111 294 79 156 56 226 80 219 131 150 
145 40 291 127 60 278 185 259 248 186 87 298 268 102 238 126 50 216 157 148 202 146 115 226 177 66 200 284 89 69 255 210 99 208 206 77 114 223 241 218 106 113 284 245 241 276 71 114 213 173 111 135 206 211 74 222 236 37 235 282 44 184 240 168 224 37 112 89 221 115 184 252 241 145 296 65 188 71 66 195 214 269 234 214 170 203 260 65 57 147 162 197 162 52 213 184 216 153 159 171 68 201 167 210 221 264 244 69 102 110 45 82 127 223 56 182 38 171 145 132 95 158 85 85 177 242 256 185 132 163 180 52 216 99 228 76 239 72 184 162 254 283 249 119 287 290 199 289 195 121 240 79 46 132 180 185 
204 128 207 299 91 147 239 204 216 240 167 97 86 263 179 127 268 77 149 186 103 144 40 175 248 86 290 153 295 47 231 98 136 167 59 63 141 161 208 290 60 224 202 258 178 159 199 69 176 92 227 65 134 192 146 256 245 291 95 74 201 149 293 295 279 280 124 101 66 204 231 254 84 75 43 150 172 111 250 172 59 64 161 103 212 58 103 203 283 94 135 227 76 72 127 113 288 50 74 148 275 55 123 130 209 169 116 254 211 119 245 275 44 217 48 50 129 102 189 104 41 233 218 236 65 247 261 191 99 76 133 205 47 127 69 91 106 187 107 130 175 223 136 203 204 271 40 90 110 132 165 264 103 283 207 188 
79 290 103 298 56 160 180 271 247 85 261 140 152 159 88 129 73 142 243 259 130 75 209 241 138 165 191 211 78 107 87 172 190 257 157 250 56 61 120 219 82 129 267 59 42 46 221 43 239 38 262 172 286 291 123 92 166 223 267 216 213 259 194 243 38 212 238 246 107 259 241 217 80 43 255 112 48 232 192 161 148 142 128 245 192 288 261 94 40 243 265 272 44 258 160 66 120 195 268 271 63 233 191 168 137 212 264 220 290 102 139 211 93 39 242 111 41 123 136 68 234 202 64 58 43 112 265 225 299 222 269 292 94 153 170 112 278 170 144 87 241 286 252 120 172 79 52 242 40 42 172 105 228 218 241 231 
203 285 116 87 240 221 106 198 279 178 265 154 262 158 77 96 180 90 284 81 112 127 70 269 277 119 89 227 188 188 156 174 99 177 139 76 197 97 274 92 187 132 93 38 41 225 120 120 267 96 74 285 297 191 184 272 161 256 255 194 52 217 265 249 212 236 180 89 293 56 287 95 56 160 215 299 128 234 201 246 279 258 144 269 56 256 121 85 235 183 269 263 180 88 136 237 44 79 48 190 245 187 55 246 240 268 156 90 170 184 223 283 270 87 276 129 196 80 210 281 131 83 213 98 170 120 168 236 38 40 263 210 71 91 59 74 115 193 159 147 47 157 59 222 179 47 111 192 69 128 91 71 257 300 157 122 
280 283 106 198 151 152 144 214 274 38 123 115 192 255 255 85 127 40 150 72 51 297 137 226 84 281 300 260 174 178 94 264 134 56 62 154 193 239 92 138 238 110 239 64 71 111 299 48 283 193 214 89 248 231 202 169 80 162 157 259 49 44 39 59 178 151 220 225 115 286 164 245 68 233 79 66 192 199 268 85 187 127 107 120 249 160 274 50 161 162 109 218 99 188 162 132 134 168 44 146 117 235 142 239 258 177 74 112 84 161 226 76 261 124 87 126 79 220 48 272 296 91 214 73 187 129 189 282 209 43 253 270 112 256 290 257 251 85 169 251 146 123 61 236 75 143 120 186 169 147 229 176 52 228 38 146 
225 76 201 214 284 88 289 173 291 44 74 171 204 141 148 82 66 175 76 86 244 185 176 165 239 294 193 165 149 69 174 42 205 227 102 192 229 159 158 206 166 214 196 84 79 177 195 214 204 68 73 73 65 128 165 78 153 283 60 77 284 110 70 284 264 215 180 183 182 224 37 146 153 120 98 69 163 297 38 151 209 138 266 118 280 125 232 254 88 123 238 216 47 63 197 149 89 224 283 60 143 59 206 280 253 265 130 165 145 285 236 108 273 88 168 173 147 40 232 116 67 214 166 64 185 48 77 96 273 39 114 222 207 145 256 257 218 217 205 85 208 197 231 118 66 112 139 61 74 209 191 161 194 221 230 154 
215 257 260 131 198 258 258 46 38 144 53 100 270 232 58 100 232 265 293 68 270 161 194 134 299 185 267 45 222 230 76 137 283 266 243 118 290 187 67 99 252 257 219 154 155 262 43 123 97 201 271 127 124 147 143 218 136 190 101 231 182 59 265 250 68 91 258 234 221 48 37 158 114 69 67 114 224 219 102 98 140 157 180 182 69 142 112 70 49 290 261 248 250 274 124 80 202 116 208 47 77 59 288 231 135 194 101 61 214 39 68 104 200 94 246 74 295 242 118 181 236 99 163 231 155 117 159 297 294 278 71 196 220 226 171 61 163 202 72 291 107 82 61 254 245 50 163 90 84 272 265 276 99 67 222 237 
200 75 136 157 143 87 189 154 201 127 248 88 47 100 230 123 65 204 289 99 44 202 196 271 180 214 249 286 94 153 96 241 137 100 240 269 77 257 187 232 245 185 109 226 89 135 205 286 96 190 55 248 284 47 89 113 254 109 53 105 275 133 143 300 199 103 183 153 57 154 57 167 127 256 227 120 100 69 190 267 255 78 73 92 197 111 114 119 218 126 111 93 236 118 132 62 296 254 93 256 106 212 222 110 295 124 138 117 277 69 57 235 182 101 85 176 104 140 255 154 200 191 117 147 224 166 199 246 63 88 90 299 112 213 292 62 222 93 257 63 126 279 110 141 157 252 188 188 220 117 103 193 273 194 152 235 
88 276 287 237 161 285 277 201 60 47 105 111 186 195 297 206 38 91 228 122 45 185 70 247 297 202 147 69 60 277 119 188 267 160 150 162 152 37 223 147 293 241 270 96 150 94 91 99 270 97 101 266 52 78 298 274 184 298 187 157 57 282 244 271 241 66 266 70 99 145 112 192 131 43 275 138 151 38 85 190 85 105 79 116 205 66 242 60 88 287 95 226 49 208 141 123 146 187 268 56 50 111 80 225 207 165 176 276 47 171 255 198 163 131 291 224 141 181 116 222 113 224 143 92 194 110 244 241 151 97 284 105 230 128 223 238 295 71 133 239 269 102 267 43 256 200 240 104 78 46 289 287 99 205 146 250 
271 206 111 265 87 205 250 249 118 84 60 286 70 193 145 298 137 189 271 79 181 278 232 241 143 143 97 248 79 238 290 125 69 239 86 298 50 39 109 175 99 156 161 66 121 115 85 118 44 257 77 192 145 46 273 54 185 279 148 64 148 275 101 212 118 113 139 181 65 224 38 51 139 150 188 97 82 221 161 171 229 91 107 174 188 153 85 228 259 62 217 224 203 77 172 136 137 220 124 249 219 206 221 62 88 196 221 276 176 79 125 56 252 193 49 114 183 261 82 150 205 44 266 64 266 74 238 264 287 184 187 214 168 235 186 280 274 52 70 202 195 258 97 181 50 37 41 235 65 180 192 114 207 49 109 271 
195 147 77 221 278 85 294 150 129 37 93 64 239 264 254 300 60 212 100 283 166 78 242 266 162 220 249 297 98 254 115 150 270 185 95 278 137 227 38 231 45 278 142 215 73 279 292 137 50 198 135 242 168 203 139 167 171 207 124 106 253 201 43 292 209 250 45 260 93 115 154 137 60 109 204 229 207 65 89 242 277 153 202 290 65 62 101 97 283 76 120 149 105 219 175 234 222 152 247 111 132 267 148 277 247 114 160 145 162 277 133 119 126 251 213 145 143 222 88 217 122 99 54 100 284 101 181 207 253 169 133 86 85 108 170 234 245 124 290 123 297 45 40 295 164 118 80 274 277 51 180 94 104 196 78 172 
184 61 54 180 172 295 199 98 128 111 165 154 254 213 186 140 92 272 242 211 63 113 250 99 184 37 216 89 46 262 279 272 69 108 234 121 149 232 116 74 86 114 197 82 138 100 72 60 99 238 202 298 256 43 189 284 258 196 222 202 59 203 259 54 49 147 65 197 184 190 293 159 62 247 186 300 58 73 243 258 223 271 97 165 78 254 119 127 146 40 276 232 120 67 216 54 54 73 131 248 203 288 50 120 272 101 108 264 37 68 44 71 215 68 127 212 185 145 209 257 73 201 251 115 236 236 191 193 188 37 79 116 104 126 299 102 53 251 122 190 196 262 275 42 140 203 116 278 105 44 267 204 237 144 234 84 
143 183 160 151 241 121 142 166 238 104 240 73 44 211 85 293 190 277 192 204 205 61 176 107 159 95 236 240 296 219 43 43 273 180 43 279 279 100 81 145 230 238 264 80 37 180 101 229 131 242 275 45 202 74 74 300 66 250 134 61 282 243 140 159 259 179 256 226 53 38 133 59 295 56 245 60 72 118 266 87 99 229 251 292 235 107 163 241 107 109 279 170 105 89 87 241 292 141 166 215 52 191 269 116 49 286 221 196 134 273 268 219 103 287 250 105 257 78 59 233 161 272 104 199 287 51 258 129 100 200 70 159 251 247 112 61 196 176 41 161 254 197 210 184 214 142 174 118 67 269 122 157 204 91 201 61 
108 91 158 93 132 270 136 218 242 150 101 238 249 111 216 74 49 58 285 271 136 92 128 216 105 254 176 124 44 87 145 116 278 191 106 208 43 173 276 207 257 300 269 62 279 281 276 272 238 216 149 175 102 79 255 242 100 235 197 47 114 258 178 147 71 297 280 120 209 207 74 190 49 65 272 110 286 295 51 82 133 135 234 153 207 257 213 218 122 235 216 270 181 118 146 283 63 80 182 102 215 179 177 248 41 293 286 229 39 202 134 273 150 159 172 164 211 289 152 184 126 206 154 280 77 49 170 211 244 164 165 265 132 72 115 85 209 41 206 172 257 120 37 45 58 265 42 41 75 246 201 133 141 59 251 157 
291 45 274 196 160 140 237 290 232 112 182 212 82 107 122 186 108 283 232 229 200 123 214 208 45 210 160 40 281 196 75 87 286 176 289 189 194 58 166 224 252 266 83 38 155 197 104 288 209 169 239 130 272 223 118 200 276 300 69 67 273 216 105 51 214 92 185 95 83 253 71 180 223 118 89 275 116 69 249 102 247 292 113 283 283 155 67 145 117 188 200 91 126 143 87 236 92 80 264 66 170 197 226 205 241 116 82 266 126 141 245 75 238 283 111 193 88 297 293 245 242 178 72 274 55 122 147 232 231 171 79 237 119 114 197 52 266 60 44 131 96 291 99 95 295 46 297 299 247 223 259 65 162 158 70 168 
292 63 238 223 279 175 206 137 234 221 137 201 155 54 264 207 82 193 237 252 128 221 47 74 249 263 279 272 246 120 154 69 125 295 168 234 212 275 141 69 76 164 86 75 59 82 142 222 253 110 113 103 44 168 97 126 53 176 287 40 196 201 188 288 75 154 97 121 199 167 76 90 108 280 139 123 194 201 174 215 264 193 96 171 208 119 294 158 131 178 140 65 278 215 76 265 85 153 272 75 143 283 242 143 178 234 282 200 177 49 232 179 275 164 282 246 62 178 296 155 75 277 150 188 188 251 90 249 75 170 238 152 77 239 280 189 151 48 289 195 183 163 227 57 103 262 222 256 261 297 125 52 118 81 52 249 
117 110 77 144 246 246 219 282 160 155 70 172 266 299 57 163 253 136 208 242 98 255 286 162 174 172 174 266 243 46 168 55 153 94 254 133 149 278 263 126 120 96 220 187 83 204 66 129 225 94 263 85 103 271 104 124 87 267 114 108 115 292 144 143 248 125 117 57 208 289 178 111 245 132 90 114 299 258 155 149 133 143 120 275 299 230 285 269 154 199 51 259 205 75 277 288 90 225 122 235 168 262 187 67 224 216 103 50 201 124 254 150 273 129 107 300 192 277 173 165 63 118 95 230 41 259 63 107 120 268 204 244 84 175 140 90 40 109 156 243 117 252 81 124 243 278 127 223 221 218 288 174 92 89 231 46 
87 84 38 103 282 165 204 107 156 291 171 213 101 241 89 260 288 225 69 232 101 125 157 61 114 150 150 62 187 185 283 243 64 71 233 189 54 267 299 297 169 242 241 236 288 294 206 54 209 179 146 42 166 142 45 45 176 66 222 61 292 156 211 284 67 170 209 213 134 176 239 46 249 115 230 94 176 154 91 89 80 210 96 274 159 248 239 96 62 244 233 204 277 292 279 50 72 294 207 254 289 131 144 257 111 120 41 52 101 119 159 284 149 278 54 166 63 109 267 149 68 102 295 98 48 232 94 228 72 52 89 128 256 212 176 98 40 264 196 277 96 92 268 279 185 167 46 281 286 92 257 61 275 134 80 209 
164 216 129 235 202 131 207 85 258 147 197 179 206 84 109 114 224 56 216 163 163 149 118 121 276 45 144 200 146 206 172 142 226 99 136 102 214 90 75 170 55 104 49 65 96 130 181 226 117 37 300 272 76 96 207 182 106 56 265 125 217 204 218 235 161 43 67 174 141 211 51 74 263 291 234 103 38 91 268 158 63 298 296 165 58 200 73 138 175 126 268 140 113 210 123 64 57 119 146 187 158 37 88 243 75 69 41 291 273 207 217 214 151 223 83 83 63 85 91 218 252 293 137 239 97 295 271 196 67 143 236 220 289 295 194 37 298 60 181 117 264 119 94 201 68 260 271 50 123 128 199 233 167 214 223 163 
217 227 46 80 173 107 179 177 78 187 265 105 53 105 184 46 180 249 185 296 127 273 90 241 149 103 187 52 82 114 256 75 137 230 240 220 194 275 77 244 270 128 253 39 106 253 80 230 171 158 171 274 175 135 61 56 133 76 232 46 53 159 170 149 130 56 180 295 71 96 275 122 104 294 229 158 267 230 166 108 103 223 84 248 220 156 216 200 115 37 38 221 230 231 198 281 51 145 44 217 78 248 228 134 253 293 59 191 176 70 154 297 120 155 76 129 38 129 162 209 79 204 221 57 39 152 220 56 69 137 190 100 118 164 194 150 180 190 85 161 159 211 220 76 212 49 58 294 94 54 109 194 290 288 164 91 
88 220 51 66 295 128 179 53 95 181 163 258 157 39 84 61 282 47 83 62 221 131 128 62 155 172 167 188 300 192 164 267 223 273 173 94 65 238 282 159 74 145 40 171 136 153 279 282 272 264 97 230 298 288 140 243 253 201 225 206 131 278 45 200 254 265 248 109 83 252 37 167 246 114 193 177 118 212 192 225 154 208 156 109 276 264 135 90 149 239 43 281 289 169 47 67 220 155 173 126 270 240 154 128 43 118 38 251 214 185 189 282 47 190 293 139 202 130 209 117 66 252 212 268 197 177 234 211 90 175 84 82 201 140 115 192 82 103 151 58 56 294 263 284 263 298 84 247 100 280 249 244 220 258 174 168 
88 78 198 217 127 205 53 128 156 238 46 111 50 115 59 269 245 133 166 296 59 236 264 50 42 273 297 190 300 144 231 101 41 136 178 100 227 133 223 169 264 160 131 270 227 252 283 253 108 76 162 53 137 276 91 235 117 158 183 276 89 174 264 138 216 47 71 141 87 287 220 261 204 80 116 293 197 217 95 57 173 229 146 116 276 138 275 91 124 205 220 190 291 91 225 168 157 59 229 60 57 275 194 275 296 136 223 299 201 122 159 106 225 127 296 156 49 214 185 177 144 151 120 219 154 145 202 198 217 52 196 72 259 49 242 203 149 127 110 49 279 287 219 56 159 289 250 110 154 144 245 278 72 188 74 187 
279 295 91 253 99 131 99 66 213 161 131 54 241 173 111 158 69 248 90 266 247 205 65 145 190 73 63 129 244 205 68 87 105 181 155 44 83 190 92 225 230 84 231 116 175 257 187 59 69 45 222 96 81 82 117 102 253 55 206 180 252 144 172 175 193 180 267 60 130 255 45 78 286 288 188 269 92 93 289 272 142 222 77 44 94 88 110 85 104 155 259 100 297 46 115 146 142 178 75 181 151 140 55 272 125 70 52 207 282 240 59 196 184 179 112 291 101 151 99 165 294 86 142 43 194 72 145 193 208 208 155 70 298 87 106 40 148 183 173 45 56 66 183 255 220 117 230 152 199 127 293 87 279 158 207 177 
71 181 102 211 215 78 131 103 148 94 38 198 58 137 47 141 159 220 182 82 137 178 241 241 131 64 164 154 276 269 286 261 264 188 241 265 284 37 194 81 76 59 274 209 183 278 236 47 93 116 224 37 120 219 287 102 185 299 296 279 164 122 147 136 270 39 116 251 198 75 209 52 146 165 103 233 156 101 83 61 269 59 269 151 247 105 89 56 65 70 105 109 183 92 93 58 289 229 93 136 69 161 48 47 71 59 94 232 263 166 187 228 180 145 132 257 168 138 295 79 252 162 214 149 78 37 69 66 135 126 197 281 106 144 279 283 170 47 236 299 67 184 37 223 100 103 247 291 123 104 273 130 81 232 153 183 
280 84 59 56 138 178 275 125 52 239 158 200 283 256 284 69 277 45 145 259 244 243 76 284 150 193 55 154 256 222 192 90 261 209 215 237 41 168 201 100 43 213 196 245 194 150 205 100 151 172 271 243 116 183 60 140 251 175 272 46 42 38 132 151 53 196 201 241 165 235 61 208 112 204 155 58 232 41 158 224 64 237 246 61 61 217 71 292 161 161 141 215 102 70 125 181 145 69 48 211 117 112 201 255 289 227 161 224 44 137 256 146 289 288 71 49 38 179 196 84 273 135 174 228 124 112 210 133 296 260 189 212 177 120 59 145 209 274 215 87 183 142 203 130 41 149 51 64 55 220 285 179 250 161 59 134 
237 210 189 254 299 185 72 291 145 211 252 215 189 81 125 166 256 185 223 79 48 85 127 114 64 155 72 58 180 79 284 229 256 142 276 201 168 228 41 249 262 65 131 273 55 152 266 270 215 152 164 257 46 134 222 222 234 58 174 56 183 233 120 264 269 171 216 125 186 254 248 38 287 147 194 294 254 47 192 95 92 156 289 178 132 249 255 69 149 224 175 182 44 87 97 207 53 257 169 147 262 101 220 153 292 87 295 54 43 254 253 111 64 270 95 272 233 94 89 142 263 117 171 148 74 169 157 212 118 288 118 155 78 82 87 250 294 207 83 227 92 285 114 249 90 260 254 83 109 134 53 122 58 249 185 97 
218 191 181 244 203 176 105 140 265 190 247 235 92 89 150 290 116 284 39 123 274 120 238 212 177 183 251 105 149 236 226 269 219 73 152 130 217 289 56 159 199 159 277 225 94 71 56 62 184 211 227 94 273 128 103 74 124 99 163 170 240 46 63 217 213 240 96 204 90 195 188 203 177 199 56 295 261 119 40 245 234 163 128 273 118 166 88 206 294 241 69 181 84 271 45 85 168 266 171 58 157 246 141 233 62 229 98 266 232 227 135 63 233 50 284 133 153 201 163 56 72 88 152 187 136 272 247 184 117 264 114 229 106 131 43 176 278 144 193 149 127 82 262 157 45 122 88 281 106 65 214 263 193 154 174 124 
45 63 140 267 251 59 293 213 170 184 237 193 153 50 270 166 43 156 163 279 159 273 124 126 50 110 154 244 265 198 165 39 225 213 171 118 266 145 60 185 196 278 68 148 40 290 65 61 58 257 166 116 38 81 191 147 72 183 46 78 256 92 126 101 286 195 117 183 251 268 255 106 112 110 288 136 218 160 242 259 167 49 193 149 130 248 227 281 205 294 76 110 135 44 64 229 244 231 74 185 157 115 205 151 223 126 185 222 240 156 217 144 111 84 50 65 92 272 270 152 264 210 186 124 61 142 93 264 193 43 226 274 232 206 135 185 120 144 159 141 281 286 269 75 140 178 67 281 66 216 233 127 177 156 241 103 
291 282 163 94 111 237 117 43 124 84 109 287 99 235 234 190 85 206 87 133 157 75 290 92 199 88 300 263 216 50 97 95 56 208 131 54 286 191 170 139 274 191 263 290 177 262 257 72 52 172 96 182 74 239 135 147 232 104 63 103 206 101 90 221 68 264 93 137 92 264 42 91 257 54 45 178 249 155 133 188 119 256 157 140 284 166 124 206 239 256 178 200 178 149 52 169 47 146 113 150 43 248 133 186 210 297 94 278 91 225 150 241 53 75 209 106 66 241 208 60 219 152 148 233 117 291 198 122 106 118 231 286 170 158 43 217 100 136 68 214 56 184 252 273 47 275 227 198 69 78 226 166 173 168 78 195 
213 117 73 137 188 125 158 224 122 300 84 79 287 83 253 252 78 136 47 185 291 297 58 153 227 79 107 251 259 224 144 261 180 141 69 270 69 285 175 157 250 81 63 293 203 131 250 245 176 41 214 283 147 246 183 90 126 74 131 212 208 88 162 297 74 137 170 111 118 264 106 196 66 221 206 227 105 150 258 68 275 251 107 47 263 40 162 145 126 57 138 240 41 65 252 148 157 75 216 151 38 100 239 238 82 81 295 240 112 85 87 103 289 86 220 44 157 201 91 144 265 106 151 168 240 169 109 176 87 145 102 116 189 139 110 299 299 67 235 229 208 289 143 158 73 114 145 187 175 104 201 157 105 135 187 92 
260 129 94 165 55 269 110 231 172 204 86 146 132 284 218 193 178 96 147 226 291 103 92 156 60 156 102 144 77 143 119 43 213 114 111 114 270 294 142 95 274 230 208 124 38 236 59 261 197 44 219 51 168 278 92 94 53 215 232 178 262 258 264 285 44 66 136 40 227 60 95 165 55 195 60 136 87 244 224 72 209 211 255 152 295 61 264 177 121 112 48 187 227 168 145 91 56 107 281 111 94 223 280 272 228 82 58 135 233 58 207 187 55 295 255 178 153 222 57 190 200 151 165 50 180 185 225 125 153 100 266 278 120 215 107 217 79 283 258 56 244 120 57 278 230 294 154 56 260 71 95 213 91 52 81 255 
209 149 263 90 271 116 82 149 135 84 62 63 219 110 260 284 134 132 37 216 174 58 97 131 226 298 234 261 280 135 290 92 219 124 140 91 243 173 186 77 53 70 195 75 93 267 263 163 225 224 173 138 48 98 164 298 298 133 249 87 202 272 202 182 161 70 56 296 197 294 218 198 162 77 207 221 71 218 140 244 228 51 112 179 75 182 243 278 45 218 206 170 38 175 55 80 164 299 67 248 219 215 282 239 69 297 125 172 288 291 235 71 296 188 285 148 47 214 62 199 106 64 87 135 238 260 162 280 170 163 117 283 71 112 289 241 222 91 292 161 184 231 68 166 164 181 285 284 84 242 244 244 241 103 133 198 
57 63 178 38 206 159 141 114 296 169 225 195 189 97 147 291 184 284 254 238 176 61 56 132 203 258 167 149 291 95 272 214 135 249 161 83 77 149 261 245 87 282 208 46 83 60 276 139 183 83 195 218 197 116 61 131 251 262 165 100 207 223 159 239 249 40 205 103 97 223 155 155 146 259 199 218 159 77 293 40 238 61 153 48 66 266 190 258 109 230 287 262 285 74 164 130 206 254 215 201 265 227 56 285 187 180 230 94 257 138 198 67 203 128 65 120 71 191 121 129 111 83 284 262 141 45 181 111 174 97 295 266 229 203 147 218 250 134 140 299 298 197 49 228 296 78 107 283 180 59 151 151 100 243 182 170 
264 265 195 205 154 43 61 105 245 117 110 99 270 87 203 120 49 229 53 202 101 269 62 41 210 262 200 173 273 287 139 74 165 198 78 141 41 274 224 71 154 291 239 272 247 280 201 150 118 105 209 229 224 183 148 265 256 129 180 274 200 64 156 247 60 188 222 79 259 128 146 139 172 116 223 288 277 106 55 140 234 251 142 222 243 99 59 131 62 202 187 175 272 188 41 153 214 180 210 146 105 300 217 102 265 264 270 132 57 84 285 291 171 226 292 61 165 241 188 185 245 258 140 187 217 101 266 295 146 140 148 270 258 278 238 104 83 111 212 51 138 285 227 90 52 78 195 90 223 280 175 97 148 66 80 263 
156 73 55 106 145 261 258 252 142 150 281 136 113 49 265 261 144 295 80 202 202 175 266 155 216 98 60 283 115 80 71 91 239 90 55 257 185 168 93 156 101 212 289 79 132 134 172 188 59 201 117 283 111 189 250 43 240 142 218 120 179 254 65 86 253 47 195 53 124 235 84 245 112 144 80 260 59 150 62 246 228 66 282 140 234 144 180 232 287 244 107 191 83 202 101 136 75 144 43 197 257 40 225 288 118 162 300 64 126 137 183 227 267 132 199 126 116 224 270 242 118 149 77 73 83 62 77 67 147 197 263 130 105 142 98 252 288 226 150 250 181 63 47 284 182 150 252 48 75 46 296 259 180 199 225 86 
116 193 239 196 276 294 71 228 59 69 137 42 293 208 222 139 185 88 46 177 111 248 73 163 113 40 60 168 226 123 87 205 133 155 132 54 103 299 42 194 191 300 164 58 133 220 220 162 81 197 227 225 221 162 189 214 278 39 104 156 102 153 262 159 198 196 148 191 123 156 130 244 294 285 291 235 296 55 87 72 85 236 136 92 49 236 209 130 168 132 174 44 218 234 135 155 223 60 103 239 200 145 93 84 39 223 192 53 215 71 232 69 134 79 195 268 281 94 277 118 57 69 132 155 118 252 283 90 265 275 300 223 230 258 60 95 266 210 250 146 209 246 111 240 243 52 221 182 87 297 241 275 265 124 291 47 
200 73 64 108 131 209 237 271 270 135 230 184 79 166 48 287 198 66 244 258 108 181 53 261 283 123 189 249 230 263 162 240 138 63 199 40 38 278 160 214 143 185 149 173 215 172 179 191 231 253 263 146 202 216 149 39 60 117 80 71 234 152 235 199 292 40 255 262 49 98 206 245 65 262 223 102 201 234 171 95 155 213 168 273 148 199 91 140 194 240 43 54 77 270 196 84 260 290 74 215 276 37 134 67 149 263 173 292 238 153 231 178 146 92 294 103 82 265 280 133 237 130 214 261 293 169 214 118 68 255 254 243 183 159 226 73 210 165 87 223 44 153 129 86 276 241 258 171 52 110 148 250 166 293 73 117 
116 248 249 166 99 238 52 281 139 225 184 198 56 278 157 118 277 187 279 195 186 260 140 141 219 118 103 258 252 55 260 86 273 77 53 91 274 127 212 250 295 249 265 179 256 100 151 154 57 229 98 58 76 189 260 254 231 169 81 62 135 42 167 87 157 175 57 190 80 82 262 118 123 145 53 216 217 62 204 226 198 121 210 283 72 44 82 110 174 39 41 157 47 61 113 288 159 294 255 294 157 271 265 268 296 143 244 212 235 140 229 247 110 253 239 125 72 49 133 84 218 88 160 152 53 191 259 250 191 146 165 108 282 214 222 244 213 141 134 271 143 221 74 248 209 219 193 65 99 172 86 273 82 276 142 150 
80 130 277 77 277 196 284 192 165 295 206 135 178 258 130 298 196 171 91 110 93 298 135 86 273 61 149 228 126 59 275 256 121 141 239 88 258 74 76 153 72 250 94 245 80 45 202 37 186 293 40 65 172 233 50 109 251 132 138 182 263 205 207 214 295 168 88 260 117 229 180 224 171 87 169 69 150 136 140 56 265 171 48 128 205 58 242 54 112 281 269 183 52 123 201 127 258 99 42 56 118 182 70 276 93 55 254 112 236 266 120 129 122 93 221 267 265 228 279 40 265 253 237 166 62 171 82 172 58 94 251 277 238 299 264 118 262 48 44 269 202 195 208 203 164 291 101 172 39 167 145 123 156 126 204 51 
75 207 291 60 104 290 116 227 108 85 115 149 206 300 300 253 89 107 163 220 40 214 97 240 119 251 143 129 123 222 72 271 93 45 65 232 139 173 197 113 128 61 215 82 46 65 134 159 280 210 256 61 284 276 96 66 57 120 234 79 102 179 210 154 291 287 87 71 172 96 101 264 219 178 291 253 293 57 50 69 184 176 256 165 242 174 220 48 142 70 138 264 91 39 169 299 166 107 300 186 169 59 70 295 116 179 57 77 235 274 96 108 112 101 283 116 146 245 67 242 181 190 159 81 252 184 263 235 285 59 207 193 100 271 182 207 195 170 71 58 249 262 159 62 192 74 81 164 291 71 134 161 263 230 57 253 
185 280 250 266 104 94 289 75 125 186 62 279 185 78 126 78 77 268 265 131 136 173 209 155 44 238 293 293 218 199 80 146 40 134 59 119 152 92 226 176 106 230 262 248 125 223 198 278 154 251 212 66 65 175 93 105 224 248 160 85 128 266 131 152 139 122 282 266 44 189 114 185 133 241 86 65 167 157 119 245 53 181 201 100 114 49 267 167 92 79 47 290 153 157 139 136 265 267 167 140 268 281 168 54 94 133 261 163 279 184 240 89 136 201 39 88 299 281 300 92 130 241 73 259 131 225 184 98 203 107 250 117 72 160 134 262 203 225 68 166 46 72 43 90 234 167 104 199 221 65 112 265 58 104 199 121 
120 87 170 101 160 113 250 60 169 106 170 138 278 253 115 177 155 45 182 233 108 207 82 257 87 272 38 46 282 131 193 251 152 142 120 146 112 270 121 50 294 191 197 298 198 256 154 52 119 255 218 38 277 97 294 101 217 45 240 82 284 138 223 154 273 93 116 201 227 176 53 182 232 87 287 101 300 220 241 297 56 150 255 152 133 150 108 284 188 242 140 134 39 213 297 174 149 262 92 136 146 296 174 209 237 282 72 131 127 72 40 206 200 98 124 63 252 124 84 253 278 158 75 257 276 188 198 46 283 136 73 186 196 214 94 99 287 137 63 53 111 244 46 251 271 228 43 93 155 188 262 297 290 41 237 212 
202 71 144 186 236 187 235 157 241 251 84 99 38 122 101 219 84 121 132 129 228 298 282 96 49 86 121 63 133 195 82 223 145 142 157 100 271 55 249 186 74 237 55 81 185 47 146 260 175 285 242 279 47 126 242 192 270 203 174 272 65 292 273 217 297 65 70 137 76 164 173 48 214 117 160 263 280 238 150 105 111 73 96 70 80 214 203 142 99 137 277 243 253 292 211 122 187 41 146 204 139 106 181 279 117 204 191 186 251 257 281 210 181 253 174 110 199 300 172 233 295 290 158 105 58 51 208 300 166 212 131 123 109 257 42 129 296 161 44 269 74 54 267 77 71 114 139 262 221 47 111 130 194 181 113 202 
102 241 168 52 218 203 231 230 73 97 108 300 70 187 246 222 102 199 91 165 263 142 56 279 242 134 66 121 189 97 77 269 235 174 283 37 96 79 103 54 168 219 291 240 175 132 47 133 239 99 250 176 141 242 125 192 204 211 78 37 239 40 291 91 153 211 105 220 271 174 163 299 208 53 94 62 188 147 181 243 299 178 176 175 175 95 90 218 165 85 171 71 264 281 75 131 255 46 129 140 191 274 275 228 227 112 199 205 180 296 105 248 148 60 213 97 79 84 263 61 292 84 129 54 120 180 141 110 133 256 52 259 193 73 271 282 201 277 52 191 183 122 234 291 225 121 296 239 285 72 132 200 42 264 56 83 
152 161 249 163 83 258 250 249 212 69 222 60 152 218 246 97 261 139 234 68 91 169 219 208 263 101 216 211 38 113 207 158 207 128 263 211 250 250 163 279 280 173 73 235 218 265 140 237 111 106 136 189 176 268 60 141 47 282 148 215 192 103 167 78 262 193 182 294 264 130 79 221 262 41 168 142 119 40 40 299 188 191 107 219 203 146 84 205 124 279 128 284 232 202 136 43 124 116 279 267 168 281 141 210 84 65 163 94 149 89 240 299 181 75 124 209 265 83 51 177 191 124 292 241 295 274 74 286 193 193 234 170 175 286 86 255 101 53 250 91 254 187 229 124 209 172 299 189 44 256 136 129 103 257 223 63 
100 240 124 183 237 200 295 261 191 187 202 163 198 53 292 180 161 38 248 190 120 83 223 175 59 39 109 68 108 102 203 269 207 178 256 133 57 90 285 217 63 47 201 207 65 121 195 297 207 162 158 122 58 112 186 104 246 153 256 266 190 283 86 276 233 162 260 273 140 53 134 65 248 90 51 99 109 257 261 132 143 151 274 272 232 108 82 128 230 127 258 141 230 112 97 276 169 222 249 115 246 226 168 146 193 300 103 246 243 109 75 114 201 213 42 167 249 293 80 214 106 103 179 131 235 229 236 180 87 120 255 257 264 290 228 159 50 93 103 96 209 157 116 70 261 188 184 96 245 141 220 155 282 59 139 116 
278 130 142 53 236 70 38 182 145 267 258 150 251 133 49 290 177 298 178 134 52 172 218 50 253 154 182 54 255 58 49 241 229 80 289 238 287 282 101 96 201 287 105 184 53 285 94 84 283 138 155 98 141 221 185 286 136 222 149 264 64 59 271 289 154 85 227 39 152 163 181 272 81 61 155 76 143 139 214 149 125 254 48 235 217 55 76 171 86 272 211 232 253 48 163 109 117 299 141 234 288 72 134 61 56 164 166 90 266 240 208 238 129 239 193 73 246 243 141 130 160 80 62 279 230 136 262 181 44 152 55 261 238 131 168 104 198 294 235 180 180 164 293 71 223 59 270 283 79 191 282 59 276 85 199 285 
204 227 136 288 289 46 265 104 154 123 51 48 244 90 266 47 87 112 182 159 61 284 263 98 169 93 164 253 93 281 198 241 70 217 200 87 180 59 274 164 236 120 263 174 128 288 67 110 299 42 233 158 261 73 59 157 62 67 163 48 248 139 66 260 197 130 232 257 227 281 59 97 133 122 187 265 77 184 245 271 54 204 134 253 143 82 147 93 108 259 183 238 159 227 53 205 208 278 94 223 216 247 292 38 204 89 184 138 280 170 290 58 154 181 255 300 281 46 295 217 46 243 184 292 65 201 77 189 71 173 299 72 58 197 197 275 290 238 206 209 267 54 224 104 95 140 98 154 157 247 143 98 185 53 45 149 
103 254 131 243 194 79 127 157 58 115 62 90 182 183 293 229 189 116 240 169 43 147 273 136 106 76 195 48 223 240 199 271 207 256 247 152 210 157 201 238 287 225 79 297 112 61 213 55 94 85 74 292 216 257 258 37 233 293 298 66 104 292 174 66 179 88 97 147 158 61 275 138 185 135 247 80 160 296 245 134 295 223 293 170 149 254 278 82 272 210 110 72 210 120 82 135 179 70 248 181 158 232 219 50 280 53 143 160 159 121 166 59 239 179 115 242 51 146 52 295 122 75 149 299 215 190 187 86 133 267 253 222 179 215 162 197 237 267 239 248 180 110 136 117 231 138 50 173 209 165 214 43 140 49 48 107 
166 133 280 222 195 125 64 93 268 136 184 244 279 145 55 145 247 241 107 133 77 226 219 107 167 207 162 46 120 130 270 160 160 102 242 288 221 222 297 259 89 285 125 86 231 192 239 291 297 280 215 99 43 253 118 171 141 160 273 169 213 167 97 281 235 111 105 59 289 220 256 215 115 117 208 116 211 190 254 253 49 125 59 238 193 65 274 117 228 232 91 244 107 49 167 46 153 265 189 272 185 289 205 66 233 199 219 102 269 100 165 280 223 191 216 278 189 184 97 42 243 167 136 70 115 102 265 208 114 68 238 46 181 76 215 299 83 173 60 171 221 123 108 139 203 158 263 84 257 81 89 162 178 62 255 208 
116 136 183 47 69 272 219 86 283 197 231 195 210 198 284 291 41 169 155 111 78 66 158 112 252 292 99 244 138 235 58 161 86 197 81 282 178 38 54 240 133 219 237 178 245 226 115 200 299 160 90 132 215 274 213 162 95 209 79 209 274 111 63 130 162 247 55 297 89 100 181 91 258 184 89 191 100 41 112 95 43 127 161 89 71 280 70 96 65 255 253 193 91 195 183 83 247 252 144 54 91 68 201 215 163 107 243 163 159 275 205 179 95 205 127 182 37 100 215 181 106 272 284 115 227 190 58 155 109 126 125 159 55 68 234 102 71 276 266 141 295 168 40 89 193 148 85 204 289 236 233 151 98 140 141 79 
84 223 271 251 109 52 246 212 261 190 55 61 270 67 295 254 227 272 114 196 296 243 67 259 291 97 260 38 146 177 129 110 229 152 144 178 269 158 163 262 181 217 258 247 288 216 274 53 52 43 187 42 133 162 113 170 212 107 88 276 153 152 126 48 55 88 203 41 288 252 132 77 56 189 297 114 142 52 283 67 240 218 202 227 87 177 166 146 203 154 125 270 120 41 148 148 289 70 273 111 147 150 216 168 78 73 149 46 111 261 42 280 289 203 97 233 78 144 180 242 129 55 242 127 109 124 53 59 251 164 234 133 296 108 121 271 181 95 238 228 75 124 270 131 71 95 254 65 186 223 273 75 100 176 296 276 
114 266 263 68 102 97 118 50 86 126 85 43 191 174 283 156 43 186 73 68 296 47 90 165 228 254 142 133 78 287 167 232 127 169 51 56 80 85 44 135 221 212 253 148 235 222 94 181 54 237 209 228 38 105 133 213 243 85 83 295 199 82 55 297 298 211 49 150 108 40 189 204 182 223 80 242 162 47 61 96 76 215 127 267 201 79 271 121 272 237 231 129 117 107 112 247 53 246 233 167 87 162 90 200 104 85 88 100 194 41 201 124 110 126 298 192 247 232 183 232 217 180 300 245 66 40 185 291 232 276 123 235 67 52 129 172 188 199 235 106 109 261 122 258 251 124 180 124 50 291 199 98 80 219 104 176 
221 283 108 109 249 140 166 105 175 292 50 231 264 118 194 237 155 193 248 97 195 104 59 71 290 210 173 64 253 243 60 205 247 203 199 172 82 85 92 42 187 171 183 130 230 160 69 285 235 78 98 162 263 201 160 256 237 132 178 146 166 146 160 298 183 184 171 97 98 41 259 293 96 258 182 116 278 95 300 161 293 149 41 221 78 169 251 159 269 257 245 63 77 162 268 175 213 242 55 227 234 271 76 267 165 255 56 206 294 161 143 89 193 300 102 169 152 127 108 205 81 121 296 296 170 42 87 237 74 217 37 115 225 95 78 147 50 187 133 288 168 80 245 247 240 189 62 39 270 43 299 274 242 76 137 236 
131 137 122 108 44 77 59 104 263 193 147 38 208 207 165 49 211 275 271 233 89 190 92 126 110 221 247 229 174 170 162 268 274 281 285 187 117 46 250 179 277 133 265 92 286 194 128 106 40 154 53 95 172 113 151 167 242 285 202 183 80 147 257 47 46 185 296 298 37 76 266 292 57 251 193 84 76 51 213 50 94 61 223 226 106 53 150 97 210 195 58 167 101 39 294 126 216 65 211 187 123 79 51 162 85 299 123 70 211 108 109 234 181 116 293 113 281 233 226 149 245 88 175 198 135 239 171 65 63 145 190 171 143 192 93 238 281 69 55 292 210 188 185 121 206 87 78 254 148 175 171 194 147 74 259 44 
221 201 71 151 115 97 264 197 145 277 247 111 292 258 61 243 105 43 38 296 135 278 260 102 120 54 129 105 44 274 253 152 215 38 161 81 108 297 242 255 226 95 122 134 262 48 116 102 72 209 247 190 98 177 69 155 135 102 300 250 193 129 68 194 86 119 42 78 203 73 68 225 161 223 78 162 263 89 205 59 136 94 123 228 255 272 226 237 208 151 275 108 121 269 153 60 177 274 58 71 95 282 86 300 270 171 99 252 136 43 184 226 136 218 121 74 101 171 74 284 204 89 200 48 44 120 268 147 88 265 49 187 136 202 120 264 226 141 289 100 144 216 77 172 289 141 290 119 52 83 215 86 129 260 41 277 
243 136 77 282 92 171 238 59 247 50 193 276 44 60 279 225 287 190 180 41 130 271 238 228 292 94 63 278 274 208 215 244 37 255 43 238 44 135 178 278 147 115 42 289 84 143 151 59 261 255 100 296 299 216 253 168 110 69 99 58 44 198 105 124 130 124 272 74 112 191 270 117 181 67 196 166 91 240 207 292 59 146 174 258 260 273 86 268 209 49 115 227 217 220 273 94 99 94 146 260 48 202 208 72 91 84 300 60 87 222 176 289 297 70 155 62 86 232 203 263 269 48 103 248 128 259 45 298 79 231 210 228 277 88 168 206 151 284 269 203 211 89 106 181 133 245 256 253 224 47 66 90 163 60 295 265 
217 196 222 255 270 110 56 220 214 161 256 160 232 269 286 50 212 193 132 262 81 70 272 206 178 252 84 277 58 84 298 240 277 197 44 46 40 211 171 65 180 61 62 133 71 110 78 201 156 254 247 68 52 145 66 274 293 225 193 135 218 264 89 283 147 128 223 278 278 62 293 205 78 284 132 262 227 86 134 249 250 280 300 128 287 118 101 96 232 124 152 96 275 255 244 194 107 76 238 80 279 95 60 176 188 94 264 155 100 255 94 298 222 175 193 178 264 245 218 226 99 103 107 266 190 187 91 54 222 88 187 227 100 222 273 290 46 267 186 147 243 288 294 139 241 100 182 153 218 95 265 205 279 241 288 186 
250 131 214 190 106 206 252 144 283 100 188 49 125 188 76 46 215 161 181 45 194 237 149 253 82 138 290 259 179 49 288 131 112 135 84 60 282 101 242 214 286 55 252 232 184 55 196 93 232 258 205 239 178 107 292 288 282 127 84 164 207 153 251 107 287 255 231 125 91 61 221 62 53 256 227 277 63 261 140 64 78 243 284 170 71 111 141 192 185 255 137 80 259 216 176 122 95 227 133 107 279 206 236 72 55 128 239 105 43 167 282 166 130 221 283 294 131 215 102 237 79 128 215 181 48 222 185 57 208 228 135 110 285 216 297 235 100 285 193 147 155 83 223 280 131 270 298 194 166 213 175 232 149 155 159 102 
253 115 220 120 171 208 252 54 54 195 98 112 156 169 161 228 279 83 282 53 121 119 168 230 94 55 186 184 50 193 209 185 251 63 82 190 55 96 214 273 41 239 120 222 192 250 55 187 176 134 141 158 37 96 135 284 245 215 46 70 126 41 148 262 120 163 155 84 124 229 211 298 86 108 203 230 70 186 58 113 213 227 190 115 174 146 45 121 139 68 50 98 258 234 194 119 287 269 151 113 179 189 245 167 45 83 43 63 281 103 60 277 278 84 286 267 37 219 283 256 62 270 287 179 221 262 41 249 133 166 134 94 83 298 121 137 247 202 215 178 54 139 155 112 172 112 173 70 144 245 81 127 288 148 205 226 
