16 27
38 56 23 20 41 19 39 11 31 41 38 11 15 29 16 14 30 29 48 49 50 19 15 12 24 13 36 
8 8 15 20 56 23 24 19 33 35 30 29 31 22 14 28 44 38 33 49 52 49 19 49 53 8 51 
18 44 34 19 37 31 38 44 54 21 38 54 21 30 8 36 32 26 56 44 15 50 53 48 18 54 45 
36 30 20 47 33 31 10 19 8 20 29 46 21 20 42 53 16 50 53 41 56 18 38 30 57 20 19 
47 40 25 53 29 21 44 19 15 40 40 13 35 17 50 28 8 34 48 16 50 51 16 45 8 42 12 
25 33 50 58 41 57 11 22 43 27 37 38 45 17 52 31 13 23 55 12 33 20 47 41 34 18 16 
51 24 35 30 44 58 11 41 58 8 38 46 18 57 21 40 48 14 23 30 27 15 10 46 34 47 27 
35 34 22 8 41 49 37 42 35 19 43 46 18 41 38 22 57 25 14 54 29 29 24 55 21 47 57 
58 38 56 25 20 55 17 20 33 49 22 55 25 55 26 27 55 10 45 47 38 42 58 52 30 26 51 
46 29 52 18 16 38 22 11 23 39 43 33 57 38 57 24 46 50 21 55 20 37 18 50 53 11 29 
9 40 38 47 23 24 37 30 45 35 31 34 26 47 20 18 28 23 54 53 24 35 32 20 49 46 32 
39 52 51 39 56 57 40 52 24 52 35 43 21 11 19 57 27 16 55 24 36 51 50 22 43 8 20 
32 21 33 15 36 35 11 11 19 39 25 51 30 12 29 23 58 25 30 35 41 27 39 27 33 27 8 
54 20 28 55 49 12 52 33 29 32 43 8 55 18 29 47 36 17 11 41 41 41 45 43 40 46 29 
44 51 52 34 58 42 9 56 58 21 28 43 56 48 12 14 12 53 56 33 31 19 18 38 15 10 22 
17 45 28 43 45 22 34 33 55 35 10 11 39 25 13 37 38 11 24 29 23 34 53 18 13 17 42 
