58 50
144 106 131 154 79 50 54 129 30 147 133 69 99 30 125 51 35 119 43 74 90 99 89 147 144 133 116 148 112 33 145 135 131 70 66 76 92 135 111 39 123 143 70 61 96 92 98 77 77 30 
36 35 79 45 127 34 147 40 89 23 113 72 112 60 94 82 122 93 84 41 125 24 94 78 80 135 118 80 97 126 52 127 100 75 78 42 126 68 146 41 83 114 98 81 44 115 121 105 72 66 
43 147 83 144 41 101 146 42 88 91 146 149 78 29 133 64 39 120 151 70 85 53 86 134 52 52 58 21 52 151 98 109 31 133 32 127 61 105 137 154 126 87 73 92 46 41 135 50 131 149 
125 62 65 51 100 70 65 88 149 142 138 81 126 143 104 154 37 155 48 115 55 150 85 63 151 122 102 26 155 63 27 130 129 132 58 99 31 27 89 116 143 61 149 91 84 133 153 98 27 74 
90 131 76 155 89 90 90 74 69 67 35 113 36 104 102 117 58 72 33 150 72 78 52 92 97 53 111 61 32 57 82 31 50 43 123 139 46 139 143 78 62 25 76 79 129 46 70 128 105 45 
127 27 70 111 49 111 87 124 114 48 31 89 115 91 83 32 120 42 83 83 134 87 30 55 138 93 142 106 122 62 123 138 102 36 133 91 104 49 98 53 153 99 103 64 87 152 117 60 30 66 
41 37 125 122 117 67 95 95 76 62 69 151 119 151 34 117 136 129 25 115 94 104 151 90 66 112 84 106 66 112 63 39 38 45 69 24 43 114 22 103 41 72 43 82 47 83 37 34 99 115 
31 126 21 62 36 49 38 41 123 147 58 124 103 51 54 61 31 68 117 80 116 80 30 87 102 74 79 113 55 155 134 95 22 140 43 140 56 143 37 88 38 113 111 151 69 88 140 103 115 58 
151 32 63 69 46 104 124 142 99 77 120 131 154 90 124 37 136 123 59 154 149 97 94 124 77 104 57 92 132 63 37 22 50 119 66 93 52 46 53 124 112 55 23 49 32 62 81 33 126 125 
26 40 113 120 33 79 73 147 103 144 109 65 113 118 136 113 36 44 115 118 52 21 129 127 82 23 151 141 72 29 91 147 30 107 120 97 38 118 117 30 48 135 85 76 38 66 38 77 58 104 
32 82 143 38 122 114 67 100 81 52 93 92 119 69 34 29 108 91 39 92 123 51 119 111 132 96 110 145 140 48 83 90 134 80 27 125 108 95 106 137 63 72 130 51 120 64 151 77 126 53 
127 66 113 103 62 81 60 125 77 136 139 29 79 133 109 82 86 142 76 72 59 45 78 95 60 31 78 96 30 117 119 44 76 23 54 130 83 115 139 101 44 69 44 105 52 148 121 104 100 136 
84 61 94 107 27 105 23 115 103 104 33 62 27 27 31 39 107 121 21 148 75 35 145 79 59 79 145 54 97 127 27 112 51 102 89 48 79 140 145 147 48 85 23 148 94 35 150 22 37 127 
121 98 107 109 98 63 26 109 148 83 59 94 105 80 127 121 95 116 42 82 140 36 78 125 110 39 94 67 154 145 33 51 106 61 103 136 53 139 103 70 146 118 134 68 62 140 137 22 67 154 
150 81 116 152 147 60 136 91 31 130 47 33 60 77 65 113 100 64 113 154 101 131 45 144 41 65 155 80 87 147 36 66 106 90 72 60 22 48 56 28 51 99 69 113 104 119 142 138 31 22 
101 91 147 67 23 65 73 85 128 60 42 141 47 124 39 136 98 114 89 132 35 96 51 151 106 33 99 65 40 101 134 128 136 87 141 21 23 25 112 118 119 100 73 38 39 80 24 107 74 136 
109 76 108 42 73 135 107 49 120 135 78 44 100 46 59 77 80 49 107 50 50 102 87 39 64 68 73 134 120 66 32 111 128 94 51 96 115 68 149 102 105 91 148 53 99 111 105 123 101 60 
65 109 33 133 149 55 130 107 104 24 89 84 104 141 46 155 111 103 115 138 86 125 62 53 143 58 25 47 57 144 22 82 33 79 153 126 145 146 48 150 101 143 68 124 105 39 75 117 45 46 
38 69 109 120 153 30 34 107 147 103 68 67 85 134 29 52 118 114 39 45 59 45 71 155 80 59 146 63 143 21 94 124 120 23 127 81 22 113 76 153 120 109 75 30 133 144 72 137 148 82 
128 142 81 130 137 34 23 35 24 147 123 67 153 73 87 27 42 129 34 53 47 59 71 82 136 81 108 142 146 42 55 75 149 119 115 31 150 105 119 96 99 108 106 98 135 91 142 83 49 146 
57 111 145 69 64 35 69 50 93 30 90 96 124 113 145 95 144 121 40 95 101 53 49 99 106 116 65 36 77 94 127 143 153 73 66 106 22 79 123 143 116 143 42 67 61 117 139 45 100 62 
82 58 84 60 43 32 109 110 105 53 123 135 146 62 123 114 124 109 37 141 21 79 95 125 151 111 81 44 119 37 129 101 86 76 136 37 47 145 22 57 51 61 139 142 40 70 94 90 131 46 
62 36 28 146 125 111 68 81 92 23 26 70 95 144 39 89 35 112 148 103 31 114 44 130 153 66 64 96 104 151 147 49 121 94 155 25 152 125 96 154 107 118 60 74 114 47 98 68 110 105 
45 143 111 97 70 104 89 90 94 97 139 89 62 51 134 43 108 30 104 67 97 108 134 27 45 95 75 79 131 111 45 155 53 150 108 42 154 100 138 62 133 25 31 91 50 96 56 150 147 95 
90 70 86 146 141 122 27 125 88 71 81 151 28 154 120 112 25 67 123 59 22 41 38 93 103 133 94 76 106 80 130 92 143 45 113 29 105 109 116 37 86 107 28 100 41 43 62 110 120 48 
45 24 34 85 61 43 120 65 138 25 132 112 64 77 129 62 98 21 98 102 31 138 69 151 29 49 104 131 52 81 117 78 72 116 96 90 113 112 63 34 144 27 52 42 80 40 74 141 147 78 
87 76 34 92 99 90 146 69 132 24 23 67 69 65 153 107 53 147 118 63 131 38 148 140 51 25 142 100 23 117 24 106 114 79 130 34 145 68 84 39 37 104 90 31 136 79 76 107 101 129 
103 59 139 62 154 29 75 141 129 135 126 120 47 61 76 137 83 115 64 108 117 90 109 49 67 134 68 76 150 141 150 40 47 82 83 42 79 82 104 99 45 52 89 129 73 139 43 100 125 51 
26 58 30 52 153 80 50 90 127 122 145 147 119 56 152 85 137 33 42 123 152 62 92 83 31 39 92 76 115 27 134 31 88 85 51 116 82 22 141 25 56 148 139 39 96 82 144 110 68 81 
75 155 129 84 121 100 154 76 38 67 22 50 150 88 144 110 82 133 76 30 145 44 147 96 92 106 89 35 107 59 81 43 79 28 77 56 141 49 41 107 91 41 102 30 67 27 82 139 23 48 
112 139 143 122 110 67 101 55 80 101 53 72 106 111 131 38 145 77 56 93 131 23 31 106 39 110 41 114 35 128 25 141 131 36 94 154 70 112 29 100 119 60 145 109 45 43 49 56 135 150 
127 143 98 73 115 116 140 51 82 140 118 58 44 108 138 133 21 104 134 37 26 67 81 72 106 88 92 39 25 34 89 139 65 139 80 122 42 67 95 31 129 87 98 29 37 117 78 92 71 133 
87 61 111 95 46 26 152 29 116 67 127 62 84 117 49 87 87 46 49 144 30 32 135 77 82 57 114 24 122 29 77 118 140 136 105 134 54 94 46 44 106 92 121 152 56 95 78 85 148 92 
46 94 106 130 116 52 137 84 76 94 108 83 30 146 108 53 142 110 115 63 60 44 96 128 93 87 110 121 66 127 145 49 58 125 48 109 118 144 143 97 147 93 39 135 86 151 132 103 60 95 
138 42 108 27 44 41 60 59 77 141 65 64 100 123 108 108 47 59 99 27 121 111 147 114 151 65 83 37 55 150 143 76 127 139 134 23 49 89 87 83 68 140 43 121 58 152 29 136 55 103 
84 123 114 87 144 44 147 36 118 105 123 152 41 47 56 53 34 130 61 112 109 106 114 138 130 134 143 145 33 43 31 97 49 56 52 149 109 36 93 133 48 145 109 21 54 45 129 137 135 57 
110 35 62 92 145 94 101 44 99 108 67 44 130 41 135 112 104 24 55 136 89 75 121 40 78 119 116 26 118 102 119 58 150 41 106 120 64 37 141 56 44 98 115 91 34 32 64 134 93 114 
67 39 133 72 136 143 153 97 30 122 22 100 22 112 69 64 58 141 136 134 141 97 153 23 81 57 135 108 152 27 59 123 76 61 122 145 53 127 122 21 55 67 144 150 45 152 121 126 84 86 
120 81 130 123 144 49 63 88 107 144 79 59 88 46 148 153 21 135 31 99 100 21 145 151 85 145 34 143 63 64 91 136 153 117 150 47 124 56 79 44 76 39 140 101 52 136 60 113 25 112 
70 23 110 63 133 33 77 76 108 78 42 67 89 36 22 48 138 60 111 148 74 55 152 85 56 134 66 130 127 151 129 121 78 90 139 151 53 101 120 44 92 117 153 58 65 127 125 121 91 96 
68 142 143 78 83 118 77 150 31 83 69 25 55 37 34 130 68 128 122 96 106 112 50 105 31 28 44 153 121 45 60 23 115 153 52 134 121 97 138 58 66 37 22 64 36 75 95 87 144 95 
22 122 137 85 130 125 106 33 32 95 68 139 24 47 86 71 108 127 140 41 65 141 65 22 90 150 90 21 62 106 22 113 123 154 38 135 105 143 81 113 33 28 21 121 111 119 94 43 58 38 
150 42 79 60 116 52 83 34 113 65 60 94 75 48 149 49 73 140 104 34 45 124 130 128 142 150 46 27 100 145 92 67 32 131 23 121 43 131 86 122 55 126 115 121 61 36 82 36 98 109 
151 57 39 44 150 51 148 114 147 124 121 56 34 46 93 28 61 47 60 78 60 90 73 37 61 117 74 86 102 131 74 90 121 35 82 71 81 132 94 109 47 49 149 57 128 98 110 45 150 93 
96 138 106 63 23 22 41 102 111 99 62 120 58 143 116 52 108 96 134 48 70 71 77 144 59 35 79 79 87 149 67 40 25 68 130 44 55 122 40 64 101 98 99 140 39 115 65 129 32 82 
119 96 24 34 24 106 117 110 38 97 99 144 94 69 74 87 114 145 56 67 107 120 127 91 81 62 43 102 48 66 62 127 155 39 77 102 66 28 91 143 96 34 83 107 48 119 87 61 115 86 
141 31 84 38 125 134 151 118 52 97 76 137 141 70 65 62 144 148 101 38 143 57 52 93 44 50 55 87 86 110 96 147 128 65 63 127 73 40 132 142 59 133 110 71 102 44 85 121 141 118 
56 117 143 127 149 42 82 95 24 70 41 108 96 98 64 105 98 81 107 146 146 106 112 141 40 27 128 133 57 118 149 126 43 144 146 41 92 134 37 22 87 25 79 78 153 107 30 140 101 98 
136 65 59 76 97 28 79 28 78 37 58 107 148 56 140 124 127 149 42 136 111 123 106 36 63 77 52 39 77 117 107 27 54 146 120 84 32 68 61 121 66 84 145 109 152 132 108 93 131 147 
90 150 61 89 155 118 87 26 61 147 44 60 144 55 145 37 100 47 64 104 154 119 116 49 45 127 33 37 65 82 103 90 71 101 95 150 80 108 44 55 102 86 110 100 152 91 60 24 132 155 
43 116 97 93 41 59 101 48 82 107 23 148 153 114 31 154 74 69 44 47 95 133 55 132 22 23 114 36 114 36 101 78 48 155 39 72 101 134 118 33 27 134 155 147 119 113 115 45 62 50 
130 62 100 81 68 135 86 133 87 31 97 63 82 67 94 36 82 55 66 106 111 88 52 45 47 88 81 99 81 37 23 63 52 83 77 52 121 87 75 31 131 101 82 69 53 46 92 92 44 131 
126 101 112 91 64 123 122 82 137 136 29 25 147 114 142 89 86 72 150 95 69 152 123 100 123 116 30 57 86 138 107 50 92 124 80 145 66 60 80 138 67 39 27 120 98 49 95 67 77 133 
90 74 67 72 129 151 26 45 108 145 52 75 71 60 111 140 124 114 31 76 92 44 34 151 59 145 33 119 126 59 80 103 148 94 42 102 42 95 146 25 147 105 101 37 70 32 59 126 24 124 
27 144 110 102 153 90 73 62 147 31 142 38 33 104 106 154 132 123 153 75 84 105 25 79 68 56 21 102 51 22 138 99 131 114 146 65 41 136 133 120 27 85 141 104 108 151 128 40 107 151 
91 93 125 121 124 81 65 143 100 104 89 49 154 152 73 68 134 84 87 53 31 109 30 97 110 45 102 107 109 155 136 137 64 82 36 133 91 142 32 95 142 121 24 145 78 130 56 101 105 31 
72 95 154 129 44 58 26 21 114 59 121 136 149 71 125 28 69 148 94 101 136 69 131 47 23 137 117 35 145 34 43 120 143 24 141 91 25 139 64 52 46 41 75 66 151 53 117 23 154 25 
66 73 48 107 90 27 100 110 87 105 108 95 120 111 87 69 51 155 122 96 146 112 125 149 96 119 137 105 48 113 34 55 117 131 40 91 83 137 83 59 149 95 75 82 68 104 142 136 116 22 
