34 81
87 97 110 19 86 100 140 83 137 138 110 26 105 115 140 76 58 132 38 144 127 59 63 69 88 19 49 126 133 71 108 117 89 126 55 87 84 22 59 61 91 51 32 121 145 63 19 56 104 121 83 89 85 67 72 113 88 84 43 66 69 122 72 63 80 130 113 63 121 29 123 43 96 25 24 22 98 118 56 23 75 
56 110 118 89 48 90 99 97 117 33 66 86 57 135 85 131 86 45 97 63 88 117 113 75 100 25 90 89 93 121 50 59 107 55 103 86 99 141 27 52 101 137 74 139 70 21 41 100 103 90 33 63 47 50 56 116 69 83 121 28 57 60 30 68 71 84 113 59 71 94 91 69 23 77 114 96 116 78 115 140 45 
92 39 64 143 33 101 99 115 98 114 123 91 75 55 140 132 88 31 36 82 51 48 42 134 54 25 120 22 112 53 61 35 115 97 48 115 30 42 62 51 64 130 111 33 90 33 106 103 61 69 82 126 89 116 32 55 115 101 33 134 35 50 91 83 79 137 37 87 107 132 87 72 85 55 23 105 134 71 92 54 99 
129 44 79 134 66 142 53 34 72 74 46 121 125 120 72 130 35 92 70 49 49 45 132 112 98 60 28 82 93 133 70 23 57 70 79 92 130 131 22 72 116 21 122 103 111 79 27 142 115 59 76 131 61 95 65 73 33 74 46 44 96 49 114 131 24 90 145 92 96 52 117 76 107 61 95 80 37 63 103 83 141 
76 130 93 121 57 92 128 82 90 21 102 19 88 28 68 145 73 50 118 82 130 119 132 116 54 90 123 136 80 87 34 75 74 133 31 127 44 65 25 37 47 84 61 131 145 43 91 105 29 83 127 21 115 74 44 27 143 112 24 72 52 21 44 74 144 129 19 52 84 95 134 135 45 116 86 129 37 21 50 28 133 
35 56 49 51 32 99 58 132 46 62 93 67 89 144 117 35 32 104 59 115 44 27 58 99 136 59 44 126 84 24 120 96 81 70 113 27 55 57 110 123 45 111 134 124 97 87 123 49 30 64 138 115 43 27 59 138 39 96 101 51 104 70 25 41 28 53 110 41 80 29 31 123 132 145 75 138 118 103 88 144 54 
21 92 106 99 43 86 131 114 36 89 127 94 96 82 141 68 124 133 132 60 106 121 62 94 117 122 60 98 27 75 63 49 86 49 142 103 88 31 83 22 72 124 70 72 108 78 95 24 121 89 122 76 101 118 24 102 85 48 140 126 43 91 96 96 82 81 68 75 27 111 43 64 121 139 22 62 90 121 21 104 117 
92 131 92 58 85 145 81 78 72 25 40 64 93 67 25 71 82 21 51 85 108 98 44 76 136 35 100 135 134 81 143 26 64 59 85 121 28 87 92 106 108 45 70 102 101 93 60 82 138 54 69 75 126 118 26 61 64 71 101 51 116 95 117 128 135 107 30 33 23 54 79 25 140 56 70 144 88 76 45 129 31 
127 51 43 89 19 82 47 69 139 113 134 134 50 129 37 113 126 44 144 95 50 116 49 95 80 30 31 93 85 96 70 118 116 50 142 121 132 40 110 115 28 69 143 74 94 40 110 145 143 125 23 84 104 34 116 99 56 76 85 100 101 74 120 68 65 134 115 30 67 115 47 113 72 33 77 20 40 101 42 61 90 
23 100 29 39 53 137 98 91 89 95 41 20 106 90 129 52 119 63 84 111 24 141 38 19 82 27 129 120 58 143 141 71 131 20 38 97 20 131 108 70 80 85 41 29 72 26 113 75 82 67 110 80 126 142 74 28 40 69 119 99 52 59 110 98 85 41 38 53 44 86 89 51 74 48 46 102 114 69 27 42 116 
54 135 85 21 28 89 51 125 125 33 32 103 52 134 100 46 145 33 97 114 100 72 127 100 87 74 126 131 87 83 23 58 54 130 20 89 139 145 75 53 89 116 143 108 104 84 43 45 29 87 84 98 116 32 56 69 26 84 26 23 50 51 137 140 76 135 80 71 26 134 129 58 92 45 62 103 45 141 61 126 134 
91 35 131 56 20 141 26 41 109 22 84 33 27 23 94 101 142 110 109 105 133 27 124 110 83 88 132 67 62 74 92 116 129 132 99 71 23 84 27 35 129 120 110 84 53 133 38 88 80 127 91 134 45 130 120 98 47 61 119 76 50 39 125 109 107 96 22 32 108 145 132 141 61 111 26 105 117 65 99 102 75 
58 42 102 97 76 48 112 88 108 122 90 123 81 40 105 126 65 55 45 28 108 30 86 29 80 21 93 19 88 30 54 82 124 123 101 78 56 47 57 45 143 82 95 125 114 42 63 106 91 111 62 114 50 53 82 93 24 41 30 145 133 104 83 111 83 117 69 102 41 132 69 78 119 71 62 91 89 83 52 36 136 
107 136 139 94 31 61 138 109 37 122 58 49 89 57 132 105 79 52 102 43 78 135 43 30 48 57 130 120 132 113 107 76 95 47 68 19 62 59 116 29 96 48 30 94 145 68 50 21 62 68 82 113 43 87 120 36 101 128 42 114 32 141 74 82 137 57 70 21 117 92 53 29 56 94 24 69 59 62 97 90 131 
114 117 91 70 117 51 84 74 40 78 138 145 128 137 112 46 22 126 87 51 20 43 139 24 145 73 62 132 83 71 95 107 36 99 108 85 141 31 32 77 50 54 51 78 45 66 33 27 30 41 114 111 62 127 44 106 57 27 73 37 28 92 114 67 36 120 81 141 46 73 33 95 127 111 128 84 95 85 134 39 20 
67 39 39 36 36 109 43 49 65 21 95 22 102 141 102 40 89 93 55 80 133 25 124 98 78 47 37 76 103 108 43 28 20 92 97 108 81 100 86 58 50 115 122 41 110 78 55 73 111 143 22 87 116 111 40 142 116 41 77 140 106 71 145 71 44 36 43 51 136 80 117 126 52 95 71 39 71 123 30 139 112 
139 127 138 118 57 110 35 68 125 99 36 143 51 70 142 100 52 29 112 19 22 23 19 77 119 28 68 138 132 140 95 87 28 79 27 59 45 95 36 107 96 130 124 90 114 59 82 91 112 83 138 127 64 79 112 80 137 91 31 29 132 123 22 104 54 103 34 54 46 26 129 98 49 77 108 145 111 113 89 120 97 
116 77 40 138 66 117 89 138 110 63 44 56 106 104 48 120 49 33 36 70 63 19 99 116 114 43 63 67 111 82 110 54 50 113 45 76 21 111 72 143 68 21 35 133 103 128 128 39 27 128 139 38 122 145 120 90 37 93 64 35 62 90 50 71 60 145 120 143 120 142 68 93 83 117 67 128 126 103 117 44 38 
19 55 39 128 42 109 61 33 140 49 117 115 108 132 24 86 52 57 125 33 111 68 97 30 34 141 95 76 143 118 30 81 142 60 74 140 99 85 22 45 46 118 69 50 116 107 76 70 67 105 114 79 20 126 42 44 64 74 126 113 88 43 58 40 22 120 59 98 58 145 141 19 29 65 71 25 63 59 55 87 22 
75 100 75 98 119 114 143 94 145 105 23 133 134 98 58 52 143 74 73 135 73 113 39 27 136 85 87 134 132 80 99 105 100 126 100 48 117 31 93 117 58 75 109 64 73 38 38 87 112 110 25 21 100 58 71 83 139 116 38 106 47 58 68 100 135 137 113 54 141 59 55 100 102 127 49 30 117 57 137 89 76 
79 43 139 31 131 86 88 79 77 62 113 94 61 102 142 78 127 82 24 24 120 71 113 130 133 30 28 84 119 145 124 36 49 99 135 114 23 66 40 33 55 100 141 130 72 52 100 22 123 110 94 55 45 60 74 67 130 130 29 122 100 112 105 57 136 45 133 39 98 126 33 29 44 104 23 84 117 34 60 138 66 
50 121 84 98 77 137 33 72 45 108 70 47 96 47 26 109 123 104 73 122 135 19 30 81 33 78 82 129 51 94 30 69 25 72 34 63 61 42 94 76 120 67 89 44 36 72 27 33 72 127 46 33 95 46 75 109 105 87 68 90 105 119 133 24 31 136 25 23 83 21 135 49 70 53 31 85 132 23 88 144 27 
130 120 59 22 141 20 121 38 70 59 143 86 30 66 116 78 102 123 100 94 27 110 58 125 77 77 81 83 99 58 72 122 142 135 84 61 56 46 141 68 144 143 86 144 75 33 69 51 113 83 73 58 113 46 91 145 117 94 107 109 93 103 132 123 41 140 38 115 145 28 112 60 26 94 145 50 104 47 22 104 39 
116 144 68 55 41 41 125 128 22 27 51 32 92 38 58 66 124 144 92 114 34 137 136 40 20 72 102 64 69 28 136 101 116 46 100 115 137 100 62 44 129 120 143 41 79 57 89 44 23 22 35 22 77 111 48 104 90 47 89 135 134 54 63 124 56 59 141 22 71 116 94 27 115 75 117 102 71 107 131 42 94 
105 122 30 117 94 63 119 45 26 63 92 89 103 59 25 105 120 54 116 21 104 111 89 135 126 92 37 144 25 110 93 36 93 35 20 59 54 75 83 75 138 90 68 112 96 51 86 120 84 94 79 122 120 140 92 34 38 76 33 65 66 82 86 123 115 93 108 132 135 114 100 61 44 111 44 67 115 101 57 32 94 
142 75 66 131 88 128 110 131 73 120 55 144 116 137 68 82 121 129 127 128 89 124 82 75 75 103 145 34 26 38 96 82 90 123 125 20 117 135 97 116 106 55 19 85 32 87 33 69 71 25 35 127 45 79 33 98 70 52 104 141 33 117 133 20 84 84 138 84 27 32 54 138 71 77 70 140 39 133 131 71 39 
90 48 135 35 128 138 19 61 56 21 135 78 93 34 44 34 53 135 31 128 90 111 119 130 145 130 83 102 65 31 115 122 93 41 71 119 23 55 38 23 127 48 129 134 129 141 77 105 101 99 116 102 55 91 26 70 72 69 122 63 31 113 143 49 24 96 141 114 130 21 136 67 127 28 30 46 106 104 82 88 20 
77 122 26 24 139 117 71 26 85 107 33 31 66 141 59 111 107 87 96 27 93 87 53 21 128 28 51 138 34 64 43 86 65 129 103 73 91 53 61 22 61 68 122 40 31 132 22 47 44 74 19 34 144 80 110 133 79 112 144 62 103 61 33 46 131 129 42 126 113 48 105 53 82 70 72 133 91 46 72 136 66 
46 109 62 118 91 115 125 66 42 67 67 50 30 130 129 30 25 67 86 56 97 27 92 48 89 142 111 22 117 92 26 36 122 81 128 28 139 84 21 86 138 81 73 71 94 30 31 98 145 30 81 99 110 31 81 63 144 90 129 54 102 102 97 132 71 45 94 89 24 36 67 88 118 75 93 45 31 77 64 109 86 
40 92 111 36 82 69 40 37 58 71 104 58 131 80 99 93 116 61 81 97 132 113 89 125 74 123 58 44 113 127 34 132 92 78 30 117 23 81 98 120 77 41 37 75 87 51 135 34 40 96 107 112 25 108 44 81 106 134 130 117 111 103 41 86 62 96 124 125 88 120 43 21 56 126 36 38 141 74 127 44 74 
120 85 118 145 105 119 81 87 71 107 24 61 102 118 55 84 54 94 133 134 34 132 43 32 134 113 114 93 55 32 55 105 33 136 76 36 132 36 129 60 112 31 86 77 83 69 54 50 94 98 120 30 31 61 20 61 103 87 140 129 130 139 38 25 86 66 110 142 66 95 20 80 28 142 27 36 108 24 136 109 74 
102 104 31 39 105 80 75 46 110 111 62 34 39 132 121 128 140 139 26 144 36 89 85 75 114 119 72 88 56 142 43 88 27 19 21 95 103 141 138 81 144 67 92 112 34 135 47 114 57 110 144 67 51 82 19 106 78 39 74 41 59 83 20 76 115 95 145 78 90 27 71 47 102 87 54 49 114 136 102 98 91 
21 75 27 22 34 86 73 106 138 66 83 122 130 88 81 42 85 50 101 48 113 88 140 94 32 38 141 89 139 85 113 85 27 39 56 27 24 120 35 90 47 80 54 24 117 48 122 65 47 19 126 26 52 145 26 44 60 141 26 89 60 57 37 80 77 138 44 93 40 85 24 117 71 29 25 128 43 96 70 135 68 
99 88 26 42 95 107 77 116 93 80 70 110 86 110 57 25 99 103 61 112 90 52 97 43 90 45 101 73 47 23 145 28 85 31 116 71 38 127 138 53 132 21 50 30 124 40 72 24 43 74 96 56 113 106 130 95 61 133 65 34 111 56 57 99 34 96 49 37 91 60 112 23 131 49 127 110 125 144 129 138 93 
