76 133
318 71 164 286 138 57 293 179 101 271 44 199 322 148 314 292 72 316 150 188 206 49 54 163 225 324 297 264 334 257 256 337 211 265 251 298 275 324 83 327 45 225 158 306 287 116 232 304 139 348 318 265 335 271 207 239 185 214 262 352 273 305 210 219 88 249 163 235 254 351 341 82 165 301 341 96 279 324 169 174 169 159 163 299 121 337 112 224 134 275 246 259 206 182 337 103 124 341 258 249 341 93 153 292 161 232 353 244 292 85 278 350 105 205 216 135 347 256 97 168 331 302 323 338 106 321 121 120 153 299 61 185 324 
230 62 242 321 182 234 193 183 208 303 242 327 351 271 179 111 109 47 143 105 82 261 78 303 82 64 77 139 217 254 299 126 246 229 45 314 218 196 101 227 61 230 89 344 87 347 193 294 270 304 116 87 85 150 153 336 47 68 116 320 313 103 261 252 259 280 145 122 249 112 224 159 201 129 117 197 261 72 283 56 350 92 45 288 281 211 279 287 161 157 53 318 210 122 302 102 115 335 136 316 121 115 328 224 51 346 264 329 111 227 312 280 157 205 124 321 267 237 209 103 131 65 258 344 307 121 322 240 208 128 254 136 203 
131 59 345 131 255 53 223 140 271 180 97 105 285 102 75 69 284 257 180 176 234 339 208 190 320 159 165 132 323 320 121 270 91 340 151 232 126 146 200 260 70 69 268 152 339 277 155 49 195 185 307 242 264 238 215 281 51 216 101 207 303 53 228 160 61 266 248 309 96 167 149 194 247 323 112 53 149 223 237 107 350 132 139 203 212 105 54 350 296 125 135 337 344 215 162 325 333 277 141 208 139 167 269 219 318 174 269 224 82 121 182 134 207 182 182 189 94 200 310 160 220 205 94 153 156 132 252 224 59 97 223 159 133 
310 327 148 302 285 152 75 341 176 256 85 288 139 185 219 109 63 240 249 199 100 345 234 156 232 300 180 75 49 187 157 285 127 275 187 257 113 245 205 284 52 109 124 193 96 314 169 326 148 123 127 160 230 65 175 198 160 293 328 204 87 178 177 89 196 192 298 344 115 278 137 291 273 284 263 151 87 290 115 337 221 300 79 314 340 212 82 96 80 221 116 274 233 295 178 113 57 311 159 146 161 208 249 230 111 218 104 338 213 65 207 262 348 216 198 199 150 57 353 152 324 169 46 124 232 159 99 265 79 279 94 148 97 
230 122 313 191 333 332 161 302 258 50 330 52 217 112 169 343 252 221 231 353 315 244 163 118 241 46 234 342 115 333 165 330 305 281 149 291 125 203 251 246 298 68 272 152 302 282 89 307 224 323 343 201 310 243 243 265 166 325 72 294 57 328 333 282 104 178 273 241 333 241 62 192 154 137 278 91 201 264 51 240 193 74 276 141 85 225 261 280 66 77 196 208 92 85 81 59 53 177 129 230 331 69 334 262 281 303 187 263 230 175 246 159 208 166 91 252 100 182 156 238 62 283 86 164 244 136 271 240 226 97 84 284 298 
81 261 84 308 97 329 212 270 62 290 56 150 163 118 73 196 260 149 193 165 231 209 352 288 326 164 105 219 265 216 106 325 50 197 283 258 56 66 341 206 281 114 49 257 229 125 184 275 106 285 321 248 156 156 333 310 220 180 115 73 338 105 136 67 115 191 315 75 169 272 114 326 225 60 231 68 256 274 259 150 324 126 250 234 331 223 308 179 339 182 90 192 297 189 86 205 230 117 286 244 190 233 345 81 121 110 145 319 64 73 54 347 304 261 74 276 208 52 343 170 211 328 316 96 72 156 279 272 248 166 63 278 73 
345 289 257 222 220 172 245 348 321 273 337 214 266 234 267 336 48 246 122 104 223 60 157 103 277 347 299 304 230 73 46 157 347 59 277 190 296 172 334 145 45 62 307 213 161 341 147 222 303 311 96 223 131 240 82 285 288 219 226 215 240 194 271 233 247 253 93 335 127 133 317 206 281 135 226 306 284 319 87 252 250 322 212 53 235 165 213 275 74 125 270 263 320 242 80 293 328 155 336 192 161 205 159 335 290 267 285 214 143 190 215 116 183 87 97 72 289 111 45 333 320 221 342 230 200 289 74 94 215 281 125 344 237 
200 181 227 226 253 331 307 126 197 181 165 205 208 185 351 90 326 108 300 120 126 353 329 181 287 189 177 238 327 62 129 294 277 226 268 297 63 181 145 193 156 80 110 130 192 167 183 186 257 83 181 84 100 276 121 225 98 64 262 257 198 72 222 310 352 91 85 179 121 215 281 220 135 61 266 296 246 137 96 173 72 69 274 194 81 210 277 121 182 351 236 308 313 141 234 275 157 209 119 222 222 344 204 126 143 316 124 132 291 98 279 305 65 337 332 238 338 224 103 193 317 259 184 83 60 132 149 184 146 256 178 118 148 
173 120 237 352 341 146 300 327 115 75 44 69 152 306 123 293 78 235 154 261 192 48 289 303 345 72 166 278 231 141 50 231 237 230 271 160 301 156 95 283 70 348 281 172 65 314 212 224 337 221 158 296 199 63 230 221 335 134 51 273 309 272 160 44 111 325 76 276 98 305 197 171 122 315 274 250 57 55 213 90 329 163 61 281 345 352 101 162 247 185 294 317 57 106 153 241 208 75 132 201 83 254 227 331 215 241 160 274 340 138 229 147 97 69 126 107 122 57 96 244 134 321 245 323 240 180 190 312 199 75 211 219 255 
301 293 72 78 144 145 224 151 283 292 178 87 99 164 46 309 196 242 78 237 47 192 178 211 50 207 174 250 326 223 184 97 291 343 240 279 254 72 205 108 134 246 233 93 221 55 216 184 278 311 230 85 318 339 334 303 345 324 351 126 54 49 264 106 49 317 61 205 118 103 267 133 122 139 288 127 125 246 60 188 228 289 102 199 201 186 159 58 274 183 274 90 340 267 105 79 313 213 81 85 331 98 248 225 130 267 218 300 146 45 328 97 47 183 269 171 179 171 114 305 177 230 261 279 155 281 102 265 346 298 339 332 94 
144 299 185 117 109 103 284 247 225 346 136 118 119 145 214 212 338 291 246 285 158 338 122 141 156 188 122 321 181 60 215 58 149 144 75 239 159 136 65 107 146 254 144 95 338 187 109 220 119 322 281 155 243 154 254 256 278 183 119 268 274 224 244 191 124 161 99 328 164 191 218 146 195 133 133 108 55 131 257 312 228 125 107 165 195 333 292 51 235 339 304 234 328 249 184 179 305 83 292 70 143 252 297 100 57 100 127 270 86 351 99 187 332 145 221 273 122 223 221 251 333 233 281 303 57 103 297 173 225 81 242 279 258 
110 259 44 260 63 329 54 282 282 224 193 137 311 107 76 186 55 64 187 85 347 99 52 67 143 44 98 168 210 262 79 269 289 249 79 229 240 113 156 146 276 261 87 73 57 195 81 109 84 305 329 251 83 171 56 214 222 185 252 304 337 313 342 170 245 287 336 108 113 86 107 289 212 276 272 172 309 286 285 287 277 97 341 267 334 299 131 316 307 241 250 221 93 310 152 139 293 209 351 268 127 339 130 44 144 176 66 294 235 286 103 56 242 239 165 198 170 151 198 246 257 47 319 139 103 184 221 129 245 226 312 63 85 
83 339 351 52 307 240 86 150 274 115 80 265 72 137 240 91 156 345 54 143 117 221 191 96 222 126 147 299 236 341 317 133 125 84 283 91 181 259 259 347 253 103 113 94 55 349 291 232 170 241 283 238 288 57 300 181 49 324 349 276 142 58 216 175 82 248 82 345 295 329 295 223 146 268 124 207 337 81 161 49 62 121 197 217 114 171 342 98 141 322 172 167 341 263 290 149 237 270 296 266 350 191 209 169 270 171 133 143 325 189 292 179 187 237 263 55 334 286 164 57 91 138 222 114 178 324 177 278 51 251 69 165 227 
105 243 340 334 68 126 300 47 103 109 216 108 78 161 150 196 273 276 336 254 267 79 117 146 71 331 110 306 88 183 310 217 180 337 83 97 72 47 318 244 335 101 278 150 227 317 268 189 162 174 316 101 253 273 110 88 262 223 61 155 155 326 183 172 329 255 271 76 310 334 77 76 183 240 60 156 136 336 196 278 192 292 286 175 154 90 229 65 256 137 216 259 188 274 279 167 188 263 171 345 330 236 282 73 309 319 220 329 262 255 332 302 104 142 258 353 284 329 165 326 188 181 72 51 342 293 184 335 348 267 47 241 317 
330 170 200 68 232 243 299 204 134 254 322 100 301 312 218 134 72 283 65 277 69 311 162 190 175 309 226 315 274 197 336 184 320 56 338 177 225 271 145 256 244 277 56 104 203 160 329 200 260 319 337 185 143 255 121 127 111 126 164 210 204 56 66 263 271 331 147 138 116 326 87 201 257 301 245 158 165 75 90 122 120 177 122 222 133 194 127 125 125 55 68 306 298 152 62 248 153 48 95 140 293 341 85 77 277 213 209 238 260 217 120 235 204 130 46 291 121 138 207 326 241 105 175 286 219 113 293 310 266 138 217 142 97 
350 142 219 118 235 134 353 106 248 195 142 100 220 205 45 71 201 129 324 223 272 157 168 129 74 213 290 68 280 55 262 240 77 281 134 210 171 237 224 45 303 321 141 66 75 263 63 299 97 106 221 203 172 218 220 328 203 69 323 345 177 140 241 113 185 200 212 199 126 89 316 205 181 149 203 234 274 197 145 292 132 186 197 88 212 347 82 190 299 249 306 169 323 295 159 136 100 199 110 347 318 95 226 266 338 92 153 75 146 76 341 196 248 153 101 57 111 98 74 65 140 353 337 217 120 217 91 244 276 259 54 133 275 
106 256 281 238 266 235 262 156 157 73 135 141 148 76 346 195 266 330 274 246 334 152 137 197 101 298 285 274 282 195 143 316 280 56 161 163 248 239 319 168 78 281 87 256 144 119 128 284 284 205 159 312 291 124 128 152 268 290 337 308 91 102 216 349 67 112 196 298 250 248 315 128 282 135 318 208 345 118 307 94 205 72 309 342 147 262 167 95 171 168 265 73 87 73 119 116 126 315 129 316 131 325 316 132 194 323 111 143 106 128 291 75 270 272 268 224 97 248 190 161 286 151 68 197 189 137 140 154 279 184 80 104 199 
81 350 226 227 67 181 179 129 309 70 44 101 119 55 97 161 275 283 254 286 51 66 74 56 153 315 90 131 286 211 145 281 163 63 298 86 113 140 69 143 61 342 244 217 103 192 171 65 172 123 299 215 271 90 249 105 205 328 254 129 195 198 247 254 145 153 94 189 84 133 253 234 314 309 319 118 123 96 158 146 95 153 338 213 275 72 94 183 84 231 98 250 133 311 64 133 203 317 130 208 219 96 183 99 211 157 85 329 196 303 277 226 241 161 179 233 180 296 70 58 181 69 54 199 259 59 250 293 278 119 166 224 323 
317 275 105 118 69 217 320 93 280 160 174 292 204 275 76 159 308 181 165 216 126 296 268 104 70 255 100 199 236 198 315 196 162 116 264 73 61 141 56 70 87 218 219 227 118 44 286 292 316 59 184 328 280 334 314 100 53 214 241 272 159 306 220 286 245 351 290 189 333 231 252 173 229 95 326 277 103 349 137 248 100 337 305 291 119 138 106 54 287 112 52 166 268 278 114 48 166 326 260 249 331 232 131 222 320 211 74 258 229 218 54 103 228 257 83 302 157 282 125 235 92 280 193 58 105 111 234 111 61 201 110 329 271 
186 160 189 262 219 145 91 92 87 211 296 312 117 115 224 250 92 201 104 292 312 93 292 192 316 323 78 75 44 195 270 51 65 279 262 87 241 86 141 306 233 289 120 191 316 329 275 308 152 168 77 257 330 73 173 87 63 278 323 174 334 112 77 121 138 337 69 183 340 239 166 115 174 248 104 53 142 175 284 329 233 168 108 207 247 186 192 53 90 123 104 117 128 312 82 212 78 119 286 288 122 157 186 57 196 52 90 190 187 300 121 147 184 313 50 149 197 195 329 282 288 285 255 325 192 52 163 201 132 190 255 186 187 
152 143 231 137 65 44 186 276 124 75 305 189 316 96 350 194 124 237 341 167 230 304 294 120 189 55 332 197 212 307 194 150 273 202 259 74 219 84 257 267 170 197 157 106 166 281 250 289 265 134 164 339 48 305 336 68 260 312 130 130 321 275 202 187 91 143 72 258 139 136 347 85 139 86 79 346 75 141 132 72 87 133 264 324 136 280 90 259 70 136 71 116 55 110 268 140 245 96 183 157 254 158 194 254 122 66 279 159 310 263 288 222 162 231 221 341 245 335 225 115 183 139 99 52 138 228 332 286 184 116 100 157 160 
225 253 180 352 321 219 241 249 53 306 249 179 286 347 197 340 114 215 86 62 166 246 101 333 144 124 168 242 77 77 322 288 74 218 52 236 84 65 288 350 248 310 95 153 227 147 248 50 124 125 131 242 297 70 171 60 202 162 75 238 276 75 117 204 238 284 126 321 340 133 167 177 309 248 117 54 276 199 92 149 156 281 57 190 125 332 250 198 66 134 51 293 56 52 145 220 291 347 197 203 252 78 297 156 316 261 51 300 144 116 279 233 245 179 144 101 279 328 314 298 172 230 210 104 171 111 66 88 330 342 97 179 148 
264 154 352 98 219 44 122 108 218 140 246 53 161 116 342 224 341 84 153 237 281 82 164 240 44 90 180 167 88 158 159 87 178 258 265 317 95 280 126 211 352 111 187 74 175 263 182 242 306 259 214 317 341 191 174 234 96 197 163 300 281 313 321 234 110 187 330 332 306 169 257 291 232 244 154 245 303 193 268 257 335 227 186 312 131 77 287 138 165 170 69 71 170 68 140 301 309 68 328 148 344 214 254 46 284 54 153 185 291 112 149 299 196 110 272 117 68 274 300 196 145 219 244 123 343 203 167 200 150 202 77 201 149 
331 249 84 238 224 158 289 54 262 259 252 235 110 55 215 105 112 336 140 168 136 326 72 190 325 66 320 333 199 169 244 67 228 80 63 134 188 144 265 98 111 115 296 52 48 237 154 271 139 163 87 237 324 100 216 258 296 297 318 65 185 172 274 54 48 157 339 155 294 181 129 263 129 248 62 320 46 277 349 44 221 308 100 130 184 105 228 169 352 279 236 282 56 152 99 196 281 102 99 171 203 308 49 175 196 53 221 159 118 135 218 307 170 326 260 84 130 348 335 269 238 224 191 332 166 86 176 281 183 206 190 197 183 
289 127 310 171 123 150 293 177 81 234 275 172 312 283 205 66 190 299 230 110 81 280 146 110 102 276 194 161 61 165 213 88 349 61 218 163 76 47 167 64 168 272 230 48 285 307 68 232 229 187 230 249 251 90 234 345 271 73 81 253 144 180 66 288 97 102 299 318 255 277 121 197 109 148 241 87 344 324 103 106 137 126 268 169 125 267 50 167 197 233 188 196 143 189 94 152 290 347 62 352 248 70 52 116 146 323 110 121 76 306 120 338 175 146 259 68 292 237 338 226 326 303 149 224 198 187 287 245 105 47 230 328 94 
159 131 156 304 232 141 46 171 211 72 144 203 305 221 89 239 210 74 171 137 350 352 175 182 275 162 257 269 284 331 250 281 139 86 53 267 208 186 105 218 161 310 148 48 104 211 224 123 284 145 228 173 195 45 200 206 320 159 50 239 183 208 316 104 86 196 59 250 269 164 80 131 74 312 70 161 276 77 96 332 325 161 147 102 178 286 241 148 261 155 220 311 353 149 322 240 55 333 104 251 151 343 349 126 130 353 176 155 252 203 145 187 52 221 71 124 85 248 56 86 238 80 144 254 66 232 257 172 302 114 139 235 273 
290 176 210 304 51 69 49 109 177 95 46 224 171 256 316 96 165 182 181 155 79 120 117 114 141 238 145 194 137 231 79 208 199 132 226 337 318 210 47 171 215 269 351 214 252 49 228 50 316 296 205 83 314 338 75 44 314 173 233 352 162 308 247 120 181 330 94 134 202 121 170 262 324 311 313 216 140 212 341 91 242 235 69 199 109 267 55 49 50 62 155 324 309 44 90 76 260 330 152 203 45 272 64 143 240 335 127 280 311 193 268 207 109 84 262 227 296 234 202 75 237 133 82 169 262 307 352 169 162 346 293 138 117 
194 342 313 330 212 249 347 55 51 184 197 347 186 263 184 249 121 321 63 190 85 105 110 65 344 264 119 238 224 205 68 98 151 252 279 348 252 129 212 83 176 292 322 243 144 313 284 105 138 125 198 322 157 273 353 164 231 46 77 169 221 185 44 308 85 65 193 183 243 288 182 135 326 335 218 114 181 113 166 56 302 353 75 305 59 245 65 126 338 229 346 233 286 235 192 318 269 332 331 257 286 54 325 134 246 84 295 230 222 184 317 105 215 253 60 351 315 166 219 319 130 200 294 127 252 189 277 186 255 181 99 258 273 
260 75 275 49 91 280 338 317 72 247 60 179 348 207 182 59 193 129 327 298 58 189 269 200 327 262 245 107 349 319 223 129 113 178 184 296 313 110 286 148 116 157 342 334 201 319 244 226 131 239 258 318 216 76 189 159 83 220 170 190 60 53 105 252 290 120 291 269 342 188 90 303 143 48 313 61 271 103 184 146 326 322 148 52 215 278 229 130 238 261 124 86 333 306 178 48 94 303 54 136 50 197 50 71 336 177 193 131 125 222 186 51 149 349 213 317 128 184 153 332 69 79 324 168 52 161 101 142 114 53 263 215 202 
285 290 143 124 290 107 338 319 162 223 210 135 57 137 275 247 47 353 66 51 277 240 306 238 185 70 262 117 352 83 280 147 100 230 129 188 299 105 314 78 208 95 338 153 310 152 132 177 275 299 274 178 294 323 78 148 44 105 203 353 274 225 130 127 157 228 293 329 99 328 299 238 119 135 187 306 190 85 174 89 340 307 266 147 169 90 167 279 144 326 107 281 238 309 45 296 159 157 163 302 185 258 118 214 51 65 319 249 275 308 214 304 179 208 281 141 234 229 71 76 208 275 88 339 303 258 143 157 57 79 322 280 197 
270 332 226 96 235 186 147 135 136 147 343 65 240 227 79 276 273 172 225 77 88 205 269 232 234 128 236 229 227 184 207 160 296 250 277 283 108 142 153 96 212 74 313 82 250 260 114 245 120 69 139 58 69 148 74 139 85 93 348 281 280 157 258 205 108 221 248 139 266 141 126 314 300 298 325 159 127 297 136 112 284 247 72 266 94 203 213 154 115 156 278 339 82 66 348 102 182 220 112 150 96 57 190 237 314 346 55 125 351 196 266 318 185 317 155 317 174 161 350 138 96 327 213 153 293 112 312 132 248 172 282 337 232 
162 172 263 287 315 110 274 208 285 180 327 228 58 210 199 107 320 199 58 164 113 344 125 338 223 253 338 179 242 82 311 77 306 167 334 272 324 44 183 137 121 97 52 283 207 118 205 139 262 327 267 326 247 334 280 120 207 102 126 247 183 295 240 187 277 224 188 103 298 253 201 57 135 283 251 311 153 326 252 336 294 142 167 238 339 344 145 323 220 150 217 157 45 249 321 108 336 98 135 193 57 258 86 242 205 213 275 75 203 284 194 340 228 179 168 233 327 318 203 154 46 81 71 325 118 172 249 228 282 119 154 298 339 
208 211 225 151 124 317 295 194 188 132 233 253 127 350 330 324 109 254 127 159 188 65 162 243 323 92 327 77 320 116 262 261 156 204 202 171 208 185 72 318 115 251 327 193 307 245 163 62 344 219 304 265 252 334 224 194 189 223 98 333 105 56 259 44 129 312 67 94 268 256 329 111 323 305 319 338 286 209 296 283 352 170 319 318 192 70 283 257 183 329 299 309 317 210 275 57 243 184 250 96 156 83 215 303 53 352 259 337 263 234 196 326 328 270 250 344 103 86 74 181 324 252 330 319 330 50 132 218 91 340 351 141 83 
98 173 95 280 169 262 274 85 108 348 233 191 152 275 89 310 248 129 172 66 139 252 125 335 179 327 159 288 303 322 322 89 96 301 136 307 213 120 82 140 317 54 122 232 344 304 207 258 187 233 206 325 288 137 269 113 342 202 248 212 211 124 271 353 196 254 166 57 317 182 293 59 86 125 78 248 227 348 56 151 260 225 154 253 192 280 120 261 267 304 217 267 173 125 307 82 122 270 315 77 248 255 137 108 140 221 231 190 291 239 81 332 338 213 221 205 330 56 105 312 67 212 226 200 290 244 166 45 50 147 207 260 330 
243 121 201 288 56 331 136 159 130 141 171 121 178 289 141 124 85 98 340 237 84 327 76 199 248 268 257 289 139 199 193 77 153 325 169 196 236 333 257 192 182 73 109 283 63 136 205 111 320 259 64 141 262 161 49 274 69 174 125 232 278 145 268 272 343 117 115 224 89 308 292 68 159 183 198 238 81 90 233 111 67 254 57 332 208 319 185 301 271 98 162 60 340 285 166 300 249 206 277 313 53 96 256 298 89 191 135 310 315 249 338 65 225 218 100 321 188 143 83 310 274 321 90 244 97 264 250 69 154 282 197 74 218 
87 110 121 154 194 69 189 285 296 142 66 148 172 57 222 117 107 181 265 256 231 46 308 179 242 297 44 346 133 212 90 235 349 57 103 88 50 288 164 216 340 350 328 132 136 84 98 183 90 206 220 90 118 67 252 157 182 330 188 195 170 270 245 208 133 120 345 342 267 105 72 262 201 244 164 293 140 231 118 133 50 349 104 312 125 76 277 307 348 96 309 257 285 148 65 240 231 289 262 262 276 306 258 170 89 221 279 139 214 346 124 81 277 307 152 192 210 172 254 125 184 150 118 136 93 201 204 52 213 153 194 224 287 
268 304 146 235 62 351 238 179 326 124 226 336 57 223 189 215 282 221 213 181 84 316 187 302 84 240 196 260 201 141 210 267 161 118 45 333 226 87 206 295 115 327 202 311 105 113 245 325 257 107 117 104 237 141 279 318 340 265 226 264 302 98 244 220 168 51 340 313 280 58 352 266 106 268 225 304 212 140 215 268 213 223 53 329 298 352 74 146 284 133 90 196 329 304 324 340 304 250 281 96 159 152 340 51 339 120 164 282 108 157 182 146 95 335 111 321 48 58 295 226 337 298 322 270 213 224 88 204 44 134 47 244 112 
160 60 296 250 311 283 141 272 135 142 224 300 318 340 61 202 165 216 261 129 52 267 156 325 337 204 202 211 308 88 342 263 116 64 256 65 234 65 200 128 293 194 271 249 85 131 48 109 241 83 301 141 308 289 261 72 71 326 171 343 338 289 252 243 87 258 152 118 280 103 333 215 347 168 345 217 278 298 274 144 135 242 334 191 229 186 83 323 180 335 77 117 174 310 314 147 288 96 181 114 207 145 248 146 171 213 258 215 63 156 190 62 90 335 327 239 72 338 129 146 241 335 260 189 59 178 147 288 95 154 169 172 154 
88 46 246 251 265 262 86 139 131 328 116 103 139 188 70 261 283 311 286 133 224 293 117 216 192 321 53 309 304 196 59 243 101 251 98 295 306 271 247 255 301 56 250 70 148 77 235 88 325 123 310 326 156 218 214 197 117 154 127 50 242 194 301 269 129 352 216 169 322 51 293 202 87 99 157 45 155 313 214 68 236 290 221 137 263 329 135 99 266 133 85 269 167 68 323 99 79 265 277 133 219 116 118 128 235 239 96 108 178 264 123 352 244 318 210 91 95 58 164 148 331 82 88 175 225 159 128 203 317 326 146 197 310 
148 341 192 182 188 258 332 60 132 127 271 171 321 124 88 144 328 49 189 273 279 301 338 46 166 351 287 54 334 90 185 238 143 207 161 290 48 344 141 269 224 128 249 170 124 342 182 195 54 265 101 108 63 52 243 194 131 253 74 232 109 69 256 243 321 305 191 46 252 239 101 229 352 167 77 77 70 96 330 260 170 311 278 123 218 186 297 349 163 164 347 297 113 139 197 76 159 286 73 136 293 234 94 149 177 335 142 187 271 353 240 49 220 47 71 294 91 128 166 69 132 335 173 277 141 228 131 59 72 215 327 190 87 
93 123 120 269 333 198 79 149 316 140 118 217 88 113 304 168 107 315 106 122 136 81 70 231 50 84 52 202 207 216 106 66 201 126 152 80 348 70 280 262 118 198 319 211 264 339 52 207 104 339 253 230 226 215 156 129 344 145 83 227 240 189 150 155 74 285 76 281 177 278 165 226 80 79 110 132 233 197 200 83 353 172 346 242 71 47 139 66 300 210 280 80 179 184 270 178 288 160 352 244 69 84 314 298 213 315 71 349 229 299 353 94 309 179 137 138 298 180 331 294 131 299 67 71 190 213 346 161 50 300 208 120 102 
283 152 197 188 135 330 276 315 58 77 307 268 130 98 242 252 141 76 248 330 56 116 142 236 53 343 247 217 44 338 223 217 101 273 99 204 218 185 73 75 141 141 102 93 46 215 233 128 95 231 66 150 300 120 303 51 82 189 256 185 273 330 277 278 76 336 134 339 251 57 311 72 326 251 83 268 188 80 136 79 336 246 122 306 111 145 195 187 130 302 340 158 197 182 111 72 296 149 270 48 164 222 139 170 190 78 133 314 196 315 227 179 248 317 161 113 239 303 333 346 231 316 236 343 134 244 173 179 242 225 244 309 321 
222 198 96 312 185 248 192 79 126 264 331 91 128 133 164 257 216 277 65 272 171 200 110 281 220 83 171 57 202 128 148 182 349 171 213 106 165 320 323 185 94 315 211 47 293 319 272 350 322 241 348 123 45 70 254 81 75 298 287 207 117 288 108 71 287 217 310 117 193 136 236 237 59 113 315 308 53 153 289 146 259 197 80 73 330 203 242 188 89 140 287 180 242 276 334 344 252 215 352 124 99 128 47 328 216 173 286 183 253 235 340 198 331 58 52 231 106 46 127 45 244 75 290 282 228 162 226 235 70 204 316 199 326 
92 275 178 332 239 189 263 245 100 121 96 285 209 174 322 184 277 58 109 216 238 336 54 307 127 299 152 284 201 103 305 98 343 76 214 121 215 74 189 304 50 258 233 128 265 280 108 220 134 92 314 255 303 236 294 54 248 49 317 148 256 223 258 93 287 286 211 113 131 191 205 324 249 230 162 188 215 247 301 238 304 348 153 271 287 310 72 117 190 181 81 130 177 143 171 296 339 338 157 257 336 345 135 195 78 232 331 304 180 98 101 312 129 142 109 312 94 342 335 214 351 69 123 338 208 343 133 164 100 109 287 200 252 
170 154 171 115 150 351 290 253 335 272 80 213 89 166 247 244 126 334 331 187 202 252 50 74 171 94 258 341 185 242 94 203 59 141 66 60 239 323 128 67 328 198 194 92 95 337 264 340 252 233 294 323 109 306 102 248 293 109 49 142 284 312 256 56 144 143 58 190 263 97 302 129 242 47 216 69 162 167 340 110 177 86 232 319 283 243 132 122 243 308 117 158 253 195 266 147 79 95 287 91 173 176 191 83 163 311 195 220 71 126 279 279 59 206 110 63 131 142 188 304 258 58 108 100 124 330 148 133 181 99 52 174 197 
339 109 319 224 102 51 329 289 218 326 151 287 175 294 88 117 142 326 196 59 256 91 232 114 68 244 235 293 331 253 129 288 340 71 180 80 245 159 170 74 166 116 276 151 175 271 168 52 193 335 71 71 49 254 56 351 122 284 248 301 146 114 250 243 108 352 286 52 125 273 345 112 121 93 277 230 248 111 316 152 148 319 181 204 79 97 247 313 117 350 90 233 211 149 52 296 71 268 81 201 129 72 143 220 298 252 280 312 231 64 226 142 230 175 96 231 262 352 227 95 75 96 151 258 212 126 243 120 124 202 194 107 191 
70 265 158 65 159 135 233 129 250 104 300 163 152 169 67 58 133 152 202 298 57 179 190 162 299 129 137 222 143 173 109 135 308 196 239 188 226 161 277 328 315 89 319 320 287 165 167 55 188 165 80 61 119 45 74 238 234 335 118 349 304 254 67 296 166 154 285 345 288 128 69 179 304 273 172 262 131 46 106 299 117 124 109 123 214 216 315 72 144 144 145 174 286 86 108 117 137 127 306 206 243 54 173 341 221 184 143 233 176 114 251 103 157 307 144 342 278 173 124 116 228 318 175 46 229 100 188 81 147 250 92 311 69 
120 182 312 127 233 81 162 207 307 147 62 140 237 225 203 167 176 186 59 316 149 169 251 186 82 184 248 119 213 57 112 334 264 45 97 171 270 148 130 328 225 132 291 44 295 83 113 177 116 119 317 255 191 54 231 219 162 149 102 211 126 274 293 194 239 346 86 243 187 73 121 156 342 247 200 245 141 257 324 272 173 266 322 291 148 197 329 306 102 57 255 53 124 104 146 268 87 203 216 199 337 206 89 249 146 89 53 243 257 46 221 271 247 215 238 104 273 311 168 157 259 331 185 255 111 119 137 161 98 76 128 289 255 
244 75 148 119 105 155 120 313 85 77 93 183 315 266 174 189 205 239 168 223 295 126 187 138 268 322 109 231 291 124 75 271 324 272 116 161 264 205 230 273 263 262 70 329 342 222 324 126 91 129 65 108 286 233 74 305 197 169 353 352 167 305 168 331 331 283 53 52 179 162 85 217 347 302 45 229 303 273 336 152 182 166 110 351 218 209 229 144 138 135 247 210 217 223 51 63 62 265 54 103 225 90 181 341 139 188 214 333 347 72 83 197 259 212 137 56 86 231 184 108 324 53 267 119 351 221 136 135 119 60 347 105 295 
98 47 114 304 247 345 286 83 278 295 304 103 342 149 70 211 275 210 109 246 309 93 113 338 124 82 183 267 192 239 70 115 305 101 233 305 216 214 331 158 163 149 230 85 71 212 221 340 266 163 207 142 300 159 331 276 146 315 177 56 284 98 200 292 71 233 179 283 260 167 250 244 351 113 339 266 149 253 217 178 143 239 139 91 157 70 291 343 44 109 256 279 77 177 206 338 285 165 166 199 171 215 169 152 80 311 271 91 333 265 331 62 104 344 344 83 44 274 325 203 87 250 179 54 53 59 84 87 51 113 178 164 79 
316 98 144 210 331 90 120 314 314 157 195 237 162 168 112 276 208 304 94 213 120 315 234 137 136 82 292 223 67 312 327 269 221 172 222 71 313 65 76 122 226 286 81 269 269 185 319 141 246 228 89 129 337 216 344 62 134 79 264 180 259 69 275 180 217 68 339 52 172 271 87 218 84 324 201 251 182 337 83 196 185 287 304 230 334 75 94 84 152 243 291 86 76 178 128 244 286 150 250 250 222 277 67 159 71 343 340 91 181 60 353 220 321 180 68 278 341 352 217 212 56 152 88 303 326 238 279 84 146 322 97 306 303 
130 111 185 197 176 145 82 235 51 352 113 250 327 214 324 117 319 301 262 87 75 349 157 321 244 106 95 105 120 348 62 216 341 138 313 259 309 117 95 57 159 230 206 227 309 132 184 255 353 121 175 129 222 49 159 265 335 101 265 333 169 188 239 255 257 214 309 189 56 275 76 341 254 199 52 79 248 226 277 343 324 73 350 163 342 162 92 232 110 229 301 351 109 181 113 54 85 225 64 145 130 68 138 323 194 290 163 298 262 198 72 245 342 244 163 305 129 251 213 258 214 241 62 343 80 192 279 263 206 336 111 75 259 
232 98 127 77 65 116 233 138 202 353 346 287 289 289 151 87 55 176 341 257 73 332 190 133 261 160 315 310 93 86 279 109 310 342 245 264 269 293 298 132 349 119 213 336 139 159 52 321 255 295 131 273 190 315 94 294 352 96 74 167 283 178 227 163 262 91 106 336 251 237 295 131 142 117 66 288 165 285 272 291 342 155 296 192 314 140 296 220 254 96 262 97 204 77 236 98 258 130 250 79 198 167 344 93 191 239 326 239 303 63 156 328 164 251 193 149 44 88 208 258 338 336 140 97 214 340 134 282 133 45 123 289 83 
301 79 316 311 233 297 89 54 281 296 214 328 131 102 86 128 344 272 169 180 171 352 154 324 92 254 309 212 151 96 234 248 296 290 147 336 174 267 254 162 169 179 71 342 130 269 147 133 315 169 307 210 50 210 92 243 164 259 121 151 88 69 225 140 332 317 114 180 175 268 333 227 45 227 92 292 161 152 157 66 57 171 224 103 313 64 91 79 46 311 160 242 136 338 254 105 124 254 159 81 149 202 317 122 69 70 227 89 304 231 87 118 274 67 196 167 101 80 295 220 98 308 66 114 211 321 205 274 125 204 107 231 81 
243 344 72 267 272 150 192 220 232 175 48 333 181 186 45 337 164 89 161 85 244 77 339 210 113 205 159 198 309 130 347 249 343 104 138 237 353 97 80 262 341 275 236 63 226 259 234 251 154 307 260 112 343 152 330 231 332 241 169 231 161 338 63 167 164 239 79 97 216 187 308 54 301 140 317 160 264 298 163 170 225 159 290 218 340 318 136 320 284 325 97 144 44 108 212 262 111 265 179 301 141 265 326 317 162 348 148 201 335 253 207 217 137 178 212 253 71 236 162 230 76 177 47 319 220 274 123 137 112 305 72 313 139 
117 254 293 86 133 264 283 115 233 75 154 82 171 263 96 218 254 243 188 302 95 308 108 59 221 288 274 61 70 107 116 140 217 169 49 139 301 181 72 314 108 330 69 88 96 282 180 47 259 352 60 156 119 334 227 57 267 319 208 120 314 324 67 79 268 345 340 131 279 131 343 97 272 250 309 145 263 293 347 72 267 294 257 282 153 76 119 255 300 182 74 325 263 110 113 210 228 333 266 270 264 126 71 222 294 182 271 331 329 229 341 287 174 46 206 326 217 324 153 141 279 295 300 50 152 222 46 301 119 194 112 164 222 
148 212 215 178 305 266 158 306 176 187 234 131 96 247 111 257 193 322 174 70 195 57 93 115 235 54 129 218 162 272 163 233 90 108 103 214 224 274 122 44 257 304 141 138 297 83 260 85 226 120 330 352 269 322 155 120 164 112 96 341 81 159 235 89 248 60 302 324 306 135 96 93 344 153 186 229 303 109 213 151 254 344 154 291 243 321 336 92 175 61 247 246 284 130 127 63 265 85 143 61 126 105 96 220 218 208 119 104 250 301 115 184 78 232 165 265 70 192 296 287 159 115 72 68 275 274 165 143 223 104 57 288 147 
76 321 240 158 79 261 242 195 273 258 117 120 110 267 161 192 240 59 144 69 207 252 322 137 73 205 335 266 98 262 351 351 144 220 333 225 332 192 320 245 58 310 92 275 112 157 151 133 222 105 149 168 170 233 191 217 201 95 108 133 169 57 100 331 293 315 47 174 193 342 208 336 163 177 269 315 307 101 349 303 315 106 244 320 84 311 197 258 71 269 191 157 229 114 349 165 235 290 250 347 194 341 338 49 57 163 87 233 265 339 98 194 240 282 178 233 184 258 278 175 228 63 156 174 253 184 85 349 322 316 189 157 239 
49 154 312 211 132 304 299 112 132 236 223 321 103 341 49 295 294 316 301 49 145 121 300 208 149 259 216 232 90 250 261 292 353 189 185 149 95 58 256 95 78 333 162 244 333 181 98 179 150 165 211 226 212 287 310 216 304 179 267 277 112 91 352 223 196 117 69 181 148 334 69 303 75 306 86 172 183 281 185 339 59 118 150 286 234 164 324 210 148 59 208 285 347 291 345 145 208 262 327 198 352 64 71 326 243 139 82 156 247 319 207 282 81 133 66 264 51 180 119 57 208 273 105 97 69 117 339 201 186 306 216 163 110 
150 105 185 312 251 286 138 62 267 250 72 315 328 80 270 177 131 188 147 123 298 73 250 98 67 93 250 280 277 69 332 116 119 73 53 109 144 264 193 149 306 305 296 307 143 236 304 158 144 278 221 255 302 148 205 160 313 330 180 120 50 78 324 226 173 222 132 215 246 338 226 93 109 244 234 173 199 318 97 248 244 48 321 259 207 103 152 287 123 285 125 182 96 233 140 162 65 115 308 108 344 260 275 337 178 123 254 255 165 245 232 227 351 53 212 235 64 70 45 347 115 124 122 330 84 171 74 290 193 61 346 293 74 
325 303 83 103 310 188 157 53 300 94 181 189 140 117 73 117 139 97 171 277 198 142 160 60 104 277 165 319 155 95 44 253 70 311 318 178 336 147 54 253 281 103 124 216 123 74 107 333 283 225 295 185 150 220 81 138 349 167 201 230 56 88 227 311 71 283 73 95 137 53 218 259 346 321 67 131 345 238 59 313 161 295 164 53 209 257 231 155 67 297 188 102 47 230 258 52 51 311 78 156 146 350 94 68 174 112 72 93 189 208 279 162 279 282 149 179 80 125 231 111 291 232 154 259 67 179 89 155 62 126 92 159 269 
87 225 116 203 303 259 249 60 102 229 200 229 325 144 259 214 126 146 288 244 144 215 266 277 115 117 310 202 185 55 322 229 107 195 283 206 96 212 328 275 163 91 105 214 328 227 105 68 63 138 167 344 92 265 114 311 63 216 57 122 275 179 235 213 226 346 302 98 99 319 179 95 288 55 245 232 304 124 139 63 293 323 134 310 211 218 126 80 166 87 59 293 71 237 126 316 197 312 157 116 64 272 255 301 247 44 89 328 120 147 56 281 180 259 207 312 87 294 82 119 287 150 52 119 253 145 306 201 327 49 209 179 254 
291 319 159 305 296 288 287 120 165 193 181 230 296 345 75 222 273 96 251 96 340 54 199 59 220 84 151 206 264 51 310 167 211 216 108 194 315 323 158 45 320 257 343 174 261 267 141 260 81 88 143 167 103 62 309 100 338 310 327 199 214 332 272 119 48 306 222 237 79 270 316 110 95 68 325 80 300 253 329 262 135 146 208 228 321 198 91 289 212 176 179 168 223 342 185 286 124 259 108 221 72 112 252 77 178 272 146 318 290 249 130 330 99 107 335 251 147 123 344 86 260 323 238 226 218 153 308 329 161 135 212 306 70 
121 127 344 286 170 173 210 85 327 171 54 315 71 162 56 108 189 279 48 246 81 50 290 227 275 146 169 187 325 143 61 297 105 149 110 317 110 120 309 106 316 131 247 279 68 292 74 306 284 263 218 76 192 337 218 102 352 330 234 192 154 318 194 236 127 137 230 223 240 104 268 255 208 80 117 349 116 242 88 262 333 97 186 184 180 302 203 323 226 117 319 220 242 317 332 159 99 178 303 263 171 245 293 167 59 135 317 164 254 183 183 126 236 337 145 91 84 144 250 172 137 268 287 277 49 249 216 312 93 187 275 311 62 
230 313 68 54 303 144 129 201 130 163 56 236 257 176 152 277 185 205 146 338 102 80 55 263 66 56 237 341 313 331 332 63 149 187 137 135 177 306 212 192 132 204 344 245 202 217 159 63 281 130 69 184 350 331 105 261 285 53 138 86 349 196 253 308 185 83 342 219 78 250 122 262 82 167 142 205 220 280 265 226 325 331 270 307 117 140 133 340 116 254 319 99 46 168 52 153 215 136 166 352 281 119 277 256 91 65 286 129 130 268 276 298 177 337 190 289 323 106 213 72 136 329 288 346 282 156 200 270 301 166 119 242 55 
254 219 221 56 125 196 63 77 156 212 142 192 292 205 59 259 62 193 291 306 73 55 149 64 328 326 82 288 56 229 346 265 233 290 284 277 232 196 339 160 121 205 323 327 276 175 325 196 168 289 51 117 107 201 322 56 215 203 180 208 301 218 292 184 236 266 320 217 48 159 300 92 286 291 187 103 214 216 313 49 131 55 70 212 315 164 70 168 132 186 216 222 311 256 327 246 334 321 157 55 101 239 72 161 45 251 216 67 332 238 304 151 258 159 157 121 136 231 126 135 319 193 44 240 145 299 183 94 234 156 265 246 144 
234 339 174 324 135 76 330 303 248 64 78 93 298 329 329 312 295 326 240 218 227 163 173 290 131 242 167 281 85 297 135 48 222 306 171 264 268 132 203 98 295 285 73 126 224 154 337 64 346 46 96 310 220 129 338 240 161 211 170 237 261 207 273 333 143 49 150 226 225 62 296 283 347 122 302 50 305 186 324 281 328 280 82 310 192 106 214 137 187 82 110 286 179 277 67 90 309 331 152 336 252 148 72 175 159 187 142 101 217 128 162 239 156 103 92 261 343 313 88 60 267 99 224 64 349 160 73 112 182 92 146 175 285 
261 53 269 241 137 165 151 344 294 255 264 223 303 162 336 181 180 63 298 215 229 145 209 317 242 194 73 217 104 143 50 276 293 295 64 181 286 152 58 320 212 317 309 61 56 194 197 48 337 86 56 323 326 115 323 82 276 118 295 292 246 208 217 85 123 139 294 103 82 118 187 235 205 318 262 297 67 317 108 122 349 231 299 145 56 263 172 259 258 249 325 200 246 231 111 334 57 266 331 47 158 158 324 49 215 197 221 293 144 60 98 141 112 229 195 81 86 181 122 62 352 276 322 55 117 244 353 279 75 114 254 153 192 
165 88 121 46 170 224 73 346 176 176 333 129 125 146 45 219 315 123 340 253 264 291 286 93 328 215 65 182 113 294 202 205 297 158 241 51 178 334 197 309 72 209 235 182 56 89 270 203 98 162 137 45 183 263 125 104 83 100 328 60 294 92 164 71 323 174 348 171 223 242 85 319 70 261 215 197 347 205 64 126 165 60 227 109 191 80 237 83 212 230 208 342 69 118 146 222 187 287 285 242 93 284 221 79 290 72 79 149 83 50 330 274 172 78 106 265 231 48 178 248 68 262 265 102 57 196 263 139 66 192 348 306 101 
82 75 323 281 74 303 68 305 173 85 125 101 58 254 283 339 284 261 47 324 71 91 74 135 142 233 174 276 279 179 209 224 340 148 142 167 151 307 63 69 311 62 65 293 352 217 50 150 311 60 109 337 173 170 53 214 108 96 311 158 117 125 312 126 239 234 156 303 173 308 142 292 322 348 114 206 331 89 312 291 83 214 204 131 99 236 73 49 312 333 74 309 59 277 255 187 321 81 303 72 207 175 113 218 219 145 139 57 92 52 127 241 237 161 350 179 327 78 340 141 343 101 294 259 223 71 98 136 352 119 64 109 270 
236 211 335 133 210 259 112 209 159 343 229 162 339 200 165 136 282 59 215 256 210 196 79 308 142 328 47 311 330 227 295 267 100 256 290 224 68 353 67 217 296 245 232 332 110 220 259 59 67 193 249 316 51 94 107 177 66 53 145 329 138 155 121 86 235 56 324 279 219 333 248 125 130 256 139 320 272 163 112 50 348 143 62 231 264 244 76 112 219 296 349 130 287 338 58 91 267 278 273 110 112 212 227 144 220 292 116 127 112 163 175 172 265 350 315 232 165 258 294 251 101 177 84 212 344 56 96 353 186 214 69 56 261 
316 337 338 338 73 238 219 349 234 195 250 72 227 303 173 226 183 94 187 104 108 261 46 44 210 180 143 162 230 49 202 166 323 119 263 164 329 239 127 289 175 191 184 258 353 255 343 307 44 157 113 272 240 57 312 121 184 271 300 235 247 299 138 265 74 278 350 141 77 166 62 207 322 191 293 68 331 56 341 92 117 188 332 117 67 295 316 234 50 284 185 281 115 320 191 293 189 50 302 55 58 159 46 353 80 307 314 262 316 123 327 203 126 160 346 136 58 341 50 235 258 276 256 173 73 294 315 116 300 326 112 181 104 
50 347 181 73 230 93 319 48 127 142 123 231 185 205 257 213 148 59 328 51 258 333 237 75 223 183 197 199 313 250 231 253 349 298 209 151 260 171 175 93 53 218 212 165 170 215 315 206 293 172 289 292 349 345 145 185 256 240 144 55 160 147 312 129 149 348 343 327 90 138 72 201 71 270 313 226 324 260 257 230 331 151 246 327 347 75 181 332 182 89 252 73 100 235 184 307 274 196 279 337 175 65 214 327 134 349 277 122 248 176 149 281 189 192 336 316 155 185 251 282 121 322 235 123 161 95 63 79 187 128 284 203 304 
125 331 325 73 225 178 160 120 341 299 159 322 241 81 235 345 240 345 191 139 323 347 201 108 340 161 155 281 336 286 198 190 134 57 343 247 317 136 59 134 241 170 271 133 329 162 127 206 245 327 144 271 213 227 187 191 296 125 146 206 326 74 138 339 323 286 278 273 174 150 45 344 278 117 303 48 148 246 289 188 96 296 182 117 51 142 304 55 198 273 119 144 251 123 87 122 68 140 163 78 144 353 248 108 122 242 177 58 314 131 281 169 291 255 91 334 232 186 100 322 80 302 132 241 293 143 180 325 244 70 308 271 236 
51 157 291 135 204 300 283 266 121 283 73 289 138 139 275 250 148 243 111 109 54 353 119 134 132 183 108 98 50 261 256 267 47 350 221 45 153 170 192 55 248 49 61 208 182 214 73 122 262 72 233 64 172 138 333 322 345 331 132 159 330 307 208 83 97 107 329 53 293 328 151 197 338 112 245 272 59 66 107 143 242 48 306 293 328 159 290 320 299 310 274 223 314 224 122 178 183 108 349 252 78 66 251 306 256 112 351 71 115 212 45 201 338 141 179 323 160 182 205 296 84 146 327 72 176 88 177 145 329 262 157 94 164 
244 335 243 59 63 281 288 164 321 268 212 96 109 186 339 103 89 294 76 163 246 46 179 82 214 120 223 223 330 108 132 239 347 155 263 159 234 348 257 75 175 230 213 126 115 56 233 244 148 120 322 238 246 251 71 348 70 226 279 215 324 49 275 171 225 50 99 135 249 332 317 112 72 66 301 300 239 311 64 107 251 306 79 111 125 44 59 135 164 120 79 261 324 306 235 285 209 144 280 321 75 117 259 68 113 348 167 130 251 120 181 139 274 201 156 120 277 344 253 83 283 139 294 234 260 107 71 279 127 70 158 221 244 
