27 39
14 34 34 11 48 54 31 24 8 41 39 31 12 52 7 20 38 17 31 18 46 46 15 46 8 32 42 32 52 31 18 53 55 48 23 7 18 43 38 
46 18 38 36 48 55 27 12 24 32 10 26 38 41 12 42 48 14 12 51 19 40 11 15 29 30 28 37 30 37 25 33 23 52 7 13 30 9 23 
19 8 41 40 32 52 9 36 44 52 44 36 36 33 18 34 41 13 49 12 51 13 25 48 8 19 33 49 25 36 40 31 34 27 33 43 26 19 36 
38 26 13 36 47 10 34 29 39 22 33 32 8 48 43 41 8 49 12 40 33 44 25 34 23 10 37 38 45 32 49 17 41 47 11 27 40 27 41 
45 35 36 27 52 34 37 14 34 19 9 38 27 27 43 54 36 21 20 55 40 12 9 16 41 14 22 37 44 21 8 15 39 39 43 37 32 39 45 
42 27 43 44 17 37 16 41 33 8 26 15 47 33 11 25 17 29 12 32 12 49 51 41 12 22 40 32 48 36 14 53 54 9 40 28 32 25 27 
22 20 9 15 27 33 18 28 51 9 11 22 11 46 13 33 45 14 17 38 30 28 24 35 11 18 17 52 41 37 25 48 23 32 14 8 16 26 48 
33 49 52 9 43 12 25 48 46 51 42 26 51 50 35 51 34 7 20 53 44 48 18 55 11 37 40 51 36 33 55 19 44 50 30 31 7 51 34 
28 22 26 40 37 46 52 48 54 20 10 26 49 51 52 51 42 37 11 51 23 40 11 10 13 26 37 49 51 14 19 30 30 20 36 50 30 36 45 
26 19 44 19 24 20 31 55 22 17 11 21 20 31 42 9 21 35 13 11 32 32 14 13 11 16 52 14 42 19 55 47 8 44 7 24 55 35 25 
17 31 20 11 23 54 8 12 17 48 47 36 26 46 10 17 18 45 43 48 50 36 12 47 39 51 41 52 32 43 14 20 31 13 13 26 50 45 20 
55 43 23 21 11 16 13 49 38 55 19 37 50 39 21 26 27 48 11 26 12 18 14 53 50 45 7 24 16 18 22 24 9 10 31 7 26 33 48 
15 55 17 25 32 15 38 51 8 18 48 28 37 33 46 17 11 23 13 18 29 25 7 17 17 44 33 38 52 51 20 35 24 28 44 34 7 17 13 
23 28 51 28 18 44 54 50 27 23 38 48 11 10 55 26 44 20 43 31 29 14 43 35 40 7 13 52 38 33 44 19 11 47 20 44 50 24 30 
54 7 52 9 30 54 44 33 52 33 33 9 30 46 13 15 19 22 32 24 42 47 8 52 53 21 37 26 8 48 23 53 47 28 37 40 18 25 54 
26 43 25 16 51 41 9 31 15 51 19 18 14 47 15 16 45 44 30 14 15 8 43 9 32 16 40 53 27 9 13 45 41 46 22 32 41 29 10 
23 48 41 37 49 39 28 22 30 10 24 42 25 42 37 48 41 42 30 29 30 18 12 7 29 42 50 53 21 22 24 42 10 11 18 43 37 42 26 
23 16 32 13 10 25 13 35 30 54 34 35 54 8 11 55 12 48 52 39 7 36 41 33 22 7 10 47 41 53 39 36 50 9 14 28 44 16 12 
36 23 12 50 49 51 28 11 9 13 20 38 21 34 18 25 25 19 39 20 54 9 23 37 23 17 15 48 38 39 28 10 53 33 34 11 13 28 38 
22 32 13 39 45 37 27 34 40 50 46 50 8 28 24 22 35 11 55 34 42 16 18 53 24 43 45 26 37 39 33 30 16 16 49 36 43 8 34 
41 40 14 36 17 40 11 26 39 20 12 29 36 8 41 43 39 43 25 14 48 55 14 10 15 16 32 49 46 8 42 18 10 36 22 26 47 12 16 
18 28 20 11 19 13 20 19 55 40 28 27 22 32 44 25 17 50 49 26 48 52 40 33 30 35 49 37 22 8 22 44 26 42 41 15 12 49 31 
37 29 43 47 27 10 54 44 39 27 25 42 41 47 31 46 49 20 52 23 54 36 36 21 29 14 51 42 41 27 26 48 36 49 8 29 38 48 36 
30 41 8 37 44 34 43 16 8 52 38 12 31 15 22 36 11 30 9 11 10 20 36 42 19 23 42 8 9 33 15 31 35 43 53 12 47 31 26 
47 35 20 20 48 36 25 31 47 50 38 22 17 31 27 46 19 17 35 43 7 9 33 30 37 37 38 10 53 18 44 27 13 53 49 13 50 18 22 
41 16 35 48 29 51 38 35 30 7 17 38 52 42 10 45 45 23 39 24 44 27 16 48 10 55 17 14 18 33 7 55 14 8 27 46 55 15 11 
19 16 42 39 16 40 18 37 49 54 40 24 13 50 48 16 40 32 39 18 30 31 13 39 11 38 46 27 13 24 29 23 24 14 42 14 29 44 37 
