81 125
120 191 173 144 123 125 41 52 40 74 49 45 106 194 93 186 167 166 139 28 197 35 181 122 95 132 102 67 104 53 154 89 78 174 188 190 103 196 78 179 175 76 65 193 32 40 145 62 184 97 101 43 100 107 111 78 125 157 50 165 122 100 145 101 190 36 56 66 179 70 102 118 29 138 92 96 41 165 171 92 99 45 180 82 128 69 144 148 104 196 136 172 191 60 82 176 172 122 31 180 62 152 133 184 69 141 176 41 28 74 155 42 55 64 108 43 28 57 135 34 144 97 139 129 99 
177 169 126 185 27 129 149 59 66 151 35 58 132 124 164 196 119 50 130 171 39 187 184 197 171 132 108 52 113 65 88 107 36 107 107 136 97 188 121 77 47 46 132 194 161 142 147 108 156 179 33 85 143 82 28 112 140 159 163 136 37 91 174 194 118 148 196 146 161 44 152 148 129 196 170 73 111 26 37 157 74 76 63 110 94 143 156 68 189 196 142 155 68 35 129 171 127 38 58 82 168 102 133 81 29 75 176 92 95 26 194 103 27 59 43 75 125 135 122 86 104 137 43 148 174 
181 169 39 138 192 37 25 122 128 34 99 130 49 108 43 110 162 172 123 138 55 143 79 73 112 138 191 58 125 192 126 153 106 65 153 35 56 119 150 32 168 129 33 38 102 28 45 102 38 74 111 158 132 109 29 60 63 80 67 129 39 95 144 38 192 127 120 133 33 44 151 138 32 132 122 84 129 158 198 189 67 69 89 155 155 196 96 38 140 71 51 90 137 52 174 150 128 43 82 81 25 175 161 49 52 172 39 48 100 128 62 28 187 173 82 58 182 182 91 82 91 81 80 138 50 
125 173 119 168 34 70 84 75 172 127 180 26 56 45 91 72 78 161 30 47 68 191 172 178 183 89 27 118 94 41 47 140 126 192 96 45 173 130 28 189 141 142 29 94 180 122 174 180 78 131 89 160 92 53 80 137 124 35 68 132 109 123 136 145 89 142 178 123 78 81 177 107 118 51 189 166 88 79 111 180 122 105 42 42 75 133 150 69 41 195 103 147 85 55 68 123 92 95 175 62 25 159 191 177 131 143 158 141 38 150 97 196 140 88 132 139 153 91 142 130 180 124 38 62 58 
104 163 36 143 99 126 158 128 141 164 183 133 49 73 83 69 168 127 147 105 117 141 129 196 114 79 33 84 167 67 118 72 77 144 48 181 184 134 121 59 50 46 114 123 192 191 177 66 91 167 30 148 96 142 42 195 115 188 94 36 187 156 143 198 139 108 54 127 182 71 174 141 90 52 38 86 45 184 186 105 59 42 103 44 138 154 129 165 184 152 70 132 197 43 75 52 176 127 142 187 142 44 75 133 124 83 156 114 166 139 106 100 162 66 59 135 108 195 170 191 135 81 156 106 138 
158 196 138 137 184 83 81 91 156 97 159 86 120 184 109 48 83 43 157 99 186 30 51 79 113 119 89 77 65 156 33 101 181 84 164 161 65 130 106 39 55 100 69 93 65 81 137 92 104 94 51 94 83 164 107 50 47 35 34 189 112 73 83 100 30 71 29 39 49 101 194 83 27 115 197 33 26 127 191 155 59 64 38 151 53 115 83 173 194 92 48 193 74 56 130 128 141 71 56 100 97 64 143 137 65 50 130 43 194 40 76 194 99 41 40 110 73 81 155 113 179 52 49 51 81 
156 150 41 26 113 175 101 29 174 39 31 170 99 121 90 44 33 170 145 26 166 112 106 36 52 76 156 83 191 150 88 169 154 158 31 187 47 160 95 102 80 63 41 169 159 142 35 61 46 195 153 106 53 40 169 38 159 109 103 172 198 127 108 112 154 49 85 139 177 33 148 137 158 96 74 121 62 183 97 70 44 93 114 94 62 25 167 93 30 162 144 70 53 184 164 130 43 168 64 37 167 181 159 44 51 64 74 28 47 134 98 41 75 87 135 83 87 171 32 183 76 123 156 102 190 
189 195 62 29 144 90 156 197 136 149 113 121 57 84 188 166 132 41 88 154 94 72 178 190 80 169 34 146 104 110 129 112 145 152 185 162 124 155 74 93 28 95 145 174 31 126 146 180 161 174 128 141 132 108 188 79 177 178 42 176 85 136 129 183 125 114 110 172 179 170 125 141 176 158 27 38 49 27 139 133 157 115 164 96 41 60 45 34 152 140 167 66 151 106 29 69 51 49 177 103 78 31 70 100 45 95 84 147 104 118 123 123 195 63 58 103 43 127 27 44 116 81 51 26 83 
113 156 66 87 168 56 139 104 129 70 124 47 27 31 87 172 68 171 182 186 125 109 154 182 86 69 33 27 90 68 180 59 107 34 176 129 107 152 76 113 29 61 78 86 81 26 106 107 112 178 166 62 57 61 148 81 97 164 91 25 160 38 31 69 77 112 50 84 157 80 30 131 26 96 169 137 102 191 188 151 171 44 96 173 91 105 181 101 131 192 130 97 110 103 93 84 52 33 197 110 32 72 196 49 49 56 73 142 122 109 104 187 148 140 105 138 182 48 196 188 134 150 116 135 61 
87 155 132 155 73 141 31 93 157 36 155 67 51 160 111 62 195 172 141 155 192 149 165 173 82 167 42 34 37 185 36 28 197 81 101 27 53 93 158 133 102 88 83 25 28 150 128 145 151 158 105 53 53 175 76 36 74 143 48 26 143 173 72 92 146 52 104 43 26 29 172 70 55 32 38 139 42 59 120 196 110 76 40 94 146 125 115 38 105 196 112 61 179 143 63 111 81 98 67 90 100 149 123 177 141 102 152 144 41 62 34 162 179 84 182 158 39 171 77 55 106 197 70 121 38 
158 74 186 182 97 194 99 101 69 75 40 161 146 136 42 90 99 176 120 88 134 60 100 103 125 181 137 159 92 93 170 128 154 193 74 83 186 92 36 146 39 169 124 67 94 160 165 75 166 62 39 66 80 122 59 137 35 141 180 198 138 49 35 53 182 116 128 141 173 115 138 174 67 97 37 130 193 26 186 127 73 146 125 136 93 100 137 115 50 149 81 78 103 144 106 112 164 73 183 47 183 78 40 191 44 147 28 129 184 163 162 77 152 91 193 68 75 185 82 69 86 67 38 88 120 
163 112 84 84 81 142 165 133 193 57 28 144 159 188 50 131 119 137 57 33 41 62 118 130 85 195 33 56 61 84 196 173 51 111 102 32 121 92 190 189 192 188 40 128 164 86 142 55 65 125 138 92 92 85 177 92 137 178 162 35 84 91 61 35 152 143 177 148 179 189 83 88 86 186 60 105 33 121 43 180 165 71 49 65 187 103 42 109 143 178 144 101 103 50 118 147 92 167 95 107 153 186 180 161 161 72 96 169 182 58 124 56 97 185 92 142 55 193 128 177 65 32 193 144 164 
80 27 156 133 184 50 41 65 143 98 69 114 194 164 188 163 138 142 125 54 196 61 48 192 100 178 90 26 195 61 112 89 194 115 197 166 114 179 135 72 179 62 79 151 183 46 132 136 87 183 44 44 100 150 195 182 35 86 62 138 116 27 63 189 123 43 82 137 27 155 102 59 196 94 73 172 61 104 25 92 160 64 185 59 167 89 66 34 107 182 167 93 36 75 164 31 70 83 170 28 42 60 118 158 103 137 76 64 117 180 180 104 162 45 137 137 121 138 120 122 28 189 30 150 116 
197 110 188 192 192 29 106 133 155 59 109 49 102 130 57 97 123 147 144 134 127 145 187 72 93 173 192 95 34 115 38 98 151 65 148 187 64 118 99 197 175 145 136 196 163 131 67 193 68 165 140 133 167 75 166 173 38 39 188 155 25 97 104 157 44 116 47 170 64 175 72 175 152 190 188 129 122 59 123 109 152 122 38 42 49 49 70 89 121 163 65 117 93 83 48 51 107 65 103 35 67 69 195 154 173 167 55 26 38 146 179 174 57 77 32 52 100 151 65 46 143 115 146 80 25 
26 196 98 101 106 82 90 91 159 96 35 159 49 125 74 124 124 175 170 35 78 41 125 37 87 183 133 197 92 187 143 45 193 164 125 84 147 176 68 133 189 36 39 198 36 105 63 155 157 156 91 63 55 60 118 126 47 35 132 86 120 136 191 62 180 76 63 174 140 63 182 155 102 147 27 158 33 185 82 109 145 100 31 52 107 101 127 150 191 94 151 196 98 189 172 189 74 49 48 196 38 144 126 158 36 78 181 192 52 44 168 62 66 80 59 149 94 132 90 90 58 182 159 160 156 
37 97 162 90 65 142 39 189 190 188 167 158 55 146 107 43 196 197 52 39 162 112 42 159 82 116 78 86 49 113 78 64 26 110 153 76 152 158 176 68 111 81 67 188 48 127 64 186 63 170 154 28 112 163 55 97 125 48 154 95 69 117 109 58 50 185 25 67 98 56 87 194 117 109 120 163 138 71 164 128 132 35 66 147 81 109 110 154 163 74 111 163 83 142 68 133 198 131 181 65 196 73 74 83 91 179 158 30 103 87 47 153 93 159 96 174 97 114 187 114 57 106 164 104 37 
196 115 101 53 119 138 100 148 130 149 125 163 90 161 42 53 144 109 188 57 164 180 93 178 94 156 99 33 121 52 96 149 151 187 181 83 31 77 45 164 188 34 122 71 175 71 76 143 131 167 159 94 27 51 137 145 114 175 111 98 109 54 171 108 152 40 120 74 169 150 34 93 78 149 160 92 75 108 146 117 39 158 99 58 83 107 163 109 50 56 30 162 179 196 41 51 144 193 178 63 36 193 164 64 63 163 85 176 83 161 61 159 184 136 150 54 95 30 165 158 161 135 138 93 52 
126 187 46 176 61 153 48 62 137 93 137 52 155 33 169 92 47 113 160 161 36 166 142 128 166 156 84 166 53 130 122 27 109 133 29 153 164 63 95 174 49 198 60 95 144 75 106 182 67 155 106 78 93 159 51 79 138 122 185 110 97 44 93 189 86 63 48 141 157 98 176 185 35 67 158 59 148 41 101 30 33 65 152 71 75 89 165 29 125 183 109 194 140 86 154 163 31 185 125 64 95 152 100 94 172 122 161 73 140 47 105 81 143 32 30 87 41 75 130 128 44 139 71 75 66 
52 122 168 181 93 162 63 100 111 162 84 101 175 131 76 138 91 90 90 94 101 98 111 114 119 129 185 131 42 42 32 100 80 177 76 51 39 109 84 62 32 146 114 192 176 175 45 119 103 42 114 141 38 61 163 180 160 76 75 76 84 38 87 70 128 53 182 171 133 70 108 44 85 90 35 152 94 163 53 164 69 80 98 51 168 141 130 191 72 127 89 124 193 121 129 36 148 195 150 60 32 25 98 174 198 44 171 60 100 175 93 133 25 166 121 193 135 189 54 160 186 170 124 196 28 
106 141 116 30 138 113 74 68 52 57 110 119 131 163 152 42 54 198 117 120 100 144 161 190 167 126 152 138 104 139 134 25 149 34 139 181 72 161 28 122 110 138 158 118 91 177 162 79 86 91 150 90 109 33 159 143 79 118 126 75 196 165 99 186 94 37 57 73 27 156 111 162 190 75 159 167 194 103 37 101 31 170 153 128 30 173 132 177 34 67 37 135 90 122 164 177 70 195 50 101 49 146 195 63 170 153 183 170 153 70 40 144 36 60 49 79 121 154 111 31 68 48 193 55 144 
117 87 106 133 63 129 132 86 130 69 127 132 178 137 150 157 159 120 86 122 120 108 183 192 94 48 110 151 176 148 137 32 86 125 37 37 107 133 86 100 172 190 45 39 111 154 177 68 112 138 69 181 165 27 38 71 124 33 83 56 26 39 106 29 98 93 122 159 132 74 55 191 116 112 111 73 122 81 82 48 197 44 78 33 54 195 165 64 87 195 54 195 134 179 194 194 167 193 184 54 98 87 178 120 102 128 116 108 192 58 162 106 63 56 179 128 140 136 153 146 131 166 146 146 33 
128 170 193 28 188 186 193 183 184 185 132 49 85 170 181 160 171 177 94 56 183 121 85 124 75 48 194 63 136 163 114 108 29 89 58 122 107 178 157 186 100 147 26 120 103 58 148 80 154 121 106 69 122 191 94 34 115 179 158 103 89 161 62 138 139 110 69 27 68 111 163 128 84 76 134 70 151 50 75 159 35 152 86 123 63 123 157 107 134 62 62 138 100 43 170 63 86 44 119 86 41 77 60 123 46 31 116 28 119 150 139 181 136 140 163 127 55 137 89 40 70 189 178 174 160 
148 82 91 131 159 54 185 35 196 91 143 127 72 103 58 98 156 96 197 28 170 138 62 115 73 42 92 34 64 99 56 172 79 132 58 132 136 32 107 27 144 143 35 176 129 134 184 35 60 151 125 90 98 115 145 181 83 39 94 27 167 134 155 128 43 50 74 186 117 108 46 140 197 142 197 50 76 30 147 28 171 36 148 125 178 42 87 100 107 90 147 106 52 193 46 114 162 87 56 96 64 180 91 179 82 122 142 127 186 30 161 145 124 47 27 59 136 59 184 159 61 191 42 155 187 
98 178 181 164 66 186 190 107 45 49 44 67 45 172 31 27 167 43 195 157 63 85 46 158 143 99 38 104 151 188 67 115 25 25 186 42 95 109 163 196 99 26 121 153 92 111 31 34 134 142 136 67 182 155 183 194 180 88 84 194 60 106 131 178 55 112 125 38 32 29 170 101 56 78 83 195 138 101 162 175 46 117 68 84 26 111 53 126 176 75 39 137 165 110 129 193 54 165 151 134 188 188 25 170 55 162 87 123 53 154 110 177 156 47 183 50 188 160 165 122 52 37 80 109 66 
139 124 151 194 150 149 38 167 51 67 161 190 58 155 73 95 33 94 168 150 74 68 71 91 130 42 58 137 145 68 140 45 176 128 28 196 36 37 186 135 169 49 62 50 141 106 193 102 57 149 38 136 61 33 151 74 190 138 35 91 51 69 46 79 126 40 34 33 42 58 44 79 86 81 30 115 102 75 147 193 61 91 84 66 166 129 148 170 190 41 27 166 175 178 193 134 162 165 140 103 41 75 92 140 136 156 39 177 102 118 190 126 151 77 63 139 158 151 179 110 77 96 129 107 132 
57 156 166 149 167 193 172 38 96 77 163 56 154 61 167 134 87 84 49 64 98 89 165 99 96 88 139 128 178 188 86 122 97 113 170 164 68 37 33 41 112 179 30 84 72 176 89 89 97 79 159 159 144 143 142 120 164 154 132 139 173 54 169 128 197 93 195 27 63 147 68 124 131 134 143 89 139 170 76 38 63 98 57 189 147 89 89 70 187 94 192 170 78 147 154 25 171 35 37 127 57 67 161 146 30 166 126 96 185 55 108 180 102 33 33 125 162 195 35 96 195 60 175 92 72 
126 142 98 34 127 178 71 73 87 146 85 116 179 123 108 95 127 61 25 75 143 65 147 66 195 92 69 136 168 39 43 41 173 192 126 129 123 164 146 80 143 110 44 149 93 142 110 103 157 180 78 162 139 186 122 90 171 88 41 44 148 192 82 161 109 150 124 68 88 159 155 102 53 98 80 148 148 121 121 104 141 143 40 109 149 120 134 119 81 108 183 45 166 105 196 97 106 166 179 198 109 30 53 173 33 173 83 171 84 102 148 103 69 106 90 161 46 103 130 93 107 74 104 177 59 
161 56 144 147 60 149 76 124 90 125 34 119 114 123 67 67 119 171 52 99 75 175 183 184 69 154 74 27 44 53 166 35 154 69 81 42 73 135 168 40 181 174 62 56 140 115 125 118 131 37 78 97 179 30 130 132 165 167 67 185 88 177 109 93 92 158 155 173 57 135 153 73 129 36 62 40 180 89 28 47 81 91 140 35 107 146 104 174 188 118 79 56 181 51 25 33 35 112 28 108 170 39 31 113 154 50 70 152 187 30 122 150 78 28 74 171 25 94 125 160 148 159 178 150 194 
68 75 128 82 162 68 44 181 144 187 196 173 192 68 63 190 165 155 51 164 153 191 123 173 158 181 188 39 140 139 105 77 111 161 108 33 114 176 57 105 189 44 144 90 124 96 181 173 146 191 96 67 177 160 138 169 41 178 158 81 120 93 127 140 73 105 180 78 157 81 102 152 84 44 93 31 127 134 54 76 45 88 133 94 135 119 168 114 99 108 156 73 77 108 134 189 28 160 172 52 176 95 128 136 103 198 151 102 172 114 141 92 174 150 30 184 103 33 44 179 60 172 182 149 90 
89 35 47 175 149 173 121 146 69 81 66 125 196 150 177 35 81 31 81 97 126 84 92 192 96 113 36 181 77 87 137 42 167 81 73 83 97 57 148 142 198 73 142 30 53 69 105 167 198 118 91 27 147 43 81 90 165 79 177 145 138 31 32 28 186 172 65 147 64 187 101 43 166 38 110 177 100 80 191 136 164 153 73 72 138 75 56 44 93 166 130 58 69 84 103 121 169 25 187 126 78 137 52 176 172 194 32 65 180 33 148 119 149 112 168 55 57 146 138 50 80 179 75 83 133 
164 146 90 78 110 149 83 29 91 116 145 75 171 149 125 109 32 26 48 148 27 128 44 130 70 90 195 162 97 153 168 162 155 111 198 58 133 145 91 123 71 48 61 81 63 32 46 81 151 33 120 39 154 123 173 26 31 183 32 82 126 53 152 130 143 116 174 134 30 38 112 136 131 174 191 165 73 133 51 89 190 130 54 113 47 115 119 146 179 37 75 164 59 65 55 165 56 146 186 42 79 171 59 47 176 105 78 74 45 170 75 98 37 159 119 137 68 130 33 49 108 188 121 94 144 
143 140 72 142 64 151 165 86 34 34 99 183 138 67 194 171 165 184 47 121 54 56 173 51 103 193 81 136 56 184 150 51 28 40 93 32 117 142 65 144 173 143 99 48 96 183 101 59 95 103 194 86 90 95 48 116 97 129 97 132 94 197 133 134 116 96 42 190 82 92 129 51 169 35 123 146 77 153 184 175 76 144 134 64 65 47 116 86 78 194 34 52 164 72 92 107 177 187 52 179 71 34 100 62 84 187 156 185 106 136 82 59 176 113 188 90 114 108 96 67 26 114 46 108 52 
110 65 26 120 37 106 168 120 153 75 196 106 35 157 181 83 105 186 53 198 105 70 169 123 107 57 163 172 82 74 126 59 66 160 59 95 67 52 109 83 94 34 115 40 187 118 122 68 68 136 146 123 117 104 154 26 82 123 64 62 77 98 132 176 27 77 189 157 130 113 160 92 177 77 119 168 42 57 130 52 186 159 88 133 149 181 36 36 112 75 154 136 134 124 176 45 118 97 110 146 147 82 150 30 179 188 94 93 50 149 181 183 142 126 36 132 155 166 63 57 196 106 167 31 74 
135 98 152 95 40 147 146 161 183 48 62 32 179 92 73 152 121 156 77 169 153 135 157 42 69 45 163 82 110 71 45 72 83 111 50 97 72 153 88 53 39 140 47 53 156 106 32 118 93 191 36 84 59 179 26 128 107 45 175 137 54 173 136 139 68 103 151 71 196 91 32 118 54 153 181 78 108 62 89 82 32 99 171 142 190 72 103 160 61 33 81 125 187 135 171 119 46 102 93 122 57 98 56 197 29 67 184 153 30 115 82 182 115 181 175 58 83 62 180 187 94 60 29 83 123 
197 28 155 64 40 32 156 181 128 193 197 77 64 107 128 87 125 47 44 142 179 134 166 146 159 128 90 106 87 36 89 64 71 180 170 141 169 45 123 48 70 92 94 62 56 167 186 45 117 31 61 120 153 68 139 32 190 124 114 89 156 51 76 149 97 139 93 96 179 27 117 125 43 171 157 163 157 105 137 72 55 102 48 80 125 154 97 156 157 126 38 182 43 128 195 59 149 177 155 179 192 92 46 74 101 46 149 127 93 165 121 55 72 106 66 92 81 34 142 116 168 172 123 148 65 
127 115 53 157 183 189 156 178 52 147 131 59 53 187 140 141 61 30 169 62 84 71 197 38 150 115 95 95 138 115 184 164 76 121 50 157 175 150 168 135 169 52 192 75 136 50 182 131 195 135 67 90 94 194 56 142 61 141 164 152 91 171 116 67 107 67 80 123 71 179 156 196 166 186 36 133 194 163 151 98 73 171 161 96 31 178 177 51 73 78 160 25 57 171 89 110 40 28 177 80 98 197 150 171 169 29 26 87 146 35 93 99 189 195 51 195 102 176 112 191 178 182 155 152 194 
179 104 182 103 110 32 106 149 126 151 126 110 143 172 83 102 107 84 148 85 194 153 195 66 121 142 34 133 44 51 33 97 32 77 145 33 115 146 47 78 137 78 89 144 195 150 82 184 78 56 179 110 186 183 144 157 65 50 56 86 110 153 150 129 103 74 169 29 106 37 81 43 175 51 176 116 186 148 160 72 64 83 82 73 115 101 74 164 79 181 121 53 47 78 54 152 190 188 105 96 138 98 160 158 191 167 173 162 36 189 92 35 126 107 127 180 136 93 77 128 57 34 59 99 144 
76 157 154 157 138 165 172 178 78 46 39 34 87 66 44 51 121 175 132 111 150 75 101 35 55 61 161 88 185 126 41 146 116 116 88 175 81 76 122 179 141 27 65 26 139 158 39 114 82 119 91 40 34 70 71 43 183 162 159 88 198 84 37 128 107 42 92 124 85 102 34 187 101 146 169 86 49 129 65 25 103 36 118 180 195 153 28 25 146 47 151 42 186 122 107 25 131 99 148 189 80 70 156 112 69 99 127 148 92 153 80 91 149 84 27 171 54 48 124 110 141 130 65 63 124 
106 96 108 45 101 82 99 26 174 139 137 35 92 25 37 52 196 38 73 78 133 116 120 166 82 34 185 131 67 139 97 188 40 174 37 168 145 197 55 81 118 151 76 109 157 73 169 35 184 100 120 38 44 116 31 184 77 122 47 84 30 100 153 65 126 97 159 128 31 176 94 153 84 108 126 117 28 156 153 65 189 77 189 120 138 70 91 86 63 36 65 141 129 161 81 50 70 133 38 192 74 185 147 118 168 34 118 54 73 117 74 71 187 55 97 69 93 32 146 56 25 57 115 158 176 
25 88 67 119 123 95 163 70 172 93 174 81 110 41 38 188 158 85 139 176 160 109 96 100 74 55 193 153 157 114 49 95 167 96 67 82 81 90 79 148 41 172 83 196 161 146 130 33 157 113 34 126 48 177 66 59 167 29 98 134 123 135 78 96 92 152 149 141 169 111 94 146 179 109 108 41 113 35 157 76 60 154 73 198 54 176 79 94 129 61 107 31 139 55 46 92 77 145 97 93 81 50 137 70 62 42 74 151 56 35 188 140 122 37 141 56 95 81 115 149 134 148 61 100 139 
81 163 161 63 138 69 168 137 132 133 94 50 125 184 102 120 56 107 101 35 184 34 86 78 69 165 51 35 70 179 44 162 106 177 93 129 36 144 34 60 153 187 157 114 161 152 126 194 96 104 119 27 38 168 114 126 193 98 78 156 74 191 110 62 67 127 72 191 154 195 83 141 122 169 71 185 91 72 79 153 196 73 176 111 93 50 110 178 130 81 163 86 187 90 161 86 166 54 50 127 184 129 151 197 26 187 55 35 89 183 125 35 147 140 72 86 160 41 124 41 61 102 52 131 100 
129 144 176 180 116 143 63 107 169 152 146 181 121 30 146 53 58 109 36 118 147 125 114 54 60 52 34 34 157 188 83 86 72 31 148 41 128 117 80 159 167 85 126 133 134 82 151 58 174 125 56 34 112 185 141 187 121 107 114 132 126 191 165 26 120 105 153 185 74 133 162 166 63 86 146 156 51 183 160 136 105 124 91 143 111 37 72 158 91 177 171 183 59 27 145 159 156 32 151 97 183 122 195 29 178 142 146 102 103 177 127 34 101 191 126 97 104 39 177 103 41 116 191 64 194 
62 45 34 34 146 154 112 36 124 136 119 161 32 164 34 171 136 80 149 150 144 194 163 58 26 160 111 193 92 155 141 63 76 72 80 106 45 157 86 93 108 132 179 48 194 175 167 27 72 120 188 152 180 81 183 170 172 35 42 161 177 25 131 76 194 105 99 61 107 86 193 175 106 177 136 76 48 137 120 79 163 132 104 155 46 141 96 117 182 175 61 108 179 103 131 123 182 40 130 190 36 27 134 47 194 43 98 46 83 109 187 159 174 80 142 69 43 195 53 159 105 104 107 115 108 
38 111 33 35 77 165 128 86 171 49 60 44 45 124 84 52 87 175 101 157 170 159 58 140 107 184 150 155 174 69 61 46 164 182 163 155 142 150 173 67 114 57 36 187 167 53 57 143 103 47 144 158 48 69 36 45 75 193 123 83 167 138 146 47 103 156 120 115 179 153 75 159 137 84 155 163 57 134 91 103 182 154 185 43 185 35 170 125 172 111 169 149 183 164 78 76 162 112 26 73 31 134 142 161 104 156 130 149 77 166 57 162 46 71 61 194 91 49 145 192 168 186 30 92 95 
122 179 111 174 164 131 120 139 124 67 189 151 39 30 79 140 72 144 56 41 48 192 179 92 63 136 80 164 177 93 164 148 114 44 162 129 63 100 46 147 42 42 87 59 183 147 62 67 71 50 65 36 28 188 76 75 26 59 111 80 113 107 148 191 190 53 145 125 58 66 48 121 53 173 133 114 143 150 192 32 164 86 31 178 47 68 82 55 81 36 169 52 122 168 113 152 123 96 170 126 147 168 142 27 155 132 103 187 36 46 163 59 182 187 104 137 67 83 93 186 82 104 42 85 196 
29 64 33 98 95 85 86 76 130 109 140 179 146 90 192 135 139 176 128 143 25 58 95 25 141 114 46 129 156 124 179 73 141 112 139 135 117 50 122 98 94 125 53 84 125 91 147 108 160 140 118 72 122 149 44 74 31 150 54 39 57 192 138 169 140 141 100 34 30 132 163 87 86 133 72 127 121 72 57 130 178 79 158 178 154 196 78 55 184 197 118 46 49 166 109 123 195 76 138 64 192 191 121 142 128 126 55 53 48 80 146 122 43 120 46 98 64 99 168 81 48 131 102 43 124 
103 164 136 117 191 30 159 127 47 78 160 194 95 108 136 197 123 162 157 63 99 176 175 170 187 91 128 114 110 62 163 62 144 187 44 194 175 147 142 84 76 37 76 80 193 181 197 135 125 73 60 147 76 28 180 188 177 197 148 185 116 189 29 27 101 173 180 128 56 67 81 110 86 112 39 106 54 179 178 43 82 122 157 144 111 144 186 35 35 186 198 57 184 166 144 157 104 37 48 148 151 79 110 51 149 105 180 190 55 83 98 185 136 78 113 83 78 95 155 67 163 28 78 115 164 
97 85 36 189 35 174 81 70 198 80 194 185 103 86 139 46 183 89 49 103 159 40 107 81 168 174 87 174 36 145 161 80 48 29 36 126 117 82 40 120 167 86 150 74 120 134 102 107 29 66 138 113 51 31 128 44 83 171 166 107 161 160 118 124 97 92 155 114 108 27 146 133 32 170 39 135 41 164 118 132 114 72 115 145 119 40 124 59 100 78 170 26 45 154 143 190 109 61 128 27 109 183 109 168 148 154 116 122 86 107 113 133 138 94 198 141 25 62 128 157 86 66 56 138 140 
196 42 166 82 192 190 53 145 189 171 53 189 161 35 106 57 111 129 54 45 191 54 131 51 68 57 68 103 34 45 89 62 160 94 114 146 111 196 172 181 123 163 65 197 147 61 68 91 182 151 125 92 25 76 45 180 132 125 159 109 51 34 187 118 73 112 84 36 149 34 100 43 104 36 136 49 131 197 64 196 140 54 104 25 191 112 75 148 182 79 157 83 94 189 128 80 61 140 126 149 185 28 35 73 115 94 128 167 148 69 182 78 123 117 41 185 82 93 83 29 137 196 122 189 193 
68 96 48 169 112 49 83 107 187 85 133 55 174 135 115 121 38 119 184 26 154 87 126 135 160 193 110 177 50 174 148 165 188 62 121 79 138 181 90 155 84 38 190 103 59 69 58 101 197 66 78 126 105 104 162 106 189 82 154 179 96 194 100 63 52 84 83 142 38 27 33 62 78 46 137 62 171 125 58 89 94 121 124 160 80 120 50 53 95 33 131 54 145 113 31 67 179 65 179 113 38 142 196 146 153 116 90 183 123 33 191 96 179 53 33 74 73 41 198 94 165 180 69 99 131 
33 54 193 191 109 56 136 198 134 185 42 32 44 95 118 51 32 32 140 59 64 89 85 30 119 162 127 197 42 30 129 105 53 187 56 150 169 165 98 108 137 28 85 110 56 123 188 94 190 99 190 185 30 149 162 67 192 149 59 133 149 128 53 175 87 56 99 86 161 124 41 62 102 56 100 117 172 78 123 159 44 113 113 116 29 125 134 66 90 100 158 128 177 112 112 166 105 174 184 177 145 127 162 64 149 160 40 97 140 84 95 156 52 102 124 187 99 139 98 35 50 197 171 69 128 
189 57 187 127 87 133 171 82 62 177 58 161 180 150 193 86 131 133 170 32 52 168 132 70 132 197 95 124 118 90 169 133 139 90 126 55 45 181 194 135 33 123 52 130 154 51 46 156 142 84 174 83 82 190 177 148 146 196 25 128 81 153 87 118 142 38 96 189 33 48 48 88 138 25 173 45 76 129 36 55 144 168 80 183 154 33 177 96 38 25 122 46 30 136 99 34 188 120 103 190 165 101 99 30 51 54 26 120 125 75 157 95 35 189 38 77 130 68 185 162 174 47 48 36 38 
173 159 145 138 123 34 52 106 195 40 197 73 139 143 159 97 61 91 143 163 44 144 137 57 98 57 41 36 91 109 126 142 121 80 42 75 170 188 64 64 197 176 33 27 120 77 72 94 150 72 91 52 131 198 152 182 107 30 146 193 138 88 114 42 191 53 149 65 126 106 155 25 152 34 166 77 58 131 62 115 182 133 92 141 131 182 138 179 148 135 45 109 89 118 134 96 82 128 52 108 68 150 77 52 174 38 146 193 45 95 87 175 61 49 81 103 173 80 47 38 166 32 84 34 115 
102 147 96 140 90 101 132 58 38 158 113 98 178 185 102 160 158 158 136 108 84 198 60 72 164 57 103 112 104 106 157 83 118 161 25 140 52 162 166 75 136 138 125 172 135 169 160 169 172 112 160 131 134 198 68 91 130 52 102 127 186 156 132 181 72 181 116 97 154 58 169 79 110 41 88 187 74 124 129 47 100 125 26 183 181 149 167 61 142 25 128 122 28 68 171 172 164 94 35 94 102 157 90 185 150 62 128 183 81 161 158 43 25 191 46 88 64 85 94 93 68 138 114 136 53 
111 81 36 186 64 106 50 157 159 95 27 161 43 44 139 101 174 47 36 91 188 146 31 115 125 39 153 194 142 128 103 186 105 50 77 168 197 143 183 32 133 106 27 48 106 112 112 159 150 154 61 37 160 34 144 120 171 60 130 105 189 132 138 37 190 143 114 198 130 40 196 46 173 31 181 66 198 104 48 146 92 72 132 182 29 69 53 184 101 90 130 88 192 56 74 62 180 182 126 74 128 106 149 88 107 56 60 183 27 157 74 94 85 79 68 154 175 114 196 94 97 51 179 196 59 
127 104 48 85 149 122 62 49 36 173 192 187 68 86 73 51 130 152 127 124 150 192 46 49 99 101 74 81 134 48 77 102 70 195 104 173 125 97 137 34 114 114 138 174 167 197 117 198 80 29 50 111 191 109 182 191 28 169 150 56 181 72 85 99 37 34 25 94 68 139 50 45 70 61 137 80 39 77 170 45 73 87 50 85 150 102 81 97 97 118 27 104 126 157 101 177 130 132 95 105 37 144 70 94 43 169 144 175 50 31 149 88 77 87 108 113 136 28 68 71 115 133 25 98 188 
191 132 162 127 193 168 196 78 164 179 75 143 139 142 56 151 52 84 127 80 148 120 107 135 186 73 57 136 184 196 54 47 99 66 113 47 164 72 146 49 164 189 50 84 86 87 153 43 169 131 69 140 159 77 122 55 101 195 117 54 70 56 69 124 139 144 77 104 57 125 54 149 44 141 131 117 194 145 170 118 167 94 48 44 81 167 62 85 38 190 127 194 125 126 145 81 132 25 154 122 129 103 32 94 80 84 194 106 132 102 177 168 92 127 134 174 117 155 83 170 61 105 194 189 51 
35 194 138 123 187 100 114 178 98 168 112 68 67 172 50 100 122 102 149 90 156 101 178 188 112 139 127 157 163 130 165 141 81 32 42 129 119 59 109 189 58 47 184 131 78 157 75 196 57 59 180 58 165 69 176 48 96 27 102 65 65 142 82 57 188 26 107 93 70 61 39 95 197 28 110 25 113 70 91 111 74 138 193 40 84 149 137 98 70 153 121 80 97 89 151 54 192 40 115 110 170 127 198 72 63 153 192 183 108 112 147 134 26 156 162 65 193 160 45 115 36 72 134 131 81 
113 134 46 190 137 61 83 32 160 25 129 160 135 29 147 119 77 129 97 144 133 166 26 189 86 190 168 135 119 195 69 189 62 159 184 26 116 106 186 85 172 82 110 158 58 190 190 86 37 115 72 52 167 98 142 123 138 125 168 140 188 115 75 129 122 80 168 148 25 53 44 173 110 73 160 42 90 75 107 187 123 138 196 159 86 74 36 166 118 171 88 137 198 154 191 195 73 172 118 55 62 33 84 89 152 68 145 123 191 52 131 130 50 77 97 151 156 72 173 134 170 30 85 77 34 
40 90 42 90 146 152 28 89 111 127 93 172 36 106 157 51 191 191 153 170 176 106 148 25 181 80 146 140 114 155 109 179 181 123 139 175 140 174 145 174 108 32 93 50 197 162 55 140 82 132 147 186 113 41 76 171 69 71 198 104 42 121 185 100 104 159 87 88 130 35 113 174 59 46 123 114 145 84 158 198 59 135 121 32 106 196 116 118 146 147 120 188 28 57 172 159 80 161 70 49 48 176 128 198 109 106 152 171 134 63 142 162 150 62 198 158 37 172 134 165 172 123 30 108 68 
97 79 159 190 188 97 154 197 179 193 94 156 127 98 137 140 123 66 50 28 108 102 76 159 50 28 108 120 134 105 153 64 36 66 100 35 163 122 151 137 151 157 139 26 124 169 155 42 183 190 135 102 158 133 112 99 144 77 60 191 67 179 143 159 149 151 66 82 105 45 68 144 156 86 105 169 147 56 70 79 109 55 78 189 75 80 58 79 32 180 162 165 197 28 70 112 74 31 163 26 189 172 163 99 152 125 146 98 169 142 72 162 187 40 81 95 114 70 111 171 165 95 108 36 79 
185 146 103 99 191 115 130 103 116 160 79 43 49 140 65 83 181 113 163 128 35 30 76 36 67 55 161 137 191 196 198 179 141 121 94 173 100 190 177 98 185 194 176 149 184 167 78 170 38 197 78 179 193 172 29 112 152 131 38 183 115 171 158 128 138 139 65 84 71 44 119 171 169 37 30 51 191 99 132 53 164 152 44 67 175 148 185 125 110 114 29 150 181 30 168 60 80 112 131 143 158 169 178 123 149 154 116 141 167 179 92 91 83 27 151 173 197 140 125 76 86 118 155 115 96 
31 56 153 100 173 185 99 99 92 105 147 34 84 168 76 184 35 164 97 188 101 99 129 153 181 113 113 46 81 153 59 62 159 165 150 42 163 144 49 125 117 154 122 86 159 50 153 169 72 186 43 184 66 131 99 150 153 107 133 132 161 132 82 82 80 69 128 156 150 107 50 149 52 167 83 156 137 166 100 138 83 45 48 61 189 97 83 27 78 119 77 89 116 97 61 185 116 139 139 66 81 197 103 61 77 85 44 103 115 129 121 140 172 195 101 105 154 94 146 123 62 197 32 60 93 
189 174 145 39 98 105 81 184 141 163 126 162 68 54 189 67 82 138 136 177 92 169 197 43 122 192 111 53 35 73 196 65 41 142 169 159 63 159 174 47 94 79 117 183 35 87 46 134 191 77 58 191 45 27 102 106 139 69 157 33 177 74 125 58 173 165 37 180 138 177 195 122 107 115 132 160 122 161 113 112 112 53 51 43 126 124 113 183 118 49 111 174 177 124 120 33 135 152 134 115 177 194 177 42 74 190 66 76 47 145 197 186 103 131 165 165 157 133 114 109 49 174 86 93 91 
63 40 120 128 146 67 114 144 46 151 71 25 68 74 166 149 74 49 82 197 151 83 26 177 59 109 58 113 151 169 128 85 54 103 39 88 78 111 66 163 197 151 66 175 97 170 174 66 132 56 92 162 136 92 44 46 175 48 145 158 156 70 120 189 127 121 138 189 63 104 112 172 37 38 170 120 111 52 37 171 131 32 104 128 178 50 25 67 43 52 75 164 90 110 44 195 117 135 188 166 55 38 70 33 100 26 163 54 68 29 63 134 106 193 169 122 89 192 33 132 180 129 60 188 90 
62 136 168 189 76 175 113 127 47 188 178 87 36 176 124 57 148 122 183 177 126 161 75 37 147 92 113 165 61 30 68 73 74 74 43 194 48 32 85 131 121 154 161 87 109 104 152 170 142 106 197 101 166 63 107 134 40 80 167 77 95 129 182 136 159 195 158 83 48 145 34 165 112 92 157 109 55 176 145 161 59 48 94 139 75 88 122 51 197 71 198 145 181 39 173 156 118 168 185 78 181 143 106 38 188 145 151 85 155 43 187 148 46 174 68 120 80 148 158 152 106 106 162 178 110 
72 159 134 139 29 87 26 98 112 170 95 25 187 182 44 102 43 146 190 96 45 185 35 118 41 148 122 102 189 116 135 187 190 160 81 33 75 40 53 197 74 174 112 149 181 36 53 122 45 79 130 183 52 96 195 187 133 49 168 196 57 160 128 86 54 155 189 163 42 92 143 132 165 78 99 121 165 73 95 91 87 60 105 130 89 134 85 116 92 180 170 146 171 38 80 178 78 84 79 167 154 45 87 136 47 151 81 182 90 170 29 58 145 125 92 147 132 93 95 78 98 58 124 29 141 
115 64 194 86 190 139 181 197 38 122 38 193 36 90 68 42 197 147 80 189 29 133 123 181 49 134 133 161 152 36 182 69 167 193 159 194 35 183 138 153 84 173 129 139 152 53 198 73 122 30 96 121 70 44 151 26 180 86 116 102 191 158 161 131 183 152 47 40 189 34 175 26 179 151 71 110 118 192 141 146 136 166 47 135 100 178 65 177 69 52 88 29 36 167 139 75 150 188 172 132 187 45 59 78 73 110 103 104 155 105 25 69 70 154 165 65 154 81 135 126 105 112 177 50 26 
38 139 66 89 120 107 102 165 174 102 190 34 148 117 42 26 89 63 85 146 94 164 93 178 64 30 80 76 34 161 143 115 167 43 124 132 100 111 99 159 41 130 144 189 177 70 194 102 51 97 49 50 127 167 104 123 38 140 101 52 30 109 56 37 83 113 179 161 197 107 145 104 27 173 101 198 72 147 73 66 193 114 133 40 78 175 30 197 100 127 155 31 123 154 165 124 136 60 177 168 169 187 147 185 116 117 70 111 109 132 53 84 87 69 124 68 49 144 36 100 183 161 56 56 193 
137 88 89 54 35 98 126 109 159 124 139 187 52 135 139 132 40 95 110 72 130 129 129 58 141 51 181 109 143 50 163 47 75 134 177 145 99 168 54 83 63 80 177 185 104 182 133 195 183 159 166 28 144 95 38 108 117 107 178 61 63 63 132 166 164 25 76 95 57 63 193 142 171 197 192 61 187 172 105 163 58 138 61 78 162 171 57 177 90 122 64 169 180 93 28 142 132 120 122 175 33 59 77 139 123 126 79 130 27 144 53 168 152 96 84 125 32 71 86 114 189 61 131 112 25 
110 78 71 122 70 95 31 127 50 31 198 138 90 49 129 126 56 80 149 25 32 82 190 45 44 130 88 85 176 157 160 145 107 30 80 99 45 74 66 118 189 31 80 31 197 91 41 90 109 160 198 168 175 196 136 168 82 183 82 144 134 171 118 134 40 140 52 33 157 44 117 169 182 145 155 85 80 99 30 195 191 83 156 142 162 187 62 115 193 111 51 41 177 45 161 82 183 74 137 185 98 116 30 60 170 30 28 116 63 97 93 112 144 83 76 97 34 66 139 148 183 49 168 86 78 
129 172 165 132 180 57 177 198 133 121 188 142 140 91 63 178 183 125 62 192 41 51 120 121 198 135 96 166 131 62 76 121 156 50 185 149 96 155 162 144 126 82 110 113 161 137 96 159 68 83 65 171 110 32 188 42 160 123 172 54 123 40 148 186 159 49 92 166 148 175 55 190 26 69 106 114 173 171 40 26 55 170 171 175 28 72 159 175 68 124 95 123 126 96 162 85 77 26 40 91 120 126 184 74 188 85 29 33 71 64 128 79 60 129 118 84 157 88 132 72 50 109 129 99 118 
147 29 90 94 78 95 193 82 61 64 100 53 133 48 187 84 129 186 40 191 123 73 43 91 32 27 37 195 177 120 190 172 92 187 120 60 196 185 74 84 123 142 106 181 171 191 158 194 136 159 86 164 85 180 154 109 127 177 138 29 85 106 55 68 38 35 29 25 33 31 109 51 151 109 98 166 48 164 133 87 70 115 37 116 26 93 141 129 112 99 89 192 66 162 180 88 192 68 190 159 62 146 182 182 193 183 76 132 30 178 156 123 183 59 176 87 188 133 38 55 170 71 176 127 130 
160 95 97 161 153 100 75 126 197 78 147 102 120 34 112 159 176 166 79 130 116 28 131 130 73 85 70 118 198 45 102 176 60 162 179 50 152 173 44 80 58 71 62 178 141 196 93 25 191 193 116 185 124 91 87 117 61 68 109 155 180 144 116 56 146 73 177 67 53 131 53 193 157 116 148 119 177 141 139 88 118 116 43 73 38 171 46 190 166 159 162 176 64 52 121 160 33 179 151 101 125 90 57 45 85 181 37 126 108 191 92 193 165 119 171 147 163 121 52 164 77 194 75 166 79 
91 145 179 181 101 85 28 127 46 136 37 153 91 153 32 43 149 108 64 112 187 49 93 51 136 169 159 94 41 159 154 161 59 175 54 36 125 192 109 162 166 44 120 128 102 101 54 93 98 64 25 120 152 82 104 67 178 67 128 89 109 68 142 189 92 41 77 180 34 28 62 164 28 127 133 98 83 51 103 82 174 147 56 82 43 81 62 118 26 75 27 191 190 198 117 50 94 113 34 174 44 65 107 122 192 56 99 63 102 103 183 69 45 36 28 48 26 79 122 110 32 74 63 155 48 
177 48 146 77 188 180 85 45 68 150 33 168 152 53 115 135 170 44 115 66 180 118 151 119 36 64 121 82 189 158 174 165 144 50 194 107 151 136 172 123 137 88 179 100 173 34 140 64 154 63 162 71 60 39 150 134 132 119 66 174 159 179 67 113 168 52 137 67 67 68 155 100 66 135 38 126 127 94 178 145 114 124 101 55 101 102 67 77 70 146 142 120 86 71 146 132 133 74 41 71 77 77 72 112 164 83 75 30 155 118 118 193 102 34 55 72 46 99 69 35 180 44 92 198 148 
127 171 137 193 121 89 109 54 110 106 143 145 172 173 112 179 62 175 45 94 166 34 49 66 180 67 179 82 98 176 96 71 190 171 118 150 173 55 165 171 60 122 144 110 151 47 32 83 60 128 29 59 169 164 144 165 44 117 183 135 50 197 193 185 54 87 40 75 79 188 43 41 64 136 85 159 47 103 78 111 81 81 26 61 146 166 161 27 149 189 88 109 143 130 51 133 154 61 176 37 127 33 187 43 150 191 198 198 29 121 129 120 52 47 64 104 111 173 128 152 90 112 76 49 197 
189 99 154 132 100 66 138 180 70 153 57 64 74 37 120 146 51 173 43 189 75 75 169 125 82 186 197 118 93 65 49 70 117 120 47 93 117 152 128 145 28 25 31 89 121 114 155 180 131 196 116 90 67 187 117 50 145 119 59 192 137 169 71 61 190 180 144 161 64 80 33 75 39 50 49 161 67 145 175 137 29 118 71 46 131 90 79 77 94 174 66 57 49 120 120 163 43 169 37 170 32 44 37 123 184 180 94 173 131 52 147 110 105 25 62 81 60 136 178 146 179 70 88 43 127 
77 134 169 127 85 93 84 92 89 139 191 80 128 107 140 111 118 36 121 143 62 86 40 81 178 117 120 75 39 79 83 179 112 41 94 78 98 172 166 106 164 38 42 39 129 47 145 62 138 194 109 47 188 98 75 162 32 51 130 158 81 174 175 102 80 156 152 120 77 148 48 149 187 168 60 148 173 61 51 69 156 149 169 64 129 183 174 74 179 119 56 106 68 128 159 115 44 29 141 72 66 146 68 90 101 145 145 142 80 140 69 188 67 171 88 161 68 154 155 190 78 48 105 179 44 
170 108 116 142 128 70 41 41 134 51 61 40 34 172 109 177 59 84 165 81 54 151 127 183 134 82 170 139 182 117 176 49 25 53 154 72 38 157 78 146 91 65 170 54 117 120 142 95 71 94 177 26 97 105 104 124 198 140 161 102 47 87 73 59 72 27 190 134 140 195 68 177 79 67 86 91 28 117 38 40 101 172 145 156 187 195 58 57 35 178 172 191 197 163 134 159 68 139 100 138 168 133 181 92 50 86 36 189 84 155 183 35 91 109 192 58 194 129 78 86 162 167 65 134 187 
124 165 137 194 91 85 81 72 184 125 197 157 157 163 117 125 33 147 42 51 106 123 90 34 172 193 191 125 35 83 32 142 79 85 129 65 123 196 162 82 27 197 34 154 33 167 185 93 113 89 191 70 88 68 57 134 161 28 179 184 59 95 121 114 115 55 85 68 136 113 27 66 72 50 71 48 58 82 94 149 34 164 84 140 160 71 195 94 35 142 190 32 184 171 142 145 71 170 73 142 94 127 37 170 68 95 75 97 179 196 33 98 118 123 75 31 151 29 67 140 113 105 193 197 69 
