77 127
150 60 131 28 151 91 150 23 156 54 122 34 163 145 131 153 133 28 53 122 127 159 49 149 50 48 36 25 73 157 45 86 26 41 95 167 55 158 22 149 71 26 59 121 116 53 98 69 30 156 122 150 74 41 52 122 33 70 63 123 112 55 110 123 35 91 83 77 22 142 31 30 27 156 32 97 57 106 138 164 37 102 79 111 110 66 79 152 58 56 95 29 31 42 132 124 93 139 28 141 39 23 67 60 68 130 139 104 78 64 23 26 24 22 155 165 108 45 94 164 91 30 160 167 150 52 138 
122 166 30 59 103 76 61 153 54 96 82 59 132 79 95 84 85 118 34 165 129 23 44 79 28 163 142 155 94 77 25 109 128 43 88 160 26 74 27 120 83 127 27 122 166 42 42 33 65 76 85 52 132 59 39 23 79 81 124 113 156 104 124 58 163 162 31 106 33 141 56 77 31 35 167 60 119 49 49 57 70 82 164 155 60 79 52 121 46 61 81 146 46 39 101 52 80 156 57 31 75 44 104 69 22 165 115 140 110 55 106 83 106 75 30 47 113 29 160 75 87 156 77 78 79 128 138 
44 33 63 131 90 116 135 97 127 158 69 31 34 22 112 167 156 138 45 149 71 66 37 114 100 148 114 72 92 164 152 152 88 56 136 117 47 32 72 92 90 27 129 49 80 43 147 113 61 141 68 134 32 60 22 77 112 84 43 86 162 101 35 72 75 100 155 63 123 132 34 119 76 77 79 138 34 109 23 47 157 150 88 35 49 132 128 44 105 102 165 34 53 126 97 110 145 104 136 144 41 69 23 90 72 50 145 98 27 105 156 35 151 45 153 22 160 100 118 72 61 145 104 104 164 111 24 
150 114 70 41 73 91 58 108 73 36 68 79 63 93 36 154 117 32 60 115 146 112 26 28 160 158 162 136 166 118 130 108 150 123 155 132 46 61 95 101 145 44 73 79 62 141 130 31 87 114 146 104 161 94 138 95 25 75 83 149 53 44 127 71 78 75 119 152 105 102 28 125 40 73 131 34 40 99 89 97 104 78 86 44 155 85 26 115 126 58 74 81 94 71 148 95 121 116 109 87 91 88 53 108 146 40 68 157 129 152 48 47 111 33 110 102 48 132 72 134 73 162 54 167 79 104 57 
85 140 69 82 154 50 26 84 64 134 73 22 84 65 151 71 161 60 102 55 72 93 72 66 66 116 136 158 87 82 149 100 65 133 84 44 103 24 87 79 104 139 26 100 82 164 75 50 88 95 42 56 111 149 102 164 139 31 102 164 49 122 31 130 41 44 72 70 41 79 136 152 129 63 34 117 49 36 153 103 82 24 44 166 134 70 64 128 30 23 108 115 61 131 52 24 137 37 41 71 62 112 120 35 161 60 101 122 143 144 140 129 56 157 79 151 39 108 75 22 146 99 132 50 139 37 126 
107 57 157 50 128 82 146 72 124 73 151 54 109 152 73 123 151 88 129 151 35 52 118 63 130 139 65 78 99 71 148 101 51 43 151 112 57 86 35 71 58 131 56 147 52 143 161 90 119 64 25 69 157 62 100 24 50 78 29 95 127 119 37 121 152 109 167 144 74 106 49 26 138 34 43 68 80 148 76 112 46 81 167 133 154 55 74 143 55 23 91 136 23 26 115 59 71 113 117 81 48 35 126 85 155 22 143 136 72 124 47 136 161 77 157 95 79 84 123 83 22 98 22 81 95 42 140 
44 91 41 23 155 36 25 53 159 23 59 62 108 144 95 38 73 108 57 126 28 58 109 161 34 129 25 107 31 139 93 22 99 70 80 108 75 40 51 82 44 24 43 78 162 165 54 23 166 88 126 72 63 116 155 144 80 33 46 39 80 142 90 41 148 153 104 60 141 43 107 83 78 143 139 62 156 92 41 131 120 23 130 45 132 27 152 69 80 109 147 73 62 51 161 144 70 103 127 121 23 162 141 135 159 47 137 104 47 73 40 66 36 40 129 80 75 80 80 78 22 83 41 70 55 51 108 
48 86 34 77 144 150 157 37 47 107 83 91 157 117 55 63 140 62 48 87 121 41 100 69 123 77 156 86 79 41 77 91 95 143 73 132 118 51 53 71 65 101 133 138 59 115 91 48 122 73 143 36 139 102 153 72 55 28 104 49 77 123 155 49 167 110 29 128 45 159 35 164 99 46 77 138 138 118 115 126 153 157 78 40 164 53 54 25 139 96 154 53 35 59 127 162 24 84 162 69 97 89 51 60 40 143 161 55 23 25 24 59 24 132 100 39 122 98 147 145 119 150 115 44 33 164 154 
49 105 84 125 120 67 51 30 90 130 74 85 95 100 127 95 161 102 151 77 70 80 121 155 133 69 141 119 36 161 73 147 24 46 66 83 27 85 35 152 100 133 106 167 30 145 117 148 83 136 165 99 25 50 118 35 157 108 88 129 76 63 22 108 80 141 51 114 138 45 48 26 101 83 90 33 102 125 62 157 49 159 76 23 60 54 39 163 100 122 75 100 101 140 91 130 68 81 82 144 42 79 130 111 137 73 133 113 137 148 34 141 39 164 110 72 121 105 33 48 41 167 123 64 115 75 161 
74 114 164 102 112 125 54 162 85 92 76 26 105 58 36 38 61 163 106 30 91 108 55 53 117 125 149 46 30 155 126 89 166 106 99 76 141 141 123 43 87 65 60 108 54 81 144 133 134 82 99 148 63 67 82 43 94 91 97 82 162 131 95 53 93 125 78 115 140 24 93 97 155 56 35 156 83 102 41 118 98 26 117 65 112 162 39 104 22 59 149 110 103 53 32 139 86 29 121 124 92 85 133 160 126 54 135 158 143 99 103 120 160 65 66 115 146 55 79 166 50 114 125 35 68 95 114 
94 29 163 129 118 103 132 154 107 153 97 161 121 70 132 46 106 109 92 39 52 50 93 76 63 62 100 53 161 43 75 74 72 142 67 162 88 63 92 73 152 79 82 58 38 160 87 138 61 139 147 91 65 75 118 120 100 32 157 69 166 151 57 93 114 70 122 75 72 85 35 91 108 108 145 87 48 138 142 115 167 29 96 126 123 29 75 41 98 143 37 74 87 27 141 84 23 84 130 160 45 28 70 147 112 136 156 145 166 31 73 53 37 23 161 72 128 153 155 95 75 64 44 75 126 55 53 
104 72 127 71 163 132 56 96 43 126 83 159 159 97 118 94 150 85 118 116 145 132 78 126 131 82 30 48 77 76 69 158 152 50 166 75 167 166 36 110 111 84 167 124 112 70 39 100 126 95 106 137 82 126 32 134 152 77 54 33 108 79 87 152 91 25 113 95 86 130 119 63 154 160 88 68 93 23 144 65 71 108 38 116 57 84 28 130 92 100 66 69 110 35 73 62 24 80 70 167 104 71 141 119 24 144 71 59 43 105 127 49 81 41 49 120 118 63 35 102 119 46 150 31 148 52 35 
143 45 59 166 134 154 58 97 137 145 71 59 104 72 48 112 80 55 167 113 93 84 124 53 101 122 41 79 151 122 50 119 36 148 152 116 135 85 79 101 105 78 45 55 99 76 90 139 126 46 133 63 75 106 36 123 153 145 51 134 66 34 144 125 112 155 40 36 128 143 41 74 128 122 167 153 69 38 92 94 88 120 53 70 92 24 156 67 71 32 58 57 147 95 111 107 97 61 128 133 161 114 101 35 40 105 25 35 108 86 151 83 113 121 95 37 110 26 48 144 61 56 95 73 47 119 71 
64 60 101 37 154 82 136 88 102 46 54 101 76 132 30 150 128 31 70 25 104 45 35 71 163 119 164 102 121 25 43 159 55 70 145 112 83 121 161 163 74 160 152 48 155 62 81 108 96 153 143 140 99 109 33 67 142 131 149 100 39 165 77 79 113 153 155 61 141 163 118 31 120 59 110 79 133 76 135 59 142 133 70 65 151 126 126 45 108 65 38 33 112 96 31 119 138 40 85 130 153 51 144 49 108 83 68 62 105 131 66 105 121 109 46 37 139 135 106 161 65 136 166 152 101 81 52 
48 89 101 62 116 53 147 125 154 114 91 111 65 111 151 99 124 93 63 69 59 115 58 98 116 76 72 80 32 68 98 136 77 80 122 97 141 158 38 117 141 60 41 109 109 89 65 47 91 130 41 43 81 158 52 43 135 150 106 131 92 37 154 75 144 124 54 93 132 160 74 126 80 88 102 166 120 22 59 156 34 135 125 67 89 79 160 105 23 128 87 98 39 141 115 48 24 76 27 159 70 74 71 81 60 110 138 43 121 27 35 112 63 85 105 149 122 26 134 34 73 52 89 143 151 81 107 
160 79 36 28 156 114 163 59 74 92 30 163 76 125 74 134 53 80 81 118 114 106 28 72 78 95 62 126 146 73 124 114 73 45 141 97 69 39 137 136 153 123 36 123 127 77 60 81 41 52 23 70 138 146 120 55 88 156 107 35 143 23 58 89 29 57 85 29 67 73 39 76 36 22 86 150 113 140 151 74 87 31 83 134 129 27 26 132 124 153 150 91 33 154 40 32 66 130 159 44 157 121 131 160 105 33 84 99 64 135 88 84 82 54 51 27 154 22 81 67 120 93 82 152 166 86 55 
32 136 129 44 74 109 77 72 114 33 27 100 136 144 129 24 133 22 31 165 119 79 48 60 109 155 69 145 109 40 156 55 64 22 73 146 147 77 81 129 127 55 106 28 88 110 112 125 164 63 165 141 100 54 90 139 56 56 46 38 100 88 117 61 86 71 60 154 85 79 138 158 64 112 147 155 77 148 153 78 91 156 143 125 149 46 151 146 48 69 121 154 99 39 82 93 128 151 92 87 35 160 119 124 111 86 110 52 130 33 165 54 121 23 90 27 89 145 75 100 147 104 35 51 152 73 54 
162 120 44 64 41 80 131 51 80 42 83 102 76 47 137 93 84 57 90 153 129 56 127 159 108 27 71 35 75 59 166 133 47 64 30 128 42 50 58 83 60 34 86 152 77 102 26 64 34 77 162 87 120 119 119 24 95 78 127 77 147 30 79 96 120 136 38 35 29 128 63 101 107 104 77 79 27 150 91 91 152 102 121 107 41 110 110 53 28 157 121 72 98 165 84 66 131 82 77 24 144 50 104 109 78 94 140 62 57 125 84 95 47 120 82 137 153 71 56 99 93 40 22 45 47 108 125 
52 167 69 115 124 101 118 30 146 149 75 112 153 62 82 105 93 36 106 159 102 110 144 111 29 100 140 133 39 104 59 74 81 94 87 162 158 114 86 94 92 39 87 53 95 142 139 153 156 153 82 130 141 98 133 23 138 160 126 90 101 85 27 22 38 66 130 160 160 78 100 39 52 120 74 110 90 118 95 75 96 57 141 128 101 134 152 130 152 52 24 151 132 90 82 154 100 149 96 56 83 129 96 70 39 83 48 55 97 141 120 165 50 125 52 35 143 63 106 116 76 166 42 34 37 129 142 
80 156 48 61 24 129 88 111 98 116 77 153 154 30 101 50 161 63 131 24 149 118 54 161 51 78 143 96 167 78 64 167 86 95 44 59 130 111 142 115 122 72 72 145 52 78 57 155 167 112 22 88 161 45 167 130 93 106 50 156 141 98 59 29 30 85 167 138 47 153 164 135 87 121 143 58 165 96 96 33 133 118 61 54 163 135 104 118 104 37 163 29 127 71 24 53 135 53 121 140 154 152 36 98 78 118 82 59 29 50 54 73 136 62 118 53 93 55 61 135 116 34 118 93 30 138 31 
126 52 154 154 86 145 91 76 46 61 71 164 152 161 71 154 53 147 143 72 29 62 167 98 113 28 124 98 127 106 67 61 110 125 91 146 80 62 82 56 61 158 152 40 166 37 83 137 42 36 155 53 149 30 122 27 34 103 118 83 27 151 129 155 156 88 41 125 52 139 46 132 76 63 42 118 80 129 77 67 130 103 71 94 167 144 95 25 158 115 130 95 128 66 97 154 160 77 131 107 124 64 35 166 42 127 164 167 148 78 45 48 166 92 46 166 30 94 33 73 66 136 164 40 150 42 55 
86 36 92 122 22 52 25 104 121 159 147 57 144 76 85 126 33 128 94 139 61 157 28 33 90 133 41 68 139 28 148 134 119 136 142 82 40 76 26 99 74 140 139 66 115 154 40 107 67 112 102 71 96 28 29 111 108 61 70 75 56 118 154 30 142 72 84 112 127 70 127 159 140 73 129 27 73 78 99 113 73 68 100 115 49 116 75 156 136 51 35 101 84 99 84 127 82 86 112 138 81 101 78 117 137 82 89 140 71 93 154 163 84 65 82 160 99 167 103 124 93 113 49 158 166 73 88 
58 108 37 102 76 86 141 87 52 105 145 146 120 43 93 107 113 156 23 134 46 75 24 113 120 121 147 46 100 63 47 162 47 71 73 121 145 139 83 87 111 61 48 65 153 78 132 96 48 165 111 59 148 126 133 79 104 64 135 76 88 61 93 166 26 109 25 149 166 101 101 161 68 32 133 77 102 97 58 29 102 156 160 29 118 68 163 84 37 117 77 156 62 74 44 52 75 144 80 126 153 39 42 35 136 41 58 45 94 112 79 81 92 120 162 94 45 57 79 124 112 47 74 84 43 150 93 
137 65 75 166 51 92 111 50 121 111 149 137 140 142 161 61 31 92 43 49 89 87 27 122 27 148 100 160 41 167 105 107 102 162 167 23 32 68 127 92 82 66 156 83 101 85 35 102 76 113 34 77 85 43 118 145 164 114 97 116 57 55 123 85 93 161 114 117 104 135 88 54 78 93 112 162 133 23 133 122 98 42 130 150 148 76 126 136 93 62 61 97 58 58 155 115 66 68 70 96 23 24 101 85 147 39 80 123 143 71 69 27 166 105 71 59 158 72 80 48 140 109 93 145 93 75 162 
150 140 72 156 25 135 167 137 127 30 147 51 143 65 41 86 84 38 45 94 33 154 50 55 67 110 83 121 78 110 123 147 148 83 102 158 152 151 74 144 73 97 141 139 87 117 137 77 87 94 92 153 112 148 46 150 137 123 108 153 56 31 87 40 135 161 59 100 112 147 96 82 45 90 37 79 84 25 44 63 130 47 59 101 77 70 67 53 87 84 31 42 33 115 134 144 105 97 104 132 27 81 58 35 55 124 68 136 56 44 99 52 43 153 52 25 148 116 25 80 46 71 127 75 106 32 26 
83 120 115 124 103 70 112 88 93 115 109 126 32 86 149 55 54 166 144 32 57 143 153 157 54 59 72 83 93 135 42 60 50 64 121 74 86 77 156 94 166 81 32 136 85 65 32 125 84 109 22 92 46 108 25 152 114 61 38 32 78 43 144 85 48 35 112 74 127 159 35 129 60 129 53 77 152 133 43 67 39 166 40 69 47 43 138 105 71 136 143 122 135 166 117 46 111 117 98 81 143 122 40 105 107 69 96 106 36 135 40 159 150 48 139 60 24 31 162 65 51 126 128 49 87 107 109 
70 132 89 30 138 103 67 97 95 167 86 130 124 84 99 54 166 91 37 27 35 39 60 53 132 165 134 125 97 108 90 146 106 67 133 22 60 39 30 77 62 41 88 37 82 69 153 92 96 129 26 38 47 46 167 38 165 70 136 40 127 156 129 122 93 27 146 126 122 74 166 91 101 160 133 161 159 133 70 61 136 89 107 110 134 138 151 26 40 138 125 24 135 102 129 147 113 83 75 83 79 62 125 96 33 167 119 47 100 84 140 148 153 161 145 158 46 47 36 102 107 52 116 23 117 101 138 
133 25 123 142 131 110 116 99 138 104 124 76 78 107 135 126 54 128 59 75 77 132 83 96 68 51 70 72 107 89 157 97 68 79 62 167 47 57 159 130 130 137 101 148 95 137 99 64 152 78 108 71 95 83 112 99 92 81 74 106 49 50 41 110 46 140 131 71 155 55 45 90 157 154 49 45 60 87 140 109 77 71 91 40 62 88 123 145 77 97 37 110 23 166 118 72 75 88 86 81 23 142 79 75 153 66 43 30 61 82 143 75 78 108 29 130 80 70 116 39 149 99 39 69 159 68 64 
57 105 165 148 75 158 22 102 57 58 127 103 139 166 23 131 136 39 51 48 137 165 159 147 142 84 58 120 55 166 72 24 79 35 25 123 106 68 44 160 41 135 22 48 23 125 39 22 78 82 54 94 118 82 115 60 88 91 59 40 108 131 121 163 39 64 63 94 22 151 127 165 33 54 74 31 131 89 99 121 47 111 126 55 49 78 75 110 128 49 142 38 126 122 162 93 130 112 101 128 141 80 123 88 139 33 137 22 147 40 63 59 76 139 152 71 88 167 49 128 76 60 38 25 39 117 142 
51 146 105 79 67 119 47 80 38 127 53 98 146 37 102 112 46 70 73 45 102 37 113 158 65 92 151 165 82 137 140 76 74 106 128 55 68 36 54 85 102 157 61 25 150 59 49 29 59 119 29 68 50 44 95 125 159 26 149 97 89 112 125 143 158 66 129 116 152 22 148 62 103 97 60 167 146 151 24 163 149 146 33 139 151 76 109 157 76 138 57 108 116 80 96 152 102 163 148 32 25 129 79 146 51 61 160 30 63 152 132 73 134 65 39 166 87 105 79 109 125 41 79 85 50 143 93 
141 134 35 152 43 135 86 140 55 96 53 27 93 100 116 163 112 118 146 110 156 65 70 166 147 69 111 90 78 76 80 31 49 89 101 139 67 114 125 167 95 91 78 23 141 27 82 159 135 72 111 93 149 128 63 88 110 77 79 24 126 132 27 95 147 100 116 95 55 102 94 34 113 45 28 60 73 79 78 94 143 69 56 55 72 33 141 42 22 127 132 149 73 119 110 94 22 89 78 101 157 141 51 116 128 72 27 127 116 30 97 112 59 68 113 87 70 84 120 60 103 131 34 62 88 26 145 
88 159 161 24 37 166 151 44 163 156 25 149 30 45 23 55 42 117 129 59 150 138 45 112 130 86 75 109 99 102 97 148 115 85 142 136 148 108 76 149 66 53 87 52 87 91 29 83 149 160 55 124 47 51 63 133 29 50 65 75 58 160 165 117 44 143 145 113 44 70 54 94 117 70 162 74 106 80 50 113 55 135 39 139 129 119 81 104 123 89 141 146 148 33 23 40 98 74 111 107 71 65 83 156 62 67 131 137 68 117 29 38 108 53 81 81 157 101 106 75 62 155 124 94 107 62 157 
34 150 161 140 100 132 56 57 160 148 69 159 160 31 33 36 138 113 139 154 106 129 101 132 103 39 121 105 23 163 104 122 39 166 68 163 52 29 60 46 66 161 105 132 116 59 165 68 96 148 52 80 164 135 113 91 113 146 152 167 34 73 131 80 81 102 162 57 45 140 44 79 45 139 122 141 63 101 56 100 98 119 167 50 92 111 160 31 131 157 144 32 137 41 148 114 72 94 48 96 29 122 93 67 155 98 153 22 56 96 93 134 28 41 148 100 101 102 95 142 73 55 36 65 32 116 149 
63 138 152 79 65 40 83 115 155 166 49 86 166 123 142 69 117 26 134 80 101 131 65 91 60 47 137 166 56 39 22 146 61 163 167 92 161 147 155 51 113 44 29 84 40 164 151 84 120 30 157 133 158 73 66 87 157 105 115 124 50 76 119 35 165 99 126 89 74 64 91 106 139 98 52 57 150 161 94 143 141 71 60 125 111 129 163 33 117 100 31 86 34 61 150 140 57 30 164 37 137 43 126 79 120 136 46 28 99 115 33 141 95 38 123 145 137 163 150 161 92 35 55 100 140 94 77 
154 158 72 62 24 90 62 116 97 113 65 44 39 87 142 58 151 49 165 105 162 145 57 104 154 129 48 167 139 35 130 164 94 37 136 58 41 128 117 87 127 138 151 142 133 81 69 105 71 97 85 98 60 136 131 68 84 57 32 117 155 47 157 164 31 39 98 162 80 106 158 143 72 96 63 36 65 22 32 119 145 167 84 25 165 152 111 77 74 139 77 137 59 61 38 24 69 158 116 148 70 142 153 102 50 122 119 133 92 29 58 157 109 50 124 64 76 37 61 26 137 109 131 159 118 164 28 
102 135 62 38 27 90 145 88 104 112 22 89 87 137 30 107 39 63 163 71 93 59 50 99 54 26 137 110 143 164 82 87 118 28 45 76 32 73 137 113 137 24 167 118 160 152 51 161 115 142 57 105 35 71 86 134 160 68 46 62 87 97 120 151 48 53 33 32 149 166 35 41 67 135 122 91 43 62 155 89 97 122 73 46 64 27 163 90 143 167 39 167 70 43 55 89 70 31 164 90 28 97 40 74 48 115 81 46 37 70 63 52 144 158 123 111 58 34 102 76 24 114 137 90 47 68 97 
80 161 107 61 89 112 79 74 44 48 59 119 50 128 69 36 40 53 113 81 108 83 75 118 119 125 63 46 109 100 159 95 32 164 106 59 37 91 72 118 61 94 80 125 111 116 138 74 40 86 64 58 126 164 51 165 70 130 167 50 71 75 76 164 32 95 32 143 120 135 86 127 75 29 32 161 59 107 46 154 58 59 24 79 158 32 95 156 154 25 64 137 165 73 36 140 104 108 22 51 72 100 128 69 151 129 48 23 66 149 68 163 72 108 138 160 134 43 113 32 51 161 155 137 61 26 95 
63 144 157 149 49 133 93 167 117 144 28 132 54 98 121 59 65 60 87 85 152 166 139 94 131 22 43 65 156 49 72 39 32 148 59 98 138 73 155 69 144 94 39 49 37 71 46 152 46 100 133 143 158 56 130 94 74 72 125 54 32 64 163 89 74 48 145 46 133 104 122 142 100 102 110 117 157 115 34 143 41 60 57 139 144 34 77 109 58 145 77 41 147 155 164 82 66 40 125 120 41 50 54 67 140 96 53 167 38 136 127 85 77 72 35 63 57 167 67 50 47 72 81 144 37 68 130 
34 86 28 139 45 166 59 35 155 36 22 146 148 64 26 35 153 159 122 25 122 141 153 118 64 81 41 118 160 119 34 157 93 147 163 45 35 49 92 62 74 78 136 138 124 141 148 29 30 137 151 94 164 41 96 144 149 113 84 99 47 80 143 109 36 22 91 166 109 63 121 31 73 110 46 36 128 136 136 68 41 87 115 140 25 52 149 165 79 152 134 109 124 33 79 102 33 149 163 90 47 28 62 40 135 115 126 66 146 71 52 152 119 141 155 39 157 98 116 132 87 157 47 157 62 154 114 
165 91 63 64 159 166 161 87 68 57 53 38 26 71 30 68 113 119 131 38 146 93 108 123 151 161 124 166 122 166 43 68 161 75 42 114 126 40 58 66 24 118 60 47 98 121 24 72 117 61 33 84 149 143 121 70 110 98 129 157 53 65 57 85 140 142 131 117 62 134 117 143 136 56 149 59 99 109 105 62 97 112 107 51 129 151 71 138 24 118 158 125 119 69 29 167 112 97 75 120 51 91 151 96 104 69 133 165 86 112 82 108 31 68 167 132 88 125 114 37 76 25 61 126 35 83 76 
156 165 37 34 60 101 89 108 106 47 66 112 118 125 29 40 35 81 166 25 136 62 74 28 129 156 105 42 28 91 65 146 91 118 127 52 105 105 65 78 49 107 149 163 106 146 87 67 157 34 78 132 85 54 75 36 115 110 100 51 151 67 72 71 58 145 95 68 82 93 73 145 79 148 101 145 129 25 107 28 62 73 108 141 98 158 59 32 35 140 93 148 25 127 66 145 151 166 44 159 29 123 38 160 126 40 47 140 138 67 28 144 36 152 140 53 121 86 61 164 111 47 103 63 89 24 42 
102 54 82 80 42 56 99 100 130 24 104 112 125 38 24 132 40 141 117 147 92 82 97 63 105 81 118 153 120 134 89 95 98 125 63 85 138 109 34 40 167 159 167 133 23 93 92 132 134 115 23 63 102 27 89 37 118 57 48 121 33 54 78 97 131 84 92 166 87 88 164 67 140 127 51 29 108 34 106 151 140 138 94 90 150 166 112 136 73 42 140 32 52 132 67 81 113 33 69 64 89 75 129 130 130 140 122 161 46 113 73 88 137 66 112 42 49 143 83 26 94 117 30 143 90 68 124 
115 50 121 96 55 29 152 55 132 57 40 158 79 100 80 77 52 54 116 47 104 82 59 92 154 104 160 122 27 74 118 134 28 53 28 156 155 48 146 44 109 28 94 106 146 87 159 144 74 39 114 120 94 67 30 138 45 132 96 71 109 151 164 105 56 115 104 63 127 83 109 31 48 59 32 58 63 30 72 68 157 75 167 48 58 95 129 41 22 25 65 92 113 153 78 87 158 25 65 146 91 34 132 135 135 101 30 126 133 154 79 141 26 87 140 91 44 53 91 129 34 92 93 89 74 52 70 
61 137 73 69 77 22 137 160 149 54 29 128 64 61 113 102 29 127 91 45 95 37 37 86 77 117 149 64 68 48 125 113 80 120 37 50 58 109 100 107 103 138 55 118 154 72 57 64 30 41 166 158 66 71 116 114 107 30 138 58 98 77 103 113 82 42 32 120 26 121 97 101 101 112 126 158 87 103 131 149 74 154 23 154 115 137 162 25 140 151 92 77 143 118 22 79 139 117 51 167 41 105 118 93 92 131 67 140 116 155 98 43 105 118 148 133 106 63 23 147 110 99 68 92 145 90 123 
166 62 72 51 147 141 126 80 52 74 152 22 131 164 24 90 94 91 28 114 34 87 70 126 75 121 46 87 139 105 100 55 60 27 107 141 49 113 89 60 96 115 61 33 57 67 87 88 42 123 143 166 59 105 55 161 107 126 133 47 79 115 135 46 117 156 119 137 155 80 128 91 166 132 90 23 40 59 80 129 61 126 107 138 55 165 161 102 39 23 163 40 69 131 97 27 124 143 84 137 152 97 22 155 140 69 68 68 88 78 159 99 73 148 117 136 130 43 161 149 40 94 136 164 103 54 120 
67 50 129 111 138 133 158 120 65 142 25 149 94 167 167 125 107 143 51 31 129 68 119 56 101 108 110 84 39 129 72 113 148 159 121 53 97 111 27 141 163 150 112 100 85 47 139 75 26 80 148 134 46 113 42 43 81 29 82 78 63 49 122 150 119 164 135 88 144 85 114 64 24 50 92 162 166 150 40 107 162 88 77 142 154 167 22 64 167 43 95 154 138 157 40 60 158 71 51 153 143 107 37 114 105 84 160 89 33 154 158 28 149 158 42 50 60 137 147 108 98 37 113 93 126 164 156 
50 104 22 69 138 149 130 161 82 50 92 36 123 75 143 75 22 154 72 157 99 82 41 145 40 85 97 94 164 65 106 115 135 122 123 152 132 142 111 144 33 96 78 161 43 121 142 62 112 90 104 107 43 62 50 59 163 64 145 26 88 162 105 105 152 38 32 84 157 80 60 142 54 83 147 113 95 110 123 96 48 158 154 109 78 79 75 58 36 108 76 113 38 86 105 100 103 71 73 93 30 33 34 43 87 156 27 78 42 86 84 131 83 49 76 33 47 154 28 160 30 57 92 134 113 32 36 
161 137 98 68 28 70 158 141 40 57 142 24 91 71 105 33 81 36 33 53 33 114 79 103 115 100 102 125 42 152 76 106 137 32 133 85 138 162 138 137 125 57 109 66 68 113 118 86 130 164 64 37 81 78 157 166 25 102 152 39 152 158 46 71 128 89 88 165 101 145 35 103 54 98 166 121 81 49 122 77 148 80 127 37 140 108 85 73 33 139 29 30 47 121 153 29 66 108 113 100 39 165 41 103 148 67 122 89 129 24 120 76 128 46 145 126 39 135 153 119 117 71 134 163 81 64 66 
146 135 82 122 113 87 81 62 44 38 43 91 38 160 87 160 118 107 115 90 54 72 140 47 48 147 72 48 83 84 46 47 119 77 44 155 135 79 61 47 128 130 45 100 69 46 95 71 79 35 33 103 95 87 122 128 45 56 85 159 40 138 94 47 148 49 138 134 113 123 80 36 70 28 111 150 156 128 166 52 131 32 88 61 99 42 48 115 120 110 143 119 153 92 43 105 66 152 25 147 30 73 118 31 106 75 116 45 63 90 31 147 40 67 27 92 84 160 85 147 120 32 130 141 140 131 88 
142 94 62 163 24 164 38 70 79 152 25 167 149 92 145 86 70 142 154 61 45 165 129 59 95 43 109 80 28 157 43 150 38 116 63 55 70 32 75 67 23 24 130 61 27 125 63 69 100 111 135 106 135 56 145 139 131 66 104 158 45 104 114 101 159 98 61 99 166 91 150 27 153 66 81 73 94 144 158 103 84 127 107 82 34 36 107 156 51 139 93 46 111 45 87 110 64 107 67 28 103 125 111 129 109 67 70 150 113 149 155 141 125 92 162 40 92 85 104 137 162 55 86 139 140 126 106 
53 24 160 90 81 105 61 126 85 24 94 53 51 67 76 162 83 57 95 60 50 116 162 74 63 83 94 37 41 86 91 115 24 42 71 162 159 163 137 44 162 156 139 141 165 144 43 87 47 118 154 58 119 151 53 25 111 63 167 120 90 80 59 114 128 66 39 165 67 49 107 119 76 139 95 38 45 88 41 57 150 68 102 83 93 56 82 143 120 46 86 99 38 63 100 130 90 89 140 23 131 54 117 109 96 139 134 38 85 140 140 65 140 48 78 121 114 156 54 36 125 60 155 86 143 71 160 
74 102 63 108 57 30 65 104 123 89 53 40 56 50 31 94 114 90 161 94 118 111 87 35 54 52 121 158 27 100 117 53 122 118 99 37 149 94 132 166 150 164 116 39 133 129 135 73 167 27 38 116 162 167 81 30 39 148 141 79 58 24 142 135 122 27 118 107 137 72 150 148 128 146 148 97 59 91 109 95 167 92 124 47 90 70 55 143 149 51 62 112 144 116 146 128 142 79 26 138 150 152 73 59 129 149 64 39 58 47 86 92 163 42 37 114 140 50 64 59 100 97 159 67 64 140 124 
114 131 37 90 119 30 167 60 51 110 46 45 157 68 80 66 100 132 22 149 49 22 112 112 144 152 135 133 157 115 89 145 162 32 137 120 150 88 164 70 106 37 55 57 38 122 77 107 106 63 85 126 115 157 52 80 38 122 150 101 34 33 88 127 95 26 167 163 46 41 126 103 138 96 119 125 95 116 44 116 52 36 153 166 78 49 41 23 80 63 142 107 94 34 52 29 167 90 73 144 156 140 104 154 165 127 22 137 76 166 34 139 90 59 71 88 110 73 90 37 107 105 80 112 25 55 46 
47 45 117 65 97 36 155 150 164 138 43 83 154 93 59 122 68 134 22 122 77 77 129 146 103 123 28 68 82 49 106 72 84 145 124 32 101 90 110 43 33 108 161 73 151 76 143 155 167 34 34 91 149 59 91 96 140 83 145 145 32 36 125 115 141 107 38 41 95 57 91 50 47 83 123 42 158 27 77 48 153 160 134 55 105 104 24 101 34 107 112 127 61 116 31 117 126 109 154 150 127 164 76 164 95 150 101 55 140 58 102 26 48 42 96 141 30 36 134 116 85 40 115 55 153 113 139 
133 30 38 82 118 62 125 43 90 159 59 67 84 49 79 109 26 161 86 142 28 150 22 130 33 68 40 122 106 59 66 97 27 167 42 154 153 163 121 136 35 113 162 84 136 114 29 146 113 127 22 48 39 166 148 30 165 124 152 46 51 105 43 93 38 162 62 109 103 118 128 42 146 139 35 128 105 64 126 124 165 97 165 73 85 144 33 82 53 98 67 104 135 78 119 87 81 24 121 109 31 115 154 90 132 36 148 71 146 33 72 30 167 67 33 97 138 67 94 159 78 119 75 148 134 163 145 
77 25 95 65 140 146 41 147 70 62 36 31 54 30 114 57 42 65 77 59 88 93 134 147 111 77 83 49 76 149 70 65 124 35 146 35 155 78 71 151 166 88 74 127 116 126 118 111 84 33 113 46 27 27 151 62 122 79 26 43 116 43 38 59 165 49 150 126 162 138 80 150 59 153 77 82 145 127 143 40 61 146 153 23 131 31 115 130 143 71 61 112 167 131 38 126 72 152 139 29 68 152 85 96 101 104 114 83 35 51 54 120 65 63 155 37 110 122 29 126 152 151 147 134 76 134 22 
41 29 77 76 83 49 146 94 155 138 34 99 125 149 31 64 112 101 92 151 92 54 122 151 70 119 162 74 137 119 97 79 70 137 59 144 82 31 111 95 24 39 22 72 54 111 89 43 70 73 40 83 61 149 32 35 83 141 78 147 163 80 165 83 24 100 63 65 63 163 141 103 49 110 165 165 130 157 154 48 147 69 73 55 64 49 52 156 91 46 22 79 166 45 159 113 139 102 100 58 146 65 88 93 45 93 108 128 107 159 88 63 144 158 150 62 156 40 107 55 88 95 54 98 142 45 36 
94 117 30 57 78 49 69 48 49 123 103 99 47 117 144 50 71 119 30 149 49 57 28 45 31 136 156 89 117 145 124 60 28 166 26 31 39 138 60 22 82 131 50 77 35 33 23 71 125 120 129 113 145 22 89 85 69 101 71 28 40 98 22 90 104 106 124 141 159 39 146 128 99 71 49 67 37 121 54 151 159 114 165 135 54 162 167 80 163 99 83 165 80 71 30 121 101 35 129 51 49 154 167 127 116 56 68 30 136 127 85 95 24 100 117 116 122 55 66 25 41 50 138 47 46 24 73 
98 113 102 33 92 142 145 40 77 112 40 95 59 36 79 138 71 79 166 136 89 106 140 40 151 142 89 141 100 138 163 89 148 72 83 97 79 101 30 129 51 72 44 99 119 119 51 62 118 80 73 140 106 47 33 127 38 35 42 124 41 155 110 22 156 44 99 125 137 118 156 31 94 44 142 26 161 60 107 47 162 147 153 107 120 127 81 34 111 128 144 93 72 56 43 58 43 155 47 23 149 73 73 114 137 148 163 92 90 146 83 43 34 25 140 39 105 149 62 108 100 62 132 117 140 147 140 
161 54 41 145 134 34 148 36 140 101 47 87 116 153 76 143 49 57 49 46 161 120 72 167 142 162 86 64 60 78 67 95 33 50 92 117 30 117 61 136 76 50 140 154 44 32 89 31 36 112 80 79 58 143 42 67 84 113 120 152 74 129 127 140 164 117 74 89 136 94 112 159 144 53 78 152 88 122 81 94 152 88 167 141 41 135 154 51 120 158 29 53 78 148 163 88 64 54 157 31 128 164 91 23 101 132 101 148 149 46 24 110 49 99 76 56 103 97 103 70 53 118 158 94 164 137 166 
123 33 116 97 124 76 155 72 53 127 34 60 110 150 57 141 106 40 36 119 54 57 77 117 78 91 157 149 117 124 117 58 31 103 88 30 143 67 62 109 73 162 31 36 159 95 56 99 127 91 35 151 78 64 142 27 144 156 98 27 129 133 31 94 114 27 83 76 98 111 155 37 152 95 82 95 156 26 108 44 152 160 103 161 164 99 116 30 45 37 155 151 24 22 32 101 48 68 119 132 28 86 140 143 24 34 26 162 45 158 118 117 132 105 106 55 164 53 154 108 99 98 93 31 56 69 148 
47 43 64 165 95 123 39 79 86 150 133 54 125 79 53 138 113 167 49 71 40 86 86 102 73 73 82 66 161 155 106 101 23 167 105 97 60 103 80 41 58 152 63 137 45 31 27 157 78 98 163 61 155 92 26 163 106 155 101 133 22 27 157 131 129 165 48 100 57 130 147 156 163 108 81 51 25 142 36 149 152 58 89 126 156 98 134 124 24 167 45 97 31 112 138 126 26 75 69 136 24 107 77 74 44 114 108 125 31 55 41 128 78 73 145 103 54 28 50 46 42 124 145 85 95 70 110 
41 139 117 126 36 44 84 40 161 102 74 44 140 155 50 166 69 129 38 93 46 48 127 36 94 47 92 85 114 98 68 74 42 52 73 41 41 124 82 119 114 32 39 57 155 142 52 53 119 36 95 124 108 118 125 61 124 113 140 96 106 100 46 48 22 34 71 101 68 106 125 68 93 140 47 71 165 54 83 36 130 124 94 86 101 96 30 53 57 80 80 66 80 85 143 52 87 76 157 85 70 69 60 135 112 129 103 144 69 59 87 91 22 47 149 43 52 97 46 127 127 29 163 163 109 115 110 
123 137 96 39 137 51 116 91 111 23 64 138 56 30 145 76 133 92 37 83 26 152 150 71 105 133 79 107 66 88 36 137 93 51 56 109 137 30 167 102 120 135 55 144 113 97 95 112 155 54 29 44 56 122 66 135 121 149 134 54 129 139 156 158 164 90 156 48 121 162 105 42 100 94 29 71 49 145 94 97 30 125 96 55 85 93 72 44 162 58 111 114 50 100 159 26 123 92 115 72 116 114 129 138 148 151 146 111 112 82 76 47 64 42 160 139 25 83 130 74 28 167 93 45 57 31 151 
100 111 91 57 108 51 108 109 22 141 84 94 104 72 77 133 64 85 154 138 78 157 143 82 67 81 118 130 76 159 64 80 44 165 60 128 55 120 46 134 167 115 82 104 133 51 43 25 55 108 120 149 160 105 167 153 62 158 92 85 145 103 38 100 43 69 137 131 101 43 70 79 29 148 74 62 154 49 153 138 92 83 37 161 57 105 130 108 145 59 45 58 79 129 89 167 105 125 69 71 36 116 84 102 54 50 107 56 159 143 32 140 54 108 134 73 111 29 140 95 53 60 64 130 82 167 76 
32 142 59 145 94 103 160 109 113 26 147 50 72 58 144 149 115 52 152 57 68 159 50 128 79 121 80 45 160 99 38 121 158 70 109 116 112 43 137 117 49 153 140 82 59 25 68 133 71 145 61 137 160 74 79 43 113 119 124 159 134 158 50 90 73 129 121 47 114 74 161 49 35 27 148 94 154 106 55 102 82 122 96 24 84 124 82 113 149 145 132 143 129 159 61 124 148 61 43 67 164 55 85 109 60 38 39 42 29 55 58 125 164 99 143 101 69 54 135 143 84 152 46 44 36 167 24 
94 44 78 113 35 136 156 44 99 154 60 97 47 57 118 93 96 65 29 44 58 47 102 96 155 85 126 54 41 65 70 47 46 101 105 93 149 84 81 58 79 149 145 81 134 43 85 150 27 65 79 142 117 154 150 42 106 100 56 136 104 32 51 102 162 134 96 158 124 35 36 135 145 147 122 69 72 101 28 101 23 147 95 155 34 101 162 99 150 57 130 42 58 119 164 106 75 95 94 23 99 94 35 105 72 29 113 131 100 126 66 55 101 58 70 152 56 75 56 135 54 121 81 86 87 62 44 
116 163 81 110 113 149 111 128 78 105 95 48 154 137 136 95 33 161 43 112 119 89 67 142 67 41 125 67 100 23 33 25 153 143 113 56 164 125 52 155 112 105 87 85 166 152 80 61 37 75 146 105 126 90 123 83 30 92 76 86 62 69 114 153 80 42 29 144 99 106 113 121 49 30 130 126 73 133 109 24 25 42 145 129 96 98 124 95 90 78 87 105 116 126 87 50 86 83 68 49 132 111 163 64 47 163 98 74 132 115 159 148 101 84 91 105 75 91 167 23 45 131 152 92 49 109 106 
108 56 151 137 62 59 142 30 90 50 111 42 92 142 90 79 92 32 110 105 147 69 115 74 104 126 124 145 132 26 133 25 68 113 117 24 61 96 56 74 127 154 33 97 58 154 118 148 35 135 146 62 84 144 67 142 24 25 47 131 85 147 118 110 127 118 162 45 35 94 105 48 125 48 106 91 107 129 46 56 67 25 108 152 133 51 162 161 75 138 71 35 90 94 134 59 83 51 80 123 24 62 134 71 48 59 138 149 69 158 67 153 111 163 105 29 28 23 74 62 25 159 126 119 41 50 90 
127 23 102 136 123 136 147 43 29 28 43 162 150 134 142 115 118 63 40 40 83 105 106 147 59 74 147 157 88 32 93 124 81 153 125 129 38 91 36 53 94 66 136 118 61 86 124 28 124 65 75 109 162 116 132 162 137 45 127 163 127 75 69 165 146 159 165 100 159 33 44 115 77 35 67 145 40 87 109 167 130 31 67 152 144 159 103 29 141 90 33 112 56 26 140 64 76 137 133 80 156 92 25 53 56 75 158 105 125 57 79 100 87 139 165 144 77 40 80 33 107 151 119 151 114 162 107 
28 167 119 77 50 163 92 85 94 37 159 139 57 153 30 58 44 87 65 43 93 115 103 86 153 162 124 129 24 126 62 25 140 80 92 155 27 67 54 116 130 106 23 60 32 67 109 130 73 52 24 33 22 150 45 75 30 37 69 126 112 90 60 136 46 34 58 143 78 135 128 97 120 30 69 62 93 83 88 128 55 145 100 120 108 33 116 153 103 139 64 86 163 30 81 76 41 97 104 72 160 159 79 88 24 28 51 52 111 116 42 75 130 65 106 138 86 145 114 84 64 104 159 27 40 161 37 
43 50 40 143 50 35 104 50 87 95 128 51 128 90 59 96 53 22 90 101 91 55 33 51 139 144 100 158 90 80 57 118 148 98 82 149 109 118 105 67 109 88 36 24 88 49 142 67 104 106 119 159 60 129 147 135 104 57 144 83 104 86 46 62 90 49 110 154 166 30 114 128 27 115 80 150 96 79 148 50 120 45 143 84 89 117 87 40 59 23 81 149 85 43 130 113 65 127 166 22 146 26 46 40 23 142 61 128 133 57 66 47 98 54 48 132 50 137 64 92 165 49 43 120 91 33 60 
110 101 152 80 113 115 41 132 144 71 78 167 131 28 59 122 125 80 29 89 79 70 150 39 83 39 150 29 119 111 61 34 39 122 122 29 136 99 106 110 104 80 39 42 37 75 133 67 45 164 41 75 154 60 132 128 84 137 45 158 159 61 49 149 167 30 74 104 28 56 32 137 41 46 146 137 120 40 65 114 123 137 137 166 103 22 46 72 149 95 45 106 41 31 90 152 145 142 27 32 139 96 129 84 91 43 82 100 84 109 115 147 156 100 100 161 109 32 165 38 94 115 84 146 40 39 128 
45 45 153 87 37 150 113 128 159 120 105 136 144 111 67 158 58 138 25 127 60 102 112 101 110 91 145 118 151 142 48 76 167 156 45 129 46 71 113 88 158 90 97 141 114 152 104 102 30 131 114 88 90 109 147 47 25 74 31 24 153 156 97 129 133 23 134 117 141 94 90 82 50 113 74 144 146 131 60 162 152 37 112 164 92 94 117 121 46 41 119 36 161 37 24 59 105 33 111 161 156 37 52 109 120 141 68 82 139 135 62 122 75 82 51 101 134 122 54 38 61 26 63 51 130 53 33 
126 144 139 22 145 81 128 95 100 115 30 25 70 134 44 100 76 40 141 69 150 111 127 121 48 95 64 83 80 38 85 146 109 25 37 33 35 27 158 118 122 79 61 143 50 36 63 127 66 105 54 54 143 141 128 162 160 87 95 63 88 57 61 66 62 88 154 63 96 36 161 156 65 122 124 159 75 165 106 154 60 62 24 163 41 45 115 48 127 67 62 114 108 90 45 129 58 98 28 72 152 80 64 47 44 50 98 165 155 23 59 74 125 104 76 113 37 156 79 165 108 28 153 77 110 50 165 
75 74 71 41 161 96 108 86 27 99 103 158 127 58 147 165 79 132 156 154 82 32 118 108 129 70 114 37 130 47 138 148 31 123 72 59 102 131 143 41 81 159 77 70 74 23 108 134 145 88 106 46 80 141 108 102 53 112 98 54 87 39 26 28 132 40 104 144 61 71 121 121 157 104 120 110 29 33 121 117 50 161 79 106 95 60 131 39 77 141 47 121 145 127 114 152 152 52 137 134 139 62 55 94 149 157 94 163 24 40 54 136 163 150 32 140 28 52 123 147 122 97 141 92 140 143 146 
73 35 162 82 63 104 148 160 60 24 57 119 36 165 46 29 22 69 82 59 119 99 110 143 84 122 35 81 84 142 48 68 125 94 82 41 162 58 85 144 134 54 114 64 27 101 138 32 141 159 116 42 47 82 63 114 50 35 64 33 135 88 53 116 44 149 27 61 79 162 24 66 139 79 69 164 125 88 112 105 151 39 73 82 141 88 118 100 114 42 97 108 124 70 124 162 118 94 105 167 81 37 163 123 165 98 90 66 78 86 57 160 144 118 35 76 151 40 126 142 136 105 83 103 41 108 100 
