42 22
37 63 25 57 58 25 11 31 63 27 48 35 52 9 52 28 55 33 37 39 11 19 
28 12 49 16 18 58 39 51 11 41 35 16 18 67 67 44 45 38 43 52 42 11 
38 16 53 41 40 43 16 20 23 49 25 12 24 12 19 23 17 47 47 34 9 64 
24 29 27 40 29 13 43 32 10 54 13 62 22 62 52 68 20 53 50 36 27 17 
60 17 58 49 48 49 48 45 37 67 15 43 15 11 40 17 16 44 10 18 55 18 
16 14 50 64 41 58 37 47 44 43 45 67 37 17 58 54 64 19 28 11 12 30 
51 36 25 67 42 47 34 20 18 13 14 33 20 52 67 35 44 47 15 62 62 32 
47 48 13 49 13 53 42 54 30 24 63 61 28 37 37 51 68 25 11 30 48 39 
36 32 23 29 31 35 37 26 64 21 24 32 42 46 51 26 27 24 66 62 59 35 
34 17 17 20 66 55 50 10 30 68 55 47 44 66 45 36 40 47 55 17 13 27 
32 51 60 37 22 14 50 29 58 57 10 14 65 43 52 20 34 37 21 45 57 46 
22 51 35 66 39 22 63 25 9 64 41 58 62 40 9 31 24 15 50 16 44 52 
27 16 36 51 65 42 36 60 46 64 26 33 14 44 43 57 20 44 32 14 39 27 
36 18 66 20 68 29 25 63 65 38 33 42 64 31 45 50 44 58 42 14 51 54 
28 46 58 61 62 12 38 35 11 39 39 55 42 41 24 64 63 59 15 62 44 26 
55 22 47 16 35 24 12 51 65 24 9 53 11 43 24 9 40 26 13 46 34 34 
41 37 10 11 34 27 65 35 27 19 54 39 51 25 31 24 25 36 49 13 39 45 
62 33 23 28 29 27 17 15 45 29 62 33 26 45 41 68 56 57 44 62 16 42 
13 32 52 40 29 21 66 55 36 53 64 44 55 45 54 46 59 34 20 47 19 32 
42 64 43 50 22 36 49 18 65 35 56 10 40 38 56 37 12 37 54 14 24 45 
36 67 30 15 22 65 20 9 10 67 44 67 21 20 30 32 15 57 21 58 50 51 
45 64 50 32 64 19 43 20 62 67 53 55 33 22 43 37 36 37 40 29 47 38 
27 19 12 17 58 56 45 59 45 22 47 20 14 56 25 13 43 22 67 29 56 40 
15 55 30 33 29 56 9 19 48 25 13 50 21 56 54 13 68 14 10 67 16 32 
37 46 39 58 40 60 13 21 67 59 37 42 55 43 34 22 20 49 54 15 62 50 
40 19 47 56 39 20 28 56 38 23 51 9 66 25 45 27 51 34 59 68 26 36 
66 51 63 52 67 54 53 35 48 14 22 27 20 60 36 55 41 42 52 45 64 11 
11 15 21 39 18 40 36 58 27 19 30 42 60 36 44 63 65 50 41 15 45 17 
34 34 62 24 59 68 59 26 48 56 41 13 29 39 48 51 61 9 54 64 13 16 
66 51 60 55 11 37 66 56 55 67 61 65 42 56 56 68 50 38 34 41 29 23 
65 48 68 35 68 19 9 40 13 32 16 54 35 15 66 44 55 38 40 43 29 34 
22 57 22 54 45 65 36 54 57 25 33 9 23 16 39 29 12 13 67 23 38 56 
49 66 67 35 63 33 46 51 62 37 25 33 21 15 12 27 20 42 51 35 52 11 
48 34 43 18 49 61 43 48 53 40 17 13 52 27 56 60 39 29 43 29 11 30 
27 23 24 24 23 41 19 54 43 14 63 41 60 55 54 67 68 12 43 68 37 32 
59 46 16 20 35 64 34 39 32 66 15 29 24 32 36 9 67 24 39 37 68 38 
18 67 58 50 43 42 19 15 19 62 60 38 68 68 40 52 25 38 41 56 12 37 
52 52 33 56 25 11 22 64 64 55 40 12 66 36 17 19 22 21 32 55 65 57 
48 45 48 40 41 10 14 28 19 17 37 10 44 26 45 53 48 48 50 21 44 10 
25 32 56 43 14 25 20 20 24 53 60 63 50 42 46 41 41 46 36 47 54 24 
14 16 41 24 15 49 54 49 64 15 67 30 52 61 22 45 38 21 45 16 31 29 
15 49 43 9 16 66 58 27 67 24 67 21 15 27 17 26 53 9 49 32 41 42 
