114 33
224 216 192 153 132 76 140 123 123 198 135 220 166 211 134 118 179 114 144 34 124 214 84 99 95 220 41 225 104 106 104 221 220 
129 135 150 185 42 124 77 47 209 186 211 122 53 94 85 182 57 39 49 208 117 62 158 38 62 45 138 159 165 55 62 68 62 
96 53 143 32 33 50 128 187 119 41 133 29 40 203 96 176 166 154 131 180 41 144 105 107 198 213 77 75 41 146 135 81 53 
201 154 62 198 115 224 35 90 203 78 83 125 192 140 193 45 184 66 52 165 97 53 66 50 95 208 155 75 108 190 63 154 223 
222 203 180 81 191 165 130 89 179 114 123 202 29 40 58 56 37 31 103 92 32 157 111 105 56 85 93 120 196 188 125 126 96 
191 153 187 78 107 42 60 110 182 32 224 74 152 64 170 116 180 143 137 92 112 172 56 59 203 151 88 113 55 57 103 167 116 
218 212 130 190 101 70 190 207 66 80 83 179 192 111 220 123 195 175 178 68 195 42 211 111 226 50 99 163 213 133 80 128 197 
165 192 60 150 57 84 69 66 221 64 179 146 51 216 138 94 185 133 169 110 140 56 65 222 79 107 226 137 177 119 39 134 92 
206 166 112 139 203 200 94 46 217 218 98 44 214 167 189 179 98 176 221 114 172 181 61 83 188 168 135 84 220 117 92 70 110 
172 74 124 110 104 132 74 46 76 192 127 75 110 64 199 105 155 105 212 99 141 182 205 92 117 89 82 168 192 159 112 38 51 
97 101 107 133 87 166 43 133 50 125 197 124 109 132 190 83 208 67 211 78 156 123 61 215 150 188 190 56 47 167 218 177 116 
142 48 205 84 117 102 91 55 146 43 29 149 188 183 140 152 192 138 85 71 146 40 113 47 103 160 152 182 218 86 48 137 208 
134 97 73 154 213 149 170 81 102 100 224 120 110 126 126 91 52 122 35 121 65 167 172 108 203 190 219 180 62 56 136 42 210 
139 124 43 166 223 131 106 126 177 100 207 95 44 193 46 72 200 178 225 170 50 99 174 188 137 35 106 166 213 65 166 172 31 
32 175 142 139 140 182 106 57 61 74 60 103 93 226 167 97 158 177 93 136 66 54 32 218 222 180 222 138 141 198 61 119 109 
186 222 225 75 155 83 192 212 166 217 129 226 189 150 141 148 122 157 214 185 183 93 219 202 121 146 56 159 132 160 123 191 44 
85 29 181 154 42 102 186 76 88 155 177 70 181 128 145 143 191 84 43 87 87 186 214 183 146 105 185 46 107 211 140 43 203 
97 83 192 215 158 35 219 178 219 194 189 170 109 169 160 217 148 191 67 69 222 222 158 136 32 57 205 83 217 33 219 150 191 
169 168 86 96 29 158 100 76 101 158 170 194 62 222 158 223 65 115 42 191 108 163 121 89 79 160 213 34 71 45 93 85 207 
165 180 107 64 179 155 182 91 164 182 156 183 118 127 37 59 207 157 214 177 161 104 44 134 145 175 106 80 120 97 55 133 51 
172 47 155 107 147 111 132 86 56 123 222 65 138 117 146 202 112 79 159 140 85 69 175 75 91 47 106 183 222 190 52 73 182 
125 146 198 74 137 62 82 185 186 183 218 102 114 172 45 52 121 104 126 163 50 29 152 226 124 215 108 133 92 144 169 81 113 
193 52 131 51 190 194 114 93 195 170 225 78 151 60 165 46 81 180 129 77 85 66 199 167 198 198 179 65 163 63 178 45 81 
189 211 149 100 155 29 152 110 142 214 171 72 61 194 210 86 198 177 57 116 85 73 166 166 98 216 127 32 54 139 205 111 75 
205 41 45 177 167 131 98 192 70 165 191 45 220 39 33 109 94 96 63 63 153 65 153 79 95 106 142 133 171 51 213 205 97 
42 51 57 111 58 152 213 187 44 143 94 179 108 59 74 162 217 133 143 99 71 113 152 59 136 167 171 131 184 35 110 169 174 
114 174 189 116 191 33 164 94 32 71 146 155 221 92 166 55 213 49 111 50 222 62 150 65 43 131 217 78 44 155 205 79 107 
197 180 55 154 110 190 119 128 226 147 81 205 96 183 142 159 86 142 29 181 86 213 144 79 151 84 56 34 42 79 195 70 79 
107 175 196 139 55 126 182 197 157 43 111 151 187 34 197 49 87 90 112 138 83 41 61 157 222 108 217 198 65 82 115 149 38 
45 104 155 43 135 112 100 193 153 64 160 55 86 29 114 90 80 55 163 192 224 143 62 80 81 33 198 35 196 29 32 91 87 
79 118 137 74 208 37 123 94 110 157 50 165 220 45 42 200 173 46 172 82 151 158 43 79 133 43 53 217 68 128 31 85 146 
226 118 179 35 95 60 197 217 113 40 53 119 183 78 214 156 196 152 203 84 128 49 168 102 166 185 124 160 126 67 179 152 216 
159 198 123 147 63 159 79 30 88 131 40 165 84 48 111 72 155 191 111 133 179 173 38 42 194 107 110 199 158 74 169 54 37 
187 82 51 138 35 103 48 54 199 67 101 93 77 168 151 104 156 177 223 69 78 165 76 39 68 185 104 108 30 185 139 116 212 
89 42 42 135 225 38 193 161 160 189 80 145 179 58 214 117 193 130 92 124 129 206 71 215 135 180 170 165 216 207 166 149 93 
148 172 36 103 209 62 133 150 216 71 53 217 140 103 204 148 171 173 117 95 111 44 172 74 56 41 66 193 36 152 81 118 179 
78 68 211 203 207 137 40 50 38 59 82 190 81 60 99 48 85 216 54 194 204 65 90 139 65 165 77 219 33 200 156 128 54 
221 153 194 79 109 203 40 198 84 85 30 59 127 173 46 42 47 115 202 102 132 143 225 135 166 44 205 163 211 175 172 41 53 
148 195 119 189 86 123 120 204 170 111 140 166 175 34 210 86 109 212 77 121 165 93 91 223 94 164 103 129 111 75 126 68 139 
50 69 133 206 120 213 61 197 30 30 146 79 66 203 75 95 37 168 90 162 203 218 158 51 202 198 170 173 82 146 38 93 134 
165 200 56 138 40 49 51 206 126 42 127 184 79 114 46 218 211 104 208 207 148 45 58 166 100 170 44 123 182 91 194 165 47 
62 93 67 201 125 134 204 223 137 138 210 140 162 59 43 42 139 153 34 64 220 181 130 52 70 174 116 164 217 156 91 41 198 
54 176 154 205 176 117 119 131 102 52 41 137 155 219 89 83 213 199 87 180 110 203 193 214 191 158 66 67 206 190 77 101 143 
129 198 66 124 72 201 225 79 99 81 116 178 202 176 224 183 205 193 181 152 36 167 167 92 37 111 143 100 84 81 168 40 68 
80 41 149 131 155 37 200 131 203 137 190 174 33 74 222 137 203 135 140 202 107 197 45 217 68 114 208 218 173 206 91 116 92 
222 145 191 168 184 74 107 105 97 78 152 76 140 72 163 184 118 128 122 43 181 90 156 153 207 131 183 175 137 217 188 175 169 
126 87 217 106 75 171 123 150 48 189 221 147 133 137 149 160 92 140 108 107 40 187 33 207 185 97 202 186 115 179 118 188 128 
180 184 42 152 57 144 114 128 72 188 127 188 197 60 157 127 141 223 71 178 34 211 59 211 111 167 188 147 72 153 157 109 173 
140 42 224 72 203 62 171 222 184 221 187 166 121 159 55 41 118 79 165 200 51 165 73 117 79 93 51 225 63 203 50 199 158 
169 88 219 81 126 151 195 218 81 54 151 191 178 214 93 108 49 224 81 152 192 151 37 44 54 133 94 75 119 150 31 104 93 
102 180 101 201 162 181 97 165 80 43 169 185 170 83 109 202 60 46 167 161 56 126 165 135 176 108 163 155 39 66 146 93 105 
121 141 141 121 106 119 45 135 215 105 110 206 130 138 176 140 58 94 156 210 79 144 112 133 87 52 122 57 145 46 157 105 95 
219 59 67 223 184 195 155 131 94 42 31 91 202 114 111 156 173 118 167 120 78 70 127 32 106 186 174 42 158 88 82 36 206 
121 60 132 189 209 53 33 175 30 169 153 112 69 186 173 201 147 98 208 60 97 153 30 144 179 179 158 144 88 185 163 215 163 
82 59 127 183 207 50 42 80 76 43 168 101 57 121 213 105 194 141 180 198 182 50 29 187 86 40 56 177 42 183 208 74 139 
162 185 124 76 194 126 64 220 115 174 184 80 93 196 210 173 147 29 185 153 149 165 158 223 157 38 181 145 183 194 101 57 42 
51 146 182 66 212 105 98 64 127 201 185 171 80 47 73 187 187 181 175 69 115 98 50 124 140 138 161 40 225 156 181 125 205 
176 223 45 130 190 124 215 222 139 179 222 144 46 50 64 141 212 135 129 77 74 141 183 206 91 132 105 110 108 86 80 133 53 
72 96 57 167 138 131 52 200 136 196 213 110 86 203 66 222 187 141 202 208 197 211 76 94 68 225 92 181 160 105 105 213 67 
172 114 139 197 107 201 193 102 126 163 196 182 177 136 59 61 97 89 189 39 122 86 112 50 126 69 164 119 133 99 120 122 206 
171 72 86 72 160 138 96 131 209 220 167 184 226 179 151 172 178 62 206 63 69 119 34 117 84 105 196 133 85 31 222 121 48 
88 107 189 108 61 107 212 121 160 185 60 205 55 132 33 164 223 68 114 58 98 145 95 126 207 153 108 129 217 127 117 106 71 
184 159 125 100 101 160 110 50 204 74 39 58 47 117 180 144 107 192 178 41 185 37 34 41 66 193 195 66 63 183 158 163 69 
115 87 201 210 145 37 84 216 130 86 178 208 163 212 42 32 148 57 48 222 108 186 123 136 161 48 165 31 192 161 68 223 123 
67 222 43 122 206 216 132 167 211 212 107 81 193 98 75 165 211 132 199 57 118 42 87 217 43 216 202 199 120 45 147 86 134 
129 174 132 175 164 185 158 170 66 198 71 198 156 86 64 65 111 32 115 205 140 64 103 35 31 226 149 85 114 48 39 57 96 
157 100 143 97 35 210 213 52 114 116 55 115 140 195 128 116 103 199 172 122 35 90 174 126 215 163 154 58 61 53 96 205 212 
35 158 49 154 166 96 194 156 184 33 35 133 49 214 87 71 212 89 48 86 187 212 131 161 56 174 214 144 131 213 155 34 30 
212 110 146 100 60 30 199 128 148 134 82 144 36 171 67 42 173 137 30 41 96 86 220 216 38 182 175 214 70 46 186 64 51 
132 32 123 151 196 188 183 173 92 127 141 193 126 191 152 191 76 197 125 65 138 226 128 180 220 56 79 113 188 208 196 58 225 
54 177 212 53 144 72 115 145 30 128 191 120 219 103 153 200 145 54 158 43 85 150 93 46 107 128 98 107 210 79 170 63 78 
47 80 55 56 196 36 93 72 32 33 127 97 130 218 112 147 171 113 166 69 34 104 136 173 206 73 133 172 139 169 70 189 141 
188 175 181 151 39 90 61 210 108 137 139 158 191 168 105 61 64 88 30 107 193 225 121 189 178 205 147 193 185 136 100 110 168 
98 60 106 78 55 121 60 212 43 36 94 224 89 35 37 39 187 182 188 90 213 138 190 63 76 62 42 94 210 141 135 50 108 
93 219 56 60 103 105 40 149 47 31 218 51 178 47 64 65 122 78 66 151 36 153 59 202 209 67 214 200 162 34 58 107 160 
138 214 140 79 111 73 168 206 143 117 189 104 76 65 218 109 62 41 155 43 59 105 154 64 39 219 172 43 56 212 104 111 184 
152 192 39 75 195 128 219 193 214 205 92 141 161 68 83 106 181 198 114 219 34 110 63 109 225 52 74 85 136 114 163 74 107 
68 196 127 190 158 164 126 50 52 54 97 171 130 146 68 202 214 224 87 170 156 218 116 94 124 77 44 43 167 213 197 68 80 
191 134 135 200 184 71 209 45 214 129 208 139 81 84 165 98 76 140 145 190 216 182 134 36 192 185 46 200 225 42 165 100 180 
195 103 208 204 41 128 58 31 159 184 137 136 175 176 196 180 100 180 118 212 112 107 90 181 99 54 59 39 165 85 62 45 147 
67 142 116 133 183 124 171 44 108 175 37 51 92 125 84 117 194 56 136 96 111 51 130 205 173 196 57 220 53 155 184 57 192 
73 182 34 107 139 133 70 83 211 75 200 112 151 48 76 206 129 86 110 200 41 43 164 109 81 162 42 143 31 125 29 148 77 
140 206 69 56 133 64 111 117 218 102 85 109 156 99 127 169 35 111 171 41 145 165 61 84 109 143 178 196 110 198 93 47 195 
204 192 183 109 184 190 71 106 212 205 183 118 42 69 123 125 146 71 195 189 136 224 189 121 30 29 124 209 40 88 80 131 162 
44 195 222 125 119 159 146 78 118 126 160 91 136 44 74 41 185 204 149 36 97 192 191 186 106 141 213 158 186 82 196 201 39 
223 56 212 187 182 222 125 110 45 133 171 37 90 167 106 57 30 213 157 67 93 192 184 75 35 131 196 143 173 215 225 139 58 
113 208 86 146 187 169 115 107 208 42 69 39 68 42 69 190 200 34 220 105 63 81 145 152 196 29 108 79 183 123 152 145 120 
210 199 66 71 207 219 39 183 93 132 67 102 225 54 164 146 225 146 146 211 113 73 200 66 162 224 36 70 168 134 196 225 150 
113 169 66 220 151 127 72 54 120 68 79 226 189 191 111 33 222 51 225 205 59 47 212 145 139 187 110 118 186 180 100 89 105 
189 143 175 186 118 112 182 126 141 69 191 203 169 74 85 31 155 159 67 56 214 42 53 190 89 216 114 61 223 134 29 53 74 
46 123 51 116 163 176 138 194 219 156 166 57 139 151 43 211 41 189 59 189 68 98 115 106 74 182 150 115 143 102 129 172 87 
97 110 185 109 165 140 148 53 138 198 69 130 31 133 176 167 150 211 216 137 29 147 209 36 135 99 197 160 177 106 151 149 216 
184 151 51 114 216 31 155 142 167 181 194 60 170 218 112 113 204 197 213 224 217 86 128 167 194 82 145 59 51 182 192 188 137 
194 115 120 145 78 192 54 83 131 201 206 218 116 117 219 176 196 184 204 155 123 149 157 78 29 176 179 127 49 46 98 180 160 
49 216 202 137 198 44 108 213 40 178 143 153 198 105 110 35 156 216 82 224 73 70 128 65 56 116 96 39 108 117 168 49 220 
72 161 67 79 169 50 81 221 111 202 129 43 81 137 194 158 145 221 103 136 151 79 74 205 70 215 56 53 104 209 121 124 185 
191 30 210 73 59 49 82 78 54 47 106 145 36 216 145 210 90 175 56 37 203 198 170 181 43 109 125 100 54 99 70 196 61 
101 47 175 139 188 76 86 50 221 122 84 31 201 91 165 105 74 217 42 33 144 119 29 226 218 140 30 197 161 94 172 31 66 
205 188 37 36 181 176 141 79 190 64 93 108 188 97 176 135 180 167 30 70 40 115 216 113 90 103 89 50 52 220 62 218 183 
105 46 77 199 225 173 152 189 136 43 157 158 126 214 111 172 100 216 97 140 87 160 131 31 115 119 61 123 79 212 161 48 203 
207 167 149 146 192 182 62 39 143 225 38 212 223 56 196 111 58 208 157 121 97 218 193 45 125 54 207 220 38 107 132 146 112 
116 176 81 139 222 126 92 207 55 89 144 107 40 126 151 164 144 143 131 69 35 88 153 96 145 29 155 87 176 148 79 191 94 
47 107 151 136 74 100 98 37 195 49 164 135 106 65 94 102 73 160 209 44 184 90 63 113 129 223 207 104 77 32 31 29 144 
41 62 93 165 155 117 130 64 82 191 33 53 169 55 142 147 190 154 124 135 186 104 93 77 104 147 125 171 220 57 110 179 128 
203 73 134 30 119 52 218 142 184 125 57 175 195 183 183 38 132 59 57 159 148 181 58 106 144 95 156 49 45 185 184 53 205 
68 87 179 104 77 111 55 129 216 178 76 118 201 126 150 170 43 141 107 67 34 84 76 40 71 129 96 118 163 111 31 92 74 
100 54 118 140 208 181 114 222 151 45 166 136 37 211 191 81 52 117 82 162 85 93 167 219 60 34 47 209 35 211 185 101 223 
172 155 35 108 123 124 166 79 144 134 182 202 42 217 84 124 57 58 143 214 73 160 221 87 113 46 51 150 183 105 168 177 152 
57 214 219 109 140 180 40 118 63 195 31 190 165 78 165 179 111 207 51 62 148 65 123 72 178 171 78 164 66 102 57 185 108 
193 183 104 39 206 81 97 136 191 50 48 50 92 154 225 102 50 88 45 156 143 153 131 156 117 157 207 181 139 125 56 146 44 
57 209 93 196 123 195 187 46 111 131 180 70 141 116 38 220 146 138 207 165 136 197 36 93 150 103 161 224 119 125 149 96 217 
61 176 112 157 210 100 90 88 198 68 59 52 58 171 33 69 194 123 147 98 162 119 162 42 173 210 215 49 142 147 41 71 223 
157 221 51 125 198 119 175 43 212 123 76 43 207 154 114 197 216 211 37 99 58 48 37 174 36 78 92 44 213 128 40 107 199 
107 136 204 158 186 191 181 123 31 183 145 94 217 171 73 105 96 29 67 149 30 163 199 36 181 103 45 74 71 68 142 167 155 
