23 148
301 399 176 142 266 174 97 127 354 346 388 323 273 369 65 133 215 239 237 165 204 273 214 372 358 232 290 325 249 78 126 128 53 276 338 203 188 233 372 383 382 294 297 241 77 70 323 229 368 193 52 175 96 248 156 315 97 358 374 254 155 247 162 269 225 57 240 286 314 391 307 154 120 260 337 80 186 228 257 166 54 89 174 171 249 76 134 357 226 393 380 215 64 164 64 81 386 336 341 375 396 307 376 216 97 203 122 130 310 284 158 268 330 177 128 321 378 217 396 247 244 102 318 266 111 268 95 364 283 320 147 128 297 106 165 339 180 178 194 398 392 104 344 243 62 152 318 382 
91 292 388 171 171 95 166 100 272 73 367 220 134 143 396 232 153 171 116 252 60 385 313 216 222 118 157 286 257 69 284 264 236 348 109 231 370 294 298 131 59 222 194 103 199 134 344 300 122 215 397 120 120 250 289 248 262 218 365 329 211 82 180 77 367 161 199 135 241 284 92 95 185 120 52 121 79 100 261 61 74 162 329 245 85 130 378 179 379 286 238 174 264 54 392 388 229 240 189 160 316 141 69 277 328 215 319 254 332 175 335 183 330 364 310 227 332 260 54 65 66 372 208 325 272 340 125 349 110 298 254 237 290 222 186 200 275 288 171 131 155 192 65 352 273 70 111 193 
184 367 374 248 275 384 345 105 308 126 258 180 319 214 200 384 76 362 281 326 89 374 132 387 186 89 219 57 258 269 279 185 53 141 256 305 227 306 264 327 130 229 363 258 392 292 171 185 367 373 325 267 73 59 93 175 359 121 396 344 184 233 114 115 390 384 289 320 254 204 179 187 370 122 237 240 234 218 337 98 192 380 122 139 152 104 326 221 340 335 331 223 183 277 396 69 156 244 326 223 313 87 70 369 255 341 78 330 162 103 156 364 325 218 272 212 95 250 169 334 141 223 334 261 185 92 354 180 232 193 267 55 116 394 119 376 147 252 266 56 333 356 381 265 90 82 243 123 
343 231 344 328 297 208 287 260 141 234 384 189 95 369 330 187 398 372 234 66 51 198 313 194 358 194 263 349 299 134 253 365 177 209 335 101 199 69 119 175 61 201 79 320 224 220 79 183 338 397 129 81 146 268 349 230 210 313 222 251 399 290 398 52 337 161 178 124 66 252 205 250 192 138 69 53 176 168 182 153 51 177 294 368 253 393 119 242 148 88 395 393 187 301 296 248 268 54 375 255 202 344 359 93 57 266 225 138 247 387 350 101 282 377 107 175 149 249 161 160 94 106 78 366 326 324 58 203 309 152 190 50 72 378 270 255 155 54 225 190 72 56 81 359 395 292 290 238 
218 228 320 369 253 247 255 333 343 133 146 106 335 316 358 157 147 50 332 304 307 361 173 133 114 72 237 319 163 128 368 198 51 296 187 186 60 119 58 327 282 307 289 348 283 265 241 89 322 164 249 94 307 329 243 107 88 120 244 57 166 170 111 361 113 297 100 352 322 195 50 162 183 293 398 291 194 280 153 367 184 355 79 114 358 56 158 257 55 116 278 236 259 79 109 107 161 355 233 57 204 106 75 310 391 343 214 65 303 321 388 113 191 136 326 177 202 109 150 246 246 206 83 187 52 163 146 135 125 122 238 217 375 394 96 65 194 326 228 304 164 344 310 333 94 348 276 163 
124 391 392 310 234 245 199 229 132 109 344 94 109 92 171 243 384 366 191 384 233 253 66 177 176 163 227 107 385 92 183 238 164 224 169 69 284 184 166 134 58 294 369 74 75 75 181 224 366 105 251 298 359 280 233 60 59 190 349 180 112 146 133 240 71 105 279 112 399 252 56 309 148 296 271 249 73 372 71 231 346 169 102 374 197 358 366 261 294 397 385 206 62 204 91 75 184 125 240 283 225 337 342 136 389 82 167 362 148 116 357 136 362 185 350 216 246 184 155 109 199 85 338 55 149 369 241 152 247 104 250 78 279 344 190 243 215 85 205 111 298 378 156 185 385 384 135 129 
211 214 301 89 334 299 152 216 279 54 298 250 149 291 323 131 374 316 173 365 131 163 81 114 382 182 82 344 316 244 163 291 189 216 156 235 181 146 62 300 94 85 377 387 150 93 321 377 189 181 174 172 265 338 174 291 346 56 231 161 160 326 289 396 52 189 172 71 251 126 374 55 61 251 72 81 267 218 358 273 185 272 78 274 322 275 283 213 264 231 267 260 380 395 313 229 325 142 65 288 324 203 374 363 74 265 299 54 94 145 311 327 293 321 216 345 161 151 363 241 245 340 301 61 98 381 323 322 261 276 83 198 156 202 78 143 332 289 99 263 162 387 306 85 50 336 54 384 
267 355 311 123 312 70 359 58 291 161 218 67 69 56 175 317 311 374 141 369 109 194 399 121 278 182 367 145 386 206 155 156 315 170 317 223 391 128 302 201 293 169 366 304 350 142 337 397 358 86 241 267 250 297 343 244 221 246 370 142 388 95 83 365 171 272 73 161 364 138 304 286 199 354 66 78 125 288 314 257 242 226 347 115 328 142 304 266 182 192 89 66 367 263 197 119 156 187 352 258 326 350 108 135 341 123 267 320 293 261 119 222 398 100 372 146 304 117 224 325 371 59 246 255 190 332 295 258 302 398 290 226 325 109 118 202 324 366 195 166 392 102 294 288 151 140 296 161 
181 359 273 276 357 316 61 306 116 283 136 111 180 150 278 389 98 388 356 398 383 212 67 68 217 301 299 169 367 372 264 266 86 361 275 217 298 107 139 298 310 329 276 345 252 385 387 198 78 73 144 350 203 223 307 170 304 93 208 215 270 382 55 219 103 284 64 92 63 59 366 51 279 124 226 163 167 288 366 287 168 209 218 324 363 386 314 313 399 387 63 361 241 90 262 348 305 258 397 352 194 303 225 215 354 388 290 100 72 388 166 195 313 186 397 340 319 236 392 78 65 91 303 217 152 370 326 150 374 384 288 201 70 175 319 217 254 147 257 369 265 243 207 211 364 375 333 317 
246 265 218 183 397 271 64 157 330 296 157 394 116 201 290 178 182 96 228 231 127 360 183 111 185 275 104 98 214 189 123 149 76 298 285 80 74 342 104 144 378 286 346 232 76 229 351 60 208 170 220 123 206 209 221 325 382 113 203 318 231 154 353 280 371 368 196 227 271 343 272 379 307 266 379 390 227 383 338 128 235 98 107 157 284 110 307 330 377 203 219 155 386 105 170 172 176 369 106 297 184 327 206 348 282 244 380 328 144 155 165 378 239 52 303 70 146 320 391 212 100 327 250 165 164 327 86 312 134 360 71 272 365 357 205 123 130 389 153 75 362 100 110 130 125 373 153 217 
365 274 291 297 154 171 71 334 316 243 399 385 70 258 260 350 94 291 138 111 182 296 100 365 359 215 188 174 81 292 301 208 106 120 57 324 200 328 229 126 57 75 104 315 311 277 259 384 172 217 185 344 260 157 389 266 398 378 206 50 176 87 107 355 108 150 354 229 353 71 248 317 172 321 125 398 63 360 252 96 224 64 143 268 245 206 254 337 170 393 110 156 65 329 97 140 317 319 194 276 308 280 121 242 306 396 125 212 80 89 321 259 167 161 162 269 172 311 313 134 322 295 243 254 161 269 127 96 368 243 124 100 129 253 88 200 142 167 344 188 306 265 50 205 274 243 185 100 
352 377 297 172 143 394 127 131 153 152 123 147 374 294 90 143 289 328 373 185 323 122 373 300 304 229 103 228 193 226 156 238 372 342 354 99 360 396 338 254 52 84 305 301 268 114 85 346 318 305 399 235 131 154 68 368 317 369 342 99 96 306 205 309 55 354 229 83 210 69 280 369 195 249 395 267 243 186 153 107 72 198 184 215 69 252 303 151 74 98 349 204 110 253 72 93 204 290 219 79 236 108 193 200 192 78 363 276 180 135 302 156 76 315 84 387 372 286 162 260 248 130 132 316 91 283 383 310 373 189 252 129 105 172 195 196 108 260 164 214 220 335 240 330 135 122 217 137 
223 185 51 281 385 300 206 299 112 60 60 261 175 215 72 144 91 325 190 173 202 249 130 183 324 304 208 183 240 217 385 252 287 238 73 128 53 209 109 147 242 89 311 104 334 347 236 390 375 119 396 233 137 324 362 158 317 270 276 123 58 310 371 210 263 133 342 176 63 151 285 295 106 321 291 147 196 289 103 167 348 126 382 235 120 312 245 115 109 340 349 97 315 101 207 233 196 185 361 299 367 149 108 261 203 235 388 373 344 178 247 94 139 183 378 155 330 297 373 250 85 198 250 301 55 290 258 106 84 64 128 307 104 170 300 304 370 155 168 396 73 355 173 263 183 54 317 337 
222 396 232 147 322 108 377 203 219 120 222 361 136 197 342 250 225 392 249 166 90 200 337 201 133 280 71 68 75 215 182 364 188 102 81 223 235 261 218 174 321 360 260 217 81 277 399 291 385 108 295 241 331 234 343 61 332 320 161 172 152 369 399 58 197 83 250 371 67 376 271 387 112 59 386 166 76 232 95 221 347 133 105 96 172 316 338 271 235 222 211 325 354 182 266 54 240 208 266 313 231 185 388 122 369 313 76 216 148 85 109 380 64 133 249 85 180 247 220 273 166 159 323 229 396 83 178 180 234 204 257 163 350 179 382 123 177 374 323 248 52 182 117 344 383 249 145 128 
82 327 69 233 336 251 233 291 120 157 59 196 118 141 246 387 304 244 116 242 261 227 219 362 331 136 330 193 156 347 291 101 261 165 366 387 231 128 190 86 374 156 318 283 107 121 327 184 362 65 206 263 137 283 71 92 253 52 354 160 222 330 205 231 306 347 107 71 99 67 292 112 159 191 149 379 220 371 188 112 135 165 179 126 344 332 169 109 393 313 282 199 168 219 267 267 66 290 269 179 72 71 102 165 358 301 107 318 138 316 69 159 190 252 95 277 347 375 352 342 231 215 386 64 81 204 141 177 129 339 347 269 126 136 303 133 52 53 316 259 178 339 241 272 86 307 196 308 
197 357 308 67 292 80 206 365 328 200 89 281 290 330 365 55 212 159 205 252 290 77 78 214 234 152 124 180 338 325 378 187 224 302 241 134 222 62 160 382 112 115 272 155 167 66 183 107 385 159 70 280 234 361 99 127 173 381 221 185 321 178 111 382 166 313 117 127 142 371 238 378 230 240 218 340 73 106 58 228 326 102 140 197 311 378 132 185 320 196 233 323 280 151 137 164 345 219 108 200 347 315 173 374 51 156 102 285 274 190 211 71 125 383 77 68 200 53 109 205 54 289 278 153 238 271 113 224 313 278 195 244 339 347 317 157 102 91 301 140 244 71 348 317 241 291 270 224 
143 283 233 379 216 74 72 199 389 146 357 360 343 345 344 286 227 366 153 235 51 220 387 275 281 125 90 228 363 376 393 254 252 98 321 349 133 269 361 109 134 93 190 84 284 265 68 308 293 195 181 352 371 140 316 230 160 263 73 52 198 216 236 184 146 334 237 178 112 354 129 233 52 310 251 115 226 134 353 294 246 370 248 274 329 399 329 246 259 184 65 58 215 386 186 219 322 265 294 82 129 373 354 222 106 222 136 57 360 86 290 230 316 125 252 184 214 270 393 87 166 304 102 322 156 269 181 345 262 93 241 213 351 182 166 167 341 96 367 282 110 288 309 189 158 285 187 335 
73 238 330 169 125 130 98 66 350 246 359 242 58 254 271 177 220 327 340 292 318 80 291 220 186 369 170 380 387 371 184 387 276 299 293 259 237 233 321 69 355 74 186 163 61 190 363 215 204 254 322 77 294 335 355 332 222 348 186 135 302 268 335 114 202 395 380 165 212 275 218 212 100 289 79 98 311 271 377 156 172 184 202 54 83 246 141 53 393 360 393 234 116 399 349 230 83 329 277 310 366 152 333 51 55 105 88 257 187 315 88 333 59 286 272 56 152 129 196 153 195 97 286 99 213 190 70 334 298 330 50 158 223 384 81 302 181 215 247 152 378 149 372 311 251 369 372 225 
132 226 332 70 189 69 353 249 316 89 53 181 63 311 277 221 264 101 241 261 65 338 53 346 79 182 101 297 192 57 108 265 220 178 107 314 387 257 235 112 275 293 372 75 317 89 74 52 225 199 371 384 363 272 384 310 277 311 297 80 219 102 166 189 127 164 133 148 292 276 168 382 332 91 283 210 93 214 119 387 55 52 215 188 125 330 138 216 380 50 150 171 292 199 121 360 302 199 68 87 83 348 72 358 196 99 138 280 60 396 375 167 138 272 395 306 176 379 207 106 139 239 128 101 344 73 103 314 318 136 320 317 261 160 65 389 276 68 343 219 249 206 218 306 283 173 55 260 
346 187 203 156 178 113 353 386 198 142 51 285 354 277 79 392 121 307 167 301 362 200 83 292 96 77 240 362 77 129 50 204 356 215 201 147 330 271 125 382 171 71 198 334 149 282 249 106 244 149 161 96 108 186 390 174 278 171 399 156 241 88 368 99 335 386 392 83 117 367 63 126 384 83 58 351 399 260 121 284 223 221 296 389 173 251 199 89 311 161 205 256 178 232 128 59 302 398 300 98 150 108 397 162 316 84 183 268 221 112 129 244 238 387 286 310 290 109 294 197 255 146 244 353 339 52 252 266 116 200 216 67 118 89 361 352 122 237 233 283 174 234 61 68 310 376 262 391 
235 361 238 197 139 304 258 189 207 281 309 223 180 345 158 83 99 304 285 147 62 253 74 199 327 117 365 345 85 339 254 70 169 354 127 123 190 146 366 376 136 84 315 118 301 369 300 112 342 106 117 115 237 318 167 305 269 266 361 113 235 160 190 186 166 317 194 377 386 137 235 131 169 303 336 111 176 236 60 118 173 212 333 277 155 215 390 277 149 241 247 135 351 148 246 50 338 320 329 118 113 207 173 72 259 174 357 347 129 253 372 70 359 130 63 243 350 238 169 229 290 355 189 241 354 210 100 242 355 227 211 322 350 232 343 73 179 128 238 74 239 189 272 110 174 299 366 341 
361 328 228 323 136 59 268 279 266 110 161 76 276 219 268 237 299 299 147 56 266 342 196 93 343 242 359 296 113 204 251 52 235 280 311 62 174 85 94 254 171 394 251 90 287 315 107 360 185 353 199 334 373 352 326 94 118 121 381 74 99 353 226 146 378 144 106 136 365 127 331 238 174 370 311 388 311 283 168 380 208 155 265 306 217 143 288 267 267 311 337 291 93 171 232 324 82 91 203 183 94 374 207 324 307 169 398 111 132 254 158 185 194 374 359 204 168 106 59 305 65 63 256 134 98 142 89 180 186 372 172 150 102 325 96 326 271 173 246 240 273 197 316 167 70 94 308 302 
239 381 366 358 77 367 366 59 241 245 189 290 148 217 135 248 72 107 158 340 265 320 277 139 295 266 97 172 311 55 92 90 266 335 102 207 313 281 97 306 255 69 148 383 185 166 245 165 343 75 385 137 288 230 61 310 187 324 102 199 311 66 120 109 258 263 52 358 366 253 173 153 348 184 373 163 271 307 68 69 196 115 165 387 51 216 298 206 244 244 285 100 272 190 303 376 217 387 262 67 194 325 256 365 67 119 96 280 356 150 121 351 268 171 72 118 69 272 355 202 317 262 79 313 107 173 97 123 316 242 349 61 390 139 253 93 137 334 134 310 360 205 73 221 139 200 77 221 
