44 75
90 42 70 42 98 24 88 98 49 25 84 59 100 41 75 47 98 83 22 78 94 58 42 36 40 39 46 74 77 20 26 74 62 33 34 53 63 52 19 71 81 62 54 62 74 36 27 14 42 27 55 17 18 80 97 45 41 38 57 70 31 49 27 70 21 19 43 90 76 101 16 39 70 81 22 
100 90 45 38 66 91 51 97 58 99 38 14 101 68 31 32 42 16 57 83 91 73 42 80 25 51 91 55 26 81 66 36 47 29 70 53 91 20 58 52 89 66 46 48 101 41 18 32 70 88 20 59 34 42 60 25 51 91 62 23 24 18 96 65 39 20 77 56 49 46 49 38 47 77 70 
40 28 97 46 20 50 95 82 18 98 38 90 64 62 60 86 64 74 74 92 53 90 61 75 14 29 63 96 74 43 21 79 93 82 50 60 82 23 21 42 49 76 38 92 98 61 70 26 59 39 63 23 55 26 90 88 48 62 40 31 38 61 35 73 96 64 46 76 82 76 42 45 64 94 82 
18 50 101 25 19 64 87 75 70 72 55 25 36 70 77 57 46 27 54 46 19 33 101 83 38 101 90 62 68 30 82 34 75 46 56 45 74 70 51 84 92 87 79 20 38 14 64 59 28 64 77 53 39 23 97 19 58 91 24 33 85 28 72 63 41 54 85 43 92 38 50 68 96 101 84 
34 72 19 81 20 90 62 98 82 75 42 53 45 23 35 94 75 72 81 30 95 26 59 52 65 92 72 76 98 25 65 77 74 24 75 80 38 56 100 21 52 40 60 88 24 14 54 100 28 39 86 94 76 23 53 70 56 89 35 98 45 40 84 35 86 47 23 19 95 14 83 87 83 86 74 
18 94 40 43 99 21 48 58 48 92 88 67 74 72 42 87 58 47 85 78 69 29 92 54 44 41 28 26 71 79 37 79 100 46 34 27 58 52 20 14 66 65 60 30 56 42 88 93 31 71 88 30 51 31 49 57 67 42 33 98 30 80 20 96 100 24 95 101 49 27 51 74 14 34 93 
61 25 84 75 21 38 61 25 85 22 60 76 15 70 68 15 67 43 86 69 56 61 92 46 18 25 40 37 45 52 14 57 81 68 56 19 54 49 25 55 82 76 76 95 49 79 94 52 68 94 57 46 29 28 82 70 73 73 29 18 15 58 87 41 81 41 21 31 17 15 27 99 38 71 87 
56 14 61 40 17 70 79 89 72 64 91 34 48 76 73 17 89 18 98 100 69 14 25 18 81 77 41 27 29 48 23 94 64 87 57 66 21 88 31 70 43 48 49 28 28 80 18 67 91 19 91 21 28 40 27 73 39 59 93 74 61 41 99 23 70 28 18 100 50 51 29 72 22 77 62 
25 34 95 35 61 65 45 94 66 32 70 31 49 50 67 29 46 67 72 43 91 60 100 64 14 46 30 66 80 27 73 99 79 25 49 100 14 56 62 97 35 55 56 38 66 26 60 97 88 86 39 63 27 16 55 75 48 27 98 36 84 64 33 39 47 91 37 101 54 51 54 87 32 34 56 
38 92 46 86 23 89 24 19 40 85 19 31 36 18 23 22 93 22 62 72 43 26 70 100 87 29 65 46 45 18 41 75 26 23 56 67 98 23 39 22 53 67 85 74 26 84 50 20 61 44 29 44 37 54 27 30 17 43 57 14 29 71 68 68 95 91 78 40 71 28 68 64 54 27 22 
16 14 22 30 25 50 32 101 29 23 29 42 42 76 16 44 93 94 16 42 41 79 88 89 48 39 86 94 56 52 39 85 18 94 49 33 47 78 33 85 76 33 61 26 96 63 60 18 84 80 61 21 34 33 22 57 56 91 79 87 39 78 22 59 55 76 67 45 14 64 78 86 57 81 24 
37 82 34 72 27 82 36 39 43 72 37 78 46 75 51 30 61 69 36 55 57 16 16 78 80 77 73 25 64 43 41 101 17 69 69 90 94 56 17 76 85 75 76 62 55 95 77 90 74 65 30 44 37 21 88 16 59 101 40 89 67 75 64 84 79 28 33 75 93 69 31 46 67 58 101 
79 30 60 75 29 51 99 45 44 79 93 14 35 69 54 77 14 23 48 39 76 55 84 53 44 46 90 31 28 28 30 56 42 65 19 68 94 59 28 80 55 33 57 74 86 56 87 49 32 100 27 45 87 89 88 97 91 34 23 16 45 98 86 22 29 49 52 65 69 25 44 80 61 41 80 
34 64 18 16 82 39 25 100 74 20 44 38 78 90 57 67 42 75 19 19 22 18 45 54 25 90 100 50 36 62 97 67 72 75 52 50 26 67 55 66 46 43 34 14 35 56 50 94 94 29 72 44 64 71 31 18 84 93 38 87 44 26 23 34 27 54 14 53 57 28 38 37 90 69 73 
97 16 20 39 58 42 99 89 90 69 30 77 63 98 22 21 82 88 26 51 51 44 89 32 56 14 82 22 14 21 40 42 71 78 96 22 36 57 61 29 77 36 22 73 30 84 86 41 68 81 60 31 73 90 92 74 92 81 54 94 101 16 21 101 39 75 59 88 63 32 83 22 100 45 15 
89 39 81 91 20 61 14 65 25 82 29 71 99 97 90 86 48 57 81 28 73 66 90 29 29 89 65 101 58 15 81 57 45 33 65 78 37 28 87 26 59 55 29 98 20 69 66 44 18 75 90 46 40 55 16 86 52 34 35 27 58 96 38 100 15 45 37 40 43 89 101 29 19 79 83 
69 61 91 32 78 69 18 35 65 56 63 39 38 71 43 86 69 78 36 95 80 101 98 44 55 63 38 95 100 82 99 54 64 46 33 92 38 49 47 98 23 82 74 14 93 60 28 83 59 70 22 73 77 49 72 47 37 81 16 93 37 47 26 39 84 55 88 15 18 78 82 25 70 38 79 
86 91 52 76 17 14 57 60 22 35 81 49 76 16 65 74 32 26 36 29 60 95 31 39 40 84 67 98 72 96 27 54 61 48 79 59 25 36 57 38 69 42 38 75 85 34 54 89 71 82 23 44 63 42 87 95 71 51 73 72 61 75 59 80 77 20 61 91 57 63 36 53 46 26 23 
78 33 98 82 72 74 69 73 86 24 30 23 39 44 46 17 27 58 57 68 37 46 88 62 98 67 29 43 65 42 84 54 43 33 23 99 101 74 18 74 27 21 41 95 16 56 71 72 51 22 89 87 84 55 82 89 64 47 56 14 81 24 30 89 97 60 91 82 32 61 35 66 61 48 61 
79 65 51 61 41 26 34 19 28 14 72 35 31 94 27 62 28 30 65 34 33 74 98 69 47 90 62 71 57 73 81 33 86 35 91 24 75 54 37 79 43 34 49 52 16 19 73 57 87 55 27 94 54 91 52 45 81 35 26 70 54 18 46 36 38 14 50 48 61 39 71 69 43 81 27 
83 84 49 24 32 93 21 32 92 80 38 96 51 90 26 75 16 98 45 49 80 21 25 87 37 96 54 41 85 37 35 36 42 43 45 25 35 47 39 23 42 23 59 97 71 48 24 96 38 85 101 33 52 20 61 98 87 100 27 89 23 26 87 47 88 44 33 51 57 61 30 73 66 74 66 
68 33 92 69 49 46 55 96 95 24 58 49 52 23 81 85 17 19 24 86 49 29 48 45 54 76 22 66 85 99 58 17 67 42 22 23 39 25 80 86 42 44 65 70 68 67 79 85 17 33 55 39 52 64 95 17 27 35 44 58 91 69 55 27 93 96 69 65 49 15 55 65 50 72 39 
43 43 84 45 34 80 66 81 83 95 67 25 27 24 31 101 78 36 63 33 54 74 76 35 89 80 73 30 54 31 20 30 73 79 99 20 21 62 28 100 17 59 101 30 70 55 78 42 64 63 19 80 83 59 15 30 32 98 69 43 39 26 96 92 71 66 14 76 45 91 16 74 90 55 78 
93 72 48 49 83 77 68 40 43 65 47 39 39 101 65 93 87 100 58 68 73 22 92 71 77 75 40 71 33 93 99 70 32 73 58 24 48 80 35 39 43 72 78 46 54 80 29 87 89 69 64 97 63 38 59 92 71 46 20 32 25 91 87 53 93 91 53 91 88 15 29 94 48 50 17 
50 91 59 76 37 99 17 82 77 52 38 17 95 41 64 39 66 60 20 20 28 37 43 81 19 61 66 17 14 90 37 95 21 29 76 96 38 75 96 98 34 18 39 93 55 37 86 82 79 64 31 41 65 87 52 39 78 37 58 23 63 81 57 24 37 30 99 80 82 98 19 48 14 39 72 
24 60 97 42 51 14 79 45 87 21 61 59 14 78 17 55 32 57 85 23 77 20 92 49 77 96 16 18 18 83 36 34 73 94 70 92 69 78 39 37 20 72 93 43 70 89 73 72 19 69 45 23 101 89 88 86 94 58 53 68 26 95 32 37 80 44 91 35 21 81 97 16 26 83 65 
82 80 49 60 30 81 97 26 16 88 84 74 65 51 23 89 74 55 60 37 88 94 56 90 88 45 30 44 29 17 28 87 88 35 101 60 56 32 15 60 82 22 45 41 90 60 87 83 59 50 49 49 91 89 25 89 75 52 37 98 53 47 21 63 78 55 36 71 87 98 37 99 31 64 84 
23 67 26 82 68 72 74 21 77 47 100 48 49 27 43 62 49 48 46 45 51 44 60 72 54 74 31 77 62 28 29 49 98 89 20 89 36 16 79 90 89 60 84 59 26 32 33 17 26 69 54 43 49 89 99 40 17 66 93 38 71 52 38 60 35 63 27 34 75 76 34 47 101 97 35 
99 100 51 70 23 29 36 45 41 83 22 83 100 95 95 86 72 52 53 41 61 34 75 70 94 65 92 26 68 81 47 48 56 31 84 66 30 74 95 21 22 63 26 77 100 66 56 57 90 70 95 32 93 71 53 29 85 93 71 63 17 44 77 43 75 50 58 62 15 41 99 85 74 78 54 
32 88 64 37 23 54 21 67 35 82 81 22 40 24 73 22 81 22 79 76 45 74 38 46 73 58 97 99 22 101 71 18 92 40 74 48 79 91 64 25 57 45 17 78 56 53 91 32 41 43 58 28 77 63 19 96 35 64 35 61 15 87 100 101 49 101 88 78 57 49 33 56 82 95 80 
36 84 54 36 46 70 97 45 76 35 32 25 71 37 23 23 57 96 32 83 95 32 77 34 74 69 64 94 97 14 22 75 17 60 89 83 31 64 62 24 85 72 79 80 35 38 89 37 24 25 48 21 25 32 41 79 18 44 56 80 51 94 100 85 92 97 48 66 100 72 59 34 46 75 34 
15 85 54 61 93 26 83 55 66 91 98 65 33 30 85 82 39 55 89 40 69 30 89 66 71 100 93 97 92 80 68 35 32 45 86 34 22 78 21 85 18 20 92 30 14 31 25 36 75 36 23 57 82 38 23 95 51 48 56 30 62 58 100 33 17 34 21 26 25 68 47 67 60 93 56 
46 63 101 38 47 91 67 96 25 53 53 40 46 38 80 55 28 24 93 34 92 91 21 83 84 79 94 74 15 82 62 14 91 68 95 30 52 40 100 77 23 38 19 22 89 72 91 36 73 42 80 78 20 85 85 32 56 29 34 37 98 90 86 76 52 100 94 49 33 67 54 101 19 29 71 
16 23 41 90 30 79 27 100 32 41 57 75 45 30 94 40 97 21 37 85 52 24 17 33 101 88 42 81 97 45 26 90 39 24 16 60 78 69 77 41 89 91 77 94 17 38 65 17 84 79 51 68 101 89 41 41 76 63 101 95 40 45 20 83 90 28 38 90 83 19 70 94 32 74 34 
71 53 32 37 52 96 39 19 35 48 86 93 85 30 64 62 37 82 59 44 43 57 36 83 68 77 24 79 84 14 30 80 78 96 20 99 42 92 95 79 49 68 71 101 22 41 34 99 22 63 47 90 97 76 22 55 81 37 38 71 82 41 47 79 66 90 26 91 43 41 78 93 79 57 44 
72 76 39 84 53 72 72 57 46 22 76 91 18 65 66 52 32 49 51 22 71 44 51 66 69 30 38 75 14 60 63 101 88 70 55 24 44 91 20 26 24 81 40 99 75 77 44 26 80 24 60 57 95 43 60 53 48 84 35 16 66 17 31 42 67 100 66 61 64 40 68 96 31 27 88 
23 99 45 59 16 57 80 82 89 72 96 92 17 30 60 57 52 57 86 24 59 66 80 63 75 25 79 62 100 93 52 37 77 75 80 40 55 81 16 63 79 19 82 67 23 61 63 70 95 34 74 59 80 93 39 94 18 70 71 28 15 72 19 30 95 16 79 90 29 48 17 67 33 93 90 
34 24 30 85 93 73 70 61 15 73 28 28 55 98 81 89 38 31 25 33 75 43 93 81 33 67 88 51 20 65 17 80 48 66 97 21 43 18 70 80 36 95 54 45 67 43 88 20 42 78 79 61 93 27 25 71 86 41 95 93 36 78 70 75 85 79 70 39 18 75 47 59 82 88 61 
18 97 101 92 17 66 91 28 64 27 22 99 81 80 56 55 16 59 47 91 91 98 30 20 20 41 26 28 85 18 62 55 28 26 97 36 47 29 37 62 89 45 52 100 30 47 46 70 83 95 86 97 58 54 94 20 44 72 80 92 79 83 87 37 27 36 21 42 55 28 94 95 57 52 44 
20 94 100 77 61 79 26 66 48 69 41 73 86 46 72 54 22 97 77 61 87 30 25 90 52 65 54 37 53 72 78 64 59 67 78 27 83 52 43 51 80 23 68 62 58 67 72 26 75 17 73 94 52 70 25 17 43 100 75 82 56 21 78 15 32 34 29 90 26 73 19 65 96 37 61 
77 16 43 16 85 75 42 94 68 46 42 26 48 23 33 100 69 34 33 17 89 85 78 66 97 64 38 73 36 89 34 23 46 55 61 17 48 14 74 52 38 35 91 22 81 24 23 55 46 17 75 33 54 64 68 52 40 62 44 61 28 20 68 71 81 33 81 34 50 36 18 19 44 44 16 
53 59 53 31 79 69 31 36 21 55 82 23 27 87 76 43 39 33 87 52 71 62 44 72 19 90 20 33 100 93 49 18 37 53 96 96 89 82 18 51 53 98 19 77 72 29 58 90 80 100 50 97 46 21 33 74 93 18 23 16 30 27 97 41 32 49 95 83 95 85 90 97 66 72 83 
62 17 20 40 50 47 83 23 19 84 87 40 54 79 81 101 62 18 37 22 36 29 14 67 79 24 95 17 38 27 90 65 20 73 35 37 26 36 63 28 76 74 90 40 101 57 15 22 68 23 36 22 59 21 84 20 93 84 30 30 17 17 70 54 100 85 59 50 27 72 25 67 17 63 79 
75 86 99 20 50 33 61 46 18 96 39 35 82 37 44 91 80 74 42 77 82 72 79 42 63 37 58 31 18 61 76 47 63 98 70 48 96 78 20 76 66 16 91 35 92 22 95 63 72 50 80 72 61 88 86 73 28 79 98 75 82 46 87 16 77 32 57 99 50 59 29 14 30 30 25 
