122 111
68 47 42 45 197 55 127 118 171 218 78 172 149 51 74 172 136 72 208 184 189 48 57 85 115 72 60 153 217 184 217 76 167 154 59 238 181 114 102 34 195 100 49 153 243 146 237 242 228 77 152 112 41 159 179 180 33 159 82 109 112 244 133 238 198 61 146 47 127 64 198 78 51 81 44 39 118 189 53 209 82 80 129 132 147 84 124 56 195 124 108 183 160 48 218 70 235 185 71 39 66 135 113 67 185 160 63 198 76 140 121 
204 72 231 139 203 179 207 84 48 240 39 121 102 183 107 239 124 245 133 218 63 176 152 103 104 206 202 73 239 47 47 90 208 167 91 215 237 105 72 138 156 200 98 50 218 215 135 221 160 132 67 113 158 192 66 96 61 203 143 114 89 37 85 143 39 168 52 181 162 228 63 238 124 195 155 198 100 87 82 164 139 216 89 159 164 146 223 171 75 70 127 107 124 112 111 185 168 178 106 84 163 71 243 138 137 113 212 102 131 119 117 
67 92 129 168 138 241 126 101 144 225 97 202 44 241 199 173 135 99 68 149 69 159 31 221 235 146 235 59 234 239 127 40 99 100 239 64 122 198 172 173 48 119 187 231 100 71 154 63 154 120 80 132 223 151 109 149 44 240 63 216 81 65 134 43 147 226 35 113 129 98 77 159 171 174 115 47 92 150 105 69 50 96 157 104 211 114 129 219 195 122 230 133 155 215 246 230 52 174 107 163 140 238 143 123 64 117 203 122 59 230 44 
198 214 219 243 233 161 168 99 151 240 216 32 112 49 172 126 232 85 216 144 53 126 88 107 153 56 52 170 224 162 232 43 180 151 103 201 95 208 41 172 184 204 66 238 59 163 165 231 242 63 89 163 240 84 130 194 96 82 131 104 177 177 115 142 109 52 62 49 226 128 214 82 168 87 217 62 148 40 76 79 108 210 120 50 132 177 172 58 65 143 123 141 140 63 136 53 234 238 47 154 137 98 230 54 149 232 52 130 156 185 192 
47 46 77 37 47 185 139 100 212 84 214 235 97 155 156 221 105 90 164 147 236 173 214 105 89 216 32 235 224 194 181 81 159 56 208 201 112 199 170 60 233 177 33 164 244 36 217 189 144 79 231 64 216 127 43 112 202 113 86 119 178 192 205 88 128 73 133 91 103 221 175 60 120 240 173 148 167 64 38 85 139 39 150 224 36 84 218 82 32 39 235 54 127 132 225 180 112 58 193 59 203 181 90 210 232 40 196 70 208 55 130 
191 75 91 146 235 121 143 171 191 229 107 166 99 103 183 240 173 200 163 239 225 60 149 226 80 83 58 222 95 240 96 110 114 54 227 163 144 183 175 229 175 136 238 64 227 185 49 234 92 41 68 156 110 122 78 40 118 80 62 106 73 95 156 162 190 134 95 32 47 135 83 208 51 193 198 217 32 47 50 33 88 138 101 91 233 172 191 227 226 239 60 137 203 150 44 133 60 57 207 234 240 63 108 109 107 183 211 176 193 96 194 
90 241 58 93 186 107 172 98 68 110 176 36 234 197 155 182 31 114 145 58 208 228 81 242 68 45 228 199 54 207 228 88 184 240 99 158 193 155 105 237 82 225 43 85 54 72 192 34 241 51 85 33 83 146 195 229 36 59 31 40 154 73 59 197 224 68 116 214 210 225 68 241 214 180 176 217 181 91 236 242 163 164 53 84 202 114 223 84 190 188 241 112 197 207 54 217 93 117 237 118 90 213 115 142 160 117 63 94 246 110 198 
140 196 119 217 35 238 172 244 137 153 185 112 77 158 233 115 116 85 60 110 222 36 88 47 220 31 134 112 245 138 81 64 178 61 51 177 206 55 217 146 122 54 120 61 32 206 40 195 174 120 39 151 101 221 169 144 227 60 215 35 206 112 133 33 58 69 113 173 140 140 193 144 176 53 235 152 32 204 83 118 78 104 89 208 133 88 241 191 98 118 55 161 160 73 34 137 165 237 192 93 183 246 178 200 187 37 138 201 111 145 90 
125 70 186 167 57 44 67 246 234 194 238 126 32 165 228 182 88 226 180 64 97 245 100 86 233 226 182 211 129 171 149 206 110 140 161 211 178 147 110 90 155 235 179 116 137 187 178 123 206 131 43 233 209 111 207 204 123 207 50 32 190 77 159 62 83 161 218 236 51 130 194 117 200 85 78 162 221 91 210 224 99 190 42 100 229 60 118 221 78 136 134 233 138 229 32 138 226 148 40 82 164 240 95 157 235 136 167 159 194 149 117 
62 95 164 120 72 166 182 74 87 114 78 101 164 171 147 31 59 37 63 201 38 134 231 84 92 146 187 101 83 242 224 139 83 178 237 38 37 42 195 98 44 80 217 52 83 243 38 53 56 139 136 53 191 151 93 130 89 239 136 64 231 108 118 235 49 140 193 59 156 218 124 231 36 126 33 38 110 105 136 33 217 164 72 61 109 57 35 176 213 169 237 122 49 111 61 190 224 190 151 176 156 143 145 169 206 237 165 113 99 237 175 
36 207 71 191 49 65 90 113 143 39 160 43 192 172 157 70 131 143 38 177 196 101 95 66 79 186 206 183 149 164 222 44 102 144 150 197 216 90 164 190 78 119 92 242 77 37 117 185 227 126 93 133 216 120 92 87 234 240 87 77 243 216 246 127 118 31 128 130 211 168 245 132 158 214 109 41 103 94 31 78 213 109 164 108 124 52 117 103 129 57 242 240 67 184 116 183 77 41 149 149 33 236 143 169 167 218 75 153 238 54 147 
220 82 165 57 246 143 209 194 99 77 148 213 231 188 35 152 190 186 80 165 167 83 181 49 38 168 78 142 155 115 142 185 245 82 156 86 226 50 208 226 211 237 193 218 36 167 185 234 58 110 163 89 64 56 123 123 123 202 87 246 45 238 165 185 63 180 125 130 66 84 176 223 143 98 177 152 229 91 138 83 196 160 226 223 56 217 223 197 32 132 183 155 223 62 123 155 235 80 181 117 244 62 65 96 119 52 178 150 148 209 151 
233 44 41 62 184 111 150 135 223 173 39 197 246 107 131 160 120 112 136 78 86 65 111 147 53 146 210 111 182 47 65 215 197 162 233 222 68 228 94 230 145 153 42 121 205 31 199 245 94 64 89 47 167 33 216 39 166 106 141 149 175 126 138 186 63 141 175 59 212 121 234 217 139 101 238 60 201 173 200 233 86 113 246 241 191 124 176 68 195 221 36 198 145 147 165 113 128 134 235 91 110 156 177 130 69 169 203 189 187 219 78 
124 185 197 236 147 206 41 168 211 197 244 152 185 92 116 81 59 182 165 46 72 108 109 84 104 119 117 224 148 121 217 218 111 189 122 38 125 244 130 160 242 154 142 136 71 40 227 222 104 99 130 144 234 204 182 98 75 74 33 109 170 245 225 83 33 172 216 186 63 145 205 127 43 43 101 69 206 37 78 198 153 237 117 112 143 80 150 116 84 100 68 187 38 134 162 98 202 132 225 177 74 142 179 230 246 201 239 198 65 115 102 
231 189 174 46 159 89 239 148 105 122 54 95 154 80 35 171 199 83 151 68 66 37 81 235 180 201 178 117 60 141 179 178 33 236 189 244 125 191 65 41 130 133 177 74 138 201 246 109 49 171 84 136 37 185 179 95 242 78 232 223 223 180 243 180 149 119 82 48 105 210 69 117 199 78 243 245 177 71 70 144 33 50 211 222 188 84 141 93 103 149 113 205 174 125 132 162 178 197 116 242 171 169 53 48 175 172 134 72 202 213 219 
132 134 56 180 158 220 152 189 102 108 204 151 55 90 144 87 213 122 46 229 186 116 100 232 58 107 215 193 34 203 136 221 48 65 46 190 103 120 165 76 50 49 117 104 92 146 174 218 109 114 82 196 232 244 147 46 122 178 240 219 181 84 50 212 118 42 171 243 131 38 73 99 113 245 104 134 245 103 46 167 178 44 154 217 107 146 95 151 185 45 38 134 215 159 82 136 124 32 128 243 184 150 206 233 155 160 155 72 122 240 120 
53 68 216 213 76 188 191 79 188 31 60 193 217 121 65 217 201 75 75 124 108 79 217 76 109 135 196 240 238 107 142 133 83 106 190 164 174 75 138 68 83 36 110 185 180 123 68 53 208 122 220 191 119 192 215 41 57 94 158 190 80 240 193 196 235 181 245 142 213 232 156 37 197 224 179 71 159 228 216 192 131 235 115 225 244 59 223 103 148 145 185 246 54 216 80 37 140 61 109 107 106 43 109 74 162 194 236 98 66 230 141 
74 59 68 215 227 187 80 106 245 46 45 99 207 112 77 204 104 38 66 79 35 189 59 204 187 131 187 153 163 45 223 146 49 41 111 121 84 141 94 199 220 47 149 164 217 70 101 76 94 217 52 139 223 79 122 129 177 214 43 153 201 208 152 119 199 83 234 89 132 72 222 103 67 231 152 157 132 80 137 137 206 125 82 128 246 182 70 110 171 141 154 213 76 187 73 229 196 91 150 37 228 182 176 42 154 166 125 78 217 31 120 
218 217 186 229 111 240 36 48 88 153 94 168 76 60 103 145 124 238 143 186 136 115 141 228 87 81 92 69 238 167 209 52 128 142 200 125 183 142 119 111 178 92 155 45 39 162 154 146 227 55 193 144 40 201 223 242 198 185 57 232 246 214 55 171 106 157 79 170 233 119 41 213 122 154 59 232 38 37 102 194 203 183 112 70 214 135 83 233 120 185 157 94 149 175 170 134 129 54 63 148 92 75 113 216 160 86 174 218 232 245 129 
130 211 36 140 197 225 228 64 219 197 41 81 142 244 185 40 181 173 194 49 242 185 171 102 137 53 237 243 107 101 219 69 34 44 56 132 165 210 184 48 150 212 90 59 34 162 52 187 208 37 144 131 174 80 213 242 232 144 105 36 35 191 118 176 113 93 82 122 166 32 156 210 131 118 67 69 104 240 97 105 111 234 168 63 86 176 116 132 237 235 33 104 41 211 78 204 233 39 219 165 183 172 95 222 49 147 60 45 97 86 31 
236 153 235 147 75 219 209 173 100 192 187 222 135 71 124 100 48 128 98 146 149 218 229 57 116 98 74 78 101 221 115 78 211 39 225 56 57 69 165 74 162 224 122 119 82 187 240 71 91 31 181 111 202 61 204 202 196 36 235 240 243 91 39 223 174 33 59 111 159 115 121 210 198 94 224 108 71 182 103 47 87 46 49 42 133 145 169 59 198 144 143 114 225 221 36 160 197 207 178 41 127 71 232 110 232 82 221 125 127 208 130 
100 59 213 213 156 140 70 75 123 218 54 238 93 38 161 199 212 192 137 110 53 120 71 96 92 217 36 96 115 234 233 121 63 47 204 170 156 232 51 35 42 65 46 223 208 153 80 227 192 87 46 94 59 82 68 121 214 159 108 49 45 185 128 99 127 59 146 191 162 34 210 104 65 97 208 187 195 204 50 38 110 82 96 67 171 157 134 76 52 147 234 169 195 98 142 96 93 207 168 157 215 56 73 131 111 195 107 89 55 150 174 
144 205 153 165 156 142 233 92 41 85 134 69 112 94 206 107 242 56 75 118 76 122 59 193 59 205 232 136 210 226 127 246 226 150 228 70 34 51 222 104 103 225 38 70 69 141 182 79 238 88 40 212 147 43 196 98 57 81 134 103 93 183 79 176 164 111 139 210 212 139 84 208 167 208 101 197 145 48 49 234 191 189 36 82 138 59 146 235 109 101 127 184 187 115 150 61 237 162 231 187 123 173 235 157 208 130 33 194 227 184 110 
155 187 120 168 183 202 233 196 70 54 209 145 59 76 136 205 181 237 223 102 207 166 81 187 143 147 216 60 172 92 188 31 108 130 88 77 172 59 181 100 113 108 83 54 55 31 125 90 72 182 76 41 175 158 55 212 158 215 122 245 52 139 180 123 43 149 165 65 73 180 240 217 69 216 221 53 93 237 162 174 166 94 43 217 235 235 56 175 113 157 166 83 163 33 73 162 97 188 120 214 62 174 81 67 194 138 142 230 157 53 184 
74 150 245 92 100 163 100 179 138 217 221 62 232 143 86 169 187 158 110 144 162 99 57 224 82 40 138 31 56 167 136 238 164 201 52 165 236 39 82 224 166 63 190 121 171 64 129 135 112 233 180 125 127 231 100 181 222 166 206 239 125 131 101 36 134 159 234 136 168 158 52 128 180 137 200 240 108 216 58 200 112 84 85 32 188 228 55 161 103 150 65 78 196 121 189 179 62 200 185 220 208 193 75 90 163 55 205 138 115 109 179 
214 172 237 106 64 200 72 235 75 125 54 177 84 45 232 120 194 118 188 142 194 99 224 62 102 106 243 98 175 168 121 209 96 234 237 34 245 229 116 216 124 40 191 86 58 88 41 173 177 172 170 99 241 99 227 182 53 67 35 218 63 195 130 191 182 227 140 126 119 50 216 197 186 168 193 58 71 174 100 172 121 122 163 120 129 87 242 83 182 85 32 43 67 93 169 163 145 79 73 62 111 231 163 203 151 117 115 234 196 141 73 
135 177 167 87 84 75 87 156 188 241 223 218 101 234 204 141 53 224 135 158 177 100 188 119 106 171 128 239 209 191 102 143 203 113 59 46 96 53 203 99 97 222 99 201 193 85 153 80 70 148 49 201 128 135 129 242 121 189 95 59 164 34 186 152 219 177 222 112 116 34 163 69 188 126 192 53 215 218 141 192 182 211 150 195 138 63 103 133 136 109 180 32 142 125 79 154 61 130 176 108 223 47 208 195 186 152 102 181 94 147 118 
102 52 111 231 164 32 204 172 104 192 59 133 214 61 38 111 206 105 123 137 68 49 118 136 196 54 53 101 99 175 136 78 82 185 48 195 100 73 246 89 58 217 151 100 157 153 79 192 236 56 37 105 246 60 94 108 138 54 172 78 85 121 55 195 148 196 204 33 138 190 110 206 117 114 202 56 68 75 96 204 171 242 143 88 179 205 207 61 131 34 77 71 236 37 138 231 75 198 37 91 208 230 123 132 183 220 76 216 236 163 231 
193 245 102 225 94 82 127 58 225 176 211 80 41 55 186 224 216 33 126 130 128 228 99 173 201 185 110 227 110 93 176 150 201 40 221 179 92 141 159 214 178 233 193 110 36 96 129 42 176 188 45 212 192 87 242 213 95 179 73 209 89 207 123 140 107 93 78 126 184 226 48 51 134 198 147 78 65 77 234 47 238 125 211 210 202 201 237 186 220 92 220 77 185 58 235 50 239 204 210 81 196 179 168 106 111 119 218 184 182 207 228 
215 130 100 79 100 40 201 140 76 178 94 232 240 174 62 169 135 181 133 112 68 62 238 63 90 179 171 93 181 165 78 240 67 92 152 74 82 129 225 126 100 80 47 173 225 224 218 68 235 53 135 233 160 48 51 86 227 36 59 173 236 140 50 165 129 164 195 35 37 206 119 204 233 182 184 106 128 183 167 189 207 223 188 237 132 72 228 165 69 129 135 33 221 109 170 148 108 138 51 147 132 181 132 158 75 211 177 72 245 203 61 
44 97 147 138 91 176 40 199 171 177 162 103 242 81 31 88 212 217 126 153 137 88 79 176 35 154 217 218 238 145 140 148 232 35 201 50 211 61 95 102 137 223 47 187 200 87 129 218 86 218 208 133 206 64 164 154 67 63 215 43 229 179 219 211 218 101 193 139 174 161 125 167 126 237 208 178 146 151 69 81 49 166 113 143 121 180 229 156 127 81 173 147 36 35 126 156 121 46 52 127 68 215 193 187 59 229 133 86 144 169 146 
117 150 69 143 182 188 196 112 148 183 225 92 227 36 186 159 221 222 70 240 164 133 156 45 113 80 222 102 93 44 110 160 150 37 40 99 59 124 161 46 91 146 222 226 43 173 223 228 183 184 45 46 124 151 210 32 107 84 104 235 144 99 141 111 99 229 78 54 78 211 170 136 193 89 144 88 115 150 154 119 66 112 228 47 181 229 128 34 79 103 108 85 142 176 47 87 181 199 111 246 135 121 239 101 134 91 79 46 75 143 148 
94 230 182 114 185 231 189 191 44 190 50 113 58 57 49 115 224 60 138 44 173 38 85 152 204 57 49 196 53 226 113 180 75 226 105 207 94 84 175 53 140 224 149 232 59 223 54 57 99 80 119 164 122 203 96 198 151 100 211 142 115 225 124 234 181 71 161 60 157 155 181 117 235 213 199 183 73 49 224 193 70 145 69 39 92 245 210 217 125 61 144 205 169 32 151 215 35 182 168 167 142 211 84 244 137 156 161 136 138 111 199 
140 66 38 101 230 165 213 154 95 118 141 137 66 80 167 235 226 47 228 75 179 48 173 135 220 111 47 155 147 160 185 114 57 216 33 183 80 108 243 88 98 234 99 205 92 71 182 88 139 128 132 237 213 85 89 35 180 163 188 244 222 161 135 210 112 238 88 162 117 73 127 149 233 40 225 180 211 141 188 221 178 238 237 212 63 44 119 51 244 47 204 156 171 119 192 78 90 182 108 175 85 116 153 81 149 123 61 32 176 220 83 
234 56 209 118 152 160 117 54 205 173 209 207 188 185 217 221 151 126 118 205 173 137 221 48 187 149 120 201 191 209 99 153 224 52 161 120 154 137 232 55 153 54 107 60 108 65 199 110 188 124 232 178 53 72 108 37 36 193 128 211 169 185 122 167 47 127 126 59 194 201 221 67 176 199 108 93 35 58 233 115 142 61 170 141 214 163 177 152 35 209 51 188 135 141 65 133 118 184 209 215 39 80 85 119 162 40 107 40 34 212 135 
124 93 112 38 44 161 112 196 209 225 150 121 67 137 223 152 58 118 175 104 60 49 126 70 182 126 74 90 102 136 119 81 112 32 69 51 88 181 162 230 176 38 191 35 186 78 158 143 232 47 188 244 113 34 36 33 71 149 69 176 103 142 228 87 57 143 165 233 33 227 70 245 236 241 188 159 47 46 211 246 37 55 144 182 127 88 129 230 57 70 207 53 179 36 34 33 237 156 182 224 230 131 134 226 167 90 158 47 227 115 164 
229 218 33 34 140 214 59 245 134 45 50 98 193 89 89 42 159 69 204 171 184 225 164 233 214 87 51 164 49 102 194 124 220 95 235 202 240 214 212 241 223 179 33 197 76 146 237 83 49 136 210 33 41 176 111 199 111 205 105 38 71 32 246 120 123 195 70 49 40 111 130 204 107 171 90 144 158 111 145 69 80 224 196 242 243 84 195 185 183 168 175 245 191 64 197 98 139 80 49 166 102 112 206 198 121 229 181 236 207 165 133 
80 186 203 98 237 54 109 177 78 165 58 66 112 83 215 135 81 242 148 117 137 57 203 40 88 224 152 115 168 168 159 120 237 168 34 197 114 211 123 168 62 176 169 85 223 178 102 221 109 122 112 153 202 145 206 191 185 90 174 44 205 159 212 227 243 187 85 101 82 48 93 161 81 114 238 78 219 156 195 63 47 169 180 230 194 94 234 84 41 118 245 223 33 197 43 134 98 89 188 129 52 222 172 156 32 210 153 85 178 65 134 
228 78 145 215 243 40 63 198 166 240 52 190 197 166 195 77 63 147 172 239 122 160 206 136 120 170 152 82 59 231 241 89 213 162 232 211 217 213 46 108 182 87 60 176 109 196 151 186 209 229 227 69 71 223 230 225 158 80 244 217 80 55 156 90 169 108 112 54 240 88 146 218 36 157 174 117 40 129 179 170 58 160 102 95 225 192 32 239 101 73 158 101 203 116 130 115 129 82 168 193 159 129 60 193 223 91 138 51 238 175 221 
53 123 180 156 237 95 91 131 202 246 221 206 143 93 85 139 194 156 143 152 84 207 200 242 97 167 64 32 43 150 94 159 66 123 226 31 199 162 145 206 129 96 244 196 128 126 178 143 239 147 80 240 47 207 86 157 178 189 140 168 93 217 212 224 130 243 33 70 53 130 193 179 157 116 31 208 117 156 124 38 156 54 71 168 58 216 138 205 92 97 119 74 113 142 67 216 109 178 66 201 174 150 83 233 238 65 69 59 177 234 42 
137 32 180 243 184 156 73 109 51 238 34 34 110 191 166 106 70 227 65 180 192 76 158 144 144 228 145 239 179 115 230 61 190 50 214 245 224 190 243 125 229 57 129 236 221 198 160 114 244 92 199 119 171 69 220 38 80 231 153 131 89 234 81 139 215 171 195 43 176 224 149 124 133 125 110 229 61 71 189 98 225 207 173 75 131 186 69 240 41 38 179 115 230 39 130 94 34 171 196 208 136 42 81 202 193 98 79 54 144 202 100 
178 45 54 107 105 182 242 92 163 115 83 39 183 104 226 137 94 169 162 168 89 105 140 212 69 243 144 151 70 44 55 190 202 105 159 128 112 173 143 127 33 70 156 76 109 73 171 32 201 210 223 136 96 185 109 200 159 137 70 100 69 195 238 107 43 227 155 93 120 73 223 78 57 154 41 211 95 144 137 109 57 167 187 68 220 233 102 133 87 61 198 79 164 180 150 210 164 236 226 233 154 80 107 130 123 119 140 180 76 36 174 
120 213 223 223 179 101 122 79 50 190 222 78 31 138 46 208 164 214 156 155 229 229 236 155 51 216 198 172 70 181 239 200 98 150 154 32 109 220 210 216 56 203 76 31 61 159 35 180 64 127 100 216 48 185 139 207 128 127 237 192 217 33 112 200 51 107 128 153 91 144 227 41 167 150 207 192 152 44 50 138 47 41 162 63 123 95 143 215 106 177 86 137 38 96 151 245 178 244 145 97 237 233 236 34 222 192 119 107 81 79 163 
154 96 76 96 57 94 134 46 106 224 212 159 87 37 115 132 193 223 145 229 183 170 47 100 178 125 167 100 150 151 139 158 84 236 118 44 221 128 214 34 49 179 154 98 66 229 88 39 138 84 91 148 228 171 131 109 242 189 77 246 171 243 133 155 175 187 65 200 205 58 200 154 212 34 58 85 89 143 122 88 90 166 153 150 80 32 165 110 210 54 98 181 111 181 55 74 220 228 76 131 56 219 123 206 51 238 181 202 206 202 182 
119 79 104 148 203 51 72 187 95 242 135 133 201 189 100 216 43 35 183 80 228 221 116 31 222 190 223 114 120 63 167 126 244 202 64 50 43 141 187 191 136 41 177 134 155 156 145 232 119 236 134 140 69 189 188 228 226 84 196 105 119 101 134 41 31 146 62 102 231 125 154 56 209 137 115 37 129 35 187 40 132 206 94 176 245 64 108 235 106 79 125 235 95 56 118 207 97 97 219 93 53 221 37 111 242 40 102 131 236 164 43 
151 211 155 186 93 188 133 139 131 238 237 108 199 31 215 167 185 56 109 159 169 55 139 83 74 219 63 90 127 53 197 56 62 109 49 72 122 130 158 122 53 214 127 126 197 178 60 122 70 38 239 105 113 179 120 181 115 116 174 54 65 130 150 211 187 240 33 192 159 71 81 145 111 51 92 102 221 157 181 199 214 73 47 66 189 243 91 226 202 206 124 51 210 181 49 92 56 126 35 123 60 99 31 215 92 123 94 58 72 137 59 
125 34 211 45 241 149 45 38 147 126 103 99 224 161 181 189 218 165 189 46 105 186 46 40 245 137 151 195 82 77 246 94 221 217 58 160 223 34 123 167 96 127 152 153 174 150 193 57 213 72 239 236 161 168 161 108 130 216 88 140 87 156 140 134 39 83 232 194 99 60 108 55 104 181 170 215 124 178 115 102 118 179 163 35 163 54 194 203 231 184 68 169 113 46 236 82 130 225 108 161 214 105 112 86 124 89 140 125 147 99 82 
180 157 101 81 44 153 93 98 132 51 193 181 178 111 218 172 244 86 170 94 102 48 227 55 244 227 74 165 243 74 188 126 243 194 207 232 87 233 172 130 80 207 68 137 127 162 161 157 242 132 110 134 185 200 57 185 161 125 208 151 88 82 50 87 170 123 168 138 116 139 163 160 159 155 167 162 151 169 57 120 37 180 125 124 233 79 140 126 188 188 123 57 237 171 167 221 218 67 40 198 42 80 139 150 145 182 221 39 83 165 140 
99 204 125 184 232 160 44 227 46 110 230 140 202 210 188 178 72 52 152 199 68 59 87 91 42 149 64 123 40 187 157 153 96 209 48 206 186 92 128 118 225 87 163 35 124 47 238 188 160 166 170 174 133 229 193 147 150 189 43 91 173 191 218 233 158 66 100 40 226 222 122 117 167 183 188 246 62 132 120 43 126 160 75 156 55 97 38 204 57 31 84 140 70 167 244 243 141 41 34 245 88 54 99 81 224 238 169 151 184 161 131 
161 40 188 40 34 139 31 189 77 211 124 230 239 219 186 106 223 204 172 170 77 148 84 170 217 37 187 129 93 90 173 174 166 111 152 60 118 185 118 175 150 52 108 55 179 108 66 44 158 149 163 147 192 127 119 144 69 180 216 36 241 236 81 130 96 116 78 196 178 202 143 83 207 100 175 135 200 233 245 100 143 207 56 109 143 191 160 109 246 63 131 84 41 206 165 222 41 117 84 179 174 212 131 194 105 59 244 215 126 130 108 
159 130 226 138 82 121 134 103 40 67 244 165 214 127 97 209 155 97 116 219 175 56 145 104 116 51 241 165 47 102 87 206 176 55 166 192 31 142 170 36 42 44 229 189 205 91 211 213 41 190 223 106 232 34 71 175 104 150 54 32 126 223 145 77 141 143 76 163 215 111 165 223 218 178 128 69 167 36 197 48 183 106 232 99 127 140 232 87 238 169 34 190 221 193 142 55 238 81 50 115 143 227 61 192 193 44 79 91 68 170 216 
235 86 173 174 60 76 180 186 42 55 180 157 110 155 141 191 197 68 214 209 231 178 82 204 142 87 42 201 184 125 69 202 86 157 165 41 126 238 220 71 150 107 71 143 74 81 170 53 63 71 68 73 233 126 148 89 58 83 148 182 204 42 214 173 121 221 164 240 33 222 83 190 52 57 59 193 72 142 120 126 229 230 173 115 175 107 138 92 140 101 43 150 39 138 236 47 172 54 65 101 221 227 82 231 100 42 191 33 193 35 216 
244 127 74 49 205 82 186 60 189 116 62 167 145 65 222 215 130 71 167 221 167 145 246 72 202 150 174 243 65 61 48 49 78 204 122 190 177 74 219 112 92 122 78 102 63 105 69 55 45 81 160 215 206 55 214 77 231 209 132 104 215 156 68 243 92 109 95 238 101 135 157 144 217 101 236 66 104 104 176 109 167 187 66 87 98 205 228 74 246 222 68 165 245 38 207 167 181 98 32 33 163 193 89 107 196 214 41 42 148 62 182 
184 130 93 173 37 52 196 48 53 143 134 111 90 90 186 90 68 83 187 102 173 74 79 158 121 237 125 244 150 35 227 64 105 205 239 96 98 210 180 241 112 138 126 237 240 205 58 213 210 197 136 105 60 241 242 61 107 236 82 174 215 61 231 214 231 184 48 164 157 141 188 152 235 135 233 157 94 232 132 240 185 179 136 32 69 210 106 174 240 193 205 127 108 139 129 39 226 107 114 96 150 62 94 236 53 183 206 40 92 202 80 
57 226 197 101 195 129 244 55 80 129 141 245 222 142 139 226 124 50 54 99 109 86 171 232 94 102 128 164 133 178 43 128 59 44 67 221 196 239 111 97 43 220 214 172 147 91 175 83 196 224 74 164 243 84 45 67 197 70 220 164 125 49 139 35 172 144 94 65 168 167 59 55 121 243 86 64 215 173 37 217 144 179 77 61 233 144 85 87 122 94 73 198 151 224 186 88 117 140 76 216 162 33 144 178 95 182 243 194 66 219 63 
151 167 124 184 125 160 75 154 187 229 221 97 42 221 128 208 224 205 226 238 244 72 94 102 162 128 187 151 57 115 134 243 124 106 193 163 110 79 124 75 169 45 123 42 144 76 56 189 171 172 74 109 83 50 221 62 103 105 60 64 231 235 85 123 151 201 196 207 134 175 243 66 143 98 185 238 215 174 72 226 81 92 59 111 62 161 143 110 153 229 225 80 170 170 160 198 89 243 45 218 190 239 153 150 150 174 133 140 57 83 72 
69 201 83 124 190 53 77 66 79 64 122 104 182 235 111 152 148 106 144 34 158 142 192 53 119 174 126 106 211 204 146 241 103 125 105 120 64 232 181 144 130 139 152 91 170 186 186 204 109 186 169 109 217 46 169 151 221 39 101 101 197 113 36 98 153 187 103 172 95 215 122 121 165 91 200 33 227 39 44 228 241 176 246 190 85 69 107 55 144 184 145 224 137 167 200 99 89 68 52 122 137 49 235 115 49 72 90 75 163 138 69 
120 192 150 182 59 217 76 246 94 144 155 226 34 191 216 199 101 241 40 89 66 64 151 121 80 39 162 237 184 145 90 76 65 42 82 138 38 221 235 129 147 133 46 193 36 103 146 217 159 32 86 206 114 211 73 155 40 70 192 138 192 206 241 186 78 223 93 178 182 192 66 228 143 47 202 54 61 169 174 69 121 77 200 146 52 154 103 42 65 101 244 161 187 216 221 190 184 87 159 69 68 180 193 129 232 110 95 40 85 142 212 
108 100 242 236 158 111 173 97 110 85 206 84 120 210 192 158 161 85 138 184 107 87 48 72 190 120 242 220 47 124 108 44 189 126 46 211 217 196 108 150 166 139 136 33 146 100 230 78 147 55 169 39 101 151 196 46 35 207 68 203 133 211 212 190 185 66 201 45 244 226 95 120 146 212 163 75 69 233 203 108 83 158 146 61 83 124 65 92 41 100 186 66 80 201 118 217 55 157 107 146 191 161 198 101 180 55 111 121 186 138 37 
143 209 201 239 122 116 191 37 210 87 191 54 210 112 246 131 86 80 169 92 89 209 41 169 214 217 244 172 181 240 94 45 120 71 152 118 86 57 55 57 184 222 208 38 187 118 235 177 101 83 93 124 67 138 227 81 186 212 155 242 77 111 53 164 151 138 155 89 129 50 149 213 78 62 79 188 204 145 95 202 222 169 122 43 176 172 102 124 227 91 77 153 210 145 48 169 44 213 234 174 179 205 231 90 195 62 85 143 95 34 202 
53 65 50 214 145 48 100 210 115 151 102 65 217 212 196 214 219 214 70 158 103 155 61 143 62 128 135 210 86 90 217 237 177 109 149 35 214 83 157 208 127 167 62 160 59 115 128 207 164 127 45 199 123 74 112 45 66 181 128 140 75 174 77 199 64 187 219 33 187 217 84 175 110 203 195 128 37 70 54 220 235 69 171 179 226 72 151 47 31 34 146 109 85 171 215 168 145 67 51 207 110 201 220 39 122 35 52 195 152 71 69 
180 48 153 240 60 148 189 41 215 116 79 53 228 180 217 182 112 132 189 150 45 208 212 131 217 185 239 242 161 37 52 175 95 186 106 235 153 41 128 199 69 168 148 56 202 232 136 123 192 225 41 219 99 170 90 169 108 213 118 140 112 170 158 225 229 59 218 52 107 209 171 160 71 53 224 59 110 97 175 190 191 208 63 195 194 74 163 159 120 237 185 179 34 129 132 237 151 170 216 213 136 140 44 205 143 58 140 71 80 151 223 
46 174 73 198 166 136 114 143 125 182 65 48 182 47 32 208 107 244 63 107 219 227 210 92 213 244 31 184 36 224 170 184 163 196 148 111 195 176 201 77 210 44 169 155 102 125 89 128 171 45 99 140 177 65 195 67 201 47 116 212 217 231 170 122 246 137 217 50 170 87 166 198 47 125 213 50 107 230 187 149 212 57 172 67 61 124 240 184 217 63 145 231 79 116 192 220 223 197 120 111 197 87 83 210 227 206 221 140 100 89 46 
104 86 240 131 199 231 211 127 197 100 236 54 99 205 183 194 136 181 161 122 133 49 159 47 153 55 113 81 187 49 63 122 246 178 138 96 162 32 118 137 64 218 246 115 214 76 73 226 204 89 44 45 86 65 56 202 227 163 53 169 37 52 87 119 218 40 176 180 138 80 142 191 122 149 94 160 89 188 145 206 169 139 54 98 240 58 97 132 63 174 35 229 187 178 145 133 210 223 105 229 208 102 130 207 115 83 35 101 124 124 223 
192 239 97 112 242 92 127 242 53 103 240 81 189 204 110 205 92 104 80 37 125 60 43 66 91 123 132 102 146 134 181 204 110 94 198 177 235 130 166 67 205 105 242 129 146 242 174 92 228 90 202 125 66 54 78 47 138 105 225 149 40 177 46 55 154 181 32 161 47 217 96 213 53 190 220 43 34 171 90 109 85 73 46 40 94 141 192 48 235 167 81 74 61 219 119 72 235 181 216 57 157 155 68 95 59 206 69 133 238 232 139 
137 119 180 243 118 240 99 80 157 168 203 77 133 179 125 130 192 184 134 229 48 148 174 82 194 64 120 86 193 183 233 209 230 99 189 202 152 32 182 47 78 48 190 125 188 224 167 149 206 139 88 208 118 78 227 204 108 60 173 207 95 83 70 187 111 95 98 75 100 221 191 197 44 139 176 120 121 86 57 224 146 131 235 40 204 34 50 103 95 48 118 183 221 172 135 218 105 165 180 173 93 129 166 49 94 193 224 79 132 99 242 
228 228 216 151 246 192 120 115 78 91 90 65 182 157 153 195 205 182 171 115 40 144 211 146 180 213 202 40 217 219 73 91 33 173 66 243 233 205 152 181 119 166 236 158 213 191 178 83 181 228 155 47 222 199 139 173 149 216 118 54 223 208 199 116 46 164 241 240 66 184 154 162 130 34 125 143 116 153 238 87 241 118 51 88 84 113 137 245 53 55 133 211 136 154 77 77 179 66 118 142 97 91 142 32 208 167 92 34 218 45 191 
127 218 73 101 165 125 39 166 187 51 162 55 231 93 130 163 78 82 158 175 45 149 205 148 72 209 51 131 97 32 98 164 211 96 151 32 71 31 79 176 87 152 50 149 209 238 95 193 223 177 80 77 189 183 174 109 218 52 128 65 218 53 217 85 194 114 48 156 102 210 227 240 73 163 206 229 171 34 113 199 143 240 232 160 237 102 183 191 189 194 69 174 38 202 104 154 238 120 178 184 114 63 59 38 168 197 174 176 235 74 48 
205 31 216 223 73 86 59 215 187 203 226 243 50 156 63 154 219 93 179 207 70 83 102 53 59 245 102 67 95 210 141 149 227 231 48 76 222 72 125 79 186 218 213 137 197 238 219 188 33 136 179 86 93 232 70 187 53 240 93 196 152 88 92 119 145 183 153 103 177 91 125 93 114 107 131 239 127 42 78 136 98 118 136 32 62 106 64 133 150 201 59 81 157 197 70 47 48 231 147 169 136 71 171 99 133 198 147 245 48 161 137 
245 239 225 193 203 175 169 211 201 148 152 79 155 133 120 36 99 230 182 181 33 237 59 38 129 241 170 61 116 128 163 164 195 81 231 166 73 97 53 88 185 121 141 234 121 239 35 46 205 140 61 128 47 231 136 158 141 88 73 58 163 127 80 110 139 166 105 240 50 164 222 54 85 220 151 59 35 141 196 75 93 59 236 243 179 110 159 44 201 177 169 42 98 198 63 88 180 40 143 55 245 176 51 134 243 221 231 235 154 46 156 
67 153 153 171 135 38 66 78 104 44 204 163 108 162 43 170 65 70 37 121 242 42 46 222 168 221 195 85 122 157 210 235 40 171 64 194 164 207 74 181 170 223 185 191 241 186 103 55 42 186 119 183 113 233 140 197 67 114 144 217 199 52 49 224 167 163 223 201 41 199 96 78 232 73 167 109 145 75 131 207 243 183 108 64 62 43 204 33 183 99 123 203 235 223 235 37 75 159 125 175 166 221 52 79 229 202 152 76 123 171 206 
242 99 61 38 61 215 103 116 122 126 111 116 50 165 87 104 48 193 169 212 101 204 121 36 161 39 66 132 101 111 196 151 151 179 245 236 62 52 189 126 47 197 166 59 71 54 59 184 170 100 128 179 115 227 163 105 140 222 114 89 217 174 181 184 136 82 53 158 171 174 37 225 138 239 104 136 210 181 44 99 219 178 229 170 225 218 164 211 232 116 137 216 150 72 55 136 211 113 184 116 212 229 192 109 65 98 126 52 219 219 80 
82 66 43 183 105 70 138 75 178 189 142 56 73 84 100 33 206 81 215 75 70 224 56 102 185 93 86 127 213 130 160 193 43 113 185 86 48 92 74 201 95 162 175 213 76 205 123 163 212 130 189 200 36 57 207 125 71 198 68 147 92 214 147 111 199 230 105 114 55 105 91 244 160 144 116 66 114 135 44 134 81 150 234 94 110 117 195 111 182 83 92 51 42 225 148 40 167 42 245 140 174 206 229 70 167 223 224 167 177 147 176 
200 197 116 127 221 36 125 156 131 182 158 213 214 165 89 44 134 41 157 213 179 189 59 159 87 146 111 201 90 163 145 182 84 192 37 84 238 175 208 226 218 63 237 216 124 151 79 123 73 135 223 209 136 69 151 177 101 51 136 63 77 110 145 111 159 90 42 200 80 189 240 212 130 209 145 196 214 110 122 216 39 96 135 136 81 164 84 189 234 48 161 115 40 204 139 163 75 220 33 84 108 167 243 114 237 101 218 106 219 84 236 
68 74 179 127 170 40 211 64 160 133 139 172 45 57 60 142 57 239 116 138 215 224 190 154 85 203 105 88 209 195 192 131 199 114 234 181 104 77 139 84 101 167 219 119 44 74 61 236 98 203 243 47 90 46 48 149 229 171 142 90 218 151 89 64 240 101 156 186 130 246 186 48 234 191 144 203 121 226 177 243 45 216 122 126 228 118 111 188 129 53 69 97 133 46 185 115 231 245 233 61 231 237 50 124 239 45 74 183 75 170 87 
180 219 165 95 88 78 238 89 103 81 49 156 166 201 72 143 44 125 241 41 152 184 162 194 239 141 50 89 69 211 137 87 238 51 202 75 85 48 56 208 157 143 192 53 38 95 246 139 107 66 138 92 161 164 171 145 194 244 36 205 115 88 119 81 243 54 120 199 197 121 163 99 183 129 153 78 140 78 102 189 127 45 246 186 90 52 154 161 157 243 165 118 202 51 125 157 105 108 62 106 40 226 240 58 37 47 172 105 239 167 186 
45 234 159 240 171 97 103 166 57 80 242 237 220 114 172 49 51 233 180 68 43 37 106 70 69 135 98 170 93 46 145 90 75 210 135 205 199 182 174 64 225 219 195 99 191 99 58 237 139 43 126 187 92 45 74 165 132 205 201 225 49 66 197 133 168 31 46 63 39 35 129 111 185 118 91 103 128 157 166 121 229 55 212 234 204 233 41 86 87 38 78 164 135 163 146 91 178 155 220 237 217 87 207 67 33 32 205 89 85 191 119 
100 122 117 51 161 99 150 80 31 222 76 246 184 214 129 193 188 66 149 32 55 118 241 225 228 161 90 135 162 207 226 134 158 40 100 230 32 81 207 182 242 145 197 99 103 238 68 138 169 193 100 218 214 127 178 94 131 217 76 169 129 39 102 218 39 225 245 163 224 222 43 180 199 152 154 45 216 55 75 220 185 69 33 108 73 66 106 103 127 234 206 228 150 99 147 44 192 235 208 194 208 186 153 170 109 203 130 164 116 185 128 
104 164 64 188 235 104 89 49 115 216 146 176 208 90 133 73 92 48 232 37 124 241 93 50 151 68 147 223 230 89 52 105 69 227 104 181 122 220 155 174 243 223 186 161 132 228 148 207 137 47 150 188 185 154 47 230 44 60 166 143 150 106 32 135 100 141 135 187 190 212 55 226 238 75 83 34 65 116 175 135 243 237 135 148 216 43 240 165 232 86 245 75 106 164 94 57 148 82 220 128 66 48 103 246 229 213 51 164 70 155 144 
143 228 99 106 94 34 52 49 134 92 97 209 99 83 73 124 89 238 155 70 114 124 224 162 152 160 99 108 164 100 231 94 184 41 233 214 35 166 54 232 43 47 149 240 207 152 80 163 69 122 135 39 154 92 181 120 176 110 231 44 149 235 155 217 114 37 109 237 168 165 32 87 218 74 35 172 111 121 49 84 86 79 118 62 232 172 230 169 200 128 128 141 78 186 212 193 36 54 81 94 72 102 106 228 196 117 58 172 42 168 197 
213 132 182 88 195 139 41 236 141 198 117 103 46 150 201 52 158 199 180 172 217 186 130 101 89 177 191 66 80 169 139 99 128 39 166 238 142 189 221 198 148 180 142 99 46 70 97 82 120 84 232 55 78 85 120 128 76 152 64 139 199 76 74 155 76 230 208 175 31 236 64 36 222 144 147 116 143 38 162 134 223 65 98 176 245 82 138 43 39 171 138 158 203 171 230 190 72 107 211 148 134 33 194 150 51 186 83 67 240 62 227 
113 52 142 129 50 135 209 221 79 89 32 130 42 59 190 102 162 70 140 240 99 156 108 217 149 236 180 214 95 129 149 125 98 229 157 189 154 146 66 235 83 81 240 203 160 223 44 180 106 69 226 238 182 71 148 128 56 103 156 229 208 154 93 71 50 195 108 64 58 199 204 196 191 49 163 91 183 63 143 85 227 245 125 158 93 152 187 69 95 237 76 216 174 91 204 130 167 63 117 240 81 119 97 136 219 48 176 58 167 107 181 
107 95 238 124 48 127 80 215 161 67 191 58 118 58 205 147 214 163 143 78 173 191 176 79 109 208 118 105 97 56 164 95 190 125 56 49 91 164 45 73 195 99 35 215 104 179 126 170 58 230 37 199 152 181 51 79 102 245 235 44 208 243 184 228 230 158 211 146 160 100 169 33 244 175 171 106 157 225 191 176 86 198 39 162 192 74 217 89 121 59 143 34 206 143 240 238 33 145 135 176 46 240 130 111 227 112 246 213 206 117 232 
135 76 165 191 110 230 214 81 36 62 224 43 195 196 204 141 147 210 110 172 171 70 102 186 234 169 229 83 118 35 246 162 165 209 147 60 114 170 34 162 90 231 71 157 159 161 243 181 173 151 213 67 219 215 177 87 52 157 54 244 174 171 93 163 131 216 142 38 103 75 61 158 177 129 101 46 110 246 115 154 145 49 103 210 199 42 102 75 99 40 220 64 181 94 80 133 89 79 96 196 85 82 63 164 122 167 44 71 135 234 36 
210 90 223 187 50 73 199 207 125 112 74 94 87 211 198 177 46 183 150 40 200 100 54 128 140 157 166 155 78 227 158 135 63 55 233 233 140 175 133 187 117 43 58 84 217 176 216 63 152 212 150 39 193 219 40 57 190 42 209 218 133 194 146 187 151 151 201 210 190 34 37 187 75 235 224 238 78 147 87 43 130 41 103 115 127 204 72 209 194 184 70 114 218 244 245 200 44 83 245 69 178 162 238 238 103 234 198 157 54 37 120 
220 236 55 200 151 194 85 149 225 112 193 85 178 191 57 39 159 229 52 69 50 102 86 105 196 145 78 137 224 121 94 230 66 69 139 49 160 139 55 63 216 176 131 199 106 82 232 177 191 218 127 114 226 76 103 69 61 161 200 76 160 239 166 183 238 151 120 36 56 224 169 111 246 50 127 140 162 189 234 67 32 203 167 59 92 107 70 99 90 167 232 149 187 241 221 211 198 241 101 150 62 178 125 61 91 102 53 171 163 183 167 
181 234 176 178 146 56 139 217 235 122 108 110 100 147 133 194 124 77 131 209 234 146 58 193 32 240 221 188 189 189 128 103 221 222 209 194 92 166 36 120 180 102 70 49 42 232 124 79 231 232 214 77 230 133 94 183 153 244 197 126 65 110 200 146 206 83 62 69 155 239 246 165 230 204 134 74 191 120 207 178 102 137 72 113 234 46 239 85 240 191 31 233 144 216 167 87 158 226 159 140 95 74 57 79 42 150 93 210 242 61 76 
52 153 55 234 37 79 45 238 204 243 186 108 190 122 130 213 56 46 146 181 222 208 192 53 141 232 148 185 46 236 71 165 180 120 226 140 129 181 211 114 123 61 156 66 85 102 108 242 211 85 91 190 221 204 232 90 80 127 36 188 129 36 148 89 124 242 107 239 132 107 175 242 172 116 109 59 117 76 47 54 57 107 173 91 103 206 98 240 112 168 168 173 138 155 214 47 234 207 185 105 47 162 137 72 85 193 94 230 184 189 194 
145 121 154 49 213 230 156 70 215 52 131 47 227 56 128 45 161 95 144 124 107 51 105 130 179 63 171 174 155 116 105 46 236 125 31 230 34 71 63 109 32 54 63 82 192 84 52 175 142 59 213 37 110 101 41 129 171 58 91 149 177 202 71 33 157 187 77 212 236 141 214 158 225 108 148 48 75 142 87 70 222 166 61 51 121 160 49 70 112 78 64 140 226 210 72 165 222 53 138 196 65 87 49 169 235 151 147 193 156 214 216 
105 185 208 233 118 75 211 58 177 90 98 171 217 157 148 91 42 245 209 222 228 211 52 178 79 47 175 68 110 211 180 120 145 207 72 136 55 246 149 164 163 113 192 195 103 98 239 153 70 92 183 66 71 209 141 231 151 164 228 230 101 224 47 102 188 120 159 51 85 81 111 118 91 189 206 169 203 193 60 130 211 169 57 150 82 83 91 32 161 185 238 74 185 195 40 163 92 236 229 201 80 52 169 209 74 94 173 133 167 122 76 
149 41 46 157 161 79 89 219 206 150 192 36 87 111 92 191 214 169 115 34 195 145 175 91 116 78 124 157 222 90 101 165 35 222 114 157 164 133 43 200 160 77 224 223 54 105 203 36 56 114 118 222 209 142 218 36 40 57 63 125 149 148 187 79 171 172 77 103 190 93 33 160 192 102 193 135 199 190 73 103 136 79 243 200 234 170 93 102 44 99 192 103 217 214 122 68 118 154 54 36 40 214 163 77 115 153 146 244 41 126 36 
231 231 96 124 186 55 122 160 143 65 123 213 209 243 87 123 186 147 225 167 243 130 56 161 77 91 103 133 126 124 122 141 110 245 158 111 106 199 216 35 128 79 57 136 36 202 192 159 58 139 184 239 118 83 123 51 97 192 63 121 100 73 145 85 226 33 112 126 201 187 187 126 153 165 93 207 224 167 79 124 173 189 143 182 187 51 96 65 48 34 154 230 47 40 243 178 76 124 222 71 118 218 155 209 57 123 63 76 172 218 78 
212 176 130 110 85 147 132 190 148 236 159 199 133 184 32 201 126 235 45 113 244 187 69 193 53 90 75 128 150 178 226 100 173 214 162 78 234 246 211 117 170 99 74 222 236 236 90 186 96 137 61 232 99 206 107 108 192 242 138 240 212 72 159 138 121 213 220 174 54 52 59 62 60 159 185 167 132 142 110 126 207 76 108 171 134 96 149 180 100 138 43 53 72 239 234 223 223 63 177 103 33 244 33 96 131 157 124 91 85 237 235 
158 205 222 97 218 180 89 83 186 191 202 52 49 233 103 219 59 103 210 72 175 124 200 72 155 165 208 37 145 40 240 185 241 41 92 220 238 221 193 44 221 139 82 237 155 79 200 66 231 65 47 162 64 149 190 142 64 92 55 153 225 179 144 121 71 115 161 214 206 73 80 241 205 190 73 103 44 34 105 229 42 213 173 246 74 46 175 195 182 135 177 163 236 152 125 83 160 171 188 159 171 224 61 49 139 114 192 105 195 114 228 
119 196 211 70 101 59 141 211 88 237 142 63 96 193 149 175 54 45 225 60 238 164 130 49 149 126 142 176 69 120 103 231 78 205 235 208 127 229 228 65 117 126 192 66 179 120 108 189 115 141 157 59 76 137 135 204 149 222 178 190 184 115 89 115 114 246 237 220 203 215 210 99 217 128 55 167 50 242 52 121 49 233 143 95 240 178 176 94 184 220 94 125 189 181 56 40 181 230 161 106 121 42 206 79 77 195 162 161 37 118 204 
233 41 231 47 168 91 208 171 55 54 78 210 108 137 237 229 245 236 174 95 146 147 45 130 110 168 167 73 54 101 156 166 198 131 106 182 64 237 218 129 86 64 207 126 114 239 187 166 116 58 44 55 124 110 88 45 176 131 93 204 160 154 124 145 152 238 167 50 86 77 120 107 244 118 60 146 120 221 72 77 43 204 42 202 63 165 44 39 189 46 84 35 141 131 183 181 70 226 160 36 169 171 91 183 57 103 231 222 190 243 131 
240 83 61 40 190 52 158 48 184 68 88 117 55 158 49 156 34 242 121 84 213 122 152 162 31 229 116 207 234 108 226 92 225 44 139 140 101 115 217 156 144 94 73 246 182 50 139 44 160 82 232 235 235 57 60 133 105 224 84 76 119 90 130 36 78 94 142 208 69 212 143 64 127 212 66 225 241 67 50 134 199 183 194 214 96 214 191 221 215 122 184 159 171 159 130 90 217 40 191 100 120 175 232 229 213 51 139 102 73 47 246 
50 160 113 140 244 106 208 191 65 88 122 168 167 207 100 139 174 49 203 222 78 181 115 43 34 35 166 243 92 156 48 110 136 97 56 153 197 179 241 31 217 99 241 35 108 76 242 220 41 213 199 114 208 235 233 192 207 175 188 187 211 164 123 146 201 243 163 127 177 178 207 237 222 114 183 73 95 224 110 46 74 231 68 36 225 156 82 41 101 186 172 91 171 151 75 212 212 143 124 94 49 239 115 105 103 236 204 84 191 229 163 
192 233 38 162 123 98 151 163 92 219 77 143 170 108 79 111 113 185 163 241 119 36 210 37 52 108 97 159 177 196 154 168 91 158 154 241 152 114 204 119 113 97 182 157 64 199 138 246 156 33 73 163 210 187 171 108 190 165 217 178 195 79 230 172 55 210 67 32 58 209 99 237 193 144 151 46 94 204 210 65 58 195 223 129 230 69 170 58 174 211 236 203 200 127 227 160 51 84 89 96 154 79 108 116 203 167 86 82 220 137 190 
105 78 79 151 157 228 130 119 197 221 77 98 147 200 148 144 204 216 197 61 97 200 85 151 133 208 110 205 184 217 32 246 99 166 70 88 141 235 210 162 38 90 36 140 130 84 246 125 160 101 212 149 187 115 170 204 232 32 54 59 153 150 88 130 178 58 63 201 35 124 166 195 197 102 190 96 64 116 134 154 99 99 233 114 245 172 103 44 37 186 214 128 37 114 90 82 77 155 154 124 189 31 149 218 209 121 133 95 156 199 187 
79 183 81 132 108 233 50 99 149 75 103 206 163 244 126 77 118 227 81 208 120 59 59 160 48 44 202 241 138 191 117 110 108 74 112 46 116 117 126 174 64 188 54 151 158 198 169 41 118 173 59 135 237 151 40 37 99 188 186 160 207 33 56 246 225 149 168 118 144 226 95 168 62 214 200 151 216 218 236 54 42 131 162 74 227 159 96 246 133 50 80 84 96 202 93 51 190 96 200 108 162 32 94 90 101 146 141 80 34 122 111 
165 35 101 157 142 210 93 224 123 52 54 108 85 51 194 87 141 212 162 136 193 33 167 139 179 159 128 204 34 66 100 105 133 127 82 221 165 138 167 243 162 34 64 104 193 154 209 156 93 33 37 186 60 76 62 165 195 202 151 157 68 145 121 43 62 103 99 74 78 75 110 230 125 117 223 178 146 228 110 172 210 150 143 163 69 165 198 228 218 128 169 241 182 87 33 124 113 196 177 59 193 110 225 44 44 207 117 178 183 120 98 
168 60 36 233 78 244 171 160 90 65 192 44 88 208 76 235 189 77 132 186 216 223 137 50 235 229 111 128 193 97 160 61 32 132 81 107 152 202 102 105 188 216 58 161 41 179 65 104 45 106 193 174 155 79 37 103 91 58 85 145 175 95 51 71 179 241 111 189 220 86 53 52 173 45 205 128 141 46 156 193 221 241 177 103 209 177 211 73 230 154 225 184 163 241 41 231 42 155 245 126 152 217 170 224 67 66 67 49 36 49 159 
244 45 193 222 171 93 54 89 224 233 38 211 156 149 64 34 207 204 243 226 87 100 58 37 36 78 142 195 115 149 109 184 33 148 122 47 212 116 93 81 180 174 237 123 39 39 114 70 125 202 240 96 153 66 137 212 81 119 194 93 152 232 89 89 42 179 205 228 144 225 166 186 205 45 87 145 239 102 193 125 146 75 202 166 81 215 102 224 207 46 52 82 158 38 245 121 70 225 96 101 39 122 66 83 98 150 44 149 109 45 173 
224 54 176 73 116 106 70 106 121 78 178 127 40 46 199 42 79 228 103 158 162 187 135 216 62 124 87 125 151 57 90 125 197 184 89 94 178 75 52 196 63 150 107 152 120 184 138 31 133 189 92 228 59 163 73 32 218 171 115 41 31 107 133 105 205 42 117 112 168 91 156 213 171 238 195 225 58 203 96 76 130 241 241 164 120 126 240 123 199 95 152 168 158 42 199 89 153 242 77 208 46 219 172 43 179 151 136 49 79 129 96 
113 246 119 69 53 129 109 91 87 173 152 63 35 114 167 224 126 119 33 32 197 172 91 132 232 193 33 242 80 117 48 203 63 121 73 33 88 142 144 187 31 52 133 151 201 61 75 119 95 81 119 55 215 147 203 85 204 147 188 98 207 126 201 176 69 131 205 101 131 55 111 239 104 228 231 104 122 61 219 141 76 189 116 73 198 209 59 143 189 91 48 119 205 240 52 32 172 116 116 184 128 149 129 112 76 101 46 180 47 68 218 
153 158 189 167 135 187 135 242 177 37 159 92 146 234 117 144 155 115 244 86 139 127 110 39 206 242 135 226 233 175 64 183 84 44 88 106 56 173 174 129 60 227 193 122 115 191 179 159 80 210 212 83 133 214 51 114 32 58 234 219 63 34 75 225 205 70 133 35 118 100 44 177 47 232 96 56 33 139 220 79 144 41 170 107 127 191 101 128 118 221 199 49 127 161 156 201 245 212 102 155 110 209 171 127 243 219 60 63 245 246 239 
105 226 41 103 61 88 178 74 225 146 242 68 115 113 51 163 95 148 215 98 138 50 155 217 222 231 212 213 214 62 200 76 93 95 193 172 122 233 117 84 183 161 73 83 226 148 80 160 43 113 238 121 143 50 82 32 165 68 156 83 55 61 202 235 51 166 57 191 130 74 34 106 104 38 147 138 158 88 80 139 205 101 82 43 148 229 111 127 219 90 105 238 240 50 211 68 50 32 106 178 45 122 121 236 70 206 231 91 175 102 52 
172 156 135 178 216 95 92 161 53 217 176 61 190 122 36 116 127 99 61 59 171 162 210 176 153 183 124 37 60 52 86 227 171 57 152 142 152 113 207 40 116 167 183 136 211 141 147 148 180 167 36 100 172 99 241 233 243 179 198 230 191 207 224 230 40 220 39 246 60 170 181 68 219 53 94 145 189 233 152 99 227 196 126 158 140 238 87 123 41 36 140 209 219 222 147 44 131 181 53 163 170 201 62 46 154 34 86 192 229 86 43 
169 236 154 218 143 147 196 102 151 219 225 223 134 232 234 167 213 140 188 209 132 243 176 187 197 113 56 94 213 73 131 211 143 128 227 89 130 161 77 196 203 145 225 199 86 102 131 149 129 36 144 196 33 64 181 124 138 88 61 119 217 50 145 105 36 157 101 226 148 238 41 177 58 67 101 163 128 117 72 77 153 233 171 134 75 135 57 120 84 215 146 137 43 169 216 69 56 164 50 230 87 114 127 190 217 138 197 36 244 157 163 
222 100 60 43 118 105 226 132 128 203 103 63 163 187 116 208 85 60 110 64 172 122 221 129 171 82 244 233 169 122 214 66 217 170 198 121 69 43 239 118 195 183 174 59 61 242 37 81 172 71 122 71 61 110 63 109 215 60 178 144 219 171 88 126 157 212 198 244 186 202 192 126 186 97 197 192 40 239 187 130 136 217 231 217 137 129 144 100 59 103 93 83 58 174 123 95 211 49 99 150 214 189 100 110 165 120 61 148 196 66 133 
125 162 211 55 84 143 245 40 101 206 244 155 227 181 163 191 37 146 81 215 197 240 92 50 180 163 228 100 72 193 220 205 232 161 84 193 186 232 202 239 82 129 122 222 230 196 195 213 223 171 188 161 59 113 136 220 97 156 134 84 236 165 123 170 156 54 100 116 193 227 119 174 129 219 169 76 140 57 205 107 222 222 243 105 182 89 32 225 60 42 149 115 136 163 50 212 152 224 68 130 58 169 164 35 83 205 234 167 135 185 90 
82 179 242 94 78 110 183 188 185 47 50 193 163 219 209 190 107 230 200 154 210 36 137 209 128 184 63 68 133 45 143 96 67 116 207 35 42 165 196 220 156 216 55 51 123 70 175 137 239 212 101 49 148 41 60 47 131 144 144 71 192 224 240 49 37 113 167 164 164 105 95 97 90 113 215 42 99 74 39 138 88 131 56 62 120 175 122 101 118 227 224 52 183 222 207 36 207 196 47 120 45 60 153 50 179 200 162 222 122 244 206 
209 174 51 73 219 230 223 138 195 56 144 201 161 50 175 178 130 107 99 90 119 51 92 73 232 168 46 97 167 218 63 110 47 202 220 103 151 55 97 244 97 88 33 80 201 201 245 201 42 176 239 238 138 135 50 144 153 167 178 100 118 210 130 111 155 178 206 43 154 49 165 210 120 104 124 232 73 132 135 85 180 229 72 35 80 241 85 134 151 57 126 42 74 42 76 49 70 95 128 164 133 229 211 81 215 103 57 119 67 43 92 
110 97 44 230 202 106 178 135 130 138 175 136 195 180 106 94 235 198 162 164 99 135 171 106 228 103 45 242 61 118 214 213 123 168 156 193 235 110 88 134 68 72 167 105 169 187 203 32 181 133 225 216 71 33 180 155 64 135 194 166 211 74 117 226 229 65 45 32 221 222 132 43 141 203 227 241 33 79 59 106 152 35 134 180 121 233 54 166 216 87 86 172 193 80 169 35 227 220 167 93 65 114 31 38 45 115 137 72 238 160 195 
100 132 46 151 202 145 145 147 187 138 151 209 77 134 143 64 191 46 146 163 38 238 96 80 143 139 174 75 109 94 39 132 101 56 168 70 113 134 144 50 242 191 136 211 161 170 120 203 231 150 242 103 148 165 90 134 125 136 150 200 185 217 203 156 199 141 233 202 208 152 63 34 162 150 73 93 88 191 137 139 148 74 141 132 110 77 56 131 98 156 186 111 189 240 228 140 136 234 207 195 128 168 245 109 84 47 195 69 97 67 84 
126 148 106 81 178 142 151 96 126 132 78 235 82 39 171 99 165 216 136 132 152 41 134 210 122 57 44 132 124 222 70 233 70 223 168 32 154 82 203 204 62 60 62 192 88 119 241 159 238 57 230 159 139 235 98 79 153 86 146 238 203 141 201 158 145 239 65 138 210 235 80 43 133 170 93 217 105 159 131 56 206 138 141 169 179 101 202 203 186 94 100 73 120 191 99 165 177 146 40 53 180 97 222 246 202 37 67 47 245 197 240 
215 87 74 205 152 40 168 169 238 221 88 168 235 45 52 150 101 133 242 90 195 134 60 215 140 37 191 71 240 124 115 225 35 80 66 149 239 123 197 181 96 162 163 198 190 145 83 31 47 189 45 42 36 194 140 232 45 198 54 170 134 54 191 157 188 185 34 46 107 178 154 190 202 145 112 191 162 139 54 232 98 81 243 214 134 135 80 180 233 246 91 211 153 244 241 205 66 114 202 183 94 94 167 118 219 234 119 35 229 141 195 
105 174 209 78 190 147 212 201 209 41 227 118 147 32 188 203 201 182 219 209 217 151 63 142 42 44 117 216 49 177 222 59 242 212 229 173 91 106 147 55 239 76 54 102 122 227 103 108 200 111 44 153 235 214 238 165 53 195 59 90 74 205 110 182 97 98 245 159 37 220 91 114 95 98 215 229 215 186 54 131 139 206 101 104 238 140 233 206 180 42 186 143 165 66 37 140 153 106 137 77 187 144 204 234 169 188 111 57 90 118 239 
113 177 225 70 183 50 72 209 95 186 73 35 213 139 79 147 188 96 244 209 231 246 206 62 174 236 73 212 139 61 238 236 78 203 147 79 118 54 50 135 169 205 142 239 77 156 52 96 55 166 127 109 101 133 246 241 95 145 169 208 187 133 162 227 106 200 65 120 180 114 123 90 195 37 59 36 95 199 209 100 237 157 99 86 54 153 217 109 61 207 45 57 129 77 75 142 92 225 77 90 187 71 170 177 167 203 232 132 195 164 47 
231 118 42 176 74 51 114 230 227 104 95 172 105 45 195 80 236 205 150 118 115 65 109 143 118 155 239 179 182 112 228 61 65 42 88 175 218 93 143 206 185 72 72 238 167 230 79 49 77 62 134 36 165 215 235 195 88 240 208 62 97 55 239 83 91 217 220 231 183 74 64 95 96 236 131 100 203 205 74 206 208 44 89 192 134 221 154 245 223 62 183 144 191 216 44 146 171 210 161 216 183 106 111 155 121 38 56 149 100 74 155 
112 31 98 64 97 152 75 218 197 123 157 91 234 143 179 244 137 218 78 221 107 148 215 81 90 98 244 94 233 108 221 212 198 161 111 203 39 161 72 146 179 212 36 197 67 185 136 55 145 169 149 96 175 85 103 161 82 237 103 70 64 186 125 82 57 222 90 161 83 147 229 242 216 226 109 188 67 69 126 204 88 198 47 203 84 58 36 100 149 232 103 31 195 134 108 127 240 102 100 187 51 213 67 139 59 229 102 41 154 99 127 
