121 73
224 181 139 112 72 201 102 135 225 76 42 37 144 85 54 173 97 40 92 186 236 213 157 136 238 194 200 105 221 192 174 62 62 130 34 237 141 195 119 176 38 78 124 33 35 195 163 146 103 88 155 44 107 74 162 46 59 215 115 183 69 60 108 235 153 61 180 166 205 165 48 137 119 
30 95 235 217 168 229 55 158 145 32 48 135 181 226 40 105 85 95 152 160 53 50 58 217 151 87 94 180 90 30 76 226 174 60 121 179 173 196 113 113 117 40 191 36 148 178 107 202 226 87 161 42 103 127 52 74 178 212 204 116 98 193 166 68 189 230 183 113 201 197 181 54 115 
236 197 78 150 233 48 224 156 152 134 162 76 183 90 74 190 74 226 216 42 137 180 78 191 213 61 136 86 171 97 89 125 99 31 187 181 213 194 116 170 232 131 235 74 87 186 204 90 171 132 160 172 72 199 85 238 52 39 235 62 39 183 217 222 141 208 52 123 90 135 221 46 55 
164 39 136 229 45 101 54 62 206 109 51 104 206 63 153 228 128 231 136 79 114 205 217 181 228 216 216 57 113 187 160 231 127 129 189 146 187 216 155 76 74 119 175 65 116 217 32 36 163 233 85 86 120 145 194 100 68 204 142 213 60 62 161 153 152 75 191 104 230 100 186 185 63 
100 113 54 165 61 121 206 110 110 205 170 173 136 43 217 62 190 218 165 171 167 90 144 175 91 30 53 109 117 184 102 99 186 69 34 102 177 181 116 132 138 192 166 86 181 95 83 232 149 164 52 124 45 183 219 210 126 162 180 112 194 112 94 44 169 110 234 73 80 120 119 119 100 
168 105 37 218 37 102 195 49 97 238 40 187 191 114 191 186 140 57 131 162 206 150 76 97 149 150 81 56 78 96 232 183 44 72 49 166 116 236 225 78 68 231 177 182 221 93 40 221 171 75 121 232 139 131 221 93 81 94 106 207 46 113 108 55 70 90 134 127 102 184 73 159 68 
104 237 133 194 112 36 153 145 190 139 148 152 111 30 44 34 110 149 150 79 208 160 189 147 168 149 188 113 157 85 187 230 80 104 53 46 177 218 53 140 162 140 171 210 65 80 195 237 89 191 33 87 159 233 46 158 160 226 37 90 103 57 88 88 182 59 93 76 118 117 55 217 75 
60 167 216 78 130 182 65 205 67 178 205 91 111 60 41 203 145 89 231 199 53 131 110 134 79 132 139 190 190 234 71 148 62 144 51 165 203 209 81 178 219 64 141 150 147 185 60 147 158 202 186 89 147 111 119 90 69 71 196 102 177 53 99 42 35 226 209 33 190 122 158 223 184 
61 65 216 125 65 233 214 88 167 161 125 31 181 128 142 79 45 63 236 160 83 169 106 142 80 232 155 117 202 196 146 238 99 230 148 97 78 69 130 66 171 169 201 79 94 161 156 103 35 202 88 206 208 173 86 198 161 70 115 81 136 193 199 215 221 97 150 145 35 220 157 80 218 
213 35 142 36 237 100 70 177 136 81 113 166 107 162 65 230 62 96 107 163 84 112 137 107 208 163 200 135 230 107 214 199 225 159 177 224 133 45 93 199 198 211 110 217 64 121 183 235 74 51 127 90 40 132 47 41 31 151 209 238 42 235 127 166 79 35 80 220 112 42 191 153 39 
198 40 57 46 62 87 59 110 84 164 160 121 117 219 169 143 95 148 128 208 110 155 132 86 69 60 156 78 83 221 69 162 33 177 69 153 186 215 74 116 233 150 94 160 146 113 151 140 161 52 205 124 194 76 226 113 179 176 224 168 53 200 238 134 191 63 114 78 50 56 118 57 180 
153 136 180 72 166 46 52 207 60 211 49 183 107 92 104 68 172 213 35 145 76 66 77 32 225 161 183 194 136 59 216 90 58 174 141 104 45 144 108 66 87 86 89 117 188 69 215 112 78 110 153 166 237 59 103 71 84 238 79 125 108 202 56 151 230 158 101 225 68 163 211 54 225 
203 210 150 207 177 219 215 175 126 94 186 48 160 176 52 122 108 118 50 80 161 149 105 137 233 191 176 66 188 45 134 135 204 61 79 102 208 69 95 73 159 200 213 104 207 145 67 178 85 127 114 47 112 131 178 97 51 176 234 146 192 101 35 208 47 109 218 89 182 36 114 142 214 
171 196 188 102 99 154 195 99 165 220 235 89 190 79 85 89 60 106 228 129 99 133 103 125 127 119 77 104 36 237 154 149 222 64 104 146 150 118 130 95 187 136 219 227 44 74 163 212 154 184 163 139 73 79 209 145 38 137 190 72 123 31 106 91 223 177 51 112 168 109 178 123 123 
192 62 143 189 76 97 62 212 139 125 134 79 123 67 129 39 191 82 136 174 129 144 108 142 132 41 50 181 62 223 131 217 152 218 140 122 227 39 89 163 195 174 93 234 120 228 68 88 186 55 146 41 62 141 32 48 165 107 152 232 96 114 84 154 132 76 121 211 152 126 178 97 63 
64 50 179 35 141 154 47 127 92 229 218 130 199 143 36 122 97 173 55 93 151 52 93 235 135 228 170 34 136 36 205 52 63 62 233 178 120 217 44 119 75 117 57 189 237 231 183 115 163 144 149 49 109 46 219 35 38 159 195 118 204 176 103 122 177 209 210 92 238 150 66 44 30 
223 61 42 143 117 82 30 151 151 209 141 34 140 236 93 237 85 170 45 108 174 110 85 93 133 133 99 48 163 204 94 93 76 77 46 91 174 219 228 183 138 68 238 117 169 156 233 209 128 162 238 237 38 57 151 188 38 108 152 174 104 65 190 81 45 64 135 178 181 148 99 222 194 
40 97 193 208 60 54 34 134 228 121 158 228 134 170 192 151 166 153 212 97 236 237 38 152 161 34 158 98 109 132 137 58 175 135 126 140 88 93 187 46 97 113 50 128 46 184 64 215 194 185 70 38 77 149 124 235 121 90 127 199 157 41 233 148 31 147 167 119 194 198 165 87 160 
187 195 66 153 173 206 159 185 188 59 173 93 81 172 64 121 204 46 236 236 191 168 116 202 173 89 31 225 155 232 203 229 217 220 221 32 174 112 195 151 167 85 148 234 77 133 181 87 133 146 69 66 217 158 222 163 138 67 150 51 61 94 202 193 55 122 86 123 88 227 210 212 57 
206 209 204 123 50 151 109 75 89 200 182 196 157 237 170 122 39 202 110 205 105 152 34 197 153 53 220 37 91 117 89 112 207 127 33 140 78 54 106 36 104 72 172 131 218 216 79 90 133 165 98 142 133 192 141 160 220 110 218 126 102 183 146 233 144 151 60 151 98 41 57 43 106 
145 236 185 203 53 228 162 210 96 205 156 68 230 41 108 128 234 155 145 53 67 66 43 176 172 188 165 54 195 125 143 113 150 179 235 208 221 180 61 192 186 210 142 75 152 113 225 155 207 141 237 176 39 174 108 237 234 209 36 79 162 161 120 86 177 72 67 231 112 145 64 102 75 
173 49 135 153 100 133 224 83 88 113 55 137 236 181 233 141 197 65 72 193 35 225 41 122 219 151 66 157 65 233 67 76 91 186 67 167 89 56 120 110 231 213 131 124 30 199 186 149 70 237 211 144 143 73 146 34 189 178 85 212 113 52 156 208 59 214 103 138 67 164 136 47 189 
195 150 40 238 42 164 230 146 176 229 179 109 46 44 140 204 121 215 159 224 38 123 157 35 228 155 77 84 50 105 98 71 167 224 233 65 151 145 178 142 116 48 160 200 170 112 119 169 219 199 66 111 60 35 229 78 183 35 230 90 176 153 234 84 172 97 76 227 147 165 132 204 110 
74 161 120 166 200 112 222 231 129 191 46 168 62 203 91 95 233 58 215 57 186 157 163 147 91 84 175 228 113 219 174 179 63 212 100 222 101 82 185 227 164 142 33 59 63 44 139 79 99 184 235 105 91 47 61 85 202 168 96 220 187 208 205 160 165 226 133 141 39 54 68 52 66 
135 141 170 206 117 88 115 94 115 35 174 190 147 92 55 123 220 223 195 155 137 174 204 182 146 157 78 59 160 236 158 158 155 201 238 229 178 40 195 148 178 188 134 71 223 44 180 59 154 75 110 52 107 107 236 98 53 84 160 220 129 154 131 39 120 153 111 47 90 32 40 94 214 
32 88 146 56 149 104 76 193 58 31 62 205 54 71 41 173 186 87 102 49 195 48 237 64 46 194 231 75 35 145 233 132 223 111 210 161 158 36 94 209 146 166 128 69 163 212 86 56 82 238 63 235 113 41 185 72 108 47 115 71 169 152 70 150 224 60 210 115 129 78 177 174 79 
85 151 120 194 186 30 95 127 99 56 107 152 61 205 91 53 70 59 95 204 223 115 136 234 98 77 182 193 151 156 128 165 77 75 163 169 208 232 124 228 222 64 190 193 238 55 164 234 117 112 44 130 159 35 100 52 32 129 104 161 144 183 89 227 81 125 202 134 219 114 167 122 89 
39 71 144 235 235 196 117 136 127 99 173 43 56 32 123 108 42 104 154 225 88 175 235 145 169 165 75 54 168 180 50 173 126 190 102 219 41 233 138 50 195 163 120 180 216 111 162 55 222 137 155 40 230 108 227 38 181 59 210 158 145 100 157 160 204 92 53 105 135 138 51 237 215 
31 114 64 69 31 158 204 136 82 39 218 111 99 47 58 71 143 142 78 72 141 230 190 162 218 177 190 111 80 47 31 231 160 186 131 116 62 161 234 190 109 78 188 209 201 230 221 229 218 215 45 42 32 166 34 86 117 214 128 166 132 214 224 185 214 233 34 163 230 31 189 103 100 
227 202 69 75 166 120 149 128 202 109 82 228 86 81 74 98 170 183 149 213 196 116 122 145 204 85 83 210 109 85 235 136 50 118 213 32 52 65 52 124 66 168 76 45 133 233 48 86 164 95 46 55 164 76 72 128 31 112 144 211 218 170 94 103 135 138 184 152 194 62 224 99 170 
103 213 195 183 200 149 185 120 76 167 133 186 71 33 192 88 168 172 150 197 40 175 204 36 206 87 32 126 89 95 96 184 106 212 114 38 59 43 112 76 205 125 47 95 137 200 52 223 212 62 192 203 115 105 74 95 189 90 131 115 189 203 131 133 54 97 174 120 145 81 93 34 154 
95 140 42 163 77 158 221 171 103 48 158 77 213 128 202 235 132 165 103 55 186 205 69 103 212 69 195 200 226 178 158 206 32 106 30 223 185 139 55 164 143 53 135 87 170 168 197 179 218 179 111 188 207 83 52 170 163 172 135 60 201 59 159 161 154 35 81 38 74 237 98 39 51 
127 136 211 49 104 51 164 30 102 89 65 232 142 51 200 130 90 43 47 131 234 119 134 118 162 235 140 143 84 196 45 184 220 198 188 149 160 103 108 200 98 48 154 96 150 177 237 135 111 37 82 38 190 83 219 230 117 149 126 107 211 222 234 200 137 30 167 213 38 166 196 83 102 
64 181 181 144 137 222 103 54 226 32 166 220 168 198 145 93 197 195 109 205 147 104 200 156 122 181 165 40 153 220 98 146 65 191 111 147 214 166 144 208 63 234 207 140 218 116 125 96 236 193 116 183 179 210 97 43 236 212 31 35 213 77 135 166 88 40 150 154 121 47 183 52 229 
132 195 37 59 136 122 113 184 195 153 154 205 210 35 34 227 169 34 164 220 138 79 33 188 231 84 104 87 38 121 132 141 236 74 60 198 227 187 63 68 132 140 145 52 41 134 60 191 72 34 209 31 221 116 226 230 79 131 201 40 38 135 94 112 195 88 90 166 39 228 145 52 120 
100 81 198 237 75 196 199 125 44 60 182 153 40 64 185 125 165 134 128 139 80 144 179 231 89 187 61 42 175 237 126 128 207 37 220 61 68 199 129 180 177 84 75 121 81 236 133 188 195 230 149 117 176 183 108 34 36 72 33 226 98 31 161 149 112 103 49 219 210 144 58 151 144 
175 165 127 30 157 83 58 95 178 170 178 115 166 106 73 35 91 186 101 181 36 137 73 148 223 138 224 83 46 155 94 106 193 140 234 120 129 31 176 126 57 114 228 70 73 112 123 164 132 123 115 166 111 233 52 131 117 214 32 200 58 161 219 115 199 210 230 185 107 111 44 161 96 
218 230 194 161 203 233 109 217 195 237 100 96 91 106 112 105 64 193 144 150 206 40 32 59 145 54 81 114 193 143 41 211 189 41 34 112 147 141 81 55 56 162 187 181 89 54 111 193 200 124 98 63 111 59 117 162 71 207 61 180 208 61 57 126 60 170 203 52 236 146 140 89 92 
108 189 45 41 121 180 122 158 87 225 143 179 204 65 169 93 39 145 33 61 107 141 136 84 51 39 174 154 235 32 197 85 231 176 210 79 90 85 111 86 164 82 87 102 227 136 174 208 92 166 124 184 166 71 130 120 72 156 99 231 120 115 153 172 85 207 57 143 137 130 185 94 31 
83 155 54 183 70 48 231 100 68 184 69 169 34 150 128 212 142 143 67 128 133 209 173 76 231 157 189 130 125 104 82 183 204 92 109 31 125 97 119 137 58 160 67 84 108 46 185 228 191 137 207 217 235 98 141 126 173 58 121 211 163 105 166 98 66 71 148 120 84 62 188 231 33 
157 78 137 176 71 122 185 58 192 79 85 165 121 66 144 233 199 186 198 99 115 194 102 61 168 116 74 161 207 57 168 34 125 41 82 198 34 51 131 233 52 146 74 70 86 129 182 172 176 39 64 145 120 34 205 229 141 66 73 92 65 212 135 48 39 193 67 57 54 230 219 52 204 
171 129 201 207 190 189 236 177 55 220 35 50 167 118 168 70 189 201 61 113 191 139 71 106 89 138 84 197 179 74 213 141 68 170 76 178 50 213 227 84 133 52 234 177 126 143 83 87 200 186 175 215 141 106 43 48 139 229 86 125 117 141 95 99 236 63 111 126 38 77 91 134 192 
176 56 225 217 105 197 186 178 61 155 179 146 128 94 31 232 56 51 68 109 131 97 201 44 186 31 238 35 124 48 165 47 106 131 52 101 111 176 203 38 56 153 37 60 55 118 108 67 53 83 65 38 156 151 178 89 72 131 108 199 53 179 163 117 80 189 84 90 187 80 180 148 125 
97 180 47 135 198 30 34 230 213 215 94 176 72 157 212 140 91 209 163 83 30 136 136 118 112 228 134 63 110 165 222 77 183 226 134 185 109 227 166 228 83 230 77 134 237 198 90 215 87 138 46 117 53 189 227 123 93 32 165 105 160 232 38 160 173 106 192 31 188 107 187 95 184 
122 94 120 224 223 182 174 170 163 191 41 94 125 88 63 133 152 139 80 104 60 152 57 173 142 74 154 118 30 168 227 159 146 234 117 199 205 216 94 51 165 125 98 229 217 134 228 50 95 68 69 162 97 123 102 35 59 78 185 70 108 167 207 124 150 149 211 66 69 61 98 171 206 
33 167 215 224 50 44 98 100 199 162 42 144 53 182 117 227 91 92 236 151 216 188 138 93 55 95 172 164 155 140 104 127 62 113 216 168 141 212 94 214 89 195 219 72 134 89 180 75 121 216 158 200 38 45 64 202 57 194 75 164 116 219 126 202 148 157 196 186 174 34 125 54 110 
135 144 177 204 213 43 95 61 74 145 142 208 91 49 228 78 154 165 168 137 120 108 138 193 37 66 94 71 44 175 88 154 231 174 122 46 222 140 93 163 166 203 140 201 122 163 56 232 64 46 179 82 137 236 49 123 179 132 104 143 47 119 217 211 162 131 207 40 174 198 189 194 139 
147 129 211 118 136 112 59 74 150 136 60 93 53 228 100 198 214 81 64 79 30 32 89 172 206 128 52 148 67 58 113 70 55 231 49 124 36 32 216 195 82 164 106 204 116 73 43 229 198 195 108 148 200 109 159 70 58 112 169 34 191 32 111 155 42 83 79 205 54 65 207 152 182 
160 155 34 221 44 75 94 203 224 150 166 236 161 147 141 39 141 128 86 166 43 229 136 228 139 148 192 50 237 142 205 188 207 41 183 177 171 76 177 160 88 171 183 105 51 131 232 227 148 234 234 225 201 114 204 221 129 163 72 212 39 232 211 187 160 154 46 64 200 206 219 96 148 
52 196 203 165 126 131 181 208 95 55 217 68 93 189 229 211 143 177 237 156 87 216 169 105 35 54 152 162 54 227 195 118 230 129 75 115 84 146 67 75 51 72 165 175 195 155 112 237 78 71 57 53 45 205 219 64 36 60 236 225 159 236 109 155 129 228 208 157 190 102 146 82 137 
156 169 206 84 63 198 159 228 219 84 75 95 101 164 37 152 162 123 34 191 84 186 50 102 42 147 115 103 184 45 150 146 34 210 69 30 91 180 161 129 58 42 180 74 93 42 211 114 180 190 223 143 55 169 125 238 154 78 37 46 213 113 107 193 200 221 195 198 166 104 196 169 213 
131 134 215 145 96 172 208 115 78 232 109 162 192 220 224 151 97 79 102 128 52 87 35 46 227 33 31 134 153 197 215 43 31 109 65 201 81 229 202 81 162 188 119 221 208 108 229 32 182 84 201 211 90 38 120 33 115 226 234 78 207 122 201 92 30 38 236 220 150 180 179 212 174 
71 185 77 98 93 158 96 128 164 91 187 181 98 34 130 207 181 79 231 122 190 195 87 224 123 146 234 101 128 196 123 233 222 89 182 109 70 215 170 46 75 155 48 90 173 231 47 91 201 189 89 104 152 92 77 230 182 117 75 85 157 46 105 70 206 132 168 123 213 176 59 105 143 
102 187 70 149 168 92 179 202 170 177 97 228 131 83 68 166 109 188 110 165 165 189 56 66 179 228 133 137 44 48 40 82 114 99 212 102 128 179 102 191 234 196 99 40 33 147 99 179 109 120 206 192 127 95 86 207 238 214 154 136 95 144 230 129 146 172 186 83 36 75 180 208 186 
129 216 65 209 212 179 221 38 145 126 49 167 219 39 168 180 105 87 112 203 136 154 211 42 105 172 124 49 195 135 54 156 226 161 89 89 151 88 143 172 57 62 36 150 160 136 56 51 47 202 198 143 72 70 105 92 88 211 237 127 138 76 143 166 90 160 43 164 201 51 232 141 54 
112 128 227 145 46 130 220 60 234 209 169 33 130 114 146 70 65 39 134 150 97 71 172 220 132 176 199 67 145 178 184 179 212 76 180 65 123 158 67 164 197 237 136 197 126 228 113 189 238 35 39 169 186 120 112 216 230 168 183 233 90 62 176 41 39 68 32 69 156 148 88 47 81 
143 216 179 166 198 180 106 72 54 204 108 228 98 70 125 72 184 173 116 214 233 61 187 204 109 153 207 124 123 208 142 151 96 137 33 130 227 124 92 69 234 215 64 47 82 109 48 227 114 119 34 162 193 96 57 173 213 230 87 232 214 167 103 144 126 196 129 169 114 96 173 35 60 
188 80 108 45 229 237 31 80 203 68 171 85 53 119 180 224 178 96 86 148 225 149 114 196 82 99 119 93 46 124 52 47 91 175 234 142 203 43 170 139 40 204 47 115 195 62 65 112 137 136 100 223 39 183 95 83 175 189 174 178 157 102 178 57 118 131 97 140 111 173 187 74 100 
190 120 176 210 140 62 217 147 129 42 215 203 91 187 172 80 161 169 186 44 38 196 232 109 52 192 196 224 66 186 35 215 52 238 102 144 127 99 184 148 149 205 124 38 115 78 109 48 48 42 42 63 177 91 96 176 107 191 202 168 141 173 179 56 206 103 118 67 35 35 57 215 114 
149 57 56 137 165 235 66 113 181 196 205 72 60 212 122 138 79 152 175 203 86 107 208 179 189 225 192 49 127 230 159 183 210 64 121 64 227 35 91 220 61 113 237 186 205 60 139 191 125 222 160 130 94 188 137 219 151 188 45 176 232 123 228 150 111 210 79 72 151 183 193 92 68 
199 113 232 234 117 110 30 58 158 183 111 89 190 167 57 90 220 176 107 113 134 194 215 186 202 86 66 222 122 200 96 138 41 53 41 156 120 235 111 103 184 122 228 119 67 190 71 124 208 188 186 165 131 176 45 203 109 68 140 237 64 143 202 195 215 181 128 186 205 225 77 32 121 
207 38 121 127 73 122 188 70 177 97 193 187 193 92 123 60 97 76 153 83 187 236 54 144 99 200 168 157 152 51 113 196 143 216 53 74 161 165 144 157 38 182 56 130 116 153 130 80 63 218 183 140 234 45 219 109 85 140 224 234 149 132 118 191 121 150 194 217 76 56 137 136 198 
91 49 110 89 210 139 211 118 177 119 177 201 75 88 119 120 114 82 135 162 66 61 35 182 92 37 174 198 134 117 110 53 39 164 166 155 236 213 229 232 128 173 204 72 49 44 201 73 133 235 164 33 82 56 228 182 188 71 212 65 86 183 238 157 47 70 31 77 44 223 179 147 232 
44 119 56 127 155 71 123 30 34 188 206 175 71 152 76 146 205 161 66 83 74 90 31 42 84 123 232 229 111 211 79 122 127 54 50 236 42 222 103 232 227 215 66 32 174 174 219 153 135 37 236 104 143 157 56 173 220 43 136 152 119 75 59 161 73 122 63 201 73 117 108 236 120 
115 139 61 166 232 156 121 70 46 211 197 174 128 177 64 121 46 37 150 189 133 101 232 186 201 30 80 118 163 51 182 130 227 102 80 208 189 70 203 196 118 151 127 55 82 230 39 53 110 206 130 190 138 108 38 87 109 37 66 83 199 200 190 146 125 67 162 217 58 48 143 183 42 
190 72 32 39 33 62 123 193 135 141 62 112 219 127 197 145 237 138 138 172 130 228 165 78 165 76 234 169 237 86 53 169 79 47 36 124 219 151 87 70 220 43 180 182 210 33 137 130 172 157 139 133 234 131 120 108 217 70 175 30 132 118 59 159 32 58 59 61 105 191 96 236 126 
221 141 45 183 92 45 232 236 49 93 196 214 161 51 233 108 207 198 183 50 215 218 109 44 44 197 145 150 124 203 97 164 113 199 71 203 177 77 63 189 107 229 117 127 101 100 107 157 58 190 95 196 173 38 146 173 51 199 100 97 36 96 62 37 234 40 169 34 125 115 215 134 88 
224 220 54 180 218 198 120 234 55 219 221 173 164 117 197 56 117 90 70 164 37 238 225 107 35 83 168 133 33 213 75 69 97 175 133 57 50 42 70 228 96 234 38 215 54 223 90 191 238 97 98 52 175 85 141 34 124 54 31 49 174 142 77 102 60 100 153 120 175 111 99 180 170 
135 214 73 190 153 55 100 72 195 60 186 189 86 91 84 96 203 150 110 67 203 60 95 58 131 213 113 193 138 152 89 208 186 117 205 30 230 102 119 206 73 68 150 181 30 121 182 53 100 124 160 143 230 171 230 139 164 94 181 144 178 235 225 155 129 232 126 144 99 186 231 60 152 
123 97 39 105 38 64 201 123 68 100 185 128 39 38 156 129 112 64 209 57 212 207 150 187 97 216 108 131 145 186 219 151 47 160 209 103 87 68 148 130 153 116 206 153 145 157 156 224 173 154 53 163 216 92 46 224 68 118 117 51 106 50 236 196 177 67 233 215 127 224 56 39 84 
104 196 121 34 39 125 38 210 67 67 190 236 92 72 93 65 207 46 141 77 76 189 99 206 201 183 192 229 164 68 127 204 79 122 38 106 111 66 101 93 74 123 109 231 140 126 35 106 214 209 217 175 119 47 63 179 47 107 136 170 167 61 62 209 113 62 141 195 116 82 48 134 37 
237 36 153 145 136 232 191 134 151 59 208 141 185 113 168 147 33 174 148 159 178 34 192 216 237 229 200 104 145 114 238 104 72 65 134 168 134 212 48 154 140 186 209 202 155 35 91 71 52 205 65 206 87 132 186 82 53 201 125 157 104 146 218 223 62 103 204 84 165 205 56 193 137 
53 230 185 76 140 102 118 235 57 80 108 138 132 157 61 147 230 160 201 50 83 149 161 122 205 158 116 142 114 232 105 128 138 59 235 170 174 80 226 165 51 43 225 42 198 143 94 178 52 137 60 219 148 88 118 57 236 153 176 110 85 38 55 191 180 82 186 183 78 95 153 167 182 
209 236 105 109 148 153 155 129 88 205 238 119 238 110 156 162 156 36 144 67 34 104 101 198 122 147 128 181 109 129 76 57 45 166 81 79 126 58 153 35 90 85 88 43 35 92 148 61 194 111 169 236 180 129 190 188 201 37 167 39 63 162 52 138 98 105 111 83 206 72 62 191 91 
92 110 207 180 121 67 66 108 78 213 129 163 65 69 127 176 126 148 75 89 149 138 151 50 121 111 172 216 55 76 201 87 131 34 109 191 102 222 213 95 65 83 179 234 39 113 134 107 209 186 55 47 183 237 56 65 61 103 161 82 104 173 161 150 172 34 203 224 58 110 175 121 131 
178 43 205 235 50 97 111 102 130 225 194 201 67 209 162 30 167 134 85 207 127 54 194 41 93 80 176 143 85 110 48 100 49 112 199 193 47 183 74 60 228 147 52 172 110 108 48 82 114 160 234 81 81 96 120 47 85 226 165 211 179 157 221 208 231 213 35 64 174 195 77 56 73 
70 215 74 83 113 31 34 113 75 189 175 151 62 55 131 81 190 78 129 118 224 120 110 227 230 80 217 179 94 85 57 33 139 121 168 94 53 64 142 182 70 84 82 179 84 190 148 45 89 205 162 112 152 215 80 199 36 235 216 40 57 98 123 87 99 235 54 112 37 90 190 192 146 
199 80 73 104 107 124 122 55 188 53 216 180 158 68 233 58 84 145 222 123 161 97 96 53 168 80 81 107 187 220 40 125 210 57 180 46 214 31 110 73 230 155 175 200 128 180 114 81 145 232 76 144 235 77 82 167 91 140 89 74 35 221 103 85 197 212 200 184 173 157 78 235 220 
39 132 33 66 31 225 207 127 184 229 72 75 111 158 129 116 157 78 192 136 35 143 224 80 219 224 71 173 52 153 201 235 99 86 231 232 230 219 90 139 105 166 91 50 54 48 182 76 157 60 142 178 64 209 41 183 108 40 106 139 44 148 183 212 82 135 201 110 61 149 161 134 205 
94 154 220 158 161 227 44 146 187 226 193 193 106 65 62 56 158 126 176 186 114 128 57 165 231 77 132 128 127 168 92 166 200 150 156 199 58 45 190 145 170 126 36 70 209 172 165 179 110 203 35 175 74 88 207 93 232 63 238 216 207 201 138 117 197 80 162 215 146 123 39 38 204 
222 166 39 41 175 205 110 31 135 158 236 32 175 156 218 210 87 101 134 83 175 215 34 106 209 69 68 148 200 143 185 46 200 222 87 184 207 54 214 125 71 212 109 99 190 213 114 185 174 88 51 224 229 65 88 177 152 219 88 99 94 107 209 143 187 203 135 70 206 132 167 65 228 
182 223 190 160 116 174 154 92 119 189 116 144 175 86 58 58 60 223 183 174 145 228 41 200 85 92 160 51 230 207 141 131 71 73 85 53 138 57 135 123 101 86 62 226 40 237 87 127 30 216 224 126 35 114 143 162 159 80 95 57 57 96 233 122 65 39 118 106 231 151 35 231 127 
137 218 97 182 62 75 167 32 219 153 159 71 189 37 93 150 96 127 107 66 158 126 99 173 119 67 82 33 81 171 119 96 130 216 185 104 226 149 218 123 150 46 124 201 37 172 36 223 228 194 53 184 192 41 154 80 32 55 86 206 230 75 172 226 81 46 187 156 81 120 44 212 201 
131 144 175 229 134 134 230 167 39 67 108 102 134 144 39 189 115 93 228 100 227 216 214 74 175 43 175 215 206 226 228 121 230 73 66 226 116 60 88 132 106 49 144 235 45 206 161 141 39 212 215 202 202 174 194 165 218 154 55 65 168 68 205 143 108 155 167 55 213 124 58 108 94 
127 191 205 137 68 155 128 144 120 145 153 226 85 64 59 224 164 86 167 226 109 154 99 93 205 170 218 198 121 63 145 72 160 142 101 49 34 210 86 56 93 216 57 174 203 130 150 136 105 170 44 65 119 73 143 203 50 167 36 164 111 237 104 200 234 233 40 187 42 161 205 180 142 
113 198 58 62 42 228 181 159 53 153 140 132 140 150 93 133 184 51 93 54 212 76 39 121 183 32 191 146 160 132 143 170 40 212 172 54 142 102 92 107 87 57 65 205 92 222 151 152 140 42 79 222 83 214 93 74 189 234 47 33 124 145 94 147 138 140 111 163 86 139 168 137 236 
89 129 45 116 34 170 135 232 99 189 118 99 231 85 122 98 114 229 133 120 93 77 98 154 77 209 68 44 157 68 194 143 61 106 85 161 104 117 154 131 116 100 178 155 159 144 222 67 33 186 91 193 173 165 205 55 146 226 53 218 146 91 126 61 138 77 66 153 147 157 196 235 102 
208 237 207 47 203 153 145 127 138 205 72 232 103 198 133 67 168 83 154 83 58 181 87 51 234 51 213 181 47 127 133 126 66 62 230 87 135 82 196 139 114 50 181 224 173 50 154 212 211 74 211 133 148 72 62 215 119 37 228 128 204 175 65 105 161 163 99 204 171 75 67 156 49 
208 78 153 44 80 236 220 105 113 153 149 135 217 47 147 131 117 146 136 221 135 73 190 120 221 78 138 137 93 165 170 137 212 148 59 115 126 62 41 117 192 88 82 80 168 81 228 185 85 69 120 97 103 226 56 55 75 212 183 145 160 165 70 102 187 120 121 101 227 85 71 159 71 
236 35 128 209 189 179 99 201 236 150 50 206 199 58 145 201 57 117 230 31 138 171 227 39 205 120 190 47 158 91 78 121 205 132 129 104 117 48 38 50 204 226 77 213 96 120 201 142 110 201 203 151 183 238 144 106 50 111 95 208 144 75 86 179 131 99 65 143 224 59 191 63 128 
205 233 164 93 101 193 213 145 89 233 99 79 135 181 208 38 169 50 48 187 186 237 198 166 219 201 164 130 92 189 108 109 125 50 116 45 172 231 79 67 201 84 67 169 202 224 56 60 181 184 176 201 65 69 66 153 184 146 43 109 36 173 38 218 227 135 157 92 187 238 58 238 231 
180 191 151 179 181 58 43 141 192 234 156 37 99 186 117 108 121 204 118 229 191 97 56 173 137 92 124 76 114 146 64 192 74 113 165 165 191 47 48 140 113 162 94 34 119 238 237 141 30 105 183 230 219 96 31 154 36 129 197 151 80 201 151 146 143 46 108 223 115 133 203 51 225 
95 110 94 181 211 81 64 47 86 87 205 94 193 195 214 198 124 165 81 34 223 120 236 75 98 83 163 92 79 115 92 161 231 72 144 121 162 118 112 124 190 193 217 91 199 126 167 138 153 119 191 107 190 196 147 202 231 204 177 73 72 79 87 62 36 84 143 35 199 205 152 224 131 
36 100 166 233 215 143 57 236 83 188 78 106 218 224 165 93 101 234 31 161 203 131 191 203 139 104 130 176 147 158 41 30 59 163 219 228 238 38 140 128 230 183 166 116 234 118 175 231 58 76 199 208 237 175 194 37 167 142 129 114 138 173 92 112 134 119 40 140 174 144 126 87 130 
179 58 137 211 172 128 88 132 84 220 175 41 193 33 189 170 30 30 77 60 211 235 202 156 108 112 234 182 69 34 81 79 118 138 108 116 165 143 122 179 41 209 92 118 176 191 87 113 87 226 90 235 191 148 185 170 90 104 215 228 233 227 162 101 176 62 113 38 60 115 108 218 83 
135 86 154 46 91 174 123 169 86 40 210 122 153 186 196 82 34 97 226 76 100 121 37 82 167 214 117 52 132 89 66 198 156 146 198 179 215 45 128 99 213 45 56 53 90 167 195 174 35 125 60 177 59 149 83 216 65 123 225 234 208 52 152 144 78 193 60 209 193 104 83 101 228 
114 75 34 115 49 180 214 123 197 142 151 122 156 70 64 135 70 90 47 177 207 93 39 220 129 126 208 89 65 131 173 60 114 47 152 159 170 118 78 220 218 108 35 114 40 110 92 199 53 83 45 186 36 231 100 225 42 77 194 115 127 54 117 212 221 100 170 77 198 192 208 179 42 
34 66 172 87 87 151 97 95 57 127 187 126 221 229 37 46 215 70 50 217 165 223 237 52 140 215 53 221 197 219 173 205 147 157 45 151 150 168 231 155 93 94 161 169 159 191 88 142 140 104 105 235 119 169 176 157 92 90 30 74 190 220 175 220 183 213 122 104 54 124 188 212 123 
140 151 84 34 139 204 193 69 73 221 233 148 34 88 157 108 171 57 57 178 168 192 89 32 230 227 176 119 193 84 62 192 106 91 103 232 206 97 40 148 121 192 114 238 41 176 142 76 227 167 38 137 209 121 74 229 63 165 152 181 233 89 137 148 63 186 103 76 136 102 39 47 68 
211 185 77 146 127 228 228 211 34 35 67 177 89 90 119 140 57 102 58 40 108 72 71 54 42 155 34 103 183 35 82 140 160 218 78 194 142 180 115 97 108 38 156 213 154 194 153 99 127 140 176 139 145 46 191 116 73 49 183 55 165 88 215 198 143 224 170 181 115 191 184 220 61 
145 69 236 116 48 219 155 76 204 181 38 61 190 85 126 92 187 235 43 58 46 215 91 203 232 58 202 39 148 232 176 134 137 167 145 121 85 60 122 81 85 161 49 157 149 66 113 138 198 229 98 193 181 214 61 206 166 216 216 60 173 207 134 44 116 192 224 41 92 107 43 187 52 
232 181 39 176 90 130 234 144 166 102 160 209 64 119 196 103 56 107 50 186 73 190 30 76 170 206 113 84 183 193 63 61 144 40 96 38 132 156 163 118 212 219 200 33 67 174 109 45 133 38 230 56 70 136 226 193 224 132 43 61 219 73 215 176 95 215 98 200 231 120 37 96 123 
159 158 71 200 156 122 70 193 111 141 170 81 199 33 213 42 146 230 161 210 41 147 58 127 66 180 179 114 132 55 84 142 37 196 66 175 179 174 94 128 231 50 56 214 163 94 106 82 166 172 130 122 221 109 99 97 223 81 187 199 158 120 151 108 201 70 140 96 94 140 198 226 167 
33 149 107 134 181 156 202 167 147 67 121 220 114 220 146 41 218 162 41 142 58 171 138 179 152 203 99 219 138 47 207 163 72 100 159 145 99 172 61 153 233 139 45 38 111 144 124 71 164 187 140 135 98 171 74 106 74 171 115 72 206 98 233 193 199 46 133 176 84 145 107 227 82 
192 185 39 201 121 204 127 217 155 222 164 200 238 161 219 164 31 151 146 161 183 118 121 184 104 136 182 192 48 124 134 113 52 178 219 170 87 126 52 69 34 74 67 128 101 114 159 99 210 192 74 176 90 224 51 105 117 220 183 196 40 177 109 53 198 98 99 71 205 100 74 106 213 
222 210 97 224 49 158 160 190 235 223 68 72 238 189 148 160 82 129 153 53 223 191 155 84 125 104 109 205 110 31 228 197 72 143 123 175 225 104 68 58 181 147 172 159 67 123 225 122 229 80 131 201 79 145 234 100 40 126 216 208 164 162 192 172 229 137 120 77 92 196 192 178 200 
92 139 113 150 190 60 156 229 161 140 168 200 186 81 34 32 90 87 66 117 136 108 183 108 82 149 128 200 108 164 223 63 67 141 42 146 108 235 64 178 100 87 71 232 165 135 69 126 138 163 112 104 142 149 208 140 123 169 200 126 79 232 216 68 150 36 84 69 164 99 47 142 179 
144 132 218 80 233 115 173 235 136 157 107 233 50 205 165 235 75 195 127 122 189 206 156 181 158 141 121 43 190 75 45 212 140 54 93 79 230 150 162 190 30 72 132 220 238 113 231 233 33 78 234 99 77 55 33 159 38 56 158 69 64 96 216 238 158 181 237 36 170 85 69 54 207 
45 123 151 30 145 51 203 103 202 83 61 31 143 185 174 217 150 165 89 183 38 193 230 236 219 128 137 73 230 217 137 226 159 166 222 60 151 145 226 76 70 86 164 208 82 236 54 179 224 125 229 223 183 224 58 171 216 136 133 235 36 201 67 122 52 123 101 225 51 49 174 56 84 
36 129 117 208 215 184 93 96 238 165 225 41 183 124 121 90 120 41 48 144 143 32 34 228 44 189 205 115 157 78 205 78 139 149 214 47 81 59 112 152 105 228 165 62 144 40 90 102 40 115 60 54 137 163 204 164 196 30 104 222 132 76 45 39 152 195 170 237 63 149 33 47 216 
179 37 132 33 36 115 200 163 39 126 154 174 104 235 188 175 110 228 225 75 147 201 132 65 173 230 172 126 153 171 81 133 225 114 77 213 111 201 67 202 62 122 230 58 237 113 196 47 104 97 80 74 52 193 138 220 91 156 30 208 208 67 76 55 213 92 70 230 72 84 72 131 207 
110 93 161 80 66 101 70 117 182 64 220 109 227 136 108 107 146 208 102 98 172 36 44 179 77 191 154 210 157 184 118 136 218 69 157 219 215 178 182 195 46 134 101 164 194 72 34 105 169 51 170 45 188 205 51 219 65 112 164 164 109 193 146 167 136 179 128 95 235 86 139 155 202 
60 70 112 227 238 196 72 96 124 77 83 149 170 218 39 115 32 203 56 34 190 88 45 199 81 82 170 81 178 97 171 216 223 78 48 170 75 99 232 57 101 56 54 218 88 206 71 221 134 69 73 129 88 172 84 50 128 181 132 144 207 55 101 136 52 231 42 109 132 156 149 178 132 
153 123 218 133 73 181 234 115 129 214 113 69 234 114 70 187 143 66 124 227 88 114 32 182 188 184 187 181 208 132 169 225 57 127 149 211 187 95 191 233 52 32 227 123 211 161 199 154 91 163 200 71 111 198 162 49 180 212 72 57 33 84 109 157 100 107 205 80 107 182 195 187 79 
238 98 184 182 51 99 63 77 130 120 95 115 144 178 108 202 45 114 162 105 55 217 223 189 194 57 229 117 164 75 119 49 55 176 197 48 101 173 139 217 79 106 88 98 235 82 217 149 133 233 80 164 79 152 204 157 51 225 123 155 119 141 135 120 186 59 100 103 225 128 211 106 130 
66 65 175 136 32 43 186 65 198 127 92 80 176 142 107 194 52 164 170 230 220 216 211 30 60 169 238 153 156 44 75 63 59 30 144 80 76 193 79 164 210 187 129 132 113 194 45 189 103 116 180 33 159 51 144 121 194 136 203 91 172 97 220 126 157 208 110 119 116 84 76 224 172 
236 166 38 223 198 201 220 47 133 95 212 129 72 55 62 116 72 104 64 158 48 235 50 88 96 205 195 198 233 158 191 119 71 102 73 209 224 124 237 119 220 179 90 184 61 55 100 125 156 235 64 72 105 58 49 179 89 125 57 225 63 190 196 237 134 75 126 77 230 125 210 34 159 
141 182 31 154 107 84 83 93 155 201 105 113 92 58 66 223 37 151 121 94 71 106 69 135 38 229 202 126 206 174 144 123 116 195 141 46 119 95 213 62 76 179 215 30 103 167 119 150 135 189 208 33 92 213 53 101 161 57 170 37 59 184 207 61 103 58 99 130 182 112 79 100 57 
58 218 165 82 187 229 238 222 197 154 195 97 51 59 74 107 56 146 159 231 225 39 104 198 143 170 60 194 45 155 90 226 181 116 91 129 39 137 214 109 181 115 81 175 85 150 82 128 74 178 84 76 109 142 160 64 210 56 140 88 78 95 72 230 183 51 120 64 38 196 77 52 41 
223 173 87 173 33 81 57 135 174 83 57 116 211 152 134 47 153 147 53 87 75 97 190 193 115 82 157 98 100 139 79 197 214 50 211 74 187 102 108 172 111 124 193 51 167 66 238 49 119 224 59 43 163 205 87 188 77 157 145 83 202 148 155 216 218 31 107 150 153 59 59 85 223 
110 117 116 31 37 220 119 186 151 92 114 205 199 212 171 146 178 124 111 77 166 179 230 135 71 145 198 156 105 177 220 65 86 227 66 185 53 38 155 55 103 157 192 108 196 47 157 135 75 48 131 76 61 33 55 185 150 174 83 155 202 158 234 216 120 104 69 68 210 121 145 75 72 
