63 6
19 46 34 69 86 45 
85 91 88 61 78 82 
49 25 33 103 108 28 
36 92 93 86 62 105 
24 57 81 27 26 104 
106 87 55 81 88 69 
85 42 79 101 64 88 
85 36 71 91 54 34 
95 78 62 95 32 42 
69 32 98 43 62 30 
93 16 99 66 76 57 
101 45 76 98 98 22 
22 93 24 43 99 53 
79 32 39 60 22 69 
96 73 98 104 41 22 
92 39 17 81 25 80 
102 46 76 20 22 42 
72 24 74 40 62 53 
92 66 30 46 64 103 
108 55 84 78 18 51 
44 78 81 46 93 66 
75 42 43 101 56 106 
51 30 74 33 74 39 
64 65 82 15 102 50 
57 90 101 29 22 38 
67 55 97 68 59 22 
33 103 16 60 100 30 
84 108 63 75 37 39 
34 32 106 39 59 91 
32 78 24 18 102 79 
22 20 44 24 25 37 
36 26 31 31 60 38 
85 36 56 18 85 32 
37 70 27 36 20 58 
66 27 93 73 91 88 
63 95 65 60 20 73 
96 30 22 34 74 57 
17 54 41 39 20 81 
69 64 49 106 61 49 
93 88 15 71 63 79 
87 89 91 79 70 91 
79 59 16 72 89 96 
70 38 84 58 58 108 
63 70 17 24 96 34 
108 104 28 71 92 84 
106 85 78 53 65 61 
89 18 72 90 102 18 
65 46 36 85 74 80 
78 50 86 69 62 37 
24 28 75 47 40 38 
108 50 61 30 18 85 
57 51 35 16 66 31 
56 43 78 36 64 17 
94 22 90 26 86 103 
108 30 30 40 62 44 
23 107 95 94 95 98 
22 104 46 70 101 64 
47 72 75 77 36 59 
70 19 53 16 70 105 
98 22 36 89 56 46 
100 51 66 35 100 104 
69 48 21 45 87 77 
84 17 67 105 101 47 
