220 99
208 167 242 157 124 300 42 305 161 215 258 307 96 122 81 178 293 203 330 258 177 142 195 291 186 173 188 219 313 77 121 316 165 102 160 134 121 203 314 184 238 236 312 214 143 56 219 85 293 116 150 101 195 324 317 198 89 266 181 56 251 256 150 116 297 130 133 327 115 104 323 276 50 311 74 154 137 199 249 300 131 97 166 201 332 198 269 122 294 265 120 289 123 128 52 178 305 69 270 
77 170 231 93 147 292 162 261 286 259 182 118 198 281 236 62 209 48 308 174 192 239 219 219 101 200 305 273 173 203 124 99 172 288 52 55 198 182 245 263 207 123 159 154 224 168 105 65 44 211 61 267 326 289 325 86 335 110 214 117 198 190 116 145 145 175 173 198 132 191 231 335 105 301 298 158 210 308 42 170 108 217 113 73 230 244 129 191 96 60 284 178 87 59 175 246 91 331 305 
61 111 198 260 177 330 130 275 154 44 223 289 140 218 97 114 246 307 220 231 161 96 174 213 69 103 210 231 171 268 238 283 77 324 128 246 326 59 281 207 230 177 45 278 94 217 331 81 165 266 87 260 162 59 276 219 188 269 213 70 176 81 333 223 177 53 222 119 153 259 293 309 237 232 223 67 240 85 299 204 181 112 191 206 76 140 132 83 166 129 111 159 178 137 114 203 248 106 318 
330 51 297 291 61 120 102 75 186 257 285 256 181 251 172 153 101 223 66 199 295 231 326 237 101 290 272 115 289 52 224 299 64 289 128 47 241 335 322 120 219 49 103 82 126 288 320 93 153 44 182 151 291 162 139 279 180 125 108 332 214 186 95 71 151 49 190 209 119 334 200 42 82 277 142 236 300 213 192 156 49 304 244 247 83 178 240 52 82 54 100 193 290 269 49 283 287 176 149 
300 262 272 168 270 165 139 331 79 180 89 255 215 134 248 200 74 232 316 73 168 335 135 167 192 225 140 260 57 262 296 180 128 78 205 313 262 66 150 126 273 272 282 334 322 180 69 106 226 247 223 47 85 146 299 98 255 120 156 207 246 175 70 298 328 217 116 188 64 124 61 210 249 162 229 203 287 187 179 70 66 212 86 89 325 155 300 243 91 222 146 67 308 329 130 93 59 330 52 
69 86 316 217 67 287 146 312 281 72 331 304 72 261 333 265 184 122 106 195 289 230 315 163 96 152 53 285 334 292 297 146 129 150 210 91 252 208 53 255 211 119 107 287 226 242 216 187 288 203 134 182 321 183 275 320 208 186 184 142 212 254 305 141 192 257 52 313 144 174 316 133 173 59 97 112 218 290 284 68 258 164 255 306 189 259 155 206 237 229 323 197 231 241 185 294 221 189 81 
50 327 210 101 223 269 82 65 64 86 203 94 210 79 54 98 302 330 304 77 85 284 147 217 231 201 272 236 44 43 151 335 216 52 283 244 162 122 292 88 118 270 172 72 94 91 263 84 206 276 110 177 282 213 149 295 142 69 309 236 93 212 105 146 105 66 326 315 243 157 252 149 121 60 63 286 281 285 188 248 61 228 315 125 170 264 303 122 265 77 229 139 162 185 192 90 190 263 54 
191 228 161 272 168 172 274 272 230 108 173 287 210 321 66 59 274 332 224 141 78 60 91 92 131 62 65 308 330 50 86 61 168 103 135 253 237 242 207 147 215 152 206 296 248 273 265 185 111 291 202 229 265 144 91 139 114 226 87 51 83 148 314 292 72 52 215 146 65 152 92 288 301 303 193 290 256 93 146 329 100 192 282 329 290 128 82 179 224 321 249 270 51 213 151 73 122 48 273 
55 284 292 161 113 294 84 52 232 166 72 105 229 105 270 42 330 73 325 233 228 153 182 69 177 122 85 248 142 122 292 316 295 258 43 90 158 203 284 51 136 250 83 57 313 272 233 319 330 186 176 150 165 332 54 138 103 92 228 131 323 105 293 271 134 301 214 277 179 266 122 273 143 256 113 267 255 94 144 133 154 204 279 327 238 84 56 163 214 92 208 55 114 255 242 283 117 154 42 
131 329 254 217 160 175 271 185 118 233 283 156 188 132 223 63 82 209 219 129 202 163 164 290 271 131 126 227 174 168 82 326 214 272 223 232 250 176 128 116 306 285 147 322 284 133 220 276 229 103 329 115 102 184 94 191 47 76 145 132 120 289 231 267 126 257 213 188 285 112 319 53 111 231 321 331 274 235 83 206 278 44 157 185 110 269 167 326 120 47 272 198 109 206 93 252 166 315 69 
326 272 291 64 284 286 287 90 92 121 110 192 268 327 288 263 64 236 160 306 108 54 244 134 139 75 99 58 195 231 282 211 203 116 321 206 196 248 76 174 326 135 200 90 329 206 121 205 207 171 53 133 77 56 114 97 184 306 192 129 151 87 100 190 211 121 100 237 202 325 150 127 318 176 62 269 232 205 297 198 303 114 323 82 221 147 219 325 198 313 333 112 210 225 290 58 55 115 54 
227 267 152 42 190 191 292 72 221 102 160 333 46 235 213 58 230 217 243 185 117 240 279 203 227 286 305 273 331 92 274 286 45 72 220 243 271 129 50 151 93 93 93 143 73 136 111 157 215 311 129 56 43 325 199 120 229 110 262 163 314 177 293 114 167 320 167 193 292 83 142 134 77 291 326 62 166 148 118 208 331 328 312 276 206 208 125 316 182 335 53 199 315 229 84 299 117 68 88 
320 271 228 166 169 243 121 164 76 333 232 203 272 58 211 44 77 272 322 58 297 191 281 96 109 176 227 95 206 52 304 238 109 213 77 231 296 330 273 92 270 115 119 143 165 67 69 292 241 293 279 238 313 297 268 246 203 314 214 269 101 144 99 153 324 113 223 258 145 225 268 59 110 194 188 44 313 217 129 311 205 178 206 270 100 129 331 202 279 229 52 226 116 96 272 254 118 221 169 
251 120 314 65 125 46 86 160 303 149 140 330 241 97 91 294 103 298 237 218 117 263 287 334 209 294 326 178 106 301 321 204 297 190 165 57 244 43 262 110 198 301 232 327 251 307 318 206 119 73 65 112 333 157 97 324 161 273 166 332 159 70 319 276 134 238 274 59 239 191 56 43 132 272 49 50 189 285 117 149 299 162 303 153 286 252 136 180 60 274 169 79 303 195 268 74 175 172 159 
161 227 45 48 159 294 174 256 158 256 331 151 204 305 227 317 89 55 190 232 169 309 301 207 84 137 52 320 125 187 213 104 166 194 221 83 183 235 142 227 118 61 99 83 274 150 167 159 208 281 306 89 306 193 57 194 110 302 321 183 242 158 177 195 129 155 210 130 145 333 88 256 311 236 119 99 137 247 171 187 246 324 155 259 260 145 202 85 90 133 315 252 194 181 88 76 163 125 216 
279 56 144 192 145 194 154 115 79 272 210 205 107 190 135 299 210 330 201 56 66 206 300 194 186 130 139 100 51 178 282 255 180 96 78 276 116 272 315 208 185 313 56 235 257 193 253 204 308 310 211 189 175 219 169 223 63 77 288 147 60 254 245 307 141 104 171 322 80 152 258 216 246 277 124 112 266 258 96 48 295 59 134 286 119 60 148 155 213 308 89 319 330 155 195 138 190 251 277 
171 232 169 244 170 81 82 326 323 125 209 75 249 326 110 143 103 47 176 217 188 209 118 121 167 324 243 74 93 48 233 143 193 115 80 109 95 84 188 311 70 189 331 65 174 90 285 201 143 45 194 202 146 225 65 194 277 86 115 255 300 122 209 106 165 195 77 280 89 291 73 127 178 240 171 78 309 148 94 56 183 77 123 141 271 77 180 145 270 178 148 255 292 84 293 237 183 98 307 
194 88 324 298 229 51 128 298 288 226 140 254 290 231 178 168 314 189 157 104 266 217 325 224 48 269 290 208 154 254 106 97 333 261 194 63 80 291 198 89 176 160 281 214 281 268 290 195 43 52 256 312 292 234 159 94 198 102 68 192 253 114 88 332 114 317 331 210 164 78 252 238 239 209 189 120 317 215 211 77 254 252 289 167 64 169 102 84 256 193 177 116 183 243 277 303 208 44 267 
67 136 244 290 270 96 91 296 316 210 281 153 258 109 290 266 108 94 183 324 232 93 56 190 75 75 314 65 324 87 237 247 329 189 147 63 147 140 104 195 193 332 135 183 42 138 64 77 210 281 217 314 290 172 324 255 198 196 287 88 102 267 164 183 180 301 102 270 268 45 331 270 59 67 219 144 154 282 136 136 47 258 185 193 99 234 99 162 142 119 333 116 235 117 263 294 148 268 149 
319 291 49 100 331 335 221 246 81 157 58 314 122 136 221 232 149 309 317 84 303 187 274 190 306 128 182 140 150 127 100 327 270 283 311 285 176 170 235 138 51 205 159 214 267 310 314 232 92 165 59 335 309 246 105 233 85 75 289 143 187 72 47 321 229 213 82 151 286 243 62 133 77 142 131 142 333 328 310 189 186 147 117 155 204 161 99 108 283 217 131 268 110 295 285 263 46 139 246 
186 90 147 189 197 328 89 270 78 73 199 62 73 290 236 292 256 316 292 157 261 168 91 312 159 307 155 214 151 256 151 112 154 72 98 170 50 159 200 287 105 242 100 281 252 65 315 254 120 190 174 181 274 66 282 262 177 137 248 62 187 46 326 139 319 332 131 203 316 305 290 213 245 250 164 102 286 229 61 130 261 239 132 290 49 77 317 136 60 74 81 277 171 196 130 93 61 102 318 
327 331 72 50 216 63 213 290 105 211 232 203 315 71 279 306 228 121 48 158 301 188 174 241 51 56 162 216 63 169 205 232 181 335 304 327 225 268 238 281 204 219 314 300 109 269 218 126 172 300 324 94 59 101 138 65 44 138 219 227 246 64 253 69 261 189 256 54 277 146 233 53 262 97 328 189 99 314 115 287 323 309 115 211 77 89 134 130 202 306 95 326 306 180 296 138 104 201 110 
228 330 49 280 119 222 131 306 276 309 116 284 100 273 190 303 43 300 190 239 217 174 314 282 146 204 142 215 198 209 117 138 226 319 215 237 226 136 313 50 118 48 220 305 91 147 138 73 277 88 176 119 305 95 121 323 320 61 132 119 95 302 181 43 288 205 318 109 181 247 91 289 245 251 150 282 121 128 129 233 118 300 290 280 166 206 163 100 151 161 166 134 164 326 49 157 47 246 239 
185 123 48 275 215 47 256 94 198 304 211 270 237 110 299 103 43 195 109 124 255 262 68 42 76 241 170 195 157 213 301 122 261 303 131 223 185 67 148 208 268 200 46 311 254 327 117 173 294 315 76 217 57 81 97 114 154 225 260 51 59 118 68 239 147 288 129 93 225 114 310 322 106 313 221 295 118 130 324 167 303 189 142 86 100 245 109 250 110 236 197 110 51 139 134 190 177 294 101 
170 239 294 134 209 196 218 123 286 133 331 209 97 50 292 180 256 189 333 314 153 128 295 168 191 258 213 118 157 110 304 271 226 176 109 302 195 128 141 101 129 216 119 263 289 224 143 120 150 282 64 177 187 220 219 231 138 98 254 48 130 98 123 301 189 186 246 104 257 150 51 267 116 168 296 233 263 302 73 295 226 133 317 205 259 199 179 285 242 72 52 111 201 143 152 152 329 192 171 
249 232 255 164 280 110 311 44 320 69 202 314 76 245 263 105 53 218 322 276 148 255 298 76 256 244 212 320 77 56 296 291 191 138 240 329 147 182 261 312 326 46 98 143 119 176 218 137 97 172 85 83 179 137 50 132 111 287 232 296 93 138 76 63 242 311 317 139 252 155 290 273 323 152 286 102 121 250 173 273 317 335 122 119 91 272 303 89 218 141 147 293 163 55 171 178 154 277 232 
155 206 276 123 119 278 74 167 208 153 210 80 220 105 297 333 108 246 77 257 171 103 330 153 264 65 191 271 83 296 96 306 146 288 147 278 52 158 271 148 219 101 92 63 122 323 48 125 129 95 164 114 266 174 121 251 252 61 230 216 299 130 273 102 209 272 219 269 97 253 43 303 300 228 111 183 240 261 239 97 165 188 154 226 106 149 111 161 227 254 65 99 289 52 187 321 77 175 162 
135 312 108 214 266 226 129 211 88 120 64 72 195 311 302 144 130 47 308 88 313 220 213 304 165 111 170 256 179 158 227 203 224 122 42 128 221 261 256 250 56 332 227 108 85 86 108 116 289 242 235 266 57 166 204 296 165 98 137 89 218 173 49 218 255 164 217 277 45 60 235 242 138 116 43 183 251 297 294 212 191 128 268 50 66 86 256 160 291 138 250 146 330 66 194 210 234 147 236 
184 302 305 229 249 136 303 330 72 175 185 161 56 274 195 156 150 95 91 236 329 243 289 192 107 97 165 126 258 97 110 290 248 96 323 53 195 50 283 278 107 290 254 80 154 110 136 240 201 46 326 42 108 327 292 129 208 135 81 322 300 119 46 171 91 100 90 60 212 85 312 122 108 323 161 129 174 86 111 165 237 211 278 161 271 191 304 229 333 270 293 114 165 54 118 101 290 92 97 
68 294 327 176 97 50 230 106 283 104 179 152 167 257 282 243 92 327 250 57 235 67 185 269 145 291 259 202 171 107 291 285 167 189 207 144 334 115 275 193 329 271 139 86 191 43 232 310 191 261 238 175 210 218 85 155 230 149 146 129 204 56 241 120 73 256 217 127 81 162 229 315 297 277 186 230 73 119 293 311 122 83 91 223 195 281 218 320 134 85 181 194 161 299 136 119 171 151 325 
250 222 44 282 113 113 92 180 268 84 43 227 302 272 276 81 67 122 281 150 152 155 228 179 244 55 271 217 192 233 304 224 120 171 89 46 219 158 244 156 51 223 224 81 128 200 330 253 302 249 48 78 142 249 115 130 270 304 42 310 100 221 281 288 281 116 221 88 261 93 319 194 135 202 180 182 290 163 185 243 331 86 106 108 283 132 211 200 243 204 293 42 171 205 288 319 59 225 116 
132 116 143 193 304 230 52 204 74 304 44 150 45 311 51 61 252 174 80 281 220 304 230 124 233 46 204 256 52 99 104 330 105 150 185 110 87 291 235 181 301 230 263 233 286 89 114 213 137 226 135 249 308 120 269 126 299 312 318 298 282 197 293 315 111 94 313 150 66 153 226 203 114 325 172 65 163 80 136 238 129 188 310 110 84 91 103 215 127 172 273 124 81 238 244 109 52 145 275 
308 113 215 248 174 143 159 196 154 120 121 142 52 150 301 248 150 229 58 79 305 287 43 201 185 85 143 234 251 275 158 196 170 112 142 73 122 310 163 278 335 211 216 291 124 221 305 260 248 315 251 142 222 294 294 179 285 332 267 198 259 46 186 147 70 179 56 90 315 205 192 42 328 215 164 49 144 190 161 312 200 223 50 106 244 108 316 208 332 72 335 283 155 115 234 282 252 308 331 
100 103 261 213 319 307 298 228 195 64 52 162 158 89 225 286 82 268 235 175 75 334 66 264 293 223 125 51 250 78 109 334 253 118 179 71 308 196 54 249 63 72 195 125 89 208 311 170 181 186 264 292 104 295 237 223 273 153 56 195 100 156 144 295 221 75 209 151 147 105 320 160 330 190 109 333 48 121 248 70 275 99 91 110 139 267 281 94 215 273 248 135 98 78 105 317 293 220 269 
180 217 163 214 86 65 222 157 299 330 325 298 227 212 265 136 334 81 164 204 60 143 317 176 125 165 203 76 167 63 313 157 80 257 227 94 270 108 260 235 296 320 322 176 277 163 133 245 129 231 243 239 154 267 281 157 54 141 325 287 232 141 108 328 288 249 71 43 53 148 179 201 255 208 225 230 159 299 297 65 190 91 218 236 69 184 238 45 166 139 151 183 135 261 157 78 128 97 76 
237 122 171 113 194 172 132 166 284 221 259 118 115 234 262 257 57 282 134 226 240 205 162 269 105 228 208 258 265 190 82 58 280 129 326 167 317 260 313 328 207 230 218 124 153 65 141 252 249 208 333 254 144 269 218 136 331 148 332 177 134 79 163 309 137 135 334 254 98 185 330 194 203 257 272 174 219 162 64 173 332 154 144 139 107 203 48 140 135 237 130 51 226 216 197 127 111 77 105 
226 311 179 273 149 250 59 65 280 155 293 182 142 214 248 266 91 201 121 91 104 332 98 141 302 139 223 173 302 118 326 88 201 140 323 206 332 207 125 152 211 110 47 138 281 138 197 251 292 302 175 303 298 282 249 186 95 95 188 271 229 276 61 222 128 201 252 90 159 164 229 46 181 197 224 246 87 71 145 242 115 137 127 113 321 161 121 85 59 255 180 57 286 157 231 289 192 323 64 
153 107 223 234 331 189 330 107 181 177 208 220 221 104 277 142 68 87 52 63 144 200 45 143 196 232 122 299 208 69 217 238 249 274 129 333 124 68 303 327 286 95 220 259 229 316 241 267 240 281 83 245 55 284 297 108 123 250 283 163 244 174 251 274 50 166 95 137 172 179 300 292 105 126 228 221 143 299 123 229 166 137 260 256 150 227 253 330 238 114 228 316 211 117 219 55 323 84 111 
96 209 237 172 219 306 124 283 254 167 180 273 65 240 117 232 282 153 51 132 242 142 78 178 219 85 224 331 273 315 195 45 82 132 114 81 94 330 151 184 304 210 323 172 55 325 113 117 332 107 171 143 63 130 306 235 195 325 309 170 51 235 254 131 131 265 49 281 100 126 291 94 192 51 312 255 89 230 69 260 288 245 197 162 98 126 80 300 283 322 314 191 206 241 228 213 103 269 224 
135 213 181 88 57 174 83 287 249 306 327 56 277 147 320 321 53 154 137 196 293 74 271 283 222 305 119 79 154 161 203 227 143 42 46 125 159 193 114 331 107 292 136 111 328 210 140 89 96 233 142 166 198 185 46 68 239 139 218 111 203 289 159 176 230 276 237 122 126 67 248 224 230 148 328 218 272 196 103 191 130 238 311 243 44 171 142 212 314 282 193 223 200 210 120 131 260 61 176 
330 313 160 190 253 255 225 51 164 221 102 316 109 67 321 201 301 195 77 194 47 238 59 128 333 317 218 47 306 107 99 116 88 77 144 73 244 235 160 137 187 303 66 324 283 283 244 170 102 200 197 112 186 169 194 164 251 75 137 220 217 306 251 96 276 312 77 59 126 187 268 328 93 259 73 130 239 77 146 101 126 107 84 151 168 301 325 94 125 186 274 70 148 255 327 104 304 56 186 
45 87 141 69 43 56 328 117 325 219 204 234 61 231 270 49 115 85 179 95 88 129 120 150 334 273 169 42 51 240 153 116 330 127 197 294 68 112 69 309 59 114 234 318 256 219 258 223 131 269 216 175 131 295 244 197 178 333 120 213 248 312 312 218 252 319 201 293 148 185 255 45 88 48 257 138 89 286 109 319 326 295 68 224 128 145 273 83 211 302 272 117 207 179 313 128 328 302 68 
227 216 62 103 332 47 302 112 137 330 331 197 164 268 108 231 289 67 76 98 73 215 260 58 107 244 137 268 185 327 88 158 158 315 55 204 103 133 165 135 179 280 298 81 49 249 78 202 314 179 106 129 279 269 251 208 332 62 76 200 150 47 242 227 75 273 315 309 196 278 279 248 215 176 316 86 86 296 246 269 333 212 115 46 72 132 265 237 279 300 67 332 84 196 96 130 191 324 319 
79 279 283 164 335 286 44 82 176 260 328 142 306 149 109 165 79 277 232 256 239 61 237 180 318 166 149 286 162 217 328 125 258 141 109 53 107 173 153 220 197 246 82 306 149 240 235 72 310 281 92 310 132 332 114 262 62 154 55 80 289 170 65 323 296 54 174 122 121 201 130 70 197 287 69 204 183 237 268 262 305 311 250 132 119 43 95 184 209 215 67 158 167 206 175 159 165 89 310 
112 199 167 273 327 132 208 241 126 221 289 311 167 282 306 153 304 204 107 318 130 295 257 178 152 299 62 202 267 172 323 218 245 125 200 241 104 133 268 98 62 146 204 230 123 183 189 74 174 111 79 96 175 58 279 276 90 159 153 332 258 214 121 239 306 259 248 335 277 133 256 185 212 171 252 268 220 180 210 185 74 248 114 184 281 320 179 277 210 199 46 301 86 255 138 78 317 200 160 
243 323 214 261 191 317 131 234 186 277 324 280 95 170 262 319 193 299 314 264 234 48 137 172 326 46 167 291 214 268 100 142 164 330 98 249 103 83 191 116 123 292 146 186 139 116 244 303 185 99 225 103 200 73 240 114 306 138 318 75 139 225 255 196 108 248 297 271 227 43 158 275 137 155 103 283 223 122 246 297 122 191 145 288 123 131 177 241 60 273 209 279 203 115 44 61 306 101 296 
149 287 244 123 240 130 68 239 322 152 232 282 169 46 221 182 241 248 66 166 286 78 65 160 69 63 232 142 184 183 203 291 87 301 136 164 57 166 285 264 86 289 273 246 298 105 315 110 253 258 196 119 180 236 245 261 248 232 93 333 295 159 328 330 296 179 105 321 316 173 330 171 198 174 197 235 248 239 323 146 324 107 141 230 101 307 67 301 133 102 65 65 240 279 138 211 115 131 100 
167 143 113 73 49 272 42 195 94 123 173 147 284 279 258 316 200 102 330 280 188 197 244 160 247 330 109 333 282 334 72 146 148 250 213 311 297 197 49 266 325 330 170 296 262 269 106 62 174 192 268 236 113 335 53 254 145 107 154 58 290 280 107 239 106 236 330 74 202 299 328 106 268 82 279 286 183 135 277 321 258 146 163 300 230 288 129 109 189 164 303 107 76 305 181 206 276 55 133 
70 301 191 316 53 107 231 204 109 56 260 64 76 92 97 329 160 91 235 193 99 317 328 209 232 221 156 242 85 157 310 96 147 261 323 175 168 148 272 160 73 43 207 95 311 212 104 92 278 93 68 126 82 320 166 218 281 89 309 159 42 229 63 53 175 271 296 95 268 256 165 307 240 262 81 149 80 48 290 220 252 59 222 132 156 113 217 334 236 236 231 202 211 100 230 55 232 244 97 
135 167 234 119 329 106 129 291 295 143 59 277 231 294 311 286 258 116 320 332 320 123 243 229 86 240 200 288 125 98 186 66 221 206 192 244 124 231 273 185 47 186 266 310 176 233 60 123 309 288 57 158 209 154 324 54 136 147 247 102 210 189 253 204 119 267 42 149 99 315 195 320 228 157 331 295 190 214 163 194 67 84 192 285 88 132 329 323 230 104 326 48 176 87 107 201 81 148 137 
95 48 107 74 61 220 267 64 42 194 87 77 326 64 168 110 54 313 311 287 164 137 199 106 246 322 119 173 236 224 95 207 243 141 257 239 89 316 238 118 326 84 227 316 114 273 182 43 45 121 137 268 316 57 221 211 49 249 69 199 283 81 296 100 122 177 290 74 321 61 165 121 66 241 124 285 257 105 272 47 314 325 227 249 83 219 166 125 181 99 335 265 55 226 133 243 44 195 315 
311 278 206 137 247 162 270 64 48 154 125 258 329 252 191 74 144 330 290 188 287 91 279 157 68 105 63 158 168 248 317 84 282 321 325 48 47 108 313 169 243 253 67 89 174 66 269 203 307 191 48 219 107 66 211 163 93 136 224 144 224 155 186 205 245 70 184 326 261 235 140 207 321 235 234 241 142 180 310 201 307 91 234 297 293 133 307 117 148 129 274 97 189 154 247 181 69 194 111 
187 94 161 58 102 284 59 229 119 81 174 279 212 316 171 227 290 70 141 46 237 79 46 127 288 93 84 306 285 253 169 326 129 238 45 320 229 120 144 250 112 72 331 116 294 120 285 317 146 232 267 298 64 71 310 127 74 91 190 252 201 190 202 173 161 141 109 220 312 235 171 66 280 209 87 246 100 320 108 101 258 247 164 275 44 82 286 193 222 191 141 53 272 170 187 331 127 310 51 
203 208 112 95 63 227 94 275 50 50 226 206 166 188 136 320 131 57 112 227 136 291 203 172 84 250 283 52 333 240 305 215 314 116 294 309 310 57 333 188 277 135 68 272 138 214 201 82 285 325 229 235 332 239 58 262 48 95 46 107 140 256 128 313 279 120 323 331 205 140 209 221 43 260 147 274 47 154 277 197 64 210 62 262 169 123 291 183 189 83 222 113 330 324 170 94 201 196 129 
248 143 249 279 85 128 189 56 161 272 330 190 188 319 298 84 104 214 262 330 330 82 218 306 262 173 82 251 275 237 44 245 156 113 74 231 325 107 326 47 52 150 42 286 204 112 155 195 289 179 64 205 172 320 98 126 116 278 205 149 301 91 138 99 135 137 315 277 188 201 212 142 206 90 110 206 320 57 117 69 312 44 186 228 280 187 252 276 181 78 265 329 292 272 115 333 134 210 304 
189 210 309 159 223 252 47 198 274 247 103 140 144 263 141 238 193 221 307 52 136 300 212 233 119 135 327 223 164 64 63 63 288 80 93 72 102 306 273 314 214 50 305 177 43 53 213 226 227 262 156 231 88 62 302 207 66 235 206 278 212 293 335 304 324 164 72 335 89 171 192 301 299 312 213 226 182 56 167 98 101 146 224 208 50 74 110 228 331 175 101 304 231 317 64 103 113 170 71 
175 244 195 247 127 70 207 48 43 133 42 203 90 321 104 313 61 246 183 306 142 263 190 101 213 202 177 322 216 210 131 50 178 212 334 159 134 45 172 111 98 101 212 259 61 313 297 197 162 63 265 276 61 238 148 293 73 285 81 44 243 140 334 185 96 186 67 106 334 302 94 64 83 197 327 273 155 105 91 158 205 130 154 268 61 169 298 74 134 90 244 197 263 115 241 121 266 57 197 
135 257 159 106 106 110 175 151 50 167 248 223 296 178 105 147 102 164 249 44 123 132 206 117 307 212 171 100 89 214 237 59 159 279 206 245 222 49 69 314 306 154 267 184 311 140 246 94 78 196 316 55 320 67 194 333 197 131 201 274 58 213 163 312 254 134 164 181 320 83 170 279 289 112 262 113 195 307 186 254 208 249 84 45 199 147 274 199 170 137 193 253 128 129 173 256 204 269 146 
99 282 150 196 212 132 303 135 79 134 328 295 334 209 246 114 217 233 201 276 44 212 178 123 228 165 305 267 243 276 192 118 87 47 210 93 152 314 71 230 238 259 63 129 155 122 161 314 276 145 319 235 181 70 308 89 294 275 87 304 46 124 261 302 188 249 111 117 282 115 176 265 193 223 113 167 136 122 282 204 122 303 241 227 208 187 252 42 178 56 317 50 275 176 54 160 52 266 177 
297 177 153 327 239 224 187 86 77 88 305 225 229 330 142 153 76 132 205 266 325 125 260 251 247 237 278 267 317 112 176 326 278 304 193 309 249 86 101 66 153 126 130 162 288 68 59 267 128 129 305 119 226 120 63 213 291 265 301 120 186 329 136 44 334 228 320 172 271 49 317 186 146 52 149 99 82 331 266 118 290 64 292 165 63 130 217 278 151 244 119 245 49 110 226 67 59 112 143 
251 217 150 228 144 302 129 146 118 312 143 150 119 272 237 82 83 250 291 90 223 216 43 63 174 310 128 47 85 131 100 231 50 280 196 55 277 186 150 117 269 203 327 246 172 250 208 73 269 172 212 331 196 246 126 170 47 185 75 162 291 227 49 222 243 56 240 102 196 156 48 327 277 114 192 264 172 310 105 264 45 61 71 311 178 311 216 79 55 161 158 42 335 254 254 262 270 275 213 
194 305 314 220 188 260 258 283 156 223 288 255 308 305 133 192 255 91 95 179 310 220 154 219 119 161 295 268 180 288 322 159 50 151 85 161 156 282 64 167 277 131 245 162 74 148 275 286 43 281 231 159 53 242 306 189 215 51 43 56 285 233 317 157 272 185 245 232 102 103 284 245 314 204 258 141 152 82 66 240 65 286 60 303 180 53 322 168 179 179 147 69 142 332 181 82 317 316 193 
213 57 151 296 75 198 184 180 301 282 158 252 50 46 94 166 184 335 279 187 209 156 309 92 262 223 139 280 297 68 315 229 319 241 70 240 46 74 155 333 172 204 75 201 178 137 304 293 73 246 66 145 135 51 231 179 329 284 85 190 239 53 324 263 186 129 224 165 134 196 64 251 176 113 219 314 159 93 250 93 121 177 84 264 284 280 208 299 239 241 246 92 101 295 158 116 156 77 328 
297 293 312 197 71 125 206 226 71 177 228 147 142 136 150 138 283 173 218 98 116 78 170 216 102 192 201 321 264 280 206 225 232 218 119 117 269 135 310 258 116 183 194 150 335 122 193 84 248 264 176 235 218 127 127 301 56 133 277 271 183 169 313 265 279 256 116 49 75 145 330 289 333 58 177 221 183 200 65 65 167 66 254 93 218 194 246 299 179 63 229 102 272 159 68 67 145 252 163 
211 234 126 96 97 139 197 283 291 280 178 251 169 304 191 72 76 228 202 181 293 98 156 300 90 119 302 74 209 224 249 203 125 196 167 320 46 91 311 142 261 60 165 86 315 188 296 215 156 78 270 72 283 309 271 225 105 98 45 324 61 332 243 151 106 92 70 244 119 171 197 52 238 92 146 84 206 329 76 172 219 149 178 58 102 94 304 117 199 334 286 89 137 90 105 247 305 46 206 
318 134 137 144 257 57 216 195 65 98 45 220 264 307 89 301 282 302 327 55 60 126 111 326 139 280 282 276 278 228 272 208 269 305 81 234 45 326 202 284 280 218 140 119 143 216 68 141 325 306 106 316 172 168 116 197 70 56 50 163 244 122 307 169 256 66 324 182 119 68 133 52 124 146 154 159 295 193 137 65 91 146 120 313 115 310 147 49 255 286 128 197 232 231 157 140 330 129 296 
194 250 253 185 183 305 45 92 173 136 102 257 127 208 225 300 191 220 288 278 196 159 102 61 255 137 311 324 71 117 158 267 112 129 269 121 170 250 151 55 217 179 261 162 120 291 297 244 233 287 158 122 54 318 127 106 118 209 248 175 295 101 187 70 129 304 88 177 100 268 57 160 277 138 150 56 223 141 247 152 280 250 154 107 64 229 309 187 107 241 136 189 272 99 219 86 238 203 76 
91 177 109 98 165 128 263 157 211 86 285 61 320 286 73 242 140 245 163 274 56 313 192 65 272 86 330 222 99 329 219 115 48 53 248 229 110 149 164 126 59 169 73 282 283 106 309 299 307 280 234 201 67 300 44 333 264 66 52 269 305 88 129 321 192 214 170 239 182 266 256 61 89 89 89 216 154 113 96 224 144 313 157 211 55 147 81 244 315 101 104 241 277 146 222 85 229 300 219 
316 213 283 179 305 298 188 303 316 301 312 256 209 140 175 235 102 325 131 291 141 215 242 201 278 163 153 118 153 66 202 206 293 45 93 81 48 270 45 123 95 224 184 279 89 237 295 320 65 235 53 289 278 89 74 329 172 99 300 297 280 135 137 236 292 233 238 222 132 59 153 165 234 241 313 136 284 151 200 318 126 333 314 67 186 106 67 75 267 183 228 277 109 158 147 257 216 90 145 
327 271 106 241 163 154 230 142 68 220 202 175 112 227 247 117 287 166 48 113 68 291 180 278 110 184 62 117 271 233 282 212 231 335 283 44 279 155 324 271 236 119 55 166 91 304 289 307 90 270 193 221 192 45 325 215 202 219 108 239 257 182 98 287 302 242 232 297 145 182 192 161 162 333 301 152 142 101 62 212 326 122 139 113 226 73 334 76 75 80 174 257 86 113 125 193 113 92 228 
137 274 283 238 56 172 112 262 69 96 320 149 77 168 139 87 106 242 87 231 70 321 273 42 191 87 257 218 197 169 275 159 315 141 46 240 313 273 64 318 182 323 187 212 102 335 146 200 47 185 87 136 65 148 307 153 228 269 144 193 247 98 240 248 253 155 151 97 151 232 46 328 149 231 206 221 257 163 179 68 243 156 335 316 124 205 302 216 84 108 183 121 329 143 151 201 102 114 256 
127 185 59 280 62 197 221 76 241 115 135 159 205 103 263 287 121 105 183 132 324 206 124 296 224 64 94 249 56 130 298 95 178 78 167 158 76 269 318 75 194 225 178 298 311 59 51 89 221 198 147 121 164 326 226 54 94 42 226 183 324 187 108 252 249 302 141 214 63 155 204 266 94 310 57 294 287 96 111 335 183 248 245 53 208 291 215 329 62 166 332 101 139 287 281 237 274 214 263 
44 237 213 230 252 240 321 48 295 213 48 311 333 200 168 305 322 252 118 55 175 100 269 314 177 121 82 248 250 66 251 310 278 132 252 267 163 330 266 241 203 233 212 205 160 110 62 52 194 290 232 167 80 60 244 131 150 209 301 321 166 259 214 139 128 179 300 81 261 317 84 329 211 108 92 307 74 189 150 225 267 67 186 90 210 157 48 276 127 119 183 282 119 135 261 304 135 183 314 
189 293 145 68 137 155 228 267 63 196 90 75 125 171 250 127 114 56 329 44 309 214 193 127 155 323 329 160 80 166 232 179 66 294 170 280 136 298 276 98 127 135 175 315 226 147 107 160 104 306 178 313 326 134 70 111 176 100 75 57 50 221 54 244 258 218 285 150 314 68 325 155 137 79 206 259 181 295 120 289 84 93 45 167 186 61 204 94 133 162 225 162 132 103 327 142 138 304 50 
315 157 278 170 241 185 270 201 56 147 45 228 179 271 285 72 129 148 57 208 153 134 329 282 320 192 174 115 186 120 306 215 304 247 264 259 142 235 219 191 261 126 155 303 92 238 85 228 224 287 98 194 129 127 233 301 277 153 148 179 267 331 54 289 209 96 136 68 133 117 262 279 131 172 125 73 166 231 295 179 109 278 290 286 223 118 167 56 320 70 297 174 152 198 254 92 108 184 49 
267 124 249 248 153 211 132 195 108 170 175 323 323 67 65 91 277 106 86 285 139 51 190 112 64 151 171 218 258 86 55 180 146 218 199 157 319 68 115 69 85 99 159 294 115 333 102 105 109 155 334 69 274 312 144 227 309 153 297 134 128 77 189 303 57 208 282 176 255 212 131 326 71 327 163 272 173 190 70 155 245 140 283 305 255 265 74 177 261 165 146 267 288 288 322 237 96 161 69 
193 148 332 162 310 174 62 307 292 87 265 292 191 285 158 291 117 75 152 230 106 195 66 91 259 321 216 243 226 296 288 198 198 310 232 110 242 116 285 123 196 130 285 184 54 213 104 104 335 67 304 331 47 296 307 211 151 43 192 279 320 116 219 298 257 129 315 283 234 223 60 77 89 271 146 101 87 192 199 59 153 309 230 42 320 202 169 269 246 162 317 89 111 128 179 262 297 186 55 
160 283 326 170 321 309 306 285 210 64 132 220 251 203 93 251 179 173 181 93 239 64 149 299 55 121 328 56 202 158 114 324 78 142 140 124 311 150 313 295 333 213 145 58 191 152 303 135 145 290 141 73 235 247 76 93 161 306 61 67 203 265 285 131 293 171 169 293 91 154 172 309 189 85 116 228 245 246 46 191 145 97 165 110 77 251 110 279 206 242 183 116 219 77 147 44 265 301 77 
284 299 273 71 70 243 135 109 158 275 88 317 230 225 81 86 54 199 200 141 56 203 89 122 222 259 220 181 240 282 82 184 164 129 78 159 289 83 95 252 217 251 291 308 71 59 164 259 166 319 183 285 314 274 56 255 306 280 250 81 235 125 128 263 144 111 177 95 245 46 222 104 117 303 205 81 237 126 290 170 286 314 98 61 80 196 103 96 243 160 249 277 220 272 168 132 122 59 211 
299 52 69 156 65 220 325 86 140 136 129 316 123 102 65 239 151 235 228 189 131 212 74 271 119 129 81 162 101 297 80 112 245 313 332 199 96 225 319 237 177 119 283 124 146 324 67 305 49 91 177 53 143 239 171 334 146 146 195 204 257 129 311 313 143 251 241 221 229 165 45 207 57 172 187 178 63 179 230 182 226 89 63 310 250 197 93 242 113 59 321 138 274 78 141 226 164 165 141 
300 106 75 285 238 197 318 219 158 305 207 332 228 261 253 152 153 49 103 315 244 190 174 223 154 161 45 190 221 175 150 55 216 296 246 82 243 93 131 303 305 328 236 180 127 149 134 175 296 64 248 53 52 107 272 67 301 318 53 172 48 164 201 64 251 99 250 247 238 111 210 100 51 244 212 169 256 164 200 133 270 269 237 108 254 144 221 262 89 115 288 124 148 241 243 194 256 326 97 
147 181 150 228 151 294 47 84 270 237 116 124 267 108 121 325 287 230 248 84 256 225 329 306 243 179 50 288 289 287 95 235 194 158 260 78 173 83 252 243 159 222 207 231 287 162 294 241 296 158 89 281 191 291 148 286 167 198 238 89 113 105 326 47 188 197 263 145 256 250 216 174 132 198 221 318 146 81 194 122 82 76 311 171 269 316 297 94 259 256 267 236 258 267 60 131 144 160 158 
179 148 49 245 258 217 225 309 138 330 285 150 89 101 232 213 298 209 84 236 165 160 157 305 46 66 173 329 183 211 145 199 99 291 88 99 131 122 335 207 334 102 174 107 296 224 281 122 278 268 149 159 62 288 157 325 73 161 291 309 175 248 193 307 73 299 253 194 321 201 96 335 221 271 238 52 264 296 245 170 242 194 205 249 76 156 290 178 76 71 226 73 86 139 202 260 199 326 206 
239 137 60 332 193 139 103 268 197 112 244 277 179 90 249 263 64 214 51 134 82 332 292 219 59 332 228 257 222 312 177 331 308 257 53 68 42 113 279 48 318 125 102 178 122 213 213 245 164 143 129 222 131 137 90 242 181 296 137 329 80 47 195 201 219 272 112 195 216 72 279 161 287 118 230 168 201 207 241 232 82 314 255 333 224 318 281 152 238 224 76 302 110 164 55 134 129 263 194 
131 311 273 68 62 282 180 132 119 178 183 143 59 169 251 294 217 247 321 163 123 229 235 287 300 282 99 103 202 127 105 100 223 208 233 145 215 284 142 168 295 231 315 79 168 70 73 300 285 182 109 129 83 198 138 130 304 73 151 72 45 161 163 111 225 42 199 102 119 129 84 328 50 71 253 318 305 216 43 170 329 319 294 94 276 119 310 301 77 178 92 42 233 269 168 217 127 233 240 
150 203 309 119 121 147 255 293 219 100 96 136 280 135 187 53 52 112 280 122 58 235 319 317 45 48 240 315 117 47 277 326 70 168 208 318 128 168 177 99 188 225 227 151 130 261 136 149 218 333 151 101 262 157 232 294 219 130 172 326 123 179 89 220 102 191 267 196 74 65 209 254 204 247 178 213 236 269 98 229 187 99 128 170 200 233 203 143 303 259 123 90 259 257 185 310 327 46 249 
268 89 52 97 251 113 317 284 245 285 66 103 138 43 249 223 125 335 73 78 335 305 78 141 202 281 117 269 58 292 274 279 173 90 151 54 236 220 209 225 68 101 272 171 236 295 305 219 331 91 245 92 99 181 209 233 273 106 286 59 293 241 263 200 122 235 192 72 118 106 278 151 49 258 302 281 222 199 242 209 121 282 295 310 191 104 205 264 140 242 214 116 308 72 331 89 332 312 267 
313 193 79 72 254 294 317 101 106 152 244 269 222 144 229 273 222 121 167 281 192 260 183 45 269 201 328 70 61 282 83 276 130 69 232 177 71 116 319 167 191 172 329 294 302 177 295 224 136 50 304 83 125 192 174 47 282 294 54 322 273 314 219 87 224 164 128 319 200 66 122 62 160 325 250 251 159 271 124 106 214 226 52 191 131 90 192 140 67 64 117 295 204 189 84 99 59 100 49 
138 101 329 227 194 53 134 46 279 214 327 137 328 285 50 96 296 267 249 191 182 112 117 314 287 122 266 86 222 151 262 44 152 187 110 253 87 191 246 290 245 128 252 141 65 328 215 296 163 99 199 45 323 278 238 231 324 203 270 48 69 207 128 104 72 189 198 116 328 272 174 328 201 300 71 267 169 258 112 193 144 113 228 327 64 256 142 284 187 76 256 273 51 81 71 147 190 311 216 
215 54 138 236 310 218 312 136 83 206 160 104 263 208 92 173 193 318 153 166 224 238 163 259 319 116 203 148 222 261 233 62 335 245 184 118 335 256 244 166 179 82 61 187 79 321 46 153 109 231 220 309 202 195 176 164 201 184 83 159 275 88 268 69 316 216 178 266 288 163 86 210 288 263 266 124 280 95 160 290 119 64 62 42 132 330 218 131 94 88 234 262 201 189 48 152 134 133 329 
327 298 263 294 271 173 164 52 195 308 154 235 262 292 155 176 236 63 271 247 193 202 270 277 245 295 144 289 46 222 290 89 335 146 180 60 228 159 318 264 155 138 128 140 158 113 274 139 58 98 226 314 72 277 205 248 280 53 274 278 218 291 149 204 224 124 282 110 101 332 187 264 114 230 175 51 260 268 241 240 50 129 161 329 62 126 61 305 308 204 200 229 125 82 208 49 284 178 263 
332 51 327 80 124 269 297 264 80 57 114 299 167 115 157 61 158 326 252 291 274 304 138 290 126 64 57 186 54 143 43 294 230 62 233 115 171 293 106 141 89 89 72 68 318 223 103 253 114 133 198 89 128 226 322 101 158 230 282 169 130 244 308 245 68 153 302 84 161 213 122 325 272 318 116 289 304 110 131 207 149 225 43 273 259 331 309 69 101 322 235 214 231 71 257 197 182 164 92 
149 76 280 301 181 307 70 245 201 47 296 59 160 96 126 241 241 269 247 327 250 226 206 117 78 83 55 83 253 224 236 154 333 209 218 231 269 44 177 327 158 149 237 82 78 287 143 46 294 71 276 229 268 287 49 50 179 285 99 275 107 51 200 209 118 66 266 60 319 125 278 99 83 53 152 181 269 236 110 185 326 126 142 112 223 76 136 266 133 113 170 307 93 122 213 141 319 316 138 
284 239 246 286 180 83 179 75 287 315 64 162 127 254 272 135 313 263 312 170 304 320 115 321 272 244 111 70 105 62 283 226 175 97 250 124 176 257 320 212 116 167 279 98 174 71 197 292 76 130 285 292 290 132 238 241 101 213 292 53 148 206 157 231 287 166 48 310 310 244 126 297 59 197 95 203 95 323 277 279 63 151 261 195 89 261 286 107 210 132 288 291 53 105 93 82 52 288 75 
301 83 56 273 229 155 106 78 158 113 326 175 147 137 136 201 304 150 221 129 160 108 286 191 282 164 235 73 219 190 192 193 312 309 232 174 321 236 71 299 52 294 108 58 275 81 188 323 303 207 295 108 300 266 261 135 148 295 288 67 104 324 112 172 84 66 290 163 168 239 288 259 144 145 71 263 249 81 324 269 311 153 199 231 168 196 145 188 282 233 88 166 170 321 275 277 116 65 118 
82 73 158 97 114 86 215 179 207 173 138 152 46 297 45 179 173 242 106 182 299 183 249 146 291 323 261 75 96 140 161 294 54 76 96 58 62 285 174 156 179 209 281 162 264 236 100 103 188 156 127 50 327 100 320 328 57 262 177 104 137 215 53 188 301 307 236 329 49 63 175 171 110 289 86 166 316 87 244 313 60 55 202 223 198 270 292 173 53 311 204 281 97 197 54 154 307 77 256 
204 114 139 211 176 101 274 228 296 201 83 137 319 312 44 332 155 282 185 334 207 140 296 84 64 141 137 186 220 295 228 76 179 288 253 304 225 61 85 312 301 94 333 190 53 226 259 61 71 321 69 294 333 137 260 144 324 51 335 205 222 103 59 127 233 241 71 158 72 42 322 294 195 127 45 92 272 248 44 303 107 72 290 239 263 171 288 288 298 101 216 164 233 62 269 91 316 299 95 
146 269 330 172 78 92 156 198 98 228 249 250 180 78 85 177 180 240 147 280 127 42 183 257 276 291 282 281 266 318 216 252 321 160 45 199 265 236 81 284 246 186 172 77 178 59 92 248 79 44 117 174 208 307 93 168 61 271 135 222 46 285 107 152 286 259 196 305 200 197 161 232 100 193 268 96 199 226 298 119 113 148 281 291 305 46 100 227 326 124 134 228 214 151 292 298 284 275 122 
52 194 155 109 272 132 261 158 194 173 111 226 270 112 244 187 265 249 238 245 297 326 220 191 94 58 166 247 157 133 150 195 212 236 312 296 321 92 54 45 210 162 121 58 332 177 127 118 271 137 172 320 84 309 127 205 132 233 334 81 221 81 117 157 154 212 330 226 146 190 109 90 47 288 123 282 53 115 279 321 228 283 178 315 161 284 126 334 263 324 227 263 84 245 217 196 238 116 187 
84 109 47 317 148 230 325 169 307 206 216 271 309 275 68 177 131 225 260 173 106 201 320 80 291 91 180 110 163 249 185 204 74 125 62 86 332 90 287 196 145 235 185 230 141 53 263 113 138 91 249 165 82 149 103 121 129 121 192 68 331 244 148 267 304 226 46 233 180 143 274 298 170 179 47 63 298 145 278 298 212 60 132 104 222 106 121 42 241 216 162 275 49 291 111 179 71 51 241 
100 182 136 171 323 210 61 98 99 203 290 193 292 218 231 269 251 128 131 154 275 113 242 104 299 150 146 263 167 183 50 196 147 120 308 107 167 160 204 235 184 149 206 331 157 144 121 279 222 297 53 248 154 183 74 65 127 229 319 151 262 314 144 47 188 165 210 290 176 227 327 87 129 259 74 187 111 98 299 71 81 148 56 189 181 319 182 114 91 55 100 153 171 206 186 123 325 184 257 
158 290 97 155 302 116 323 165 274 152 311 139 201 76 290 143 189 162 185 269 193 115 51 152 142 266 70 247 269 148 299 284 219 43 272 145 221 321 119 222 116 114 281 306 316 181 89 169 86 108 321 48 217 173 72 182 205 190 187 170 229 257 326 216 232 194 228 147 92 274 294 212 97 333 295 325 92 287 237 127 98 321 207 120 157 73 90 256 110 63 291 125 226 153 69 198 173 319 96 
152 170 329 124 162 227 286 149 289 250 250 80 182 120 134 198 188 118 313 311 229 135 52 318 155 166 50 175 171 234 72 78 321 278 246 71 323 169 217 53 115 201 217 258 131 79 81 153 96 234 317 95 317 187 55 86 234 252 133 106 85 128 141 254 47 272 155 108 285 97 262 206 206 108 91 200 155 194 127 110 123 79 65 51 182 145 123 254 103 311 75 298 323 102 64 161 203 301 314 
329 127 159 147 48 335 133 60 71 201 153 126 305 263 220 201 212 54 106 248 137 46 147 262 188 264 166 305 310 332 63 175 253 311 265 212 128 282 176 258 288 120 154 275 137 334 260 214 122 171 113 99 52 194 315 304 163 95 305 204 189 95 219 67 60 187 140 254 50 262 296 221 86 304 236 202 248 183 233 68 57 168 292 164 302 126 220 44 173 227 130 269 232 93 42 258 234 44 312 
66 152 179 102 127 287 298 332 148 146 207 42 178 259 139 263 48 248 258 286 201 312 116 83 178 62 111 330 240 48 105 239 106 255 266 271 145 49 191 57 267 262 83 44 153 71 268 183 125 331 265 110 237 320 161 234 242 199 127 146 191 232 222 187 263 87 257 307 253 170 106 255 122 216 198 331 315 274 215 289 230 312 151 145 193 240 236 334 207 215 100 157 261 328 311 73 289 166 214 
171 237 77 122 144 203 254 246 250 50 163 151 45 217 264 171 285 53 57 304 188 269 312 133 311 270 241 57 58 144 303 179 278 145 333 218 146 170 79 307 190 179 331 181 282 126 193 293 292 197 194 229 299 244 145 175 131 278 78 113 223 104 86 47 324 261 182 303 67 263 183 176 301 290 319 306 65 309 147 332 251 91 46 96 208 264 161 319 48 150 150 315 170 307 317 144 327 89 296 
187 93 78 243 109 96 258 84 327 254 154 81 247 221 185 257 214 153 55 126 211 42 174 190 102 305 83 105 218 122 303 322 247 61 60 115 317 48 331 155 102 214 84 155 163 157 149 305 230 134 248 142 226 282 286 59 183 101 254 70 295 210 317 162 123 320 274 147 165 153 268 307 301 112 250 247 297 333 209 86 283 126 49 85 294 54 230 164 307 153 303 125 84 322 261 268 293 149 114 
304 148 301 117 112 161 90 132 332 311 122 106 48 145 184 319 140 194 121 306 312 131 97 264 254 216 240 73 198 142 220 117 298 209 91 270 42 74 320 245 132 302 255 268 330 103 126 151 294 300 92 328 300 277 266 279 211 96 314 248 245 139 112 173 69 272 164 257 99 307 93 271 266 190 294 52 311 79 199 45 255 219 171 212 314 255 191 132 63 185 332 44 52 62 258 168 294 242 149 
113 90 335 224 208 140 225 254 119 82 192 116 181 93 316 159 296 234 226 48 195 238 333 108 295 157 99 266 196 116 167 128 132 102 121 142 76 322 314 179 161 309 220 261 247 80 214 288 113 222 118 308 296 56 240 50 61 312 315 280 213 190 264 215 151 213 332 104 103 167 110 250 322 150 111 111 199 210 242 71 203 267 106 160 315 322 69 272 86 97 300 99 223 193 277 204 217 325 174 
316 86 61 232 86 70 60 59 213 198 142 308 63 303 322 269 52 125 147 232 192 223 147 267 190 93 304 117 236 74 172 276 50 295 164 189 217 207 57 191 73 159 275 301 100 144 328 292 273 235 313 292 250 241 261 198 87 55 152 107 295 294 327 180 105 169 275 163 267 112 91 77 270 290 193 119 47 278 50 110 258 189 334 64 189 66 144 191 263 46 290 283 99 103 47 188 210 185 52 
212 49 335 289 285 179 282 270 232 197 321 129 306 299 86 328 251 158 125 315 216 147 185 165 234 250 277 177 257 177 143 99 83 284 58 125 84 274 251 199 71 150 334 282 191 182 126 53 122 90 118 245 333 241 182 147 120 203 86 322 118 221 137 209 118 201 329 102 300 255 93 280 257 231 134 54 205 230 51 216 210 323 89 137 237 300 253 60 136 136 242 129 306 317 171 55 78 231 240 
100 82 307 154 315 212 43 257 156 235 98 105 206 42 207 236 290 111 267 312 250 138 119 220 197 222 95 275 103 110 246 321 277 247 159 240 125 116 126 188 110 124 273 101 227 302 271 85 271 94 194 165 196 283 94 78 119 124 310 204 135 125 280 162 328 202 212 314 52 106 222 77 256 43 172 191 97 77 322 332 62 200 216 251 169 284 270 218 152 282 327 215 139 286 50 69 203 326 172 
250 186 58 180 42 65 253 125 258 237 42 171 146 329 262 280 310 79 288 164 180 269 199 208 270 275 309 73 290 159 311 43 81 204 97 225 169 309 59 328 98 149 290 269 131 281 311 96 103 306 158 67 142 271 295 72 242 51 77 96 294 98 70 177 182 147 89 184 326 88 140 286 226 203 176 296 248 268 278 205 138 230 325 221 142 217 195 143 321 329 178 77 263 200 194 258 65 257 178 
70 81 283 86 332 52 118 211 280 132 144 210 77 272 206 322 200 134 153 176 118 131 111 328 222 165 208 158 108 310 96 325 167 120 266 270 294 322 268 194 92 131 100 189 284 66 314 143 303 201 87 147 276 226 209 86 227 92 254 62 325 205 258 237 333 56 92 138 243 63 161 173 217 59 102 90 302 116 110 217 267 97 174 81 49 140 55 335 190 108 164 256 303 240 147 320 187 215 287 
56 62 222 254 255 101 334 103 119 302 239 77 75 126 109 239 306 150 229 90 170 107 189 45 132 244 68 306 134 178 120 293 313 119 193 166 318 126 118 47 143 84 221 177 270 77 332 69 221 65 72 285 196 268 175 237 296 135 246 224 52 114 144 105 250 302 271 172 302 223 328 156 90 118 56 93 323 49 104 210 278 245 201 176 221 107 273 74 293 233 46 287 52 316 331 319 172 314 186 
265 232 190 328 297 109 261 55 326 55 242 313 104 163 45 317 111 249 80 205 325 131 235 229 335 253 167 83 317 132 72 143 110 333 119 63 216 93 130 120 109 313 189 207 65 315 239 117 189 82 240 275 250 199 267 135 141 144 203 263 164 266 299 238 240 59 294 305 183 48 333 45 158 295 119 182 123 117 54 225 96 299 190 115 112 93 244 168 245 288 241 180 101 186 220 159 240 318 116 
161 321 309 199 256 109 248 182 253 248 158 159 275 334 104 147 73 191 329 294 300 209 324 98 156 305 156 293 228 193 129 326 203 290 124 97 297 44 135 51 136 260 239 104 214 271 69 63 305 111 196 69 257 94 191 234 318 215 95 68 312 223 96 194 172 136 274 267 51 270 167 306 237 77 58 136 331 332 294 160 53 75 335 157 108 296 266 203 308 120 98 328 217 202 268 199 94 82 131 
202 331 280 271 250 316 221 285 262 58 290 271 127 265 273 186 237 49 236 185 176 324 293 48 198 333 70 63 228 100 152 330 197 51 147 112 198 127 265 49 196 316 253 119 215 93 135 243 205 219 288 179 190 78 87 82 197 217 102 245 201 128 171 74 42 94 63 329 44 222 250 144 111 177 77 202 276 128 228 207 199 165 90 169 286 106 181 48 67 193 323 220 331 219 301 148 63 298 75 
97 135 105 155 249 311 179 248 307 325 152 227 294 306 227 125 56 103 190 333 70 224 317 237 312 112 85 182 333 241 147 301 97 100 264 240 293 145 52 303 93 217 79 89 193 213 157 143 205 139 215 289 283 282 235 112 214 243 266 193 202 49 163 309 217 315 273 165 105 240 244 251 58 290 215 317 85 62 205 282 239 64 165 319 213 69 73 150 79 247 250 246 300 60 142 326 218 306 77 
139 166 242 101 142 282 137 250 72 103 160 59 267 59 113 263 144 303 139 269 274 204 78 219 80 191 71 248 326 299 161 200 67 296 222 301 254 235 125 106 263 150 224 174 296 134 119 138 305 178 191 297 50 279 199 133 307 88 122 214 325 211 314 229 110 108 174 234 293 279 170 265 291 323 296 305 203 88 212 80 289 297 60 52 98 135 325 244 295 294 175 246 247 143 323 307 146 294 175 
87 193 331 217 132 135 61 258 232 321 84 231 57 315 115 89 252 67 201 148 315 43 290 115 281 57 130 174 222 125 140 248 174 63 129 77 257 215 226 209 208 116 324 67 135 142 241 276 141 100 164 188 320 207 49 119 170 244 191 333 162 307 191 205 139 216 326 152 90 139 245 328 81 323 82 176 218 49 120 248 187 251 283 168 119 281 84 101 51 296 218 256 306 322 312 235 232 284 62 
284 117 117 197 290 175 66 135 295 283 61 192 165 292 318 76 157 50 148 224 84 274 171 84 121 322 246 316 45 327 101 142 158 152 320 247 330 114 323 42 53 275 275 210 299 86 144 110 228 285 269 225 331 325 214 234 158 139 247 58 147 290 264 124 99 137 187 196 286 132 327 117 232 110 213 151 94 155 93 187 186 108 211 64 146 304 67 103 123 219 189 64 120 173 291 214 116 250 134 
199 130 192 286 93 198 231 241 186 277 333 117 118 133 323 88 210 278 222 292 285 117 133 194 176 211 233 274 279 244 75 271 315 159 328 103 88 42 328 98 148 188 235 210 283 333 98 298 202 327 221 52 48 245 251 101 325 322 136 268 329 253 128 242 261 80 119 232 281 309 167 262 198 291 57 273 187 171 200 321 45 58 89 315 268 317 55 273 209 144 50 49 89 49 198 266 86 85 100 
257 58 238 96 287 159 225 46 143 227 100 293 75 150 276 198 327 201 42 305 207 335 330 165 48 173 155 307 233 86 181 51 127 308 270 111 172 49 189 203 260 327 122 172 300 244 161 246 123 288 275 74 217 98 306 265 153 268 78 288 311 164 161 284 126 274 101 285 145 267 171 228 224 257 268 136 302 274 148 61 263 69 166 324 43 289 168 290 290 257 210 76 45 153 195 87 286 87 203 
120 153 207 82 193 317 254 275 208 181 91 142 293 277 241 308 224 268 133 255 254 162 111 224 160 142 240 134 84 278 156 303 53 108 126 233 163 248 238 203 327 53 87 179 118 220 67 307 195 263 278 104 301 261 131 273 115 124 248 151 222 246 175 154 221 200 316 136 117 91 274 115 109 312 261 329 96 321 100 66 61 295 97 83 221 213 304 193 183 59 86 100 176 212 113 100 246 130 249 
268 327 252 113 100 311 276 88 72 195 158 155 102 314 136 202 189 95 325 307 302 143 275 129 78 260 295 216 86 42 334 231 303 254 140 264 90 162 263 145 119 164 203 53 321 100 270 119 71 183 334 144 333 331 228 277 102 193 200 152 191 49 328 315 322 104 298 174 206 332 154 83 88 173 277 321 256 275 289 313 76 48 45 202 314 116 220 331 138 63 265 180 69 199 229 209 322 265 86 
48 274 146 244 149 293 42 82 49 296 189 197 141 176 317 184 315 165 200 223 156 234 114 304 227 125 147 226 247 93 131 130 231 127 316 45 118 223 305 270 206 271 314 124 192 269 327 77 167 106 48 193 131 253 318 43 115 202 187 228 105 278 294 59 144 208 212 255 120 87 104 333 300 308 231 184 293 90 185 270 275 62 245 78 271 246 267 102 212 280 152 262 290 81 58 291 123 111 54 
201 186 125 44 310 251 265 186 295 276 288 317 145 46 281 325 212 223 266 298 156 173 233 140 163 174 177 112 110 57 285 139 213 276 283 56 233 168 301 233 97 223 174 286 89 282 292 61 64 126 99 205 214 62 232 54 70 231 279 256 44 113 192 167 47 306 110 70 90 96 303 260 71 119 318 157 318 191 52 235 213 46 97 101 196 110 154 168 218 275 292 181 234 304 45 77 277 63 143 
247 315 135 165 257 206 62 171 314 286 192 162 236 79 136 104 121 220 77 200 322 244 181 278 80 252 199 57 203 154 176 255 291 102 183 234 290 79 159 172 118 159 45 314 166 216 292 44 311 129 187 277 273 66 47 199 139 322 255 151 100 69 128 291 248 288 307 298 285 84 179 281 315 222 265 258 72 127 71 221 129 313 213 53 197 286 194 97 168 310 325 301 330 106 110 287 52 308 287 
122 219 309 111 60 69 325 227 146 263 318 241 163 145 136 50 162 81 50 122 120 129 234 109 167 65 177 50 119 113 229 312 271 86 107 142 222 305 248 250 182 292 107 213 200 155 205 210 303 174 203 114 74 196 177 196 182 72 316 101 148 275 185 126 112 93 105 252 224 95 244 153 122 216 83 158 160 52 289 121 283 210 271 115 247 242 156 142 169 178 224 48 119 297 166 231 53 255 330 
162 61 166 178 111 68 223 264 334 136 313 91 128 98 214 58 130 43 55 180 208 163 207 206 327 129 199 281 65 106 284 180 296 127 90 120 335 70 306 198 204 119 130 75 289 175 153 214 228 236 326 83 100 150 164 75 288 112 264 178 118 123 266 85 100 262 210 44 135 262 132 94 284 206 210 135 323 85 94 311 84 75 167 117 68 197 101 56 328 196 291 49 115 250 251 305 93 170 300 
103 324 297 195 66 323 149 107 287 119 310 206 252 77 229 179 199 260 185 94 74 242 161 310 131 81 103 101 310 300 305 320 249 176 152 232 163 265 237 119 105 134 293 201 170 327 296 264 290 171 50 239 172 150 187 217 88 52 313 231 310 240 243 140 290 43 284 57 105 115 64 190 251 247 91 318 162 133 203 79 73 73 132 254 87 236 86 221 239 175 205 277 45 196 202 58 102 94 111 
200 210 262 244 100 275 317 58 311 204 86 325 182 70 222 104 145 242 51 204 151 252 182 280 271 261 106 186 309 216 218 229 118 307 113 269 266 65 79 148 196 208 63 324 274 47 110 201 288 325 197 245 129 101 213 212 53 224 132 151 82 165 281 87 249 78 47 192 268 275 239 132 225 73 165 287 103 52 300 260 305 280 213 267 54 259 122 80 153 309 45 318 247 271 319 202 120 182 210 
257 139 180 92 287 56 277 151 90 322 253 275 251 189 198 130 299 116 224 63 308 53 183 131 192 63 176 57 160 215 253 61 254 94 247 67 146 305 214 246 120 133 328 134 42 218 269 333 160 259 284 43 284 219 199 309 158 334 152 217 216 291 43 190 324 233 131 305 283 86 43 200 122 285 153 258 63 321 79 121 177 315 180 314 304 311 269 108 230 230 84 84 305 152 151 209 260 280 116 
49 263 85 126 92 218 187 211 257 208 101 221 298 332 272 151 148 77 117 241 319 210 305 221 263 231 54 121 81 232 85 100 312 101 208 142 90 211 42 169 231 83 116 99 311 127 58 49 111 63 276 110 193 143 119 105 137 281 191 233 183 225 298 156 327 273 330 111 265 226 75 59 237 150 334 255 232 297 293 222 318 322 324 315 218 288 111 202 141 262 115 141 149 278 118 159 242 78 131 
89 187 229 108 85 45 67 74 42 62 213 227 152 150 143 88 55 195 292 69 190 128 62 225 48 49 245 129 160 294 180 279 97 235 269 276 202 288 194 227 113 157 51 123 163 166 203 59 144 308 283 74 324 229 108 167 333 124 222 296 222 167 44 230 251 238 155 335 298 165 328 51 200 104 256 155 274 325 140 265 184 83 233 95 74 128 157 116 108 247 228 99 240 250 69 134 93 272 99 
331 143 299 296 187 49 224 285 228 172 295 317 92 61 119 302 146 124 78 77 192 129 222 228 187 95 217 43 239 276 180 127 224 296 307 59 121 64 229 159 135 281 316 267 67 233 227 194 107 321 74 244 186 71 96 271 216 324 151 237 177 319 136 162 130 51 54 195 111 234 320 272 142 211 49 114 72 82 140 261 330 125 199 263 178 54 65 58 318 224 145 333 241 79 161 99 213 210 55 
134 141 59 307 62 247 94 312 144 276 150 61 187 69 79 144 85 298 156 169 255 60 283 299 180 131 198 259 211 71 310 300 165 245 199 249 88 333 211 166 192 179 87 168 242 308 49 142 93 83 126 324 300 256 149 240 77 77 214 279 262 232 223 116 335 317 263 266 137 172 325 260 145 154 255 223 142 211 73 302 242 51 180 239 142 223 152 58 62 277 109 242 236 71 48 98 81 194 115 
219 210 305 266 259 322 223 93 237 162 245 100 259 88 77 310 140 290 99 183 254 146 149 117 122 249 158 197 259 68 240 220 245 97 282 174 80 160 216 70 282 207 204 306 272 205 163 201 156 108 153 230 186 102 229 195 222 312 72 264 328 216 68 100 61 259 260 283 75 327 225 299 331 288 224 294 261 154 94 142 209 297 297 133 49 290 299 235 52 91 188 182 174 153 249 169 62 112 151 
254 309 291 151 184 153 313 143 326 179 84 100 64 122 116 283 283 48 329 243 251 93 242 286 85 212 284 329 192 249 123 157 247 242 137 154 107 325 190 275 274 71 199 171 177 262 269 201 43 100 314 182 137 113 327 64 148 328 132 68 241 285 165 260 192 91 270 179 277 286 178 126 323 174 92 153 93 282 47 193 317 106 213 68 284 287 259 95 189 43 131 232 189 322 172 305 198 54 190 
325 305 176 162 214 163 121 104 240 136 245 183 126 149 108 127 252 244 80 84 278 172 115 103 63 60 279 317 182 146 310 334 150 218 304 297 90 88 247 43 215 134 248 157 50 232 155 212 279 89 111 62 109 158 218 59 104 130 165 268 234 256 166 97 92 162 212 229 46 191 175 122 179 92 184 120 170 176 280 147 139 309 129 219 119 223 323 331 227 78 183 96 129 198 246 79 259 247 67 
118 157 129 97 311 122 244 301 328 314 195 228 117 330 234 289 124 300 83 281 209 324 132 198 220 120 168 139 161 91 305 257 70 334 81 78 267 81 224 186 216 169 117 155 124 299 303 196 286 104 217 54 325 202 214 243 286 237 240 165 198 60 260 215 137 239 104 301 123 88 242 77 69 85 105 253 225 49 87 290 304 289 293 42 294 227 73 173 317 82 78 199 126 264 162 52 163 334 195 
73 313 251 335 276 99 248 258 238 316 90 271 164 262 83 285 226 215 276 171 306 282 158 324 257 126 70 45 182 72 192 203 289 280 84 50 286 303 305 102 130 192 201 83 89 58 180 130 248 160 62 72 57 73 134 162 202 137 72 67 142 322 316 231 272 167 59 123 106 199 108 273 66 46 104 317 102 287 147 48 77 234 93 321 162 279 158 318 201 101 270 216 42 147 218 240 319 168 323 
210 112 110 70 113 82 156 51 310 330 128 158 58 93 110 152 139 323 233 103 112 81 122 178 305 267 170 151 124 305 189 106 275 156 305 275 207 303 319 128 60 186 45 144 64 258 216 231 208 273 99 319 327 159 173 134 135 61 82 149 113 115 136 53 217 287 255 324 277 275 68 69 323 241 265 192 328 192 123 317 260 241 283 162 100 279 67 176 219 91 242 82 319 177 262 189 220 213 258 
183 135 168 271 164 56 219 265 300 115 299 261 176 45 111 98 186 57 266 127 258 283 46 76 188 65 230 183 50 318 131 110 138 66 237 64 83 75 199 167 332 67 192 73 294 313 259 247 271 140 274 330 329 67 103 134 273 163 105 317 186 56 168 275 65 261 323 53 321 327 55 42 330 305 238 204 79 148 134 99 293 176 120 146 117 154 261 167 191 313 253 42 177 141 83 281 160 74 110 
257 296 136 312 175 94 113 226 100 61 254 236 227 310 245 82 171 69 75 260 274 246 233 67 235 323 69 127 196 76 233 174 270 279 280 246 104 325 283 220 118 306 277 270 297 160 123 125 174 280 231 221 262 202 57 283 304 167 94 49 301 77 201 166 328 81 166 210 146 276 182 105 53 104 123 191 57 106 107 64 84 222 234 302 259 300 174 281 111 50 90 250 239 314 230 198 190 308 96 
193 136 267 152 122 157 288 136 256 86 322 111 309 261 221 300 188 77 78 77 68 138 310 235 310 187 241 160 255 229 228 308 137 286 235 231 146 230 216 171 250 295 125 221 235 212 247 155 53 330 116 133 324 252 182 243 56 111 213 59 120 125 90 331 313 142 114 123 222 101 70 229 286 250 190 300 216 191 242 97 266 269 316 54 136 242 206 246 209 59 180 304 330 122 111 60 173 267 314 
135 268 53 294 142 299 188 330 252 73 325 87 256 110 109 286 182 227 165 302 200 292 322 140 192 256 65 319 286 300 76 143 190 291 79 258 288 258 318 112 48 170 149 246 318 131 285 158 312 102 107 306 187 320 95 248 51 265 228 93 155 296 162 56 118 333 224 316 288 331 158 304 266 316 113 217 335 322 292 332 176 154 156 208 273 48 127 116 143 172 189 117 247 118 264 285 111 285 190 
42 204 73 57 249 238 144 238 80 241 311 166 263 240 198 295 209 329 255 97 263 184 175 120 135 90 107 96 71 216 153 187 154 60 230 176 168 89 309 95 151 63 109 316 125 185 164 187 207 104 232 329 213 91 211 192 153 238 211 202 120 149 110 268 163 136 190 171 65 93 166 189 260 110 216 85 166 161 309 113 45 142 295 105 287 119 201 312 279 168 170 141 331 226 179 218 81 137 124 
74 231 190 66 254 205 93 177 180 201 225 259 245 256 141 203 48 185 137 206 252 135 92 245 58 168 246 44 253 238 160 267 134 150 335 210 238 46 112 55 107 231 185 103 147 162 326 76 217 139 212 297 84 60 318 274 129 163 317 329 190 288 289 193 278 184 125 84 66 53 121 133 203 299 207 205 157 233 187 120 88 239 165 231 200 306 286 212 77 279 53 283 274 285 276 285 197 289 189 
171 277 63 195 278 110 154 208 188 159 263 58 308 314 173 175 203 111 106 253 74 267 99 285 334 217 273 155 107 141 176 71 242 103 146 79 202 196 206 306 139 69 204 260 249 291 262 277 121 79 239 199 73 291 247 98 199 270 82 241 195 287 323 241 316 115 183 228 80 295 139 207 100 256 241 197 335 224 236 334 302 100 113 62 80 251 190 300 137 334 229 226 234 140 191 171 154 296 317 
66 310 214 248 272 146 77 207 299 163 286 326 64 216 307 150 332 138 198 58 219 149 101 49 214 297 66 171 279 219 70 176 317 177 245 311 51 309 225 226 213 275 123 200 135 172 137 122 179 268 129 111 293 190 66 132 299 219 56 245 306 128 334 268 173 95 66 239 282 202 60 335 321 260 208 293 80 218 46 201 202 209 125 95 146 251 269 151 271 223 184 126 168 175 247 318 332 219 320 
151 304 167 173 272 84 62 242 207 65 63 224 96 240 241 53 206 165 143 329 310 147 269 179 163 303 233 281 128 96 46 100 51 244 233 246 305 264 140 140 128 186 174 302 46 148 143 157 234 193 115 181 59 92 139 170 271 149 185 215 81 87 42 78 237 274 145 314 82 297 269 194 317 264 277 314 235 278 294 67 285 140 129 61 286 127 214 183 119 227 188 122 51 169 280 126 62 176 82 
222 75 146 310 216 280 187 79 78 116 274 169 326 85 252 154 70 166 74 266 218 283 86 249 238 197 330 308 199 186 72 73 328 136 241 214 235 188 205 178 248 75 195 323 299 104 95 117 178 227 305 236 64 74 198 221 79 167 89 217 333 300 282 128 81 246 65 101 66 233 289 139 85 64 65 329 131 113 158 271 64 328 189 315 179 110 195 101 206 299 289 293 82 280 314 264 135 139 134 
178 221 42 186 96 271 111 320 304 232 62 118 265 47 270 50 300 219 201 97 320 138 177 81 295 262 289 282 53 265 160 174 313 279 169 138 190 73 52 51 265 190 247 281 156 263 299 222 78 220 179 208 143 332 76 125 206 272 271 97 92 138 142 88 92 141 152 135 252 94 146 260 160 153 74 247 197 155 286 122 319 55 326 203 126 68 210 135 229 75 192 114 77 146 311 276 252 163 161 
209 280 327 163 146 128 163 43 138 142 208 96 170 150 57 116 69 270 236 42 240 43 167 175 330 165 122 117 296 236 170 258 166 92 228 246 49 133 240 84 117 72 322 256 52 257 102 329 128 240 148 287 291 136 62 94 195 43 327 177 230 317 335 230 147 107 142 104 159 173 55 179 97 211 132 245 111 321 152 55 208 295 159 181 75 335 128 168 108 153 195 276 307 222 244 47 69 293 116 
241 43 307 219 303 193 152 289 209 144 296 89 171 286 276 307 56 112 210 92 183 193 330 313 222 132 81 262 315 292 175 230 251 297 256 273 212 131 109 163 285 43 305 195 237 276 138 256 260 164 168 192 268 50 232 278 164 179 196 111 325 120 300 108 306 117 70 269 246 269 278 303 99 90 133 250 319 130 114 234 153 91 249 294 117 72 166 118 246 296 236 80 141 316 317 181 44 74 180 
234 71 153 113 242 153 313 187 248 207 299 176 204 127 83 234 105 64 265 74 49 126 318 225 188 166 244 335 102 270 197 198 248 257 89 97 104 277 221 82 289 305 233 117 290 226 84 288 268 193 89 91 130 126 71 88 299 239 80 153 279 288 127 253 209 220 160 128 67 295 196 108 131 313 197 167 322 299 234 209 199 160 222 150 152 134 195 134 196 218 153 298 289 199 294 241 69 146 330 
222 260 107 176 136 174 143 47 138 322 164 291 150 279 228 73 216 70 114 197 145 333 306 137 105 275 101 128 279 47 269 43 271 302 329 64 153 42 128 291 87 125 169 189 327 86 146 163 104 132 266 241 283 231 165 335 118 112 191 333 94 285 258 121 144 218 209 312 180 327 247 280 245 236 202 115 163 59 250 120 198 325 197 185 323 239 176 213 88 132 181 127 114 151 255 91 152 58 274 
49 194 96 318 206 98 226 253 58 158 233 333 120 141 44 335 194 97 202 203 49 255 81 313 323 53 86 267 298 314 64 134 133 46 130 204 116 158 175 94 49 151 168 51 221 307 321 197 52 116 178 269 140 95 188 76 91 146 235 81 220 183 158 200 70 291 222 111 262 332 273 79 162 45 251 310 228 198 155 124 327 203 203 311 102 238 228 74 193 149 52 65 285 223 154 181 265 74 300 
133 238 106 203 77 83 123 71 114 310 309 152 128 190 270 207 260 73 308 140 320 203 259 276 211 241 268 300 261 150 182 80 200 245 97 318 324 155 144 312 93 223 159 91 193 268 159 118 95 206 206 316 129 110 223 96 76 331 187 148 328 212 71 83 49 257 76 304 171 149 62 167 70 85 73 287 82 163 172 326 140 271 133 298 329 296 94 280 282 95 98 266 209 181 88 322 266 316 88 
144 87 66 238 55 315 56 282 120 300 291 165 42 284 102 274 216 305 137 171 49 322 313 152 78 313 333 242 332 204 320 162 115 212 212 296 54 107 70 246 230 229 203 139 165 305 326 233 66 184 123 95 333 142 46 298 49 86 187 308 315 94 260 333 229 178 269 161 53 83 76 157 296 284 133 74 178 322 115 317 170 193 146 155 251 187 319 249 60 115 131 259 131 212 305 58 207 195 203 
195 292 177 119 82 131 75 329 119 287 319 178 281 236 207 83 90 334 177 144 264 312 74 87 180 282 272 237 85 90 285 232 151 104 54 99 43 300 62 93 84 166 191 279 128 318 206 67 46 132 308 67 154 127 193 232 328 226 166 334 153 56 249 112 248 52 149 304 229 84 219 50 137 52 285 328 191 316 161 221 204 208 236 91 195 325 56 146 165 43 266 328 252 44 177 171 44 60 195 
155 91 211 328 201 209 210 111 306 329 155 120 201 273 166 67 100 320 99 231 141 96 105 240 312 140 101 235 273 92 161 267 186 262 261 165 106 299 319 60 261 251 58 233 79 264 147 116 72 47 298 238 174 187 90 76 263 222 329 288 272 74 147 145 221 291 137 144 303 195 246 168 256 261 274 323 48 170 212 237 295 76 305 262 54 88 82 261 65 87 244 281 115 81 83 108 155 80 170 
86 302 177 127 174 157 216 333 185 132 286 78 93 242 180 90 319 303 120 244 77 258 317 113 255 191 239 218 324 192 74 133 45 162 186 314 156 136 251 195 138 179 141 155 65 312 328 270 102 225 244 101 242 248 168 43 89 265 173 218 235 175 273 252 72 67 332 226 57 142 213 143 45 188 46 191 125 63 123 230 102 158 318 274 268 44 81 63 57 89 160 70 53 152 259 331 268 185 90 
84 322 299 93 192 138 253 242 308 297 297 272 162 79 104 316 317 169 72 158 149 215 285 109 325 198 209 179 174 137 61 335 218 240 211 316 201 323 321 309 280 195 94 235 257 167 189 89 294 115 290 266 67 51 234 127 144 70 317 168 199 331 135 212 319 298 137 115 214 47 278 316 127 47 205 227 255 170 75 297 84 190 325 203 119 120 215 140 81 267 246 229 108 239 328 132 265 286 61 
200 121 166 180 128 217 260 116 313 244 292 157 217 208 206 272 257 231 86 335 83 210 126 210 193 164 286 123 138 233 333 325 112 266 306 182 258 168 88 73 270 289 114 44 205 146 292 111 240 309 307 72 300 100 313 62 54 124 94 193 203 130 137 140 231 297 83 266 267 112 302 99 286 54 42 83 119 291 328 206 242 285 223 70 156 282 75 288 218 281 132 236 335 162 191 254 250 296 75 
108 205 234 228 124 265 219 156 262 329 152 60 218 254 251 102 55 119 60 285 102 219 101 250 126 201 268 265 120 245 51 236 93 75 107 119 253 115 186 210 154 201 311 320 277 61 171 177 325 130 291 97 233 182 69 214 129 120 203 309 144 326 284 198 302 211 131 91 73 316 238 59 313 258 123 42 153 47 169 196 288 60 308 53 300 219 133 264 67 311 282 159 182 289 93 120 164 154 179 
149 121 155 74 226 101 309 225 102 112 305 235 142 192 295 249 73 101 288 196 76 316 201 263 130 135 77 45 290 161 94 226 209 199 262 300 206 315 253 135 118 141 193 205 289 115 106 67 155 60 195 235 228 194 319 172 264 265 64 175 190 285 308 334 186 45 72 219 162 269 210 228 129 164 91 260 262 259 137 223 316 271 46 48 64 320 216 118 223 287 180 172 178 224 229 216 202 189 206 
306 64 147 227 211 249 143 200 131 83 89 265 245 328 66 68 206 180 283 117 316 254 121 204 100 234 78 258 96 82 317 223 321 304 229 95 168 159 219 169 136 170 208 108 63 119 209 63 267 151 199 151 130 61 153 216 159 198 206 272 147 176 161 146 209 335 60 279 132 313 197 216 64 161 301 227 252 227 306 112 220 213 60 240 101 121 278 277 98 254 72 235 60 220 105 138 320 297 191 
158 81 328 303 86 262 277 334 257 157 88 321 302 240 120 225 73 236 51 112 138 146 312 170 146 305 314 283 186 43 168 252 188 214 138 291 147 94 64 127 161 115 176 264 115 211 178 50 125 197 102 195 171 108 198 48 120 177 156 125 309 211 132 155 138 244 154 202 163 73 81 317 152 63 239 49 219 180 77 163 101 317 253 118 115 82 295 283 280 175 158 328 190 216 103 228 186 105 58 
170 169 45 107 221 50 233 259 89 218 60 193 137 172 153 80 105 172 332 69 241 277 185 248 295 267 67 42 332 253 264 331 77 80 261 154 320 164 299 188 249 180 61 100 124 168 201 194 124 233 266 268 314 116 310 187 61 77 335 332 319 187 255 299 114 55 142 72 146 196 70 213 305 182 128 111 260 113 184 265 54 330 174 108 271 160 171 239 156 209 310 311 293 217 123 59 141 159 262 
263 129 287 291 220 231 256 232 162 326 124 64 93 268 74 192 247 295 244 194 76 136 324 192 246 55 316 313 315 164 248 208 327 235 129 186 281 180 307 321 183 276 189 292 114 142 210 240 158 106 133 165 192 52 253 318 131 248 116 311 219 126 80 315 256 94 305 238 84 238 89 237 314 293 145 137 198 158 179 320 246 290 267 247 169 134 262 143 170 330 166 140 225 145 92 333 200 210 178 
314 199 79 62 119 261 283 291 105 129 96 154 224 165 88 239 255 251 114 304 194 241 331 88 63 143 272 166 175 62 297 214 312 64 167 287 266 100 84 108 193 141 228 128 279 282 306 160 88 116 171 207 276 190 246 155 266 204 123 325 207 328 245 326 131 51 151 333 125 169 139 205 53 196 308 130 306 293 320 93 178 212 256 50 197 125 191 87 162 125 126 122 214 90 176 222 152 231 286 
92 319 320 264 213 302 170 268 170 234 48 137 139 295 128 231 239 61 231 270 171 126 210 192 292 323 64 63 127 277 162 172 162 164 213 102 118 193 96 239 79 181 329 261 325 181 220 316 279 295 230 255 118 162 86 87 244 322 134 135 193 196 279 333 268 288 65 303 287 79 52 260 312 267 308 86 314 195 307 297 87 176 243 65 45 222 125 259 276 236 178 157 313 270 52 293 116 224 192 
165 134 258 302 280 262 321 275 173 283 269 230 50 67 294 199 305 107 233 319 155 79 309 176 175 42 218 120 123 167 175 134 313 126 206 220 129 214 224 328 214 313 71 277 84 284 226 260 257 251 310 68 308 75 304 51 63 171 297 316 314 118 105 117 291 255 279 140 293 139 129 80 264 278 259 66 334 64 323 158 181 60 224 156 276 241 200 279 270 219 96 172 140 126 301 205 219 280 139 
120 149 44 54 285 101 113 104 276 110 78 325 259 57 194 306 53 247 133 218 131 301 246 329 179 67 172 142 240 45 318 282 244 268 318 209 332 49 111 160 272 204 96 161 179 120 224 196 320 157 278 98 290 289 53 188 209 201 109 78 330 132 93 267 187 247 50 216 300 263 197 313 58 117 163 214 113 115 53 230 201 330 63 200 94 274 278 124 100 75 202 267 120 245 324 165 235 68 234 
125 233 297 226 241 245 57 200 256 147 94 284 239 301 197 58 322 137 178 286 214 223 201 135 148 214 110 297 179 160 133 241 178 281 121 114 289 183 62 108 140 226 231 248 160 97 167 200 102 255 315 251 216 324 61 187 203 168 323 243 89 292 84 174 189 239 120 132 56 234 263 226 94 106 48 58 281 101 236 301 92 230 261 248 239 123 250 166 192 202 132 52 129 313 297 142 266 190 56 
212 185 112 88 151 137 70 283 211 277 289 308 290 255 129 280 174 204 292 68 50 335 236 82 237 270 61 204 212 95 296 129 297 304 89 205 212 258 76 273 115 305 227 221 289 156 70 58 95 275 193 84 88 263 132 254 91 295 278 157 56 109 230 210 175 205 243 311 157 185 185 93 95 203 229 96 215 82 325 235 164 85 249 138 89 90 282 262 117 97 124 98 317 183 88 156 71 109 329 
252 143 233 129 233 112 186 226 310 315 189 225 317 169 255 184 268 293 201 190 296 320 210 303 65 69 166 68 83 192 317 173 287 43 318 307 289 213 254 306 79 42 234 223 305 121 313 63 315 68 151 318 80 204 239 154 82 267 122 176 91 57 331 214 240 190 173 95 246 189 66 177 291 87 81 172 106 200 323 244 109 75 61 81 181 164 319 155 297 83 225 66 111 265 164 191 133 287 331 
122 80 237 239 130 298 214 240 139 127 137 272 274 161 126 103 303 275 148 244 304 122 326 250 108 61 192 95 290 59 203 286 234 205 298 301 213 189 194 205 184 334 103 119 151 305 148 269 150 156 116 315 241 216 159 292 321 249 291 300 161 152 85 149 89 252 239 153 226 284 75 193 175 253 247 309 323 67 52 175 88 63 271 328 220 236 113 263 261 249 63 74 86 293 87 299 217 133 151 
100 123 219 74 156 216 227 168 243 162 138 75 133 235 303 162 53 193 70 63 290 311 184 111 210 79 140 184 288 186 175 320 232 203 103 69 208 220 321 140 235 321 182 118 85 219 184 251 65 56 232 211 46 74 328 193 166 307 111 92 259 142 242 103 137 198 246 131 332 225 242 44 171 54 199 114 241 94 148 74 112 126 105 152 250 134 165 49 179 103 267 233 61 311 316 231 205 156 303 
129 217 215 162 278 102 110 256 248 89 281 308 86 234 207 155 78 150 191 52 173 298 187 96 284 320 296 236 185 211 200 81 259 169 138 191 287 211 110 196 150 325 154 176 266 211 99 302 165 228 311 172 107 93 230 196 96 329 257 204 98 147 126 43 243 203 48 135 325 150 256 172 153 334 205 134 44 248 238 240 298 57 212 271 70 72 272 164 58 129 162 168 323 247 128 289 270 66 98 
238 253 134 240 268 145 93 171 232 243 154 66 292 56 122 191 321 182 104 55 230 145 84 81 305 101 80 72 55 212 230 115 96 316 298 334 292 184 193 323 213 150 324 89 77 330 160 193 151 62 298 117 126 175 106 186 61 70 203 62 251 86 179 325 331 232 112 140 282 280 52 280 78 124 142 247 189 127 123 134 299 114 125 271 325 244 162 323 150 73 240 329 87 183 148 305 85 74 197 
295 180 185 266 113 109 190 302 74 222 329 74 323 249 244 286 241 57 324 193 146 261 124 299 136 263 82 52 55 68 298 212 308 81 62 150 102 256 270 111 328 240 332 128 264 194 256 281 204 197 204 330 293 203 192 329 241 99 224 156 265 253 221 59 167 199 80 195 201 189 56 132 294 240 316 217 203 158 178 120 64 221 115 89 195 44 173 199 271 110 312 271 257 121 289 151 307 284 258 
173 199 261 211 263 50 130 118 193 328 149 127 56 94 97 156 86 264 130 159 316 304 289 189 103 177 51 127 124 330 206 302 153 92 202 149 217 288 124 310 179 181 300 254 262 106 106 120 323 109 211 302 259 332 246 296 82 166 89 306 289 314 118 85 96 327 46 335 241 274 213 294 324 289 117 238 298 284 328 71 214 241 129 285 330 183 57 307 213 144 83 121 285 225 270 52 234 91 86 
334 51 182 160 202 84 154 269 61 75 83 271 83 273 43 304 250 299 213 163 223 73 162 54 319 184 51 68 174 266 327 122 173 86 44 335 307 42 213 240 112 198 316 258 79 240 202 130 270 45 52 324 297 311 53 255 319 245 96 273 324 159 156 127 129 225 104 316 143 271 309 194 256 179 57 42 283 335 200 270 210 89 235 182 66 213 69 205 111 88 285 82 195 229 114 172 85 54 197 
288 243 74 64 152 124 334 215 57 286 196 46 199 292 46 166 328 227 165 139 104 170 164 268 259 186 315 140 156 148 72 315 49 317 275 274 256 133 72 200 139 169 208 305 104 214 172 316 222 307 232 268 328 130 122 148 218 301 174 116 97 58 161 204 187 138 74 177 316 225 166 244 244 261 332 177 133 319 273 270 270 245 81 293 149 57 308 236 84 205 288 159 163 204 156 86 182 129 140 
51 129 83 215 147 184 313 261 137 154 322 183 138 309 307 235 153 319 160 83 274 291 321 99 223 166 156 236 45 117 213 316 247 205 201 140 319 266 217 253 335 264 263 296 324 269 286 256 320 220 176 276 190 299 304 146 67 88 162 265 79 305 215 285 43 156 254 265 176 145 166 192 275 282 272 76 74 229 119 111 81 260 331 277 225 331 273 194 142 145 74 160 208 58 74 321 154 281 298 
140 90 213 42 207 177 122 88 217 48 71 203 87 110 223 55 199 214 279 327 64 116 109 128 241 46 226 141 299 90 303 156 254 109 234 164 77 204 114 125 209 285 143 305 72 193 43 289 49 177 315 121 299 56 305 169 189 245 231 238 93 182 178 303 320 195 255 110 95 56 308 136 190 151 250 64 90 192 175 159 237 179 120 198 295 156 162 128 167 196 124 250 172 142 166 98 269 65 286 
53 203 234 236 206 109 76 264 145 328 97 46 166 266 148 272 43 172 258 116 294 46 325 187 284 145 78 198 326 297 311 189 284 163 216 57 212 293 84 259 177 251 160 249 149 94 194 107 56 105 307 267 269 178 254 260 81 242 201 326 177 46 133 217 244 217 145 136 121 133 61 190 227 236 255 162 331 272 181 178 298 243 213 278 196 145 159 280 166 212 99 270 130 332 193 184 214 314 263 
289 95 119 235 217 183 206 116 167 87 91 289 334 118 176 286 67 282 330 160 198 136 313 53 218 113 261 323 292 54 112 62 108 63 101 134 136 126 113 276 45 58 239 132 197 315 111 52 128 180 210 235 62 52 58 312 267 144 67 240 330 193 205 149 81 177 172 56 190 229 71 83 129 197 333 254 45 228 95 185 168 247 198 94 66 115 162 316 103 138 63 137 291 188 121 83 203 90 211 
161 260 243 197 301 152 280 233 46 172 58 204 122 205 152 68 80 47 190 301 224 252 264 218 206 210 324 165 224 192 212 181 95 272 223 206 322 260 248 150 254 217 310 89 151 215 56 131 265 177 201 180 163 189 134 127 148 186 121 215 335 152 210 284 223 56 204 244 98 295 135 107 205 132 294 282 99 299 233 324 181 82 161 118 200 231 332 242 63 206 311 309 282 312 325 86 233 235 205 
326 267 197 329 76 264 253 49 332 166 225 110 265 264 44 253 143 76 284 169 190 285 187 268 197 327 299 215 249 133 137 252 332 103 50 129 86 93 187 238 52 63 68 220 216 250 226 52 286 199 160 245 291 288 62 98 82 86 159 269 45 135 200 218 335 155 64 48 298 288 222 276 170 218 296 140 94 325 139 159 150 112 142 287 203 290 128 76 197 185 56 109 194 291 290 279 218 219 273 
257 182 127 233 68 129 279 319 99 216 161 191 326 115 131 314 137 118 103 135 138 186 176 145 302 159 136 206 141 217 327 221 243 65 276 139 87 232 131 286 92 209 308 270 234 110 298 320 263 175 201 61 253 154 301 88 274 209 243 85 101 273 318 216 302 328 84 87 42 219 212 147 204 259 54 172 187 89 116 193 200 302 307 328 80 68 316 149 312 131 194 240 176 197 296 71 69 285 259 
77 128 290 49 134 287 210 314 322 204 147 262 277 273 215 55 115 140 62 213 100 127 89 44 326 66 94 305 309 259 81 87 72 44 217 286 332 254 120 124 173 125 267 333 260 142 301 280 275 82 135 139 154 130 196 191 46 203 258 221 267 69 209 186 183 110 66 66 310 81 262 42 101 225 145 166 275 253 331 75 72 283 155 154 168 48 56 147 157 280 237 319 125 204 95 206 164 173 255 
261 264 287 162 56 256 67 224 179 122 285 267 49 308 222 127 156 306 256 82 220 334 291 170 67 51 279 155 87 101 250 268 219 166 250 284 180 82 210 228 252 202 86 46 245 197 132 108 275 266 177 67 312 110 51 114 263 334 267 248 271 259 178 95 134 296 317 292 44 267 181 44 286 267 179 113 169 62 230 158 319 296 203 319 53 127 133 77 312 212 227 231 46 248 98 160 146 148 311 
253 160 70 128 147 229 187 135 114 228 111 126 180 61 43 173 49 272 321 74 282 306 243 256 178 58 308 292 165 92 111 250 315 69 130 128 319 187 303 173 258 263 296 185 103 232 160 176 181 213 133 117 44 309 176 84 60 94 292 300 132 314 58 265 118 217 245 185 319 178 277 148 193 300 78 168 45 90 85 175 252 53 307 243 177 55 226 142 300 280 71 263 223 265 195 230 270 190 281 
235 252 218 239 110 160 276 82 244 234 142 286 275 333 151 99 257 188 240 279 125 43 179 197 139 331 225 210 82 148 210 279 83 66 261 280 196 156 125 308 56 231 142 311 135 284 271 228 239 198 81 45 294 143 124 88 191 245 279 99 299 95 227 191 270 300 73 322 312 265 123 180 218 293 240 124 118 208 121 304 302 305 207 82 226 70 334 220 100 290 187 247 84 265 79 167 164 75 107 
245 159 88 274 209 309 145 234 130 328 288 258 298 88 74 310 210 146 121 168 121 253 284 105 307 174 285 240 294 293 93 223 240 195 191 202 225 237 234 184 84 100 42 297 200 130 86 233 80 209 249 52 56 187 315 157 187 216 44 298 60 286 95 331 298 269 181 250 126 161 154 278 48 276 299 146 90 60 203 164 185 43 327 163 118 119 180 116 211 55 214 49 63 72 89 201 241 242 65 
110 254 247 249 327 46 292 152 212 67 266 315 125 261 245 43 247 229 165 182 148 263 211 262 194 86 179 116 133 169 247 68 61 322 240 118 133 223 255 139 311 297 208 315 266 188 274 184 257 111 102 147 256 162 89 326 303 90 96 79 75 173 295 92 270 61 137 294 325 261 206 158 173 239 107 256 225 239 289 307 145 276 330 224 251 198 173 333 240 237 156 182 103 145 190 233 67 285 236 
111 324 280 83 324 298 171 321 221 331 112 193 52 68 235 324 294 177 139 315 156 99 303 292 66 235 259 251 105 278 246 120 108 78 45 182 244 166 249 177 266 316 163 109 183 46 157 314 81 184 224 130 45 82 240 105 257 323 249 112 310 277 280 51 262 255 56 326 223 321 246 158 77 125 333 90 77 308 227 217 86 278 198 157 333 60 228 107 134 296 78 245 334 238 176 58 259 125 212 
53 58 45 136 328 196 151 234 89 233 60 292 94 222 65 225 161 123 328 194 314 92 74 314 111 331 194 88 99 82 292 83 190 191 246 95 281 310 86 318 309 58 323 195 173 111 184 159 109 205 324 243 215 287 85 147 173 293 67 316 191 328 231 239 292 182 91 47 69 109 259 146 266 214 55 323 49 286 174 273 319 327 305 119 110 104 319 94 43 112 254 107 283 287 134 199 134 210 128 
251 290 193 275 147 285 273 79 331 74 264 159 79 317 268 71 196 198 316 232 178 171 213 295 326 88 133 186 217 143 266 182 288 107 282 77 261 167 73 143 104 155 153 42 253 255 234 58 141 208 43 179 279 296 249 95 119 293 69 171 189 84 156 260 260 133 259 246 144 227 94 233 156 46 90 283 97 100 325 136 280 169 224 137 101 136 220 118 58 281 299 184 318 240 197 120 285 243 194 
318 274 122 314 327 161 204 211 268 236 288 325 89 121 228 328 54 329 166 239 155 254 301 171 103 50 46 332 268 95 319 265 62 97 291 95 321 288 240 230 233 243 325 257 151 73 270 121 271 57 68 67 202 55 181 55 203 233 96 185 239 51 198 280 258 226 87 163 130 189 333 315 62 107 207 335 150 318 298 119 216 79 310 274 94 269 158 78 136 128 267 319 313 316 47 154 158 58 100 
206 279 116 58 73 62 69 176 160 231 63 162 119 167 160 293 199 167 194 185 184 113 132 75 253 203 320 173 152 292 131 99 99 302 258 307 130 319 230 61 161 156 324 173 104 50 164 316 146 58 293 61 212 286 153 138 125 287 309 119 85 142 245 77 281 72 123 81 258 194 221 94 236 140 97 332 195 321 233 65 234 145 269 157 187 188 109 279 47 54 251 317 247 308 191 113 95 73 250 
128 258 114 197 92 98 286 79 300 219 120 232 280 182 110 109 262 85 333 178 65 54 218 207 190 186 316 123 324 117 223 259 137 199 95 221 278 128 288 260 254 192 267 95 320 138 293 158 309 257 165 68 166 313 45 257 294 201 114 235 325 175 328 210 284 205 47 105 325 68 320 84 139 266 241 197 59 307 126 113 238 280 134 65 323 275 159 251 313 323 315 68 89 154 108 126 272 83 190 
129 286 331 281 238 256 328 48 316 314 278 153 111 238 214 316 259 154 110 191 84 68 132 321 330 237 179 162 313 216 280 210 240 118 74 278 118 112 291 253 322 42 125 170 223 105 122 189 323 275 209 245 305 142 145 254 243 170 165 252 289 264 44 238 215 158 193 257 92 293 45 79 102 76 57 204 136 315 227 59 134 291 183 316 306 52 265 148 330 206 132 165 175 117 282 187 113 85 171 
101 227 134 123 266 66 111 177 119 140 197 193 63 199 61 158 126 157 185 290 61 326 296 320 324 189 315 270 235 112 67 51 118 255 77 150 108 50 196 109 281 325 244 275 121 238 88 45 168 242 209 289 231 277 321 167 289 107 123 225 71 194 333 67 102 217 198 100 122 279 42 307 330 208 69 300 281 227 61 158 232 261 230 249 306 187 222 99 100 230 231 174 75 63 185 159 137 65 152 
218 257 87 277 292 114 258 289 98 239 155 46 146 134 278 203 268 59 186 324 174 269 311 320 203 167 103 299 138 61 109 192 187 61 262 306 67 225 264 54 275 247 243 147 192 323 267 198 205 196 68 104 236 318 308 189 237 49 128 232 241 54 116 258 173 275 221 160 199 127 188 128 104 71 298 129 268 254 54 318 53 107 232 331 101 216 217 97 97 139 178 223 201 158 322 137 158 247 275 
250 318 188 222 269 194 327 193 112 294 129 177 196 128 139 289 313 233 274 240 287 299 50 150 274 124 170 308 187 179 149 246 329 274 211 122 320 168 263 249 251 273 329 118 193 294 48 135 219 159 132 189 261 267 134 61 291 202 334 128 53 113 147 234 50 157 204 54 324 210 246 183 229 315 134 70 252 310 226 78 256 78 279 214 116 281 74 187 135 279 63 194 243 161 215 171 332 138 334 
312 274 108 314 128 217 130 264 80 271 95 335 97 103 161 263 241 226 328 109 200 290 279 288 215 230 96 243 241 231 43 68 264 203 238 49 315 156 288 203 266 181 294 276 318 143 316 82 208 227 130 309 191 177 78 329 287 245 148 142 56 66 208 94 45 95 120 281 106 74 262 153 62 190 107 51 241 179 291 50 125 52 185 236 238 271 60 280 202 153 95 164 48 219 61 84 258 238 296 
208 135 194 197 256 123 195 76 218 101 130 185 261 226 50 86 164 87 251 127 120 139 201 198 130 71 254 103 49 133 207 158 276 302 80 183 330 103 100 315 102 206 243 69 191 176 170 173 313 59 154 267 304 162 245 290 71 79 246 86 182 88 120 140 181 308 267 102 133 204 244 216 329 312 133 232 139 268 297 257 279 146 263 254 296 105 200 47 303 144 70 110 247 158 128 120 172 299 309 
210 168 189 228 219 161 274 332 294 103 144 211 93 58 324 285 236 327 275 258 216 46 61 60 93 213 311 46 83 146 85 115 255 209 186 222 310 108 201 149 281 292 206 104 109 333 266 200 45 331 324 141 208 114 147 212 140 206 237 309 96 105 55 112 258 267 67 269 73 90 193 267 325 189 45 177 252 152 194 317 128 182 79 188 211 91 122 157 224 266 121 134 200 150 130 225 290 189 69 
235 140 260 200 119 158 204 309 318 205 109 291 287 320 204 293 112 256 274 278 309 186 135 219 241 145 83 62 283 214 162 310 315 261 151 112 244 212 319 244 128 291 178 169 275 267 289 317 83 106 154 310 287 136 191 77 129 323 210 309 42 295 127 227 205 52 123 123 333 277 133 314 74 330 301 120 216 264 243 129 121 115 101 276 201 132 272 60 80 221 243 118 67 157 50 210 62 311 73 
98 193 63 149 302 201 222 68 133 105 94 188 206 229 77 104 140 91 155 213 254 173 234 105 219 239 66 184 99 53 123 135 156 120 274 307 195 84 298 239 318 187 107 135 209 123 243 147 69 214 292 80 224 226 65 164 262 71 240 294 207 191 155 117 273 311 223 298 155 321 167 315 185 287 118 274 246 88 116 156 113 173 233 206 168 306 246 279 179 208 280 278 192 153 243 63 89 63 323 
130 278 207 324 56 61 186 319 98 61 284 271 159 254 56 257 116 54 222 217 117 317 287 273 79 182 103 230 145 117 285 211 127 248 196 273 235 315 180 155 272 57 241 267 178 331 335 243 236 189 57 274 58 105 61 278 251 78 160 89 50 243 238 195 73 84 272 86 97 209 146 141 88 224 266 228 286 304 209 179 136 333 332 152 133 295 173 117 220 119 318 280 126 207 259 211 94 195 314 
181 322 329 237 313 122 300 308 198 253 254 140 136 152 153 79 176 181 131 72 308 316 292 260 246 290 138 53 330 152 257 163 228 66 73 52 42 165 224 77 332 248 93 63 265 244 109 101 115 167 181 124 142 330 60 264 315 81 316 81 63 149 308 251 223 214 111 136 115 138 165 123 249 88 305 271 212 205 111 329 162 292 200 194 300 46 110 135 256 205 231 172 73 277 294 112 295 283 84 
105 252 307 148 123 293 169 297 261 186 196 274 220 275 274 279 51 77 207 285 142 106 271 272 216 220 323 69 197 175 215 319 198 95 101 129 323 249 85 211 316 156 83 192 122 92 90 150 138 209 82 202 106 117 150 334 164 316 279 116 323 48 319 274 155 91 282 268 120 196 116 177 57 174 97 63 99 319 114 281 214 156 187 244 126 224 267 143 325 93 271 80 318 76 285 251 207 231 324 
155 179 242 86 260 211 106 172 312 193 332 100 60 124 98 289 273 148 94 107 157 78 111 67 261 147 48 65 60 110 110 43 58 315 204 52 248 230 195 156 73 136 280 172 199 71 109 69 59 285 305 168 212 310 294 317 253 82 154 141 272 217 151 159 131 167 59 334 181 107 176 187 308 123 290 314 61 319 81 136 136 154 76 299 262 230 192 85 171 215 55 241 220 115 164 104 112 128 241 
