114 166
172 182 222 248 239 187 89 196 122 230 91 237 190 227 252 241 53 262 97 49 189 179 130 125 106 168 150 175 200 47 44 155 72 68 41 174 144 72 143 184 226 123 76 60 70 251 248 231 208 240 212 138 101 162 230 84 169 70 121 133 184 45 45 58 156 200 140 241 114 76 121 246 102 245 255 107 181 233 91 66 118 214 171 117 181 40 72 122 158 61 216 52 202 153 101 248 122 201 36 159 71 143 70 118 158 118 95 241 215 217 91 67 243 138 154 108 98 225 79 136 197 205 121 62 104 107 95 103 164 157 177 73 120 163 261 52 137 185 225 101 180 125 225 150 184 126 155 78 95 86 106 74 149 70 188 35 53 214 161 143 248 245 67 196 220 139 
231 192 149 189 95 121 98 188 99 123 137 258 73 259 42 95 263 173 139 239 120 210 262 71 169 249 109 149 140 89 215 54 204 138 106 206 255 246 243 260 70 205 100 50 188 231 185 143 260 194 197 76 258 72 173 114 74 129 42 141 83 42 194 37 197 111 121 139 175 261 144 202 224 248 43 68 121 72 166 135 126 252 186 93 223 169 34 195 59 201 84 225 85 155 202 97 121 54 107 251 158 220 243 157 212 87 198 151 33 166 133 55 182 218 71 208 143 95 144 217 65 248 235 109 247 100 134 260 179 64 112 179 252 249 72 148 72 176 203 104 98 238 122 64 49 248 215 70 54 174 64 93 64 141 200 251 249 155 235 199 103 125 218 246 121 49 
40 45 66 197 63 55 198 217 125 41 197 127 122 83 233 180 61 212 214 165 85 254 244 231 104 161 243 183 45 147 227 217 145 262 252 185 79 64 158 137 144 44 233 54 219 57 77 84 59 185 208 235 223 241 259 185 220 178 55 99 141 101 186 138 201 103 185 162 223 156 111 138 73 209 151 154 49 257 46 95 98 231 157 120 125 104 201 141 118 163 174 159 225 58 215 250 243 203 141 239 72 254 135 261 148 224 169 239 110 57 183 65 137 87 131 41 195 61 119 196 244 173 168 71 152 169 114 213 123 259 250 119 65 244 51 262 232 121 105 247 238 115 239 148 118 227 101 239 144 61 70 87 137 48 199 162 109 245 84 149 203 43 115 188 210 142 
150 60 69 108 93 167 242 60 175 205 234 218 55 153 46 219 85 251 212 103 86 53 151 196 142 252 74 34 154 224 152 124 206 145 215 46 135 209 227 214 261 40 131 231 145 102 111 83 208 41 174 238 138 112 201 193 247 63 135 99 245 260 134 101 36 154 121 41 188 209 132 36 142 83 237 193 149 62 152 89 227 234 210 235 195 106 250 40 100 247 210 119 168 117 69 44 92 155 47 77 138 255 262 171 75 146 199 34 103 33 81 143 137 224 259 52 254 213 224 200 109 257 106 247 53 204 101 189 110 257 206 253 194 224 133 204 153 111 81 201 71 232 177 211 107 241 178 258 139 241 83 141 159 174 110 194 254 186 113 205 132 243 67 219 191 118 
216 114 123 166 65 162 39 75 90 130 150 250 140 179 98 85 150 119 213 154 261 45 197 51 53 121 78 100 43 200 62 88 191 74 262 166 150 88 220 120 34 189 225 223 203 243 72 58 191 124 145 190 125 225 222 72 168 129 105 83 102 68 124 211 105 121 70 211 254 38 195 89 90 249 263 39 45 134 132 164 37 146 67 85 172 58 201 47 178 187 187 57 62 242 226 89 35 60 110 37 115 112 126 155 47 69 175 243 190 109 169 98 243 199 68 72 98 226 230 128 67 117 236 155 159 159 210 106 194 56 193 213 83 94 206 117 187 261 110 62 251 143 173 139 249 135 213 65 179 111 99 222 186 135 144 89 215 98 176 170 234 203 177 156 128 247 
155 60 164 146 227 185 225 157 89 91 120 258 149 244 117 127 121 259 92 154 238 101 134 86 149 246 106 263 125 84 107 216 118 56 66 36 100 146 224 218 253 146 118 84 90 263 120 111 106 94 69 254 231 141 170 164 147 122 91 158 74 151 124 91 263 231 49 39 139 179 214 76 169 149 149 242 165 183 57 107 54 160 108 209 138 134 33 89 215 137 73 75 74 186 39 74 225 143 65 63 167 228 243 89 156 138 112 43 78 34 140 78 190 157 231 225 86 141 177 158 93 121 140 227 150 255 222 116 125 226 240 44 248 142 47 168 135 69 178 45 141 148 204 163 70 165 165 103 110 128 179 222 238 223 179 100 235 199 238 246 78 45 136 214 191 103 
106 231 146 252 218 46 45 171 236 117 170 193 166 175 255 35 102 244 180 187 179 101 178 260 127 81 192 144 239 207 80 103 91 53 94 128 73 37 52 48 237 208 130 199 130 69 114 135 186 99 97 42 227 202 127 89 184 206 235 231 83 50 139 205 220 176 237 211 179 141 139 261 127 86 212 199 82 178 180 245 162 107 164 35 84 212 47 169 221 262 104 235 191 130 171 245 167 168 201 87 245 179 187 140 210 43 77 99 85 93 195 222 42 204 117 40 38 229 106 165 169 71 49 136 193 138 121 96 153 133 230 184 180 98 193 208 76 55 103 223 134 197 177 222 58 143 49 182 245 120 255 72 143 223 82 203 154 126 46 202 249 33 134 258 260 113 
92 101 195 44 233 56 61 176 49 178 123 183 111 181 72 78 153 126 41 204 242 65 203 40 105 246 149 132 141 256 261 232 193 60 228 78 107 262 64 76 81 125 206 70 216 43 143 225 162 203 111 236 263 34 109 257 42 88 159 83 244 240 231 263 187 224 84 173 48 173 209 140 148 105 221 256 205 253 219 221 195 118 220 62 168 45 167 125 236 181 205 82 232 201 181 78 204 148 121 260 176 100 97 207 241 162 75 52 174 168 167 52 104 121 191 261 140 91 115 110 184 231 67 172 244 79 58 75 85 151 215 182 74 110 63 150 256 252 181 233 213 188 247 129 248 70 125 240 154 185 55 117 181 107 102 80 56 137 142 184 109 93 164 194 79 195 
173 202 65 263 79 39 140 238 261 68 167 61 140 143 148 130 154 210 209 87 256 138 255 230 84 135 205 140 146 35 222 234 201 259 83 226 257 204 228 35 208 109 172 95 144 162 246 49 184 155 121 82 33 36 107 233 99 52 108 227 159 215 65 99 216 187 134 141 187 161 50 77 121 227 122 112 93 139 141 85 52 177 243 180 238 133 185 45 140 153 93 133 51 139 87 240 226 239 87 114 61 243 97 190 135 258 246 123 191 225 209 208 260 263 218 43 243 176 169 180 92 194 248 136 251 180 102 75 236 108 249 220 84 104 123 255 120 235 90 245 166 190 127 208 221 39 93 230 263 259 157 82 108 57 39 124 182 229 43 231 221 108 244 147 150 75 
143 207 113 191 101 103 225 117 155 61 139 116 122 247 102 85 44 112 110 249 234 185 208 126 207 135 190 255 100 147 201 99 97 201 184 149 108 52 262 194 223 133 92 144 175 69 73 105 112 121 119 251 52 53 184 54 214 98 250 65 86 214 66 71 214 52 176 235 246 93 59 134 149 81 253 134 261 238 248 185 208 249 92 166 180 192 244 142 116 81 216 110 250 148 222 63 190 221 61 136 262 230 138 91 173 113 239 60 134 77 216 73 172 225 251 131 88 180 179 40 246 208 164 164 53 85 168 256 172 171 110 235 80 77 216 33 169 161 193 59 55 237 215 223 34 230 60 45 184 258 92 101 78 124 75 196 57 168 83 124 107 207 70 185 126 176 
92 172 164 48 128 97 224 119 102 50 245 139 172 103 189 182 205 101 231 222 260 141 137 78 231 174 95 101 215 125 79 182 211 142 113 114 159 242 162 218 50 229 197 45 251 133 198 37 162 91 94 259 205 225 83 101 33 234 33 36 225 231 53 55 111 216 65 189 102 90 252 78 83 70 257 224 192 92 116 50 154 37 44 46 190 212 86 261 116 179 42 56 79 145 172 57 138 118 226 229 239 195 35 237 178 180 34 221 125 199 90 220 257 150 149 108 100 60 249 158 169 94 201 224 153 67 43 223 64 214 99 207 57 85 43 85 64 89 115 227 211 41 141 190 133 257 43 67 184 250 57 190 95 245 123 233 198 194 75 130 204 125 108 154 137 107 
231 235 149 37 255 56 217 94 205 69 59 133 243 61 131 73 126 69 246 116 104 221 64 125 253 154 102 243 204 121 169 146 65 221 165 142 138 242 76 73 255 200 162 229 104 122 160 138 127 200 227 34 170 153 162 151 212 49 240 50 70 179 173 181 75 39 224 43 199 181 217 50 213 76 260 147 129 200 93 128 98 173 163 234 140 116 80 162 188 200 129 64 72 260 71 123 142 188 258 150 71 51 114 98 38 185 184 166 122 171 150 212 190 76 158 211 257 82 234 79 68 173 57 58 107 116 84 77 122 48 118 194 144 250 165 151 229 95 149 245 40 61 122 134 231 235 170 98 97 214 181 116 235 68 131 148 102 182 103 81 81 263 233 249 37 143 
241 75 140 139 221 261 169 52 234 225 256 120 109 208 52 165 39 55 263 219 112 234 103 91 155 34 93 91 125 38 90 203 247 129 155 225 154 37 224 118 246 219 147 167 167 205 144 175 259 238 164 77 177 94 218 88 230 66 172 183 226 225 140 102 255 110 108 71 180 232 175 185 51 111 122 153 156 229 59 239 38 243 120 85 251 83 52 112 125 204 114 106 224 231 51 225 205 70 138 88 255 71 186 105 106 259 178 160 72 172 233 108 258 236 96 34 218 107 127 91 98 142 186 226 92 52 108 254 105 129 231 137 118 77 213 213 110 223 160 242 158 167 141 186 52 189 260 146 237 184 34 41 47 33 135 151 180 92 93 187 95 237 48 244 154 223 
175 104 190 152 246 127 116 164 137 102 106 132 67 123 159 247 50 230 33 159 181 60 199 208 46 114 118 110 252 82 140 203 178 222 246 229 166 210 192 259 110 73 182 58 133 102 113 175 147 220 188 238 55 166 237 42 197 76 52 218 262 51 132 84 158 110 209 38 118 64 218 164 238 68 174 92 130 220 149 259 90 158 246 182 195 261 206 204 111 206 108 140 197 130 105 114 176 187 112 216 83 125 247 101 129 80 145 125 165 64 137 205 136 211 75 263 53 207 161 95 199 260 134 209 187 104 84 188 120 105 120 242 211 77 115 105 77 257 192 106 159 80 127 201 236 107 104 257 250 70 215 57 210 147 240 131 106 258 83 218 103 195 235 152 170 236 
202 193 206 207 80 252 138 161 156 245 100 90 170 66 259 215 195 48 79 163 47 98 201 222 62 160 129 119 95 178 97 130 150 100 103 119 104 178 206 203 210 84 162 228 211 217 188 227 149 169 234 163 130 74 135 159 165 248 263 120 167 56 139 184 113 166 238 207 232 125 178 143 129 110 84 182 33 48 158 248 104 42 134 253 45 114 174 42 193 104 101 200 126 240 157 201 130 151 218 206 35 262 76 149 68 131 252 61 37 178 263 169 77 162 125 101 105 42 129 75 259 186 123 150 75 128 216 253 57 256 37 44 141 231 231 70 101 200 152 65 196 166 112 46 99 141 115 153 66 42 252 108 65 43 72 81 121 72 195 184 134 138 179 195 159 99 
121 220 153 186 52 217 153 100 51 241 154 138 203 186 47 227 111 194 156 226 217 124 205 189 180 212 58 59 194 165 156 257 261 155 166 202 84 99 149 163 69 63 209 90 53 65 167 181 107 61 38 113 59 39 104 33 131 59 199 228 219 144 172 138 181 138 68 243 107 238 259 168 36 146 251 182 211 69 53 109 254 263 225 84 210 231 193 241 188 181 189 110 58 108 46 227 246 65 69 250 207 60 161 160 193 74 216 83 227 107 90 83 83 178 127 105 226 73 249 230 67 215 206 171 62 158 249 119 43 206 230 79 196 238 198 112 61 162 257 234 240 173 38 240 154 240 61 220 209 80 121 39 252 195 48 200 185 119 127 92 117 141 69 261 108 42 
53 163 132 69 116 132 210 251 251 48 50 99 66 157 129 196 249 99 248 101 125 98 106 99 87 227 239 214 78 216 204 220 201 48 113 222 78 147 195 148 261 99 84 101 231 86 109 90 251 80 100 76 171 141 224 132 169 109 85 83 208 71 44 154 258 64 51 90 119 230 211 188 195 58 154 171 102 58 34 209 77 242 186 175 103 157 139 105 56 39 198 201 261 168 105 136 44 73 67 175 263 220 37 219 211 110 199 71 132 106 247 100 238 84 205 123 154 252 202 129 222 159 43 70 87 162 131 155 137 99 129 57 222 160 67 249 140 178 67 229 132 178 123 91 189 59 127 84 142 83 65 37 85 203 185 187 185 190 53 187 188 165 145 152 255 110 
100 235 145 147 111 57 66 66 254 34 146 121 65 157 38 113 229 144 123 106 204 197 178 104 98 192 119 192 33 47 240 79 254 226 60 229 133 125 173 76 165 104 260 122 207 54 126 255 101 164 152 193 255 176 233 96 217 58 48 228 152 234 174 185 46 222 246 137 44 86 155 127 237 262 57 176 154 248 113 208 168 127 155 260 68 145 241 79 59 56 260 53 175 247 135 67 77 186 208 209 58 157 223 87 212 65 85 128 46 227 56 176 251 216 148 263 246 258 109 142 58 182 215 41 146 157 123 101 48 227 79 218 237 100 243 234 91 211 36 218 199 181 256 115 97 42 119 56 77 79 125 222 77 90 134 100 221 234 186 249 48 85 94 168 120 210 
197 68 164 134 231 187 209 103 46 192 204 198 250 151 246 170 197 73 240 49 105 166 199 164 257 157 226 47 57 121 217 92 151 156 187 250 166 102 145 258 226 156 108 173 34 231 93 141 121 220 165 121 155 43 120 163 122 241 197 124 136 173 252 119 92 90 106 197 261 192 86 90 98 38 194 72 153 44 92 166 168 213 191 122 110 221 34 223 182 241 259 187 206 216 259 236 55 70 122 235 246 190 54 103 167 141 246 187 233 255 163 229 171 172 154 191 163 68 232 108 189 203 45 159 141 207 143 232 157 242 202 182 116 254 44 114 130 92 174 107 230 143 70 86 173 41 148 56 144 236 220 184 52 225 71 249 213 164 122 62 172 171 37 108 195 108 
64 211 67 126 142 133 38 139 182 61 139 263 124 162 179 117 242 59 186 181 120 193 66 105 121 120 57 98 239 171 216 36 131 88 74 91 80 196 243 239 250 183 116 79 196 84 68 258 87 143 201 227 33 46 173 140 79 239 214 176 255 220 45 87 205 174 234 117 139 210 178 45 130 192 70 129 105 111 171 180 115 187 56 134 204 80 182 114 105 130 73 242 218 94 75 110 253 239 148 181 165 215 36 73 255 229 181 139 112 158 257 189 101 214 57 118 34 34 200 35 88 34 236 82 223 247 107 114 188 60 263 206 261 169 44 248 202 109 153 117 175 130 193 129 228 86 96 76 100 255 177 71 191 131 103 53 124 66 77 172 229 245 252 261 132 221 
65 59 123 48 237 214 48 214 179 41 121 100 184 248 215 61 157 254 189 81 80 33 231 79 217 157 41 186 33 166 193 241 98 150 78 169 38 197 134 227 249 221 214 193 250 198 53 176 59 187 34 206 195 79 188 247 200 102 192 36 138 84 167 157 206 170 137 106 204 81 140 237 176 109 187 113 43 258 38 190 159 261 178 176 99 61 223 52 225 70 170 91 225 124 225 145 160 129 183 57 181 221 258 67 161 130 91 70 120 50 61 210 47 103 261 157 51 128 163 223 202 222 228 52 170 46 240 45 224 163 204 227 54 262 113 128 143 244 55 118 199 232 105 200 70 197 260 227 134 80 60 123 231 54 71 59 257 52 204 111 102 211 35 165 128 124 
149 155 129 44 149 150 114 56 207 79 147 263 261 134 115 90 85 256 222 214 239 222 101 259 139 257 259 41 112 185 100 40 172 138 224 243 259 263 80 75 74 153 201 218 227 262 43 52 45 97 50 93 253 226 187 39 223 156 137 80 222 143 173 56 83 121 173 134 177 194 63 261 225 185 118 39 198 203 119 234 134 96 253 202 244 258 96 262 230 225 204 188 163 231 48 166 204 203 84 223 131 183 250 103 86 61 218 233 123 187 130 157 108 197 211 223 214 80 54 127 127 212 102 225 100 151 129 116 157 41 99 127 233 242 145 164 197 183 161 176 189 217 47 218 114 235 235 66 178 56 73 168 37 218 37 180 212 172 83 189 182 42 99 247 203 224 
136 222 99 215 236 168 101 65 89 196 91 263 137 199 126 255 149 141 210 65 49 134 222 105 252 190 118 172 159 226 70 250 159 239 87 243 70 176 100 240 94 81 206 225 126 162 93 90 230 176 257 163 114 168 64 64 41 101 225 55 164 98 37 54 106 54 185 234 119 164 40 232 155 80 120 218 88 55 250 237 118 121 84 178 241 64 107 132 92 247 97 160 158 91 49 260 116 182 210 53 245 157 81 160 45 175 214 64 133 138 89 254 90 200 83 99 147 192 37 106 140 208 109 191 158 103 99 215 247 163 70 78 178 146 128 251 220 203 104 200 148 206 66 165 182 124 110 234 38 127 178 181 137 172 73 66 48 192 118 227 211 74 66 49 211 84 
262 76 63 110 123 226 247 152 53 263 212 175 245 185 63 171 202 158 52 239 185 223 242 80 248 179 36 206 126 89 79 57 143 100 160 151 102 65 184 260 261 56 185 191 133 70 200 221 152 113 200 64 176 230 132 185 176 192 259 106 168 83 241 42 67 235 95 170 130 85 110 84 86 112 154 51 234 262 71 110 149 224 125 39 160 104 65 127 258 258 218 89 209 66 134 251 109 165 260 51 255 217 47 200 154 177 220 147 179 64 52 126 222 143 111 74 153 182 163 80 136 111 256 222 120 161 58 63 89 76 174 194 56 49 244 256 42 106 46 221 217 223 262 228 213 92 66 62 256 196 52 255 186 86 40 93 261 250 44 176 34 225 198 116 227 83 
230 261 132 184 130 263 162 52 123 235 103 99 78 171 101 64 180 261 197 256 182 255 132 137 96 129 213 146 248 42 66 181 61 153 252 44 36 141 215 141 150 231 183 230 255 87 111 255 245 136 36 42 85 123 208 44 52 252 175 240 226 112 90 229 123 196 240 80 136 135 143 146 199 164 221 160 161 172 101 134 203 240 239 122 262 148 204 247 148 111 107 82 86 81 211 198 244 62 107 69 160 239 131 107 92 142 161 33 169 172 145 248 146 210 129 257 190 67 188 118 123 125 43 151 57 149 202 117 89 75 173 182 150 66 164 183 117 240 256 258 173 244 147 40 233 138 229 211 83 161 187 113 185 255 119 165 62 68 227 198 78 128 170 107 37 167 
182 227 263 162 202 198 122 63 99 129 63 147 43 119 47 225 92 107 73 217 125 216 173 62 208 83 142 47 173 95 163 47 156 113 159 77 171 75 142 76 54 70 61 159 46 51 103 238 79 135 162 97 183 65 211 107 98 127 211 245 98 105 163 121 142 197 160 246 144 250 83 51 92 63 190 225 226 186 255 56 256 252 262 204 198 112 218 193 234 49 150 180 201 70 52 185 128 165 129 234 211 201 77 262 185 37 185 63 86 78 34 177 161 72 153 186 150 64 250 89 56 51 123 95 188 222 158 53 193 253 157 166 41 262 171 109 98 36 175 47 257 144 174 124 212 153 77 211 56 98 51 76 155 156 162 230 36 175 72 42 175 59 43 95 238 54 
236 225 54 33 129 218 263 50 173 188 164 255 79 56 116 227 176 51 120 179 235 230 96 204 58 92 239 126 180 75 226 254 91 68 38 215 179 121 226 124 239 249 261 87 74 214 170 80 238 156 64 257 79 199 67 231 68 153 210 60 234 252 33 62 235 132 222 134 162 120 81 42 36 34 173 143 144 221 69 244 136 116 256 82 256 102 120 212 206 188 103 85 140 45 258 33 192 201 82 89 245 49 170 207 40 174 97 80 171 72 68 87 177 132 102 64 146 104 106 110 130 78 225 149 61 88 220 104 67 100 42 202 37 170 115 207 81 189 185 170 173 251 38 146 162 55 54 202 213 67 182 190 110 44 183 254 227 193 241 49 212 235 186 89 139 143 
79 61 142 146 124 179 232 188 254 95 170 214 130 124 231 214 115 62 36 91 168 260 181 162 86 111 239 64 234 246 58 94 99 90 91 153 250 258 104 196 241 246 202 255 107 140 242 235 83 67 148 71 168 244 156 97 226 142 39 213 256 167 168 237 256 262 41 70 200 181 106 225 224 258 76 103 254 115 186 214 70 121 109 246 263 178 253 123 251 228 84 106 153 161 211 63 145 212 60 168 134 44 192 89 244 219 222 60 38 75 72 234 172 214 91 168 95 180 50 137 88 102 234 162 247 61 262 180 261 214 70 65 35 163 119 193 53 92 230 44 139 226 75 208 196 142 157 157 158 100 79 230 167 122 74 162 160 220 69 68 185 49 234 195 83 212 
143 178 35 111 237 218 242 105 173 243 122 201 54 54 148 202 84 123 42 164 93 124 98 152 104 199 133 263 50 37 247 121 186 148 160 51 227 198 123 260 211 148 206 195 43 111 212 44 139 165 95 202 40 118 199 54 82 247 135 87 181 246 129 170 211 33 139 221 178 174 78 176 204 88 181 101 38 159 263 101 186 240 260 118 210 91 227 211 247 213 160 111 186 36 248 167 175 262 125 77 206 85 67 211 198 34 92 99 38 80 204 239 38 256 178 100 255 139 170 202 252 94 191 69 75 85 90 136 137 166 244 237 258 213 207 88 175 212 89 141 157 132 162 250 68 192 34 37 242 107 78 157 145 216 149 35 69 198 161 261 128 232 136 198 223 130 
111 114 150 118 98 122 200 223 260 140 57 118 149 192 55 147 120 226 205 243 234 52 145 187 230 247 175 149 215 191 211 175 115 121 240 175 59 36 182 174 115 44 119 37 162 138 125 163 67 188 187 94 122 200 100 147 192 54 211 231 39 90 151 49 117 159 66 205 184 84 108 51 228 243 233 78 150 213 108 238 77 236 141 187 196 206 240 50 67 158 33 262 203 200 54 149 104 237 177 190 63 175 262 232 237 54 249 139 234 262 207 71 101 258 220 107 119 225 134 248 198 234 39 185 55 208 81 37 192 251 95 47 94 55 120 82 167 67 118 247 178 238 48 67 87 61 47 99 258 59 57 148 95 73 229 42 108 66 179 205 158 219 107 83 118 41 
133 172 70 138 189 58 89 166 229 54 170 104 206 106 194 240 43 126 87 152 207 167 192 66 51 41 231 248 38 76 55 119 208 193 189 42 47 223 179 235 115 67 248 40 258 200 85 148 106 212 133 142 205 35 80 170 140 200 242 133 73 229 127 255 174 244 64 173 45 228 45 117 76 189 177 106 258 154 157 162 213 147 50 101 98 170 211 85 250 60 109 56 207 113 240 82 70 143 155 184 70 87 117 115 105 88 74 166 230 165 57 199 150 253 177 74 250 240 181 116 100 172 111 189 197 59 208 70 88 81 188 50 77 140 139 138 113 204 80 37 38 66 261 251 53 166 156 127 41 103 153 242 188 40 184 259 204 160 249 227 141 201 110 194 187 230 
133 205 62 67 160 120 69 149 103 184 170 35 47 217 70 212 100 218 40 44 261 153 222 146 163 105 91 130 96 41 127 261 226 70 260 175 245 79 153 174 81 262 145 86 136 59 147 123 206 67 54 211 67 103 148 237 223 125 52 229 147 124 218 236 193 220 210 118 89 159 188 193 173 127 162 229 237 81 150 248 199 81 156 52 180 73 141 153 145 144 118 57 91 72 157 117 179 95 224 60 167 167 235 257 137 223 130 191 92 107 53 106 215 161 120 219 115 173 67 45 155 95 74 69 113 136 232 165 43 93 200 145 88 160 196 152 166 36 171 171 33 247 231 167 131 249 233 86 169 177 90 224 220 47 85 45 59 251 75 107 215 90 121 168 48 253 
33 184 202 85 163 154 215 136 134 242 137 90 44 132 203 110 79 135 253 205 102 139 101 213 245 197 109 132 187 100 38 184 45 231 227 131 195 37 196 190 72 200 63 163 237 218 142 249 97 218 241 219 192 257 36 170 109 220 239 41 153 258 240 110 35 35 135 142 81 95 115 189 223 175 246 60 97 59 261 36 214 46 83 242 110 118 187 158 94 128 39 69 52 49 167 42 37 191 58 188 212 86 244 96 139 164 75 103 114 72 136 54 68 49 113 196 157 147 174 169 101 229 41 183 172 144 219 82 254 71 138 47 72 114 246 262 201 130 70 227 170 229 97 87 92 192 50 78 222 260 237 151 96 71 94 51 54 208 127 56 193 167 68 197 218 66 
243 100 158 128 68 170 62 149 169 102 192 39 149 119 147 179 212 106 44 89 186 143 116 49 206 174 255 142 105 195 171 101 218 202 164 180 113 139 104 128 102 189 77 146 115 194 250 109 94 159 215 120 187 205 201 182 142 107 250 118 123 165 227 167 209 124 169 73 191 181 63 109 172 160 214 135 221 148 78 200 101 157 81 231 35 123 169 245 73 73 52 82 237 204 105 123 185 71 225 86 102 184 253 215 117 214 150 158 57 196 251 218 51 198 76 122 48 249 257 120 97 185 262 215 239 83 36 206 172 105 91 67 81 39 148 252 199 241 125 196 181 260 183 177 78 77 172 183 152 211 200 33 40 242 133 168 128 205 173 103 57 111 250 188 77 139 
228 172 72 53 246 196 101 136 36 200 218 37 209 206 87 241 103 190 217 203 36 182 247 188 54 143 115 195 197 125 83 59 199 172 182 145 63 68 131 120 149 60 95 77 160 180 62 146 129 182 243 173 246 233 83 48 67 141 220 120 154 144 65 230 83 262 40 107 148 82 191 84 158 43 193 88 133 220 35 165 192 44 154 186 215 226 94 205 114 221 103 101 210 49 132 40 248 204 207 83 251 175 153 168 174 245 122 178 72 142 134 215 125 188 176 228 221 162 88 128 87 59 87 176 196 164 40 134 189 133 147 200 186 50 123 90 196 86 53 85 217 224 35 148 74 48 134 211 179 38 210 210 193 171 186 173 170 120 112 135 243 171 174 52 134 165 
119 101 141 185 113 60 248 75 154 189 72 94 241 196 38 180 184 63 191 257 77 42 61 172 256 73 139 49 234 75 178 50 71 225 208 88 158 79 212 99 119 105 40 86 238 139 145 252 244 158 255 234 62 184 230 174 122 144 184 178 167 135 201 94 146 62 52 78 37 239 186 230 262 159 175 158 127 210 253 173 230 181 216 128 100 63 111 242 64 256 74 187 34 85 256 152 260 44 38 155 88 233 152 171 164 162 100 129 66 243 148 130 128 56 149 176 79 221 197 194 113 219 52 83 121 63 161 175 71 46 56 37 112 199 224 50 211 61 52 191 238 58 50 170 229 169 51 37 243 231 159 137 113 179 245 247 48 67 203 111 206 113 207 47 168 102 
122 91 167 38 84 257 92 188 210 76 240 125 68 206 235 219 259 212 115 125 206 153 54 115 204 234 44 229 120 261 43 192 127 250 105 247 137 185 65 103 54 253 239 157 98 37 218 131 104 226 214 83 65 208 171 212 119 159 132 217 96 102 244 81 157 150 74 57 234 143 217 214 102 80 49 141 223 86 49 134 191 81 114 49 37 245 162 255 38 218 100 240 161 202 49 129 35 72 262 227 52 150 207 66 177 253 33 225 145 263 145 55 93 172 128 125 153 70 47 161 84 50 214 230 191 113 180 220 76 229 46 167 114 201 186 182 75 48 197 95 180 61 84 102 211 263 209 219 135 233 37 67 85 183 125 93 147 60 98 132 72 36 60 252 263 111 
193 182 85 219 129 42 199 108 199 246 155 148 92 49 52 207 68 36 165 51 249 136 105 118 249 255 144 192 258 35 230 68 64 202 167 135 120 258 185 91 55 77 62 113 249 60 252 172 73 46 88 43 187 176 260 179 145 242 250 44 210 163 127 145 124 136 117 249 138 151 47 202 236 72 205 47 167 79 81 155 42 204 212 181 212 70 162 210 117 133 182 118 247 36 148 126 161 35 131 151 196 90 200 188 62 195 194 128 203 166 155 132 91 172 39 188 239 205 170 96 126 121 164 84 123 179 109 210 222 164 171 123 49 254 57 136 232 40 108 41 62 191 183 59 129 95 60 178 262 52 137 164 92 121 256 135 190 101 141 242 79 54 203 182 125 129 
39 117 53 178 185 92 152 92 254 235 59 243 77 231 51 108 92 157 94 105 56 162 83 139 63 84 193 150 193 206 131 200 187 45 45 212 174 58 65 80 148 181 204 111 54 94 212 150 122 35 235 167 120 56 211 110 238 138 60 89 240 236 53 99 162 85 126 129 188 73 195 169 87 56 190 241 159 102 236 59 226 63 150 89 84 231 195 263 156 93 158 95 45 48 243 120 240 246 44 137 106 203 186 216 83 203 129 74 193 94 253 185 159 96 160 40 140 207 95 226 218 178 200 181 209 237 143 238 85 89 33 233 208 52 52 50 97 180 256 230 260 106 169 219 222 261 83 144 124 65 246 126 112 177 89 184 137 175 160 129 139 146 188 75 179 239 
150 64 76 123 242 191 130 35 132 192 107 206 226 186 35 42 198 131 140 248 52 193 98 123 114 74 69 107 234 231 37 130 52 34 215 147 44 190 141 172 198 70 50 186 94 132 138 80 75 246 226 199 173 120 65 206 133 92 252 131 86 104 61 42 33 130 199 85 207 86 196 81 38 224 240 140 246 107 171 49 72 218 247 249 172 165 242 84 59 76 60 166 117 208 75 92 113 202 226 113 246 153 171 178 192 71 156 218 137 157 68 247 232 130 257 135 85 86 238 206 237 157 170 37 194 252 96 196 58 106 114 122 131 94 207 88 249 186 153 220 47 53 69 143 109 136 103 100 112 192 97 60 195 38 154 212 144 135 114 168 103 195 62 116 121 131 
112 251 238 97 209 92 181 114 74 127 126 98 73 240 242 86 124 255 263 190 97 215 86 103 150 216 197 167 122 112 138 173 227 221 195 259 119 222 238 187 259 189 254 245 214 165 165 152 230 40 186 163 33 76 98 164 127 212 136 59 199 242 165 123 135 71 203 78 127 220 179 75 66 84 206 154 90 63 121 37 262 118 248 75 85 72 217 179 70 225 49 108 83 88 108 197 144 37 184 119 263 236 185 96 99 229 205 261 145 133 146 37 132 163 179 244 223 130 45 199 102 222 147 161 142 136 97 143 233 158 139 257 176 237 101 164 234 175 147 54 212 126 106 139 119 175 216 139 74 157 230 262 217 133 49 102 102 226 95 55 217 69 110 244 129 37 
163 210 86 163 207 115 172 102 152 221 104 154 107 221 239 207 164 196 45 248 217 87 70 48 218 186 80 227 214 66 239 126 166 223 259 70 234 136 127 171 137 113 70 226 42 68 117 177 51 148 242 130 257 109 235 261 46 116 68 233 248 243 240 179 67 246 39 34 156 149 124 256 196 36 98 218 149 151 79 249 91 58 143 93 51 202 177 84 211 105 132 174 50 144 250 51 111 146 33 58 40 155 166 260 135 160 208 86 142 156 153 184 49 148 208 91 150 138 124 139 84 39 257 103 62 167 206 238 173 238 257 237 227 261 174 232 109 251 186 245 170 238 217 253 40 202 204 36 191 59 53 133 147 93 132 73 176 221 195 193 88 236 262 41 113 149 
86 170 73 196 216 84 127 124 71 81 81 92 261 173 249 114 91 55 252 194 173 195 257 52 87 239 146 136 65 155 188 167 187 181 202 69 122 242 117 44 221 231 76 104 183 78 110 58 56 200 173 164 235 84 215 208 203 187 135 155 144 41 64 106 219 124 138 227 57 234 54 34 171 186 123 188 35 89 66 47 241 188 244 239 78 211 133 248 188 255 261 170 188 82 216 226 206 235 240 158 208 132 189 235 37 142 181 80 52 72 154 213 168 210 125 84 186 85 104 67 262 50 135 241 53 261 208 96 253 200 201 168 235 204 158 34 180 172 67 36 71 192 122 127 168 107 136 81 55 238 129 62 105 113 183 92 251 129 238 121 224 82 104 216 165 120 
232 109 155 34 155 135 262 246 225 162 192 164 220 133 173 203 90 172 106 143 128 89 146 225 121 142 159 123 253 220 252 206 33 221 132 125 248 177 235 194 161 66 241 153 85 72 202 210 205 242 110 49 151 99 56 161 236 212 54 52 253 251 261 96 247 168 128 98 244 156 161 190 172 253 41 220 159 110 171 84 77 55 47 151 263 104 170 103 86 51 217 203 198 105 219 174 181 248 215 179 163 178 245 252 207 53 55 127 168 86 139 146 141 195 262 154 99 208 83 254 104 214 185 99 108 159 55 66 113 137 183 81 52 81 131 133 161 57 176 149 225 192 104 119 150 92 122 239 48 77 250 148 241 73 202 166 224 253 262 88 194 245 70 156 148 83 
95 242 37 133 144 173 45 80 162 83 95 172 173 237 67 121 202 43 88 223 200 90 124 180 45 187 192 58 66 210 253 260 212 159 110 186 83 73 189 214 212 152 178 208 247 158 198 149 98 98 109 214 196 90 37 121 63 45 79 61 246 225 129 117 231 156 105 229 167 59 91 158 89 39 111 241 132 124 117 119 164 101 149 221 125 175 186 209 217 165 235 117 74 34 221 235 163 70 84 244 223 63 33 189 155 113 48 152 126 237 152 180 103 106 60 263 170 231 57 206 211 91 123 92 220 207 243 162 186 69 187 54 198 159 130 176 249 179 149 257 215 87 128 168 74 62 167 35 201 59 57 57 113 223 140 124 151 241 167 126 152 114 34 49 117 174 
188 80 206 76 58 50 170 263 128 45 175 244 112 95 241 102 188 129 124 96 166 188 44 237 187 213 174 169 111 96 93 44 42 110 262 129 153 221 213 148 194 218 143 234 138 111 62 56 82 48 50 37 54 35 62 82 157 68 202 92 255 198 191 82 210 200 256 201 96 111 118 65 96 65 45 167 104 91 82 191 121 157 227 104 164 214 120 236 63 83 189 135 82 66 192 87 214 243 194 87 184 220 203 184 127 71 47 215 239 80 110 100 256 225 230 256 139 122 86 82 207 245 88 54 237 46 163 38 98 84 81 135 228 230 83 125 43 116 118 146 123 127 107 113 61 242 134 181 223 87 107 207 226 99 181 125 91 189 119 57 63 54 91 38 117 91 
45 219 56 138 196 154 203 122 245 79 164 218 211 128 79 111 217 186 48 135 228 231 79 155 261 147 69 141 69 236 144 187 67 144 137 58 56 134 240 223 188 58 194 55 237 142 168 169 72 137 188 239 247 81 181 140 179 97 106 126 88 249 48 83 243 257 254 154 230 143 206 132 177 157 167 103 225 70 37 42 205 157 261 86 164 243 160 147 238 36 123 238 194 184 108 109 253 236 133 262 34 102 79 152 45 68 160 43 185 85 201 45 206 62 73 102 234 93 145 179 229 205 60 136 198 46 84 69 126 194 156 170 200 228 211 60 233 220 243 137 63 58 160 102 46 238 117 37 84 91 116 120 255 203 47 124 149 37 239 171 78 101 199 57 211 72 
104 167 45 135 214 175 138 57 148 110 79 99 217 194 238 136 188 51 110 132 210 204 93 91 54 99 36 35 233 119 107 75 130 196 157 171 258 231 257 245 148 102 247 160 125 172 259 90 62 125 131 77 237 62 209 237 175 70 186 187 123 80 67 178 206 107 106 106 194 172 206 123 81 50 112 156 81 118 142 104 71 141 210 38 238 203 50 171 100 176 262 69 186 248 35 224 191 61 44 159 259 181 66 143 147 228 79 165 54 166 180 203 131 64 226 157 51 228 263 116 34 248 83 195 40 191 190 212 222 158 167 202 123 200 54 98 253 125 175 84 37 113 74 170 100 230 72 101 36 57 136 91 53 188 150 103 254 258 52 77 110 243 101 87 43 259 
255 104 89 59 247 248 183 204 86 54 43 218 92 104 183 258 252 115 80 170 183 238 201 197 96 144 173 195 80 237 137 212 92 46 242 56 126 218 206 243 115 227 232 242 83 122 109 136 202 68 51 171 222 196 137 201 142 209 243 196 158 69 118 165 81 135 121 47 88 190 82 156 162 137 59 223 125 219 121 135 202 61 38 243 187 53 80 59 172 193 162 203 45 169 158 210 147 83 68 136 99 213 103 90 129 216 47 221 84 211 185 98 80 102 124 176 56 191 75 239 140 252 177 47 260 43 154 103 79 159 173 199 241 149 194 243 217 237 165 198 141 94 131 84 55 97 171 130 48 248 93 244 99 100 46 222 215 107 160 113 200 203 37 85 216 174 
45 144 33 262 229 59 130 170 109 47 85 180 214 40 240 75 163 192 133 250 233 172 168 158 93 233 235 150 163 241 75 206 124 103 207 156 195 174 38 263 164 155 229 153 135 76 128 97 243 218 34 83 91 75 227 208 63 119 79 61 171 197 150 183 139 219 118 76 94 227 131 142 236 138 84 141 118 49 88 189 83 189 121 101 196 41 157 249 68 104 122 229 251 213 33 253 117 187 136 176 65 235 64 153 57 79 171 38 228 204 213 209 252 87 119 79 118 194 36 120 236 148 194 148 242 125 255 181 146 147 37 46 94 222 141 126 212 48 125 165 242 235 121 127 58 51 153 149 259 260 58 36 125 37 224 171 122 71 76 139 205 134 192 98 141 51 
217 68 188 169 138 177 141 231 205 56 90 172 116 110 234 173 236 263 207 202 208 118 111 230 135 218 138 169 116 48 74 54 35 67 128 128 76 256 117 224 216 126 234 170 68 189 69 33 110 150 60 76 81 132 171 88 55 254 173 131 150 203 39 135 146 258 131 158 69 217 171 116 54 48 172 84 168 114 61 48 90 219 110 233 37 196 47 164 177 199 72 116 238 41 223 111 99 162 93 251 183 235 216 50 166 243 241 103 147 170 86 198 77 176 152 116 175 86 81 253 128 181 249 81 228 260 192 159 150 204 100 58 155 251 171 36 157 87 238 145 133 111 65 73 125 209 134 177 233 37 38 58 251 243 55 34 69 199 85 136 243 160 34 110 150 70 
234 261 244 57 90 81 159 119 58 191 71 119 35 199 81 185 247 111 145 112 54 204 203 86 217 136 176 121 130 133 105 156 243 151 232 120 43 67 57 40 101 251 99 81 217 216 52 133 157 190 249 188 208 180 118 149 149 90 59 222 222 75 188 243 148 165 78 120 173 85 189 149 111 190 83 59 149 153 214 140 120 114 34 256 245 105 260 212 215 202 155 150 171 166 108 126 41 140 249 81 217 137 228 154 42 210 144 57 248 122 47 101 230 65 74 152 46 139 86 66 192 214 115 133 157 231 233 61 252 114 207 241 38 49 75 123 225 92 125 131 163 55 216 138 96 235 39 180 212 39 208 158 135 174 137 113 224 152 140 236 130 231 158 186 52 198 
195 157 172 150 148 181 232 241 167 238 261 225 79 237 117 204 53 106 237 200 38 250 111 60 69 238 189 142 192 213 42 220 261 153 133 42 223 253 124 228 73 153 89 37 225 94 151 71 200 220 77 186 251 82 43 141 192 117 97 102 56 34 213 141 48 39 66 126 47 179 93 115 240 162 41 108 134 100 100 187 79 212 63 60 132 92 242 142 222 83 252 70 109 74 33 170 156 69 207 169 224 97 257 55 217 75 229 219 74 189 110 193 43 219 154 56 49 178 124 95 171 176 78 145 228 106 190 75 261 232 75 176 189 128 197 156 245 134 140 257 131 109 184 84 116 45 88 214 254 119 162 121 115 41 188 199 245 148 104 243 206 215 249 155 155 42 
180 254 42 176 35 78 44 49 121 75 190 153 38 116 191 172 220 62 69 77 121 107 77 102 184 123 232 65 201 56 84 251 38 104 46 235 82 109 170 83 209 204 225 208 157 176 82 47 227 150 44 150 153 83 215 243 68 43 83 223 103 196 224 223 222 243 210 80 66 50 183 64 200 135 117 72 109 251 197 223 68 74 256 92 166 147 50 137 149 94 135 135 103 70 79 129 249 74 248 68 173 240 176 192 135 147 58 164 262 103 100 38 84 104 92 163 158 58 43 152 52 248 200 171 63 138 63 259 128 46 48 257 73 192 255 48 180 244 76 240 232 228 261 134 147 75 63 219 65 177 81 177 87 110 162 35 49 204 111 251 92 135 55 141 170 54 
216 256 66 155 137 87 144 235 215 106 122 138 58 82 197 175 67 213 98 97 231 154 240 144 110 154 262 38 89 169 151 246 239 227 241 125 75 212 62 232 136 226 227 166 126 36 83 192 88 172 151 83 223 130 159 34 66 163 165 139 71 90 144 196 250 147 192 257 183 100 95 103 253 182 150 123 58 192 248 205 82 150 72 67 157 251 134 127 230 188 139 245 252 217 250 168 131 83 252 179 68 88 226 262 248 107 61 61 172 165 139 69 71 253 111 68 246 245 204 112 79 88 159 88 160 193 119 232 79 248 122 69 257 147 89 77 54 245 62 216 158 228 38 36 162 105 82 126 245 162 153 249 166 65 122 48 213 161 70 230 175 108 158 94 258 81 
147 237 117 96 112 254 140 253 71 35 146 104 186 173 173 52 41 141 103 104 82 165 37 53 167 113 124 199 47 81 208 152 183 184 238 261 232 92 207 177 42 164 134 67 156 59 151 128 64 159 212 200 188 235 121 138 219 226 171 81 61 41 241 225 152 223 171 67 168 99 221 196 227 233 84 188 48 255 164 36 200 212 75 168 51 109 61 212 79 133 221 85 105 108 198 223 88 136 148 176 91 70 41 75 220 216 73 145 207 63 106 48 240 251 147 196 202 154 245 105 167 94 97 162 172 171 185 106 161 72 160 41 161 252 158 136 247 161 262 190 145 226 163 133 77 98 78 125 239 102 109 238 91 176 65 43 153 176 43 89 93 122 140 185 141 55 
203 170 85 190 235 96 261 122 161 229 182 206 261 204 213 130 175 234 61 89 180 166 95 157 79 221 74 116 49 122 143 68 140 165 213 195 154 207 250 141 61 168 203 49 50 167 137 45 79 213 63 175 218 123 167 101 103 119 206 153 54 236 79 204 66 201 95 174 35 225 198 235 120 109 67 189 70 159 50 203 147 53 63 219 203 52 239 152 160 124 204 172 248 167 82 237 109 161 194 97 172 59 52 142 35 242 136 139 141 171 147 223 148 199 230 244 143 33 39 210 261 241 188 152 177 95 245 192 139 220 226 236 156 94 113 120 33 193 90 77 164 177 189 237 181 162 54 45 161 262 243 127 186 145 253 109 97 247 226 115 56 54 110 207 53 39 
247 52 242 213 210 89 57 63 192 42 179 245 186 215 104 89 104 213 115 132 45 131 185 205 70 107 92 195 241 163 48 40 48 42 199 183 196 33 254 160 33 77 244 88 34 199 67 165 87 234 130 234 107 44 238 220 80 92 153 183 260 60 211 97 61 245 199 215 50 236 180 184 210 179 83 217 168 203 61 163 90 242 79 147 69 245 169 231 90 85 241 146 84 58 198 88 131 181 174 87 83 203 170 259 90 242 195 201 82 243 148 133 34 146 211 226 128 44 173 122 124 53 161 178 68 225 49 235 225 83 225 236 154 105 149 261 124 143 254 163 33 141 114 108 102 76 180 261 200 76 167 188 199 52 118 73 243 171 184 46 174 76 255 36 227 218 
188 144 192 117 233 226 162 218 186 230 134 247 204 205 235 157 115 109 94 193 185 216 62 237 82 102 197 170 69 248 113 197 147 73 136 151 74 146 250 143 120 94 263 205 104 137 230 209 103 238 78 111 72 228 235 142 98 203 41 137 33 141 61 61 69 162 121 256 181 103 192 81 178 167 153 243 65 136 259 55 261 185 43 260 52 159 98 39 176 95 176 132 119 40 263 36 79 174 170 68 167 212 182 41 248 172 86 212 143 145 237 190 248 130 245 187 201 151 217 220 213 135 73 167 200 233 259 89 122 249 170 205 240 55 101 35 102 172 140 55 64 104 120 53 130 239 134 122 133 115 111 254 86 130 117 44 54 244 194 190 96 45 164 147 213 231 
97 181 91 214 121 160 246 245 143 212 228 59 149 151 91 56 232 210 123 132 65 150 183 191 56 184 144 60 222 125 231 218 233 138 219 257 59 83 122 107 180 215 149 79 188 187 155 210 119 99 207 206 255 63 67 155 207 185 99 242 74 125 110 247 250 34 82 141 45 93 213 82 221 248 183 238 146 126 72 212 208 230 136 234 162 248 178 112 126 45 144 223 239 222 159 87 127 133 81 150 258 249 82 195 127 164 103 91 139 255 57 125 255 229 225 207 79 229 33 204 158 255 44 45 37 117 198 95 251 176 44 252 246 39 154 43 34 258 134 100 80 52 193 141 189 86 79 34 160 50 73 73 165 83 149 127 102 194 43 98 91 240 111 130 240 259 
62 171 57 230 121 48 38 110 98 218 144 128 142 65 220 202 178 184 84 223 261 141 239 161 176 86 88 208 112 238 168 44 201 37 53 219 222 156 109 248 56 110 101 60 222 70 169 181 99 204 155 125 203 170 107 49 152 175 92 235 125 123 250 34 137 84 121 69 251 36 83 210 184 101 115 219 107 227 236 91 147 228 37 130 243 178 123 140 155 216 262 82 178 168 167 134 234 58 37 123 73 105 76 191 239 104 153 188 197 133 52 163 76 85 255 155 136 41 231 111 240 256 43 142 119 175 123 205 261 197 151 139 161 162 61 141 76 165 57 182 52 94 63 217 167 127 121 225 88 80 141 91 64 172 171 57 111 160 182 125 121 145 259 143 187 92 
72 167 80 126 141 59 44 263 84 62 73 44 180 69 156 69 178 226 113 103 109 165 72 248 72 198 210 67 100 165 132 51 170 132 144 91 36 176 161 80 117 223 79 84 193 52 214 155 199 129 244 216 84 84 67 85 105 113 135 94 215 42 259 147 43 184 158 160 42 237 52 89 160 223 106 227 125 243 92 207 122 255 219 84 170 64 212 121 161 180 134 220 98 144 93 203 164 195 148 169 170 215 137 185 170 201 143 86 253 127 95 199 252 224 129 197 220 260 147 62 76 73 245 208 211 223 97 220 45 262 75 45 244 84 262 46 94 218 243 197 69 113 219 92 194 206 167 154 193 76 89 219 176 108 109 178 228 228 259 46 77 132 63 113 64 157 
194 257 141 59 201 70 193 257 46 220 205 129 129 145 191 238 208 194 250 69 33 216 204 183 54 238 220 143 110 195 99 60 108 61 210 259 73 102 138 88 69 106 175 207 175 58 125 225 195 92 115 151 89 41 193 217 132 112 124 154 78 246 102 215 234 33 34 53 249 92 48 199 36 210 48 244 71 142 214 148 156 103 40 145 57 259 202 197 202 217 197 147 98 183 261 56 58 72 158 83 59 232 81 262 146 149 128 67 245 180 260 220 48 195 256 194 46 253 109 261 156 193 42 59 135 249 85 83 207 155 34 124 161 252 137 220 218 213 148 56 167 250 201 70 143 156 62 132 233 228 33 157 168 54 85 180 187 225 210 106 204 205 193 168 88 240 
127 87 51 143 100 112 166 230 152 118 139 80 137 143 235 154 72 164 100 194 113 94 190 215 131 169 81 94 75 99 165 179 66 146 195 254 197 228 245 90 106 101 240 241 226 41 196 100 134 71 59 259 239 133 145 92 205 262 91 36 231 249 160 218 152 222 255 184 153 186 207 197 127 157 182 169 37 251 130 60 36 40 108 205 39 255 186 55 110 205 39 228 214 84 137 237 121 211 220 111 167 251 253 153 197 193 138 196 225 166 221 229 67 131 160 35 74 176 87 68 224 97 77 52 66 79 62 212 121 84 127 226 136 118 156 220 169 62 207 209 219 124 252 200 64 154 213 262 103 128 149 160 141 135 211 260 88 203 36 183 175 240 129 75 212 93 
86 59 104 211 172 139 199 55 44 63 37 82 149 254 177 167 79 88 226 160 168 95 41 84 159 153 48 263 104 138 44 179 50 255 107 71 261 196 236 177 43 162 75 194 132 222 41 139 181 109 59 85 120 139 178 67 236 220 211 236 140 87 235 135 119 101 62 235 195 206 37 35 138 219 104 146 47 254 161 243 201 238 188 57 225 189 249 52 171 119 57 245 247 69 189 233 72 45 189 175 42 174 87 119 251 211 165 226 95 190 69 137 79 63 179 263 162 226 225 263 201 138 172 220 88 242 228 113 214 131 127 165 149 251 111 118 206 147 241 233 260 213 150 63 255 221 104 37 59 176 73 214 200 171 96 125 138 153 205 159 259 207 82 183 92 106 
85 101 157 131 57 102 248 221 187 53 245 164 208 137 58 43 181 170 141 105 42 230 192 86 129 246 54 179 73 116 153 146 80 99 95 35 45 138 115 258 55 228 159 91 217 170 222 79 235 252 64 157 161 115 232 76 70 211 204 218 130 85 108 167 194 61 177 220 79 154 161 154 182 234 175 42 163 113 203 217 213 143 144 143 156 90 91 73 57 237 261 127 188 218 46 240 152 59 166 221 149 34 180 208 198 199 176 80 220 78 64 237 218 236 227 239 198 78 146 204 113 236 140 69 67 52 138 187 233 152 120 263 150 165 245 77 253 145 42 37 144 119 86 166 112 58 190 156 139 233 200 247 217 38 252 204 82 89 211 173 182 222 36 170 150 112 
83 222 226 80 122 173 126 260 70 143 247 80 80 230 103 159 103 190 147 61 53 128 236 175 177 146 233 46 173 62 101 106 232 61 186 67 68 113 72 135 103 90 44 203 205 198 225 54 157 136 102 81 188 62 239 125 60 64 80 240 33 55 57 150 159 216 229 189 129 141 160 74 153 171 235 49 119 225 120 256 181 168 237 258 246 122 175 128 204 201 175 160 109 130 117 189 140 229 179 227 194 78 245 54 239 136 193 256 133 174 106 250 147 50 79 52 180 193 203 176 174 247 232 72 38 231 91 107 37 253 118 40 248 37 263 52 71 112 208 93 164 106 178 119 143 89 198 193 207 254 194 200 249 201 159 167 116 37 64 87 96 155 53 177 147 95 
55 86 130 38 101 42 99 140 212 116 74 178 70 185 89 250 259 107 229 113 84 62 181 211 260 156 250 213 215 181 79 258 200 245 130 203 80 211 250 164 257 73 228 54 57 174 240 218 223 167 94 108 166 220 200 261 57 113 150 158 204 180 134 39 64 159 256 176 183 198 46 228 236 218 88 99 49 167 127 230 217 66 78 260 221 204 79 52 128 59 195 95 201 91 168 197 212 226 157 74 109 155 230 49 253 229 71 212 127 259 134 219 247 217 164 96 195 59 151 143 263 136 37 78 186 248 77 38 159 219 56 54 145 54 132 231 215 49 92 106 168 232 122 247 133 184 91 80 122 115 60 226 163 255 207 76 166 54 151 250 259 81 261 225 208 156 
104 121 144 125 110 201 239 259 87 178 130 159 43 228 97 33 140 193 69 205 131 235 233 183 184 233 210 193 206 214 238 246 70 119 235 177 237 173 135 68 56 134 44 46 156 138 140 55 236 130 127 206 112 120 184 243 76 240 54 110 202 253 172 163 155 160 127 67 207 203 174 70 155 37 50 180 155 251 67 114 189 249 103 190 236 237 132 161 216 257 37 257 180 227 134 103 250 111 67 91 230 95 137 71 218 169 171 47 180 124 149 34 241 201 62 188 49 209 183 85 239 168 120 101 88 197 78 211 184 131 179 186 75 122 260 197 109 248 138 91 86 92 189 156 39 61 215 173 103 172 45 248 78 216 236 108 125 174 83 228 119 145 98 96 220 112 
80 262 59 186 158 70 213 106 143 148 222 68 188 124 74 75 41 214 261 250 135 122 208 115 55 248 81 44 162 230 73 73 82 236 200 255 145 112 259 63 228 129 142 125 110 254 89 112 257 226 260 75 198 187 240 55 57 53 100 242 97 178 79 54 183 78 202 231 258 246 231 203 158 144 208 135 53 223 60 93 79 221 43 257 127 259 141 242 179 240 43 225 125 63 143 190 130 66 201 247 167 216 225 90 201 221 238 62 133 89 246 109 41 92 172 104 256 192 212 214 205 78 137 108 153 212 220 160 88 200 99 171 245 160 54 56 187 150 148 97 143 212 98 64 208 48 258 208 39 51 177 243 245 239 119 128 193 62 149 125 219 175 164 197 117 162 
245 185 106 71 119 102 151 136 76 73 108 125 71 235 64 67 239 157 69 230 90 227 104 151 119 191 213 134 72 54 176 241 51 245 104 145 104 129 201 67 259 167 254 80 115 140 131 81 159 124 167 142 182 44 116 191 102 81 216 209 60 259 194 256 33 147 58 94 219 64 116 86 186 57 195 57 164 112 119 203 75 64 65 120 200 74 38 34 91 191 67 260 37 173 89 73 143 179 66 190 155 88 56 244 171 99 163 156 125 37 114 118 111 171 237 34 248 85 52 66 259 173 131 229 207 142 81 190 116 150 220 230 65 212 93 235 148 99 87 134 109 128 110 47 48 262 162 70 131 134 220 146 72 185 36 52 152 115 40 52 136 208 177 66 235 182 
142 256 170 74 222 234 155 98 179 248 177 229 35 44 120 48 214 78 202 38 63 79 79 69 172 201 241 189 178 134 126 135 230 239 174 88 249 189 112 91 139 59 144 76 82 220 255 112 46 63 248 182 255 222 33 208 35 259 251 170 131 99 191 106 255 259 113 56 111 154 56 146 141 79 80 55 185 190 80 111 68 143 190 58 254 50 191 209 118 116 173 45 229 241 125 62 197 128 161 97 203 202 165 198 254 183 98 99 60 130 69 227 245 235 58 242 253 243 104 38 162 131 62 183 67 103 119 164 172 229 75 221 152 70 91 182 190 89 196 219 38 239 197 106 253 191 231 134 75 216 118 223 115 106 123 175 123 205 34 43 109 252 193 214 145 205 
244 93 130 82 61 211 246 240 178 220 243 237 83 75 164 67 247 164 163 244 183 152 142 72 98 118 147 159 176 107 257 120 143 191 38 152 86 51 114 142 256 110 74 103 157 219 66 176 77 116 44 160 154 96 124 231 142 112 133 248 134 46 129 177 237 135 81 164 195 219 149 111 80 78 78 124 259 238 177 92 90 136 162 233 60 197 263 51 62 108 156 257 225 122 54 194 48 209 141 54 57 54 261 164 94 253 135 73 209 147 224 40 105 77 102 122 245 230 49 205 155 86 84 166 263 111 87 149 155 166 175 193 221 199 251 80 148 234 67 97 242 243 196 71 77 252 94 247 240 153 124 103 55 257 223 250 147 196 79 200 118 187 48 96 166 53 
144 252 191 115 168 180 215 103 201 62 223 210 205 145 127 195 127 99 62 231 162 104 85 51 71 135 187 117 100 46 108 119 258 40 76 248 246 48 232 116 177 172 37 128 85 151 134 107 258 75 241 47 125 114 177 114 63 258 154 196 216 98 222 122 72 177 151 255 119 157 187 219 255 89 202 111 53 39 78 116 143 229 100 134 217 147 241 151 49 166 41 131 190 181 234 161 87 64 41 255 240 145 117 132 94 116 113 95 139 256 125 262 163 158 203 96 119 40 44 36 47 44 39 220 91 163 89 88 103 118 258 125 148 116 151 183 237 247 259 81 220 257 95 38 162 138 258 223 151 163 232 54 234 257 173 33 229 245 106 257 240 46 166 44 120 245 
64 84 65 101 236 165 47 34 121 140 207 235 72 48 211 234 181 174 155 107 71 261 198 44 233 152 85 109 83 249 39 217 117 60 141 82 235 143 176 112 156 187 164 175 47 153 112 236 76 80 201 139 258 233 156 36 135 93 207 92 198 50 169 121 190 214 260 81 86 205 113 62 173 174 87 101 191 128 197 193 85 261 67 192 101 74 213 75 89 210 112 100 140 241 182 145 180 69 47 149 149 239 102 253 94 79 218 244 182 154 198 200 165 34 131 125 57 163 53 90 223 259 155 61 65 227 226 223 168 52 207 255 220 262 129 205 222 220 136 231 194 178 248 158 59 245 105 120 226 155 166 78 125 70 259 123 231 232 259 258 120 43 249 63 201 257 
160 63 52 171 71 104 139 242 62 171 53 38 57 179 239 130 254 206 123 82 72 258 138 116 147 193 216 101 240 113 88 170 133 115 121 114 247 224 160 156 224 252 124 88 147 63 231 260 33 87 236 218 126 95 210 34 34 42 160 200 135 113 214 205 231 156 93 211 219 86 173 253 102 218 134 129 196 82 34 258 115 261 231 119 124 112 113 169 234 251 169 192 116 53 83 206 181 120 240 241 163 126 254 204 101 89 224 235 86 142 214 194 236 154 164 34 87 50 77 239 148 54 113 143 161 178 191 41 50 111 230 193 248 145 255 238 201 190 192 165 86 132 144 33 234 218 37 89 101 228 165 125 77 204 212 34 205 60 48 237 48 138 236 239 205 229 
58 248 100 221 148 154 227 231 257 171 60 185 36 234 171 166 114 33 67 207 41 254 176 52 153 132 226 149 194 164 190 219 143 161 260 189 158 53 139 44 228 239 35 252 167 191 170 165 222 135 174 71 249 183 195 35 180 80 250 34 247 195 84 81 130 229 263 33 36 89 36 56 228 195 224 131 123 199 255 248 159 138 233 235 218 237 210 43 136 204 193 46 229 246 258 196 74 140 129 263 48 241 160 112 65 259 243 95 110 109 53 65 227 42 185 89 233 153 94 229 126 62 135 153 92 210 117 175 189 41 119 107 208 169 50 149 142 53 211 94 252 183 204 244 262 238 114 215 141 242 144 243 126 231 99 255 135 59 251 46 235 175 206 84 255 175 
165 87 39 54 89 118 262 204 183 247 73 193 178 115 33 233 253 116 211 198 187 164 209 173 51 125 33 54 139 224 241 177 196 203 131 209 212 160 37 261 257 120 192 195 117 147 119 103 240 232 127 137 175 89 87 222 254 121 202 49 143 197 103 141 89 33 162 197 133 54 147 229 118 127 166 165 174 119 65 169 148 108 149 89 246 148 153 218 204 226 39 195 116 77 60 77 52 126 243 221 39 100 193 258 114 159 68 55 239 73 213 236 47 138 225 125 232 231 149 88 231 159 129 62 38 173 215 243 215 127 124 52 196 44 125 84 222 59 237 177 45 156 199 251 198 142 69 82 105 38 130 201 57 223 38 174 58 172 165 48 42 234 115 55 82 229 
138 214 49 258 88 210 161 223 169 80 125 198 126 120 75 227 70 81 195 48 56 196 74 162 145 39 46 204 132 62 146 50 150 180 252 83 194 132 42 231 157 224 75 204 114 171 33 111 224 223 192 178 178 116 222 170 183 250 207 240 224 228 120 156 126 152 191 40 139 245 78 212 47 213 254 45 115 62 209 66 76 211 214 155 201 88 119 230 90 131 64 242 111 52 138 249 153 219 177 124 197 53 70 167 73 147 199 227 147 45 86 104 112 139 57 170 91 194 119 114 221 236 209 262 43 49 113 163 233 147 86 96 221 252 165 203 122 109 69 250 227 171 207 183 214 210 105 40 76 218 56 195 228 109 235 240 69 167 202 106 120 151 181 60 190 175 
184 233 98 63 46 199 79 128 38 64 110 117 38 228 89 104 236 160 170 201 190 175 245 160 39 55 250 255 93 212 155 114 156 143 157 116 78 146 219 158 145 174 181 90 260 233 97 156 214 158 62 80 115 49 195 70 227 259 217 107 37 143 98 221 189 186 170 161 34 251 73 105 177 155 125 210 241 165 36 181 119 250 68 59 241 132 73 171 156 114 91 54 58 158 204 122 228 160 194 134 79 38 127 142 188 243 255 75 103 225 107 149 117 235 104 63 134 92 166 102 116 208 129 35 127 87 64 129 136 96 139 253 103 172 238 42 45 192 241 57 161 206 114 156 221 215 236 37 240 43 201 263 176 212 208 64 42 113 224 191 111 134 65 119 153 218 
202 131 53 150 202 179 61 187 225 33 258 261 218 198 77 188 204 190 150 96 56 135 222 177 245 185 165 183 244 169 140 95 42 148 228 143 169 77 136 234 84 168 157 158 119 84 80 257 102 44 59 136 212 92 155 77 249 151 215 228 207 133 97 136 183 83 100 166 231 97 182 39 61 253 126 122 255 75 178 68 53 146 199 115 178 58 46 94 158 61 260 57 103 114 118 236 255 127 202 55 225 37 56 241 129 143 80 142 202 198 100 186 218 159 81 186 197 197 260 68 63 81 237 157 254 97 222 212 156 134 48 213 175 106 36 148 231 216 247 82 114 229 190 242 99 197 151 210 200 197 262 158 156 241 97 165 82 114 224 102 147 189 89 92 85 126 
128 43 113 188 66 41 162 59 160 183 255 180 169 184 169 188 169 51 232 75 157 249 215 210 95 161 92 241 59 102 211 168 101 236 82 135 145 223 42 55 112 245 121 154 72 78 38 76 128 212 185 235 157 85 170 213 133 73 256 236 127 103 98 180 210 164 116 65 107 145 89 129 138 188 225 94 68 198 220 120 208 206 45 48 170 184 83 60 259 238 44 147 245 87 137 96 176 243 260 112 116 217 199 84 161 126 41 141 80 126 156 89 78 113 137 226 83 102 201 170 228 119 84 49 107 185 104 122 209 185 35 111 210 133 53 157 192 92 229 168 37 246 194 232 256 71 263 258 187 126 167 79 246 257 213 238 76 141 163 50 244 55 80 93 43 148 
141 175 106 78 34 106 45 52 241 119 98 38 255 221 158 220 164 261 54 224 170 188 66 59 256 215 50 136 148 252 135 228 145 39 165 262 117 154 251 200 150 186 108 125 244 125 205 252 263 150 204 111 190 256 195 254 88 42 174 106 223 181 92 46 63 167 196 149 89 140 52 262 226 97 124 239 134 174 187 229 157 50 158 95 178 204 96 249 230 186 103 95 190 167 155 141 205 253 182 94 152 56 241 113 94 253 141 104 57 239 136 162 151 143 95 75 209 124 37 202 122 65 142 53 199 127 147 64 144 114 168 140 148 88 201 60 62 240 144 131 50 88 60 168 136 203 85 109 89 33 167 210 144 68 260 253 173 243 261 131 160 69 121 187 217 123 
249 250 152 191 148 221 180 182 175 69 88 44 228 241 59 47 244 207 65 133 250 64 263 261 76 233 153 155 235 227 204 142 148 211 145 249 127 101 59 150 45 57 200 123 186 39 193 81 138 236 69 246 231 261 259 192 231 139 243 127 72 235 182 126 201 201 135 109 242 246 219 83 70 99 152 150 240 155 205 179 55 78 126 240 213 94 120 105 258 209 71 114 203 244 163 182 191 54 230 237 257 224 139 133 228 165 73 212 202 69 173 52 245 245 158 127 104 148 67 137 89 90 117 160 143 143 61 85 109 70 65 226 54 126 192 252 212 134 106 147 143 209 240 230 242 233 104 99 131 244 258 187 132 90 60 258 56 205 249 68 184 158 215 206 42 94 
252 222 183 86 84 102 56 133 189 157 83 136 53 260 86 189 188 219 40 259 118 116 262 231 182 197 162 104 53 222 90 94 165 56 85 138 189 204 229 181 132 190 145 218 176 202 217 42 184 61 241 158 136 247 221 107 204 141 261 57 87 37 129 115 42 158 263 251 223 231 147 217 120 64 152 220 103 87 35 181 240 165 144 143 105 222 42 174 167 55 142 109 122 53 245 166 157 103 114 189 36 205 84 163 166 231 39 253 207 63 236 84 119 256 93 247 33 152 256 230 185 97 241 125 242 125 58 80 163 159 237 253 127 195 202 257 93 250 243 166 216 156 123 170 86 118 143 113 149 196 69 128 80 123 240 204 151 56 102 43 236 257 246 250 85 53 
232 231 149 43 155 148 110 141 42 257 104 62 195 47 196 62 161 74 200 81 259 58 133 223 246 162 63 230 228 130 178 202 125 170 253 119 199 123 49 139 241 182 72 198 96 195 107 199 186 229 37 119 234 160 128 256 251 205 254 101 212 237 164 93 257 213 263 261 178 90 146 183 94 71 256 238 57 84 93 244 151 115 139 150 203 66 192 197 167 155 166 60 40 134 49 47 103 224 33 181 237 119 134 89 66 101 62 152 174 135 54 244 90 70 35 115 52 62 164 230 40 154 179 225 156 46 54 263 222 186 83 182 235 86 95 216 211 175 187 107 219 178 203 161 228 188 243 217 105 77 104 261 37 231 149 116 189 39 155 233 76 106 39 37 235 139 
195 175 183 84 204 36 205 87 144 66 121 121 225 95 200 210 120 70 224 140 129 245 107 54 46 250 174 208 125 174 243 161 220 220 125 172 84 199 88 232 258 244 177 41 204 209 117 234 103 117 93 217 172 190 119 164 134 95 196 214 201 229 147 212 72 252 71 45 96 91 164 63 152 39 138 205 175 61 142 160 198 46 254 95 104 256 176 156 150 154 175 158 161 195 168 56 234 155 150 87 149 66 110 62 242 222 165 133 262 203 41 36 104 143 219 253 145 184 45 248 205 103 171 37 100 97 78 256 115 189 117 211 84 210 75 252 234 161 249 227 198 33 121 212 64 181 190 68 155 106 128 37 196 123 237 62 178 218 120 257 201 67 53 252 174 205 
87 232 85 97 241 50 110 127 64 155 240 42 222 164 61 120 108 116 204 249 188 40 195 215 52 170 34 107 161 164 263 35 211 134 231 149 117 79 128 208 95 222 220 53 75 224 120 154 106 89 161 95 260 259 246 200 67 45 67 115 80 124 131 204 165 130 34 222 176 251 185 57 218 220 67 224 56 57 260 167 93 232 84 148 187 141 100 119 107 68 110 107 197 197 54 255 102 165 198 231 82 163 82 179 78 224 262 215 38 117 246 247 108 226 105 151 223 83 86 47 120 102 91 113 33 139 240 94 50 90 55 173 152 92 181 151 125 244 178 162 118 254 240 149 72 191 244 221 89 78 207 188 34 47 251 44 64 90 244 51 182 122 45 89 234 105 
90 145 258 236 231 246 155 175 173 250 45 149 72 227 222 139 232 179 246 238 254 56 191 183 46 124 86 158 128 70 169 194 106 58 152 156 63 234 198 202 143 200 131 228 74 82 64 35 165 187 137 222 114 52 149 171 255 240 50 129 254 183 253 75 234 123 185 164 254 168 255 151 116 239 145 165 90 209 72 188 206 106 59 178 158 119 90 195 196 95 143 239 220 183 245 211 116 168 184 97 117 140 198 222 125 77 109 165 42 185 68 211 100 197 174 227 68 218 163 185 217 138 142 230 75 33 231 162 186 151 248 258 72 55 218 241 107 80 89 239 167 263 34 108 47 249 57 194 208 66 242 94 234 57 102 150 48 137 151 73 218 61 256 261 94 63 
106 156 132 248 93 239 230 112 41 97 190 52 217 210 231 216 195 194 173 33 250 117 222 226 43 41 155 213 226 90 42 195 105 34 36 115 72 54 135 43 186 222 237 52 52 243 171 175 147 51 150 77 130 222 71 72 101 57 73 126 254 129 159 166 155 95 90 203 86 42 79 85 100 88 263 63 57 71 212 129 185 244 255 132 187 230 143 86 47 99 45 46 113 208 205 167 223 155 133 175 72 167 38 178 97 79 50 163 44 134 93 175 155 251 146 138 112 76 42 203 96 196 117 46 83 93 196 169 35 213 174 180 208 237 39 147 254 138 70 63 230 88 198 61 61 198 112 96 140 65 123 236 153 207 168 199 118 186 158 224 204 125 219 173 217 97 
64 58 78 34 38 96 146 88 201 44 196 102 245 41 145 44 156 209 120 239 111 177 253 131 239 200 178 70 47 133 33 254 177 59 160 249 165 100 63 228 259 163 156 232 74 100 117 94 234 227 154 257 94 145 200 108 206 209 125 176 130 138 59 169 96 80 190 165 169 235 92 79 244 240 154 253 188 101 182 174 164 143 174 215 262 133 174 103 173 211 141 235 148 65 144 261 249 129 217 108 230 236 256 75 51 241 165 245 251 35 178 46 171 188 258 155 168 133 139 208 142 180 81 59 114 215 184 66 92 163 216 34 232 93 225 96 250 81 192 179 161 87 251 138 263 111 243 140 228 72 194 57 197 134 59 174 139 129 82 115 124 85 152 147 161 58 
172 222 175 214 228 246 48 75 64 93 204 133 259 56 226 233 92 177 42 175 148 236 239 235 112 216 164 175 218 213 33 53 246 180 166 221 195 229 205 47 109 216 203 132 130 44 249 105 184 83 260 150 149 156 195 132 164 51 184 200 134 52 69 159 113 125 254 220 38 34 38 146 33 228 190 257 101 65 84 132 104 214 227 219 155 195 60 77 36 233 40 36 45 34 55 91 105 90 56 244 127 144 43 247 84 47 146 113 247 138 52 126 226 126 33 159 184 108 47 259 263 57 136 38 120 91 147 57 103 111 229 77 129 115 89 124 93 196 235 243 107 71 73 130 136 173 47 189 214 166 108 69 133 48 261 143 188 104 69 129 161 261 162 77 235 77 
144 241 61 175 142 145 134 223 40 245 158 182 227 144 84 69 263 217 168 237 95 71 210 114 209 113 146 260 184 121 261 89 46 199 233 154 163 122 118 246 77 178 164 123 219 72 186 166 168 254 136 71 160 150 35 216 95 141 132 256 183 229 121 162 33 94 170 238 88 228 39 80 172 158 131 163 49 235 49 198 111 61 212 118 34 126 199 193 216 111 101 44 258 74 79 198 75 49 35 144 149 235 98 181 92 115 149 116 191 209 116 127 111 103 187 166 209 156 76 181 137 51 113 81 199 198 33 89 146 55 66 54 232 58 194 170 191 173 213 227 110 117 66 71 194 190 219 200 36 180 188 176 83 149 204 237 74 169 200 43 220 62 182 59 179 152 
86 83 203 123 100 187 152 160 97 66 185 155 249 49 205 149 126 126 214 63 88 154 138 193 199 61 240 156 111 220 76 133 121 45 56 184 255 88 180 220 105 43 243 96 258 40 36 259 133 102 132 41 50 45 232 129 37 164 149 182 220 174 196 52 208 38 78 239 210 192 244 162 207 215 194 239 105 79 191 193 249 128 166 100 219 55 82 47 207 197 56 216 190 91 99 45 249 230 202 138 163 204 210 261 119 255 166 246 152 140 221 173 239 86 47 118 105 241 157 59 240 93 206 35 175 181 222 128 108 184 229 250 258 165 260 109 110 257 188 239 79 170 228 207 61 211 176 136 122 235 222 131 88 202 114 234 236 229 196 164 135 211 93 91 217 188 
66 108 45 71 123 167 235 255 228 147 162 163 220 161 228 100 219 41 189 107 223 257 250 58 164 98 178 180 258 124 204 192 44 239 48 260 201 213 183 254 61 93 252 220 50 95 259 205 77 243 54 231 119 64 101 256 154 83 241 52 165 188 91 68 230 238 168 59 58 257 63 260 209 257 72 219 263 37 194 97 41 145 73 232 115 81 44 259 79 157 226 199 247 146 257 43 117 146 182 140 88 78 118 209 247 36 242 249 40 180 84 220 139 130 171 219 259 200 147 236 168 103 123 195 145 92 98 185 173 55 126 78 127 76 205 109 99 230 190 256 142 255 254 199 189 95 263 121 209 144 223 33 72 53 181 62 261 249 178 70 57 135 60 161 112 159 
92 199 70 134 61 141 148 85 152 56 222 249 223 88 146 162 62 57 220 81 177 175 206 143 110 73 43 237 169 38 45 58 249 103 51 109 191 192 163 187 55 221 122 190 186 195 122 105 120 33 233 180 149 206 152 58 177 76 187 196 39 75 61 235 232 138 52 41 216 188 197 246 217 166 256 151 243 239 161 249 173 49 45 88 223 75 108 40 211 69 236 220 38 227 166 156 36 231 198 152 226 228 60 110 244 97 210 53 248 106 216 140 204 37 170 90 189 222 249 234 214 113 86 204 164 79 234 41 91 152 203 155 42 234 157 122 177 94 253 258 245 130 81 48 169 262 85 213 228 54 57 88 38 205 78 220 147 92 238 110 114 102 196 170 237 118 
104 156 233 173 42 86 74 78 141 107 38 235 239 141 48 86 104 69 67 217 44 184 101 157 218 84 256 157 123 165 118 108 81 151 176 258 243 154 227 128 125 53 181 67 77 64 210 194 174 182 139 92 129 100 201 151 152 173 254 200 245 121 177 259 64 107 243 49 252 108 68 156 190 246 58 107 49 118 212 115 81 96 194 241 135 209 122 42 49 193 49 83 51 168 239 115 202 255 182 238 240 229 239 186 34 52 60 79 231 191 136 262 237 37 185 222 142 77 222 83 51 52 149 66 233 83 217 107 246 259 149 138 34 221 122 171 48 186 58 142 152 215 128 216 229 231 41 256 152 72 126 249 239 52 56 76 247 86 188 119 81 143 75 254 238 263 
114 244 63 75 201 98 51 170 256 40 205 174 229 242 52 49 145 176 160 195 67 217 96 47 83 128 119 196 136 41 152 116 177 134 43 100 81 249 156 148 154 48 184 116 132 49 205 43 155 214 129 218 259 262 61 49 95 162 214 72 250 82 184 251 263 188 182 208 259 242 213 155 108 184 52 42 138 113 236 231 188 108 158 147 60 195 182 56 141 41 253 247 80 138 100 127 90 142 253 112 83 189 152 112 166 212 225 131 180 183 119 213 72 217 232 43 158 95 248 209 169 104 127 110 158 174 176 205 59 188 151 184 100 113 219 151 104 83 131 229 66 242 236 258 56 166 170 59 164 252 198 102 83 48 118 263 201 63 145 107 68 205 81 163 106 204 
48 55 222 135 221 114 144 182 134 126 185 226 155 117 127 198 90 201 45 254 53 85 229 75 123 121 208 197 207 53 105 258 85 48 49 196 252 185 79 129 199 147 198 64 173 199 72 230 260 228 111 33 54 41 109 127 242 158 166 120 136 181 142 183 131 204 68 186 218 50 69 182 144 104 127 223 145 56 198 221 76 245 198 174 46 66 112 238 91 172 51 87 72 113 207 84 171 115 191 42 110 234 227 114 93 225 123 53 94 258 249 115 108 230 149 262 189 92 57 67 34 134 162 198 53 74 232 172 241 243 191 255 52 172 112 201 157 154 171 208 39 186 214 93 87 141 65 205 110 113 201 173 92 158 64 77 216 184 224 168 261 44 232 113 107 253 
217 226 33 211 245 45 40 43 88 176 90 116 169 193 203 51 85 161 102 240 110 200 107 231 136 95 38 204 39 216 69 37 53 77 33 135 214 97 120 158 206 192 82 105 86 209 66 97 181 169 54 57 82 71 131 230 124 48 123 71 224 226 201 171 66 111 251 73 72 95 238 167 87 238 110 109 59 256 225 231 247 77 54 227 183 207 34 97 93 159 59 229 200 257 104 76 50 60 44 53 102 187 155 66 120 217 106 238 94 195 82 206 248 166 59 93 53 222 88 138 186 139 167 52 100 114 171 97 207 193 202 154 251 148 101 174 137 72 87 56 221 172 133 165 122 194 76 68 76 49 76 62 94 127 159 53 53 251 203 110 181 252 51 230 161 232 
34 185 83 245 185 227 201 58 246 183 249 221 33 49 41 236 77 105 146 208 94 93 178 55 171 124 160 187 85 190 92 258 52 51 41 129 189 178 182 108 123 198 160 113 239 79 158 166 201 34 182 204 181 118 221 88 39 141 107 243 95 245 202 130 185 182 107 45 166 206 139 71 97 182 184 42 59 116 97 34 35 180 87 175 183 50 125 46 142 163 94 216 83 131 241 72 35 231 119 53 71 255 44 49 72 166 235 214 234 98 55 191 188 204 150 87 247 123 118 104 54 155 71 102 201 154 88 195 263 170 123 155 240 58 55 96 85 178 200 149 99 75 218 247 216 199 140 107 136 224 224 101 76 143 94 98 95 108 172 107 175 206 209 60 167 116 
259 161 75 147 140 131 131 46 205 135 201 217 169 245 198 84 33 256 182 153 66 45 49 194 127 130 236 209 111 44 55 183 142 176 246 93 160 250 164 153 155 70 130 178 224 52 166 176 246 217 179 139 260 121 72 69 138 77 217 178 100 190 97 196 40 165 44 139 110 209 116 222 235 60 88 229 102 142 123 161 106 152 208 154 69 208 91 226 183 148 222 146 195 122 34 234 51 172 172 167 244 173 252 61 41 167 228 150 204 178 39 76 140 246 111 47 214 65 247 180 39 70 56 204 126 232 260 95 35 262 174 256 201 151 226 86 86 242 177 149 119 54 129 104 36 212 33 194 40 147 171 57 135 249 255 110 126 253 255 148 76 160 260 253 187 121 
110 95 251 228 89 166 231 235 133 143 172 116 145 240 57 91 41 126 129 127 98 152 143 190 114 249 183 205 46 100 221 201 186 169 111 248 152 168 48 102 39 74 59 45 133 224 222 197 117 174 240 186 121 214 97 153 50 236 229 166 137 130 102 84 33 199 192 157 61 224 171 161 249 87 95 106 172 117 105 109 116 103 113 174 37 78 187 153 59 256 209 128 85 180 227 129 100 127 218 122 75 196 94 99 224 87 172 36 145 50 111 109 37 223 148 189 120 253 54 147 90 205 111 101 36 216 151 70 198 169 76 107 218 177 173 38 70 125 141 248 199 52 227 115 225 260 207 251 247 151 114 92 210 125 215 248 170 99 257 178 86 62 102 157 59 124 
51 168 243 37 148 92 152 118 148 219 152 191 182 207 37 142 192 217 41 204 34 223 174 186 249 68 137 182 167 245 88 256 105 129 92 165 64 58 152 172 79 218 235 67 118 86 260 161 192 95 45 114 192 36 231 168 102 51 215 93 131 134 235 126 159 121 237 172 182 69 218 233 130 83 110 154 156 240 171 174 225 227 76 136 223 145 161 229 131 85 164 35 248 66 70 47 115 89 262 65 95 262 236 123 190 182 129 168 97 182 150 45 79 98 140 231 78 173 114 220 230 128 212 92 199 113 185 128 211 114 63 225 116 174 194 184 195 67 198 202 197 40 112 228 82 124 59 81 99 158 179 121 107 145 207 134 154 167 153 47 104 216 117 92 218 215 
212 262 217 149 108 263 46 166 141 219 239 225 202 40 258 97 244 72 70 206 147 177 245 141 73 40 215 157 255 107 42 227 179 134 142 123 228 76 118 70 157 170 171 233 198 45 153 139 68 179 175 187 46 81 132 39 146 40 153 164 33 69 238 75 185 236 260 81 88 236 218 146 145 261 100 214 186 244 207 93 235 248 57 236 138 219 128 48 209 214 163 176 209 83 100 172 188 172 178 190 257 98 45 81 60 77 259 40 125 75 235 149 45 214 218 39 175 83 144 247 201 94 232 33 43 169 104 191 214 206 138 121 234 87 52 47 88 123 195 119 157 209 114 226 248 138 247 84 93 72 250 43 228 134 61 145 263 65 186 127 122 35 263 218 130 112 
254 39 153 45 59 136 47 107 108 230 113 116 168 135 144 69 44 52 128 224 156 69 96 148 48 260 172 246 251 33 70 194 65 141 145 240 80 178 104 141 114 87 197 36 215 96 165 104 76 221 242 219 167 59 43 248 142 198 260 168 144 113 135 106 111 159 223 184 195 237 257 61 117 45 130 54 169 37 146 85 95 86 146 35 91 176 190 144 122 99 85 54 188 156 188 260 125 55 244 138 90 212 125 66 163 73 174 221 250 137 159 168 173 130 116 80 61 125 49 186 94 110 205 181 78 125 81 188 224 243 72 95 151 206 70 69 258 66 261 252 155 147 195 124 45 234 227 202 186 239 239 211 225 168 92 167 49 221 111 166 57 196 97 214 48 227 
142 258 201 102 126 62 125 124 261 169 233 66 194 174 126 35 207 236 148 133 40 255 242 57 63 151 189 206 247 120 119 222 242 247 181 154 132 188 40 60 54 166 193 42 130 99 44 256 46 189 213 51 217 87 149 174 235 178 257 122 256 64 56 243 125 51 149 144 180 104 127 120 80 192 166 105 145 110 209 263 128 148 200 256 94 161 165 260 119 33 85 48 89 158 81 183 90 35 114 154 141 245 253 211 234 205 57 55 57 239 78 182 251 167 249 209 104 85 162 206 247 144 184 207 40 52 101 101 158 146 211 184 216 180 64 77 231 109 93 209 244 114 103 108 97 151 126 88 184 184 56 42 78 124 203 249 111 217 196 232 101 80 137 159 143 134 
177 162 235 219 165 211 228 158 121 244 160 215 121 194 241 124 170 33 113 263 107 45 70 166 123 251 176 73 78 157 129 104 224 57 125 38 188 259 159 93 210 171 254 159 249 50 179 59 141 183 245 35 190 114 83 231 145 38 124 215 80 178 143 110 45 83 68 204 36 235 221 137 125 133 149 190 59 232 105 245 242 242 249 219 174 40 221 215 108 70 101 141 118 246 97 173 183 208 145 81 109 249 235 138 128 215 193 168 247 177 125 72 131 58 216 218 108 253 89 46 191 239 117 162 256 140 161 242 199 67 193 170 199 64 189 210 223 111 252 164 83 108 84 215 67 83 124 244 160 250 223 84 158 240 66 109 89 189 179 236 160 131 97 126 228 258 
138 259 94 215 215 161 213 231 123 157 54 147 263 121 67 238 197 186 211 237 158 88 163 53 164 128 109 249 160 80 206 47 170 194 33 99 218 257 125 83 186 40 141 247 118 186 248 53 251 77 97 71 222 219 127 136 126 126 229 240 168 45 204 84 146 50 135 164 248 34 254 49 220 134 85 58 248 161 127 50 193 103 236 246 43 42 180 241 208 101 153 225 196 211 55 122 155 90 149 93 177 243 237 171 138 179 118 182 234 244 143 72 199 80 260 115 45 35 154 89 261 121 213 135 231 187 211 199 157 213 191 235 64 262 231 216 54 238 217 106 177 215 134 119 112 54 144 128 245 224 71 54 98 118 262 200 50 257 258 211 82 212 224 49 179 243 
156 172 113 211 101 47 157 135 64 146 43 132 202 144 147 257 144 232 232 55 153 195 173 158 172 237 54 146 122 190 52 118 87 244 133 256 230 97 176 109 217 196 235 188 130 260 131 91 148 80 51 153 120 197 246 35 153 251 169 132 228 195 187 98 129 33 68 66 207 53 87 222 211 136 140 188 260 213 200 254 51 36 234 239 37 55 99 111 160 244 162 253 135 169 51 241 112 153 96 156 50 49 56 47 153 50 168 135 207 75 173 170 242 96 105 164 121 189 72 164 183 197 261 62 173 221 117 125 125 83 175 83 76 93 136 258 109 148 203 252 255 61 90 34 210 148 113 241 201 95 128 115 167 178 134 195 220 232 118 133 182 181 256 223 150 97 
70 187 70 127 160 172 236 250 202 184 134 230 244 56 181 200 183 262 217 150 244 69 62 158 232 166 128 37 195 157 184 112 77 106 156 41 157 47 257 205 217 51 149 74 226 176 173 112 167 91 33 188 262 147 188 57 161 204 226 152 214 192 63 227 98 39 79 194 80 196 34 151 193 68 153 60 79 51 231 203 162 257 202 66 158 203 173 156 52 44 205 158 104 200 43 106 91 248 75 187 179 204 88 222 38 118 36 228 92 109 222 91 69 107 146 37 232 68 262 97 236 220 85 203 251 84 193 79 163 122 173 202 110 54 155 223 241 101 112 109 255 55 220 189 204 126 171 112 224 232 211 250 202 127 43 262 252 74 130 184 44 86 133 181 161 85 
50 98 183 259 223 84 232 52 207 95 238 51 182 196 138 261 217 65 216 128 83 62 234 132 107 167 110 49 68 151 155 106 152 96 91 56 239 255 148 59 243 198 124 163 206 212 181 241 59 58 201 206 138 81 222 118 153 110 221 67 217 129 82 89 229 170 76 254 220 123 98 103 99 205 263 257 66 70 95 224 80 218 192 123 164 225 48 122 208 64 227 107 252 253 230 166 218 148 69 213 219 96 208 235 250 220 149 81 74 36 251 228 46 144 48 154 243 125 135 261 126 223 256 88 100 155 98 204 233 161 117 128 215 212 46 79 220 157 84 150 168 131 198 98 90 233 236 152 121 190 152 58 64 88 126 71 109 48 140 131 232 112 152 79 48 134 
240 43 206 229 259 106 219 233 209 209 124 162 153 256 129 194 229 150 186 57 134 101 195 135 121 137 115 141 191 122 111 140 257 42 146 228 53 63 183 210 65 73 39 138 204 214 162 94 201 155 45 239 65 33 230 211 200 79 223 65 135 198 232 233 230 151 189 248 251 217 46 246 42 55 161 144 250 155 43 235 199 143 219 251 251 38 46 126 43 139 177 133 235 261 97 107 128 75 96 121 238 115 215 87 55 255 100 71 204 221 81 256 259 218 179 175 150 262 195 212 145 105 71 204 96 78 143 237 215 249 199 250 106 211 197 260 186 208 237 241 125 171 151 81 250 117 62 235 63 46 33 234 107 217 240 175 169 126 111 229 36 241 144 148 100 178 
155 90 52 108 134 59 126 206 53 153 177 233 247 162 176 124 98 137 94 57 37 177 63 33 92 206 250 82 84 259 51 66 45 180 167 241 90 221 170 143 43 208 109 198 62 221 263 59 160 121 207 257 177 252 162 137 75 46 106 126 113 174 204 105 210 195 117 235 115 44 208 46 170 105 251 234 139 253 217 87 248 114 82 260 33 146 241 228 106 215 38 34 73 248 131 206 99 156 188 238 263 234 171 125 146 152 214 67 91 137 43 60 116 125 252 99 42 173 64 174 160 204 220 58 241 150 209 263 238 36 167 133 68 250 142 237 42 249 102 208 167 54 100 240 44 160 125 133 220 222 34 89 36 91 129 79 246 242 45 214 94 162 42 196 196 149 
