89 2
42 33 
90 134 
74 124 
79 107 
118 99 
29 72 
35 70 
50 22 
36 28 
27 75 
51 122 
48 64 
43 37 
81 22 
89 114 
85 99 
84 39 
108 57 
113 85 
29 24 
129 82 
46 39 
56 79 
84 39 
63 91 
109 133 
47 118 
87 24 
41 33 
113 131 
86 93 
82 49 
115 126 
71 112 
42 101 
130 31 
96 62 
29 28 
49 116 
33 112 
44 75 
29 122 
119 88 
99 74 
106 69 
28 133 
77 29 
116 78 
112 111 
42 135 
89 30 
122 70 
54 32 
21 79 
82 19 
87 81 
129 81 
58 66 
34 23 
49 120 
108 123 
24 130 
51 64 
26 91 
106 134 
101 30 
79 71 
79 82 
99 108 
95 109 
76 55 
19 104 
85 25 
62 134 
77 19 
114 78 
50 34 
47 52 
125 111 
18 73 
34 123 
100 115 
46 27 
130 103 
24 123 
33 98 
59 89 
31 113 
94 109 
