102 89
50 57 47 103 52 36 78 86 92 60 112 112 64 132 132 32 26 109 75 97 27 44 70 85 24 73 102 135 73 27 58 86 111 58 55 35 124 54 31 54 100 102 139 45 149 127 76 98 139 144 28 141 28 28 147 135 152 115 148 86 118 125 100 135 21 148 68 28 47 98 33 48 70 137 86 86 110 48 67 26 109 75 55 100 91 150 132 33 150 
74 66 43 124 21 46 96 128 32 50 47 24 21 77 141 44 133 93 65 60 151 70 76 38 97 64 111 54 49 22 121 139 51 111 30 80 84 20 39 84 112 102 83 56 82 44 144 71 60 67 37 93 114 54 61 129 138 66 122 32 136 22 111 43 98 143 84 36 105 107 38 49 44 112 76 75 82 31 22 20 117 118 20 84 61 87 81 113 45 
55 44 122 101 130 135 61 33 38 121 106 85 138 86 103 45 48 76 61 95 72 41 135 89 24 95 23 20 59 90 56 126 62 100 68 139 72 147 148 89 141 20 105 49 65 114 83 85 35 126 72 56 34 56 130 43 29 70 127 27 88 80 64 143 135 123 130 54 34 36 130 83 66 70 125 79 122 40 147 149 144 37 66 37 55 43 78 27 148 
49 66 111 120 79 149 139 123 63 130 140 61 45 88 64 43 38 24 148 99 119 112 122 104 141 132 54 52 96 71 142 146 49 135 125 110 50 46 89 44 75 88 149 124 39 95 30 138 106 139 40 147 27 81 70 73 38 138 97 86 81 24 135 91 130 65 46 38 80 111 87 36 115 38 59 106 134 44 113 54 49 90 58 112 123 80 95 63 88 
149 129 44 67 27 55 150 66 96 124 146 57 24 56 67 65 29 21 65 135 84 78 43 71 77 84 65 109 59 95 72 80 64 41 71 111 73 132 95 126 87 121 118 140 119 38 146 119 38 144 118 50 87 22 75 106 45 23 119 103 37 70 65 46 109 27 25 40 95 96 147 90 41 52 99 60 21 40 79 135 92 46 27 91 147 107 24 98 56 
53 132 78 125 52 41 50 125 59 21 148 115 95 29 34 109 76 60 82 142 69 58 97 32 50 130 23 131 148 129 105 135 130 57 45 106 38 36 149 20 66 86 22 111 123 116 63 57 76 64 94 136 80 78 103 46 40 59 132 61 89 134 44 56 31 68 83 119 144 52 81 112 101 40 64 33 143 51 93 114 75 85 101 42 113 118 27 84 73 
87 56 148 59 116 64 53 59 122 43 73 149 28 126 152 91 61 49 70 150 79 36 74 40 109 66 125 91 91 42 114 114 116 57 93 119 136 75 112 75 48 80 136 150 37 145 138 89 105 139 118 55 29 82 28 42 27 103 53 82 113 31 114 36 23 62 52 146 58 113 147 113 119 51 112 27 119 77 115 55 89 82 76 67 66 118 147 129 62 
145 36 143 67 87 113 36 79 90 71 102 132 47 119 85 137 84 147 140 67 107 27 140 22 147 151 65 72 58 101 140 108 149 36 127 122 86 85 68 115 44 99 28 89 121 106 106 62 29 90 137 76 31 78 120 138 22 90 73 49 61 23 38 42 24 75 119 31 46 52 46 21 131 45 117 50 44 64 36 63 20 115 27 42 41 24 95 151 117 
125 51 99 150 44 109 78 146 144 106 149 132 50 24 81 97 152 145 83 34 47 41 121 146 133 71 28 39 150 105 33 46 82 107 142 25 57 134 93 134 25 90 67 103 45 97 55 39 91 70 43 139 140 145 125 35 95 146 67 26 137 117 81 123 89 65 85 32 105 31 58 23 104 89 141 64 20 84 96 125 100 65 87 54 26 114 76 148 74 
62 60 96 133 38 104 21 47 134 150 60 145 28 119 70 91 21 149 148 152 31 120 29 94 138 90 65 34 70 100 86 49 143 90 87 30 132 88 62 32 36 31 131 80 43 115 35 151 118 151 36 135 21 148 57 124 97 77 26 108 28 149 69 38 149 64 69 54 139 78 75 139 144 53 109 109 121 113 98 105 115 61 100 40 148 97 92 48 78 
59 113 73 110 136 22 131 89 85 89 75 88 111 57 88 148 46 72 83 45 106 27 96 28 125 128 138 47 144 64 29 73 84 103 34 113 118 138 25 35 144 137 31 118 103 76 136 20 40 41 63 125 28 77 40 72 127 117 81 76 26 128 136 86 80 148 77 57 61 150 71 77 82 53 104 125 111 87 64 96 49 117 91 93 94 122 141 129 67 
44 35 34 104 107 78 87 49 47 20 106 23 124 78 107 93 35 42 63 54 150 91 49 107 114 43 123 42 41 128 146 132 64 127 63 135 46 85 131 106 111 58 45 24 134 74 79 104 112 89 60 126 110 109 82 148 106 39 83 121 33 148 89 57 46 152 145 87 57 77 105 87 145 105 36 92 89 112 66 96 57 21 51 81 117 49 115 43 63 
81 144 40 83 41 119 132 68 52 137 116 144 46 45 80 84 68 131 34 116 85 106 49 105 44 32 116 90 114 101 128 34 35 73 67 147 35 34 148 55 97 70 28 93 74 70 140 75 55 41 98 150 122 87 130 137 45 119 40 69 81 125 144 97 82 40 83 53 96 28 129 78 22 115 66 64 96 81 140 59 152 82 59 111 42 46 74 130 25 
123 20 31 129 88 48 141 114 43 108 46 29 115 103 117 95 71 53 85 89 97 23 23 143 48 136 137 22 135 32 121 49 28 132 41 81 125 33 135 24 152 107 93 47 138 148 86 46 140 22 105 152 70 97 117 95 89 107 124 125 76 26 60 97 124 115 132 61 37 93 24 150 49 73 116 133 109 27 71 69 53 148 78 121 47 59 117 86 30 
111 135 21 69 44 60 94 46 49 76 36 57 90 118 47 118 73 55 127 88 137 42 22 129 83 126 41 114 137 149 43 20 62 89 87 50 111 44 49 118 122 32 125 67 22 105 46 122 54 21 40 35 30 78 79 96 56 126 76 103 114 145 23 99 69 106 137 36 85 81 131 104 71 44 24 118 20 49 130 47 51 112 141 59 73 72 43 141 21 
25 30 95 106 71 31 148 149 45 142 146 44 87 28 60 87 61 97 90 52 113 76 53 64 65 70 151 135 27 32 23 144 91 115 139 30 101 119 74 98 134 45 29 133 21 37 69 108 69 66 65 36 54 45 75 51 84 90 122 138 42 59 77 33 79 30 83 56 124 87 107 37 107 144 68 115 21 140 134 96 42 107 74 76 105 59 138 146 96 
134 44 137 128 87 96 23 28 96 24 21 38 65 119 29 132 112 146 55 122 31 54 42 105 22 97 61 49 38 44 93 146 44 24 124 60 26 96 59 118 91 124 148 139 65 106 116 100 90 145 88 86 134 114 61 123 148 113 146 127 135 34 46 51 66 54 108 138 100 137 28 114 148 32 111 35 110 104 115 52 95 113 63 137 121 61 147 29 47 
102 41 145 115 124 103 147 103 106 32 143 112 50 112 119 123 74 86 92 74 76 21 87 82 80 119 63 147 130 152 43 136 93 54 102 74 122 22 43 78 118 108 135 98 126 118 37 127 80 67 110 44 141 53 39 146 127 26 143 45 118 73 123 53 147 31 43 72 75 102 98 72 63 152 134 108 147 98 46 44 28 65 32 103 127 93 111 85 51 
106 141 29 108 99 82 143 59 67 75 150 57 55 27 22 145 110 90 121 119 95 76 114 127 44 27 115 152 64 127 73 81 102 143 29 128 95 100 91 122 111 135 130 115 50 65 35 102 35 132 130 105 31 93 114 90 104 64 44 75 101 68 120 46 73 102 102 79 121 146 54 79 128 70 132 138 85 100 141 103 142 133 145 62 136 51 46 91 126 
22 148 65 145 96 109 40 29 80 23 70 95 77 125 90 120 107 54 39 116 107 29 103 55 62 104 34 34 57 34 57 48 106 67 112 85 132 48 108 133 102 112 150 130 134 58 64 56 116 77 104 94 33 106 36 43 51 126 126 141 140 22 63 21 88 90 117 117 82 64 79 49 106 39 46 114 147 124 76 39 33 147 31 29 25 103 88 79 74 
94 67 36 31 63 84 33 48 101 53 64 103 25 43 43 90 67 121 30 117 88 33 142 103 21 87 23 122 42 144 56 106 74 125 55 81 97 143 75 97 116 54 126 127 37 129 48 115 78 67 86 30 84 94 22 149 123 151 89 45 98 71 133 144 27 80 111 129 36 82 55 73 98 91 130 70 46 29 150 138 130 148 50 76 85 31 121 76 22 
42 119 39 53 21 21 136 46 65 95 152 150 108 48 93 41 63 111 103 20 83 36 27 100 136 51 134 23 84 149 82 70 35 126 67 111 125 33 105 69 74 57 46 80 41 65 20 69 42 32 148 49 84 29 111 124 80 126 101 49 126 152 92 147 133 56 31 50 84 150 137 51 108 122 75 72 139 104 129 39 91 83 135 146 139 116 51 57 149 
108 95 121 112 27 147 151 27 76 133 83 80 20 65 93 25 127 28 112 57 143 123 151 48 47 112 80 39 108 116 31 24 137 121 103 46 137 147 24 67 82 84 83 27 46 31 45 126 119 44 125 114 134 150 57 124 32 96 59 72 131 23 143 141 132 139 31 116 134 23 139 28 31 62 110 141 145 75 84 51 71 118 125 99 26 39 88 107 58 
26 111 96 96 66 72 146 70 44 30 126 68 131 118 91 55 47 148 35 139 129 138 149 131 46 115 82 87 44 54 25 104 77 123 148 50 103 126 57 56 36 114 146 43 109 96 65 62 110 34 139 149 25 149 94 60 31 138 99 56 83 99 146 108 113 54 84 74 152 145 53 21 66 38 62 29 39 89 79 72 41 130 67 49 87 21 50 143 61 
90 86 121 54 61 98 102 116 99 141 67 45 66 117 88 94 75 109 50 49 77 40 96 97 85 64 132 150 38 138 58 127 92 127 105 64 112 114 129 139 113 106 63 73 73 143 109 144 91 88 46 61 21 111 140 127 23 141 107 32 102 124 63 75 71 141 84 67 36 22 141 90 87 117 100 91 131 31 77 49 41 101 127 144 146 64 102 65 71 
145 152 75 126 77 105 37 90 47 117 113 81 20 132 45 101 125 96 149 104 24 30 25 132 32 71 110 140 60 91 129 113 35 65 20 38 110 94 100 22 108 100 29 142 150 108 118 77 100 42 127 33 20 147 27 32 64 89 36 123 137 142 46 38 55 77 67 46 76 81 70 124 61 95 71 148 78 83 44 40 77 95 81 110 127 37 113 77 46 
46 26 80 141 99 59 76 115 87 96 105 88 112 90 131 137 151 41 122 112 66 78 38 24 31 47 105 111 149 113 93 62 73 127 123 56 100 134 144 107 63 149 105 113 25 24 30 101 68 37 52 132 74 128 25 57 59 107 22 28 143 26 131 42 55 70 83 92 95 89 149 75 43 98 127 97 135 140 146 135 79 50 41 45 86 57 127 95 91 
37 108 125 122 135 62 68 76 94 151 136 122 46 87 75 145 74 37 139 117 93 148 137 88 69 70 81 40 96 27 86 42 42 29 24 151 66 46 38 124 33 133 79 152 147 110 66 62 56 80 83 40 22 90 71 65 25 137 62 49 148 145 113 143 90 111 88 34 127 66 65 21 119 85 122 61 140 24 55 132 115 66 78 98 24 99 132 100 49 
70 34 22 136 93 75 44 92 63 123 73 83 61 128 122 144 107 107 119 140 109 32 148 123 136 101 62 113 92 69 33 45 78 33 125 71 68 102 80 125 139 88 26 133 125 74 120 97 65 150 42 134 51 69 105 74 93 66 63 42 141 75 57 34 65 22 87 82 109 94 120 73 128 139 62 115 142 148 24 110 88 125 120 130 42 139 65 112 57 
81 127 84 92 63 116 79 86 121 94 20 45 129 120 86 96 103 62 20 151 112 29 128 70 146 20 38 110 82 41 141 125 28 86 48 60 94 88 73 90 105 111 123 123 105 86 57 74 131 98 93 97 110 147 92 85 55 86 22 110 149 49 44 96 129 120 131 135 128 103 22 27 145 45 32 151 51 25 26 75 51 52 49 65 36 94 105 55 30 
121 101 65 131 72 99 145 131 148 82 113 94 145 57 123 100 145 91 105 128 96 125 123 130 117 106 76 115 68 31 132 144 90 96 124 47 46 131 149 90 134 74 29 66 128 27 24 136 72 150 87 100 28 20 76 78 28 38 94 25 104 130 133 126 115 99 123 132 40 76 129 136 103 128 137 71 40 36 118 113 114 127 152 76 133 85 38 110 31 
86 52 124 55 139 106 132 114 90 103 90 143 79 121 105 22 90 119 51 31 39 27 147 115 111 112 134 58 40 111 103 147 80 125 121 140 45 77 122 47 117 64 23 79 152 92 125 50 142 124 147 92 116 135 46 118 78 51 68 36 100 126 54 143 21 124 106 133 90 90 150 149 100 42 32 121 149 73 68 42 53 128 133 28 112 42 57 104 92 
91 87 83 110 131 104 44 28 53 22 123 84 99 44 35 62 146 35 80 88 59 109 27 109 93 100 63 131 27 38 33 119 80 149 119 27 68 68 150 75 151 73 120 128 43 72 126 81 42 48 149 130 59 119 46 105 54 89 92 107 134 104 25 47 69 114 81 151 146 34 57 74 132 150 50 57 54 143 40 103 100 22 76 33 96 139 48 119 151 
53 90 136 88 142 93 49 30 74 73 80 37 134 38 105 47 126 92 111 99 144 35 47 97 23 140 149 41 70 127 102 150 117 89 127 94 132 109 119 143 101 53 72 108 55 88 20 39 89 60 98 106 98 48 149 133 83 142 95 78 89 20 23 152 52 67 49 89 97 89 89 127 152 128 99 145 143 35 90 21 43 134 69 35 23 24 35 94 84 
148 96 24 145 88 105 49 28 76 67 38 97 127 28 23 86 76 143 28 119 78 142 62 126 49 68 76 126 103 149 25 23 45 141 89 45 39 126 122 33 98 76 89 71 73 40 128 23 107 50 51 27 45 71 72 26 138 72 116 57 51 25 26 82 103 132 69 105 21 151 56 104 102 81 55 78 42 51 93 120 102 125 123 121 91 77 113 145 89 
100 76 21 59 97 117 23 127 114 36 32 144 147 27 94 76 83 126 87 104 41 111 31 141 121 84 77 114 28 23 70 105 152 88 67 80 55 128 43 75 145 130 89 127 70 33 122 42 63 94 27 108 42 144 26 75 85 54 147 87 49 27 86 27 137 147 51 142 76 57 37 71 63 52 84 83 43 45 39 89 95 45 131 147 24 64 111 71 44 
117 91 94 34 91 27 61 113 115 53 68 139 78 135 126 82 103 128 51 130 87 47 27 33 112 58 73 111 28 38 81 85 73 126 81 45 67 45 51 98 50 144 22 128 52 147 69 146 96 127 112 114 92 98 131 110 146 42 30 30 66 144 110 26 82 144 133 35 133 74 91 121 25 103 113 48 78 36 144 46 59 143 42 29 148 106 81 20 142 
91 107 61 117 97 113 60 105 27 114 125 36 64 26 141 91 85 110 104 98 126 86 147 67 30 110 83 31 24 72 152 143 38 85 123 56 99 98 63 34 116 32 22 65 47 87 29 83 116 40 111 123 28 109 33 76 115 62 70 88 83 20 42 90 22 123 37 31 84 73 121 21 127 69 89 146 57 89 101 83 150 75 64 104 69 49 92 106 67 
36 35 93 48 74 137 71 43 139 44 79 121 66 130 37 83 71 142 144 124 50 85 34 64 79 100 131 73 124 147 141 47 45 47 55 151 35 129 88 22 110 73 110 125 89 102 46 131 88 82 149 64 104 54 97 75 144 24 150 50 90 30 63 23 67 93 90 107 56 40 74 90 74 124 106 47 38 92 47 109 52 50 104 24 139 93 128 110 54 
79 146 139 85 68 150 21 35 132 70 63 124 118 127 118 46 99 138 152 61 82 133 48 86 88 42 51 127 134 131 104 37 43 94 81 51 119 129 91 110 108 39 81 46 92 73 21 67 54 50 106 127 103 146 85 39 61 118 57 90 53 73 80 113 84 138 134 47 84 141 124 98 20 47 76 128 135 71 101 87 50 25 57 35 112 75 149 71 34 
27 39 54 152 38 55 114 56 65 137 149 144 72 38 47 136 66 75 97 84 28 136 101 33 66 101 140 30 105 77 52 147 135 59 144 67 71 52 64 48 100 78 37 140 92 121 30 64 91 124 130 102 95 30 112 121 86 120 129 54 39 62 60 122 49 95 123 108 66 38 129 71 55 146 58 45 115 23 49 145 139 151 105 32 75 93 85 100 66 
127 108 28 41 108 151 89 114 75 86 84 147 34 71 139 51 146 28 25 40 148 148 144 83 149 152 96 97 143 27 113 80 118 69 41 38 90 143 95 46 26 148 45 86 55 142 22 111 132 129 40 25 30 80 59 152 147 72 77 92 25 87 22 21 22 88 95 140 27 92 109 135 90 108 124 53 106 74 22 118 90 48 49 47 21 111 29 129 86 
145 87 85 54 60 56 74 99 125 69 71 93 103 121 45 111 51 48 79 34 89 51 124 25 71 120 127 85 47 78 39 26 126 100 33 123 148 53 28 62 126 122 151 74 69 106 58 98 46 54 79 58 138 85 87 87 152 52 35 143 122 132 142 142 32 70 39 132 116 101 143 22 57 56 100 59 131 27 83 26 46 109 82 58 148 142 140 63 98 
20 137 140 96 108 142 43 37 78 90 22 119 94 56 86 98 55 48 99 103 151 65 118 91 109 78 87 38 41 136 21 151 62 148 46 90 91 144 118 79 49 101 40 108 44 22 67 133 80 126 149 60 65 138 134 54 96 75 106 88 39 151 44 21 29 113 37 133 101 30 109 66 140 85 45 125 134 20 106 82 102 60 74 121 142 145 29 28 22 
58 34 137 62 150 151 51 150 74 99 83 99 100 140 126 68 36 99 74 135 151 144 64 58 26 98 65 28 65 76 22 85 63 97 36 74 21 74 55 66 121 26 122 47 46 31 134 95 79 142 101 72 73 140 52 77 28 33 112 68 83 148 49 80 54 112 126 26 73 146 63 80 58 68 111 62 31 40 38 47 151 21 28 38 49 85 86 69 101 
152 128 67 74 34 139 127 109 122 78 123 89 133 125 72 86 134 103 113 124 38 85 26 23 22 138 82 79 152 140 54 147 33 120 44 85 37 123 97 40 94 21 23 58 132 109 137 138 40 60 74 117 45 141 65 45 76 90 137 105 147 42 81 96 130 57 26 102 129 85 33 36 152 76 38 138 60 66 131 42 45 38 72 24 66 106 56 63 68 
37 144 25 28 135 63 26 21 133 58 67 31 92 45 85 112 76 65 48 45 83 137 76 46 22 89 114 121 32 90 23 110 90 95 22 81 117 38 145 60 102 23 94 62 98 119 139 63 64 125 107 85 151 151 129 84 152 92 30 30 90 85 151 38 106 117 72 79 119 94 127 139 78 141 20 125 40 105 31 87 142 58 61 143 91 48 75 139 65 
120 70 128 86 69 70 44 66 112 90 93 23 76 42 28 36 102 71 139 25 145 57 41 88 71 94 115 31 31 64 69 140 80 36 50 142 102 132 98 147 83 78 27 146 95 107 152 110 67 77 38 43 115 128 85 25 63 144 96 29 133 131 35 149 119 138 131 68 54 24 124 32 118 60 116 76 55 122 146 143 81 77 140 21 30 87 94 134 100 
72 63 80 32 89 109 42 20 26 90 106 108 126 40 117 113 119 48 83 89 31 34 57 114 145 113 53 22 37 129 57 37 80 111 82 98 49 54 127 133 101 74 52 91 35 37 141 99 141 91 122 77 144 67 115 54 82 140 34 32 82 93 28 97 140 134 32 68 86 23 89 134 109 119 118 76 110 31 35 25 135 114 118 75 37 84 140 107 90 
70 145 114 57 148 93 125 48 42 148 104 123 44 124 116 31 107 120 99 26 78 107 64 116 35 80 36 95 68 99 54 131 120 68 152 124 147 24 37 21 76 129 116 80 52 103 91 37 69 41 105 37 95 76 74 38 20 117 75 106 42 136 109 120 37 87 123 64 67 117 99 99 147 64 139 124 58 125 45 106 54 64 106 112 36 135 101 27 71 
108 118 34 119 138 126 62 53 70 150 118 75 115 120 62 95 54 92 87 47 132 81 70 43 93 120 101 82 139 59 65 136 134 37 61 40 34 77 116 82 88 20 142 149 68 23 144 45 75 50 31 78 141 75 34 100 98 132 84 105 103 119 140 82 127 133 47 99 114 88 134 88 146 44 42 38 121 39 70 104 149 71 82 85 130 71 42 104 86 
86 72 150 35 38 46 24 119 35 67 85 61 24 54 33 100 68 118 34 62 67 70 46 69 73 65 25 138 101 94 20 30 122 91 73 134 124 99 142 63 100 143 60 118 83 20 80 59 27 36 20 87 44 61 142 46 103 49 148 63 34 79 91 73 27 145 150 146 108 36 20 44 65 29 127 72 88 83 75 65 106 25 69 37 111 85 116 109 38 
21 63 128 60 75 97 26 47 106 52 108 107 85 135 151 129 141 113 84 130 64 46 47 33 112 148 80 95 140 74 38 31 128 131 152 71 99 99 33 75 139 139 116 143 47 119 123 52 28 121 27 103 92 87 150 132 105 45 110 27 27 84 132 32 119 145 45 148 125 57 58 67 111 47 144 73 42 51 102 57 51 79 134 72 68 142 57 122 59 
91 113 142 89 70 124 87 86 68 45 106 146 116 67 122 116 34 60 75 133 42 64 94 103 118 98 72 99 87 82 34 76 125 87 45 123 101 67 152 72 37 116 134 31 51 77 119 63 85 74 32 70 39 102 93 91 67 70 110 112 32 94 44 24 60 122 44 81 46 146 113 65 66 48 73 137 55 73 33 27 59 105 127 74 101 30 79 20 75 
63 61 77 119 29 25 131 49 34 119 107 25 151 134 51 59 91 32 125 120 106 131 78 72 151 53 109 90 127 73 139 132 65 121 132 57 23 43 60 139 149 102 148 40 105 76 47 78 91 61 65 121 51 148 68 32 101 99 75 99 127 40 132 72 92 108 42 69 66 127 120 32 39 46 25 59 148 27 34 108 115 62 63 98 95 91 129 137 39 
64 45 38 96 24 146 68 53 141 74 48 31 136 99 39 149 57 63 50 58 135 140 29 30 55 31 142 30 67 141 60 90 80 131 81 87 49 73 35 148 144 68 115 144 22 152 78 152 80 28 62 28 65 108 140 122 51 23 28 150 109 98 49 75 52 85 139 37 49 39 145 24 78 89 78 65 33 95 61 115 111 140 63 55 23 144 53 95 95 
29 59 114 31 91 43 90 136 130 118 100 21 148 128 34 75 22 59 23 47 28 37 63 152 60 102 36 145 69 101 73 38 79 141 86 22 42 22 57 77 146 143 84 91 69 73 94 20 91 80 48 52 112 100 33 139 136 45 71 131 67 27 59 82 26 98 97 137 38 89 109 139 119 120 113 146 120 59 78 149 27 78 21 49 124 65 104 83 91 
40 60 73 138 129 118 134 61 82 63 92 127 142 138 125 38 41 130 69 81 123 38 57 49 125 59 51 71 106 48 76 100 117 106 144 43 133 120 55 148 148 133 95 142 99 31 106 67 26 49 71 80 77 34 138 49 108 146 150 24 91 130 152 80 26 30 60 110 71 133 143 24 133 110 21 126 122 32 74 93 66 97 143 109 90 88 92 141 130 
20 33 118 59 45 113 104 61 86 135 62 116 83 49 48 40 65 87 40 47 31 126 72 147 89 37 141 22 48 106 30 94 150 32 103 90 25 48 81 103 99 110 122 116 139 127 66 21 70 105 121 150 27 94 20 124 42 117 30 25 70 86 122 52 144 24 42 41 35 51 63 130 60 106 125 110 146 54 116 27 81 135 142 99 94 131 104 69 107 
92 93 142 106 143 150 21 92 65 29 42 44 51 88 23 30 104 103 27 93 124 125 28 124 48 70 70 51 62 102 133 119 50 113 41 99 23 152 20 137 40 122 30 87 115 50 24 136 48 55 122 30 21 106 23 75 107 52 48 78 129 77 55 50 74 84 145 87 128 36 66 57 113 45 136 87 64 118 46 93 128 91 25 32 145 115 62 146 109 
136 21 94 97 99 51 71 94 50 90 116 47 135 76 113 59 98 29 29 23 31 81 49 45 20 72 100 122 143 47 50 26 98 108 100 50 144 124 74 33 36 114 144 152 103 115 37 65 134 137 42 152 117 22 152 95 64 57 31 94 141 43 52 77 145 32 119 77 77 108 50 60 61 150 55 141 99 101 93 48 82 47 114 101 111 130 122 87 27 
101 45 26 96 31 135 75 132 73 69 69 35 72 77 74 146 137 74 145 24 130 116 85 89 102 109 87 103 79 77 109 26 129 125 34 117 60 83 29 78 55 29 39 61 114 117 84 73 91 139 101 65 118 107 33 29 54 36 99 122 112 139 126 109 77 145 139 139 78 149 93 49 25 103 35 87 85 33 62 21 83 129 64 116 79 137 28 77 144 
111 63 70 52 80 117 122 137 91 134 33 132 87 118 43 121 55 126 151 84 56 75 36 75 68 127 77 143 78 116 136 141 130 76 54 40 75 20 142 142 74 46 26 151 37 131 152 23 142 119 80 43 21 20 42 89 38 54 53 139 102 140 108 103 147 120 38 32 83 88 41 36 131 90 151 67 55 106 53 50 51 108 23 60 79 38 45 137 116 
96 105 114 134 138 57 96 92 50 72 119 147 119 24 82 28 52 131 23 68 129 102 65 89 89 69 148 150 130 81 55 71 123 150 30 86 144 81 94 122 54 82 122 63 70 27 39 121 72 44 65 20 97 84 54 80 129 44 89 87 47 51 39 33 44 61 98 149 69 73 28 90 128 132 47 112 97 114 88 46 142 41 38 55 36 68 111 69 67 
66 129 49 131 119 139 91 102 49 146 123 71 58 38 103 37 40 98 43 67 34 152 29 59 126 68 37 35 150 88 30 126 72 81 75 73 114 50 77 146 49 118 120 118 139 105 118 63 49 30 55 56 96 61 42 57 46 51 132 143 28 27 64 35 125 57 141 38 62 139 134 128 99 23 23 75 70 101 79 80 88 78 51 123 124 88 48 39 152 
61 24 23 93 47 148 76 108 51 127 141 53 99 97 88 113 54 100 68 67 89 79 129 79 31 51 104 109 111 22 80 33 25 63 149 69 138 118 84 76 26 59 91 125 30 29 134 24 54 54 20 127 73 66 140 113 89 142 28 119 85 64 23 119 118 87 57 60 151 55 98 109 74 137 90 95 105 84 96 140 31 121 80 113 64 150 128 138 122 
131 106 88 55 117 134 27 32 84 111 150 76 31 145 24 105 91 104 129 25 112 108 56 42 58 94 48 66 20 96 58 65 27 43 130 73 36 48 49 73 126 138 74 30 80 20 77 31 74 127 108 46 105 23 75 146 104 71 123 140 52 35 115 51 139 56 57 135 66 104 97 33 38 78 60 134 112 42 64 76 86 100 140 83 47 81 87 32 36 
129 57 55 38 36 25 99 128 139 144 108 32 127 40 69 30 47 103 137 79 62 86 48 81 39 102 91 66 60 72 73 96 117 102 136 144 83 58 24 124 136 32 36 150 130 51 52 113 125 76 111 27 106 117 89 115 127 81 69 36 42 131 42 147 96 56 20 30 24 141 26 74 130 107 86 146 80 29 104 149 102 118 136 146 51 20 90 45 87 
113 53 35 144 41 94 53 137 31 113 96 65 90 137 61 138 122 33 123 145 125 99 70 117 99 83 136 78 147 108 28 25 147 123 41 106 81 83 127 25 152 150 58 47 76 105 136 36 140 145 45 52 98 139 58 66 103 30 55 73 88 65 75 139 116 150 53 102 137 64 103 72 79 122 53 98 77 63 84 79 125 45 101 25 45 146 96 78 109 
31 56 57 90 152 30 59 80 112 49 128 119 74 134 121 65 77 31 35 124 56 125 69 88 49 90 80 53 57 20 141 64 114 34 40 123 123 40 140 98 44 134 67 39 33 37 108 145 90 83 142 141 32 117 68 151 130 72 51 129 124 84 90 58 65 145 99 110 100 53 35 126 125 23 139 101 110 119 66 69 74 128 26 87 87 147 117 88 20 
82 126 122 67 94 39 66 127 72 86 150 21 101 107 118 105 105 34 81 41 68 138 133 152 147 47 147 117 27 21 133 56 50 65 20 53 89 144 40 84 22 137 61 56 35 117 26 111 132 128 78 126 108 147 116 88 143 134 42 134 47 77 102 54 65 145 146 102 145 96 33 47 48 124 103 91 125 152 129 76 64 87 127 51 116 78 74 103 48 
38 118 115 105 96 44 116 25 33 34 30 88 107 109 64 94 76 73 30 59 113 108 127 72 77 123 116 103 45 80 42 121 80 142 105 146 51 52 56 22 65 88 20 97 24 131 144 83 56 91 58 58 110 140 145 152 136 96 138 130 139 138 27 64 150 120 131 85 127 85 77 60 97 84 74 51 85 59 36 112 116 32 127 47 152 114 72 46 24 
69 99 129 98 130 134 104 60 64 103 40 87 132 106 48 139 53 107 132 110 133 48 57 27 129 72 118 59 102 106 70 134 134 50 31 22 89 84 46 74 75 129 26 140 130 131 94 56 85 67 140 45 142 60 118 130 119 92 30 126 24 137 67 33 123 87 137 71 141 119 23 112 93 37 131 106 113 127 77 114 56 86 42 32 121 30 91 121 78 
23 114 99 28 146 90 90 26 126 82 102 98 43 123 62 81 66 110 134 129 63 58 101 32 29 91 42 20 136 97 133 39 29 82 33 110 54 70 144 152 98 70 118 65 63 134 117 140 25 102 102 24 48 20 26 151 26 91 109 52 67 66 118 121 27 133 126 133 59 130 22 85 116 106 82 145 64 65 23 78 21 129 134 91 98 74 115 25 56 
115 44 146 137 40 133 152 82 50 110 38 130 120 70 63 76 146 103 42 71 103 79 124 94 87 131 119 57 127 120 36 134 70 120 92 115 52 103 65 108 35 108 80 113 64 40 147 141 148 120 103 100 97 39 115 33 134 107 130 22 74 57 140 137 82 74 30 98 64 60 32 138 90 91 129 146 101 118 38 57 74 131 58 125 104 94 40 44 34 
105 27 51 41 67 49 28 111 69 64 37 112 88 145 117 121 73 119 23 42 30 124 118 82 51 117 77 24 71 81 150 99 29 123 26 129 42 46 134 71 81 126 92 78 139 123 109 150 48 131 61 27 35 102 119 88 67 88 64 151 34 39 104 129 128 51 86 149 62 54 149 139 33 133 84 52 140 86 27 119 38 94 55 104 101 37 37 38 34 
26 48 72 135 124 93 57 132 20 144 121 78 36 35 83 57 96 55 100 36 47 65 104 62 150 139 66 144 86 64 114 65 33 135 101 79 115 106 52 97 37 91 142 93 74 66 119 32 40 121 66 106 71 87 115 32 123 56 50 105 96 94 152 120 60 21 94 74 84 94 133 125 126 137 137 98 77 69 148 83 57 92 137 55 116 102 132 23 68 
71 83 142 116 119 71 72 119 78 102 149 22 94 123 32 23 121 40 138 72 86 141 145 117 51 44 104 43 105 135 106 51 111 54 85 105 131 107 70 139 50 135 88 60 141 45 109 44 37 93 144 79 42 53 50 122 22 125 97 36 106 74 63 72 123 29 68 58 37 67 60 30 24 29 77 52 87 56 145 120 73 68 101 70 93 122 24 21 86 
98 96 68 48 98 72 95 115 132 126 59 79 140 34 62 144 96 137 74 99 49 107 80 138 77 115 93 81 90 140 60 84 139 151 118 122 44 71 96 85 83 86 34 79 103 77 41 63 62 31 141 77 87 58 66 136 78 28 66 80 117 65 50 131 34 34 121 139 115 30 82 71 60 139 62 61 148 121 50 90 73 121 91 55 47 121 51 108 53 
102 30 94 48 112 32 131 128 116 34 138 149 45 143 72 150 102 95 97 22 94 53 142 25 125 150 132 29 117 89 105 63 55 48 62 44 105 112 47 80 144 36 111 103 59 48 41 86 75 108 76 21 117 81 79 85 82 51 91 147 92 99 71 111 38 23 124 87 97 108 85 36 33 129 64 37 92 62 58 141 131 98 85 59 58 126 84 66 132 
48 30 69 25 111 88 109 61 146 83 43 120 21 139 140 116 122 55 91 77 151 27 151 28 51 129 86 147 29 115 141 55 86 29 81 71 122 146 31 65 115 110 77 36 49 131 112 99 126 138 113 126 126 76 94 78 42 62 89 41 27 21 43 147 46 54 54 46 60 145 25 33 116 109 28 49 135 37 97 124 111 71 31 111 112 57 23 31 52 
37 151 79 39 74 46 80 134 133 142 81 80 125 118 115 141 149 147 144 24 143 133 138 103 23 109 37 132 131 52 107 51 40 80 74 31 90 20 43 129 64 137 101 106 117 112 83 138 133 58 102 86 142 69 123 48 148 48 48 73 34 41 129 49 23 63 72 33 58 76 110 30 42 63 124 56 59 37 146 95 45 116 47 94 21 31 132 81 86 
82 89 87 91 54 124 42 70 141 45 39 58 37 97 141 78 31 51 95 115 147 149 152 38 81 66 98 86 21 123 63 122 96 97 37 120 138 140 119 50 108 144 24 78 117 54 143 68 35 142 139 91 126 141 27 111 62 108 80 139 33 121 107 25 111 72 103 146 111 94 88 30 141 134 111 63 26 83 152 57 56 135 115 147 149 26 71 48 38 
152 68 88 73 110 149 114 68 77 146 51 139 24 66 143 135 139 68 85 98 77 141 70 59 50 98 37 51 59 63 150 121 38 124 132 22 88 117 125 122 85 55 93 111 72 22 22 55 80 97 137 144 63 21 100 76 82 144 107 44 67 134 83 44 115 88 44 22 95 58 58 149 82 36 71 60 33 151 100 115 107 94 106 36 140 78 92 26 141 
123 58 66 98 88 44 56 149 98 107 90 72 109 82 27 100 139 141 64 72 52 141 67 114 56 119 23 76 118 36 44 129 36 134 116 102 87 132 124 65 106 92 22 115 80 29 133 65 33 51 126 43 129 44 128 41 140 143 27 43 55 125 152 65 64 138 53 133 46 29 102 150 146 97 122 56 53 99 150 32 145 88 92 134 92 139 103 24 72 
73 52 50 88 49 89 90 86 126 60 33 120 48 143 72 30 77 54 47 50 125 40 152 39 50 119 89 76 107 97 76 21 74 107 61 142 132 63 63 63 35 132 147 87 35 21 91 86 77 76 78 129 89 121 71 138 41 23 104 135 60 132 123 55 22 113 25 114 97 82 68 116 137 75 57 113 38 25 82 24 53 55 60 41 39 62 46 115 73 
97 81 64 111 100 21 123 33 135 95 40 52 58 152 101 101 103 49 104 84 32 45 114 81 69 122 140 121 98 130 73 33 28 23 47 56 129 118 55 30 64 146 59 117 103 59 54 148 123 28 38 119 35 96 144 82 121 115 72 34 35 123 79 147 27 105 38 106 111 60 127 130 149 55 119 32 130 42 22 78 87 87 65 88 131 45 49 83 93 
144 134 107 112 101 31 70 150 87 83 89 95 87 114 71 152 152 74 51 72 34 120 29 138 56 76 67 98 111 59 35 75 116 84 20 20 137 74 43 131 119 116 82 110 86 21 51 109 57 80 95 128 131 25 150 98 86 64 118 53 80 85 116 83 26 32 68 134 65 51 68 112 70 28 94 89 137 50 125 51 90 70 100 68 73 110 78 31 80 
31 66 129 146 39 125 44 123 77 62 68 31 135 104 111 110 62 52 117 67 101 40 34 27 129 121 128 145 33 60 43 29 101 54 94 151 43 105 80 92 61 148 114 93 115 67 58 84 88 148 80 98 56 115 142 147 50 42 46 62 112 83 101 78 35 74 52 47 68 39 35 72 144 52 72 73 107 149 108 88 28 91 31 30 57 97 119 116 46 
49 78 84 81 26 101 141 86 101 41 148 66 134 68 39 61 101 24 52 145 117 59 120 146 54 43 26 114 73 150 20 106 110 50 32 104 25 77 37 77 108 83 149 69 22 94 24 151 54 87 41 107 109 86 36 110 30 89 25 134 101 116 115 122 59 138 107 126 73 145 138 70 120 136 70 107 44 139 59 127 105 129 47 22 40 42 76 43 90 
112 132 103 53 89 146 76 131 86 54 123 40 77 103 102 28 61 31 24 129 74 99 90 144 87 21 62 34 138 149 93 125 55 45 21 21 36 43 55 58 74 130 118 102 89 61 47 102 135 75 94 134 78 34 97 97 117 126 68 53 29 72 145 41 47 91 21 88 132 107 37 123 49 105 148 27 142 45 101 65 37 29 73 72 123 91 61 71 126 
139 58 37 63 95 24 76 35 42 48 81 131 142 52 92 144 45 149 40 106 76 117 140 98 78 113 146 125 135 150 123 38 79 82 30 31 91 43 134 66 115 95 50 28 73 139 79 127 42 51 40 126 110 70 130 150 121 149 71 145 69 139 92 47 98 103 70 118 100 55 137 57 141 85 119 129 28 109 150 66 35 117 20 125 92 140 40 128 103 
143 131 66 130 42 119 130 138 68 101 118 121 135 122 61 44 91 21 84 140 29 151 131 109 59 60 121 52 31 23 134 62 42 72 53 144 109 91 35 108 151 28 104 117 131 59 45 77 114 144 67 111 85 63 46 43 32 101 87 91 85 115 71 149 119 96 43 58 84 47 26 142 59 142 87 60 147 100 83 56 70 89 48 47 24 115 117 111 93 
90 145 31 32 36 145 112 133 29 151 37 145 58 118 39 129 130 60 22 57 131 129 109 40 26 38 108 110 120 37 68 110 151 139 81 76 86 29 108 120 74 71 34 114 61 96 89 94 101 140 30 43 86 58 75 66 119 143 24 118 40 30 78 32 79 25 36 61 152 32 91 80 105 54 107 32 42 30 150 20 89 54 99 143 150 96 106 24 89 
111 28 125 68 144 135 124 46 102 78 83 133 30 28 80 90 111 99 95 121 24 86 69 118 106 96 115 124 38 147 86 67 151 75 65 133 91 113 97 114 146 28 65 46 52 94 32 120 148 124 109 134 66 94 69 40 126 142 126 141 28 142 23 121 32 71 93 29 102 29 26 137 75 91 48 59 77 149 29 128 96 51 132 116 48 97 75 93 22 
80 63 100 131 62 33 147 80 80 123 115 78 129 50 93 68 144 116 137 54 42 95 21 47 99 79 118 94 81 127 94 27 54 151 35 112 137 99 131 85 64 39 51 70 89 139 50 46 102 73 95 66 121 135 29 152 30 87 90 66 128 92 49 67 96 42 59 122 131 48 100 77 77 47 61 80 47 144 69 75 81 78 65 63 95 118 26 89 119 
66 84 59 31 38 71 113 60 139 38 112 34 124 121 148 90 143 121 130 51 80 85 79 152 66 128 49 152 60 142 45 51 81 31 102 61 43 51 94 133 70 69 70 112 133 139 82 80 47 39 42 130 142 24 127 57 124 115 77 140 58 116 152 94 120 81 45 69 103 50 84 145 134 66 134 148 28 119 24 141 80 22 124 122 141 86 114 141 80 
88 54 139 24 76 35 121 61 116 103 85 76 123 115 123 87 41 77 117 62 87 77 92 90 93 69 31 82 145 27 36 150 95 103 73 31 28 143 110 51 100 79 67 117 66 81 136 23 74 123 58 83 26 123 36 79 141 53 37 121 85 131 111 57 80 51 125 37 98 105 40 96 99 125 66 63 115 67 21 92 127 68 53 54 75 53 78 89 107 
56 64 25 147 50 105 145 122 57 45 143 107 107 129 141 25 130 149 114 97 70 35 67 112 53 97 135 35 66 81 115 44 74 85 28 110 152 44 66 66 101 142 102 132 114 30 134 75 116 76 35 82 96 24 76 23 44 31 34 60 24 126 145 74 139 100 108 83 81 141 107 88 47 136 143 125 133 52 149 112 125 102 104 64 60 102 104 120 37 
58 39 115 46 46 152 117 87 102 78 62 25 81 48 34 92 129 97 78 47 107 29 64 50 63 81 59 55 89 89 96 81 75 37 122 80 114 119 62 51 100 127 151 80 133 107 111 21 133 89 26 50 75 92 61 117 137 40 26 149 105 94 28 45 43 59 94 83 106 131 143 34 112 96 48 139 105 56 113 84 87 25 44 78 143 44 29 140 134 
133 150 39 95 121 41 131 98 70 134 53 132 113 114 142 120 120 106 33 59 59 82 36 29 94 115 112 133 46 96 132 39 30 38 112 105 93 127 76 126 49 23 136 77 98 60 132 116 33 104 57 125 132 76 48 89 114 147 91 72 148 39 93 119 30 39 35 133 88 143 86 23 119 128 34 109 39 149 61 105 115 145 65 39 68 118 142 145 34 
122 149 22 109 84 39 69 144 110 149 35 143 32 134 94 122 145 110 86 128 66 138 138 62 122 86 123 62 51 143 135 100 62 95 116 40 139 73 126 52 33 89 133 148 98 80 28 26 76 120 34 81 43 27 26 149 138 28 86 149 79 128 76 73 82 66 125 42 65 49 94 92 30 34 123 132 132 33 106 100 146 131 83 135 131 87 61 50 53 
