71 117
22 44 121 80 52 24 48 81 104 88 40 117 92 124 97 79 45 110 119 123 49 35 71 67 122 111 100 96 89 78 32 93 83 46 49 108 119 33 26 22 28 44 113 116 32 117 50 20 89 65 78 87 74 23 92 81 37 34 89 72 54 123 126 95 35 21 112 52 20 48 77 33 39 78 95 76 47 59 106 39 117 121 17 61 110 88 120 61 52 111 91 58 80 93 17 84 47 47 111 36 76 57 113 85 52 93 39 94 30 119 43 89 101 104 87 35 101 
102 51 109 98 105 90 21 126 56 101 46 85 122 22 44 94 36 42 71 48 40 105 104 115 44 58 87 72 47 91 85 32 56 115 56 82 109 64 90 85 77 32 35 94 110 38 104 24 89 70 114 22 69 78 102 65 104 116 95 35 121 73 112 37 44 75 39 100 24 84 121 82 105 72 58 108 22 125 87 57 82 58 119 121 125 80 31 70 64 33 51 78 57 106 70 74 51 110 121 118 56 78 44 90 24 47 59 114 80 74 64 113 125 40 98 91 54 
81 119 62 99 57 27 87 115 86 89 98 100 24 103 89 123 70 66 94 119 73 53 18 68 33 114 37 125 86 99 23 27 56 121 88 99 79 92 99 55 51 46 50 81 94 84 60 119 62 105 112 57 38 106 74 17 112 111 111 97 72 34 73 125 28 32 39 37 76 110 56 68 45 95 52 109 74 109 53 72 42 83 85 40 23 46 58 68 57 45 26 62 118 70 73 94 44 83 31 38 126 49 61 113 106 98 99 125 84 39 58 126 74 26 123 83 86 
46 70 121 52 117 59 26 88 118 25 33 89 56 20 66 60 124 38 67 108 120 87 27 74 41 58 107 98 73 18 61 52 56 43 126 126 23 55 39 42 38 47 32 67 82 95 55 28 83 51 39 41 47 57 68 105 23 99 37 45 90 31 90 55 61 59 122 106 71 29 38 28 104 102 98 24 76 36 108 22 51 65 117 74 62 95 99 89 51 58 102 25 91 47 110 92 23 117 63 86 76 17 64 70 76 45 104 37 58 120 40 46 19 103 97 49 75 
64 34 51 18 124 121 31 48 54 120 28 34 25 99 77 40 100 57 47 115 17 61 126 74 97 92 68 26 113 84 100 46 33 48 90 26 120 75 29 123 100 39 43 65 96 92 123 18 40 76 55 103 52 101 89 43 95 83 32 46 73 109 119 126 56 105 58 87 21 117 86 77 60 40 88 122 72 111 78 122 98 88 59 112 27 20 32 47 27 61 90 29 100 84 106 79 24 56 18 80 123 121 106 79 26 33 65 99 113 21 60 98 116 57 110 45 57 
66 23 100 90 58 29 85 20 22 125 53 59 76 119 65 27 61 122 36 61 86 96 109 51 126 107 79 103 54 25 83 87 59 22 97 58 29 73 75 126 82 116 41 24 43 56 28 109 36 24 116 105 41 60 46 93 89 82 31 56 70 111 54 56 21 73 52 83 45 96 92 93 84 22 116 121 40 50 38 52 23 103 113 48 64 29 56 41 107 83 108 53 93 66 26 111 21 89 101 108 52 42 33 74 82 74 62 35 58 69 92 68 39 105 118 30 125 
55 42 70 78 35 65 83 108 51 57 39 108 52 59 35 29 67 124 44 23 36 59 49 109 78 50 114 64 77 47 19 78 76 52 27 119 101 68 36 106 20 29 44 123 60 49 93 59 91 124 79 75 115 23 26 55 117 52 55 120 33 110 104 27 96 119 68 20 69 125 93 111 110 106 101 32 83 43 21 112 112 99 24 88 37 58 109 47 104 78 125 119 83 24 88 40 104 71 99 124 67 57 114 21 33 74 43 121 37 63 30 81 113 37 35 28 60 
65 107 84 43 45 35 83 95 121 31 117 77 72 122 28 55 17 102 73 86 117 23 31 64 67 25 49 65 99 101 104 94 49 121 77 24 79 99 40 57 126 22 56 81 81 121 90 101 57 120 70 42 31 40 87 80 111 65 34 114 77 30 64 32 56 29 65 27 94 86 29 96 41 79 47 33 42 47 121 32 107 19 45 63 22 107 32 45 63 111 38 85 55 109 123 88 100 120 96 94 103 48 93 51 76 32 125 83 44 73 77 97 33 126 49 82 115 
71 96 47 79 95 72 98 43 93 56 95 17 121 80 35 68 64 67 28 22 86 91 113 43 85 105 78 105 55 118 19 87 25 64 35 72 44 55 17 24 117 82 111 50 35 70 89 120 109 119 112 77 30 69 103 51 28 54 66 75 89 100 89 96 93 47 23 83 57 124 48 31 114 89 55 58 121 39 28 123 24 102 77 77 114 86 119 21 64 98 25 31 118 48 64 26 104 53 35 37 119 104 19 58 68 117 33 75 120 31 31 95 84 65 83 95 107 
85 106 75 87 92 121 64 79 33 111 44 30 101 73 108 67 123 89 49 100 60 39 79 29 111 69 31 52 120 52 100 95 108 80 89 117 115 50 37 126 123 67 82 101 17 101 108 76 35 36 106 18 56 45 126 86 56 50 83 75 101 108 90 28 92 48 84 102 37 52 77 30 77 72 84 24 33 61 24 51 95 105 72 38 41 107 81 36 32 118 34 107 125 27 19 81 105 126 58 47 65 105 46 62 88 124 89 110 90 113 119 113 50 29 96 33 60 
28 35 87 42 36 48 19 65 118 17 29 90 41 53 66 72 84 91 38 40 120 77 37 20 66 62 28 84 88 20 44 52 58 73 31 59 19 27 54 17 119 60 17 32 67 64 120 60 39 86 63 34 118 84 36 107 116 122 93 36 28 100 49 66 75 84 43 89 17 46 29 104 71 67 108 97 30 59 50 54 115 89 45 66 89 111 85 55 37 90 20 117 69 102 32 56 36 67 106 123 75 31 47 119 107 25 64 56 47 29 18 34 121 93 37 23 33 
108 69 79 111 39 79 71 105 59 30 113 29 119 110 83 105 54 17 90 119 96 25 102 113 64 46 31 41 46 113 38 117 72 120 106 64 108 47 17 125 79 95 59 98 49 17 76 19 50 86 122 83 56 56 21 92 78 118 88 89 84 86 37 83 87 91 37 32 40 55 32 95 118 24 125 121 76 106 27 109 115 110 50 87 65 121 24 53 48 126 105 92 55 99 123 27 49 85 34 121 95 47 30 54 85 35 50 21 44 65 70 19 95 106 116 47 42 
33 119 18 34 125 33 115 104 119 29 22 63 97 113 101 49 110 117 44 34 82 44 106 47 55 124 29 107 96 51 126 60 69 95 21 107 62 117 62 90 51 105 90 37 114 37 42 62 24 102 68 102 56 108 92 49 40 31 54 82 70 124 104 25 74 73 60 119 49 91 48 71 41 77 60 72 90 33 119 17 80 106 20 48 66 26 56 55 20 46 104 74 17 45 85 31 63 77 109 76 25 119 49 25 60 117 18 112 42 99 22 98 114 40 64 21 72 
123 116 64 122 26 70 23 70 125 20 116 84 50 20 47 48 62 47 118 78 61 63 47 28 28 111 87 55 53 59 117 28 100 70 80 121 22 27 79 79 88 101 53 120 116 73 50 18 99 80 43 51 87 59 62 26 65 40 79 126 95 45 66 63 89 122 99 91 102 23 20 46 30 24 124 43 114 48 65 47 83 82 75 26 37 46 35 37 18 109 99 104 88 29 76 125 115 22 61 80 126 122 102 100 121 125 99 114 97 92 119 113 111 43 28 114 125 
48 74 108 28 46 21 96 85 115 118 55 93 36 57 37 81 104 105 91 42 89 61 77 18 69 82 69 51 81 76 112 89 81 79 100 28 115 87 108 59 66 89 90 87 110 63 54 50 95 86 92 101 96 121 51 43 55 124 71 17 52 55 77 39 24 21 18 76 119 106 19 54 46 82 53 30 121 57 48 24 48 64 46 82 112 55 45 32 98 124 38 102 27 51 119 79 63 79 98 99 64 112 26 61 125 103 103 75 87 24 70 113 51 108 82 78 62 
105 27 59 30 56 85 93 20 117 30 93 29 125 104 59 122 21 52 41 77 45 33 84 82 87 105 94 34 126 89 120 82 33 96 106 59 113 88 122 67 32 77 80 74 115 123 35 55 97 55 86 34 60 106 19 52 120 52 80 25 109 68 108 62 103 56 45 91 85 25 92 48 68 120 61 91 40 97 90 23 69 115 65 89 26 38 53 47 47 87 107 126 99 86 67 102 97 76 83 91 76 46 28 49 37 88 63 96 88 69 86 34 102 36 109 92 104 
36 53 99 93 53 73 121 72 90 34 44 85 126 119 111 81 73 80 36 122 106 98 57 63 38 18 102 34 98 78 89 110 31 110 76 72 84 117 64 79 94 37 63 77 123 46 104 32 45 59 47 123 49 100 29 52 30 68 101 51 54 96 113 104 78 118 72 96 105 66 33 34 37 21 60 31 118 84 64 30 123 20 99 24 36 110 64 79 97 29 119 123 44 88 66 96 54 63 66 25 86 75 34 95 99 29 55 77 84 46 18 117 107 119 106 86 109 
53 59 32 104 110 81 115 95 59 43 81 70 41 90 102 18 72 97 76 46 119 35 108 42 44 33 109 28 86 38 85 99 107 32 78 73 108 37 107 73 36 19 92 83 86 75 52 62 21 107 58 37 33 92 21 22 30 87 45 60 106 79 70 31 105 76 92 57 27 97 107 112 64 52 111 65 92 20 31 57 76 20 62 17 66 32 62 99 24 101 59 85 22 65 61 36 20 25 33 37 121 31 82 119 75 69 94 125 75 123 29 122 115 114 70 104 73 
33 39 77 65 105 27 25 47 34 116 60 18 47 27 110 69 47 75 77 119 94 21 119 75 42 90 43 90 113 26 101 23 97 73 77 115 19 92 60 28 92 44 109 78 74 42 117 30 87 52 84 121 116 89 93 126 38 79 17 81 39 44 48 19 110 20 81 120 120 20 61 59 21 25 97 75 92 120 27 53 79 77 78 60 97 81 66 54 36 88 21 88 95 65 63 45 39 120 80 23 82 61 44 40 111 121 72 101 108 103 55 56 52 125 106 108 26 
83 91 125 56 101 64 87 44 105 43 111 86 116 113 17 49 124 56 58 97 69 31 25 81 66 18 94 104 40 76 116 28 21 98 61 97 97 117 71 68 126 41 96 48 52 117 84 51 43 108 28 35 41 89 88 59 83 102 38 107 50 101 63 30 89 107 35 19 95 25 55 90 42 46 123 70 120 89 69 122 65 70 52 126 51 104 64 99 116 68 32 123 119 36 35 33 100 33 28 92 73 47 36 46 49 69 98 32 43 59 67 123 24 24 63 75 24 
25 78 89 77 72 62 110 56 86 29 17 76 62 95 42 71 108 44 32 82 34 52 44 49 66 84 49 66 126 56 45 107 96 40 39 121 68 93 70 44 52 35 69 59 53 110 103 77 83 105 46 26 41 114 60 77 123 110 46 58 84 101 21 28 31 92 21 61 33 114 35 123 97 44 107 68 40 59 75 31 76 120 50 36 73 122 32 37 105 46 73 60 27 101 35 53 30 40 95 87 112 106 69 69 78 73 73 59 99 29 23 51 40 20 92 106 78 
113 75 97 93 117 18 33 60 105 110 42 82 51 90 33 21 61 58 42 31 30 69 59 73 21 125 91 26 88 99 106 19 123 103 90 30 118 111 61 39 67 43 39 125 33 40 87 80 87 31 23 99 48 99 35 119 39 18 57 43 27 69 51 109 121 98 86 65 70 106 126 25 41 20 34 22 60 32 80 88 84 32 109 45 26 21 38 39 78 43 35 38 123 125 117 49 60 48 25 123 27 87 101 64 108 120 97 73 81 79 126 79 75 79 73 80 26 
109 54 55 71 92 51 52 108 122 120 22 108 95 108 55 113 91 90 68 93 75 104 121 63 107 77 40 62 58 116 35 75 63 119 64 126 55 89 100 53 120 61 18 28 81 66 87 57 30 97 50 105 27 37 107 56 82 44 86 85 25 35 91 116 23 37 100 72 106 79 83 35 37 74 54 125 100 124 50 34 27 125 65 107 77 124 126 57 28 123 40 64 74 43 37 93 94 85 28 32 87 38 85 30 19 59 102 43 68 20 105 71 70 68 109 89 121 
112 113 45 47 103 97 44 115 65 111 65 36 62 73 70 39 123 85 22 46 85 17 116 67 110 41 40 112 84 95 31 28 44 109 94 42 91 38 83 61 106 58 112 115 49 46 107 84 119 89 114 107 27 47 116 27 24 99 119 17 52 63 62 52 20 117 91 64 120 114 105 126 114 98 91 67 64 32 112 93 96 73 74 58 99 27 36 19 126 38 52 119 44 21 67 38 92 125 50 93 84 65 76 78 79 34 73 24 98 20 21 68 92 96 18 36 87 
54 116 57 79 33 41 125 69 74 56 92 27 116 84 22 25 110 59 95 93 44 52 78 95 41 28 40 88 93 74 71 81 117 36 31 39 22 68 110 89 43 54 122 121 36 88 99 71 58 23 117 69 95 117 19 31 67 98 59 110 94 21 68 22 63 53 29 106 50 22 78 36 27 86 88 52 123 92 108 76 86 58 54 74 116 44 124 91 61 86 59 26 76 124 117 98 72 69 125 30 112 108 80 89 37 70 70 114 94 119 17 44 59 17 18 56 45 
62 121 67 64 83 19 29 51 67 77 63 33 41 54 18 101 121 34 82 95 49 91 116 48 80 100 83 124 17 115 103 73 48 32 117 21 93 31 108 66 109 98 114 121 94 47 51 80 61 78 116 69 66 94 45 77 37 82 108 18 24 79 39 108 50 99 79 29 91 62 101 79 83 113 115 61 90 124 54 22 70 118 37 64 69 69 51 113 126 101 104 18 63 79 95 105 61 76 120 101 96 37 42 93 31 30 75 72 50 52 88 34 55 110 41 126 118 
107 118 123 97 30 119 63 28 43 118 126 120 59 77 72 110 116 109 37 122 40 90 93 83 119 102 71 39 34 117 96 56 74 88 107 99 72 61 83 36 93 106 70 39 96 30 24 48 66 114 93 94 25 68 69 116 69 95 88 79 30 45 77 80 112 88 110 94 97 85 47 106 109 61 92 83 125 57 78 24 112 48 24 122 31 102 93 17 44 96 97 104 18 31 100 37 51 57 55 64 29 99 76 40 55 89 37 79 49 28 78 81 105 52 92 69 100 
26 92 96 58 30 119 52 17 96 116 18 119 35 79 62 20 83 109 119 117 80 42 99 74 18 70 30 98 30 20 27 34 51 20 18 107 59 27 101 105 30 115 117 87 104 75 96 56 52 115 26 101 75 107 74 79 42 85 125 117 46 28 85 59 23 78 84 48 81 20 96 58 71 114 112 23 70 102 29 34 96 90 45 36 61 105 78 17 64 42 108 81 87 125 118 27 64 69 85 71 95 27 96 114 18 61 114 102 24 47 56 35 55 69 108 32 114 
19 84 34 22 126 30 88 21 50 120 19 29 42 117 107 109 119 95 111 47 44 112 41 40 38 103 95 126 116 76 59 120 96 71 60 98 104 52 120 88 100 105 69 40 88 98 57 21 49 48 55 39 76 24 74 84 114 41 51 39 30 117 81 30 68 113 84 19 22 33 105 43 70 72 113 95 104 44 45 80 67 62 66 84 94 77 91 31 43 105 121 35 41 93 44 108 33 108 83 101 42 52 123 40 31 38 125 105 29 69 47 62 126 119 79 108 81 
94 58 103 57 96 95 52 112 68 72 94 119 25 49 92 62 81 54 75 42 18 115 80 61 121 30 52 104 111 90 64 30 97 49 37 87 44 57 22 114 43 63 41 50 108 119 85 89 94 126 79 121 69 45 62 95 124 29 46 111 49 108 24 115 123 104 91 104 97 55 26 78 108 105 31 25 33 101 72 78 92 109 60 99 99 61 46 43 100 100 114 102 48 47 71 52 111 41 23 120 82 39 94 65 38 73 114 68 124 23 44 116 76 73 79 39 48 
101 121 115 125 22 65 48 123 38 45 86 113 85 100 49 126 120 107 41 48 115 87 90 98 85 115 18 27 47 58 60 73 68 73 68 30 95 115 59 87 43 62 123 86 90 92 96 96 112 107 23 38 46 121 97 74 35 89 50 71 87 55 85 117 46 86 71 90 99 57 97 80 25 93 34 84 26 54 23 36 78 106 81 21 115 110 71 102 49 65 68 120 77 123 69 34 36 90 48 66 66 119 99 30 30 22 124 94 65 98 89 26 105 57 58 22 74 
26 59 98 35 103 79 86 99 124 125 115 65 83 123 28 46 29 83 82 83 61 100 63 117 80 27 18 119 70 92 57 125 17 38 20 36 90 43 101 37 107 69 107 84 89 107 60 59 122 88 93 98 29 17 103 98 23 42 92 50 21 104 71 95 64 100 29 44 86 21 107 48 80 56 96 106 120 46 41 83 114 67 101 40 114 91 69 102 113 69 22 119 42 57 83 49 95 67 75 19 121 18 21 39 77 80 55 25 111 37 70 114 55 29 67 103 34 
113 63 96 64 39 113 107 116 75 53 99 100 126 104 39 44 77 118 60 17 61 97 26 93 108 17 95 111 105 68 21 34 37 92 26 83 53 32 80 68 89 18 30 52 33 107 28 105 39 123 68 68 46 100 74 123 85 23 70 109 30 80 38 40 67 53 43 103 123 112 89 100 35 51 38 39 41 45 28 75 27 106 63 60 24 73 113 23 50 83 56 42 125 64 48 73 100 54 60 123 98 23 76 58 48 106 81 30 109 120 25 106 72 17 89 60 111 
18 36 90 29 110 76 54 84 23 64 107 67 22 79 94 59 104 45 68 34 29 111 63 106 102 124 76 122 65 98 106 31 72 91 36 77 126 96 25 86 43 51 50 67 92 64 39 107 51 110 71 48 35 124 104 59 100 52 48 54 93 86 90 81 20 38 69 31 49 80 35 89 121 75 105 87 60 80 31 97 123 19 106 89 95 48 78 113 96 101 34 117 82 79 59 65 26 53 20 124 28 69 95 24 52 65 82 87 91 76 87 100 105 58 27 72 86 
63 85 57 114 72 118 36 37 49 125 126 101 81 23 78 118 123 52 39 68 25 106 119 118 72 108 113 63 49 90 52 104 38 58 93 56 73 78 30 52 61 123 112 93 52 114 70 20 113 38 108 67 93 109 80 89 79 98 67 32 121 73 123 43 29 121 76 49 126 19 100 27 61 103 41 43 83 119 87 36 29 43 29 78 115 91 126 41 55 77 39 68 70 21 76 17 53 118 81 22 47 84 81 61 67 105 46 120 58 107 80 105 84 99 67 26 71 
17 86 70 98 95 29 126 75 42 62 42 35 60 93 105 42 35 67 81 87 90 104 51 46 111 92 91 84 95 76 66 101 33 75 23 44 35 70 57 107 92 74 42 63 23 71 24 26 48 57 103 17 122 75 32 125 113 119 61 85 75 57 114 126 89 124 85 115 105 121 27 122 80 122 27 113 39 80 49 119 115 115 48 123 37 111 125 109 57 86 114 101 59 43 122 52 108 74 20 25 75 51 39 118 71 124 43 30 95 111 115 102 79 78 57 57 54 
69 103 115 33 45 112 19 100 126 60 82 100 123 19 82 52 107 42 126 107 46 20 69 125 102 68 62 77 66 66 50 106 23 43 52 18 89 62 35 119 56 77 65 83 92 92 26 49 30 42 19 54 18 108 30 113 122 104 71 73 19 25 119 19 116 52 102 114 32 48 98 82 101 37 55 76 113 118 44 74 123 18 89 61 65 29 22 124 43 50 59 103 111 83 34 53 63 26 114 75 33 83 28 29 101 118 98 35 90 98 46 63 86 101 63 18 43 
85 125 68 102 19 38 31 121 84 118 20 87 54 24 36 49 70 68 46 53 102 91 73 24 49 62 107 80 41 97 83 55 113 107 104 55 85 24 122 83 116 91 18 81 47 86 68 124 25 24 73 72 74 29 48 72 109 88 80 70 108 91 58 25 76 86 44 107 122 116 44 61 29 107 76 93 23 78 121 73 89 68 106 125 114 106 94 83 80 106 82 77 81 43 122 115 58 124 92 35 25 35 83 39 124 70 83 94 118 96 67 70 61 69 99 78 26 
49 78 98 93 64 82 36 99 37 64 94 52 83 57 27 123 79 26 36 57 99 79 90 37 114 73 36 109 74 68 50 18 124 48 23 87 116 118 24 91 121 86 119 23 87 33 48 83 31 49 30 25 60 72 24 17 58 23 103 26 103 87 110 119 121 111 50 111 77 46 44 89 25 120 114 89 85 81 110 54 41 57 87 41 24 25 92 121 74 117 26 117 69 72 103 112 62 95 70 95 51 35 45 52 104 24 57 25 29 87 52 36 77 54 117 98 43 
68 47 63 76 17 30 80 76 106 56 18 117 116 111 118 26 75 74 113 124 93 89 61 64 121 64 61 119 52 69 90 42 39 56 119 53 42 122 115 64 116 103 99 52 23 44 27 81 100 27 26 74 99 36 100 85 78 27 60 100 52 43 39 121 101 74 33 65 109 69 71 125 110 19 75 123 66 64 100 36 121 65 76 29 102 93 57 88 52 114 80 84 114 22 77 60 18 80 81 90 84 68 17 53 24 116 79 24 91 86 91 45 107 117 117 37 115 
57 58 43 57 55 44 66 101 64 18 46 36 24 25 42 27 28 38 88 71 118 66 98 27 79 99 108 80 82 110 114 112 57 36 21 74 76 26 40 109 34 98 126 62 61 61 59 46 19 23 24 125 72 86 111 98 125 101 124 104 79 46 77 114 80 34 39 55 112 76 123 34 35 62 124 35 64 49 20 76 40 60 29 78 113 112 29 108 27 89 35 125 75 23 111 106 17 98 37 100 91 54 125 67 122 39 39 82 60 93 24 28 84 31 70 119 38 
99 120 70 69 70 34 118 49 123 74 23 119 56 106 36 38 22 104 116 26 108 109 50 112 94 125 92 108 65 81 66 124 121 94 32 113 39 37 29 25 45 29 77 28 93 112 84 72 78 90 74 66 107 78 78 83 25 44 66 99 59 91 19 41 53 73 27 68 117 79 74 36 106 126 114 49 52 25 20 30 82 81 81 65 97 111 37 104 35 29 28 46 121 99 25 33 94 61 115 85 118 19 98 77 95 51 18 125 110 103 50 25 34 60 27 93 64 
29 60 106 124 84 42 126 80 72 74 49 24 121 118 43 46 73 109 53 51 114 83 79 40 36 70 60 32 109 85 125 75 93 42 68 104 91 73 91 71 105 123 59 48 109 105 39 63 89 82 101 96 75 117 32 22 70 88 96 69 42 47 80 119 62 29 100 102 104 86 38 122 120 76 102 71 64 32 21 87 114 48 96 54 122 94 95 54 79 107 106 62 112 83 37 70 30 35 39 55 91 81 20 68 54 119 95 93 114 86 53 66 44 92 47 64 65 
39 115 27 116 72 96 118 123 105 57 45 85 104 64 20 71 106 116 62 120 43 23 36 42 125 44 45 122 20 81 75 44 71 63 28 29 95 19 47 60 108 67 30 30 51 68 24 48 96 93 64 100 70 17 27 48 27 114 85 112 72 80 22 54 104 86 73 79 118 47 83 106 113 122 50 25 65 90 17 29 111 98 122 61 110 107 89 89 99 18 39 75 68 17 77 75 46 114 83 45 54 94 65 111 126 84 106 70 70 91 79 95 83 100 115 77 64 
50 59 95 121 67 81 67 25 50 94 67 64 116 53 27 89 80 22 100 67 62 116 33 32 44 67 80 117 70 106 58 73 54 85 109 79 96 81 114 112 125 43 84 66 115 29 123 47 83 17 85 62 120 111 110 19 124 28 18 23 57 64 18 62 68 119 125 116 20 22 29 28 25 96 50 20 26 48 56 111 106 82 91 64 107 122 35 18 31 78 49 122 101 91 76 68 38 95 28 108 73 83 118 75 95 33 81 63 50 25 93 116 74 77 68 88 33 
97 42 85 104 73 61 64 85 76 98 126 89 75 104 97 52 67 24 70 77 44 41 65 72 24 22 49 46 64 79 110 34 73 62 118 25 110 25 45 32 112 33 101 114 47 93 90 113 70 19 107 52 19 35 74 31 88 62 82 28 123 77 44 76 110 59 96 70 97 109 54 113 91 32 22 87 67 123 31 26 84 40 122 38 68 85 79 89 64 97 113 35 126 87 96 60 55 27 26 108 120 52 115 65 38 115 96 101 25 106 45 24 27 89 120 100 86 
41 30 43 120 67 108 20 37 86 91 118 81 28 118 56 93 86 92 17 67 80 33 76 105 37 112 32 37 80 49 92 88 121 46 124 34 28 83 90 82 90 27 94 50 94 70 72 33 110 116 30 99 119 49 65 81 107 24 33 112 89 33 47 95 91 89 63 77 116 26 34 121 40 56 93 43 43 89 115 65 110 99 70 55 80 120 44 75 46 88 44 90 68 54 96 125 59 55 97 18 119 61 125 67 98 99 27 47 79 31 93 123 37 71 20 79 21 
117 46 75 119 22 93 115 58 111 108 118 73 49 111 70 125 86 24 39 96 112 55 48 82 100 47 118 71 51 36 109 84 27 104 98 116 43 42 117 94 99 98 97 71 101 56 103 107 43 73 28 124 110 72 50 111 40 63 97 17 92 95 86 48 86 99 61 59 89 112 37 74 64 90 115 65 81 44 29 17 23 85 82 76 73 74 45 118 76 126 22 107 126 79 74 17 58 34 82 118 56 111 52 71 82 55 112 68 40 68 54 86 109 43 99 42 49 
22 37 126 85 61 32 122 93 118 27 65 91 66 96 59 123 106 21 67 123 97 61 66 103 64 90 123 98 60 22 64 125 90 48 30 83 44 91 24 57 74 113 40 56 47 28 28 100 108 100 112 76 37 113 123 100 33 55 112 60 77 106 74 31 89 100 34 78 76 62 85 78 38 107 90 27 90 36 50 65 20 67 18 118 47 36 55 55 77 75 35 20 43 66 90 94 65 117 120 84 71 22 35 20 50 70 101 116 29 63 25 45 19 95 117 52 112 
109 24 40 31 80 49 84 77 74 119 56 79 17 115 118 100 33 86 67 46 110 99 40 24 49 40 20 101 87 75 73 45 103 30 77 66 104 97 66 111 70 117 33 38 72 48 120 23 104 42 80 28 97 32 69 84 77 84 62 45 122 79 106 120 18 53 51 86 95 83 81 86 36 56 118 83 114 43 116 99 104 91 66 107 35 87 38 120 102 83 38 37 106 87 28 118 35 70 105 120 111 122 65 112 34 88 109 79 79 117 43 49 33 76 94 24 38 
76 94 99 88 77 32 49 25 30 112 27 71 23 123 30 94 80 32 114 52 113 107 125 24 100 60 66 107 49 84 68 18 41 22 122 118 79 29 88 121 17 125 40 114 62 73 123 119 123 50 26 48 39 44 32 46 84 29 73 111 38 126 48 71 88 74 91 97 78 125 109 98 62 33 115 74 93 45 121 45 93 32 72 22 72 18 90 96 95 82 99 80 47 27 114 23 89 32 63 87 66 20 77 58 31 64 47 90 108 114 67 60 120 81 44 72 61 
104 54 30 43 114 25 23 44 22 18 24 114 76 33 109 70 125 101 65 87 71 107 63 75 99 82 29 108 97 103 105 40 70 75 72 52 73 59 77 21 27 91 90 97 83 114 55 56 30 19 37 69 98 48 38 72 62 57 57 29 82 121 112 67 122 110 83 83 59 50 82 118 66 55 53 73 44 39 38 28 80 103 20 119 105 87 54 19 63 71 24 82 80 116 114 18 62 110 58 112 42 55 58 47 89 87 93 59 80 99 75 88 97 54 71 102 35 
46 49 68 64 84 29 91 114 31 31 123 57 124 19 76 21 89 58 47 106 76 23 33 71 107 98 20 81 102 19 36 104 110 67 80 36 119 100 97 106 38 97 124 66 85 53 114 87 57 43 98 100 59 26 74 36 80 20 86 119 112 59 81 31 59 75 59 63 118 24 99 100 48 29 69 71 75 99 112 55 54 69 62 104 91 77 36 111 119 93 22 113 65 35 73 44 26 22 75 101 65 40 111 51 106 76 116 114 105 39 76 120 53 103 115 100 70 
20 49 92 114 40 66 25 114 25 50 115 91 86 48 71 65 60 85 100 46 81 70 101 105 38 64 121 96 106 71 20 117 55 18 124 86 18 17 22 76 24 20 29 124 38 36 38 61 121 98 115 113 100 27 83 58 115 22 45 26 60 70 88 88 67 59 51 18 96 63 66 87 101 95 88 39 59 21 44 18 52 63 38 111 67 62 75 72 96 119 55 51 54 98 25 64 27 29 101 109 104 78 113 18 47 114 122 119 33 123 53 33 113 122 76 99 80 
42 65 62 42 19 64 73 73 126 79 79 56 108 29 68 30 104 36 61 68 41 112 28 60 81 104 66 40 54 85 83 85 113 77 21 112 39 26 47 123 27 78 60 30 19 87 64 52 77 23 71 82 119 108 102 29 51 111 47 98 61 49 78 64 83 85 31 40 65 83 54 97 45 83 110 99 88 51 94 24 101 89 76 69 59 100 76 68 91 110 94 38 83 54 49 103 51 36 17 112 36 100 20 101 115 31 17 35 125 60 66 56 88 68 107 69 65 
49 24 67 76 99 18 55 78 117 91 86 18 26 55 91 118 120 79 46 101 104 35 98 90 24 43 19 95 118 41 104 119 78 77 38 31 61 91 100 60 115 103 117 50 109 116 46 94 118 118 77 25 64 47 90 75 102 112 38 82 94 100 98 59 49 48 34 25 115 97 53 37 64 28 73 88 84 38 74 80 46 21 108 45 54 45 45 114 82 86 98 94 56 117 85 39 94 38 69 21 24 56 126 109 82 77 85 38 29 66 51 55 22 47 58 112 116 
76 21 31 46 96 107 45 87 28 117 106 85 38 68 55 35 27 82 29 97 42 58 50 69 83 80 101 110 62 87 40 72 91 58 45 23 35 92 42 27 90 37 22 66 84 108 29 33 86 38 43 126 78 126 92 74 121 64 39 94 66 34 62 48 107 109 40 95 114 61 59 102 99 108 105 27 37 106 78 69 44 114 100 97 46 77 22 68 105 121 109 84 100 62 57 33 33 33 102 80 62 58 47 63 122 67 105 124 111 20 54 120 57 103 95 60 59 
86 28 64 123 26 109 82 111 111 109 42 52 93 43 93 60 121 76 38 48 106 60 61 18 28 32 65 100 116 25 62 58 66 18 98 84 45 23 85 99 56 49 63 55 65 35 62 114 75 49 93 122 89 26 102 37 94 75 124 68 107 77 42 102 74 23 57 34 93 41 20 100 72 38 46 49 33 86 111 31 84 100 47 81 103 103 59 47 90 86 39 126 83 81 94 102 62 35 25 34 85 111 115 51 25 89 75 104 72 88 91 20 100 72 124 19 27 
67 21 77 96 78 63 115 87 101 20 75 68 123 118 113 73 45 98 68 120 93 121 109 73 111 125 42 60 73 18 69 50 116 19 62 100 43 59 48 67 29 57 86 86 50 87 82 99 62 84 56 18 18 83 57 28 122 87 44 65 33 72 63 90 77 31 124 96 56 96 78 72 90 31 37 56 67 72 112 122 70 45 66 37 61 29 125 66 43 97 79 67 98 28 94 24 110 109 43 78 71 32 43 65 40 66 59 64 95 52 106 89 33 105 83 76 30 
99 80 72 26 50 126 51 64 91 62 79 117 44 98 57 103 31 52 110 57 22 99 116 120 81 83 73 19 123 18 40 75 41 33 68 67 102 123 106 42 39 126 73 88 108 39 42 84 25 23 53 93 118 26 54 39 37 113 49 54 51 23 51 78 115 27 79 26 121 17 122 95 86 47 30 23 101 113 60 91 40 26 97 34 29 87 122 19 81 73 81 72 87 63 117 31 114 46 20 95 89 96 83 69 19 53 79 72 97 17 123 19 30 44 103 28 95 
122 81 108 29 102 51 51 70 64 71 122 65 89 53 98 115 60 116 27 88 57 39 77 113 67 67 18 55 106 70 48 98 114 56 21 39 35 64 97 100 37 58 63 90 86 99 70 47 78 110 83 64 49 90 67 50 37 31 33 42 32 94 46 82 57 68 86 35 91 115 55 24 74 99 104 41 107 103 17 27 115 98 119 111 110 46 18 34 82 62 82 86 50 57 93 70 114 123 81 98 39 92 91 100 68 60 56 49 49 25 48 21 67 95 17 21 90 
75 57 61 44 94 49 27 51 97 108 93 53 51 90 53 68 106 112 62 58 77 119 88 51 24 123 99 110 125 63 89 38 33 126 83 46 106 51 91 87 96 111 76 79 95 39 102 27 60 19 55 103 120 44 66 67 74 83 114 77 36 91 95 57 105 72 105 121 23 20 103 29 88 84 104 41 76 99 79 52 117 120 57 90 43 108 76 105 34 70 33 102 65 120 25 68 40 32 90 105 59 124 93 84 95 97 90 90 44 60 98 58 49 73 123 61 30 
35 74 56 89 99 63 96 51 44 22 34 26 122 54 114 59 63 17 105 53 22 119 33 58 21 124 29 24 41 23 55 51 43 39 118 125 66 60 30 63 90 84 31 73 113 79 38 118 79 24 37 100 90 122 114 73 81 38 73 87 35 41 85 94 41 37 28 125 48 32 115 53 83 119 88 33 87 105 71 108 33 94 119 67 122 110 60 42 80 48 19 55 99 66 50 49 98 92 53 99 115 88 60 95 101 48 55 27 96 102 76 32 117 43 46 119 108 
25 109 45 58 80 32 99 98 88 117 105 78 35 108 24 76 126 34 49 56 23 117 69 89 117 70 83 70 92 114 103 17 95 47 52 39 108 22 63 124 103 45 69 124 24 88 35 85 32 22 99 77 59 70 53 68 57 107 83 124 81 96 89 57 51 55 62 27 55 110 25 117 98 69 60 50 21 98 50 26 67 53 25 49 26 67 108 33 90 62 120 92 117 27 40 126 35 110 36 23 53 30 54 35 117 126 72 74 71 89 88 91 19 71 40 56 46 
95 45 72 108 57 21 70 64 78 40 66 31 21 99 66 22 119 23 100 34 91 45 72 62 124 58 42 47 73 25 45 108 46 106 39 92 124 23 44 38 120 57 81 68 65 19 124 103 69 17 88 122 80 100 18 36 113 104 24 61 59 87 62 28 71 119 73 56 23 55 75 22 74 95 52 20 96 25 114 44 39 23 100 59 22 70 70 110 87 79 66 33 85 36 117 121 20 25 100 100 85 40 87 46 111 25 47 47 40 34 40 56 120 43 106 126 102 
92 33 19 24 20 84 78 119 94 110 19 126 84 125 51 28 20 105 114 86 75 21 44 43 46 114 45 124 69 25 25 97 124 27 123 124 89 47 94 75 64 27 46 87 42 126 107 33 69 19 45 42 35 21 84 60 117 84 121 97 120 112 34 52 101 65 56 100 22 53 95 114 109 26 63 80 67 60 115 82 124 38 50 111 126 25 61 23 44 115 77 118 93 39 84 44 94 100 66 25 120 24 86 72 24 57 76 92 20 111 77 116 30 112 93 60 43 
45 57 56 82 27 71 93 22 38 49 40 53 94 29 109 24 22 116 66 86 46 65 62 72 79 69 88 93 85 88 126 46 59 110 23 91 71 112 81 30 39 76 99 79 63 116 39 39 55 79 37 31 92 57 33 123 76 114 93 54 91 107 120 44 117 80 29 100 119 28 21 56 18 75 49 26 55 80 105 18 113 57 59 105 83 56 111 19 111 56 54 124 24 50 17 80 40 124 116 70 32 69 52 42 114 92 89 86 50 103 65 85 59 52 108 73 95 
86 87 94 26 61 122 59 93 34 27 114 83 27 117 70 108 84 95 116 106 22 41 44 37 93 54 122 77 34 115 110 78 62 37 23 112 116 92 76 44 92 93 60 108 55 44 64 63 115 113 41 112 45 65 108 68 119 119 26 104 62 39 82 48 20 30 22 68 32 62 67 50 108 65 115 114 112 28 28 25 32 107 71 95 89 24 64 97 89 23 122 47 93 76 60 29 103 88 101 36 52 113 35 31 26 30 110 59 33 126 65 102 82 96 80 25 123 
49 28 17 105 113 102 122 87 54 47 25 53 40 65 108 104 93 95 112 70 40 124 91 88 109 32 69 72 52 22 38 87 84 23 78 84 99 113 91 22 118 19 99 108 75 49 60 110 118 57 77 107 40 40 120 23 102 48 94 40 60 106 56 69 94 58 40 17 63 70 48 76 42 82 107 31 103 81 46 36 39 66 114 30 17 26 62 93 54 107 26 120 39 68 70 116 91 73 77 89 116 111 123 52 61 33 88 84 49 106 125 118 29 21 69 47 94 
92 122 56 60 102 97 30 56 37 74 34 110 95 24 53 90 71 45 115 104 103 60 50 87 44 106 25 94 94 95 84 20 117 20 89 114 65 108 36 86 94 121 86 23 55 21 106 52 114 126 91 58 81 124 81 126 66 89 115 56 103 86 115 85 102 47 72 59 115 57 109 44 30 61 78 41 117 98 37 111 81 48 68 30 104 64 79 78 21 67 54 90 116 73 99 104 39 24 69 80 55 115 62 71 63 119 98 93 120 116 49 84 17 86 66 74 98 
33 107 126 59 114 112 110 61 27 22 117 69 69 115 88 43 22 109 64 123 95 59 31 22 55 53 38 22 108 96 33 107 95 79 43 59 66 86 113 25 124 60 107 101 54 42 104 120 35 72 24 104 81 49 58 108 83 43 67 37 122 92 29 62 49 79 92 100 47 50 82 73 80 122 60 47 61 126 95 104 56 77 89 34 50 124 106 21 22 49 96 67 54 62 98 108 121 42 90 40 89 116 106 74 47 65 50 54 60 110 76 66 86 77 32 81 67 
