187 58
274 284 116 171 126 93 279 227 375 221 164 360 166 281 350 66 137 155 253 107 132 54 217 349 352 128 307 180 61 209 73 355 290 67 374 282 345 99 268 184 205 214 345 196 249 104 179 148 162 348 305 83 355 250 365 296 143 122 
177 232 330 285 359 62 115 192 305 263 299 204 75 358 49 158 364 132 182 236 166 150 241 265 190 245 325 295 374 121 257 257 257 50 89 217 130 174 158 341 120 67 53 123 134 351 357 277 117 67 197 235 227 240 118 264 68 349 
354 169 219 147 309 281 235 166 309 326 334 86 154 227 266 254 163 101 294 209 241 171 71 176 344 188 350 370 187 76 342 104 245 50 279 147 236 303 363 69 127 133 330 306 163 256 103 339 341 247 141 94 130 128 268 250 173 48 
266 275 170 121 326 156 286 311 345 338 296 130 140 187 161 351 218 127 234 203 227 117 129 206 329 281 111 137 325 361 48 294 107 133 109 190 237 112 260 198 278 58 71 264 295 235 191 235 167 282 69 205 141 324 212 151 259 163 
258 219 96 199 155 277 79 238 365 104 193 184 105 147 343 85 130 246 141 206 153 225 87 293 359 98 252 322 110 118 67 246 305 96 339 62 179 209 130 333 300 47 227 204 244 127 215 314 367 307 221 374 135 303 295 127 128 83 
212 79 159 340 293 151 311 178 59 197 285 165 280 278 255 234 271 280 264 307 306 96 337 48 323 299 52 310 183 195 374 56 240 180 188 256 225 275 316 253 157 140 134 88 289 374 232 247 171 143 234 55 104 216 244 98 143 150 
305 287 209 361 99 282 133 158 180 162 215 141 358 131 116 364 206 115 323 377 221 363 335 129 55 263 165 253 281 116 276 47 126 139 246 272 283 56 255 161 274 220 358 373 129 318 319 300 140 251 285 156 201 229 90 194 104 362 
123 225 306 132 229 55 225 299 233 350 239 367 216 285 104 124 159 58 305 362 63 322 61 366 156 355 144 183 322 241 261 313 345 270 158 201 82 188 143 73 186 137 261 242 195 241 119 99 190 48 227 169 206 84 252 192 316 78 
338 263 173 124 223 274 282 303 334 81 149 81 241 287 192 283 305 68 278 351 261 235 100 319 219 337 191 188 156 325 227 196 73 209 341 303 177 263 116 358 325 220 323 305 369 309 78 227 314 262 125 225 297 154 272 297 265 174 
359 186 366 230 84 371 278 121 112 195 132 170 100 247 274 107 70 58 205 364 76 184 222 277 298 81 151 339 171 184 337 342 295 246 304 232 156 49 222 129 329 160 253 79 232 232 313 253 90 141 243 215 160 153 284 260 274 88 
228 145 326 296 65 210 157 147 210 189 119 111 152 69 93 175 200 269 250 353 235 210 326 311 136 147 376 246 82 59 95 359 99 115 344 71 63 171 338 283 148 157 57 229 308 132 63 161 116 226 293 103 151 219 297 271 359 317 
177 357 179 214 374 299 154 330 239 52 274 318 142 333 338 57 123 189 257 213 141 325 300 292 246 85 163 225 92 338 216 80 88 163 137 304 310 248 272 70 94 234 296 113 111 254 161 338 213 222 216 235 142 156 214 342 63 350 
362 199 366 109 158 316 370 116 169 269 325 170 157 139 66 65 51 373 357 283 147 320 294 342 63 156 114 83 138 121 103 70 169 149 361 131 132 111 365 124 147 81 96 302 332 213 53 97 111 290 239 275 319 184 77 345 324 293 
342 156 175 229 133 189 313 110 216 230 237 75 149 203 264 72 192 171 149 163 357 338 377 84 348 363 192 305 335 141 195 334 362 372 250 141 328 106 196 149 310 184 66 352 203 156 368 277 98 244 111 56 357 244 76 332 186 299 
101 264 260 85 184 327 272 345 117 187 267 330 197 365 262 48 363 288 85 228 303 100 201 276 211 160 172 49 79 319 158 113 202 167 111 314 125 352 82 298 344 236 271 155 356 224 269 159 368 89 91 118 228 294 131 298 269 272 
317 101 256 359 243 115 146 318 218 86 176 191 369 74 329 349 65 319 372 218 94 136 141 158 255 298 295 328 88 292 257 60 61 197 136 127 328 230 70 226 320 98 149 315 291 125 291 127 111 346 264 207 77 214 226 98 352 365 
313 358 176 188 305 375 67 251 228 330 205 336 265 254 230 168 182 235 239 187 269 354 282 206 370 83 127 241 332 376 233 357 82 242 80 193 367 285 79 288 370 377 238 254 186 304 166 224 68 158 182 278 129 361 191 311 359 98 
64 345 321 327 149 97 50 199 50 135 216 374 241 118 58 370 365 88 103 142 83 313 252 316 322 365 223 334 187 200 219 206 279 273 210 145 96 182 331 150 244 119 121 101 113 328 104 114 98 219 111 60 343 261 176 315 110 361 
62 328 358 180 258 62 70 49 173 224 138 331 359 375 64 197 166 112 315 290 313 105 185 317 130 220 57 342 267 121 224 130 311 259 205 347 112 341 304 310 205 159 83 377 223 195 144 372 264 261 217 155 153 208 282 327 236 311 
59 277 276 62 261 141 130 243 293 246 69 97 95 314 131 71 142 265 333 285 365 264 149 262 256 188 70 320 288 148 325 228 267 237 277 167 53 156 159 261 267 198 77 71 122 263 254 281 268 56 96 358 179 100 377 362 279 105 
172 368 337 283 123 54 338 171 333 164 329 211 203 159 174 306 69 370 307 306 377 311 155 255 230 157 272 61 330 337 204 66 225 312 140 196 167 73 332 147 165 143 77 294 219 309 135 127 306 141 147 209 124 212 230 156 121 119 
244 270 210 164 353 347 314 139 306 288 162 102 55 343 147 227 172 338 320 290 343 323 370 217 375 350 268 230 332 160 139 52 264 140 372 346 129 343 184 203 360 247 294 157 371 58 310 235 72 227 114 207 71 349 166 137 301 60 
81 147 373 122 308 121 74 357 337 258 328 225 233 224 66 375 246 117 236 361 345 353 140 123 354 359 317 98 253 134 139 274 317 271 336 338 316 195 321 229 108 134 166 279 183 284 85 257 185 57 331 118 263 132 309 136 297 253 
170 244 182 140 337 222 227 116 275 227 167 175 229 336 177 74 256 240 81 165 324 87 104 251 85 293 66 149 92 325 343 250 108 252 160 120 260 74 211 51 322 316 189 320 259 216 197 372 288 291 291 345 267 341 147 174 328 310 
75 351 232 366 60 250 361 357 50 67 172 278 163 315 344 250 366 261 111 345 306 199 356 64 175 336 295 119 289 162 300 369 269 50 52 215 159 345 226 253 367 341 244 240 132 347 282 121 342 321 59 158 137 243 297 301 80 346 
368 123 324 84 313 122 288 248 109 106 188 166 76 72 294 332 223 304 322 113 153 132 83 191 280 358 142 66 352 200 338 281 353 342 200 337 85 327 93 322 206 221 174 200 351 65 324 133 94 103 99 111 374 272 206 258 200 277 
259 88 168 67 282 79 352 50 357 190 71 201 291 342 49 361 303 136 240 262 280 190 79 211 308 369 111 312 322 276 139 183 258 263 132 320 224 371 376 129 61 102 135 66 163 76 247 275 256 194 329 147 305 323 308 155 294 120 
259 135 366 361 330 298 62 80 368 170 137 164 343 79 59 67 213 363 298 320 320 322 196 128 284 310 201 52 155 76 219 117 127 70 260 328 248 125 76 220 80 265 316 150 77 343 260 274 316 318 282 243 361 145 116 215 174 131 
91 250 226 59 72 320 92 229 249 358 266 111 203 232 202 369 48 61 301 323 68 117 194 264 355 370 368 332 156 275 139 98 86 167 370 142 323 218 273 178 236 328 339 322 169 195 84 367 269 322 325 359 362 179 333 317 84 262 
243 92 286 314 62 147 288 78 345 305 278 163 197 252 112 146 323 106 185 55 141 254 247 62 354 77 194 247 295 49 347 178 130 242 299 214 229 332 126 286 147 153 57 370 128 244 91 85 312 86 287 281 199 137 235 99 173 375 
92 304 50 134 361 72 79 217 144 377 338 156 345 136 337 226 268 260 69 60 375 116 311 171 334 221 155 242 143 288 131 118 82 197 300 368 322 263 376 65 253 80 156 231 352 326 67 354 349 109 98 49 164 244 230 218 342 73 
312 240 202 184 158 99 340 306 165 330 87 105 223 117 223 123 186 288 207 260 371 313 225 60 362 342 300 167 217 363 150 242 49 255 302 367 88 70 206 206 160 376 163 312 51 315 137 172 342 173 293 367 214 159 307 123 91 194 
296 283 324 360 84 328 146 186 321 122 325 62 169 339 213 311 55 301 201 223 232 99 280 175 316 115 116 227 166 173 240 296 309 357 184 242 294 130 126 50 128 91 186 51 210 345 322 56 250 181 255 343 238 293 58 369 308 328 
177 142 195 281 182 127 162 184 326 321 89 307 250 308 246 283 220 298 134 62 227 307 230 98 366 135 374 357 136 277 286 201 71 131 275 51 355 276 326 253 194 195 263 59 190 211 191 79 221 344 235 188 72 220 133 221 263 330 
347 81 58 201 260 290 372 377 114 280 278 121 268 91 134 74 107 105 348 116 131 213 219 347 296 292 75 55 82 96 245 283 355 120 98 225 227 184 238 348 237 303 203 145 109 247 64 114 57 370 213 163 226 126 152 76 257 139 
191 189 194 287 184 290 87 330 274 213 176 170 56 117 331 318 124 284 288 311 143 88 48 311 329 275 293 284 198 246 215 355 120 119 240 68 193 267 49 102 344 148 85 230 121 375 236 51 108 256 244 235 105 52 168 245 330 158 
138 188 107 191 89 104 296 114 315 67 287 74 241 347 138 122 250 50 305 101 283 91 291 227 66 329 252 339 326 355 245 294 220 369 201 193 283 74 229 231 171 281 63 185 156 188 222 341 300 338 56 208 290 232 226 141 161 278 
133 234 260 356 181 285 326 60 377 147 367 155 171 309 212 77 347 358 103 266 241 135 179 178 49 237 235 129 192 58 269 122 194 301 192 163 316 178 232 180 106 227 62 101 107 297 172 177 213 300 217 98 243 270 156 341 208 337 
250 299 217 154 114 271 129 53 167 217 236 133 365 358 93 226 239 198 99 260 102 338 302 329 125 56 348 301 155 304 362 274 289 131 65 52 77 167 199 280 57 160 264 96 148 252 286 215 271 260 281 48 375 354 168 49 270 48 
87 229 94 238 249 94 132 201 238 155 193 277 241 63 216 166 132 121 321 215 211 216 344 304 196 283 362 374 260 333 262 181 57 169 207 345 172 122 47 291 317 314 159 109 330 84 164 271 309 52 287 297 290 195 143 209 123 50 
84 253 279 354 190 91 264 348 61 195 345 301 121 50 283 169 323 192 118 317 237 50 338 172 100 250 194 70 163 50 81 198 214 204 160 221 303 278 125 115 197 53 225 190 271 311 193 127 358 94 155 349 264 260 172 217 138 188 
160 368 67 100 161 369 91 143 76 323 342 111 124 257 164 212 169 289 234 124 174 56 261 76 239 47 229 207 163 371 103 257 334 238 332 168 199 317 368 345 107 336 204 151 151 351 154 337 110 56 236 54 99 261 348 100 69 220 
270 52 74 265 350 300 105 105 268 256 99 244 363 126 241 216 271 160 174 86 351 121 218 219 324 205 238 172 264 157 252 301 351 153 74 310 231 193 94 340 331 234 170 129 377 156 371 198 87 98 230 261 269 285 241 132 371 213 
276 326 304 272 302 333 262 71 68 366 80 173 168 271 142 168 133 71 369 141 300 133 345 123 97 129 70 254 164 86 75 242 299 47 90 166 305 307 272 228 372 76 224 180 98 164 136 320 111 279 288 152 66 154 237 254 290 55 
239 147 208 326 281 321 135 99 231 255 255 165 152 244 374 192 311 182 226 239 245 156 298 85 74 288 278 337 105 49 71 183 258 113 172 47 334 347 348 367 327 327 50 123 153 274 201 253 315 179 140 326 221 332 302 255 316 353 
124 50 113 256 98 112 260 334 95 54 66 80 247 185 302 197 159 350 353 334 51 244 199 201 325 210 305 376 131 350 272 175 360 263 253 159 108 213 365 359 248 99 124 138 211 329 69 374 293 301 321 304 194 266 244 312 182 282 
230 342 197 372 179 283 321 235 335 237 242 311 356 101 152 220 321 345 357 362 194 75 75 368 116 264 312 198 61 272 342 221 215 152 325 107 267 237 240 173 329 169 53 345 335 165 225 69 291 57 212 291 236 202 355 234 278 160 
157 368 245 205 349 314 304 256 77 116 90 293 263 226 357 166 159 367 62 193 133 240 156 154 371 240 80 364 236 191 183 130 217 223 52 267 318 139 364 304 86 83 188 78 105 166 371 299 253 212 278 191 107 282 191 53 177 112 
256 201 51 145 350 184 60 315 56 314 269 211 89 146 58 134 98 239 57 370 139 176 106 161 64 196 288 356 167 365 366 258 295 49 372 288 135 189 318 322 156 230 132 333 316 157 109 181 335 133 310 173 252 267 220 276 142 273 
60 237 337 240 96 148 51 270 355 91 369 218 371 360 243 265 71 257 56 249 91 245 85 140 305 183 130 238 179 71 228 190 370 313 121 348 250 359 354 268 54 302 55 203 336 335 194 366 160 342 129 197 261 135 175 339 49 293 
342 288 299 166 364 77 86 258 84 233 128 259 374 138 91 292 333 273 68 260 213 182 377 239 184 305 290 100 100 180 119 345 287 152 308 305 249 93 300 355 286 298 97 320 262 337 335 373 185 96 159 267 155 54 278 202 358 82 
246 177 337 136 338 127 182 87 338 344 230 99 355 174 277 146 263 138 157 363 232 143 71 195 281 267 199 354 319 108 281 223 276 181 358 50 101 372 68 218 258 250 320 318 162 227 99 244 146 83 190 71 124 143 275 295 174 287 
187 161 199 112 70 297 261 374 289 124 370 103 141 206 346 108 183 341 203 311 273 257 329 308 151 344 263 197 243 322 317 137 274 241 188 315 325 71 163 140 244 265 357 280 91 239 289 116 138 120 205 171 157 51 142 87 148 109 
145 81 238 64 266 70 279 67 131 109 149 169 340 297 329 76 171 154 92 369 173 253 164 302 131 166 254 349 315 133 280 308 166 179 350 168 313 123 339 134 112 151 124 89 233 126 304 185 163 248 145 184 163 280 228 242 184 265 
229 83 324 276 307 264 297 162 155 157 159 115 251 309 119 62 325 185 349 343 256 259 258 376 73 129 160 77 286 316 140 63 237 369 49 133 305 318 87 310 55 75 240 312 131 157 50 66 319 348 271 123 256 325 289 293 186 186 
143 293 286 270 347 90 251 201 105 94 343 184 313 193 270 168 72 98 89 267 370 338 159 333 321 81 368 113 324 371 288 200 157 371 163 214 67 164 74 99 184 334 148 269 338 318 186 217 236 295 219 266 128 341 56 91 228 282 
313 375 341 263 336 213 323 199 175 287 120 51 322 108 55 146 99 345 92 148 333 193 60 187 277 144 267 146 374 104 125 240 132 239 225 237 112 134 172 107 236 328 245 129 115 149 216 264 231 221 73 90 75 273 270 160 339 254 
308 104 307 54 217 253 192 189 96 174 217 69 301 209 254 208 83 62 377 330 248 209 242 63 358 166 255 158 340 57 140 315 347 183 198 152 123 62 179 76 315 237 81 317 55 73 120 160 179 122 210 300 135 280 147 71 266 345 
216 86 148 159 65 79 53 299 218 142 191 187 107 118 155 204 283 52 173 370 53 117 319 200 186 234 264 226 285 144 350 219 118 154 306 207 159 322 326 318 356 298 184 271 307 226 121 136 231 300 147 233 256 373 202 134 377 171 
99 242 318 212 72 315 276 328 173 49 126 196 317 53 96 96 264 68 107 346 292 370 156 297 200 232 262 261 88 375 344 348 175 304 232 236 131 117 166 109 175 313 322 208 79 258 75 202 341 109 151 127 326 199 107 136 297 56 
257 137 150 326 137 205 100 174 335 208 135 53 83 184 149 81 97 232 233 311 85 153 58 376 76 235 115 189 291 110 145 170 82 58 134 334 290 371 222 56 259 151 261 165 148 115 333 211 118 176 313 202 78 347 129 303 174 48 
125 193 76 373 185 164 234 113 356 360 170 349 295 268 290 121 267 113 300 323 377 345 377 310 92 198 159 54 347 101 62 298 62 340 310 286 268 67 204 89 47 318 290 168 147 250 371 201 143 169 308 99 336 241 195 269 243 185 
258 62 244 94 341 93 204 48 342 67 319 356 133 137 327 66 328 55 342 218 107 178 121 219 94 258 334 99 207 57 351 328 130 368 89 56 278 227 73 339 335 132 335 298 156 106 241 75 113 100 192 168 80 198 337 103 65 154 
238 237 376 362 243 79 343 165 222 209 122 198 89 195 281 99 51 264 64 206 63 99 296 262 71 214 205 108 174 264 124 332 321 92 321 258 311 160 304 171 64 224 111 203 251 202 322 114 273 81 300 353 306 176 356 363 98 248 
54 120 245 106 326 206 259 207 315 166 191 249 228 310 98 219 144 136 133 234 96 187 220 348 303 156 64 289 259 92 134 281 180 140 76 302 221 56 141 247 288 210 94 306 160 365 220 93 106 251 208 110 58 197 179 126 166 253 
325 370 126 326 108 103 134 111 96 152 176 349 122 320 163 215 132 236 298 323 68 190 207 174 194 261 157 218 177 240 299 317 330 299 233 155 356 279 120 335 307 226 51 102 99 319 180 367 326 224 337 360 343 307 311 223 48 76 
164 187 313 311 112 53 219 235 350 186 293 169 329 151 286 49 192 177 375 249 239 221 273 74 122 192 166 354 278 84 294 212 337 242 98 69 328 190 369 287 70 231 68 234 282 257 183 89 107 315 332 230 229 356 138 197 315 60 
52 354 280 139 372 282 97 51 108 352 333 165 72 180 136 301 233 60 148 53 52 101 123 116 81 165 363 58 326 294 84 73 258 115 155 135 290 180 343 145 328 128 168 107 181 249 120 269 89 337 91 298 184 116 56 372 145 69 
176 300 154 345 70 202 124 219 59 185 293 79 143 255 155 131 193 176 133 115 80 207 333 215 261 126 117 116 212 89 120 71 191 100 170 273 79 284 49 370 138 99 205 101 47 310 52 215 97 233 265 344 233 51 79 280 137 355 
290 362 58 120 340 86 255 159 168 286 74 357 178 51 194 50 83 313 93 104 219 353 218 167 158 119 283 265 170 243 179 182 52 68 211 192 215 139 205 219 178 209 168 320 66 189 355 243 226 71 149 290 273 294 225 235 292 235 
96 186 194 256 177 158 317 55 112 229 224 370 202 54 140 142 302 269 331 164 72 251 177 333 234 63 230 238 104 56 64 103 349 340 150 255 239 203 250 97 361 351 253 372 62 127 230 139 242 168 342 137 112 340 377 352 191 137 
178 162 165 278 98 82 223 126 98 290 135 266 247 245 50 212 264 181 254 275 198 196 237 174 202 377 237 145 184 322 353 100 280 163 375 255 267 143 47 132 181 193 283 330 279 173 82 327 289 280 244 361 367 263 360 313 84 280 
200 326 184 51 212 68 110 114 360 363 348 209 302 150 276 240 102 76 226 161 196 80 103 268 149 283 301 234 183 144 237 344 76 249 209 293 77 350 302 338 66 349 357 151 304 168 338 162 318 212 204 107 281 47 211 195 75 299 
137 285 87 84 317 189 257 305 331 91 83 132 245 277 93 323 215 115 183 370 59 133 332 148 235 190 53 338 204 222 121 367 246 210 282 86 55 212 134 253 194 96 189 118 58 149 364 91 86 203 227 146 199 108 187 324 252 204 
375 266 73 290 370 148 245 78 140 297 247 260 81 214 344 240 175 217 267 284 136 157 364 126 215 72 265 159 253 213 90 222 279 334 210 129 238 321 323 242 180 70 104 296 128 341 242 77 312 202 142 137 303 59 366 211 83 262 
170 137 226 314 158 269 278 248 92 238 121 278 238 338 84 278 236 64 299 156 247 99 360 373 352 264 102 361 301 69 250 362 226 342 121 164 104 315 375 243 258 242 75 102 326 282 349 336 333 85 274 204 294 86 236 237 314 349 
77 333 289 253 301 216 158 193 278 326 151 278 69 86 324 209 143 236 160 271 307 183 154 330 51 68 227 97 343 155 181 181 103 272 357 271 305 196 96 212 358 65 93 358 337 74 316 319 362 163 218 118 104 290 196 223 286 356 
124 137 248 357 176 332 374 171 106 240 157 205 240 50 349 338 295 369 325 369 326 206 92 61 219 247 373 330 364 297 295 51 306 164 331 275 263 161 84 55 370 227 234 346 199 127 225 142 368 76 327 335 192 280 340 134 123 366 
247 172 307 200 50 156 334 80 138 201 152 135 66 314 233 247 79 257 321 316 281 163 158 185 132 196 151 70 118 290 127 134 339 213 72 362 170 377 342 68 360 290 281 169 154 373 342 264 52 101 362 274 142 125 82 355 343 373 
186 213 80 136 334 150 93 54 116 329 275 122 368 260 191 232 172 298 172 350 256 188 335 238 148 104 82 113 134 195 66 157 348 136 209 302 92 298 100 152 304 95 302 153 358 72 303 247 81 335 261 65 107 211 274 234 244 350 
366 242 212 256 216 363 104 371 147 127 314 84 115 171 238 96 182 272 165 196 199 88 333 206 223 360 262 139 362 180 291 349 255 330 122 374 207 344 311 242 186 304 160 281 377 301 263 225 162 311 211 274 199 366 335 287 181 124 
333 60 255 363 334 214 324 222 241 332 272 314 249 179 277 232 355 288 288 266 127 150 150 132 161 234 117 234 231 71 248 260 169 342 94 276 161 168 146 130 187 197 137 352 258 63 365 336 207 115 68 318 316 322 376 290 254 275 
251 366 232 158 193 52 191 305 178 269 292 220 272 293 149 311 344 71 93 220 377 78 253 52 92 244 63 308 64 50 298 222 64 308 293 269 109 133 62 213 295 228 329 164 256 321 226 301 268 275 243 99 236 274 277 335 228 358 
329 122 85 359 344 174 166 133 110 239 76 180 347 276 61 232 276 232 299 186 86 80 98 306 272 251 184 117 298 156 167 178 161 222 303 214 348 177 328 112 117 349 165 227 191 323 238 229 209 114 263 220 303 164 181 369 153 355 
119 157 246 312 86 79 335 187 244 292 174 231 147 48 151 330 104 342 305 132 87 364 277 271 331 125 362 358 356 201 259 196 263 309 286 223 319 304 373 372 86 311 252 279 368 276 130 357 277 292 310 90 352 313 370 291 340 300 
318 88 288 67 374 338 163 193 160 249 363 297 203 253 326 353 262 214 234 329 366 61 59 206 68 200 273 281 122 200 124 175 131 376 125 96 355 138 352 117 177 369 198 362 152 81 126 197 115 210 139 272 260 174 143 246 338 85 
242 341 226 143 163 210 333 213 172 286 131 54 356 91 227 181 292 339 295 222 294 317 298 56 298 365 272 224 216 269 133 308 140 97 131 374 267 231 368 189 227 167 367 332 355 157 99 219 274 261 111 161 304 223 209 152 92 70 
273 178 287 169 359 56 339 347 347 271 235 94 248 183 244 127 142 335 188 57 158 308 261 359 149 160 281 121 143 184 47 370 210 121 354 198 174 118 368 92 133 320 186 352 226 350 328 92 264 204 342 225 341 220 193 70 365 263 
339 243 306 119 184 131 98 247 75 310 294 243 246 193 145 126 232 262 126 134 85 180 291 192 305 133 162 336 164 348 127 299 250 197 148 202 347 67 358 209 89 158 354 123 147 377 118 67 139 106 347 251 261 377 184 336 215 277 
368 325 94 359 200 207 112 278 348 293 204 96 159 97 362 89 226 63 65 241 191 307 327 195 199 373 107 205 305 125 200 192 284 135 60 128 98 374 336 152 170 204 241 334 68 122 191 149 348 316 155 239 243 132 212 215 219 117 
351 372 98 154 377 105 140 322 288 207 67 307 335 181 108 356 107 98 57 272 183 84 75 89 60 358 229 263 195 205 196 376 224 129 70 140 189 276 69 70 173 350 95 288 171 91 233 124 266 228 178 320 275 335 321 194 244 122 
171 213 332 243 153 333 101 249 140 243 67 332 114 163 253 180 244 50 229 304 190 158 347 104 218 153 62 48 256 67 332 241 167 268 342 103 349 116 184 376 302 76 94 261 224 344 231 176 316 105 220 280 194 60 129 296 371 103 
121 54 277 84 103 303 56 169 258 253 293 130 168 350 284 357 348 85 253 299 296 352 186 83 173 170 366 376 214 249 240 284 358 226 358 239 153 87 80 98 110 199 61 64 232 210 226 267 232 187 295 329 128 256 131 59 113 159 
75 274 364 261 162 262 336 134 50 143 244 234 223 354 245 140 293 223 52 190 335 89 130 317 350 350 227 297 174 223 51 131 246 197 163 170 216 49 271 371 134 350 287 257 208 357 337 307 220 193 118 57 229 223 91 260 324 227 
253 84 72 215 317 330 62 203 345 338 224 99 369 241 305 367 354 195 164 299 52 298 298 174 83 106 262 187 147 159 365 103 353 87 324 123 241 372 266 299 147 332 78 321 161 68 166 314 336 285 293 160 366 73 232 312 85 171 
197 278 322 189 192 73 168 311 171 146 133 232 182 109 279 246 75 73 163 209 217 254 283 298 204 360 264 289 291 370 90 277 203 243 299 228 95 175 155 292 254 264 296 251 367 199 289 371 252 152 219 60 207 205 70 201 245 112 
370 306 323 61 214 316 186 272 81 183 270 68 264 96 294 246 356 134 290 89 204 202 57 146 162 371 119 129 52 160 170 65 310 178 84 370 70 48 128 342 326 320 160 352 269 319 82 299 263 284 322 243 211 92 335 86 145 266 
177 267 84 203 139 321 356 320 228 244 86 88 81 209 351 280 107 249 102 93 144 87 288 138 77 78 321 258 348 118 310 227 178 151 173 225 51 101 113 189 323 232 186 257 173 76 131 60 358 256 177 76 87 377 359 160 71 282 
367 124 92 169 129 104 159 246 149 318 213 66 166 260 176 170 114 241 270 259 289 356 76 154 72 124 251 66 62 182 63 170 340 300 298 281 56 109 63 313 332 108 337 329 97 54 162 176 104 253 311 195 116 234 316 335 185 296 
55 151 298 67 50 329 51 270 115 279 201 154 73 54 200 82 212 120 137 106 231 311 211 370 309 96 212 120 56 149 70 179 315 86 304 369 270 300 131 377 86 103 337 181 277 116 51 256 357 110 183 329 243 258 317 208 346 289 
181 138 163 213 102 223 266 101 297 352 201 233 374 168 167 134 222 166 336 98 336 187 374 92 113 332 292 309 126 238 249 220 274 111 89 105 151 80 207 211 154 304 224 232 65 377 54 208 271 112 155 212 340 285 268 299 131 84 
51 370 159 135 249 114 69 226 187 339 237 261 176 211 71 211 297 343 300 281 178 274 221 56 204 289 161 166 113 91 99 253 91 301 102 102 313 307 127 369 53 56 210 148 288 343 237 91 280 231 345 348 49 64 134 66 199 104 
57 306 61 259 197 209 230 237 124 209 155 255 341 126 186 333 70 315 64 299 166 325 277 173 281 249 243 84 60 240 92 374 108 51 332 58 268 347 190 263 220 56 221 193 257 106 324 205 306 208 94 217 356 330 293 63 347 179 
84 296 369 375 78 112 215 269 225 179 140 101 264 81 209 106 368 137 76 291 118 314 238 127 47 349 301 216 247 73 273 203 292 107 97 301 253 263 108 368 109 103 296 260 320 333 64 355 195 214 318 357 116 255 332 245 323 67 
145 128 288 323 275 251 336 369 257 209 291 67 332 286 89 86 215 319 135 288 245 334 362 341 170 348 111 236 220 265 75 180 356 238 148 220 64 113 88 57 194 322 106 366 264 155 348 168 357 137 51 154 374 101 285 211 132 336 
135 78 348 87 178 289 65 87 122 114 167 116 156 248 240 230 178 294 96 305 143 170 180 264 320 87 229 241 108 296 362 92 126 216 324 138 262 106 50 243 84 301 274 114 223 146 50 219 235 262 179 268 130 359 125 287 106 194 
71 212 51 188 347 82 259 370 245 50 355 122 84 309 145 363 228 160 51 60 264 272 238 291 352 107 375 124 291 159 138 198 322 332 72 254 224 141 287 208 361 314 229 276 261 251 326 162 359 172 131 87 187 75 60 359 284 78 
356 290 105 193 56 98 229 121 206 314 121 133 200 339 84 291 59 295 332 69 219 173 162 266 367 102 108 334 141 53 125 304 283 140 307 69 67 178 191 288 227 301 154 287 225 329 306 203 92 345 371 119 318 152 276 90 71 94 
304 137 166 237 184 111 108 68 304 164 292 335 98 83 311 262 102 198 167 352 88 137 317 47 112 131 363 139 175 154 286 167 48 251 55 68 259 345 189 244 153 221 90 86 329 281 377 359 59 158 66 202 301 375 132 129 267 196 
331 118 147 168 139 211 261 156 302 305 308 65 289 296 232 345 53 217 91 193 85 203 113 154 202 280 317 73 333 107 217 103 105 358 304 373 154 223 194 353 312 332 109 178 250 295 248 342 351 142 71 323 162 185 338 208 100 275 
322 237 132 275 327 337 138 77 256 210 264 319 86 49 60 144 261 136 310 91 228 50 65 213 119 376 81 142 139 371 185 157 332 87 140 376 284 88 129 101 93 311 147 66 162 141 89 343 190 249 125 317 187 331 171 71 241 258 
50 362 232 65 124 171 181 359 376 269 102 231 343 207 63 183 210 134 305 230 186 160 143 357 80 58 132 89 227 297 264 65 350 249 332 63 158 184 193 335 270 258 112 351 291 125 238 186 277 319 59 278 47 94 188 171 304 170 
59 248 359 96 174 94 342 316 142 182 99 339 183 151 315 97 305 64 56 194 185 220 239 197 283 282 266 265 220 260 336 302 284 107 270 277 108 176 121 196 348 263 330 66 123 143 90 317 328 337 286 366 285 47 62 121 165 267 
354 77 287 60 116 213 120 320 232 273 363 339 183 299 303 186 149 69 139 180 233 237 153 185 213 216 83 290 113 224 213 290 57 206 260 206 324 107 194 250 94 126 62 143 107 155 340 186 83 336 182 329 133 288 71 312 299 259 
270 112 173 94 258 107 351 285 170 196 50 302 129 279 271 161 143 340 204 68 121 202 236 143 358 188 243 344 361 121 254 291 370 197 94 94 122 168 137 225 200 60 118 240 200 163 94 316 370 222 197 129 291 202 286 367 263 218 
98 71 300 47 353 64 65 101 129 369 281 293 205 216 356 356 96 134 341 349 124 148 337 272 211 207 161 186 154 181 316 80 296 236 147 221 121 266 178 239 275 184 206 331 261 67 138 184 290 313 144 324 167 156 120 176 115 289 
356 187 323 359 94 297 186 65 153 143 307 212 371 230 271 245 348 164 249 196 196 162 82 229 184 263 268 124 282 146 176 141 164 263 195 302 323 260 179 226 223 339 249 156 124 219 257 376 159 364 350 307 341 112 251 105 362 48 
48 117 217 261 78 307 189 180 69 350 230 223 98 172 257 372 182 304 68 219 117 185 71 215 320 52 208 55 328 282 242 247 356 146 139 135 235 122 363 61 154 129 189 303 170 134 140 166 248 144 326 107 134 54 176 350 155 357 
246 206 243 219 368 141 296 173 81 240 141 355 274 59 233 207 68 151 363 126 81 339 166 106 186 286 339 149 222 113 87 111 74 314 331 152 279 363 202 105 235 251 358 238 165 363 324 109 221 280 56 275 278 216 223 241 80 365 
166 89 283 204 258 132 121 328 338 101 166 253 314 130 286 370 193 106 266 195 357 299 163 71 352 159 255 147 283 213 267 149 123 267 87 357 51 200 311 60 83 197 214 175 117 55 72 337 351 79 135 135 167 196 228 97 117 134 
189 180 114 299 168 301 119 197 344 339 82 370 63 181 116 355 262 194 330 295 250 83 286 59 315 130 156 163 243 135 265 338 247 65 57 59 351 356 142 170 103 281 212 315 274 233 70 274 141 76 252 221 308 71 184 64 344 162 
306 178 189 158 137 360 252 243 357 330 216 48 251 259 56 343 207 319 341 289 312 97 331 276 80 144 219 297 308 222 80 238 171 167 202 334 134 234 352 195 174 240 309 298 244 319 219 52 76 283 145 285 286 80 312 292 253 326 
112 292 326 115 364 72 207 338 243 369 68 107 350 94 231 188 341 238 327 320 273 295 58 58 59 353 172 262 214 311 122 312 272 112 314 101 371 64 112 181 98 161 156 243 372 144 161 191 178 190 111 347 214 331 306 100 274 162 
224 134 157 223 268 261 143 346 85 319 263 318 158 131 368 139 356 353 202 250 171 215 171 341 276 262 361 114 215 157 147 238 103 295 250 278 189 278 321 118 191 362 185 308 190 240 156 266 366 267 274 346 370 174 165 83 251 49 
362 290 79 255 181 310 208 132 262 96 279 83 232 77 260 267 277 198 289 176 373 368 289 255 351 68 117 262 157 327 195 130 183 212 100 366 373 304 345 139 281 322 181 343 118 75 325 183 334 185 115 215 102 141 300 372 187 75 
328 288 304 194 344 51 113 259 57 80 214 345 63 264 55 304 101 345 376 159 159 377 143 166 227 255 235 135 314 126 185 65 174 344 253 328 343 134 98 176 296 262 342 87 309 235 313 89 160 317 236 242 272 231 143 67 97 140 
164 107 321 129 77 96 58 134 139 243 238 152 74 71 77 68 226 48 113 225 122 80 48 109 76 103 250 239 98 177 98 325 96 338 50 117 248 261 284 309 251 312 153 323 298 85 224 256 153 277 235 191 189 54 357 174 96 49 
86 344 94 158 179 217 65 317 297 267 76 348 77 139 371 115 277 315 355 58 141 211 234 361 183 205 221 148 263 259 320 250 173 272 208 359 196 170 262 57 276 210 257 180 220 172 106 85 216 243 150 189 134 257 72 80 199 118 
246 198 173 53 269 84 317 196 175 170 240 151 365 100 263 354 149 270 78 238 209 193 307 336 240 52 85 338 90 72 265 229 278 73 69 190 279 116 64 68 49 336 313 77 213 191 278 225 96 173 253 116 268 275 298 273 178 240 
112 343 200 184 107 288 326 333 171 258 177 111 357 287 206 308 321 143 127 271 82 126 98 132 251 196 353 362 340 180 170 54 242 112 142 124 185 158 51 247 273 124 280 368 226 374 349 232 80 162 255 149 173 145 144 93 156 153 
363 353 326 293 78 152 77 94 139 127 368 147 104 106 80 266 64 54 94 293 173 283 302 227 238 159 122 149 217 365 285 275 346 342 223 304 89 228 117 357 241 296 266 347 127 234 195 116 155 191 131 121 352 337 285 48 201 169 
241 119 285 294 202 133 181 289 66 349 375 340 112 250 322 268 225 300 86 323 133 49 339 339 244 50 229 300 225 275 95 246 249 155 308 247 369 243 226 349 299 343 109 243 376 70 77 206 333 325 264 97 312 57 230 257 83 56 
127 111 227 183 356 322 269 133 235 297 165 72 337 215 110 321 105 57 138 60 352 142 86 192 277 303 62 79 255 229 364 227 359 69 299 321 253 194 165 47 337 211 195 362 195 106 84 94 174 263 191 76 161 300 48 117 56 63 
275 335 338 78 218 102 238 175 362 191 201 185 206 334 209 123 315 149 293 102 220 254 121 49 240 261 328 109 190 98 188 187 95 329 223 150 176 330 54 128 238 236 109 155 69 221 103 194 282 70 293 157 254 181 65 288 227 370 
179 190 229 245 254 192 230 178 143 326 175 346 93 322 320 188 374 159 167 375 256 289 95 49 336 83 327 361 120 231 335 106 187 367 280 124 157 287 298 276 156 356 230 365 295 186 249 56 219 119 324 250 235 300 321 290 60 223 
322 71 57 151 320 114 316 325 206 73 121 49 158 305 141 183 92 49 258 177 229 128 353 151 104 76 257 152 108 283 252 125 194 357 298 355 179 330 358 282 266 214 358 83 237 224 134 280 250 171 237 118 375 311 311 239 136 198 
201 132 169 127 198 192 302 60 261 184 143 300 258 319 135 120 78 360 207 275 326 322 270 290 141 196 377 129 115 232 130 81 262 229 129 203 330 362 83 121 349 338 352 185 115 52 222 144 135 218 308 313 71 180 123 83 200 297 
163 377 276 175 200 298 298 127 180 176 246 111 371 274 291 220 191 93 186 286 342 85 49 355 356 144 200 255 183 329 305 337 230 144 133 309 198 210 154 208 96 322 360 102 86 363 136 260 276 79 221 368 55 188 322 173 77 184 
47 149 235 270 336 265 320 123 175 80 53 285 328 221 212 202 246 200 210 347 257 258 137 148 121 174 317 153 125 98 93 135 91 323 134 253 160 61 81 292 52 123 91 114 312 277 115 322 297 139 136 299 349 371 204 253 277 103 
172 123 267 258 273 309 306 111 142 77 299 65 61 246 231 276 57 61 254 187 287 139 67 177 328 75 104 131 149 295 243 95 57 354 227 147 60 304 160 370 258 316 271 319 53 192 344 242 92 274 288 123 127 53 260 111 327 307 
190 90 218 123 55 280 151 223 138 286 130 328 266 162 228 334 242 233 90 286 173 254 81 355 208 291 262 83 80 261 76 84 274 172 228 197 240 327 377 214 119 231 71 210 73 74 196 272 375 241 109 297 323 76 314 344 130 263 
235 193 208 152 256 268 346 328 237 262 151 101 66 264 277 235 374 52 172 227 52 53 152 148 285 278 225 333 159 73 158 307 160 298 158 169 294 174 51 212 210 344 293 323 278 90 52 248 109 240 323 274 85 376 376 117 373 227 
131 192 48 142 53 56 52 260 259 230 351 226 349 171 348 85 333 259 156 188 193 251 242 114 104 68 329 66 180 347 361 92 116 339 156 276 232 171 168 219 337 119 331 303 205 252 97 69 90 362 246 172 118 257 321 286 245 317 
225 51 344 71 145 101 76 332 70 312 106 348 341 268 369 148 210 64 227 200 136 166 206 289 167 104 224 310 130 323 306 273 284 48 312 210 193 96 67 259 107 203 68 317 310 110 160 163 367 274 352 126 58 194 146 224 274 156 
241 155 356 72 334 377 92 215 183 59 213 201 298 72 330 344 170 168 51 66 330 205 259 157 175 166 351 250 200 219 335 285 213 227 267 321 198 273 302 166 371 272 156 157 140 249 210 252 125 352 111 69 328 184 79 377 272 163 
93 50 145 189 189 231 179 335 361 152 253 134 318 290 291 206 207 316 111 143 284 220 294 361 280 332 94 205 95 55 218 316 249 249 250 246 75 178 165 312 53 247 352 327 273 96 340 244 128 314 226 297 166 323 371 47 256 357 
51 237 311 81 239 197 370 128 272 370 311 92 188 360 319 249 166 94 377 200 243 138 252 67 321 122 210 89 363 287 306 253 115 114 147 135 220 71 244 239 126 71 289 55 254 377 52 76 188 196 250 339 373 332 153 104 55 226 
175 152 273 333 272 80 358 204 81 341 366 230 230 91 212 52 137 261 358 293 374 256 70 266 242 363 107 310 308 236 239 82 226 268 92 131 234 176 348 69 341 276 208 339 258 133 94 219 57 355 156 71 325 276 282 136 119 235 
127 247 108 224 182 357 268 303 131 319 180 164 133 137 229 294 265 93 170 99 150 341 320 100 283 361 177 229 127 164 47 368 117 350 172 111 339 258 281 241 359 244 336 279 252 367 114 196 377 210 374 338 253 58 281 360 373 198 
110 159 52 242 266 289 82 193 367 215 332 183 315 180 74 274 170 374 73 253 105 233 47 117 193 147 101 194 357 132 52 295 208 58 333 129 95 304 344 49 134 143 268 61 161 326 218 149 53 247 112 149 54 104 91 263 181 103 
207 116 374 177 253 77 132 196 72 109 250 171 226 213 147 112 71 353 346 345 67 300 264 312 51 273 217 287 321 137 135 63 249 52 235 50 250 321 115 131 188 335 193 93 360 358 321 285 163 59 146 341 214 198 322 262 51 377 
257 47 206 249 93 168 57 93 245 80 298 181 292 359 92 161 122 53 48 180 152 115 119 362 231 204 244 336 318 75 106 81 246 87 201 150 329 173 280 196 116 377 308 168 376 337 351 131 308 152 233 76 363 324 335 323 352 268 
66 245 251 336 356 191 323 235 88 84 362 113 67 183 299 175 185 159 320 127 357 323 102 270 197 137 261 260 368 197 332 320 237 151 356 258 109 59 371 95 296 323 280 303 47 76 320 145 149 65 311 72 323 352 249 72 200 155 
53 212 262 100 68 258 316 309 113 320 151 223 346 53 259 181 78 346 339 87 112 76 84 156 116 133 285 359 244 330 163 287 185 87 216 345 187 97 180 346 234 295 100 94 274 273 56 324 322 120 229 301 343 205 192 73 66 219 
101 348 316 273 328 57 347 69 252 120 71 294 354 247 343 230 57 274 256 374 88 126 156 116 146 332 93 220 336 149 74 188 119 194 105 237 264 343 135 292 217 132 161 98 366 362 305 120 282 236 132 87 86 317 290 111 346 323 
175 254 365 87 285 174 178 294 315 343 191 71 376 177 114 292 311 194 61 78 222 243 194 313 146 251 98 333 347 162 248 284 149 219 119 283 93 262 272 253 70 162 320 179 151 84 100 375 118 58 267 137 98 161 362 371 287 163 
166 303 188 272 86 90 306 149 92 170 121 156 219 199 218 371 188 318 102 325 156 355 243 274 148 317 183 377 186 143 280 227 318 55 240 65 250 141 353 183 103 205 238 166 325 129 357 108 317 167 114 162 89 69 94 212 180 102 
296 349 213 219 256 298 241 114 181 102 293 376 65 248 293 216 218 222 56 238 159 279 224 98 312 133 189 216 146 351 168 324 168 148 153 63 88 346 276 369 251 232 253 265 285 52 129 61 75 202 359 250 359 247 78 182 65 62 
243 364 286 292 235 196 93 122 203 328 51 125 91 80 272 255 323 137 271 79 63 288 60 264 348 90 111 153 367 193 305 51 189 278 138 79 167 284 280 236 52 207 163 161 334 196 300 245 190 188 349 265 205 157 331 180 286 208 
295 251 248 264 216 153 124 253 65 201 66 193 176 72 207 86 182 103 323 368 298 229 358 148 253 329 322 282 291 337 263 261 209 247 190 231 208 364 297 116 168 269 360 217 131 156 335 213 269 377 353 281 138 179 163 272 123 103 
172 310 242 73 188 98 218 292 320 290 275 303 122 223 292 336 138 357 70 298 260 372 328 196 54 314 261 349 86 354 170 196 164 258 64 332 129 99 94 318 94 336 311 196 158 133 352 242 134 308 155 255 293 214 335 212 362 212 
349 278 104 52 344 338 367 166 203 351 308 176 347 372 280 298 122 218 131 263 338 268 83 132 127 69 237 245 338 199 222 83 327 115 350 210 342 368 177 112 353 306 110 109 233 285 313 134 80 162 246 235 310 149 366 247 292 53 
50 177 126 376 221 68 355 287 116 218 259 247 303 201 114 324 66 205 74 331 278 166 132 99 207 197 70 63 365 115 206 144 175 251 222 79 276 337 168 179 176 324 266 373 120 237 314 149 201 303 265 237 253 81 135 50 204 164 
156 304 110 219 319 225 222 239 232 85 291 99 74 117 132 307 273 271 316 60 367 134 366 111 281 174 303 263 182 313 247 344 183 284 285 80 329 127 280 111 160 293 161 248 282 374 78 146 264 236 247 199 257 248 234 194 328 96 
151 134 272 142 175 155 172 193 241 243 172 290 267 365 87 49 102 54 253 179 254 347 294 351 249 222 202 81 297 318 358 70 174 137 315 66 309 197 215 335 309 293 354 112 256 373 164 143 319 144 341 362 72 287 162 149 318 58 
329 163 206 120 62 280 75 85 123 228 135 280 143 133 149 175 291 262 141 362 283 149 344 182 149 49 85 204 67 267 109 331 341 309 102 91 195 357 209 157 79 58 284 77 196 118 70 197 303 365 306 94 79 88 363 192 180 300 
342 198 282 134 258 372 180 282 279 258 263 48 259 225 141 259 224 117 351 272 376 365 282 323 297 194 252 98 218 233 180 138 55 238 161 288 67 204 355 126 193 184 174 209 229 198 178 158 234 135 326 361 361 59 363 321 142 153 
250 93 73 60 133 185 243 157 120 54 154 211 290 165 119 287 243 151 112 344 290 353 89 65 247 263 308 338 253 157 357 327 255 107 82 124 263 356 99 315 321 195 132 147 306 336 152 192 187 294 220 301 159 70 50 364 309 304 
155 313 228 242 294 271 192 284 57 245 368 176 290 277 330 265 264 130 306 197 218 51 135 178 197 71 364 133 202 364 115 257 161 114 141 272 115 68 56 223 130 270 152 118 318 136 123 260 144 307 94 248 60 210 285 119 335 344 
66 327 123 255 340 343 245 235 84 226 140 332 248 296 93 82 223 267 169 177 76 293 347 193 377 271 242 222 244 217 255 189 322 49 208 92 70 235 314 208 54 356 184 214 246 327 58 254 98 329 315 225 305 259 112 329 113 332 
160 163 356 353 229 363 108 301 346 128 123 50 265 258 286 206 215 57 265 255 127 68 197 287 62 298 341 167 326 295 153 110 355 311 374 190 187 328 292 50 249 148 63 348 318 310 261 256 355 70 259 132 60 159 185 74 191 282 
114 136 208 361 261 231 203 144 123 170 53 237 327 195 116 136 187 152 349 319 360 278 224 325 256 126 269 202 294 230 318 258 290 74 291 166 111 270 222 330 165 184 66 277 233 259 300 273 207 249 223 274 206 320 254 99 356 183 
163 233 332 255 211 173 285 329 107 377 273 84 100 80 138 238 125 336 270 375 318 271 234 220 129 191 327 377 373 192 68 368 134 318 347 256 128 170 246 373 167 365 233 142 336 123 85 121 123 328 273 295 172 373 123 87 242 120 
160 64 332 273 299 193 230 227 293 288 146 259 65 118 313 193 376 197 263 62 121 65 267 205 314 48 351 355 132 319 68 141 377 266 369 208 374 281 162 86 360 357 170 314 367 259 375 290 334 281 363 361 104 88 96 274 371 276 
173 189 259 177 93 365 229 164 214 61 350 374 290 57 318 85 258 74 192 275 172 118 305 376 276 351 293 318 132 215 332 245 106 377 244 353 132 273 201 210 84 92 360 327 300 330 170 365 296 137 311 92 176 168 65 80 134 227 
359 338 223 69 323 158 113 290 231 337 320 368 351 143 351 95 273 109 203 136 160 54 320 309 241 79 187 297 289 264 218 376 375 174 206 242 373 171 306 159 107 56 121 192 318 308 217 61 367 137 326 58 109 272 194 254 236 59 
323 63 234 92 307 60 159 296 239 172 89 56 298 84 158 219 310 313 303 342 367 177 328 273 327 50 71 105 265 168 289 300 364 377 60 332 332 62 258 298 142 326 310 194 182 355 84 321 332 333 89 158 313 165 245 170 185 97 
344 239 375 113 136 187 79 198 161 373 52 368 302 215 51 206 126 255 209 141 319 305 279 220 354 282 53 276 279 249 198 214 136 316 193 345 245 218 216 171 179 220 370 166 323 198 93 342 188 185 123 125 376 224 234 302 363 191 
74 291 335 58 320 114 216 259 198 324 165 337 194 306 323 153 359 167 96 182 55 297 63 210 153 200 169 246 272 275 279 308 356 193 56 249 170 209 271 268 370 371 181 273 81 319 49 70 243 283 130 212 376 332 216 177 353 120 
350 325 124 200 171 338 370 159 154 262 344 276 222 161 176 338 316 200 263 283 371 149 67 294 342 119 158 72 359 208 271 168 319 194 174 167 348 270 75 229 85 317 107 123 232 367 234 278 338 76 128 304 229 184 363 175 63 178 
149 170 107 374 270 164 208 363 132 298 363 366 245 314 376 83 367 249 367 271 324 104 84 300 375 189 121 251 164 97 347 113 96 315 311 365 207 118 224 131 364 83 336 182 157 187 295 336 368 198 269 196 51 261 129 65 368 106 
122 373 313 99 339 99 63 229 70 148 98 244 314 236 226 366 298 208 234 149 185 311 336 201 152 85 166 65 123 330 125 253 215 187 151 82 247 87 106 323 376 303 106 286 165 206 63 372 184 225 61 365 121 350 154 188 136 160 
252 351 123 184 311 198 287 276 172 148 352 146 268 52 145 362 225 187 201 344 205 343 167 291 374 209 256 247 359 128 245 262 48 167 258 152 261 203 138 177 357 260 346 127 254 220 185 139 272 83 257 73 313 226 327 83 73 236 
151 241 153 341 82 174 110 82 65 210 293 228 129 366 185 249 321 325 89 342 214 59 217 309 237 256 365 330 321 217 205 214 104 351 51 196 149 296 156 196 150 119 49 266 203 276 281 142 116 154 116 293 194 160 185 75 119 212 
333 330 374 267 316 100 152 52 229 76 192 311 57 147 195 84 158 340 206 283 101 163 300 140 340 313 318 101 129 106 287 369 177 265 287 83 101 50 74 255 187 74 198 184 173 96 288 92 241 174 226 377 251 70 192 257 90 337 
362 152 154 335 200 276 175 205 99 129 79 88 52 329 78 304 56 155 356 77 256 246 242 184 252 167 164 148 175 263 344 336 336 195 189 228 53 254 267 251 89 153 262 100 342 88 377 256 227 85 284 314 332 99 96 154 186 204 
97 219 377 358 80 308 156 66 318 108 116 82 51 203 106 183 151 171 278 123 224 112 87 112 118 237 156 308 57 233 166 323 125 297 333 198 254 286 310 209 121 166 66 309 105 225 243 193 65 249 259 144 72 82 240 323 175 134 
