24 17
12 43 19 40 23 42 26 46 21 12 44 32 17 28 13 29 45 
21 49 46 8 49 12 28 38 44 43 21 6 17 25 16 45 48 
26 34 40 9 14 19 44 44 9 24 31 10 14 18 10 11 38 
38 12 47 23 35 46 34 12 13 9 7 31 39 32 12 40 35 
7 36 35 36 42 21 45 49 46 17 39 36 32 23 16 30 44 
41 16 49 25 24 44 10 46 26 12 31 36 35 19 24 37 31 
41 42 16 47 43 35 38 14 23 21 37 10 14 41 30 39 26 
31 41 43 15 11 11 34 40 6 7 40 18 15 13 45 25 11 
39 25 40 39 19 44 10 16 7 7 12 7 7 16 13 6 8 
10 43 6 41 49 32 39 7 32 17 29 49 35 42 49 33 7 
38 39 20 32 29 32 19 11 27 31 43 17 10 16 10 22 10 
34 8 32 8 42 17 22 25 34 15 33 44 6 46 30 15 32 
6 34 38 23 13 26 9 15 42 41 44 27 41 46 39 47 48 
26 30 43 45 7 25 39 13 18 40 40 36 6 35 31 10 41 
28 28 9 19 25 14 40 12 43 14 8 47 27 25 20 49 48 
25 15 34 29 38 33 14 29 9 49 6 44 46 17 46 40 19 
35 38 8 24 48 12 40 48 22 29 25 40 30 21 9 6 22 
24 6 25 11 46 23 11 31 43 48 23 26 20 24 32 22 45 
16 9 47 31 33 35 24 11 33 24 44 43 10 9 24 49 15 
27 49 30 7 45 28 37 19 25 12 36 15 15 7 33 12 6 
49 9 29 10 26 34 31 45 11 39 45 47 15 32 20 31 13 
37 40 7 48 35 31 11 14 33 14 20 10 9 36 9 22 39 
49 41 24 21 36 32 11 8 9 38 8 33 18 7 29 8 34 
45 9 13 42 35 9 20 15 16 35 15 33 27 22 41 31 48 
