91 42
89 118 143 154 71 36 136 145 32 137 53 118 138 183 127 78 164 53 67 176 68 180 118 52 92 35 176 135 172 131 45 103 139 170 87 64 53 123 24 95 144 83 
126 99 68 27 77 140 64 24 71 137 164 86 89 62 114 175 79 46 79 81 26 140 98 156 62 41 25 160 134 150 72 176 140 89 118 181 37 157 46 72 104 31 
99 82 100 67 52 24 35 157 130 126 122 149 27 128 132 69 59 138 53 126 88 159 103 117 98 99 28 73 149 169 141 117 124 125 25 32 64 140 38 26 68 90 
70 142 76 127 38 28 90 126 78 130 66 95 174 84 178 157 154 126 166 119 155 41 185 89 120 46 75 111 71 70 158 51 157 99 31 50 140 163 78 123 102 75 
157 61 153 104 50 138 85 44 185 55 98 154 88 97 46 164 137 172 102 97 26 180 96 132 101 114 136 103 172 59 58 155 131 143 172 171 103 94 46 154 53 130 
64 36 160 33 35 78 63 82 84 123 147 72 148 138 117 61 48 27 55 102 137 49 30 100 179 165 80 160 176 99 63 164 146 130 93 33 44 96 120 94 123 56 
41 67 149 158 175 121 178 158 88 185 84 48 160 184 93 177 92 63 182 140 126 141 74 109 107 150 114 162 172 143 135 167 71 102 171 26 155 50 32 102 174 161 
40 76 122 167 165 169 102 107 158 185 90 64 77 170 109 45 169 30 46 160 31 122 130 41 179 34 41 84 63 170 66 141 69 28 111 152 133 166 97 35 114 89 
80 96 25 78 34 105 57 63 145 86 25 126 138 152 53 108 100 140 45 70 47 150 109 91 113 75 35 65 104 164 126 175 163 75 102 139 177 162 167 104 182 29 
156 99 57 142 59 143 34 159 88 42 90 144 185 85 47 58 68 134 152 80 159 68 182 180 158 42 26 132 144 112 128 106 129 173 173 134 39 157 154 63 101 40 
28 161 57 126 101 50 90 46 159 109 96 185 91 100 177 169 90 176 182 27 70 112 108 37 161 172 68 132 66 118 154 73 56 166 38 121 87 171 100 154 51 176 
38 80 119 185 147 151 82 61 64 66 31 167 97 73 52 57 121 179 120 101 137 30 59 45 176 115 86 57 85 52 106 126 164 87 101 127 185 134 63 122 117 93 
142 74 65 64 51 172 80 54 129 123 85 165 112 93 112 117 122 172 182 43 143 60 56 28 154 132 74 162 126 130 92 94 164 134 139 162 80 164 56 113 26 143 
181 133 157 56 28 97 163 161 172 125 175 157 182 165 169 61 79 154 56 107 122 180 112 164 105 76 68 101 54 43 151 110 101 127 160 69 172 144 119 168 169 38 
65 38 104 71 144 123 106 76 158 163 88 114 111 135 59 41 149 127 156 134 158 149 161 52 107 44 57 163 173 177 92 43 34 61 92 117 24 47 61 107 110 165 
96 95 75 40 84 31 140 162 184 159 120 76 181 25 184 134 64 177 121 174 184 130 167 176 159 126 27 37 158 135 105 73 163 133 183 39 79 47 64 32 182 177 
61 177 107 48 95 101 155 183 42 156 166 166 79 100 64 65 142 152 100 111 28 88 34 38 67 120 97 151 121 157 97 51 116 111 60 168 80 106 31 128 104 126 
90 61 80 124 114 186 142 135 72 179 122 178 175 75 121 126 167 107 42 46 116 95 32 184 121 141 62 78 120 96 101 83 138 105 152 142 33 49 83 43 74 43 
173 69 153 139 36 64 146 72 96 123 162 98 146 61 42 117 160 31 88 136 107 38 164 147 158 118 103 161 108 122 88 115 139 61 76 104 82 113 43 65 62 85 
51 139 93 61 52 102 27 65 160 93 123 168 163 65 151 114 180 179 154 108 91 33 184 52 121 120 170 118 164 170 85 31 163 106 114 175 31 180 160 47 148 109 
107 170 112 131 33 125 185 45 100 100 42 121 159 34 47 148 134 113 170 178 175 150 131 171 49 93 176 118 101 83 79 114 114 72 142 158 75 53 110 161 90 178 
46 110 112 81 163 105 90 117 169 92 24 78 141 136 26 138 169 92 67 41 57 27 147 56 47 167 65 57 172 80 52 106 185 100 104 178 33 42 94 168 108 131 
183 171 112 112 99 167 182 130 141 48 84 28 152 169 76 74 158 53 171 118 186 146 53 72 71 96 104 136 153 135 78 54 79 63 47 162 121 32 28 157 102 148 
68 118 30 117 159 160 37 50 121 91 150 80 28 55 131 160 68 38 39 69 154 167 149 133 154 150 37 87 169 146 87 142 146 90 95 113 30 102 72 140 125 83 
25 173 153 127 108 132 172 180 139 173 66 174 27 28 83 71 70 35 75 109 88 95 186 37 136 45 71 100 153 172 169 156 171 53 132 73 174 40 88 140 116 176 
30 145 38 135 172 49 63 67 168 110 128 137 138 176 30 127 159 96 47 88 158 171 66 154 145 64 30 148 29 117 77 139 71 25 36 99 36 164 117 65 46 93 
93 176 171 186 101 97 147 61 32 77 49 111 121 127 185 148 60 151 116 107 68 125 42 149 72 168 156 149 129 65 104 49 44 40 30 56 122 184 43 177 81 82 
38 90 39 86 71 90 31 163 60 75 84 33 96 65 45 156 110 171 97 128 82 170 87 124 27 51 141 134 163 24 35 147 60 25 114 166 92 35 47 65 107 110 
50 109 66 27 57 156 186 55 121 136 175 48 184 107 35 84 138 182 162 42 84 68 108 120 91 26 45 161 82 137 91 99 176 98 73 169 68 161 95 71 90 153 
83 145 149 69 165 186 54 83 158 67 118 47 92 54 158 125 31 58 132 106 81 60 127 91 77 28 51 101 93 119 155 79 149 143 159 186 109 36 88 90 102 132 
48 62 141 133 116 130 123 154 62 100 29 148 150 167 177 154 25 151 24 72 93 144 36 93 86 60 106 88 57 130 80 170 144 166 124 118 32 25 69 131 77 175 
144 139 120 105 125 171 25 87 119 97 104 104 47 95 159 45 144 108 57 136 176 153 50 169 147 76 89 134 90 30 94 159 24 108 24 152 168 67 104 89 184 154 
183 32 152 144 131 78 99 154 122 48 125 86 73 150 47 43 77 136 57 100 43 113 159 97 105 103 184 49 30 107 91 174 90 176 140 96 122 185 97 77 58 131 
131 44 79 90 66 159 66 32 154 151 61 32 133 107 75 55 59 40 70 181 115 42 34 146 96 38 105 163 153 33 124 177 70 127 98 69 164 66 68 164 63 41 
120 154 75 107 68 130 140 167 38 94 94 118 153 185 112 82 81 47 185 128 177 134 118 172 47 82 69 165 37 48 109 151 82 153 184 185 167 113 108 116 97 63 
100 40 50 80 90 79 67 133 180 116 34 123 119 40 170 64 41 185 186 44 102 110 144 115 75 84 76 134 122 119 106 47 112 100 83 92 78 70 130 136 38 42 
98 115 54 149 107 176 95 130 46 175 164 71 46 63 80 147 87 160 159 112 120 98 177 43 70 174 111 159 170 34 37 68 64 77 55 131 162 35 146 142 45 143 
83 74 39 79 103 39 118 159 183 86 42 40 71 68 89 107 46 160 131 52 33 169 71 138 76 170 177 141 164 169 77 150 113 33 76 37 129 34 184 106 145 69 
146 92 135 176 168 186 58 102 143 167 126 113 186 123 68 153 24 125 36 104 146 74 168 82 131 37 29 53 99 152 135 147 65 84 119 184 115 38 127 50 34 128 
135 126 103 179 108 25 83 172 40 150 29 123 156 69 50 114 77 142 88 122 74 122 112 85 174 180 180 124 73 127 138 93 130 68 117 127 113 97 112 74 186 140 
102 27 119 60 179 60 117 138 167 163 185 160 142 94 178 63 48 89 177 162 178 140 63 99 129 128 135 68 59 37 65 36 38 161 96 149 92 76 67 177 141 114 
36 158 31 32 84 181 186 81 59 49 51 115 134 171 149 179 54 184 56 26 154 85 94 105 99 163 27 136 67 45 73 136 145 52 167 70 74 41 167 69 133 33 
181 102 109 37 144 128 65 78 103 88 177 183 163 89 132 140 86 126 168 116 138 78 43 147 159 142 65 79 183 51 157 90 36 113 148 72 173 138 170 88 55 43 
87 175 62 186 27 153 79 182 152 106 122 117 65 151 116 101 49 55 24 182 181 81 74 95 155 121 85 71 45 97 124 104 65 50 54 137 69 167 160 40 38 160 
99 100 28 133 180 53 76 172 90 137 98 67 145 65 95 163 156 101 166 36 58 105 34 79 185 36 60 26 180 180 69 81 67 52 72 57 35 25 98 119 62 75 
96 167 117 137 163 138 118 98 157 59 115 107 150 165 102 131 100 111 24 183 70 111 139 170 157 89 32 131 148 28 60 171 28 43 44 183 142 103 141 89 146 24 
97 111 141 31 68 186 118 24 83 48 94 140 48 151 63 117 64 82 138 164 158 119 60 68 172 162 24 105 171 102 60 163 149 33 122 161 116 137 29 86 133 185 
89 177 121 42 41 69 48 173 66 104 186 87 178 160 117 118 48 125 99 25 150 115 123 45 125 32 65 82 48 149 121 104 83 39 135 42 169 86 92 116 158 38 
102 113 183 125 179 179 183 129 91 63 155 36 55 71 82 63 160 138 55 137 40 63 160 159 156 33 176 35 165 58 46 132 128 53 31 146 24 77 144 42 79 104 
126 136 174 133 138 149 108 86 85 158 57 84 145 110 163 79 110 141 95 48 79 169 103 103 148 119 164 116 39 76 123 33 103 26 73 163 35 154 42 44 140 52 
36 110 98 96 105 70 159 37 67 73 24 84 131 150 139 149 153 36 32 83 48 87 102 161 35 186 65 61 49 132 65 43 45 157 145 113 28 64 186 43 124 39 
49 80 110 67 63 64 70 149 46 52 121 157 136 82 34 163 91 145 153 163 163 45 162 181 145 126 86 140 176 48 174 99 49 180 33 63 152 64 165 45 47 75 
54 158 32 176 66 115 49 160 157 94 81 48 175 58 28 56 49 34 120 134 151 170 153 28 167 40 114 64 78 49 81 75 168 162 87 76 171 175 93 144 139 73 
85 66 58 79 112 121 122 159 144 111 173 93 74 67 73 47 139 27 119 80 101 78 63 92 103 91 61 56 137 116 119 80 123 174 127 116 140 176 126 106 46 171 
70 124 63 31 67 157 76 132 135 146 115 94 111 28 184 111 148 62 147 37 59 93 110 161 87 147 69 45 161 124 80 43 162 102 124 124 90 106 77 105 166 24 
46 78 129 64 105 59 48 77 151 169 33 111 115 179 150 65 103 161 90 150 179 167 173 138 172 185 174 139 129 55 100 51 30 132 40 136 103 61 47 87 95 89 
57 122 28 116 56 179 171 110 67 118 75 44 151 89 169 169 155 166 28 116 36 178 126 141 51 176 71 145 143 153 147 151 89 131 51 58 71 70 106 96 172 131 
160 48 27 60 156 173 122 109 55 168 79 100 119 129 126 133 61 35 185 109 42 184 31 149 46 141 164 45 149 118 112 129 142 93 74 87 72 84 108 67 134 112 
39 103 24 84 40 118 109 174 54 25 91 138 53 177 24 60 153 34 98 142 31 76 43 151 99 131 85 89 103 125 32 85 90 64 95 117 134 80 64 62 142 69 
167 102 113 77 128 33 51 27 152 108 170 83 40 70 103 68 112 175 34 60 130 78 81 102 156 140 67 149 92 59 59 166 50 121 111 26 24 178 62 112 94 68 
65 112 122 72 107 25 128 121 88 144 164 152 74 107 92 30 69 119 177 89 78 156 72 46 44 57 152 153 90 147 88 46 176 129 112 108 173 64 173 169 83 159 
162 72 147 60 28 122 176 128 129 115 186 140 151 172 30 35 137 163 55 55 48 34 95 104 127 159 35 152 27 33 105 52 146 145 65 170 156 60 186 142 61 143 
65 144 103 126 120 157 73 132 73 31 107 143 163 185 119 96 130 38 36 40 179 117 124 75 129 108 67 106 176 147 85 81 72 104 137 133 157 143 34 24 123 180 
141 126 26 185 185 165 91 29 109 165 114 149 81 88 159 97 84 155 166 128 120 183 101 50 29 63 86 38 92 177 46 43 103 29 82 87 76 166 73 38 63 170 
149 110 158 139 174 137 104 67 115 64 80 113 67 107 134 71 107 51 131 163 35 70 163 25 179 51 24 101 85 65 115 122 154 144 152 75 55 149 89 165 97 126 
180 61 86 151 35 124 69 88 180 86 138 129 71 82 117 76 76 35 173 184 54 44 81 63 166 91 25 124 66 75 122 143 139 114 127 142 42 142 61 35 93 89 
113 36 130 139 127 155 99 63 76 92 52 88 181 177 137 123 182 164 132 44 152 121 145 63 27 137 41 24 131 137 42 52 65 163 70 96 58 145 120 172 45 34 
37 38 135 143 133 147 151 118 121 111 83 65 52 78 125 104 156 101 114 126 174 47 117 161 162 153 27 47 142 55 33 31 156 151 70 121 52 179 77 83 100 136 
90 162 175 53 149 108 75 41 94 84 130 41 107 92 89 124 93 44 152 129 180 31 132 132 54 113 111 125 128 90 34 83 128 105 168 75 169 136 50 102 118 95 
40 36 52 105 109 143 101 163 118 174 169 50 92 167 107 117 168 94 172 76 118 60 88 72 168 135 125 91 68 44 172 86 162 89 160 107 32 126 169 106 167 41 
31 52 50 56 178 143 81 82 98 90 135 129 142 105 120 93 136 137 25 62 184 142 102 137 166 102 84 121 183 64 81 94 141 71 100 65 163 42 174 132 159 77 
77 164 72 67 124 185 25 26 37 151 181 41 92 161 172 169 45 142 154 74 105 116 90 67 75 100 83 160 112 161 130 89 178 161 92 169 100 35 135 96 133 127 
157 44 30 185 135 150 111 169 180 182 159 79 151 93 182 25 41 26 180 146 148 90 91 71 42 122 114 145 175 100 75 74 183 101 129 125 33 143 35 141 154 112 
135 166 134 117 71 166 97 168 176 104 42 143 178 150 29 148 56 58 39 66 185 54 140 158 78 95 38 155 136 130 71 72 81 129 183 38 85 143 95 120 36 85 
156 53 53 126 97 134 127 47 153 84 37 91 154 168 65 103 186 136 143 167 36 128 186 77 168 156 160 56 139 90 172 40 54 59 53 172 82 145 179 69 129 31 
82 168 150 97 79 36 44 106 182 85 95 180 142 176 124 62 126 112 122 124 174 121 136 142 91 114 80 81 67 161 118 169 185 68 152 74 106 142 28 185 117 180 
73 127 105 143 130 72 52 157 41 100 89 36 163 50 138 49 137 170 98 56 109 55 118 44 131 61 111 82 80 79 36 47 70 47 65 68 110 98 66 179 166 83 
124 32 101 113 82 53 79 177 87 33 139 132 42 127 155 38 50 34 174 79 104 67 133 184 153 87 31 143 31 116 49 122 141 72 91 93 29 162 159 168 165 90 
98 121 25 169 91 148 181 72 142 69 49 95 73 125 152 58 32 135 50 44 178 127 154 166 156 153 155 50 99 76 105 102 55 155 33 140 59 53 101 145 173 175 
164 113 154 132 168 39 127 93 125 154 159 166 148 43 160 68 52 176 40 146 168 155 122 124 103 137 132 68 38 84 158 139 159 70 88 127 120 153 185 104 166 120 
33 145 115 129 165 185 34 138 72 161 100 64 96 177 168 59 166 24 53 101 157 100 126 36 175 47 84 54 104 40 132 75 122 150 177 88 97 121 145 152 62 45 
135 168 135 49 80 95 115 86 179 119 123 127 66 57 183 164 112 116 141 164 73 103 185 102 115 113 71 64 170 84 160 83 154 33 97 58 66 79 47 100 111 114 
165 44 52 132 140 91 74 95 67 28 91 99 97 85 34 111 55 133 134 80 121 47 186 107 180 120 101 122 131 71 26 98 122 99 50 64 185 110 167 121 186 77 
182 81 174 36 177 46 54 40 123 88 141 63 84 43 126 69 61 156 168 182 73 140 165 127 96 114 70 178 73 52 177 182 107 36 170 58 115 82 98 76 119 183 
182 79 183 48 32 160 53 53 46 131 70 176 167 53 126 181 156 95 102 100 62 159 161 75 124 92 71 112 63 127 180 84 173 71 133 41 180 66 92 158 99 100 
143 51 27 49 156 111 83 146 77 53 48 60 65 112 170 78 74 69 38 167 100 126 127 169 74 143 59 59 83 119 113 124 75 115 169 54 85 74 95 144 125 60 
55 178 89 178 72 141 150 92 119 90 61 106 24 177 125 49 168 156 169 42 142 82 121 134 46 90 56 171 44 68 30 150 184 99 75 126 183 66 131 48 108 51 
163 128 90 75 60 136 47 135 69 156 26 167 29 70 134 99 109 160 66 55 47 85 66 135 114 79 144 152 181 163 161 110 62 87 26 181 129 184 84 25 66 170 
31 108 37 104 108 121 184 87 62 100 100 154 183 31 179 140 34 35 109 75 129 104 149 174 120 157 85 178 33 117 165 75 49 119 26 128 152 101 138 120 51 28 
80 33 59 107 158 40 45 175 31 102 51 116 60 55 109 149 141 151 166 115 120 164 74 91 26 84 161 87 47 69 159 163 49 108 64 129 167 127 139 68 62 133 
160 139 148 171 182 169 178 177 126 151 87 32 42 88 53 119 56 42 48 36 125 185 32 148 97 101 52 66 63 177 125 97 55 112 184 117 120 55 63 61 78 110 
