122 147
210 217 204 78 51 184 134 86 46 93 136 130 72 107 134 66 160 76 36 77 60 110 180 91 81 217 143 37 83 220 125 80 77 121 35 201 187 57 145 59 110 50 196 71 110 110 31 177 189 195 49 117 206 91 140 193 148 52 206 171 58 212 128 174 110 182 84 165 39 205 105 164 83 219 59 47 112 97 105 191 221 133 133 35 189 115 44 111 213 115 118 33 81 64 29 161 88 29 146 98 43 87 203 214 153 170 144 85 116 210 77 172 120 202 173 154 219 155 196 51 92 129 104 104 212 203 212 45 134 57 54 143 205 207 136 85 59 221 147 206 28 120 218 132 95 120 143 
47 43 64 127 182 136 34 71 159 63 111 76 195 208 48 82 85 205 139 202 201 201 93 151 112 100 159 200 201 46 138 52 136 69 180 91 192 125 110 158 178 84 154 113 132 65 178 187 166 52 168 46 116 180 41 191 101 64 131 188 45 184 109 177 60 64 101 60 117 61 61 204 178 83 37 180 59 71 205 151 219 202 57 196 102 171 170 52 80 174 167 156 36 44 103 36 55 66 141 42 81 132 124 69 220 196 50 156 142 214 50 41 125 103 208 55 185 162 130 71 40 200 207 203 118 66 124 30 38 57 68 138 167 148 157 68 172 198 31 182 67 68 30 171 204 37 183 
101 121 191 122 177 164 186 162 181 141 122 182 173 132 77 116 216 192 123 178 169 161 207 105 33 83 205 44 96 191 36 166 177 172 55 198 179 82 135 126 137 97 127 44 182 105 128 51 148 126 63 178 216 117 72 34 171 97 219 151 63 81 208 205 130 178 161 128 151 42 73 161 50 96 146 104 215 146 40 100 108 203 178 171 124 197 92 76 89 34 139 34 142 60 199 107 106 61 153 97 202 146 218 142 215 190 117 86 59 68 47 142 213 71 125 104 216 42 115 180 181 76 123 100 68 189 156 73 40 73 34 83 108 120 52 73 155 167 125 129 193 123 194 152 218 60 114 
126 109 66 73 194 209 195 202 180 37 99 95 45 204 62 66 174 124 96 147 33 97 126 90 146 142 207 97 216 154 218 193 180 40 134 47 199 126 57 205 77 88 126 184 217 43 133 97 148 116 78 41 144 78 130 118 217 87 55 70 72 42 165 204 158 159 159 126 215 173 82 144 163 155 178 71 101 149 161 143 68 40 64 96 54 204 148 149 212 49 154 101 133 40 221 197 172 209 69 220 104 217 178 45 40 171 38 120 218 73 156 90 217 80 106 65 72 36 58 97 186 123 145 100 132 98 54 52 94 61 213 104 195 219 73 135 177 161 101 175 57 128 41 186 89 109 91 
134 176 213 142 134 199 51 209 111 35 97 68 209 151 148 193 198 134 173 105 69 172 220 160 56 134 167 65 125 100 49 116 59 86 174 131 177 33 52 190 46 114 77 185 163 206 61 36 140 48 145 68 97 99 57 110 191 53 205 214 140 90 54 114 46 108 120 140 204 112 153 158 145 135 219 63 159 76 147 165 158 125 28 171 88 41 70 213 208 112 46 45 137 80 157 69 47 95 162 193 134 175 117 216 129 116 108 77 103 165 123 124 86 43 208 59 62 86 110 199 168 84 199 170 193 28 38 173 112 154 221 83 162 217 79 109 62 168 33 160 84 210 56 190 190 159 66 
41 103 61 47 219 105 209 152 212 201 124 48 69 177 115 129 55 48 167 86 197 110 110 57 169 202 29 105 127 112 111 151 159 93 208 72 66 101 41 137 70 79 125 152 30 100 42 89 159 148 168 205 79 91 170 208 82 143 128 130 102 120 37 146 47 118 135 163 130 156 183 189 188 129 144 52 133 32 93 95 160 84 73 186 178 191 160 73 209 46 34 184 136 53 114 72 164 44 41 212 58 214 148 49 161 42 109 189 96 79 113 54 135 214 215 44 156 90 72 194 187 197 73 218 72 215 34 145 31 153 112 145 145 83 92 212 90 137 108 179 97 182 219 32 106 145 49 
183 114 152 63 38 195 119 99 199 188 78 161 122 171 174 98 141 83 97 103 175 215 164 220 45 132 46 215 60 198 59 184 165 147 60 103 61 164 156 201 28 180 124 162 115 132 195 106 40 214 85 100 154 102 214 105 215 209 35 211 155 126 201 106 129 49 195 94 66 106 221 35 150 180 215 131 185 168 141 112 108 101 187 113 121 74 73 205 60 178 51 163 51 96 157 187 98 157 87 193 212 193 76 193 150 174 113 97 146 33 105 162 138 150 77 54 34 148 65 156 171 131 109 120 29 28 138 28 162 133 101 49 41 151 61 130 54 148 52 150 201 41 29 171 98 197 90 
87 164 111 118 127 167 154 92 192 179 211 208 190 43 204 155 184 187 176 134 28 117 135 185 64 79 48 221 180 81 96 99 99 171 62 206 101 183 35 38 33 98 64 158 58 118 41 89 204 109 60 37 38 86 184 200 80 74 28 43 45 182 136 51 37 85 185 101 66 140 137 62 98 160 116 52 130 77 164 175 200 161 101 136 126 130 198 58 126 39 55 211 188 178 75 31 118 218 98 149 156 87 63 166 177 86 219 125 136 173 116 80 126 120 97 211 30 122 113 33 47 146 169 90 35 114 214 221 67 143 68 143 105 72 46 98 135 165 192 39 184 204 73 130 66 43 218 
31 79 127 74 124 101 200 175 220 142 70 198 107 61 104 110 41 216 214 158 92 92 51 162 31 136 164 208 134 126 221 151 206 147 108 61 199 90 93 122 181 85 197 216 86 173 136 184 62 165 124 115 110 64 121 187 187 58 132 196 89 117 61 129 102 150 80 108 85 71 106 55 127 30 83 116 50 164 45 195 169 54 205 36 158 164 119 72 165 176 35 79 191 158 102 97 119 113 114 49 56 176 82 140 28 91 184 188 186 67 148 130 175 98 194 88 42 156 180 113 35 143 61 162 51 195 89 139 49 88 122 155 135 31 180 63 76 180 35 152 57 202 166 151 79 146 214 
84 195 127 156 199 93 144 48 180 100 110 87 53 118 111 87 166 54 131 157 37 49 211 165 146 220 153 136 153 105 214 74 218 211 207 76 107 199 143 83 77 107 213 144 200 156 173 48 206 208 80 123 217 141 53 41 150 44 215 99 113 77 108 59 192 137 210 95 141 87 160 130 60 169 167 43 71 143 57 96 44 135 100 135 104 132 143 106 156 127 161 218 201 185 171 68 54 154 65 156 161 44 80 188 136 60 29 135 36 142 137 184 97 75 194 181 110 61 133 112 204 34 192 200 72 98 205 71 148 187 128 170 148 174 77 154 169 73 215 117 58 151 171 123 197 168 138 
40 154 96 47 79 176 169 72 141 153 42 122 127 200 187 90 152 219 185 47 99 56 176 157 60 200 60 84 150 209 56 85 38 147 103 76 28 159 117 171 84 144 41 34 103 38 84 91 121 207 201 67 46 76 119 35 175 64 63 176 203 46 94 195 60 71 58 186 51 98 128 179 197 149 165 58 148 48 61 149 43 99 144 29 211 207 66 33 217 185 52 153 43 218 135 136 135 78 217 173 153 162 141 88 52 145 70 89 79 70 47 203 219 197 158 161 69 211 157 94 154 210 65 79 104 103 151 97 63 57 206 173 111 111 55 128 170 51 198 167 136 185 54 37 124 129 185 
118 192 113 206 185 41 173 172 199 82 82 209 58 191 169 71 97 39 197 216 37 178 156 32 144 48 120 207 129 167 68 141 124 183 144 143 190 130 157 44 185 92 178 123 182 215 190 77 40 31 87 119 214 124 36 50 54 163 196 166 221 161 111 219 142 86 181 190 51 217 47 175 221 151 60 121 39 204 172 40 120 100 42 132 144 182 221 125 94 126 185 217 148 41 106 141 180 210 130 104 191 59 219 220 111 131 203 37 119 174 91 33 195 78 198 175 221 69 159 158 81 199 103 40 53 98 198 84 194 144 127 107 142 143 200 77 37 100 127 137 161 106 101 142 111 66 106 
37 99 67 34 215 136 151 157 171 100 163 86 199 113 111 126 170 90 177 58 57 166 59 178 45 33 107 67 212 107 217 141 202 93 53 172 218 48 159 38 63 195 72 173 98 65 196 129 150 124 135 126 58 53 220 153 66 31 90 134 154 182 157 111 110 29 188 205 77 146 82 34 94 90 186 63 147 147 149 156 193 178 48 165 165 177 72 37 212 174 94 72 44 128 132 69 53 197 69 131 86 143 29 60 125 36 219 206 119 59 143 99 195 103 210 183 136 88 130 79 208 136 123 127 147 149 104 80 91 186 177 54 158 128 144 79 133 150 61 217 221 49 55 214 111 217 122 
201 58 46 203 169 89 87 110 45 191 171 213 66 113 52 199 213 40 162 78 88 208 42 113 81 73 162 166 35 48 116 47 95 63 122 138 197 179 82 167 187 72 144 126 158 179 153 160 175 56 135 83 113 118 192 198 41 42 60 73 131 160 93 158 92 100 184 28 119 128 39 197 169 103 181 108 129 216 78 32 67 131 65 97 198 167 168 50 127 172 115 165 63 186 92 50 203 107 48 58 79 69 145 190 187 180 191 129 155 94 163 158 101 219 187 107 28 161 37 162 83 93 140 165 58 86 187 216 82 212 103 217 81 57 120 137 134 55 52 208 110 148 183 37 46 90 91 
178 98 195 103 200 180 185 79 164 164 202 85 147 212 179 179 181 158 72 126 173 75 32 212 175 41 54 186 102 212 52 163 175 175 92 196 203 31 116 126 169 55 126 190 56 116 174 39 99 183 171 210 186 142 77 136 178 219 168 152 190 221 89 162 95 41 146 207 103 165 128 182 28 38 184 202 143 110 140 213 161 217 104 124 47 77 91 56 171 191 169 86 30 43 178 46 124 93 218 102 45 47 50 171 48 80 218 76 127 207 84 69 167 38 179 65 140 113 58 134 179 98 43 104 167 137 91 131 134 176 38 152 124 75 124 198 186 110 133 71 122 168 148 94 61 142 166 
133 40 178 111 207 124 150 71 204 68 167 195 138 89 150 210 71 152 203 41 129 45 158 195 137 170 87 147 216 173 142 163 112 45 196 220 221 123 165 31 53 174 75 109 130 106 137 114 105 135 64 30 44 114 79 135 48 102 178 47 103 134 69 154 41 48 197 150 127 170 170 48 208 61 154 181 211 81 44 163 119 50 81 169 154 104 88 206 136 69 212 54 204 170 146 63 88 68 134 65 61 136 64 112 101 64 179 51 207 84 56 161 125 169 144 144 111 30 121 174 151 187 42 154 182 54 80 88 55 88 82 157 125 142 167 121 52 98 154 105 162 63 161 135 156 169 142 
53 100 81 107 83 152 149 103 185 57 139 157 138 49 77 93 28 218 131 196 121 51 42 132 143 72 55 186 51 184 97 28 130 121 205 184 125 96 179 136 135 31 57 131 41 44 109 95 207 32 156 146 206 182 59 108 220 168 80 182 204 217 90 160 124 122 133 152 170 195 81 197 57 64 114 177 133 122 47 188 156 181 74 221 55 198 155 58 117 193 91 76 172 166 109 150 128 42 61 38 201 151 184 128 151 158 65 94 32 38 91 167 72 156 28 76 132 160 53 218 106 125 40 122 41 211 29 209 212 37 79 94 124 133 207 32 66 54 77 120 94 168 38 214 126 142 214 
153 136 168 201 29 182 88 180 136 185 44 113 31 137 197 100 196 101 209 217 202 219 65 50 138 151 83 178 171 162 136 87 155 201 46 80 214 35 211 202 67 146 172 132 64 185 35 93 80 39 135 217 46 82 121 80 219 173 137 220 55 196 138 163 217 186 64 70 30 69 208 219 128 89 52 70 86 102 183 98 75 176 130 171 63 111 104 160 133 207 210 193 213 74 102 166 123 31 197 128 70 170 147 84 192 156 204 52 186 32 129 208 156 192 103 29 148 132 96 88 192 47 67 73 125 202 184 153 38 216 92 143 78 180 87 212 111 144 200 117 28 76 92 165 151 129 39 
60 105 57 130 175 213 130 112 207 186 59 82 187 197 137 71 180 112 182 92 140 194 199 130 110 173 202 102 190 83 112 207 110 211 103 71 170 43 42 102 133 114 50 121 186 70 29 162 78 175 54 159 216 179 138 124 214 100 179 140 115 37 169 164 166 174 182 123 50 91 64 189 96 194 65 189 160 133 118 221 187 158 75 118 83 71 89 53 170 64 137 196 73 117 38 139 201 143 180 90 60 74 206 69 112 31 141 144 138 98 77 57 64 145 110 153 40 217 121 218 57 31 41 208 41 50 174 31 116 83 168 134 146 112 153 99 144 113 150 62 220 131 101 104 185 111 67 
51 190 103 186 219 148 73 75 141 31 214 121 47 186 188 72 34 59 127 127 129 141 147 168 128 171 205 110 110 181 185 62 132 146 160 107 138 66 204 189 123 126 190 125 81 33 101 160 124 205 128 203 67 174 102 87 202 182 125 108 96 90 193 163 158 155 94 88 151 121 28 200 216 76 31 174 67 214 97 162 140 94 118 219 126 88 82 161 56 162 156 211 121 38 118 118 212 132 32 166 67 96 189 75 153 74 157 128 33 71 216 173 179 43 133 94 174 99 158 126 71 198 153 37 201 133 79 34 34 220 113 121 39 216 126 218 167 172 87 154 136 113 76 157 112 40 48 
54 205 158 127 45 190 77 56 129 194 66 122 28 52 72 157 46 65 160 176 210 108 87 146 147 134 178 135 192 31 143 174 215 220 147 69 218 153 48 151 122 37 53 202 36 157 152 175 132 219 85 36 85 220 174 74 103 141 69 72 33 170 58 43 65 191 181 77 182 90 201 38 140 130 66 58 177 173 183 32 48 87 131 88 63 99 64 67 113 120 139 215 218 155 144 208 110 111 38 81 30 104 97 122 68 209 62 96 35 123 156 172 215 107 51 113 126 141 44 142 155 90 123 114 117 196 215 106 35 70 133 28 110 73 110 30 206 68 121 84 120 215 132 138 149 210 39 
167 126 129 205 134 165 185 76 162 40 105 140 123 151 212 177 123 130 39 124 213 72 122 112 123 212 217 192 85 43 211 152 61 83 188 184 124 159 47 36 148 171 54 71 150 184 38 94 182 35 68 72 185 198 160 30 44 65 118 100 165 31 212 146 126 45 78 217 29 39 119 182 140 83 163 159 72 59 40 89 70 150 177 105 56 68 205 28 30 62 34 79 193 115 179 148 42 52 111 205 187 35 179 61 186 117 210 65 213 84 63 212 36 55 179 53 181 77 140 33 133 133 122 177 31 43 171 59 188 154 181 87 174 87 99 154 49 81 97 102 135 29 189 196 220 77 68 
208 169 79 196 131 195 99 52 163 124 49 114 96 112 218 151 102 199 40 197 134 210 142 105 179 209 168 184 163 178 184 196 141 208 83 40 143 176 143 150 175 167 95 218 56 65 118 104 121 77 28 90 202 72 90 131 172 60 133 141 200 79 142 109 216 167 196 191 52 154 49 61 70 122 187 32 107 46 76 56 49 80 93 73 139 198 131 45 96 141 218 174 132 106 133 152 92 139 214 118 211 155 215 71 131 138 131 78 152 175 216 47 113 107 213 110 60 90 75 71 93 122 216 103 136 158 119 42 102 215 53 141 128 111 57 152 129 203 165 37 44 129 198 87 97 105 62 
83 30 128 94 36 130 134 51 35 163 40 108 65 207 145 129 214 55 108 169 177 67 162 62 75 200 73 112 137 140 212 184 108 79 73 54 142 69 86 154 138 111 120 64 71 212 103 148 68 188 162 200 132 213 66 96 182 35 135 62 184 188 211 61 200 220 210 130 191 177 190 48 124 37 56 210 164 46 116 159 41 127 212 143 163 76 193 43 93 56 158 141 167 49 163 82 82 204 134 170 148 213 33 163 82 141 87 140 151 186 191 115 173 161 143 40 37 32 78 197 164 138 120 65 203 180 90 153 116 134 193 211 145 183 47 61 90 202 146 61 60 70 207 210 177 210 134 
116 126 107 80 160 105 138 142 142 209 110 83 29 194 45 47 106 104 128 96 157 211 140 129 190 97 123 94 47 70 87 133 43 99 200 149 210 211 75 71 72 104 211 50 44 36 166 110 67 168 198 95 206 77 52 35 169 35 68 131 50 142 190 209 49 112 76 146 181 169 109 73 219 111 117 148 203 56 76 84 180 219 156 166 100 114 143 193 200 216 50 134 177 156 73 160 196 197 113 66 160 39 117 61 91 109 117 172 204 197 95 79 77 126 30 73 178 123 37 101 121 35 94 60 96 145 45 120 150 61 163 221 193 65 210 52 212 140 183 94 91 214 120 57 40 119 77 
198 120 102 63 136 190 164 101 140 191 62 157 129 170 120 151 126 176 71 179 40 164 198 74 199 165 203 173 152 128 78 82 176 110 178 147 35 54 131 150 60 151 93 51 206 134 213 54 101 175 47 49 107 86 107 82 115 82 88 86 216 217 190 216 64 218 151 110 80 147 37 92 63 148 147 77 67 127 134 82 115 88 216 125 101 124 206 131 175 163 134 162 60 211 83 142 143 48 87 216 37 155 146 114 91 85 176 200 148 32 103 124 163 177 103 134 182 49 102 158 106 69 31 148 181 182 95 175 127 78 167 198 77 126 91 140 101 139 64 66 54 145 65 129 101 202 102 
101 210 30 93 214 92 138 177 122 30 36 217 86 168 144 205 41 29 136 114 129 62 212 126 152 90 158 164 76 184 215 101 37 59 31 131 169 84 52 61 58 203 77 182 87 63 126 127 168 92 77 211 78 206 168 188 55 118 175 162 216 118 173 64 112 55 48 102 179 153 133 199 181 198 213 135 55 185 57 146 54 177 221 211 72 144 69 152 112 103 138 160 91 206 146 206 55 84 84 91 31 137 83 90 203 94 150 133 135 200 65 148 109 140 56 70 40 189 151 171 64 164 118 38 215 217 111 80 127 186 99 174 183 137 86 210 31 34 204 105 118 195 150 91 72 187 104 
138 139 33 162 125 144 135 74 102 47 147 161 72 183 95 116 199 140 90 198 173 85 124 119 104 45 75 72 206 55 203 32 152 36 195 110 160 201 200 118 171 51 219 60 98 204 75 135 181 63 106 218 60 189 203 38 171 221 130 63 41 119 69 186 51 191 60 170 95 31 64 211 122 144 68 98 96 136 173 181 139 183 206 62 45 93 88 57 143 213 173 61 207 114 121 59 96 183 34 174 212 153 132 77 157 123 192 114 116 66 116 60 65 187 193 114 148 133 210 164 214 65 205 124 176 189 94 178 216 211 149 70 128 48 209 50 74 67 116 185 125 66 173 188 129 185 133 
62 130 152 43 105 214 190 30 35 128 109 35 90 50 138 64 134 85 203 182 122 69 215 153 119 96 139 152 39 86 200 88 152 147 205 155 46 83 159 121 28 128 150 94 110 33 59 50 122 63 189 95 29 110 172 103 67 131 95 211 207 48 44 153 110 147 67 207 106 190 141 169 100 86 147 190 178 200 175 78 118 49 195 58 154 119 145 168 207 196 201 187 169 169 220 83 130 67 78 72 116 82 203 110 119 41 132 148 65 170 125 58 92 177 130 216 75 44 200 177 111 192 182 107 149 113 120 73 152 149 137 75 200 51 216 70 48 75 68 126 99 113 164 220 131 39 61 
160 141 170 50 43 207 203 79 83 32 167 141 99 57 128 93 98 191 201 143 68 215 166 59 32 71 187 57 152 47 96 41 80 165 206 82 205 33 69 77 172 47 202 154 191 137 47 165 180 55 42 193 99 199 159 174 107 119 186 204 127 105 129 34 215 143 221 153 58 37 79 114 179 96 58 82 39 63 183 116 71 192 182 49 210 98 28 62 92 212 189 52 203 122 134 199 218 67 59 158 122 183 33 111 48 41 145 116 121 204 92 62 52 182 106 205 107 147 175 94 80 154 144 128 118 28 61 45 215 147 170 220 209 128 176 151 196 156 67 94 175 212 63 102 130 75 29 
62 96 218 89 203 88 112 123 181 189 31 94 209 101 183 143 166 146 30 56 33 30 147 209 119 163 53 211 36 67 71 135 47 89 178 168 129 60 102 30 52 216 46 105 114 65 212 175 51 196 184 105 123 84 97 153 138 59 36 166 91 112 169 50 57 82 129 88 87 114 81 75 198 194 104 59 117 83 33 63 217 37 171 198 173 183 118 47 168 103 91 36 175 89 217 91 45 89 99 168 101 47 87 137 198 162 143 211 173 198 112 153 207 192 74 163 91 112 101 170 52 158 159 166 39 137 40 56 210 136 70 80 144 198 133 29 212 178 196 61 130 42 38 181 101 32 92 
62 87 183 180 101 145 85 192 78 106 125 91 219 207 85 36 81 136 57 203 136 101 171 43 33 67 112 101 85 135 107 101 208 180 52 54 78 186 199 133 74 218 43 212 159 168 46 176 173 156 205 155 54 170 50 108 203 135 103 123 139 88 48 144 76 124 78 69 183 56 72 164 179 128 38 47 110 48 141 167 60 39 213 187 125 176 196 173 140 97 205 184 44 129 116 96 150 44 192 140 102 202 66 195 144 174 181 59 171 87 116 157 53 185 161 177 96 144 175 82 91 72 161 109 71 164 163 217 214 190 199 207 33 208 170 76 112 43 46 121 184 157 195 195 204 147 214 
114 129 151 45 219 166 125 206 190 51 80 127 190 182 216 75 29 200 45 87 107 159 163 158 101 205 39 189 113 40 203 145 87 86 118 37 78 217 59 146 114 197 31 119 81 166 90 133 150 217 182 28 123 51 133 190 68 51 84 155 139 155 52 182 126 68 55 42 46 100 66 123 141 159 68 104 194 37 136 200 119 34 152 111 72 196 138 130 102 90 164 179 107 191 98 163 110 163 183 179 181 188 55 149 154 89 83 117 209 96 81 52 110 35 90 103 197 140 43 104 99 131 207 172 89 153 92 169 87 198 196 32 114 175 150 38 61 159 179 169 62 137 162 146 81 146 61 
131 45 72 141 147 177 132 160 89 97 49 195 101 133 203 73 137 138 143 158 116 154 144 163 128 194 66 196 126 32 107 132 201 88 44 71 42 198 35 41 116 48 211 90 122 140 210 216 126 77 149 99 191 149 157 106 88 189 217 141 145 99 194 52 154 70 220 162 100 106 125 151 44 148 58 186 161 186 188 92 49 209 58 134 85 128 126 99 194 102 47 114 104 126 104 209 58 78 64 180 186 207 164 211 121 122 40 135 74 166 147 36 168 221 80 162 96 58 139 128 179 122 61 200 219 75 122 70 171 85 49 32 56 217 218 30 46 181 133 64 49 176 207 206 192 178 55 
65 57 215 81 178 39 127 99 218 208 163 63 113 44 165 217 139 28 57 129 37 94 103 198 67 183 131 123 73 94 160 114 60 135 162 176 149 209 97 217 167 194 176 171 128 211 117 46 110 135 79 186 131 221 84 171 47 145 114 29 97 175 112 129 119 69 215 108 155 130 124 195 205 170 140 60 134 72 51 81 104 158 206 190 91 186 99 221 206 113 57 183 35 101 42 152 217 53 151 77 201 70 208 101 31 75 91 107 30 33 139 183 32 193 195 159 137 202 167 68 129 174 82 112 121 63 146 171 204 67 74 94 140 172 74 218 87 196 215 98 102 159 87 62 197 69 180 
99 118 73 92 86 145 181 123 33 182 141 64 91 161 212 170 124 68 167 109 203 182 129 180 173 161 107 141 136 195 139 151 144 186 78 125 92 160 108 110 32 155 28 152 36 101 125 176 137 119 49 61 140 126 208 34 75 73 181 203 90 29 119 69 99 125 101 34 68 221 50 191 107 205 43 124 44 141 165 102 91 130 196 125 189 204 112 169 115 129 158 97 90 216 216 64 75 174 63 91 193 148 44 104 90 183 136 126 195 50 209 75 108 167 67 49 197 123 44 72 207 73 175 169 202 91 209 153 188 208 141 84 179 62 72 212 131 151 128 51 119 72 97 109 85 155 121 
85 144 118 116 207 195 144 72 33 144 67 174 118 136 29 107 111 198 121 201 77 36 84 189 99 65 64 177 175 122 74 75 141 204 180 191 221 181 195 34 74 115 187 131 136 205 199 168 156 113 164 69 47 129 134 30 165 200 202 142 75 73 172 46 84 84 71 92 195 161 168 157 100 40 196 221 201 50 31 176 125 74 52 57 110 155 210 60 48 151 30 173 207 207 128 220 88 184 82 116 199 194 58 146 111 95 51 157 123 129 195 34 58 77 156 218 52 217 184 53 66 220 217 80 163 161 105 179 198 167 102 131 105 59 73 124 129 108 187 126 110 54 128 45 216 35 215 
202 57 38 53 132 39 45 82 92 185 127 121 138 168 145 124 111 216 162 124 35 156 37 52 62 187 204 220 122 75 134 144 164 89 50 204 62 76 79 209 221 62 123 214 184 117 162 144 201 33 45 157 68 59 91 47 78 156 204 195 85 129 32 197 168 177 126 161 65 32 78 162 58 212 122 125 189 187 129 108 208 40 71 189 72 33 187 117 153 62 216 179 88 32 102 165 47 127 112 47 166 215 100 54 30 110 66 212 76 76 32 82 165 146 166 117 87 144 87 171 57 135 174 178 211 104 138 40 122 110 32 58 50 94 52 192 143 142 97 146 186 194 127 118 136 77 32 
206 203 201 71 50 29 192 215 77 104 213 63 130 95 185 59 215 211 189 146 216 132 191 151 164 117 205 163 217 201 133 152 55 119 94 89 177 59 111 57 165 71 99 55 108 177 170 195 64 169 184 51 97 102 97 133 45 82 170 179 133 119 60 30 127 200 59 131 149 118 136 164 30 39 39 206 39 97 73 200 156 95 213 169 201 204 80 96 188 130 159 95 203 191 178 88 75 209 164 140 56 65 112 36 85 163 161 69 93 111 139 210 92 190 174 108 46 200 55 134 38 113 199 83 77 64 41 175 65 187 83 101 219 56 124 130 44 46 180 48 34 50 199 172 161 71 203 
33 68 130 66 63 102 181 206 39 185 85 184 109 86 136 116 74 42 51 216 64 219 100 52 94 143 39 133 163 90 197 218 130 104 191 170 147 182 39 51 93 106 176 143 83 201 144 98 195 168 113 105 76 218 206 76 165 116 148 162 89 83 72 181 96 116 116 81 159 79 76 38 98 185 185 103 69 137 120 153 129 109 194 47 128 125 202 208 169 128 162 166 214 149 184 189 95 51 147 52 110 92 79 200 179 146 221 205 41 65 197 154 166 191 66 132 50 205 70 187 75 196 213 211 190 212 102 46 205 191 83 203 157 130 95 119 130 191 37 33 104 208 135 36 122 86 135 
72 167 68 102 199 85 39 152 161 44 40 201 64 141 183 35 32 71 36 186 42 33 155 211 155 34 33 151 59 50 213 202 153 34 84 111 161 125 116 192 84 181 208 95 31 135 30 41 31 163 215 40 119 28 208 120 157 86 120 50 179 96 158 172 89 166 187 83 69 214 96 35 94 218 29 49 85 53 87 84 124 146 194 190 35 172 61 53 221 172 218 94 94 129 39 103 186 77 76 90 72 62 176 136 67 108 186 92 34 120 59 89 30 145 135 193 152 212 205 208 148 152 221 172 168 61 136 177 196 45 164 183 166 173 115 101 83 28 82 182 212 162 197 84 43 203 77 
45 157 110 53 163 155 71 219 221 66 88 144 76 216 141 100 73 115 38 201 203 93 85 157 219 78 131 174 42 132 192 60 163 47 188 186 181 206 155 175 193 206 97 28 60 192 39 175 104 147 157 123 129 159 40 95 190 142 40 156 71 31 148 39 182 109 208 180 98 168 212 112 54 61 50 155 90 65 119 147 35 204 171 102 39 217 154 41 113 78 207 62 192 63 113 198 212 128 220 140 202 217 55 120 51 35 179 52 65 174 30 42 79 165 134 129 38 209 129 211 176 204 37 202 206 174 44 192 166 220 137 84 43 187 210 133 196 45 209 177 202 90 130 135 40 165 50 
109 155 37 201 80 75 38 142 218 197 144 172 120 163 32 180 69 168 134 77 122 197 107 174 180 116 134 42 154 214 70 142 159 206 33 65 149 99 94 114 119 172 116 219 116 197 32 63 45 135 89 157 147 150 124 144 30 51 112 66 92 64 53 162 134 56 173 93 195 146 86 152 80 119 82 161 33 82 64 122 139 205 72 180 109 198 148 92 67 53 171 188 174 126 192 131 206 148 174 131 51 219 160 196 201 111 169 120 95 53 52 28 40 193 152 57 158 129 102 66 172 80 116 83 113 136 99 113 178 40 188 138 203 67 32 32 180 181 215 187 71 163 54 131 195 212 195 
42 130 116 200 207 54 31 99 85 48 114 30 122 137 47 201 96 202 145 63 103 34 96 173 73 117 147 208 41 171 140 60 197 86 204 33 99 72 103 121 56 207 73 199 197 188 178 155 168 218 71 181 190 133 110 57 216 90 103 150 65 154 173 195 187 147 65 221 88 201 65 176 57 59 41 106 82 120 211 56 66 161 135 168 132 72 55 35 108 61 220 56 143 47 201 110 210 113 198 146 103 169 177 74 121 98 97 162 197 146 220 42 86 94 57 148 34 100 93 123 145 207 95 182 204 90 128 62 63 210 126 42 202 75 79 217 92 133 174 79 49 217 48 103 163 212 169 
153 101 96 80 157 183 125 156 89 130 121 104 142 152 137 217 105 166 125 114 30 154 184 203 76 212 212 202 63 147 140 63 79 186 83 50 138 169 83 30 51 177 133 80 66 37 52 60 183 189 122 143 109 109 166 144 82 150 190 218 108 106 145 137 154 78 30 136 96 112 190 49 56 62 37 75 103 63 166 68 86 149 204 167 111 117 190 47 139 42 157 87 29 77 155 43 155 208 32 187 53 166 47 100 186 141 111 86 181 156 128 105 107 75 86 146 73 131 86 96 197 70 102 148 30 52 190 33 80 112 185 48 40 67 47 154 61 88 37 213 202 212 99 50 214 193 33 
146 197 76 125 171 89 157 140 104 152 61 95 194 97 178 162 37 119 120 110 179 135 58 186 113 114 151 206 218 139 65 63 157 171 76 191 188 152 111 156 127 198 89 174 83 48 94 114 204 129 57 176 212 66 90 136 160 209 38 119 163 64 104 122 129 41 189 83 92 84 200 161 197 209 71 184 63 121 29 192 156 133 140 41 89 117 87 206 59 31 104 107 53 129 219 145 118 219 127 217 196 30 153 166 163 218 163 132 106 160 36 145 42 183 40 157 89 140 42 46 35 122 197 124 107 130 219 46 104 31 135 92 121 58 216 132 32 77 99 114 76 143 31 196 115 150 191 
61 93 49 48 86 68 46 135 197 168 191 162 42 221 121 42 39 103 140 111 143 141 209 169 66 186 146 218 166 146 108 221 101 73 86 216 117 43 99 111 140 95 182 184 138 145 170 52 71 180 188 217 90 154 77 83 141 151 167 119 52 81 142 169 114 188 167 29 96 214 96 115 122 200 212 129 95 57 46 181 221 35 158 39 148 68 163 105 31 71 109 89 172 162 150 186 168 49 166 176 81 126 157 85 66 37 133 125 202 48 69 221 205 175 176 109 122 192 108 65 171 115 146 174 29 188 183 58 211 90 195 63 152 96 82 180 213 142 92 131 134 205 109 109 198 189 42 
83 137 216 182 201 186 58 183 122 49 58 198 123 46 146 148 178 126 120 47 122 66 111 158 59 130 100 100 197 218 30 60 63 70 108 101 143 54 114 47 148 40 40 70 143 118 150 158 79 137 157 206 203 151 194 90 37 149 43 108 203 162 108 33 87 172 205 102 69 39 124 49 153 163 81 90 219 145 212 119 211 108 108 174 102 59 53 151 129 133 59 87 48 138 71 107 196 40 150 113 166 85 171 192 99 123 123 210 37 59 83 202 109 142 171 122 106 55 138 123 50 165 169 123 204 149 200 88 193 33 132 215 165 138 159 52 56 190 197 159 79 113 165 76 142 58 137 
94 47 50 37 95 176 102 55 173 124 60 188 124 96 69 69 110 36 77 219 40 173 193 96 47 200 189 81 123 29 49 54 51 151 187 35 60 215 153 138 165 99 141 167 59 53 189 197 129 85 185 124 84 56 122 72 205 48 186 66 51 135 60 131 213 32 115 171 94 112 71 217 217 106 186 126 219 39 32 94 168 185 202 68 51 217 92 214 201 34 113 212 69 103 180 109 34 104 103 36 210 134 173 194 119 197 206 48 98 180 189 92 155 74 129 83 85 62 219 61 156 154 207 61 60 58 93 84 106 96 84 84 132 185 126 92 185 148 49 161 201 56 195 187 200 164 44 
58 55 218 142 118 63 212 179 104 44 203 188 57 79 187 47 165 52 83 180 70 171 131 80 125 40 66 131 195 93 115 41 52 142 69 86 217 44 161 180 159 154 76 64 169 195 101 34 40 84 131 90 214 77 108 44 57 158 192 46 190 123 174 128 212 180 217 186 116 76 135 29 38 198 189 218 60 70 168 158 28 71 53 196 167 50 209 220 50 71 32 148 36 61 118 118 97 194 196 193 118 163 79 198 135 118 55 163 166 179 70 164 76 163 145 48 96 72 160 91 91 112 89 28 66 43 135 109 75 40 182 157 220 54 87 188 169 166 182 116 193 174 94 97 38 151 125 
37 59 134 48 220 125 203 114 143 189 54 207 218 176 133 54 111 206 159 61 34 33 56 180 68 195 126 93 180 84 31 210 192 113 204 158 198 202 135 199 210 44 54 92 69 57 135 155 73 139 53 70 121 37 42 162 187 210 98 119 196 152 38 77 97 166 99 148 114 174 218 70 54 167 189 99 115 199 93 112 151 42 133 152 168 157 106 122 200 128 161 176 88 85 96 114 62 147 211 84 74 102 51 147 64 68 87 139 71 92 98 87 62 59 28 139 140 187 81 93 135 187 202 80 117 218 127 185 170 221 167 145 79 95 160 132 173 154 90 128 92 107 161 34 59 85 135 
62 216 164 161 29 218 221 103 216 177 146 58 212 45 168 165 163 132 101 164 208 84 192 199 146 195 221 215 36 143 115 70 119 82 140 199 150 54 128 177 148 211 212 180 34 88 79 28 116 166 119 183 54 50 53 34 31 97 214 100 79 111 107 56 68 41 217 182 173 136 154 111 218 63 92 91 150 50 112 188 181 98 106 51 200 77 167 180 208 117 147 139 185 73 122 115 64 81 88 34 84 196 69 205 159 139 196 48 111 34 36 64 102 145 142 120 88 154 64 68 123 45 92 171 85 125 162 120 73 33 130 79 157 56 202 202 78 194 30 73 212 75 108 124 207 156 74 
50 205 184 46 70 158 130 122 136 167 82 160 79 188 169 117 86 105 123 192 190 55 215 88 56 194 32 142 196 197 69 203 160 147 52 91 62 104 76 196 123 118 148 199 61 141 74 67 220 197 151 220 109 190 30 135 215 82 48 73 132 202 33 69 127 200 211 143 30 109 67 62 72 128 68 81 111 176 111 207 201 142 53 182 85 114 120 164 54 171 54 148 204 55 95 215 117 111 36 106 28 132 88 133 57 35 173 95 87 176 168 55 56 109 115 130 60 63 33 161 199 58 144 171 54 216 142 50 197 108 70 160 98 105 220 202 215 162 105 141 72 205 132 75 105 191 149 
201 181 67 184 166 174 209 143 85 168 123 117 180 163 107 221 221 102 120 29 163 92 113 70 204 140 66 175 221 184 147 140 122 196 108 211 73 201 178 77 127 33 211 191 79 85 99 168 182 67 66 71 68 215 203 87 193 146 171 136 88 33 200 45 129 78 155 53 159 55 194 76 73 117 72 45 30 149 171 140 58 67 31 181 71 116 172 46 193 218 104 101 45 90 69 134 155 162 203 75 188 134 177 59 67 122 80 188 152 75 79 64 122 168 212 89 90 184 98 54 140 213 40 209 138 97 148 81 111 32 162 95 96 39 119 89 162 130 172 179 174 33 61 101 64 58 111 
142 133 109 102 146 184 52 141 37 219 125 149 73 29 80 160 214 100 173 91 194 123 57 136 54 102 152 43 146 82 175 94 143 184 107 28 130 187 34 133 45 30 128 194 86 62 50 119 146 217 154 45 137 67 199 78 78 119 38 203 220 71 51 166 159 117 118 130 170 93 62 135 145 30 179 164 61 75 160 88 120 127 212 44 90 53 86 95 184 100 34 72 132 116 144 89 119 194 130 209 162 218 52 221 114 219 61 140 47 108 193 161 152 89 162 176 103 49 210 76 181 97 157 175 29 176 165 55 216 125 104 145 200 43 157 97 148 187 40 175 75 110 173 168 189 58 57 
73 29 143 140 77 110 33 131 178 41 169 220 171 63 56 46 48 79 87 81 200 130 157 114 110 162 166 79 160 180 162 87 186 98 210 192 174 64 216 206 193 209 155 216 164 174 133 131 161 213 89 174 159 189 152 163 152 217 76 133 120 144 209 167 107 44 207 96 168 34 34 127 55 190 118 70 119 92 179 175 184 115 85 177 36 122 88 205 120 189 184 158 58 156 180 81 50 203 212 206 95 186 90 161 206 133 124 112 160 33 209 161 86 77 213 39 193 184 53 141 157 96 161 182 126 167 176 135 164 46 90 96 137 53 206 40 68 191 65 68 99 39 92 135 145 165 204 
101 50 50 28 182 96 169 220 32 97 148 30 151 59 175 194 86 58 121 40 69 76 57 91 59 216 43 118 83 129 176 83 136 121 101 147 58 179 183 114 142 101 141 65 67 211 207 204 158 33 192 98 174 140 186 100 40 121 214 221 54 43 91 191 120 189 156 46 158 38 53 83 165 44 83 213 77 187 58 169 89 173 99 85 63 124 168 114 155 33 188 174 34 179 204 34 39 181 51 137 72 84 68 140 151 32 107 68 140 53 51 219 55 207 159 164 106 71 176 132 167 104 45 132 128 165 213 213 30 191 135 139 174 85 75 218 161 140 28 33 80 126 211 81 29 42 120 
122 207 192 121 221 220 140 132 125 96 74 135 121 115 103 194 120 56 215 65 181 51 45 123 117 52 220 175 142 209 143 174 185 174 137 72 38 98 93 55 198 63 39 164 210 82 198 70 199 149 41 170 28 97 152 121 186 115 45 112 156 182 183 216 187 71 38 66 119 159 60 73 56 213 93 53 133 131 126 42 173 203 85 135 55 157 92 195 175 193 148 102 30 182 193 140 31 132 121 104 150 189 183 77 195 92 165 87 192 52 125 61 49 105 28 200 133 139 90 219 189 190 217 68 145 188 212 159 196 90 106 101 168 178 146 64 156 80 54 127 87 83 208 145 197 191 212 
203 56 133 125 66 190 50 191 40 83 28 36 82 48 143 158 166 116 126 30 33 128 131 37 196 45 210 148 174 126 156 81 119 149 207 146 70 155 67 70 173 78 107 49 212 150 203 132 164 95 201 60 71 103 46 61 51 200 92 148 29 93 196 110 53 39 66 128 75 127 206 138 59 166 63 216 96 125 154 206 119 93 36 118 127 124 166 187 211 204 121 166 122 57 167 109 124 132 44 155 114 146 161 36 171 96 127 105 127 193 104 174 160 83 205 210 185 52 157 127 172 81 171 132 70 131 91 122 157 121 43 177 140 126 148 166 174 108 149 202 190 219 97 171 50 116 168 
121 106 205 150 75 171 166 72 160 146 125 38 110 186 51 151 77 119 136 56 108 103 210 169 68 169 98 103 163 220 34 131 47 177 103 199 143 219 122 70 154 129 37 33 130 141 103 150 98 73 153 87 63 119 143 57 167 73 182 169 48 171 147 120 136 191 129 86 76 219 136 209 204 206 113 200 49 150 191 130 137 115 152 151 170 154 172 31 174 124 220 53 155 54 132 167 153 137 42 43 139 132 164 191 172 210 28 142 90 72 137 33 198 163 138 96 202 87 83 176 161 176 203 52 130 200 204 106 206 92 95 66 36 181 34 44 122 102 109 181 116 144 114 217 99 48 149 
205 217 153 206 181 148 204 155 140 83 165 103 220 193 189 129 38 201 205 173 54 36 212 95 152 80 139 219 45 54 220 79 154 175 163 216 118 146 207 132 174 199 192 75 131 39 49 54 131 102 183 84 94 165 183 128 201 29 32 88 51 31 179 189 69 114 72 82 48 171 215 29 182 177 86 132 107 166 71 146 54 148 220 203 80 76 102 30 167 70 75 96 200 184 128 66 175 144 169 125 79 190 156 141 43 161 216 180 213 68 161 204 178 155 52 153 64 138 108 44 196 191 118 118 79 51 64 34 52 67 147 184 99 161 207 39 155 213 143 102 139 142 102 179 35 83 66 
221 176 107 184 213 165 122 208 168 40 166 87 116 140 127 209 79 218 62 156 99 29 29 132 79 129 211 85 109 35 129 107 93 118 114 189 50 206 161 91 29 97 29 123 117 197 118 156 84 132 160 128 115 85 211 28 39 101 85 177 205 82 194 124 104 198 87 214 67 198 207 96 166 199 131 207 123 137 70 88 66 183 199 213 159 66 78 28 210 144 108 113 180 200 82 210 179 120 114 69 36 133 147 78 213 165 121 143 217 73 85 124 186 70 69 47 85 162 137 85 198 144 66 86 114 138 215 53 170 37 62 127 129 68 192 86 119 197 62 72 106 130 169 121 181 135 194 
38 207 119 90 135 116 192 84 97 138 113 179 63 50 59 191 76 196 212 61 101 163 116 162 155 166 92 30 40 63 79 69 122 57 201 31 201 216 34 66 78 42 73 160 39 121 130 149 65 51 40 65 86 145 88 53 199 170 50 195 76 198 91 113 42 185 120 165 152 58 151 148 154 217 61 70 93 210 186 154 66 210 167 95 130 215 185 112 85 115 212 137 140 118 83 114 211 31 161 212 137 171 100 173 136 110 43 111 166 82 173 199 123 177 109 82 93 62 187 125 171 85 72 166 111 37 211 96 129 193 71 122 115 178 185 219 99 175 83 115 55 51 83 73 138 92 41 
211 188 75 168 214 214 142 52 100 185 99 37 193 103 135 122 154 167 71 142 139 138 83 131 66 215 142 40 152 90 124 115 196 190 183 140 158 98 187 72 206 171 38 143 210 111 169 63 218 148 120 138 164 48 193 77 178 163 113 196 146 183 106 139 215 32 81 162 38 78 187 168 86 215 40 76 46 219 194 202 178 54 188 85 71 50 45 86 161 74 37 185 37 77 59 73 115 179 149 70 156 164 70 68 158 219 99 30 29 122 179 97 95 40 45 152 64 47 221 48 209 156 159 144 74 87 73 115 34 90 129 137 199 135 81 199 176 28 78 173 51 153 104 58 144 53 161 
115 108 156 151 166 183 108 52 77 181 35 216 33 164 144 78 28 36 74 53 113 145 41 192 118 204 152 198 87 187 144 178 127 172 195 90 141 56 70 146 160 36 130 43 63 54 103 189 191 90 116 29 64 166 212 34 37 143 152 98 72 180 138 49 158 162 35 114 157 55 203 115 205 66 73 127 187 50 82 194 118 189 46 99 206 203 111 40 146 96 101 96 212 137 54 79 188 198 149 137 148 94 209 67 214 102 200 51 43 221 145 140 83 130 90 37 37 138 173 62 69 117 179 89 61 148 195 72 207 179 128 88 106 163 143 106 213 178 159 45 198 115 94 210 180 107 157 
157 65 69 76 213 183 197 209 43 208 220 88 186 198 167 201 173 179 169 204 36 206 82 185 163 150 146 116 126 122 68 194 63 214 47 167 178 134 101 92 97 194 190 162 115 187 54 49 157 186 44 204 184 204 193 192 101 63 49 158 154 179 182 200 189 61 165 214 170 142 221 165 68 43 218 71 60 141 35 185 133 62 216 218 47 71 65 187 167 37 162 91 45 66 181 72 186 75 204 111 131 50 103 49 212 111 152 138 185 91 137 47 123 55 64 166 210 33 34 157 141 44 195 164 147 111 137 111 145 68 211 138 127 96 79 190 182 37 55 108 138 39 180 42 38 120 134 
57 215 114 212 41 167 204 73 199 78 31 181 92 151 141 175 101 148 126 59 120 85 176 159 78 166 37 130 87 211 81 149 113 130 172 116 146 103 121 47 126 198 136 169 36 182 88 85 161 144 168 101 202 43 190 114 41 174 71 153 169 35 144 69 61 162 75 47 95 159 112 196 91 68 164 171 74 212 49 42 73 171 124 131 76 211 48 73 220 66 213 191 83 64 135 120 214 36 71 221 145 28 187 161 129 74 58 176 124 36 208 67 88 32 219 181 211 191 188 70 170 219 100 173 100 126 68 61 55 181 30 120 185 213 66 175 88 195 174 56 193 97 144 184 70 40 160 
81 144 204 54 215 187 175 155 212 159 100 177 78 181 33 44 166 211 65 185 209 150 140 51 162 132 96 41 195 218 44 195 51 100 109 68 129 126 201 56 178 58 71 91 62 166 104 180 150 60 132 90 98 57 146 32 96 74 97 62 117 63 68 33 90 130 190 64 75 198 114 70 159 36 140 62 195 149 36 106 84 170 42 219 161 98 143 97 202 190 60 44 46 142 185 134 183 126 178 96 197 208 190 33 195 175 67 128 149 218 208 158 104 119 214 138 192 123 63 221 57 103 151 149 168 112 93 34 76 69 189 212 151 51 136 39 101 48 54 173 221 41 168 200 197 99 109 
75 79 161 132 177 141 92 142 216 184 195 161 195 135 171 38 98 57 46 133 156 124 75 85 200 61 163 148 146 88 128 34 199 192 152 58 134 163 82 107 42 64 172 78 155 81 117 116 175 111 196 73 92 39 111 192 152 153 185 112 128 93 157 113 192 146 213 169 95 35 109 60 66 206 161 118 202 186 51 72 165 196 152 45 111 205 67 91 32 87 215 199 220 88 135 100 31 94 59 80 40 199 204 117 67 149 71 36 89 182 134 166 104 97 219 216 136 199 155 73 189 92 117 31 205 170 67 185 179 35 91 146 186 100 69 182 155 110 146 150 122 104 73 130 104 220 139 
102 43 164 180 75 31 141 110 178 175 175 47 182 30 40 96 204 143 176 94 49 93 133 189 87 38 190 120 78 221 131 165 166 163 213 74 64 121 34 183 152 74 175 186 171 86 86 37 126 95 59 68 52 185 216 165 52 184 116 52 190 217 35 130 162 219 43 158 40 97 107 82 182 32 158 105 190 150 28 215 221 96 90 102 33 39 185 180 105 102 59 89 64 114 198 219 195 117 114 48 36 137 99 78 55 31 135 217 203 123 203 84 157 156 73 94 39 137 189 129 93 142 219 100 121 101 200 161 136 183 134 189 96 75 130 44 63 185 107 57 120 219 196 51 169 119 148 
67 133 125 190 190 193 60 165 219 216 218 106 37 135 168 114 130 143 73 108 165 199 108 202 147 128 147 127 85 164 191 76 63 55 117 136 210 85 32 57 33 76 56 38 108 93 203 74 36 108 39 56 34 78 128 202 128 42 139 156 137 52 60 133 161 127 131 140 87 188 29 39 191 183 83 212 194 64 44 54 128 117 119 126 139 162 213 35 66 95 137 148 72 176 146 54 141 119 107 92 144 87 33 210 158 136 86 125 44 191 36 207 98 167 30 86 178 78 184 162 64 147 163 29 143 102 122 75 30 220 84 97 212 52 194 74 127 73 163 164 151 167 129 127 79 94 148 
185 186 174 203 118 138 126 161 221 129 99 38 100 69 106 196 199 122 103 144 129 96 46 105 173 38 58 125 135 101 137 156 28 127 143 58 166 91 151 191 219 180 130 170 128 200 207 96 72 43 187 53 206 134 101 204 108 94 169 170 191 177 177 83 194 178 202 161 147 66 177 217 211 217 157 218 217 206 52 171 87 72 193 137 162 153 103 95 177 108 47 50 203 57 128 35 48 200 107 126 90 168 211 90 72 110 209 36 165 137 134 55 108 98 132 198 36 138 162 74 82 67 61 161 52 108 131 220 165 90 123 137 202 30 95 162 108 66 81 103 127 80 45 120 74 169 169 
48 203 127 50 166 200 202 191 61 206 117 163 183 28 29 69 216 114 114 59 146 169 81 77 132 90 175 150 57 197 68 148 127 80 211 118 103 34 44 131 185 151 208 40 131 202 180 79 216 169 123 205 187 166 63 76 43 204 69 85 219 197 128 105 38 214 131 165 125 78 145 66 127 118 98 193 214 112 128 37 141 151 45 47 209 85 114 38 97 201 205 105 144 49 82 143 45 152 104 41 160 198 88 177 94 99 177 77 59 88 91 142 59 166 136 159 166 164 77 84 56 171 90 85 205 191 159 167 141 31 191 193 62 69 200 112 91 124 114 28 28 148 130 130 170 167 47 
85 197 188 162 61 184 210 117 149 98 203 200 167 207 151 118 146 186 117 190 100 148 142 195 130 175 156 44 67 156 44 125 89 79 160 123 117 69 207 131 44 217 92 154 78 113 218 34 216 209 204 51 64 115 160 195 184 52 87 178 143 61 59 201 169 150 213 70 201 207 199 209 133 102 174 183 147 77 102 162 187 67 59 182 84 182 86 121 161 139 188 51 101 133 113 130 36 189 129 74 118 134 34 93 51 167 43 148 196 184 66 213 210 39 140 156 167 43 42 68 120 202 199 98 193 66 216 186 175 164 174 177 38 208 94 196 30 148 130 90 132 87 133 130 151 97 151 
75 50 121 160 133 77 123 130 176 210 128 32 189 149 87 128 137 79 180 220 175 140 56 42 208 210 106 119 102 28 153 83 182 173 74 114 132 139 95 49 34 79 174 128 119 118 104 213 138 53 196 172 145 78 33 169 86 30 72 216 180 161 163 41 106 162 134 186 110 33 194 153 201 61 138 127 113 62 53 148 221 120 46 100 83 189 146 39 174 106 111 40 79 51 59 151 198 152 209 206 149 87 33 82 183 146 72 185 47 48 82 133 78 194 72 145 212 39 118 54 180 85 111 111 152 220 29 69 37 166 163 201 211 112 117 184 209 218 106 58 169 119 50 56 90 95 48 
65 211 215 33 70 132 174 182 196 47 113 166 109 64 209 64 28 113 92 40 56 106 156 118 72 109 193 105 57 39 167 160 98 218 152 41 57 183 48 214 210 47 85 112 79 160 210 202 220 120 80 134 199 193 137 29 135 168 167 144 193 42 102 220 189 54 112 34 63 81 190 125 55 49 191 174 56 80 43 65 187 157 177 32 29 211 68 176 160 102 40 126 194 166 116 205 165 141 178 146 190 121 144 56 203 74 127 193 213 219 36 157 84 209 57 29 144 217 171 61 32 164 143 141 56 72 173 120 107 199 93 96 38 142 34 119 161 181 171 87 180 71 146 163 57 116 62 
205 130 42 49 217 169 218 150 169 83 129 131 159 202 209 179 54 109 159 105 51 149 39 85 106 123 101 200 41 182 162 179 81 209 64 181 182 43 181 87 108 215 88 37 153 103 176 50 130 154 119 120 181 195 45 207 189 211 142 200 43 210 104 177 89 63 220 215 122 65 62 45 152 113 38 182 120 169 172 111 126 210 127 157 87 124 189 171 215 146 167 39 147 195 158 125 213 106 221 131 141 213 80 131 202 114 51 95 70 183 149 197 136 217 98 99 83 117 162 168 110 108 117 134 61 215 151 86 111 170 94 206 37 133 176 112 99 33 146 148 41 94 96 195 176 169 34 
69 138 152 81 89 161 126 73 107 99 106 38 120 139 221 64 77 164 130 59 140 137 148 80 75 99 50 55 40 184 157 96 171 37 192 151 207 136 164 120 211 43 79 160 161 169 85 72 103 74 162 184 30 159 55 192 173 55 151 121 34 178 171 78 29 142 152 191 70 95 32 218 131 210 159 192 176 171 73 63 178 142 174 193 33 71 183 171 221 151 97 56 159 80 29 39 200 28 167 108 210 56 197 152 183 170 128 196 162 74 182 87 126 168 48 47 203 125 88 40 155 96 157 84 42 140 85 39 196 75 129 59 28 99 76 220 99 84 162 111 132 218 82 213 101 123 110 
97 62 71 174 196 32 101 220 72 98 107 150 86 211 73 129 41 137 190 95 142 84 108 195 143 128 146 133 193 199 200 181 182 117 145 148 189 45 68 90 141 193 213 113 170 211 34 195 143 178 77 210 109 109 211 166 148 34 221 138 170 216 211 159 215 147 118 180 152 138 53 213 91 32 52 150 180 67 120 217 83 52 152 29 108 55 198 180 31 170 197 65 76 102 158 52 143 158 50 163 131 146 154 193 148 126 52 125 214 196 187 180 38 45 112 84 87 151 215 153 181 74 70 62 160 155 32 85 163 153 102 209 139 58 59 221 29 67 197 172 126 162 47 110 29 105 209 
116 156 147 105 147 187 114 142 36 197 161 82 50 136 219 163 150 172 196 45 37 68 202 160 112 72 199 86 179 165 213 161 34 162 143 212 194 176 105 95 149 211 78 110 111 209 211 199 109 137 33 30 195 70 204 136 39 205 149 155 159 187 186 186 156 129 130 186 174 58 90 216 35 101 176 155 35 140 85 102 54 157 112 118 40 108 77 209 137 32 149 76 197 118 32 58 118 204 59 198 94 29 142 169 201 139 73 73 158 146 185 70 47 72 145 210 49 113 142 170 86 220 51 108 42 177 40 191 213 132 214 110 145 147 137 104 83 176 86 64 221 148 72 209 49 57 212 
62 144 54 113 121 190 208 75 78 170 126 105 149 73 168 206 96 99 113 38 75 144 204 90 216 96 83 171 102 81 96 54 141 195 147 111 86 122 118 138 50 111 132 155 209 124 165 170 214 140 75 189 216 150 180 77 167 81 138 143 85 64 86 202 46 45 133 143 151 177 112 116 84 104 187 150 111 131 116 186 94 191 75 177 55 169 205 164 183 41 165 52 167 204 119 73 51 124 106 199 148 128 71 186 35 221 217 83 152 128 158 67 167 184 173 57 116 100 132 54 134 216 105 207 88 149 198 49 145 56 93 122 219 35 35 93 193 112 143 171 94 49 217 96 99 53 111 
43 87 183 206 85 95 39 112 134 53 67 136 213 78 53 156 194 181 88 185 95 203 158 176 83 218 79 148 185 147 39 60 62 160 79 177 220 130 116 219 50 32 198 45 216 175 48 198 130 194 92 88 179 183 181 152 100 128 75 161 136 139 36 82 214 220 182 184 101 140 31 88 90 39 49 38 28 28 54 196 45 77 143 69 48 204 167 211 148 109 217 28 48 176 101 66 50 89 164 139 109 36 153 88 146 29 32 159 88 195 157 197 88 171 93 173 159 172 71 88 149 171 143 82 174 122 52 165 157 61 110 44 179 88 62 202 49 70 35 207 94 58 133 56 103 172 153 
216 120 179 33 31 112 213 167 28 149 45 97 199 149 118 76 128 137 210 48 77 105 137 180 176 145 195 62 123 74 36 117 209 205 133 159 111 40 91 115 78 60 217 47 44 79 28 140 132 160 129 36 34 53 73 154 165 141 202 205 201 87 219 31 76 87 165 176 49 163 76 28 42 151 181 52 208 188 163 104 199 173 146 136 199 208 46 57 47 125 77 74 149 28 97 174 78 139 183 167 60 180 218 97 85 46 191 110 91 28 81 197 160 28 187 212 47 214 167 97 65 218 195 63 54 207 165 199 89 62 126 188 167 172 51 182 125 212 162 116 118 100 35 180 73 67 185 
137 200 82 221 172 200 138 184 47 95 205 205 132 124 98 119 121 111 77 209 183 203 142 213 204 167 177 129 65 86 31 102 141 50 29 89 46 221 54 52 221 97 183 114 183 112 207 100 137 217 78 70 111 170 172 46 86 205 83 37 170 175 113 32 53 130 165 156 156 217 135 29 153 135 156 102 178 195 115 214 114 141 158 41 74 175 55 189 29 60 44 113 76 205 118 151 63 117 191 168 45 30 32 125 49 142 190 68 54 37 212 34 180 120 157 117 40 195 172 188 92 162 107 209 43 48 109 221 151 106 68 106 128 103 171 184 53 89 153 204 197 49 114 93 153 76 142 
146 38 99 163 167 131 38 173 99 33 86 148 208 76 40 160 104 83 175 110 42 81 72 140 79 113 57 83 158 172 40 192 107 32 130 87 45 162 51 177 43 51 103 187 52 202 159 88 182 88 197 74 127 57 150 118 97 163 154 147 221 191 218 49 60 220 108 175 193 210 67 66 29 213 199 123 146 50 105 84 70 202 52 72 120 89 86 52 181 183 63 70 33 94 130 51 217 99 170 215 183 39 130 208 161 147 93 147 78 138 36 205 196 175 169 58 61 57 119 130 175 138 57 139 204 197 106 181 76 56 68 98 140 213 217 69 200 66 151 43 31 120 123 182 134 217 151 
89 215 185 102 206 40 36 107 181 118 188 165 64 185 129 68 44 42 120 128 64 74 175 216 104 180 101 172 135 120 211 147 128 63 153 170 146 202 133 188 123 157 110 199 153 98 80 185 28 71 69 104 92 165 83 217 123 143 137 131 37 100 151 81 137 63 177 108 216 43 60 63 85 131 30 103 118 190 117 212 103 189 148 54 49 209 108 51 50 116 218 124 52 136 106 190 145 87 57 142 190 221 33 149 59 54 145 72 90 209 154 97 131 210 95 151 112 202 46 161 168 126 199 152 43 213 206 100 159 68 160 199 188 102 203 124 176 126 75 108 190 144 162 126 55 98 149 
218 204 58 195 182 102 174 66 95 43 199 89 213 95 71 83 207 44 152 182 177 139 187 186 165 206 154 32 182 133 76 183 148 177 41 95 65 180 98 177 64 154 64 36 30 184 174 135 185 138 163 96 217 142 70 73 139 131 51 64 41 216 108 43 66 55 68 195 153 93 113 105 29 87 120 69 62 35 146 66 187 139 40 114 207 130 179 80 54 221 191 124 98 43 49 123 186 107 173 207 118 214 75 203 49 219 127 214 149 136 47 196 144 138 157 92 164 166 173 129 165 129 213 99 62 74 98 50 121 209 118 167 197 103 202 161 185 112 29 62 96 125 213 196 43 62 34 
156 105 65 91 115 197 137 66 185 206 132 55 178 211 145 151 115 206 216 158 95 180 173 188 198 63 203 178 151 100 29 65 173 33 129 210 150 125 212 206 68 207 140 194 91 198 33 54 62 69 160 217 95 63 81 145 173 159 71 68 98 214 32 178 35 38 62 145 121 153 99 214 77 216 196 106 137 121 92 59 219 95 48 221 217 73 76 122 175 52 152 213 95 127 75 169 130 35 213 196 64 204 180 158 70 194 95 64 209 219 132 162 132 159 151 40 119 135 97 33 64 187 35 178 136 61 198 180 113 64 155 34 193 203 90 28 139 49 156 106 50 76 208 33 217 61 63 
137 207 209 58 102 202 129 188 99 29 57 101 63 155 97 125 116 167 145 80 70 81 42 61 83 130 36 35 76 154 205 120 206 96 114 140 69 35 202 71 143 148 215 61 121 64 103 93 154 160 81 43 118 195 189 177 69 131 146 102 158 122 114 140 148 183 149 144 178 58 148 217 63 47 159 212 30 180 199 204 201 176 133 81 50 219 68 90 112 75 136 169 101 167 52 149 32 219 47 102 207 83 190 149 43 94 59 120 113 93 57 120 181 134 70 170 54 215 206 197 94 201 123 32 198 37 90 31 164 190 197 75 172 192 142 93 33 170 34 196 51 65 75 192 186 209 86 
71 64 73 96 129 83 156 140 63 64 141 37 54 52 210 70 175 65 155 157 184 43 214 204 69 203 48 54 145 124 121 97 193 95 219 162 188 175 102 78 154 204 169 212 198 217 168 145 123 153 205 176 111 43 84 198 177 38 108 112 217 126 178 32 184 63 130 214 35 70 207 218 161 57 116 162 161 148 209 213 76 180 54 54 108 28 64 32 39 132 136 138 217 82 40 74 113 180 173 29 34 60 45 153 182 151 37 138 183 213 164 67 206 82 140 52 105 216 181 41 155 168 153 200 215 143 203 66 97 206 190 89 142 42 147 150 169 103 63 165 58 115 115 207 154 187 113 
133 189 198 97 156 92 121 46 86 68 46 108 123 56 179 117 83 168 114 47 69 92 89 28 39 74 186 116 162 173 221 161 66 196 196 184 44 43 121 147 164 139 117 156 197 173 213 159 214 96 212 39 71 144 134 214 85 54 186 139 117 125 181 139 134 220 33 61 168 184 145 123 152 136 114 207 120 43 208 194 67 49 84 178 160 146 206 47 208 191 61 36 97 153 180 172 197 199 125 78 37 192 111 108 123 82 189 37 149 106 105 190 183 74 196 154 202 179 156 171 65 177 137 160 43 182 220 57 98 80 104 199 82 166 35 96 96 136 84 186 30 181 156 36 79 109 140 
190 130 127 147 128 39 41 28 76 89 188 28 108 158 39 213 167 115 181 207 160 59 208 183 53 126 207 164 30 156 91 32 130 95 136 67 150 107 138 80 145 52 197 30 79 152 125 120 82 55 187 100 114 137 135 54 137 98 102 173 194 58 215 31 190 139 119 99 160 178 154 50 86 192 56 132 47 139 153 34 49 53 148 216 164 74 48 66 184 29 204 182 219 134 93 59 135 130 109 99 137 143 122 126 201 48 188 198 132 160 42 34 146 136 97 206 64 70 59 193 86 94 108 77 104 82 198 120 123 45 100 94 139 37 196 103 202 200 134 172 174 206 58 170 29 157 43 
206 207 168 152 67 129 97 215 73 99 204 151 156 141 72 155 170 156 36 51 192 119 99 29 96 38 56 167 135 139 75 64 81 130 131 116 52 144 89 202 56 142 127 118 155 95 64 155 126 185 87 134 151 45 204 217 128 142 198 155 196 92 45 41 179 167 93 210 134 201 212 145 49 35 50 191 79 105 106 190 71 176 87 147 212 181 110 104 137 113 93 30 28 109 117 115 174 182 99 75 169 124 221 120 136 116 61 195 130 52 213 31 33 119 91 215 190 155 208 117 87 117 161 190 110 172 200 54 29 133 197 34 127 98 190 129 184 144 112 91 78 34 190 61 124 79 122 
121 104 179 148 113 43 162 186 144 176 35 28 47 211 35 191 161 60 119 192 78 101 186 50 137 145 101 124 42 199 218 150 193 144 190 75 194 204 177 111 159 89 43 221 101 142 176 216 68 189 170 162 35 109 190 75 166 122 78 140 71 176 188 92 157 191 184 135 53 34 130 217 214 165 122 36 80 61 140 184 88 142 170 124 184 172 198 140 111 213 186 28 167 88 108 44 158 47 73 196 67 159 101 132 39 112 186 202 56 184 190 147 108 143 80 137 35 108 97 202 63 53 34 55 48 105 172 209 179 178 199 121 204 64 209 103 31 72 154 103 170 31 99 123 118 70 180 
103 68 114 83 128 36 45 203 120 46 50 85 33 59 194 61 63 95 144 123 42 176 161 58 167 151 190 53 95 53 167 176 191 211 201 36 159 150 36 50 174 138 129 195 37 197 211 118 30 177 137 152 76 215 99 162 83 168 165 170 189 178 84 152 59 34 165 109 76 96 59 116 66 101 168 164 110 125 35 58 50 126 34 60 85 161 40 103 193 68 212 47 74 85 85 158 176 113 73 106 34 57 142 136 49 152 164 103 141 113 172 103 84 38 173 131 108 170 112 105 98 47 31 150 196 87 53 218 97 83 91 191 135 194 144 205 44 186 191 40 163 164 79 111 56 78 196 
145 98 163 83 167 72 211 56 33 172 68 58 146 187 213 131 125 40 153 111 211 60 59 54 60 120 169 32 67 33 193 213 112 220 182 120 49 215 63 219 119 133 195 179 171 145 165 149 189 189 125 116 48 126 83 201 133 151 194 126 177 65 188 98 157 147 142 149 113 130 106 199 134 210 203 102 48 38 62 77 157 124 67 209 126 148 39 69 125 168 38 60 189 118 110 193 92 171 184 164 112 202 136 122 52 42 146 138 141 80 71 85 55 178 197 77 102 85 72 142 157 172 200 122 90 171 39 145 175 53 110 147 174 143 140 58 174 81 195 203 180 38 148 108 197 74 131 
194 188 146 220 54 37 201 136 32 169 69 209 138 176 176 91 58 166 73 135 135 46 90 61 170 116 40 120 158 215 218 206 57 174 186 148 97 91 205 217 81 160 130 219 209 152 75 186 112 212 203 207 91 102 205 190 167 45 194 217 136 168 32 47 140 35 170 79 101 67 98 174 200 169 128 190 141 221 205 47 92 172 197 33 39 75 105 165 141 51 115 138 95 35 33 37 136 120 219 147 203 54 135 53 121 63 68 100 42 167 33 187 182 73 142 132 86 146 70 89 170 169 38 158 165 46 175 94 171 187 36 113 39 183 144 179 165 102 220 190 68 118 104 126 221 141 199 
68 34 201 79 208 45 109 74 215 172 137 111 84 134 118 63 101 154 60 115 115 64 110 149 131 135 190 187 55 199 220 35 214 168 220 79 91 56 57 160 122 73 107 80 167 169 52 73 132 188 215 181 55 160 129 198 155 31 80 195 103 134 70 77 178 78 47 35 28 173 32 128 214 135 82 213 57 168 61 71 59 106 212 52 191 29 152 58 35 81 89 164 172 72 74 83 47 88 183 160 60 160 40 75 155 90 188 99 192 83 187 114 106 148 132 161 200 191 162 198 66 72 50 131 69 33 163 216 56 214 62 122 152 147 38 100 206 31 84 31 158 56 89 121 192 124 116 
115 125 48 129 187 48 122 29 47 111 65 115 166 125 164 142 100 196 112 186 196 75 114 140 216 29 182 193 81 40 65 186 85 131 122 187 38 183 74 28 39 168 190 206 30 221 168 220 47 204 47 28 200 53 205 130 86 57 56 97 197 196 151 88 192 94 30 70 29 124 64 88 202 40 89 171 134 78 167 150 214 169 91 69 37 105 128 169 202 205 220 202 178 60 99 154 98 50 118 81 67 118 114 153 189 87 190 52 117 135 197 37 98 149 60 201 216 215 139 44 68 188 41 66 177 32 75 105 66 135 182 107 151 94 168 221 167 133 177 123 44 189 201 119 112 162 132 
128 188 220 46 199 180 209 61 46 170 190 204 75 43 75 42 41 120 169 92 211 109 198 110 31 50 143 220 70 177 192 89 105 218 148 161 166 165 28 56 66 204 206 70 112 188 36 60 112 63 123 45 117 114 190 81 168 114 87 56 85 74 92 165 165 200 96 82 189 186 143 42 34 30 188 189 113 203 198 58 137 121 120 51 166 34 171 152 174 74 129 105 204 44 84 144 117 135 155 124 146 209 167 149 61 191 62 165 85 164 47 48 165 121 217 113 118 110 115 205 28 33 55 189 190 117 105 50 197 62 80 115 44 132 79 220 209 122 56 146 114 55 163 66 179 136 59 
102 193 127 168 165 87 132 33 160 43 112 52 94 189 54 61 178 126 190 120 33 140 87 108 163 146 76 115 108 152 48 136 196 126 186 170 125 95 176 91 37 65 150 120 124 219 82 58 146 146 213 138 191 85 50 118 133 30 110 158 213 62 72 177 75 61 198 85 173 172 80 74 60 37 158 39 159 99 133 151 178 146 172 69 107 72 174 108 110 96 95 119 219 209 216 135 149 78 215 48 34 56 109 91 38 221 189 87 34 106 92 202 107 207 182 197 171 95 143 219 31 132 214 104 168 141 170 172 118 138 218 86 220 213 56 51 93 179 48 60 209 170 37 91 97 155 128 
130 65 139 32 148 162 38 89 200 130 151 101 131 165 51 191 168 89 126 154 90 36 130 126 102 134 173 171 151 177 46 39 200 163 176 216 82 55 177 68 187 131 116 178 43 220 159 31 32 119 220 110 200 147 160 125 75 77 215 117 149 140 191 102 81 113 129 120 205 190 196 72 217 49 112 95 166 116 35 218 82 95 185 72 176 83 75 154 171 72 135 150 94 74 96 102 183 169 123 209 133 121 29 134 136 143 185 127 50 139 156 173 85 143 191 29 73 142 148 59 100 214 150 212 168 108 29 87 34 193 77 210 151 155 56 90 157 97 157 76 194 160 90 79 174 208 62 
220 156 177 126 200 156 185 113 143 76 172 193 178 91 194 89 133 114 76 205 114 172 172 49 151 193 95 41 65 161 68 155 196 119 120 29 176 96 64 195 131 62 28 75 143 175 88 193 199 158 139 55 135 53 93 206 50 64 188 170 52 191 76 41 128 116 214 179 68 47 119 191 140 73 191 207 196 189 81 79 120 46 187 216 47 163 120 62 88 188 200 41 84 193 186 54 203 119 215 184 148 60 79 56 117 46 53 69 52 193 91 144 51 135 86 48 97 67 157 113 90 81 181 142 152 163 208 128 154 94 175 112 56 131 36 121 80 167 131 169 174 191 186 209 182 40 88 
172 76 173 132 121 91 207 106 67 57 60 80 149 101 97 64 109 139 146 75 125 118 33 51 85 52 114 56 103 210 217 79 102 145 76 127 188 182 129 30 207 74 191 38 202 41 160 148 205 145 184 148 182 164 104 102 124 42 187 159 152 64 152 101 167 221 71 73 33 155 162 121 134 111 154 41 187 220 205 29 151 175 194 148 164 203 43 140 53 115 211 48 141 96 118 79 70 167 204 105 105 31 108 66 214 202 92 95 110 163 136 151 144 85 107 207 124 100 161 105 120 189 104 181 198 165 88 36 136 202 77 141 64 63 208 74 152 113 126 40 198 30 116 119 35 51 147 
98 142 142 184 207 31 129 84 95 47 167 205 132 199 140 171 124 158 186 97 202 133 214 214 41 100 34 112 219 210 52 80 93 210 108 83 212 203 156 171 95 161 35 81 198 135 76 115 184 216 214 61 95 173 188 136 136 178 56 157 95 106 197 214 198 171 182 71 175 144 49 61 105 66 179 155 200 164 127 84 91 216 175 207 221 220 125 163 177 214 30 105 193 69 168 181 141 207 91 164 73 192 137 156 45 210 74 83 202 136 144 177 189 174 165 108 209 89 202 102 164 139 155 213 177 75 179 143 70 99 109 40 124 42 131 96 72 217 221 139 190 193 140 208 38 219 160 
92 175 76 211 76 146 119 67 203 143 39 217 185 158 183 56 150 149 186 80 113 123 122 221 81 194 179 56 165 215 115 155 221 157 129 88 167 163 60 76 221 127 109 40 162 182 215 153 78 190 64 174 89 130 144 83 68 221 193 31 139 86 196 216 112 60 131 83 158 89 50 135 37 69 139 129 205 126 100 117 124 71 161 180 181 50 65 81 44 143 38 132 127 36 147 92 30 139 202 62 194 161 164 80 52 184 77 139 214 175 136 84 114 30 52 220 68 63 43 190 75 181 160 200 107 36 85 169 62 141 182 210 139 41 79 151 82 218 140 95 210 101 202 88 43 105 217 
172 201 111 30 210 170 194 143 217 142 118 42 59 185 109 148 94 168 199 217 96 29 55 181 130 138 110 168 182 169 202 170 51 110 182 159 172 52 32 196 112 61 44 110 59 125 201 94 201 31 123 212 104 162 43 218 202 100 188 82 84 183 96 155 56 117 62 147 196 217 157 75 206 220 42 103 138 100 91 71 31 181 73 56 189 216 32 97 180 70 173 141 183 158 135 50 117 29 111 105 67 206 209 122 166 90 106 34 120 131 116 33 159 182 157 152 68 153 178 164 94 215 71 177 112 79 114 56 150 195 153 74 190 190 124 68 173 90 61 101 219 75 180 182 194 165 73 
46 93 180 193 204 135 220 93 168 174 100 192 46 196 98 144 125 71 179 127 57 214 142 130 80 194 210 59 59 61 181 108 98 87 91 42 171 53 85 69 62 92 41 181 144 85 168 141 101 203 216 135 111 32 131 161 126 209 71 47 214 41 212 190 41 87 159 36 195 145 143 36 42 83 104 49 180 176 129 118 203 218 180 220 173 57 78 167 187 93 211 116 163 186 181 203 158 218 65 127 169 94 87 41 191 32 187 193 77 178 89 81 58 173 141 107 31 192 89 208 162 137 192 174 201 107 97 77 177 79 109 46 42 76 83 120 69 210 188 210 207 188 220 96 38 142 61 
62 184 182 38 124 189 84 69 55 192 158 177 158 144 79 74 205 212 110 84 129 140 29 210 150 62 41 96 153 79 94 93 43 204 196 132 189 124 157 48 40 36 42 105 148 114 137 111 108 215 74 161 124 98 96 56 176 183 118 167 108 158 72 208 106 123 141 114 33 44 189 38 157 118 45 109 201 129 171 31 169 212 97 82 175 170 89 87 144 198 168 49 183 189 117 77 53 70 82 219 145 171 87 114 126 139 170 168 75 183 206 66 143 105 201 196 147 203 180 151 62 41 117 64 61 88 186 122 118 73 52 41 191 168 59 36 189 37 36 185 103 118 93 128 38 30 197 
158 128 31 171 74 194 73 32 87 158 132 59 43 142 200 189 128 62 199 100 175 86 34 160 202 43 79 141 72 175 199 216 150 198 40 74 157 144 205 87 97 160 179 169 152 183 48 50 104 47 96 85 124 43 79 57 152 54 219 133 67 57 159 177 105 58 198 32 131 196 193 90 51 133 92 34 192 48 50 111 171 212 210 189 141 32 142 141 158 129 97 98 67 180 81 161 55 162 90 201 113 168 63 162 185 135 113 198 187 48 150 39 37 91 85 183 61 87 129 69 216 214 32 121 77 31 53 159 192 56 32 211 128 152 147 202 98 58 220 72 103 183 156 30 164 158 83 
120 169 182 198 170 109 111 125 110 114 165 221 184 32 34 166 136 144 181 41 34 124 156 48 133 205 167 182 209 108 161 75 109 47 196 176 173 90 211 54 98 34 69 49 160 216 209 183 117 215 171 210 68 85 165 153 112 169 57 206 123 203 189 189 100 186 103 181 162 217 85 107 137 132 86 204 170 112 121 184 143 40 139 69 63 187 165 91 170 96 130 69 218 88 183 77 150 36 173 51 153 33 165 96 123 151 132 145 71 56 60 49 57 88 218 218 113 137 71 181 147 113 78 132 147 124 61 36 105 172 188 55 178 187 42 72 213 219 182 128 54 63 205 188 168 121 91 
187 101 187 157 187 169 208 198 213 76 32 172 66 96 71 50 166 129 109 130 55 60 144 134 115 84 90 52 51 40 92 49 217 53 127 182 173 133 186 164 206 138 218 46 190 131 213 162 206 149 143 41 192 106 119 178 144 90 75 171 42 87 214 186 168 139 44 37 212 97 62 118 99 43 81 35 34 59 105 37 159 80 190 209 110 109 191 38 171 127 217 114 167 178 115 37 44 103 179 81 205 82 93 124 167 206 107 113 178 137 95 83 174 135 215 90 128 58 53 136 173 39 111 47 192 59 37 83 50 221 118 29 166 219 199 150 163 94 112 210 169 183 162 203 195 88 165 
84 180 189 204 162 47 199 37 125 61 93 79 76 150 172 149 209 147 109 84 86 109 212 84 127 141 172 117 47 170 69 123 56 208 209 206 170 153 154 202 107 134 135 194 129 154 146 117 198 120 149 121 96 103 99 94 218 57 188 196 121 176 151 81 36 72 74 217 82 151 191 191 189 119 92 103 188 159 86 180 147 95 31 95 55 143 53 158 74 205 140 82 95 121 185 169 121 76 220 216 131 182 176 80 150 85 103 193 175 146 150 50 202 36 118 195 163 108 71 60 90 81 44 56 89 39 159 56 134 74 90 90 81 60 137 83 168 159 166 108 75 153 179 127 146 91 192 
111 139 132 171 57 32 142 109 58 145 219 29 129 171 116 35 57 167 77 204 183 79 175 174 88 180 154 209 206 143 198 127 115 170 87 91 190 104 56 36 46 33 73 106 102 94 188 207 52 158 180 105 215 221 181 57 194 107 145 30 150 155 57 216 103 168 64 94 179 146 43 178 44 28 216 66 58 195 144 92 162 112 57 135 32 62 198 170 165 188 40 191 169 191 164 36 37 165 70 99 131 134 134 150 53 94 38 96 144 162 139 147 191 189 53 130 151 190 216 163 125 218 216 202 69 37 212 219 73 58 173 71 59 87 103 220 125 84 129 211 118 78 122 142 98 98 150 
67 82 40 55 109 37 159 140 86 72 92 38 41 44 90 143 195 61 52 132 91 186 197 206 124 210 55 86 94 120 192 86 103 195 218 68 191 124 215 148 79 221 164 88 209 169 217 217 211 57 53 182 158 123 109 61 116 207 196 115 58 103 167 30 147 47 179 193 185 42 138 88 134 80 36 174 178 133 48 125 179 34 103 200 38 101 40 144 63 33 211 141 159 138 44 32 40 107 146 158 150 220 170 59 189 109 170 99 146 218 139 61 145 115 86 106 215 88 75 28 122 100 29 47 172 151 83 60 205 189 173 106 218 165 84 45 114 113 140 41 44 157 174 119 98 193 212 
174 47 120 203 123 101 204 172 113 119 69 114 121 45 192 116 77 170 35 121 120 147 33 216 184 214 136 75 62 210 49 173 124 142 36 162 153 91 46 166 197 129 75 47 125 38 205 31 188 210 161 41 31 88 143 204 46 116 112 128 137 157 203 199 206 140 112 155 97 148 66 166 112 102 177 102 90 99 32 182 87 31 146 123 42 74 43 183 156 180 140 117 66 217 149 179 61 178 54 114 62 135 31 104 99 83 42 209 41 74 180 46 182 194 208 163 33 30 72 152 45 148 82 100 71 33 48 185 110 198 186 87 162 199 38 119 124 98 110 203 149 128 109 99 132 76 209 
37 189 184 106 195 165 33 199 76 220 131 39 90 165 55 121 184 73 99 112 184 192 68 96 32 46 57 198 209 111 152 44 107 51 197 121 173 198 55 221 139 129 88 170 165 40 187 210 67 78 144 43 85 66 182 133 115 54 151 182 78 87 102 220 111 116 211 59 152 202 103 105 78 211 168 28 142 68 190 129 60 201 148 97 149 63 63 194 35 151 64 115 212 51 119 78 219 37 156 173 190 204 154 32 204 41 36 112 101 217 219 136 58 118 156 94 167 99 184 69 210 211 39 186 103 106 221 206 172 149 140 44 179 221 28 216 129 185 47 108 146 213 155 95 191 181 126 
202 132 113 101 202 50 204 50 88 65 221 93 29 158 65 199 218 197 45 165 92 167 175 204 157 183 193 86 167 162 217 160 131 29 175 199 218 187 178 215 73 210 83 55 180 114 38 128 130 157 38 121 131 163 182 212 202 143 36 156 86 106 204 145 60 32 127 125 60 33 42 56 111 60 149 110 111 75 47 71 159 119 162 36 61 200 67 128 77 143 209 36 60 131 102 116 168 182 50 196 193 47 169 202 132 118 138 87 151 153 146 159 33 210 173 195 189 164 173 171 125 119 194 154 100 217 198 69 116 53 152 185 217 29 94 54 149 172 55 134 44 210 41 63 197 161 166 
70 112 176 122 155 85 190 203 75 71 68 95 144 110 59 47 111 81 53 131 173 138 109 143 168 149 167 168 161 211 44 50 192 42 68 214 193 187 134 68 160 29 72 215 42 125 42 130 49 30 150 160 68 213 110 32 215 42 115 190 95 216 211 109 195 151 212 33 171 181 73 205 100 116 130 82 29 217 206 169 126 94 204 82 39 203 115 98 162 184 192 96 173 29 172 191 139 170 90 65 173 186 175 174 134 65 65 129 106 179 201 128 137 159 55 124 88 72 78 105 143 214 67 144 89 30 87 167 133 158 40 28 172 209 176 155 79 46 189 34 47 184 57 102 124 144 203 
147 220 85 172 210 133 56 108 50 86 120 86 57 134 50 128 154 149 45 89 70 106 83 151 187 176 70 220 69 218 156 85 156 157 111 174 172 163 191 199 30 177 141 119 41 220 180 166 190 204 134 56 79 105 200 69 29 196 40 140 62 146 214 29 184 28 90 50 89 140 200 110 199 114 42 125 114 47 179 204 79 53 142 74 79 195 98 159 86 134 30 72 213 129 82 73 160 34 115 179 65 45 82 151 114 34 116 90 82 138 38 75 127 83 29 114 131 181 40 171 198 190 97 84 142 56 214 160 107 218 189 157 174 33 221 112 44 203 217 150 36 153 191 41 76 118 49 
172 146 60 178 183 72 108 46 46 114 220 88 152 108 167 99 190 89 35 81 93 118 39 86 117 148 85 167 132 171 69 210 64 162 169 82 142 54 199 191 28 151 54 164 207 145 155 87 88 38 121 165 116 177 144 204 129 132 91 38 48 114 81 110 176 186 31 146 90 37 139 191 114 32 154 198 171 82 105 181 217 57 98 140 90 98 42 218 194 63 114 157 209 107 155 187 132 76 73 176 206 151 133 35 201 163 59 152 46 35 29 124 37 137 181 184 213 100 58 72 100 39 189 113 141 215 138 69 145 202 139 69 185 210 160 45 178 104 67 194 87 55 118 219 147 80 91 
66 62 196 36 42 52 74 209 110 72 36 211 101 51 131 162 64 187 143 181 64 141 200 39 176 65 218 122 43 183 45 169 167 34 194 177 137 50 47 87 172 131 174 81 132 65 53 112 121 104 130 35 70 193 201 205 137 100 108 144 138 164 163 208 161 76 64 64 132 89 161 213 180 176 184 214 201 45 74 32 192 134 215 215 184 78 179 126 150 177 200 61 182 155 201 75 71 57 154 217 63 210 219 78 46 127 48 89 202 190 112 194 36 171 183 86 59 78 35 141 160 186 37 67 165 192 51 78 40 87 39 100 177 213 185 144 64 74 53 51 45 200 108 165 74 28 56 
