76 104
338 322 66 149 307 54 359 162 301 328 160 224 247 200 138 209 156 196 190 363 268 202 245 215 266 345 61 156 187 289 144 331 72 264 273 102 278 103 144 226 345 265 358 119 321 198 234 150 251 219 243 101 163 347 238 214 335 216 261 56 123 199 186 113 286 324 363 288 87 185 61 75 179 200 81 64 301 157 188 125 289 339 222 296 278 281 198 121 122 160 319 232 131 162 142 352 56 82 135 213 101 229 167 298 
168 356 331 192 106 77 255 87 82 133 139 50 300 294 294 54 255 339 287 334 289 154 261 236 212 214 79 116 284 66 193 47 244 284 300 219 208 177 182 232 251 245 288 277 239 115 276 248 290 330 325 193 274 357 195 65 68 141 115 187 193 282 230 94 139 46 67 361 353 158 255 150 116 235 162 124 247 191 117 142 135 136 197 232 312 361 137 119 48 292 267 337 116 89 359 223 342 81 220 199 61 260 253 260 
125 214 229 320 161 362 236 53 133 308 94 97 315 278 92 105 342 52 258 253 255 323 153 64 93 240 142 83 362 203 85 145 154 261 194 235 229 48 318 101 105 320 311 115 107 212 281 207 246 332 323 351 230 213 276 84 205 343 314 228 336 155 61 322 109 239 235 325 347 63 177 241 83 245 342 66 295 347 53 355 274 128 127 81 159 206 191 315 297 82 60 69 151 85 121 276 153 155 88 270 360 77 258 356 
267 125 197 92 251 78 123 140 99 138 256 312 75 280 274 361 230 253 214 275 257 272 287 288 109 300 145 253 170 196 176 216 53 142 217 338 319 108 98 264 240 246 88 131 245 83 252 250 177 338 79 96 65 115 214 207 235 292 224 229 88 287 319 298 109 355 354 210 339 168 356 222 288 212 99 82 210 248 301 128 59 245 253 105 352 180 362 270 181 211 59 55 251 208 104 276 68 150 115 77 111 303 218 354 
361 169 338 252 153 126 182 66 143 202 162 325 123 257 189 230 353 154 138 317 161 164 269 123 284 153 351 169 170 355 93 146 107 126 179 133 172 191 280 345 266 227 293 95 163 291 330 228 319 361 48 331 281 122 264 286 218 268 282 299 324 246 291 73 58 236 288 265 47 307 298 124 116 300 106 302 352 269 131 151 82 258 347 127 259 356 81 321 51 94 100 104 296 298 206 215 328 206 300 185 111 154 336 315 
86 137 260 330 167 350 347 275 84 246 247 342 244 73 299 82 208 332 245 169 132 272 359 172 319 119 47 248 62 253 217 212 277 147 194 241 132 169 182 122 155 87 159 95 263 207 73 219 150 50 215 355 109 191 266 69 241 342 152 214 62 71 72 221 94 293 282 281 48 132 281 280 106 113 142 103 62 352 194 169 270 109 340 333 100 332 71 189 104 336 159 253 274 112 76 230 281 276 135 327 357 354 196 89 
324 246 181 80 81 275 78 306 213 325 239 98 71 240 279 153 123 310 176 259 317 270 75 321 161 310 336 210 281 163 287 268 355 58 188 239 126 139 139 293 288 302 95 95 130 122 197 238 313 152 326 307 181 290 131 197 78 204 300 83 178 151 228 292 275 128 179 198 323 46 323 318 199 103 198 223 300 180 45 108 310 90 202 245 272 224 354 302 136 189 233 317 322 303 90 58 187 188 48 215 216 181 121 89 
85 130 74 333 59 322 207 85 136 173 47 283 266 296 291 333 49 235 308 242 171 275 219 130 80 199 302 361 169 257 146 337 60 149 274 226 72 359 296 148 301 327 123 173 307 350 80 283 70 184 127 277 147 212 79 131 206 140 228 161 50 157 98 264 182 208 267 209 196 219 321 253 244 212 69 118 168 307 170 248 145 203 301 150 124 106 136 301 64 311 315 48 139 163 359 98 76 53 264 128 285 281 106 54 
253 272 178 145 138 261 272 266 127 295 147 237 348 211 118 308 319 72 340 179 222 88 288 132 173 303 87 191 60 173 329 191 145 327 209 183 139 63 317 161 341 235 129 81 293 130 151 294 298 291 188 75 319 322 299 320 195 263 349 62 73 293 296 131 213 341 170 253 235 145 189 283 182 226 270 192 265 47 225 203 174 117 164 257 221 289 332 221 172 161 213 83 102 199 222 99 279 244 259 327 316 147 258 180 
265 344 341 248 59 223 89 170 149 170 95 239 184 309 52 101 291 279 96 50 244 219 260 158 199 106 196 330 45 253 300 337 81 119 76 111 78 131 263 273 84 256 90 179 145 145 303 344 180 48 289 351 106 250 338 296 297 336 353 51 46 212 310 117 72 107 148 56 87 54 210 55 327 235 96 134 48 134 143 72 83 88 56 138 164 318 321 211 345 209 201 98 129 225 95 139 105 317 181 309 86 122 73 45 
336 304 75 75 298 58 304 71 132 168 216 161 116 339 348 345 319 101 284 74 194 202 320 308 170 315 330 268 165 227 74 328 289 110 185 282 344 328 108 146 81 200 294 344 268 272 139 71 84 83 194 170 200 363 363 102 191 181 164 294 240 341 246 63 287 189 191 135 280 282 90 171 119 61 186 67 59 101 272 104 173 54 277 215 195 88 285 337 74 139 188 290 141 323 347 159 335 348 282 48 112 262 240 315 
325 231 174 256 294 161 269 359 278 282 296 356 143 254 274 165 300 286 321 291 340 305 214 85 134 274 166 260 166 175 81 126 166 110 99 104 153 278 101 322 210 277 173 323 97 312 281 220 282 227 93 335 123 217 360 247 243 164 64 185 189 60 220 316 277 284 222 123 360 306 281 131 129 148 110 82 169 201 68 104 190 311 233 359 198 248 337 249 190 221 123 145 196 165 122 68 274 84 237 189 327 182 173 131 
170 151 58 362 153 349 76 267 221 70 72 127 138 167 54 80 312 343 137 146 255 140 109 317 67 115 120 310 59 328 91 98 90 326 164 166 163 163 100 267 142 281 284 173 250 234 48 257 194 253 286 95 122 161 315 293 237 46 181 355 162 60 159 51 172 308 271 357 320 232 66 317 158 318 89 110 204 99 121 356 319 277 128 134 102 306 226 197 116 93 252 288 60 50 316 130 91 157 60 213 249 301 206 340 
93 336 195 110 131 357 116 160 279 209 142 126 186 273 96 119 198 174 355 202 135 360 168 80 46 76 221 183 214 340 247 362 68 50 172 239 169 181 96 156 245 164 325 293 46 248 312 214 231 206 212 193 46 227 323 353 267 55 238 173 167 343 279 122 234 183 210 254 138 275 113 121 185 363 143 225 141 178 293 160 130 213 109 81 234 281 332 191 54 227 107 183 202 299 149 329 219 237 54 267 319 58 353 357 
276 124 264 278 289 179 138 335 108 95 296 274 187 187 144 89 50 141 300 112 184 363 154 166 182 139 191 166 132 78 172 48 225 325 274 176 227 218 255 140 175 162 45 318 210 273 210 62 111 90 66 92 126 310 86 298 127 48 81 289 95 181 106 269 214 214 235 91 100 109 225 320 282 244 186 347 256 45 191 190 301 192 139 298 360 317 275 272 129 229 153 250 182 64 361 106 276 140 83 198 198 68 171 358 
357 84 202 130 52 172 341 303 162 119 118 306 355 89 224 338 200 363 306 289 101 53 138 130 333 147 92 76 318 161 343 315 128 117 88 114 194 265 355 207 223 98 221 336 182 50 67 355 241 185 46 244 61 324 315 112 104 196 140 304 295 71 116 358 218 246 315 252 325 197 196 185 353 50 80 329 324 333 154 211 272 122 349 311 96 124 302 119 206 209 124 95 72 114 233 312 183 199 94 257 233 236 231 356 
359 362 122 88 169 247 153 216 251 300 344 232 155 197 281 233 136 307 133 163 182 223 191 68 332 215 194 77 115 185 316 89 167 336 152 237 259 172 129 252 204 117 262 249 277 358 245 334 338 112 186 263 343 92 304 134 50 360 178 249 172 332 119 186 141 59 168 255 128 252 278 266 324 216 220 325 328 95 355 55 136 313 314 108 277 225 241 218 292 257 121 74 253 178 168 242 301 218 150 262 324 161 58 274 
58 244 302 287 174 108 316 226 300 233 337 174 169 105 120 94 356 129 344 224 67 349 164 233 111 100 305 329 119 203 248 127 334 225 58 145 237 312 234 62 72 259 231 216 67 164 49 329 70 257 227 46 284 189 295 297 148 325 95 162 68 69 196 294 104 196 62 179 302 64 164 122 280 194 255 351 161 46 178 335 157 335 70 344 123 343 115 137 110 288 309 286 89 172 304 123 126 289 217 212 66 304 332 304 
169 302 276 94 149 291 238 175 358 252 244 139 83 261 75 252 174 218 212 219 153 363 273 215 316 331 349 340 101 357 277 201 256 230 176 245 138 154 360 300 128 184 175 282 256 112 119 341 273 79 216 163 97 117 164 53 72 293 303 291 112 136 258 254 75 81 85 48 239 283 130 321 83 358 213 158 331 231 230 80 92 349 114 230 308 172 172 53 95 340 258 204 265 313 164 153 236 105 327 205 69 182 118 185 
143 99 226 290 86 257 153 168 210 233 122 346 269 111 70 151 248 145 178 349 325 131 286 102 192 249 281 93 117 252 120 224 203 203 186 339 86 227 226 96 49 137 205 68 286 54 262 348 283 352 135 363 146 331 315 334 291 54 305 318 183 281 151 339 329 333 314 95 166 348 135 151 196 294 292 235 257 291 147 306 67 102 265 153 47 176 164 191 311 125 272 215 175 192 219 359 334 169 294 78 347 266 109 185 
78 353 327 219 226 94 160 160 279 60 263 304 348 285 146 77 197 339 108 64 361 344 140 89 61 350 237 123 294 119 274 71 339 155 183 214 327 321 228 344 245 74 336 309 327 222 345 339 194 274 128 200 335 358 272 271 248 345 91 248 173 210 163 115 325 236 67 186 290 352 323 260 150 49 121 71 311 76 60 147 255 59 113 81 192 61 145 65 106 316 86 103 295 147 254 232 47 229 150 233 308 337 351 244 
105 173 86 263 275 246 82 161 130 246 268 265 261 283 150 347 59 68 293 157 104 163 202 86 184 190 263 226 118 46 226 204 72 192 80 285 232 76 290 145 240 113 86 255 286 283 167 92 334 101 157 54 287 345 197 186 347 318 200 128 237 323 206 61 221 222 105 304 163 162 143 344 343 56 213 194 282 131 69 221 228 242 188 219 295 167 333 98 352 231 322 212 51 53 327 354 200 118 308 173 49 276 50 338 
135 240 176 268 231 63 178 252 59 192 362 111 184 104 196 147 275 288 48 256 85 327 62 322 236 334 317 195 198 126 50 95 161 69 242 117 64 307 79 281 89 203 262 59 330 58 230 122 311 354 267 81 49 139 153 89 215 247 309 357 188 231 264 237 354 239 58 237 228 162 356 191 199 139 128 294 246 204 52 74 222 259 111 274 206 102 248 75 228 242 124 137 243 140 305 50 218 264 335 313 253 283 76 71 
334 360 301 323 136 285 229 157 208 117 93 293 274 45 252 358 129 298 341 65 89 161 236 110 241 80 201 162 274 359 264 168 64 108 95 331 67 265 179 94 90 326 103 222 343 333 253 305 157 236 141 303 46 270 110 194 73 228 221 186 197 196 339 68 209 136 204 227 250 136 322 84 305 151 138 289 136 265 328 131 351 195 226 326 216 119 340 286 209 113 52 248 163 230 81 150 166 202 62 330 173 200 288 75 
360 150 351 163 300 226 139 61 280 50 356 341 338 201 55 205 217 117 290 247 224 247 217 45 264 349 165 186 282 291 208 311 201 245 221 209 207 311 202 356 219 242 221 278 63 96 109 72 330 304 217 177 209 242 328 127 224 355 208 337 300 179 65 323 119 57 251 138 279 56 120 330 240 346 339 248 319 227 300 159 121 206 321 304 319 342 217 250 293 104 171 233 273 125 199 82 156 74 362 220 126 356 126 234 
178 273 60 313 90 284 238 259 291 137 234 66 207 61 137 334 110 350 101 142 248 203 216 299 114 255 220 212 315 217 262 157 342 77 77 81 311 212 160 282 99 106 156 321 171 273 327 138 298 359 328 198 329 141 82 122 319 64 237 285 145 143 241 165 114 97 320 297 290 357 347 243 162 217 161 234 243 103 117 124 182 264 63 341 160 211 160 308 210 203 202 333 329 118 139 71 179 315 96 154 151 363 112 189 
118 179 72 337 85 266 188 96 74 307 305 201 260 213 309 315 173 297 327 112 223 255 340 76 296 362 185 302 77 187 175 89 270 256 83 248 197 85 128 102 313 146 68 85 243 346 285 219 109 111 294 108 88 149 313 216 287 242 66 207 252 132 111 159 172 266 140 314 300 202 103 167 82 128 295 73 225 202 119 250 93 332 168 212 63 342 154 188 237 240 142 104 313 262 123 327 276 312 60 109 209 333 53 295 
133 72 120 58 234 318 98 247 263 161 211 265 61 359 93 73 258 291 282 233 361 314 225 215 141 320 228 293 252 130 175 329 205 344 199 255 213 125 54 77 202 215 151 292 174 351 346 110 348 292 103 95 92 280 104 64 46 325 176 253 160 194 69 174 152 233 105 51 249 269 216 173 106 68 281 179 53 182 128 284 78 283 146 292 252 95 267 88 106 272 89 146 358 338 248 127 356 266 209 344 62 111 220 254 
149 90 271 315 169 341 327 153 143 324 237 52 134 89 113 202 199 213 171 131 225 225 291 316 269 67 115 108 204 138 326 71 267 245 307 260 267 214 136 242 349 244 221 60 81 268 217 119 267 165 319 91 104 325 193 356 330 96 314 56 223 227 201 116 55 321 320 219 96 169 299 102 121 120 47 136 83 114 64 346 194 59 219 89 339 321 346 280 318 85 355 162 128 158 139 131 181 123 208 114 188 68 270 358 
49 83 228 142 171 288 349 269 69 159 121 231 141 203 227 331 358 192 210 265 162 55 334 68 157 238 343 54 208 212 223 233 344 266 109 353 341 202 128 210 241 326 291 306 179 81 118 324 56 221 278 207 252 355 157 70 70 258 107 328 196 252 106 343 327 233 234 305 271 130 271 329 257 296 142 146 309 56 78 262 323 119 65 47 240 69 63 312 308 151 222 219 54 98 124 100 125 136 157 316 143 52 272 266 
295 90 151 83 124 217 333 183 45 348 320 172 288 147 181 255 95 310 332 240 237 59 115 113 74 285 48 198 332 118 167 172 278 99 83 170 123 47 194 279 49 56 212 278 154 80 362 297 195 170 93 217 296 205 139 245 77 176 130 351 298 150 119 230 159 134 268 236 223 240 327 171 94 132 112 335 149 199 127 263 300 55 48 68 54 226 334 105 67 87 144 224 332 228 284 228 329 338 362 60 204 350 75 273 
288 294 321 352 355 333 177 137 310 198 205 302 344 70 64 186 236 80 258 122 272 53 132 253 338 222 89 243 218 45 276 340 306 174 232 255 183 336 205 195 65 252 131 336 319 137 48 323 205 45 244 123 46 93 80 138 174 127 93 150 102 349 165 284 173 145 266 187 360 231 164 236 251 203 325 350 270 73 268 324 260 293 301 310 96 298 304 282 174 271 220 106 245 47 294 224 259 319 80 67 74 265 189 354 
306 359 296 215 225 67 339 248 79 95 94 118 178 149 208 245 330 57 190 248 172 182 337 293 277 131 356 224 162 250 175 160 281 177 295 67 213 158 46 357 97 100 171 172 103 302 232 239 171 221 288 258 277 283 328 196 196 120 233 251 312 220 199 291 171 354 92 319 178 321 172 114 227 236 142 269 183 258 217 277 154 237 88 318 54 48 116 252 283 201 285 293 323 289 49 315 316 138 110 55 246 296 266 326 
360 356 356 301 234 54 85 70 221 131 84 153 133 301 263 248 335 292 322 75 261 50 241 222 167 246 330 138 188 307 134 360 149 316 135 341 217 308 262 259 251 124 61 80 191 262 330 318 305 327 222 196 337 275 186 352 69 82 111 249 187 113 313 339 360 255 359 272 45 298 151 104 102 261 279 136 190 137 186 116 139 156 146 107 358 307 204 245 82 242 241 287 111 188 234 262 332 102 291 301 143 250 298 151 
207 56 94 134 274 209 238 178 254 51 93 81 132 158 285 93 237 292 113 65 288 308 237 67 251 334 118 358 165 243 51 199 112 120 206 68 269 206 70 60 55 109 344 252 110 60 323 206 280 119 89 166 327 329 192 258 330 259 269 235 81 203 165 204 80 75 232 202 57 114 120 166 335 304 63 70 246 185 250 325 302 355 228 307 101 186 152 307 122 197 324 224 99 226 161 277 119 57 268 204 251 315 92 275 
96 342 343 122 182 322 169 346 283 88 288 159 322 75 248 123 77 200 197 341 160 347 46 328 93 253 140 244 100 88 280 57 50 305 149 81 288 255 276 231 322 59 361 301 196 359 107 91 126 288 48 55 69 184 102 284 334 359 205 176 133 153 48 204 71 61 57 261 260 253 67 99 315 332 236 306 299 203 121 346 86 126 230 154 180 340 189 278 213 84 322 303 156 127 359 149 152 349 109 59 298 205 266 189 
99 124 126 71 72 131 356 306 123 302 299 242 128 133 160 141 302 330 191 240 117 342 114 80 83 97 98 191 283 224 224 205 127 246 259 351 61 56 50 151 292 179 320 193 94 186 227 51 207 277 73 338 146 253 255 254 92 63 277 329 153 307 149 199 330 339 155 220 123 201 259 304 267 46 58 242 267 242 276 114 236 205 107 168 110 73 352 126 348 295 240 47 166 354 239 329 261 331 162 246 310 321 163 209 
249 153 161 80 198 357 231 272 92 325 128 71 55 144 246 263 127 292 94 287 354 345 96 143 88 290 150 46 77 107 301 103 328 81 105 128 221 296 98 125 320 68 306 163 83 288 353 166 152 208 281 347 345 58 91 252 239 161 92 144 121 202 293 202 213 100 253 157 355 220 243 298 131 70 330 103 299 229 88 217 256 343 301 168 138 360 354 108 160 262 158 150 186 227 70 152 140 215 290 174 301 55 295 209 
128 242 260 139 174 357 269 51 121 232 310 319 326 232 102 278 196 149 352 315 106 295 245 73 56 221 202 48 313 301 333 295 343 193 315 243 137 96 112 96 275 103 249 96 186 189 277 208 259 70 59 62 90 188 230 151 202 142 116 185 241 351 106 109 251 172 322 300 355 86 328 297 178 238 305 163 138 240 305 278 61 97 133 274 298 124 262 322 352 339 137 269 166 230 223 312 262 216 298 186 216 87 163 170 
184 246 131 129 194 281 292 299 211 319 79 330 130 48 104 90 257 218 159 204 351 218 199 180 175 94 282 329 213 120 362 115 221 161 267 243 103 341 155 236 198 190 286 290 122 197 291 252 336 248 355 357 68 127 214 281 316 181 95 329 291 197 113 190 329 249 78 70 204 155 211 264 139 46 149 75 88 303 211 217 256 225 242 126 277 257 312 344 84 179 175 111 359 355 281 200 263 103 83 172 251 269 180 163 
218 229 90 109 251 126 113 187 264 318 346 191 255 261 118 112 359 160 236 47 192 307 266 338 301 149 141 246 321 348 232 331 330 315 175 217 74 55 284 343 173 202 304 225 100 50 206 317 279 254 289 195 293 250 148 313 113 229 74 173 87 230 297 45 167 79 308 89 106 188 225 244 327 115 265 174 334 112 323 198 91 55 131 196 83 235 174 133 304 151 131 281 269 59 257 243 267 73 179 145 47 206 346 346 
47 70 308 254 333 288 347 161 305 261 301 240 214 160 139 280 282 323 306 266 48 100 75 158 63 180 220 296 273 138 90 340 142 97 153 46 77 270 146 358 92 256 81 241 203 322 232 78 160 113 241 182 63 57 75 227 98 245 65 140 171 90 217 357 171 47 51 219 277 235 267 231 286 346 360 66 210 92 49 321 170 89 53 178 48 175 248 311 270 79 268 360 263 340 204 45 220 59 164 349 191 302 63 297 
64 167 132 82 218 105 221 240 163 328 53 212 64 89 225 344 84 95 264 139 173 289 152 75 174 56 224 282 357 173 342 130 87 363 319 288 303 120 144 352 198 178 248 248 347 330 209 144 80 125 142 205 342 231 118 140 178 52 338 275 130 302 258 63 178 268 267 139 137 65 305 253 45 195 166 290 58 144 178 184 231 52 185 194 307 225 59 268 353 311 358 220 194 92 193 123 97 227 62 179 349 304 220 46 
176 118 255 293 309 133 50 100 266 274 283 242 250 176 240 197 298 280 192 49 280 246 110 228 224 53 125 83 262 57 177 185 99 149 163 218 177 289 244 269 304 286 344 65 124 162 192 87 105 329 45 194 123 186 106 361 324 110 168 352 283 309 134 94 116 188 51 243 193 46 212 140 260 328 291 163 343 249 352 219 337 244 85 135 97 227 353 114 285 231 96 158 57 245 320 130 147 48 237 233 257 106 353 135 
79 90 152 211 52 72 52 301 45 325 91 210 83 216 341 331 199 70 289 311 279 231 178 260 235 145 275 92 322 239 61 159 55 61 289 61 362 177 260 147 258 288 173 122 54 310 187 152 329 206 48 120 282 164 287 335 305 363 286 49 201 298 176 216 49 183 126 161 193 129 72 59 121 133 230 341 358 286 316 96 278 226 281 121 360 107 121 49 227 180 176 231 174 305 214 346 360 323 286 179 343 352 257 304 
314 322 176 67 157 179 63 73 262 228 142 304 81 66 63 344 253 226 97 133 344 129 230 280 360 354 313 286 338 252 211 221 308 58 171 223 213 245 203 329 171 227 343 153 293 353 167 180 309 140 165 336 125 272 180 278 353 251 85 146 256 183 329 261 150 53 249 143 243 130 191 129 281 251 247 289 75 266 157 226 336 250 155 59 88 74 328 208 176 47 274 205 357 208 265 76 236 343 55 69 109 109 57 313 
116 334 189 152 191 226 262 211 176 214 127 248 204 284 256 145 282 55 154 259 227 62 307 162 161 117 203 53 173 255 155 280 239 204 204 178 274 237 237 162 235 293 67 204 178 172 259 319 194 327 57 198 183 57 54 164 59 68 50 152 356 136 49 225 93 144 339 349 49 193 201 172 363 161 155 280 182 48 128 161 192 150 67 96 227 267 230 304 309 131 333 146 157 213 163 320 246 132 111 279 343 206 261 311 
66 99 320 142 247 210 332 354 126 142 320 205 184 64 149 183 274 202 298 226 281 340 325 76 287 60 328 312 70 328 161 169 156 350 47 275 320 258 146 285 103 337 152 182 203 321 338 106 212 324 219 215 57 273 349 297 153 104 129 197 293 53 217 128 58 76 201 338 171 50 248 134 119 326 190 186 203 199 142 355 218 235 330 298 54 254 97 220 360 316 126 271 162 231 116 231 92 358 300 136 212 73 174 325 
58 162 123 326 73 271 120 94 150 84 246 114 348 145 144 56 301 253 216 328 337 145 206 178 326 58 196 189 131 345 228 126 294 234 149 168 288 178 286 58 249 177 57 210 329 210 61 311 90 216 315 201 205 116 152 146 271 237 165 115 117 186 244 149 219 65 307 186 104 190 45 272 200 276 135 359 167 100 138 54 223 100 354 48 344 134 160 237 143 274 90 250 323 269 150 152 72 63 191 345 284 200 82 151 
251 157 55 57 177 148 68 155 94 226 139 244 287 220 245 263 96 62 281 116 127 304 130 152 170 231 189 208 267 356 152 262 94 289 361 168 128 343 83 225 348 328 270 302 120 156 323 53 263 327 103 235 239 207 234 183 351 356 247 334 327 71 193 332 353 328 288 231 342 171 175 312 63 108 89 146 341 209 72 139 77 343 305 301 183 342 271 344 72 141 327 49 278 292 222 246 318 122 95 58 96 330 110 70 
120 49 177 59 84 92 309 306 136 306 197 152 355 59 181 306 182 352 315 277 172 221 119 185 121 355 146 279 356 271 233 90 153 188 315 48 223 321 335 263 340 289 150 255 198 238 124 73 57 300 205 68 288 275 112 166 105 258 360 113 138 127 289 71 145 123 211 352 130 79 219 337 248 186 183 352 254 70 301 86 57 363 94 250 275 135 203 275 143 74 89 184 94 323 156 189 53 230 86 155 46 132 163 52 
173 89 201 227 201 136 357 76 287 191 150 328 242 149 154 344 261 149 240 73 115 143 253 47 328 301 265 238 127 317 359 100 139 144 254 345 181 282 64 158 299 179 271 307 72 104 176 274 251 338 285 130 274 85 259 185 294 148 275 149 125 57 81 137 200 141 140 125 107 292 196 108 257 226 285 232 201 189 65 350 199 49 208 250 326 268 73 341 88 220 66 255 111 306 279 210 66 154 81 164 356 211 239 175 
126 110 176 65 339 302 152 199 307 113 238 279 312 72 46 141 192 205 242 236 253 133 352 112 115 84 84 196 262 72 310 269 217 298 122 164 200 240 86 241 83 188 304 66 225 363 110 185 199 216 325 275 360 334 145 73 117 165 174 225 298 78 67 135 322 355 86 215 281 151 91 94 286 75 206 230 200 362 328 92 48 49 134 97 108 138 134 199 47 314 302 347 352 283 67 225 210 271 279 72 212 260 343 312 
107 270 134 65 287 316 114 99 168 244 181 108 360 131 288 76 229 149 116 62 317 269 89 330 140 179 201 284 265 323 195 242 135 96 330 233 221 193 203 189 97 119 266 167 211 197 154 224 326 66 185 100 316 198 82 307 257 177 270 112 360 90 351 161 206 207 57 73 287 219 129 273 130 144 205 176 210 214 143 311 172 197 100 323 250 133 91 349 188 99 336 326 47 63 195 278 328 124 140 64 136 102 339 150 
181 65 149 129 238 87 154 355 214 231 142 317 69 77 184 358 313 290 215 233 67 328 235 137 253 112 51 87 290 228 223 93 54 50 264 60 355 262 310 299 292 52 113 81 228 288 297 164 178 106 284 277 170 272 115 308 316 171 97 345 229 55 206 124 76 324 97 186 303 253 223 152 132 184 149 291 47 151 352 70 79 322 123 270 147 89 147 242 185 355 333 305 161 256 120 244 110 350 342 269 113 296 136 222 
269 212 261 212 267 84 174 181 346 310 91 330 72 142 95 324 252 46 140 74 262 130 243 60 313 139 258 341 84 65 332 103 117 180 209 247 305 359 359 296 237 138 207 173 202 58 124 278 193 94 331 351 108 280 208 113 231 220 164 296 249 134 130 237 129 100 124 112 269 226 266 195 86 66 276 193 120 78 69 164 85 308 91 191 199 203 327 286 348 268 79 71 99 56 163 264 273 179 296 115 182 206 149 358 
167 267 207 327 88 78 267 248 213 284 175 336 81 252 123 68 358 49 123 333 223 155 278 209 280 356 303 106 70 207 358 61 94 207 247 236 245 230 177 227 110 218 118 153 350 262 169 112 253 128 257 335 258 144 96 165 89 79 325 349 52 359 134 240 58 78 106 132 274 108 204 182 207 134 249 201 60 289 341 271 52 201 316 188 250 316 133 205 341 174 150 50 211 271 125 213 314 90 203 218 89 133 211 352 
186 337 133 122 361 95 56 236 123 301 240 149 212 314 131 323 75 249 361 332 264 92 293 272 104 188 51 291 157 220 87 85 253 51 363 58 315 253 178 313 174 285 356 285 338 359 88 178 311 282 317 357 300 140 133 100 202 141 280 280 222 168 223 212 147 152 216 194 172 277 246 147 258 294 86 206 99 255 328 129 182 216 315 108 93 212 135 121 174 54 256 206 348 142 132 304 82 291 264 80 97 351 111 357 
143 345 110 203 154 332 244 196 305 103 155 335 147 148 144 330 161 264 180 271 284 191 236 142 261 315 278 352 118 186 70 84 117 279 200 339 210 92 139 326 280 83 254 107 65 313 275 63 286 116 320 171 243 356 170 207 90 125 311 234 316 215 95 222 183 132 287 134 205 344 128 354 323 136 265 309 89 337 176 87 198 107 359 331 209 349 70 274 185 225 257 231 138 310 196 136 229 84 320 283 222 151 85 129 
180 244 90 144 235 105 312 226 166 150 137 314 311 91 240 232 328 127 111 198 311 283 286 73 262 99 120 297 206 163 248 258 303 265 140 223 256 223 133 158 166 213 58 130 362 181 69 306 97 213 206 223 108 115 181 81 230 57 303 100 158 239 344 319 214 112 348 62 314 279 225 161 63 137 84 292 179 149 352 62 235 66 341 348 175 97 233 135 286 174 316 297 258 359 93 93 103 209 291 315 257 257 210 134 
71 140 281 217 270 65 282 230 150 87 153 335 109 318 287 187 242 168 348 253 193 223 160 250 278 310 251 84 304 314 158 170 112 82 234 233 139 257 225 48 182 198 110 360 64 272 180 255 81 134 285 211 114 290 120 246 298 81 158 157 221 46 221 304 86 200 182 122 299 266 184 61 294 90 61 319 105 67 339 196 221 129 169 309 350 139 350 66 68 163 325 229 234 264 181 355 153 196 327 114 314 259 328 104 
334 113 97 293 301 263 82 163 331 86 239 142 333 68 226 260 250 150 75 127 166 267 362 349 129 93 303 126 294 115 144 164 183 118 276 132 176 169 189 234 288 84 286 356 308 313 159 79 349 154 252 316 249 158 120 62 90 342 256 203 127 341 151 119 246 155 315 140 175 45 328 199 226 305 313 219 261 325 283 205 75 159 351 347 222 299 129 151 230 310 259 166 72 108 275 93 87 94 213 74 198 90 123 361 
168 207 145 193 267 92 84 343 266 66 149 273 146 227 184 118 83 235 260 105 162 348 253 97 171 234 218 280 238 350 233 184 77 311 82 227 228 358 46 122 321 198 309 98 86 93 355 346 219 231 134 294 256 74 220 301 299 146 130 331 111 228 172 66 213 324 213 138 225 352 326 160 356 65 285 237 160 91 60 100 89 147 231 90 162 327 353 299 303 57 139 70 97 109 45 192 225 148 231 153 217 252 254 220 
146 328 311 279 120 213 216 358 128 257 318 129 204 277 91 76 220 195 168 247 339 139 213 137 290 58 256 310 292 350 337 275 133 110 140 227 320 213 275 198 304 110 88 132 160 260 53 90 258 170 118 115 76 228 265 131 293 294 193 331 327 116 345 223 99 91 90 350 339 241 227 95 332 89 259 181 131 51 347 139 143 140 265 328 94 222 276 292 238 193 333 69 148 323 178 80 313 190 123 148 219 300 285 307 
276 309 184 361 220 285 116 316 317 281 311 271 330 278 185 255 69 245 66 109 45 89 277 109 66 329 182 255 236 243 292 167 227 126 296 160 264 208 53 326 246 134 155 325 120 262 329 272 205 264 211 260 312 256 257 89 182 355 351 72 118 89 351 297 254 315 209 203 55 244 59 255 239 300 349 328 314 350 218 204 276 300 100 141 198 281 268 239 187 350 144 229 146 119 198 253 137 248 246 345 216 259 218 80 
136 161 185 335 127 338 311 204 350 186 267 334 143 157 137 153 274 271 48 83 108 104 107 154 143 223 285 158 277 236 235 255 74 250 157 229 325 332 63 90 65 362 75 95 272 139 278 273 347 130 105 307 112 255 167 326 146 269 219 355 87 60 316 109 219 57 318 110 131 325 191 149 132 131 267 229 73 151 227 239 285 220 56 341 359 311 134 295 102 154 101 149 51 282 338 320 218 362 325 173 226 264 132 192 
246 271 151 304 136 146 291 165 138 164 347 176 148 232 217 294 261 157 352 154 308 310 78 262 242 267 262 156 71 214 318 233 79 246 271 124 98 245 269 285 342 277 290 254 236 98 206 69 265 293 99 126 308 163 85 250 84 341 228 245 174 176 355 125 60 302 285 119 234 155 180 211 314 199 222 100 158 296 341 218 104 133 346 86 199 314 167 290 153 165 159 224 142 287 249 197 149 153 363 225 100 335 263 170 
228 84 266 340 88 337 213 214 154 121 199 243 126 218 266 49 158 98 277 94 172 248 47 117 51 294 141 190 117 190 338 47 147 232 152 314 296 79 96 326 233 166 196 345 241 46 83 360 246 286 178 92 106 215 335 168 142 228 53 354 306 110 269 63 72 356 125 324 236 328 161 75 134 143 115 361 202 316 139 297 311 294 256 353 287 138 323 242 186 61 315 188 228 158 228 149 71 187 356 304 145 235 164 272 
180 71 65 317 166 86 80 224 240 57 141 150 246 281 312 296 244 183 294 78 49 333 288 339 293 326 164 139 212 304 169 162 312 161 263 316 254 212 87 218 163 203 346 213 64 347 181 89 229 81 240 127 347 168 245 60 316 293 159 306 271 165 192 52 271 362 355 286 134 176 156 280 200 101 305 266 234 68 262 121 348 75 278 125 106 143 292 120 64 70 243 327 339 113 242 51 325 357 358 57 342 359 324 72 
222 168 243 217 207 124 327 231 290 310 192 312 140 129 258 169 130 153 100 264 255 116 225 189 131 166 130 188 284 262 69 138 215 341 174 332 125 88 330 59 89 166 318 293 128 304 50 101 354 276 71 182 95 78 270 250 103 216 90 57 94 194 45 183 106 329 127 104 171 199 77 308 220 357 244 121 253 151 344 339 291 86 282 186 255 128 228 221 225 228 75 217 51 314 223 247 119 267 147 74 316 190 50 200 
317 282 245 263 343 186 263 362 335 63 147 156 264 49 258 336 100 62 219 356 207 223 244 349 97 252 153 277 253 230 316 343 130 266 351 179 264 230 285 89 46 245 145 104 259 216 334 259 266 363 300 167 210 189 58 166 92 119 224 112 47 160 115 323 169 276 55 151 82 92 291 321 197 172 359 271 236 256 327 180 245 283 345 290 169 60 295 257 271 76 221 297 175 79 272 66 103 107 90 181 271 70 154 241 
263 310 342 166 337 103 331 73 83 308 74 322 198 353 210 345 196 115 254 225 124 78 147 198 266 65 302 47 123 171 107 58 298 129 70 343 245 91 251 174 175 248 272 219 270 70 145 167 361 56 307 338 57 273 191 49 335 103 233 116 259 303 143 135 101 114 314 264 248 263 212 94 256 287 55 121 239 115 204 75 152 89 60 164 105 136 114 152 154 139 257 68 347 86 207 265 102 214 124 301 319 334 151 240 
318 166 328 208 138 148 213 259 123 280 310 49 258 265 257 201 184 234 126 86 236 315 326 221 338 65 163 139 60 188 313 180 153 88 149 113 320 83 359 72 164 255 130 115 157 327 274 134 45 325 67 214 202 79 157 158 145 185 64 52 142 286 349 134 309 132 226 294 329 200 359 157 337 277 207 63 259 121 220 277 255 84 273 220 99 191 166 70 310 138 199 319 313 123 218 212 266 112 148 58 259 113 201 177 
182 308 286 149 69 204 47 295 352 246 225 52 120 130 363 338 263 321 324 164 292 90 99 273 80 356 66 314 294 210 184 183 263 45 128 350 102 164 213 96 223 272 288 72 177 181 58 274 247 280 296 316 295 109 123 101 105 59 327 326 217 355 277 291 357 285 147 45 98 166 242 120 190 48 294 132 97 72 249 250 212 201 129 134 134 183 273 95 83 207 109 358 360 226 224 137 130 336 226 125 83 139 303 320 
286 64 268 180 311 283 101 350 176 146 352 163 315 162 162 226 108 331 338 216 244 345 204 202 232 198 174 103 351 89 275 311 203 223 217 341 156 294 363 267 235 283 144 212 247 299 123 248 249 71 134 120 296 90 81 254 246 244 224 225 65 51 127 270 209 166 286 237 335 199 231 75 326 144 154 184 122 233 211 266 105 78 227 329 272 143 120 359 101 85 217 279 127 51 319 264 142 48 283 360 153 81 219 240 
231 325 231 74 225 147 63 80 302 98 176 99 339 309 253 332 253 203 277 96 256 196 73 288 189 306 297 144 232 333 51 244 263 108 98 325 256 249 173 105 128 250 105 284 260 243 138 232 319 48 187 325 172 158 199 222 334 244 347 75 200 192 134 135 212 108 275 199 186 189 211 187 174 124 242 361 348 177 201 147 87 122 334 115 290 204 271 104 220 321 56 182 101 159 134 170 217 356 289 184 183 108 66 148 
