233 83
311 43 56 309 123 182 303 77 190 209 154 92 262 101 85 162 87 290 40 48 103 206 277 239 288 63 139 304 316 78 111 114 305 41 273 257 123 48 128 44 151 122 240 309 62 95 267 80 276 118 205 79 86 228 249 217 249 90 162 61 254 256 281 52 248 139 98 270 110 55 271 242 161 226 197 175 223 187 130 310 50 277 266 
115 73 155 274 269 256 131 264 179 81 239 285 105 267 283 136 84 141 166 294 203 303 187 165 111 234 204 201 220 47 284 279 87 243 183 79 100 55 187 266 81 168 291 210 263 84 245 48 233 293 97 216 55 292 184 205 313 258 254 255 175 290 172 67 141 167 231 44 261 201 117 314 209 98 117 142 122 300 316 124 317 135 279 
150 214 252 133 299 226 202 230 130 117 188 237 266 73 249 157 43 196 106 142 225 129 158 198 287 249 125 241 203 81 218 120 81 269 249 183 68 96 205 210 121 151 267 201 163 199 73 159 202 42 213 62 138 52 251 88 291 287 258 279 263 103 155 300 146 248 46 65 199 252 244 57 62 237 133 177 52 55 266 159 205 279 158 
68 297 243 178 81 230 263 75 115 133 301 317 43 294 191 58 305 183 90 67 223 118 94 201 107 206 129 208 46 296 225 303 210 122 278 318 230 303 242 69 228 66 59 79 124 97 272 244 294 240 237 126 233 269 133 51 199 229 129 163 119 59 73 46 214 256 286 263 244 271 49 90 150 291 92 289 112 87 142 99 247 133 165 
239 77 60 246 140 240 234 282 108 205 259 205 127 72 268 140 184 115 76 294 144 176 89 264 113 224 204 302 55 211 259 211 122 210 51 148 215 225 252 189 101 295 197 246 112 288 82 171 119 204 283 262 305 181 243 221 286 247 290 267 240 63 192 298 290 314 60 182 274 190 206 249 191 311 73 318 255 141 252 238 309 194 269 
209 161 181 280 250 229 214 281 152 318 251 197 253 125 256 207 113 136 100 151 206 72 60 143 90 317 105 262 164 56 264 64 118 164 117 290 291 163 289 137 203 55 315 247 111 241 63 180 145 92 212 159 199 145 243 73 109 65 208 229 230 173 192 125 139 250 225 229 248 230 164 95 272 119 86 44 54 160 101 95 91 185 151 
220 46 270 230 210 91 293 212 63 304 311 96 44 273 205 166 278 233 195 253 206 220 96 65 266 138 162 271 159 299 93 145 149 309 235 262 88 195 125 238 278 282 266 283 148 284 189 271 136 166 119 219 298 71 293 178 146 127 118 169 205 193 307 222 86 112 252 54 202 281 151 269 221 50 262 283 301 192 56 114 103 207 84 
289 290 108 185 309 262 279 226 193 310 296 296 243 243 189 150 94 205 122 247 117 276 205 290 190 266 84 135 148 304 140 99 195 254 248 53 47 244 69 275 189 300 204 188 206 166 269 58 68 152 308 83 139 187 122 115 62 304 280 73 197 168 143 289 288 103 263 96 235 76 203 255 92 92 177 83 221 92 142 308 126 249 72 
135 242 178 166 205 242 299 173 298 68 94 202 146 239 181 213 81 278 95 206 273 276 188 234 304 103 243 85 235 203 267 176 47 195 140 260 86 297 255 282 190 142 91 78 49 215 271 196 306 125 155 244 113 59 250 278 309 180 137 212 89 112 126 151 184 251 138 102 145 134 174 144 96 42 89 54 214 139 279 136 176 267 279 
291 233 189 63 67 214 83 299 289 266 160 303 246 233 147 59 220 132 253 180 296 207 215 122 220 101 270 106 304 184 189 187 99 53 79 244 205 232 267 213 142 96 130 124 135 225 106 237 54 196 223 116 43 45 130 84 162 152 69 84 111 57 42 177 93 75 168 139 93 116 147 118 113 141 148 61 242 196 212 122 272 285 206 
282 95 153 173 156 297 272 141 110 251 81 121 60 72 222 244 109 199 150 149 50 103 236 243 148 285 221 254 73 83 60 49 206 302 151 312 228 229 291 222 201 153 53 114 310 46 75 127 176 97 283 63 242 317 178 175 135 120 127 255 59 49 97 134 309 180 164 97 41 114 184 303 122 279 301 254 173 140 159 259 138 271 157 
253 165 116 122 222 177 195 184 254 281 106 255 95 266 158 315 120 315 162 229 61 40 231 288 78 214 228 279 151 137 189 197 78 47 283 90 143 48 288 138 91 175 250 314 159 59 171 116 178 75 266 192 167 242 207 261 315 108 50 165 61 243 228 242 247 162 225 125 283 146 154 50 302 211 185 78 56 68 292 138 247 217 222 
296 240 51 234 282 40 161 83 125 278 187 278 258 241 202 61 40 60 239 145 265 139 196 231 208 260 116 41 242 220 259 248 71 55 183 124 109 77 138 210 57 68 285 80 250 307 155 301 104 72 160 314 234 81 191 82 298 289 145 96 107 195 130 314 216 317 203 103 158 154 215 246 216 220 136 225 103 117 84 150 173 262 231 
98 217 312 150 105 245 308 250 246 195 285 209 69 52 89 140 127 103 75 152 89 137 218 49 69 46 196 278 136 153 53 152 251 142 317 252 166 242 209 117 98 229 252 235 116 194 265 264 161 120 93 242 285 270 138 301 219 284 186 235 165 95 44 58 228 310 97 168 217 102 99 84 200 181 304 302 121 161 311 289 179 235 110 
241 222 69 91 80 49 128 120 86 130 132 309 229 147 315 165 70 171 91 146 237 121 277 46 296 272 234 227 48 68 292 41 310 308 54 120 89 90 286 140 159 78 231 299 235 135 98 88 305 278 91 244 98 52 131 186 307 130 99 132 113 225 79 160 44 74 307 182 318 263 110 122 299 199 287 186 44 232 284 71 204 63 162 
225 153 290 134 146 214 180 107 273 159 274 193 199 129 285 276 233 223 307 226 303 117 185 61 199 55 180 50 178 106 198 73 232 42 54 124 169 71 153 295 153 193 101 216 277 182 57 113 197 191 317 212 99 165 90 46 199 261 160 62 151 50 258 79 219 244 247 132 205 311 303 95 143 163 313 228 67 46 296 144 157 231 173 
302 243 47 180 105 78 63 87 279 152 60 247 205 117 270 258 66 161 172 225 172 91 40 157 160 188 168 41 315 103 42 142 299 122 280 124 214 70 130 160 295 169 168 163 160 254 158 296 153 207 208 66 279 60 200 230 165 127 78 216 60 57 309 278 229 161 58 81 152 69 263 62 264 306 144 58 318 252 223 50 63 93 53 
151 160 116 206 230 90 69 93 158 49 134 291 183 215 214 170 172 247 219 162 289 284 88 263 224 182 102 121 206 250 85 103 212 74 293 270 243 158 281 140 124 221 47 111 206 47 150 84 139 165 228 179 263 271 147 134 176 167 106 285 317 146 307 139 64 239 69 76 111 259 52 126 306 48 131 291 247 228 197 151 275 208 88 
135 249 241 104 306 253 154 42 59 253 149 129 146 167 118 256 110 90 255 204 96 145 193 40 235 269 310 134 111 247 211 131 125 214 57 250 133 111 169 310 177 170 295 49 151 201 155 273 203 69 106 218 231 156 102 50 182 65 154 189 308 180 267 192 59 192 55 305 282 108 287 251 226 233 61 119 132 115 260 65 123 170 303 
50 293 231 49 248 212 175 222 236 45 68 127 140 181 197 293 123 72 255 203 53 253 215 109 67 264 165 139 291 252 300 318 264 299 194 108 137 153 157 291 165 246 208 81 158 117 127 64 202 318 62 312 297 117 299 114 317 210 318 302 250 74 68 253 48 315 232 191 178 235 264 56 224 178 54 231 82 229 293 54 186 53 241 
100 275 108 274 127 164 294 165 218 293 216 113 54 244 171 89 288 250 96 101 300 273 203 230 225 220 291 207 155 291 87 99 160 231 110 92 268 252 49 249 91 245 184 185 201 104 77 98 259 197 238 91 134 223 139 176 235 42 226 227 135 254 285 213 47 290 251 243 225 96 167 209 244 274 166 104 126 133 138 300 260 300 44 
137 228 306 62 162 78 102 80 162 264 81 180 185 273 54 257 168 220 185 203 46 238 146 94 102 224 140 280 236 220 217 261 276 294 278 65 50 304 276 50 81 43 191 188 81 280 173 124 96 261 254 133 254 217 124 122 142 279 167 43 245 245 173 265 150 266 286 62 280 89 68 302 271 247 96 242 207 275 219 129 169 53 50 
188 297 217 223 178 68 44 214 309 165 151 46 268 93 51 82 296 50 303 159 64 291 171 61 68 240 302 103 235 259 235 116 87 155 268 243 281 141 56 168 53 103 266 58 293 199 183 313 87 222 195 149 53 263 196 97 304 101 51 173 307 247 177 138 307 302 48 141 201 98 266 124 277 40 46 308 144 289 207 115 104 195 272 
102 301 72 274 285 85 198 69 155 179 303 283 42 127 304 119 118 232 93 318 190 259 255 141 121 116 196 44 102 221 137 257 271 277 166 120 202 167 188 90 242 238 199 243 74 200 92 44 72 259 160 53 304 282 64 77 252 256 166 273 66 262 178 46 286 131 294 313 120 111 221 173 228 311 124 281 98 51 119 304 272 43 192 
176 237 146 44 295 273 47 201 300 312 97 98 242 216 193 240 109 298 265 126 122 247 98 147 131 148 297 209 255 211 147 271 165 301 159 239 115 195 86 316 216 138 72 170 99 191 300 48 227 113 308 223 193 244 102 225 212 213 81 273 294 222 142 306 86 237 239 128 298 246 256 253 55 99 50 224 290 219 64 233 147 225 273 
81 79 141 266 166 174 141 265 279 126 298 210 119 45 144 255 238 80 252 155 42 106 300 123 269 267 246 54 49 101 77 267 192 135 103 156 99 229 295 266 185 191 60 40 70 274 291 147 160 141 103 95 283 40 275 147 154 61 282 99 279 43 148 193 297 250 301 112 130 100 62 102 285 142 277 89 278 144 190 308 312 65 308 
71 216 62 195 149 215 311 211 234 224 277 156 276 194 263 158 97 125 317 179 300 122 179 107 163 159 82 49 115 210 201 138 109 178 41 122 164 316 281 110 280 281 242 214 259 200 161 94 168 84 240 251 314 134 150 292 156 283 212 187 108 290 174 198 75 265 127 73 212 256 95 267 239 298 158 136 235 190 204 311 126 45 70 
149 231 63 51 82 303 238 167 73 187 208 220 287 238 303 230 174 292 225 51 139 108 190 247 156 67 64 199 206 53 180 73 286 58 86 78 160 181 180 143 243 48 296 220 239 179 252 139 133 295 288 64 266 104 228 212 311 123 119 70 202 272 266 183 192 310 91 144 153 48 271 122 262 174 103 172 257 189 235 144 299 183 125 
70 200 246 64 69 218 131 305 197 253 300 214 56 224 121 174 208 154 130 310 217 79 224 131 277 268 94 288 46 193 305 281 54 266 188 295 149 190 147 97 172 165 52 252 254 315 153 242 128 288 151 76 48 63 244 227 201 262 305 244 52 289 308 117 303 295 70 161 76 190 174 176 291 237 278 184 71 232 94 255 185 214 51 
317 76 232 194 199 188 168 237 283 217 50 255 225 133 274 94 304 129 68 133 190 62 120 177 257 264 100 291 167 309 279 76 299 121 213 238 250 253 318 294 312 77 42 193 167 55 129 242 105 126 161 148 277 132 208 213 291 171 60 175 236 293 83 316 137 281 146 178 50 153 179 166 222 288 230 177 120 139 67 58 102 139 289 
136 231 53 247 165 148 90 236 213 153 108 220 172 202 290 157 170 224 224 207 96 246 208 313 279 223 100 263 293 127 309 47 211 112 136 294 310 253 236 152 110 69 303 107 134 66 40 80 166 88 293 214 46 168 255 224 85 265 110 212 83 205 218 313 132 163 128 63 295 207 116 152 173 282 236 308 154 304 174 105 315 128 210 
194 255 85 136 162 247 279 50 124 49 311 77 92 162 280 107 265 140 300 44 288 252 124 93 181 157 227 191 159 100 112 124 80 245 107 313 309 318 197 162 51 128 57 72 79 178 224 43 276 267 302 124 163 217 159 238 231 91 272 278 155 253 265 80 243 123 42 284 93 106 99 121 147 252 302 204 57 157 313 55 94 131 274 
156 47 317 200 119 219 307 202 100 239 250 248 173 124 119 199 302 224 148 89 209 277 72 146 297 133 126 47 187 307 51 129 191 72 164 272 295 313 285 222 193 112 104 54 210 62 150 279 188 100 248 111 49 287 73 186 269 60 151 224 192 140 160 98 224 199 253 79 133 242 244 239 45 167 124 45 79 152 160 178 265 248 224 
317 243 263 151 223 168 290 281 209 312 151 310 142 222 68 64 222 232 270 92 70 50 229 316 233 217 270 90 48 145 159 123 109 51 297 255 191 234 267 299 258 247 95 98 77 253 168 211 301 311 192 168 227 75 202 145 313 120 202 129 80 194 147 221 216 148 140 120 63 279 259 92 187 126 192 82 161 46 109 167 95 202 117 
94 239 151 157 295 191 46 45 211 196 96 109 125 212 142 287 220 97 84 239 122 148 153 290 228 257 172 167 262 213 98 214 48 107 313 219 226 167 215 111 269 170 287 47 75 161 194 120 312 255 214 135 144 251 219 301 125 83 125 77 90 51 183 129 206 88 289 151 211 136 121 159 47 250 214 204 260 213 261 259 305 287 61 
295 209 263 42 293 167 233 112 208 279 80 132 127 181 48 280 46 108 291 208 40 185 230 105 274 203 46 170 181 77 170 260 59 164 313 143 148 63 162 287 236 111 145 48 72 296 167 85 137 309 170 136 195 144 97 285 313 211 261 172 43 88 231 302 274 207 58 281 155 46 203 311 70 55 209 109 45 131 172 254 240 136 234 
297 106 246 94 246 238 108 121 164 129 209 91 279 97 178 81 85 164 222 140 129 315 98 289 209 191 156 110 197 247 72 40 112 60 131 227 77 229 293 121 63 229 309 218 185 64 270 211 41 155 166 167 312 293 145 181 262 96 223 188 284 69 300 248 170 222 88 103 148 142 179 252 242 69 281 251 182 264 193 181 127 172 227 
116 317 301 176 104 107 126 210 190 91 254 305 280 273 77 151 121 214 253 313 65 104 215 266 120 279 214 229 147 217 191 98 75 73 283 92 180 286 117 272 217 214 248 109 131 58 318 201 215 285 109 197 284 89 210 123 69 53 223 236 43 205 198 278 141 71 198 115 59 124 248 251 71 147 289 184 107 80 277 268 270 311 52 
277 43 106 311 142 198 115 55 86 139 287 111 299 173 159 270 171 314 108 49 171 275 123 43 112 317 80 184 69 87 218 311 175 236 52 281 175 212 237 115 159 262 275 162 249 315 309 274 167 209 316 73 147 120 110 278 108 152 66 272 188 281 308 207 176 172 57 193 73 230 263 108 197 171 156 242 59 288 189 219 301 210 163 
68 42 176 260 43 125 48 129 184 212 111 144 190 300 205 245 184 240 127 288 284 296 270 92 120 91 255 250 130 226 157 75 124 245 156 82 199 91 220 98 123 131 86 223 232 142 93 77 172 241 40 225 290 316 209 111 309 269 109 200 111 103 131 223 87 56 90 298 45 263 285 76 231 237 195 305 195 276 237 151 81 196 143 
242 190 67 285 44 269 237 60 127 282 139 267 266 293 136 297 211 258 129 103 118 248 237 282 276 149 290 107 278 50 223 216 168 284 242 140 114 207 192 144 245 160 55 261 291 280 182 265 209 78 189 146 120 133 108 200 91 48 318 276 164 279 156 170 212 175 211 269 318 233 50 311 125 83 205 141 280 297 293 53 194 153 81 
136 303 306 262 245 82 183 68 105 222 166 77 54 151 133 256 54 143 217 157 238 177 222 306 304 139 282 313 283 69 249 173 315 104 234 114 161 150 200 256 216 74 102 249 259 264 134 176 288 187 86 116 172 196 48 272 268 173 178 180 224 56 89 67 142 192 156 68 262 139 203 150 111 49 167 64 294 216 233 63 118 286 235 
141 61 78 231 92 41 204 268 292 113 128 277 281 310 74 64 93 63 147 215 306 151 120 164 182 290 202 254 113 50 117 131 107 196 246 183 234 249 174 184 147 71 175 73 131 173 85 139 307 297 61 310 139 41 255 239 241 205 267 68 193 115 118 110 195 294 232 294 275 110 257 305 136 202 184 270 253 288 180 218 85 94 174 
142 46 131 218 166 210 188 91 274 184 306 65 40 148 231 101 71 217 170 311 79 61 116 144 128 84 179 52 144 99 81 318 218 246 296 172 59 310 246 193 158 71 240 284 199 294 175 292 95 63 41 148 259 247 87 84 256 127 172 313 100 304 240 301 258 68 97 204 192 41 113 45 260 288 82 63 242 64 175 72 277 116 162 
283 264 242 148 63 134 94 213 142 80 220 132 275 306 102 264 143 62 50 245 82 267 103 304 233 42 58 260 107 50 192 67 109 228 114 216 183 188 202 242 66 55 231 286 89 177 231 97 271 221 112 145 252 103 251 98 96 157 133 250 265 75 183 59 88 223 183 313 111 270 281 252 299 85 253 308 276 289 73 66 57 232 280 
134 196 233 244 291 303 247 172 67 166 188 177 248 270 201 234 249 173 219 110 172 43 294 233 63 168 303 190 73 257 309 72 289 240 272 127 94 73 187 306 230 306 58 311 273 138 204 50 94 234 261 101 168 265 250 109 291 60 143 41 205 131 293 219 266 221 223 244 196 98 134 132 151 195 270 140 135 248 277 249 78 131 176 
152 89 86 172 225 317 68 123 56 74 75 185 235 191 227 227 49 260 227 155 179 88 149 184 70 50 182 125 299 318 52 285 233 91 139 281 82 216 126 140 246 91 226 76 283 171 293 229 184 156 234 281 163 154 277 201 181 191 75 42 254 103 183 213 238 70 269 208 295 197 141 42 43 41 245 185 123 165 173 311 70 152 189 
241 231 251 102 55 192 109 169 107 162 94 70 68 132 200 65 270 207 199 243 101 290 74 185 295 222 203 222 137 66 136 314 257 65 229 110 272 173 120 236 277 168 311 251 282 234 116 282 162 176 46 102 107 135 147 277 316 51 137 112 137 295 115 194 211 211 133 301 217 89 101 126 41 316 221 187 97 72 318 298 201 222 251 
43 299 135 304 118 222 198 140 145 193 121 149 272 141 94 296 211 262 314 262 270 289 212 266 181 134 208 306 72 148 263 252 116 161 115 239 288 48 101 112 313 174 95 263 302 275 70 66 189 271 91 187 311 47 300 211 197 193 193 67 144 290 189 304 131 277 67 139 271 168 88 87 151 185 103 286 241 186 118 228 277 153 194 
290 288 300 152 264 50 278 303 81 292 204 164 169 54 253 244 306 316 253 305 169 253 315 132 105 192 197 212 148 307 176 294 173 40 169 234 208 152 284 55 106 135 118 97 118 169 57 201 134 102 214 180 256 99 204 215 280 154 287 295 71 112 188 42 266 264 51 112 271 109 60 308 79 178 292 119 184 82 73 306 69 73 123 
314 314 200 190 181 187 175 313 183 248 280 119 65 219 128 249 216 254 278 96 261 56 264 181 134 310 301 268 139 81 106 266 254 164 77 290 209 250 172 167 245 257 127 193 132 172 122 293 261 151 309 87 211 300 132 295 295 111 69 255 160 230 156 98 161 69 188 222 248 142 236 264 136 88 61 185 57 102 44 53 85 216 42 
241 65 48 99 59 192 80 217 221 247 100 297 125 289 301 97 282 165 56 229 310 66 301 124 104 133 194 146 239 137 305 188 290 81 140 72 202 96 312 58 58 144 202 124 80 207 151 53 101 208 114 284 228 272 96 238 129 42 135 297 105 220 286 255 261 191 233 191 247 305 75 60 296 128 264 212 257 191 61 95 67 238 219 
179 254 245 203 236 210 195 159 261 206 64 314 256 315 61 127 276 179 245 166 166 85 244 284 43 203 207 206 109 92 190 264 119 281 187 245 235 63 116 125 229 45 179 304 77 113 49 182 232 172 56 151 204 82 301 163 267 182 94 212 207 197 228 196 233 80 45 163 266 292 238 129 316 243 291 302 81 191 94 62 231 184 273 
189 312 58 87 167 157 117 90 115 66 262 126 177 238 169 264 308 208 148 203 203 225 244 188 213 42 52 239 201 91 205 67 143 110 83 243 119 123 88 182 272 118 279 166 76 276 318 74 52 192 206 286 211 113 265 150 130 267 301 293 254 211 132 219 317 57 303 244 303 223 111 43 83 238 223 272 198 289 274 69 75 292 216 
122 203 311 218 115 284 172 132 294 267 298 205 46 63 151 168 166 127 102 208 184 173 244 152 132 306 239 307 309 72 250 164 133 312 58 290 45 199 134 89 44 67 263 262 200 105 307 230 65 77 108 212 273 269 54 165 96 316 207 315 265 308 85 302 75 104 313 211 307 278 291 48 133 124 162 234 212 122 316 159 260 135 113 
142 131 174 242 136 280 262 102 202 243 220 292 151 55 289 231 263 146 218 131 93 48 187 104 54 73 298 192 167 90 247 131 301 257 40 111 106 163 136 229 115 140 118 96 210 284 142 256 269 201 188 143 317 249 184 61 152 272 205 171 49 178 137 200 122 311 150 276 71 133 142 259 52 130 292 93 98 152 297 173 49 269 183 
134 188 219 287 212 307 235 200 186 112 257 45 253 157 230 114 86 264 96 108 262 104 77 111 261 130 240 202 92 234 145 236 108 49 254 192 169 51 165 120 264 92 234 301 148 57 70 234 254 247 280 131 258 237 302 287 92 297 114 72 272 150 55 235 192 47 141 89 151 220 291 247 129 237 271 77 139 191 42 138 46 223 151 
115 262 231 229 234 224 172 70 211 155 273 161 260 210 161 142 251 276 194 282 157 285 128 111 247 250 305 227 175 92 253 86 147 59 275 299 279 219 248 196 46 224 152 280 63 179 104 316 75 121 189 207 302 93 263 316 158 153 180 240 146 103 202 104 301 292 244 239 257 44 66 101 52 117 230 41 175 118 227 207 134 278 239 
130 152 252 133 249 298 40 62 281 108 98 101 142 278 229 141 50 266 200 87 116 233 233 151 185 242 269 185 300 122 243 98 270 148 41 206 128 309 211 258 114 188 168 64 212 298 152 215 136 282 108 200 276 89 282 302 56 253 288 299 135 224 119 46 282 86 231 100 301 44 92 272 213 60 190 64 122 106 113 317 213 169 214 
152 225 76 302 141 111 181 56 165 315 153 158 214 194 175 171 221 171 96 303 75 56 145 46 308 127 220 185 47 274 203 166 206 240 49 73 303 276 283 109 75 248 141 254 111 215 201 270 129 52 86 217 257 235 290 273 307 153 153 308 218 280 265 296 176 240 299 79 216 135 175 273 151 224 44 142 269 116 139 198 201 304 96 
65 45 70 97 236 238 76 287 67 247 94 121 46 293 90 141 45 304 290 257 318 193 204 266 68 293 225 101 155 89 118 294 124 125 175 143 234 111 219 154 187 48 103 226 222 217 263 221 124 244 71 317 111 295 221 153 241 98 306 54 162 268 156 251 294 224 267 49 263 73 268 55 140 252 259 211 57 245 309 123 53 274 43 
91 178 73 75 96 141 96 95 154 183 206 131 308 59 159 90 282 134 75 167 72 288 60 262 299 276 132 290 105 209 292 90 219 302 272 45 46 47 172 64 233 184 192 142 206 69 185 95 80 192 235 278 274 205 42 211 168 182 300 156 203 247 102 212 208 117 200 203 290 290 246 93 216 45 69 177 276 160 62 269 207 292 318 
230 76 293 303 49 309 262 289 241 289 58 101 161 129 161 111 292 82 134 298 63 104 55 96 171 306 63 140 192 71 136 105 130 95 45 171 304 293 296 58 239 263 50 188 58 217 111 118 101 315 259 219 282 247 164 57 137 116 242 272 308 301 210 168 285 226 212 96 74 226 158 235 294 169 155 172 52 187 142 41 299 136 250 
111 191 289 298 152 256 195 65 221 190 73 132 104 237 142 49 309 287 128 227 316 95 108 171 173 133 292 309 61 264 302 145 56 92 134 201 164 98 102 40 60 93 188 304 301 287 161 226 297 313 278 170 185 89 238 225 247 289 237 273 93 257 133 284 254 131 186 148 235 302 220 163 205 295 119 292 297 249 251 96 79 236 156 
313 146 208 150 311 177 72 41 255 132 178 277 94 226 172 242 49 212 250 307 50 267 209 128 260 47 111 219 94 197 105 184 56 303 55 47 318 239 52 139 295 64 156 73 110 236 48 137 126 82 295 303 299 226 109 137 248 298 116 208 172 112 151 168 74 189 116 67 62 215 53 167 126 133 87 215 80 307 203 148 207 69 121 
292 287 317 236 301 213 109 242 165 152 153 137 144 273 62 266 59 313 43 176 142 235 137 217 187 51 269 185 128 151 252 170 107 281 60 146 130 113 170 170 127 184 280 261 215 253 231 147 301 242 283 116 305 273 165 158 144 248 112 124 93 136 114 276 129 286 90 229 256 254 68 307 88 285 263 154 310 270 309 188 103 259 286 
121 136 268 264 152 46 230 140 148 223 217 234 315 84 52 273 286 179 78 57 141 228 88 282 161 118 119 200 274 224 165 147 283 171 67 311 81 192 138 185 74 242 209 62 116 92 186 98 170 175 241 70 229 281 116 174 159 46 129 294 144 239 161 149 288 214 268 167 306 283 161 89 304 98 85 275 109 51 258 84 82 317 101 
178 208 192 72 241 206 206 136 285 266 120 90 206 67 110 261 113 300 106 204 183 119 123 165 139 239 254 233 95 243 315 107 282 41 274 241 290 50 186 260 127 314 172 223 260 136 268 158 105 140 64 93 279 289 252 309 299 247 182 129 184 68 164 247 115 196 86 245 133 271 270 255 165 220 229 43 71 296 116 198 86 100 268 
237 246 91 150 224 241 44 175 135 188 178 302 299 108 225 236 159 230 81 94 313 297 57 211 169 81 67 236 189 232 250 178 100 267 317 81 247 150 203 168 185 226 231 185 197 89 313 177 82 111 306 236 104 155 310 124 127 142 80 228 133 177 52 173 131 155 83 286 126 163 99 209 261 103 159 115 193 303 254 256 159 149 150 
74 294 259 237 60 51 111 128 288 158 222 98 318 148 92 301 82 143 125 269 307 215 188 171 278 264 116 103 98 126 249 185 204 68 211 259 43 218 60 249 313 59 65 122 203 265 80 207 135 244 175 83 223 224 227 165 61 205 272 83 69 172 223 108 174 133 71 215 59 149 218 258 113 190 103 308 312 188 272 177 213 194 253 
73 138 57 280 95 72 313 107 211 118 256 167 109 195 302 91 240 148 167 194 188 161 108 283 229 256 227 82 124 65 163 129 161 136 87 189 131 121 146 182 271 71 82 144 285 266 239 302 139 314 112 65 99 286 208 105 187 133 312 287 264 132 113 117 312 111 152 78 317 178 225 80 304 148 54 95 232 58 106 311 71 89 253 
61 46 169 274 172 154 157 113 147 99 211 132 267 290 69 142 192 162 71 306 178 214 248 71 272 223 271 291 299 238 175 68 76 178 215 213 106 52 166 190 253 119 76 98 151 55 199 243 70 234 195 268 128 160 52 81 308 99 219 317 221 80 152 174 311 142 126 129 170 250 238 100 85 71 254 295 163 76 93 79 145 317 143 
62 274 68 160 178 300 254 188 112 199 228 182 249 194 109 43 252 55 77 104 194 52 159 260 268 123 152 142 61 235 132 204 197 239 189 146 197 226 116 95 234 185 115 142 114 303 94 149 226 177 50 168 131 162 277 206 188 87 314 79 316 157 296 115 263 308 192 100 180 279 73 244 94 89 57 242 73 161 264 171 200 291 174 
180 274 80 221 85 230 126 232 313 153 225 121 209 127 199 167 294 157 126 106 140 166 112 194 221 145 285 98 307 263 43 124 281 73 189 128 307 108 266 53 222 79 229 313 244 161 43 182 156 86 56 165 131 59 105 154 57 148 44 285 55 230 303 54 268 272 96 191 46 288 238 278 204 310 298 207 292 122 179 197 130 194 110 
70 174 67 86 167 192 46 175 300 189 263 254 190 274 54 152 139 288 275 288 212 86 249 193 69 281 298 154 119 64 107 113 197 78 244 153 160 218 227 267 141 223 218 274 92 140 79 59 312 255 50 274 72 314 214 261 192 177 267 245 210 46 93 50 82 248 120 140 205 64 45 220 212 113 173 228 261 172 65 140 124 236 150 
256 272 175 207 79 305 205 79 248 188 67 253 272 96 235 223 117 224 303 83 245 254 257 211 311 125 229 279 163 315 186 222 310 310 133 184 246 264 70 192 134 308 108 89 174 173 308 278 263 156 200 169 183 260 71 47 173 303 77 79 265 196 316 260 315 316 52 92 124 41 198 199 167 158 179 176 51 117 217 77 183 294 65 
121 92 217 250 209 287 219 181 206 214 192 135 260 162 62 161 84 155 72 283 41 316 267 152 88 230 262 125 42 181 41 47 243 187 110 133 234 92 205 198 242 213 292 306 315 134 105 66 150 78 171 87 190 103 216 84 164 137 157 204 64 82 242 198 145 311 47 123 135 281 239 150 289 125 233 260 185 186 179 293 80 276 54 
61 100 123 219 118 48 165 254 77 202 285 139 249 170 121 160 135 202 291 88 49 95 249 122 120 286 138 125 214 89 177 118 81 188 147 286 76 149 271 191 88 266 153 139 174 280 238 272 93 115 196 127 214 140 262 248 297 166 72 134 95 162 106 43 215 230 180 66 120 309 286 194 187 231 53 317 129 178 260 75 302 206 214 
119 117 215 308 182 96 314 151 165 288 278 297 65 258 128 60 120 90 141 51 147 176 257 126 262 258 299 221 224 176 224 264 153 95 315 257 151 127 197 271 219 115 90 57 168 297 315 70 218 70 269 234 113 302 110 125 170 50 294 91 127 192 268 69 110 71 144 98 152 271 217 164 280 130 51 271 302 271 51 114 77 44 70 
85 124 109 119 187 279 228 235 125 307 61 157 80 228 275 174 227 309 168 318 225 63 200 135 60 261 157 216 291 297 236 116 62 84 292 149 286 124 299 218 263 137 154 58 266 105 91 57 267 278 176 291 279 228 89 183 128 299 223 143 196 312 276 102 68 174 164 137 222 62 40 263 172 258 44 113 154 95 73 274 56 175 204 
121 259 82 243 210 249 203 156 97 149 282 127 83 250 137 284 299 61 304 247 257 291 222 150 157 145 69 306 146 272 239 225 199 84 248 162 254 104 66 144 289 146 67 118 137 203 272 137 86 134 241 311 107 103 76 91 248 111 222 249 101 261 299 192 51 64 183 61 123 120 228 47 68 294 101 135 80 140 192 301 188 44 201 
209 81 142 48 277 262 116 295 310 59 144 128 99 111 86 224 266 79 76 65 167 147 129 56 92 61 184 191 151 251 215 129 187 127 265 55 221 50 307 71 121 211 199 260 196 102 120 225 231 250 87 189 286 196 158 263 172 92 239 126 315 201 191 192 115 275 140 166 97 244 259 220 234 268 53 211 89 124 305 115 271 230 153 
278 41 287 138 109 212 83 215 311 157 158 244 203 132 171 121 291 245 204 214 114 171 89 109 174 201 192 272 269 166 246 81 71 69 160 239 293 103 275 266 41 71 89 135 46 126 135 251 89 80 202 119 137 101 265 214 120 156 226 256 208 250 241 88 204 179 84 60 72 133 215 145 279 152 62 78 84 255 290 171 300 209 229 
62 61 276 167 154 82 116 159 135 175 165 53 79 159 315 150 273 295 118 58 198 63 100 239 238 168 173 218 115 116 220 316 56 292 169 274 54 274 310 234 239 59 168 252 116 257 177 110 139 55 53 107 148 195 182 200 209 96 182 83 127 302 53 94 284 288 80 56 45 195 206 201 265 253 198 316 293 255 190 125 173 43 52 
156 186 266 146 276 254 299 137 223 257 40 152 253 47 169 58 190 69 179 205 318 203 235 126 202 114 62 43 174 290 60 311 48 226 266 275 270 216 138 50 159 87 62 225 311 304 71 142 312 225 276 102 158 276 113 159 141 172 114 179 151 109 229 125 150 304 276 56 307 297 287 228 302 318 133 301 317 297 263 149 82 118 255 
160 296 293 291 215 134 316 159 209 259 73 318 113 96 151 158 72 77 311 254 44 243 194 109 136 138 245 191 137 296 250 287 67 70 293 189 145 49 176 97 161 61 146 41 298 73 300 294 258 208 122 305 201 309 263 184 303 50 226 89 218 250 292 288 107 156 178 235 258 236 225 200 98 205 58 150 76 288 48 231 129 184 197 
65 119 135 114 209 204 86 244 233 189 129 283 114 292 87 237 92 173 77 160 84 218 170 302 45 77 161 275 67 42 241 91 200 267 243 138 63 151 313 165 140 212 110 143 110 210 148 312 306 249 120 47 169 170 119 114 317 119 249 248 306 242 87 87 49 209 88 145 303 120 278 147 236 99 167 161 279 48 96 78 132 91 94 
207 312 74 312 83 265 290 42 103 77 268 310 115 271 307 236 189 118 192 91 273 182 185 239 196 93 278 288 57 263 231 155 92 246 280 119 252 167 177 294 165 281 256 226 118 201 143 183 77 185 53 206 212 92 147 96 46 263 111 91 142 43 43 261 144 102 214 120 189 277 166 105 137 197 71 214 151 87 97 286 54 217 110 
245 171 306 85 305 281 225 40 240 270 315 74 204 190 288 302 188 311 59 139 49 158 161 119 95 98 219 231 268 54 76 96 302 316 120 284 117 207 279 160 144 149 291 277 137 56 248 113 264 156 290 96 259 276 100 312 291 234 253 107 247 135 306 283 40 113 149 121 47 210 135 143 300 62 220 255 79 219 75 91 262 207 273 
93 234 44 93 235 260 134 71 53 269 297 176 266 57 131 59 80 226 124 88 257 64 118 300 131 70 74 198 257 222 252 251 273 180 317 216 252 215 43 310 112 272 42 223 239 57 181 208 115 122 122 245 68 285 137 217 85 75 289 145 109 101 309 80 179 224 183 81 275 91 315 261 72 189 146 144 251 152 90 256 295 64 287 
212 110 203 47 287 258 175 102 186 245 261 136 92 281 55 160 190 97 171 297 153 273 310 176 192 78 243 72 121 92 273 80 214 150 57 40 190 165 129 152 278 306 171 253 165 111 151 269 178 81 153 63 258 271 234 70 182 221 233 174 295 122 311 81 256 184 276 137 82 119 213 147 94 129 139 231 69 157 273 283 203 194 111 
145 60 270 138 175 81 195 94 273 104 308 318 97 155 276 146 195 223 240 102 167 299 56 234 157 78 153 103 196 49 134 95 151 260 124 251 91 103 115 174 105 216 43 51 274 310 188 169 205 52 118 173 140 158 221 247 73 237 45 184 309 178 317 95 305 207 81 139 133 85 102 238 201 75 231 125 235 284 128 136 271 74 200 
115 87 297 302 194 188 255 268 242 122 56 181 202 157 136 170 43 276 110 258 148 113 191 60 242 221 289 309 311 172 154 275 221 61 256 295 217 81 295 134 303 186 266 286 199 52 132 99 312 247 102 193 297 63 280 144 223 229 311 120 123 135 107 222 279 301 98 234 94 308 62 221 318 96 299 268 124 292 115 192 296 241 140 
308 310 102 134 96 246 163 279 101 185 162 198 127 222 243 193 258 288 168 145 261 258 65 141 150 205 230 164 51 231 80 172 106 93 268 174 45 202 267 300 89 248 294 81 195 158 128 40 265 272 310 243 72 242 216 116 269 271 136 67 297 97 54 116 312 303 304 312 181 185 136 168 58 314 222 293 126 216 293 127 162 119 225 
72 213 159 174 80 135 65 266 273 147 202 235 163 265 52 312 281 219 313 112 111 296 204 210 80 268 295 81 102 144 182 282 288 268 198 282 196 103 294 180 315 113 288 294 256 55 223 159 265 86 134 257 197 139 87 197 97 90 317 110 169 290 200 192 102 131 40 107 314 136 242 197 77 267 300 245 300 182 277 199 87 256 269 
76 89 298 133 110 266 235 99 67 219 130 318 266 259 214 69 268 311 204 73 252 201 179 82 316 77 292 176 208 232 118 214 285 252 127 304 260 275 191 162 107 170 41 191 58 213 179 164 119 157 130 132 106 134 218 178 183 171 98 262 232 115 135 44 173 66 105 131 265 41 214 115 167 217 127 287 99 205 204 67 223 282 211 
220 315 78 124 40 294 77 127 134 172 184 49 191 304 297 287 201 130 207 245 145 216 242 101 52 41 211 95 285 210 245 290 43 180 185 285 314 295 250 236 204 291 254 188 216 62 135 209 214 95 126 155 308 133 154 239 303 103 157 48 199 149 162 123 58 73 220 55 243 172 303 287 298 155 83 312 188 229 217 96 147 258 156 
149 305 136 264 147 250 158 44 195 80 47 172 159 111 225 49 148 81 68 126 309 310 151 191 85 46 160 283 214 46 149 201 300 137 74 166 119 224 241 195 318 245 221 78 295 46 142 296 187 259 218 165 307 235 188 303 274 152 174 100 126 211 86 56 150 230 231 318 183 188 195 46 190 169 215 294 316 212 150 82 219 113 180 
149 78 220 65 219 157 238 250 142 84 77 250 149 40 222 147 310 123 264 151 70 294 213 163 209 166 64 129 303 194 141 252 113 79 176 222 122 89 53 148 140 257 110 218 143 269 208 202 285 291 84 169 224 269 230 106 204 52 175 192 102 301 310 242 60 248 265 243 55 229 207 221 131 108 95 111 55 205 175 308 134 182 186 
199 265 116 65 303 97 215 41 64 187 260 46 140 270 253 218 132 40 113 214 142 147 71 164 191 227 43 259 104 120 40 148 146 172 298 170 303 134 226 308 108 129 279 66 250 56 175 113 254 145 200 225 107 189 217 145 267 111 157 87 309 129 246 174 178 253 152 58 56 100 316 263 113 100 246 302 227 96 287 158 149 202 71 
229 192 285 315 88 235 292 203 268 99 263 226 318 142 175 189 99 43 82 101 160 134 40 109 273 95 130 284 68 153 147 47 139 229 149 173 295 279 93 170 223 105 277 250 270 177 113 166 280 309 166 264 224 55 239 180 231 131 146 303 121 178 241 163 296 107 238 137 50 291 121 288 73 214 113 167 122 222 288 208 51 65 279 
131 69 305 258 49 170 175 100 57 104 222 259 75 96 216 230 312 283 120 192 314 271 161 202 267 99 235 156 92 306 228 221 307 86 305 72 47 287 198 283 289 184 295 176 113 228 233 296 129 196 157 100 65 299 178 231 196 58 125 57 115 134 288 318 290 114 300 72 59 215 257 240 199 93 83 291 260 317 207 139 269 205 65 
89 307 246 279 318 106 108 193 306 224 223 141 86 270 182 86 229 185 69 169 226 240 194 96 45 152 131 221 173 152 291 81 42 315 71 202 297 190 208 194 247 52 258 55 277 196 44 155 214 299 235 183 61 191 261 145 163 223 142 140 94 102 231 213 72 66 212 211 279 121 106 90 162 122 163 175 93 276 112 119 302 269 62 
237 272 299 198 121 301 281 95 140 157 270 50 110 56 248 140 139 65 108 81 292 126 210 254 152 308 74 276 260 252 141 256 274 114 54 101 55 216 66 226 306 208 255 150 155 225 145 58 191 317 90 230 47 109 50 214 227 90 122 57 157 85 80 239 298 264 280 71 244 144 270 42 75 213 284 196 90 201 86 219 170 300 201 
193 234 306 300 153 173 209 128 128 217 236 180 104 95 220 108 120 224 241 123 157 58 139 131 258 114 56 56 155 251 239 273 137 227 151 279 105 172 256 84 51 85 132 160 276 294 219 72 140 262 305 304 122 218 227 289 42 67 59 280 191 179 199 302 51 163 83 232 221 66 131 149 138 263 108 316 237 93 217 64 62 146 52 
61 188 119 155 144 93 115 304 75 85 68 276 292 270 192 87 237 172 312 287 84 273 88 113 135 301 91 135 78 252 82 110 277 226 97 285 239 62 165 248 243 49 67 124 259 297 142 193 151 57 136 306 63 184 308 72 181 174 111 50 272 307 231 220 216 310 120 40 257 104 228 199 119 66 231 236 254 134 261 227 42 146 90 
79 272 200 51 52 113 240 316 155 284 203 57 291 219 226 59 304 198 221 152 40 273 265 246 108 309 160 190 212 219 204 53 49 95 93 157 223 263 249 191 270 290 43 251 182 283 217 227 215 199 80 198 104 59 266 137 226 62 171 273 93 112 266 115 196 292 291 158 272 154 222 150 276 100 120 218 77 55 168 314 92 153 158 
152 84 62 116 243 233 302 310 247 166 48 138 122 120 141 49 277 208 291 259 52 264 63 52 59 232 134 84 71 310 213 192 94 306 90 65 97 177 252 163 115 244 285 79 234 102 295 147 141 240 242 47 96 111 255 205 112 141 217 173 92 93 137 144 213 209 188 76 162 101 317 100 299 60 206 246 264 266 175 160 69 248 68 
258 266 305 110 110 140 55 55 106 224 62 155 103 95 82 55 316 67 197 171 277 185 230 268 104 217 51 48 101 59 309 253 247 298 188 158 177 172 146 198 161 192 271 166 223 304 197 188 106 89 71 235 172 288 76 152 159 254 286 219 176 249 142 190 73 271 58 98 288 192 100 195 206 188 218 110 108 271 153 179 119 78 65 
77 168 244 207 55 72 194 250 137 313 49 224 199 220 296 243 229 86 72 237 306 283 64 232 118 110 222 186 264 275 281 179 261 188 230 191 77 112 167 53 248 79 94 113 279 134 112 74 144 53 295 207 99 176 258 82 119 150 88 170 178 46 239 193 277 127 131 100 186 318 212 239 48 280 44 308 111 218 80 122 157 210 243 
201 187 277 131 218 260 124 188 83 205 139 112 103 275 106 65 181 250 165 306 202 158 149 71 84 244 267 313 145 315 92 273 266 252 316 216 123 114 275 173 199 250 192 121 208 194 90 291 220 224 293 275 72 214 286 180 183 98 42 151 149 113 194 110 307 120 168 277 115 250 107 152 306 182 297 271 125 77 116 61 178 148 276 
189 201 48 244 109 152 296 93 81 292 47 121 53 88 200 164 77 77 259 117 272 296 235 136 139 244 287 68 285 87 305 83 124 282 152 260 237 45 94 99 96 294 189 161 230 64 183 126 309 166 46 283 209 232 168 306 258 50 231 177 311 209 70 198 120 253 94 114 119 87 287 122 95 152 91 241 44 149 246 176 180 133 208 
279 51 95 234 126 173 81 259 275 153 291 272 102 194 82 262 209 227 46 207 191 166 293 276 315 277 175 98 303 295 255 113 309 281 95 57 80 205 65 105 76 120 280 178 195 48 106 117 270 58 141 205 255 275 151 160 226 300 232 88 141 108 278 126 271 92 84 213 147 302 256 292 165 292 197 260 156 102 286 217 214 208 259 
190 290 199 271 313 97 154 301 222 309 195 69 189 132 59 265 68 169 43 98 137 50 111 138 209 300 279 116 167 59 115 208 154 164 154 81 44 274 267 130 310 80 76 173 253 264 185 175 245 166 309 271 210 232 185 117 82 100 130 233 139 100 316 274 178 199 291 119 191 114 217 281 278 297 172 49 153 148 149 292 251 53 185 
183 127 164 301 69 48 66 203 280 189 147 94 135 246 308 209 87 265 158 277 214 80 121 224 237 166 75 201 299 45 44 118 231 197 82 201 129 57 299 173 52 228 258 207 41 204 46 308 86 312 239 91 54 189 311 188 159 145 276 270 112 143 127 127 124 81 223 198 254 270 237 250 147 81 158 310 221 209 232 282 241 83 258 
306 247 231 255 208 101 107 249 114 90 243 278 196 223 107 210 130 264 124 176 79 200 233 105 294 113 125 188 40 216 104 243 257 170 264 195 308 161 75 202 315 267 196 151 158 79 79 293 97 237 229 211 244 119 248 47 316 189 127 245 264 257 173 166 283 166 57 301 169 311 84 75 198 315 122 74 64 200 93 41 61 169 168 
124 177 92 74 284 80 159 252 197 217 47 248 250 216 290 148 300 62 267 53 120 284 106 228 271 180 284 126 207 217 227 165 176 57 302 281 123 272 57 287 294 274 232 171 260 183 169 296 280 168 246 186 99 118 299 188 178 63 248 290 249 189 278 281 248 191 215 153 88 133 175 287 123 72 57 200 58 169 127 247 192 46 239 
142 305 194 201 256 92 45 187 301 280 143 77 171 241 43 135 153 87 290 233 213 283 79 286 70 287 88 66 212 166 95 49 144 292 303 156 281 202 117 194 41 261 200 141 195 230 170 235 141 283 80 235 138 277 182 187 55 197 299 306 234 195 219 317 174 115 198 179 253 317 119 176 206 222 218 93 209 314 102 129 41 96 251 
51 68 314 79 84 63 223 253 181 138 228 260 312 197 237 294 49 194 236 260 96 136 165 288 164 157 205 87 80 161 317 85 84 67 278 58 202 136 60 126 132 110 179 217 264 213 227 189 178 112 273 101 133 171 67 180 127 191 72 309 282 42 131 268 196 61 292 316 52 296 215 49 47 147 162 150 90 232 310 240 62 201 143 
196 215 227 252 109 176 177 104 147 157 164 120 206 199 132 127 277 227 228 301 110 232 79 316 279 292 244 126 137 106 209 77 47 140 105 55 248 80 133 260 284 267 55 97 96 131 197 289 76 107 281 212 288 263 44 114 76 253 306 249 85 78 221 294 208 204 141 179 167 55 68 90 196 56 272 255 149 48 289 310 69 154 252 
189 205 316 294 44 164 162 176 83 119 100 158 74 120 200 183 125 132 239 199 152 228 235 53 73 252 106 312 209 85 270 258 266 61 239 54 55 207 107 179 275 133 58 123 269 124 44 59 236 270 283 274 220 132 214 127 93 124 260 163 147 294 75 271 225 286 48 277 274 113 271 120 142 104 67 180 229 66 301 161 83 203 70 
127 213 195 264 213 117 57 46 104 309 61 178 298 45 181 142 204 287 45 149 63 125 300 162 229 316 103 43 211 204 307 209 51 225 235 221 315 198 144 275 48 91 55 317 51 235 149 253 154 137 162 71 265 172 139 299 198 49 174 293 244 117 47 265 79 120 105 227 199 57 58 200 244 308 171 257 113 131 298 217 67 41 164 
210 277 50 81 73 130 141 253 87 125 124 145 160 121 190 123 82 44 67 267 165 222 147 57 164 243 190 133 163 280 112 274 208 66 59 195 145 154 55 96 133 312 217 162 166 74 61 264 201 64 48 135 311 307 60 105 173 206 68 261 75 99 204 192 231 195 317 228 106 178 269 174 204 156 210 76 44 297 95 229 252 303 138 
71 110 295 115 88 194 181 138 314 75 129 195 83 318 243 78 193 302 68 162 88 134 290 139 130 60 273 145 62 212 310 198 246 225 97 276 214 199 259 158 279 238 250 288 297 198 106 60 83 318 213 282 252 96 237 167 91 218 157 180 297 148 51 186 48 153 268 123 197 94 81 109 288 307 153 306 106 57 221 145 257 243 64 
81 83 100 59 276 297 96 290 126 237 184 306 286 148 116 54 222 186 279 189 223 49 318 294 63 109 50 98 132 120 215 307 148 242 129 318 112 204 280 102 301 49 102 249 218 181 165 153 98 144 191 269 275 315 164 103 134 104 175 218 225 155 135 161 256 213 314 257 259 121 158 133 114 151 144 274 111 77 111 108 79 191 252 
296 134 180 156 208 156 199 178 208 43 238 288 176 256 223 256 302 154 282 310 142 110 94 88 133 315 278 248 260 167 104 174 280 78 242 148 57 312 316 204 317 265 136 165 177 272 255 204 177 46 225 271 99 171 109 294 113 290 222 104 296 76 224 218 214 145 121 197 297 309 225 243 92 118 102 294 172 169 228 129 45 255 59 
184 90 49 279 283 261 177 42 244 140 131 144 214 128 124 203 123 142 278 222 309 51 74 123 162 283 295 218 180 206 263 223 135 101 100 215 256 75 219 108 67 113 116 175 294 187 279 49 255 258 217 47 106 318 145 141 40 134 307 85 290 132 150 209 135 236 300 249 258 150 41 245 256 285 118 284 155 187 289 44 282 156 202 
62 172 215 283 85 216 298 315 157 198 42 308 179 237 252 241 61 79 308 205 204 174 155 148 165 300 312 82 249 93 116 303 286 81 288 140 146 244 291 48 107 111 264 52 92 165 269 65 105 190 229 161 184 125 245 208 314 294 222 216 305 55 100 82 308 239 158 174 223 157 116 246 205 137 198 94 81 275 60 271 155 223 255 
232 312 273 198 74 114 75 273 258 89 81 281 110 243 59 293 75 295 310 48 121 219 103 65 98 76 103 199 237 48 209 113 64 199 78 51 97 252 41 297 155 301 98 207 269 83 193 301 220 229 47 264 205 139 236 121 291 302 278 73 224 88 52 65 51 66 258 151 123 113 277 139 227 230 262 67 214 288 76 140 92 253 274 
190 185 79 200 73 99 229 231 272 267 82 58 261 313 300 265 120 143 197 154 54 183 265 246 168 50 262 199 273 109 149 176 205 230 92 93 169 98 147 125 202 237 244 278 270 46 258 101 71 198 81 185 57 137 195 199 316 156 127 272 118 133 295 222 155 99 294 257 317 219 209 69 221 87 227 299 161 125 268 48 203 195 265 
294 143 147 72 162 92 152 249 96 61 65 261 145 313 312 275 71 223 215 115 248 157 191 90 293 207 249 212 130 243 248 139 304 66 243 240 309 62 237 131 307 189 89 87 314 139 111 90 179 64 88 84 207 261 265 81 273 91 64 113 163 158 55 272 104 147 122 259 270 104 44 81 298 101 53 179 121 203 211 262 203 55 92 
193 95 129 196 104 96 131 54 195 318 222 50 178 69 158 137 137 308 119 121 284 294 85 182 86 79 138 206 104 224 237 148 225 164 155 173 98 79 124 214 297 250 295 129 240 235 313 82 270 49 283 173 277 85 285 116 306 288 126 44 109 292 257 149 72 125 261 158 188 71 187 232 212 279 141 237 317 260 123 72 172 211 234 
108 90 170 171 150 82 111 222 226 244 48 201 210 141 98 273 102 127 202 135 147 276 181 40 64 82 175 254 226 56 230 224 259 192 55 213 121 286 228 224 157 229 219 196 143 142 191 158 314 290 64 227 150 97 266 83 154 198 189 233 199 118 262 132 172 275 78 178 89 100 92 109 282 155 314 41 133 202 87 69 260 92 59 
170 71 260 306 135 267 126 172 62 151 79 168 257 222 66 143 150 112 213 251 220 233 273 218 157 187 95 195 116 167 282 304 270 145 316 49 55 183 67 50 123 214 105 71 244 179 190 52 69 294 210 182 274 217 179 119 266 130 169 162 66 254 245 106 100 271 233 94 159 260 132 119 311 185 291 287 258 57 217 263 160 54 163 
245 103 186 95 171 220 193 43 114 47 231 267 107 138 45 242 156 295 72 91 269 218 113 187 191 114 73 281 263 131 150 157 189 309 295 271 125 221 88 160 249 123 264 232 40 281 119 282 147 269 172 150 263 286 173 135 220 303 215 47 224 228 170 232 243 278 133 309 284 264 119 80 282 66 136 242 261 160 159 217 205 98 204 
268 234 280 304 214 49 227 183 177 187 174 232 289 274 255 50 153 267 165 222 62 253 81 177 306 191 277 178 235 84 42 82 93 217 253 318 149 265 116 288 152 191 109 148 216 102 80 266 211 63 92 155 70 273 84 115 186 208 310 316 45 167 136 49 83 216 299 99 239 74 254 300 171 244 208 78 102 273 263 210 90 246 281 
110 302 99 77 76 112 130 317 223 55 230 223 244 260 104 210 60 54 56 53 42 215 127 68 183 210 164 288 297 291 118 111 289 230 114 119 232 220 177 302 266 195 246 107 268 216 160 221 157 267 125 94 40 47 94 193 262 195 192 250 278 237 245 115 245 179 222 76 221 181 160 246 136 129 205 82 178 316 96 297 161 111 296 
240 311 147 198 44 115 136 288 238 236 248 204 277 279 147 90 54 289 198 167 294 116 191 104 250 51 122 184 287 98 198 197 283 59 97 282 266 169 188 272 87 146 273 121 282 110 119 297 91 141 285 130 292 123 265 82 238 293 125 286 50 62 40 89 226 304 190 87 118 141 118 225 180 104 292 278 161 237 316 102 311 221 240 
129 278 50 68 225 166 60 232 108 163 274 315 151 286 70 104 161 263 95 304 116 248 156 227 85 205 170 134 202 88 123 299 92 145 163 166 136 239 235 190 316 70 216 71 108 263 171 103 239 228 99 50 144 134 63 153 66 278 199 43 129 245 111 47 217 228 301 217 147 66 198 156 51 243 304 113 259 236 200 207 304 40 136 
135 243 172 196 56 89 314 310 218 294 204 254 246 300 313 214 46 162 147 161 97 281 298 217 265 295 303 82 249 57 81 187 209 201 70 106 290 238 73 153 106 70 123 145 173 227 195 214 116 73 110 135 140 111 165 289 280 104 157 317 219 63 242 308 184 255 55 81 223 66 187 63 257 172 279 233 252 219 236 126 318 309 70 
123 69 225 66 269 109 83 193 313 139 141 270 120 84 284 161 147 278 240 185 290 213 213 290 154 288 187 125 177 125 101 228 177 258 281 229 129 187 239 305 85 124 262 197 275 196 114 46 229 99 152 285 249 90 67 172 148 118 287 115 109 81 246 191 247 279 244 179 217 221 250 166 227 291 145 96 63 79 301 71 146 202 308 
60 135 54 179 149 46 294 144 68 220 310 125 178 149 43 199 40 173 213 272 148 238 138 158 145 208 240 106 64 299 146 96 153 118 316 262 128 132 219 93 255 168 307 124 216 182 208 104 221 263 119 103 221 99 310 263 154 166 85 234 125 298 167 44 184 186 176 226 73 57 139 281 123 169 42 271 293 233 97 40 304 43 161 
296 220 314 246 141 67 49 62 67 103 181 196 187 129 117 63 306 159 147 203 45 270 232 94 139 50 85 184 54 159 254 111 238 284 99 158 151 148 191 228 300 267 314 256 86 310 249 239 128 147 94 99 115 312 56 66 155 176 253 137 124 252 244 286 74 142 57 136 275 234 218 165 282 235 93 251 50 317 305 83 201 230 46 
197 71 185 153 105 164 80 284 121 138 317 266 150 117 230 100 179 281 142 257 151 175 266 234 171 316 211 262 106 269 312 142 123 203 206 141 63 183 65 82 179 40 280 269 238 255 295 93 71 144 67 129 140 309 301 49 295 100 62 290 61 306 75 167 249 116 48 294 305 146 241 226 40 173 201 145 109 239 263 299 182 183 123 
157 101 101 216 172 122 286 199 157 275 299 278 81 266 217 230 301 67 94 246 258 93 167 178 317 145 45 176 193 113 214 213 203 85 155 249 266 52 240 307 133 318 93 64 114 209 106 164 227 118 236 209 115 287 204 136 218 250 286 258 262 205 301 124 133 127 314 138 44 240 281 202 152 52 72 83 299 295 311 233 237 191 296 
217 94 48 63 64 315 188 248 164 302 276 224 307 132 275 60 44 202 65 47 270 278 258 45 209 253 126 144 300 314 159 73 168 79 199 47 213 82 139 229 138 312 207 41 132 104 227 66 156 244 179 257 223 82 58 171 148 300 264 281 237 260 160 123 167 129 290 79 160 56 244 194 287 161 65 237 251 182 97 59 191 226 57 
262 58 227 78 68 71 283 252 154 205 129 162 240 255 45 278 179 171 63 191 309 61 168 103 278 208 189 294 149 135 128 196 219 64 106 62 169 106 165 248 280 217 197 242 260 305 110 181 237 150 276 213 128 115 272 50 87 240 46 287 85 127 201 137 309 286 146 299 87 192 138 262 238 202 157 60 98 97 169 80 138 132 161 
251 62 227 306 132 111 186 178 174 96 46 92 68 278 162 214 100 249 226 235 117 259 194 78 192 170 206 267 244 172 132 240 226 219 232 252 296 115 52 145 77 174 204 93 58 273 66 249 126 134 288 134 101 168 291 127 239 105 207 69 137 94 81 145 300 318 81 292 178 292 128 317 191 293 188 174 237 160 166 316 187 261 140 
63 101 218 142 165 218 132 261 221 247 187 195 221 210 307 58 200 256 214 284 171 50 287 108 168 55 108 294 270 79 133 63 175 251 73 268 121 104 306 240 181 160 171 142 170 213 304 258 45 231 195 146 243 192 120 127 86 170 256 233 93 265 262 116 85 100 107 237 54 260 167 198 78 183 197 157 224 142 252 50 260 272 265 
311 111 276 305 219 113 159 305 237 143 76 115 40 143 281 256 283 117 196 167 150 277 247 259 205 283 221 291 76 121 301 295 301 229 224 244 286 300 310 137 290 292 196 229 66 161 188 204 146 131 246 245 72 297 68 70 260 91 102 203 157 253 51 157 298 216 67 190 224 68 171 285 106 285 80 314 107 251 116 286 259 42 294 
40 151 236 263 175 55 51 75 94 296 285 252 121 273 318 130 195 233 96 155 193 216 63 74 63 133 296 113 181 73 301 211 292 74 117 53 156 170 230 193 299 306 200 116 206 52 224 233 228 196 125 152 108 257 100 133 173 76 74 288 217 193 58 130 200 198 233 275 118 171 109 284 234 83 255 218 118 153 224 238 209 111 70 
240 151 218 282 167 300 76 224 102 192 242 114 142 125 257 275 152 197 127 232 63 228 168 197 174 273 141 202 212 255 283 145 308 312 187 285 197 50 238 132 288 303 285 94 42 192 71 300 306 58 87 150 165 249 72 76 65 247 177 268 238 96 170 59 94 120 49 222 260 188 316 227 152 312 271 156 46 197 101 40 208 234 231 
73 122 311 75 267 160 297 249 195 228 277 124 221 266 119 157 91 190 130 279 124 118 161 284 279 167 136 311 56 171 136 223 125 104 127 264 178 80 117 255 165 206 244 304 131 253 107 165 200 245 233 53 293 241 290 135 132 312 77 219 275 138 289 290 306 142 110 129 228 215 111 230 146 305 256 272 242 106 66 195 213 229 185 
212 263 232 47 81 140 313 134 113 215 267 224 268 284 253 216 55 174 253 123 93 82 238 311 51 95 215 68 195 203 187 211 268 173 242 173 134 43 140 217 87 248 190 307 124 225 130 44 231 226 121 88 48 197 233 75 88 117 168 213 154 308 48 119 128 153 75 291 136 86 308 308 295 270 286 188 268 271 162 226 252 60 189 
122 312 43 254 126 297 171 268 163 192 113 228 254 314 133 102 298 242 302 46 310 195 138 128 128 128 257 138 231 203 81 172 60 146 165 191 125 277 170 100 136 64 262 196 139 318 285 100 185 62 171 241 46 82 224 219 302 285 87 110 254 252 314 128 107 61 214 226 183 271 45 188 69 188 226 184 264 305 51 128 278 203 104 
63 126 145 176 73 100 216 224 142 283 99 246 149 91 176 66 95 262 48 58 212 297 183 289 283 273 64 108 155 186 165 151 92 212 293 128 288 306 88 211 76 259 55 221 109 88 58 156 76 62 300 186 262 70 235 271 167 218 307 66 240 170 268 238 305 196 146 109 70 120 104 151 71 166 146 232 68 168 150 151 123 194 259 
202 55 120 135 247 302 43 62 239 41 113 213 206 230 292 248 294 235 168 46 213 216 60 298 135 121 307 317 220 51 74 77 307 238 123 87 235 146 46 184 183 212 300 211 52 219 135 81 196 85 230 137 262 179 200 120 89 269 106 183 129 219 57 117 289 219 95 304 225 138 318 124 282 258 174 232 91 204 184 82 60 127 213 
51 292 48 79 144 302 173 92 189 245 75 233 302 140 153 108 76 154 110 285 99 260 120 139 101 209 71 194 187 308 316 172 155 54 269 74 276 41 209 295 256 96 100 241 51 306 102 203 190 236 315 310 291 169 204 65 268 264 254 88 261 266 263 131 43 295 188 76 229 238 102 244 189 273 271 166 265 262 314 262 234 295 277 
122 69 53 268 195 144 183 176 143 163 272 47 141 101 311 192 205 81 232 227 116 206 68 144 73 257 219 139 69 176 60 190 204 66 314 255 240 195 174 210 153 209 281 308 94 66 300 126 68 121 190 98 89 131 298 99 165 264 280 45 185 55 291 231 124 131 76 172 313 283 234 58 234 122 268 131 159 217 64 252 184 195 204 
185 240 44 142 221 194 173 168 285 233 165 296 285 80 203 90 58 272 212 181 159 48 112 107 280 224 60 306 75 124 206 233 249 304 95 83 271 109 114 183 210 238 130 225 66 66 150 110 138 194 292 238 310 235 197 122 159 297 168 282 49 150 115 286 144 46 135 56 150 211 148 245 168 223 138 168 237 93 206 218 296 183 192 
139 237 173 76 228 95 259 68 208 236 108 178 84 314 63 301 181 274 164 144 166 289 177 262 316 50 177 287 113 268 88 115 303 207 245 66 264 146 113 226 122 194 224 95 112 273 81 56 185 206 235 179 186 302 270 276 245 136 197 116 72 309 256 181 130 70 73 163 214 52 168 310 283 205 213 114 192 281 289 299 75 205 237 
295 190 308 82 146 90 121 260 156 271 280 99 83 208 64 313 296 114 88 266 151 243 105 140 287 138 74 283 78 237 209 151 308 209 285 307 126 58 176 115 148 66 99 111 207 132 103 301 77 146 92 277 118 52 118 302 169 276 161 62 278 317 140 312 307 169 275 114 46 171 144 141 198 136 152 101 293 310 242 130 134 106 309 
191 214 140 144 172 264 57 246 82 305 59 308 167 281 49 226 316 303 148 167 206 190 285 147 279 189 101 240 247 251 275 237 275 297 197 98 165 142 254 68 306 100 267 172 46 180 95 121 76 62 238 213 153 278 146 286 295 86 235 93 305 143 216 91 110 80 165 132 56 49 140 292 224 172 197 293 198 293 202 282 75 200 201 
54 95 208 180 274 102 127 295 213 187 141 125 275 208 306 209 253 224 314 125 40 224 77 43 100 107 184 285 229 279 305 77 314 275 152 159 100 306 243 91 287 97 130 69 289 143 146 62 151 315 54 82 227 167 92 64 218 172 62 280 130 123 154 227 177 268 214 212 125 267 96 239 235 192 56 257 226 170 237 240 54 142 175 
212 193 309 71 245 297 151 164 297 281 124 220 52 110 281 119 210 305 55 133 60 273 268 101 142 213 109 201 86 177 280 149 182 111 100 153 80 124 282 188 65 234 239 144 288 201 41 144 295 106 266 217 216 289 289 258 316 158 54 260 61 134 160 188 234 284 196 239 309 281 162 293 45 255 173 292 101 300 151 62 254 292 253 
132 97 161 201 294 90 312 126 83 262 264 71 186 105 239 164 239 63 64 179 138 161 116 280 73 271 215 52 40 177 142 201 288 282 308 117 95 278 246 261 189 75 120 248 124 235 122 252 40 152 148 202 235 204 207 229 275 310 141 219 276 200 85 139 264 232 267 101 159 139 275 294 266 256 136 260 191 151 114 145 283 309 232 
179 107 197 241 273 47 109 260 208 118 50 53 123 181 317 149 260 109 97 124 279 40 81 242 88 261 211 177 84 219 298 251 129 162 129 271 201 68 185 180 57 242 311 318 300 70 41 145 218 183 318 174 172 211 94 253 131 140 140 154 308 45 77 249 242 92 218 132 231 247 220 176 154 265 221 196 286 96 250 305 232 51 305 
91 48 215 202 96 55 275 85 132 214 176 259 254 254 170 90 98 297 136 244 77 251 73 187 179 253 157 85 232 43 123 172 102 263 239 310 213 130 212 245 172 159 295 66 310 98 164 286 99 55 220 134 128 171 167 171 111 185 311 58 198 308 58 146 91 48 296 238 192 265 292 130 303 247 126 308 108 186 182 97 225 271 127 
271 128 95 143 92 175 276 68 66 209 78 313 132 101 156 187 214 42 69 230 258 152 272 82 94 189 139 289 136 97 160 177 296 109 243 116 110 156 226 62 258 197 157 315 179 267 93 252 284 281 255 109 239 93 149 182 180 60 82 111 171 179 205 170 227 119 202 134 184 54 41 102 169 110 121 232 52 169 46 154 188 176 271 
95 75 156 125 175 178 205 94 290 142 312 172 69 55 160 217 49 172 305 280 311 268 283 54 94 178 160 229 251 292 189 140 287 129 252 236 127 176 284 110 160 196 219 259 97 147 67 271 235 45 43 260 111 191 201 115 241 239 195 110 102 255 83 142 62 71 73 291 55 260 133 202 286 191 267 225 79 288 92 47 286 289 203 
226 46 46 266 227 137 271 318 146 234 109 195 141 220 153 183 318 197 59 66 176 145 163 274 109 160 174 163 79 312 265 293 171 114 193 56 263 195 209 300 234 99 112 76 131 156 115 245 247 214 231 43 222 195 194 272 99 61 64 224 168 205 67 102 85 71 128 252 267 302 132 127 295 245 215 127 124 313 279 204 282 52 73 
165 264 239 111 200 195 193 188 298 161 123 242 195 81 212 281 219 105 178 297 250 190 140 187 302 204 229 304 98 164 102 188 84 84 166 40 157 177 168 261 270 102 127 120 53 267 184 316 50 93 187 295 164 86 223 177 138 126 86 303 275 90 81 289 148 311 106 156 178 41 43 304 134 139 242 164 55 191 176 52 167 247 224 
174 290 145 137 149 85 248 307 255 281 229 116 119 75 258 118 100 205 115 256 257 272 157 268 178 56 236 103 60 200 163 84 281 93 123 60 197 54 41 99 192 155 62 68 144 310 146 196 88 89 237 72 308 215 145 275 140 99 97 230 47 137 103 111 301 60 274 84 50 189 106 211 192 96 152 236 120 291 117 45 110 119 297 
226 187 317 135 236 48 288 275 57 250 232 243 302 218 184 222 281 276 186 186 150 174 85 130 249 83 123 109 78 301 116 309 282 282 204 235 85 78 76 307 271 170 165 126 153 194 239 89 49 116 158 70 122 260 164 150 300 236 148 257 144 134 58 253 185 267 44 192 121 144 192 282 170 210 129 78 112 312 130 148 65 182 175 
177 115 63 256 211 284 100 288 213 175 123 266 136 74 168 117 107 142 213 60 137 149 220 54 164 280 63 285 141 303 218 197 260 171 153 219 57 163 102 45 79 285 61 255 212 190 105 128 280 215 118 223 233 83 271 103 299 287 132 48 305 63 69 81 51 44 213 71 113 283 113 119 212 302 101 316 79 132 48 298 220 311 174 
75 221 289 256 272 264 96 262 68 222 203 206 159 133 102 171 44 89 66 43 80 303 262 262 185 263 190 192 303 249 205 133 102 304 102 162 290 220 67 191 188 276 167 110 259 231 90 187 251 280 155 240 69 117 105 305 121 47 260 269 207 148 194 72 72 280 107 232 94 92 88 261 315 198 146 75 250 240 298 134 57 110 298 
126 153 177 40 41 234 232 244 263 156 81 103 246 160 66 119 91 191 191 101 184 262 60 189 56 180 101 208 184 228 118 40 119 261 241 208 263 293 94 56 229 186 226 90 93 201 139 212 176 238 130 138 192 156 141 229 80 168 289 100 312 196 309 109 117 305 143 124 171 128 177 177 98 134 182 278 188 90 130 315 62 97 210 
63 316 214 105 301 204 76 210 90 202 166 224 252 148 184 193 101 198 284 128 287 274 100 277 315 193 286 76 117 226 105 69 51 178 223 198 261 245 243 149 44 274 195 113 222 209 310 314 230 265 254 80 200 142 200 228 60 169 97 316 304 285 220 100 139 312 187 228 317 304 253 66 248 284 304 253 217 244 242 282 159 195 150 
231 146 208 43 231 173 127 75 42 305 104 287 85 113 227 48 158 187 114 78 114 307 166 116 175 290 294 237 140 152 107 241 277 111 206 117 249 252 73 153 118 112 53 109 134 310 97 280 70 126 250 232 92 249 150 122 120 126 248 201 215 277 170 301 284 90 250 155 192 261 311 199 316 317 69 185 149 130 59 236 170 276 114 
254 149 156 86 223 48 73 189 236 293 134 297 292 66 244 272 280 170 279 236 57 223 218 161 286 108 80 78 79 130 102 197 195 76 199 277 169 193 241 76 187 81 117 267 237 88 307 205 224 88 163 222 251 290 175 153 265 311 262 85 68 303 166 221 218 143 202 56 50 229 63 189 252 70 277 63 316 188 302 304 49 301 135 
110 189 96 63 153 298 171 239 57 211 48 260 191 220 288 73 76 173 231 68 126 247 268 160 92 244 112 290 264 112 303 70 220 55 242 258 58 208 262 161 303 301 146 127 181 178 62 114 298 168 272 268 112 309 142 268 256 142 67 188 160 195 318 83 184 67 300 279 142 81 117 165 161 291 74 135 235 56 235 100 178 251 170 
123 316 224 126 195 195 224 130 198 135 192 208 251 240 196 123 212 219 173 178 265 134 191 174 229 218 234 228 72 151 52 117 94 225 72 267 55 131 53 193 284 54 231 67 243 63 70 299 306 229 78 250 89 316 232 224 206 95 213 218 283 146 316 204 64 81 167 99 144 181 186 174 110 133 174 186 183 86 188 241 107 58 118 
184 102 164 89 129 308 79 189 175 206 269 303 183 108 95 249 97 315 107 156 268 216 153 120 216 69 83 122 222 65 93 41 211 73 246 57 218 103 206 316 147 266 57 173 140 282 146 45 221 74 70 59 78 311 246 151 290 165 98 59 83 148 290 108 175 236 217 88 81 156 298 173 224 262 88 272 101 119 267 227 228 283 277 
206 196 117 237 181 209 209 100 71 247 113 145 134 149 225 282 264 197 304 56 288 168 204 280 141 145 126 101 59 197 312 151 103 250 44 78 265 96 80 232 316 113 127 59 71 249 193 41 230 302 168 60 86 62 63 292 97 291 290 280 309 186 79 97 157 113 140 194 256 152 272 73 246 223 119 312 261 137 199 300 317 158 65 
51 188 67 300 208 55 181 296 267 180 115 271 291 249 243 151 299 302 217 223 118 271 125 248 107 196 50 260 298 234 179 289 276 211 262 222 315 148 260 275 305 285 287 84 217 42 76 141 82 229 49 195 139 92 48 208 169 157 47 76 228 283 121 86 268 63 115 152 87 232 288 113 206 49 86 96 249 195 62 153 291 126 42 
75 268 308 245 52 234 162 108 116 179 268 264 77 161 43 105 127 285 131 273 113 284 180 58 262 220 218 66 146 223 220 257 144 227 187 255 176 231 311 104 69 40 307 206 209 118 125 254 116 270 76 122 151 113 71 295 315 141 307 223 210 263 108 215 182 188 298 172 119 219 284 164 172 220 174 222 159 95 270 40 268 193 263 
269 141 233 218 95 129 42 315 141 291 243 269 95 84 223 129 213 144 197 149 181 286 93 207 307 171 113 298 193 164 42 56 155 163 261 139 197 139 160 284 201 94 156 113 280 52 267 190 312 270 294 239 220 108 294 276 171 94 73 263 187 311 137 123 82 120 95 269 203 84 133 162 129 46 154 61 76 153 307 93 148 218 148 
162 196 229 238 129 113 65 223 51 280 279 286 106 196 262 260 96 133 69 269 57 203 118 207 206 292 233 103 290 55 151 210 65 169 210 226 136 211 230 226 122 125 157 167 209 82 136 166 152 265 226 306 167 115 72 200 70 230 192 241 207 265 87 217 207 300 132 275 140 74 61 247 50 100 277 161 292 285 260 257 145 210 122 
130 164 264 207 173 123 229 202 87 113 268 111 229 275 111 284 44 202 209 281 269 208 255 63 198 253 104 199 138 296 241 244 266 187 207 149 237 261 49 59 204 241 260 259 54 218 286 54 53 135 159 253 154 295 279 267 299 297 78 239 294 255 87 300 111 131 185 242 197 85 301 104 280 118 159 201 254 222 92 57 284 191 206 
161 53 93 61 207 127 165 211 243 277 213 294 209 107 227 184 256 77 116 276 277 235 197 311 300 96 178 54 132 211 308 290 98 302 207 122 249 235 158 47 263 86 194 181 314 280 216 281 149 159 79 52 255 234 100 192 242 86 269 85 47 136 148 224 295 286 110 67 134 205 236 266 180 276 206 104 271 276 116 304 142 261 311 
154 301 238 251 267 159 120 174 206 89 288 119 127 277 257 67 256 273 198 115 280 317 233 87 243 133 318 196 201 87 174 45 220 113 108 86 286 284 188 171 294 105 109 164 209 165 230 233 288 300 146 251 53 70 277 94 112 192 278 166 69 66 193 175 241 97 250 249 151 84 131 63 55 92 116 225 274 92 222 134 237 89 155 
52 259 185 297 133 134 86 295 79 131 260 152 155 254 121 289 302 192 272 261 41 103 317 228 312 277 197 190 113 130 126 200 224 271 76 251 152 124 123 282 176 171 86 291 106 89 235 175 118 121 179 58 309 108 296 227 59 142 71 195 254 162 179 305 113 197 103 194 304 68 114 47 201 280 270 207 40 56 142 283 64 109 104 
183 191 120 160 195 126 96 305 113 313 71 69 236 90 272 132 185 46 178 260 102 55 111 277 210 298 258 93 49 263 46 134 311 84 235 126 266 120 57 229 226 283 298 265 88 154 289 289 197 214 308 111 172 136 123 43 248 121 161 242 45 312 68 185 60 148 190 247 315 84 92 48 50 172 48 77 226 115 197 151 51 79 233 
41 281 315 272 167 116 282 267 146 210 302 56 179 137 315 76 200 238 276 266 255 189 222 310 146 259 318 64 295 70 293 204 48 226 94 300 296 111 213 191 257 42 79 142 231 231 100 56 57 260 305 54 208 75 101 102 80 191 235 111 191 145 70 297 94 228 277 156 112 224 99 149 177 233 235 202 311 99 117 214 69 68 219 
228 166 257 301 158 103 230 56 246 309 85 157 46 224 125 55 287 271 110 179 153 97 229 153 82 244 214 284 276 201 84 124 256 217 240 306 201 304 201 186 279 137 255 140 51 137 84 49 176 43 112 301 136 73 80 239 180 172 126 291 165 196 317 65 66 208 306 270 93 88 74 196 113 317 284 54 148 176 263 228 292 253 234 
239 228 186 110 126 212 247 195 303 312 314 143 92 84 117 184 206 233 91 305 153 82 76 147 263 91 87 64 66 112 65 148 62 76 203 287 316 168 194 196 135 78 160 200 315 231 118 104 236 228 73 68 188 82 229 228 185 241 231 150 188 69 43 84 101 239 282 45 101 159 183 280 143 137 294 59 225 243 53 115 160 164 130 
293 306 190 298 43 309 68 219 214 161 68 81 65 87 78 51 105 81 294 143 140 111 151 118 277 307 287 268 209 197 74 290 101 301 144 308 267 117 233 53 153 270 133 204 83 138 270 247 96 230 121 259 95 89 232 53 62 116 92 220 103 271 316 293 61 148 139 206 85 68 173 199 164 209 133 196 232 109 297 112 254 250 177 
46 62 233 131 205 195 108 251 271 265 261 53 183 47 294 185 187 242 174 263 93 60 203 211 257 267 214 271 120 95 182 127 140 152 128 261 205 206 212 210 204 49 187 223 277 266 98 40 89 90 277 212 274 235 42 258 314 197 247 100 119 80 285 71 103 44 153 243 50 236 267 246 93 119 178 107 108 230 253 140 128 40 49 
237 196 266 44 259 54 314 114 170 43 74 262 100 157 201 142 302 73 164 202 234 172 178 193 52 136 215 91 236 314 74 294 194 111 213 94 97 289 234 262 230 316 302 188 307 159 93 134 52 318 172 199 165 156 126 177 73 66 212 92 202 41 242 222 293 76 127 204 310 262 137 134 226 207 143 140 67 253 99 87 145 174 241 
282 311 145 111 186 77 251 287 114 311 206 134 296 107 109 112 44 190 274 172 272 55 312 296 288 178 316 137 263 64 233 161 47 255 149 257 135 171 136 69 50 180 192 179 257 89 134 318 181 295 49 281 214 60 44 57 247 259 202 126 280 146 208 109 142 107 315 73 173 284 90 99 257 202 258 287 230 84 62 178 75 190 279 
252 40 287 44 195 155 264 112 181 243 148 180 253 285 129 240 156 282 266 317 201 165 239 85 248 49 137 266 40 109 245 302 224 218 238 301 79 126 240 102 265 272 123 162 101 258 174 118 242 52 263 61 276 102 148 75 196 89 85 243 118 144 49 177 180 86 45 236 240 242 261 209 282 287 100 221 172 124 189 120 257 243 117 
256 249 274 64 236 241 279 248 134 246 72 119 219 79 209 226 132 242 55 117 255 265 224 125 139 44 164 302 305 286 107 153 191 312 267 116 303 156 252 302 166 304 127 133 227 73 174 43 141 130 147 251 45 318 253 69 184 124 316 49 54 49 95 52 108 181 259 251 148 277 311 127 65 167 174 46 284 162 206 283 161 98 291 
292 229 111 95 125 127 214 213 80 310 229 113 228 303 275 56 65 114 264 184 232 230 192 261 270 207 193 142 233 205 107 45 178 101 220 199 282 255 111 168 81 318 215 147 233 74 226 237 53 88 119 116 239 156 199 67 291 98 56 149 59 67 113 271 188 48 234 227 295 105 187 92 137 48 173 45 69 170 61 117 211 307 258 
82 66 104 153 296 238 68 197 157 186 86 150 64 96 220 243 261 302 136 309 210 52 217 274 71 121 186 197 92 193 118 166 172 165 145 225 164 302 144 47 178 91 72 244 225 206 89 184 271 51 184 113 249 61 99 295 139 230 175 48 157 264 180 80 276 168 311 49 64 172 301 250 210 163 104 192 253 259 227 66 249 232 293 
192 279 86 122 198 300 62 59 43 91 228 196 84 297 244 284 114 269 313 149 277 81 154 164 119 53 145 250 146 260 279 219 98 122 201 69 263 63 166 217 102 265 163 128 179 125 143 240 249 279 255 298 287 190 291 195 269 181 313 92 99 143 192 151 91 68 198 78 63 258 47 156 290 120 171 104 242 288 181 313 181 209 52 
222 225 307 71 101 127 233 186 225 226 183 112 294 43 160 146 104 102 179 122 273 42 274 172 287 65 210 104 165 212 59 190 116 41 60 246 122 286 177 206 42 272 158 284 172 286 252 234 178 148 223 171 247 176 139 263 263 279 113 317 76 264 194 312 59 282 209 179 306 302 263 98 189 176 45 159 135 53 79 92 119 65 183 
142 90 168 274 78 60 188 199 184 284 154 148 62 265 130 170 58 226 126 244 143 77 311 150 226 187 272 244 210 160 222 146 116 55 226 61 112 273 63 100 231 277 278 76 291 300 80 84 49 257 69 62 61 90 255 237 237 261 279 173 213 261 149 282 315 202 300 279 146 140 86 114 218 312 91 69 105 118 317 49 210 269 280 
277 99 243 270 179 243 255 206 314 125 115 286 213 103 90 235 252 237 274 165 93 109 49 59 67 70 265 290 275 142 97 300 214 278 255 187 112 117 120 266 313 273 290 51 48 128 76 178 198 315 211 179 305 90 42 114 132 95 58 103 144 175 62 197 124 127 286 310 254 54 205 137 281 119 216 107 219 152 199 47 65 122 51 
50 293 243 248 80 299 212 314 237 116 310 171 114 264 64 102 107 156 48 75 198 111 140 73 72 93 105 276 306 44 293 156 285 237 163 152 84 292 43 116 184 43 312 52 215 115 46 283 79 157 289 97 70 134 67 149 245 195 300 57 263 175 133 118 318 237 107 162 301 270 145 47 62 76 175 160 129 210 54 56 170 154 206 
134 176 90 315 209 315 267 133 241 176 158 270 189 267 136 195 311 93 302 258 144 243 192 217 173 217 250 189 202 268 303 137 40 55 251 235 56 219 92 287 67 199 311 310 259 98 252 119 215 234 239 124 200 80 47 148 131 303 153 274 245 80 314 158 255 229 297 110 159 245 219 305 101 259 275 261 194 96 149 147 234 156 118 
316 172 294 275 125 315 135 302 127 272 122 191 74 218 249 218 218 60 277 218 180 309 303 185 309 181 297 211 214 98 273 164 136 122 125 220 256 72 139 122 244 258 145 297 232 291 305 167 277 244 242 50 105 314 49 54 51 259 67 97 304 243 212 204 276 179 242 53 317 288 104 89 314 213 52 267 250 56 300 104 156 301 65 
93 249 225 169 238 44 73 43 286 222 138 54 151 185 298 109 53 226 49 276 188 116 99 193 155 93 47 309 303 126 51 51 276 211 145 172 316 185 268 123 253 70 208 150 82 271 68 128 205 187 260 209 124 169 224 265 281 55 297 55 82 49 190 294 52 281 48 273 306 315 199 120 169 205 124 220 131 228 49 269 45 113 177 
65 99 246 193 254 233 222 243 63 240 161 179 178 284 79 53 120 161 295 279 127 160 318 48 312 188 53 99 167 211 172 165 305 224 147 178 54 273 43 88 125 66 192 174 301 299 141 181 152 148 142 189 59 60 175 102 158 235 146 265 112 57 145 242 47 84 227 81 311 210 312 124 154 175 94 214 242 313 234 292 117 161 117 
206 50 90 297 189 156 228 189 298 90 316 71 47 74 162 252 275 217 273 163 171 263 230 276 69 238 304 175 146 188 283 76 308 210 208 164 170 262 242 298 266 156 156 128 79 103 168 137 247 238 244 258 257 127 230 277 73 65 57 160 52 308 225 273 107 187 297 292 119 51 79 151 243 239 281 194 274 180 94 75 234 45 293 
285 96 85 84 66 169 155 174 249 223 193 192 126 187 134 256 310 222 138 159 287 287 310 233 164 158 218 146 128 204 145 170 312 168 288 168 296 306 76 128 73 147 108 241 318 301 202 217 294 138 168 254 101 87 65 99 188 302 179 318 51 131 152 266 49 202 154 207 91 163 176 187 149 209 89 114 257 89 306 174 116 73 211 
42 223 178 131 74 183 218 298 45 152 156 213 147 243 141 183 237 97 143 250 224 46 196 221 271 64 162 237 230 156 290 136 73 195 116 91 61 237 219 51 126 205 117 139 49 317 40 116 233 243 222 254 45 147 261 305 241 230 205 288 164 279 177 240 150 237 175 87 226 135 143 301 246 81 173 271 288 302 137 273 76 78 261 
177 301 294 178 63 175 308 133 138 50 147 167 279 79 163 206 176 161 266 40 286 154 233 238 60 106 47 227 128 211 85 284 79 181 307 148 49 256 131 85 275 195 301 71 62 288 314 127 138 98 227 75 259 188 118 181 71 222 259 287 74 210 183 170 115 307 177 117 183 295 180 302 171 210 119 244 101 149 188 211 254 285 152 
162 211 221 185 214 75 196 71 159 88 55 194 240 259 268 92 304 280 42 127 226 232 189 292 82 274 310 305 115 193 84 314 205 311 128 290 280 277 159 212 146 200 251 280 266 210 197 190 270 150 240 197 119 154 271 313 84 50 84 127 159 183 272 254 166 315 252 317 148 239 72 58 51 152 65 258 58 264 182 96 249 82 146 
55 307 106 117 311 278 185 118 167 297 242 153 142 244 182 189 270 58 83 287 208 251 168 69 161 214 286 74 97 256 235 43 172 106 104 209 207 65 64 224 316 185 207 288 197 140 174 96 122 134 278 302 159 288 92 183 201 159 267 182 61 264 134 301 205 111 265 304 94 301 237 278 213 197 41 137 277 103 291 69 180 76 306 
160 67 281 189 112 251 132 241 144 144 179 286 305 217 118 117 296 166 155 158 217 303 161 58 202 312 128 153 81 133 276 121 263 166 220 190 275 239 259 115 114 208 147 231 215 262 58 97 316 105 95 142 164 93 222 262 132 185 50 237 44 127 202 266 64 146 243 183 68 62 88 301 105 219 92 142 98 117 118 55 74 225 146 
271 248 300 223 200 150 226 65 108 55 124 294 208 89 77 108 247 285 295 68 317 239 217 178 216 53 111 305 250 75 203 111 93 158 273 49 103 154 154 151 284 92 109 132 223 264 107 96 206 136 270 199 87 191 288 222 83 118 292 269 169 249 192 313 292 147 289 274 116 279 295 119 124 68 193 232 158 245 273 138 238 231 183 
112 286 151 186 282 135 83 148 157 112 234 142 167 53 220 123 240 109 114 209 241 62 210 203 195 207 83 280 251 83 282 292 255 227 72 116 66 227 177 124 225 43 210 228 168 284 42 48 138 300 197 244 224 56 248 115 244 258 59 315 137 88 308 74 280 99 237 104 54 263 160 105 205 53 312 87 310 88 176 236 165 40 184 
204 108 209 223 156 182 172 191 78 110 246 271 244 249 218 108 225 283 141 260 128 275 52 104 294 266 138 72 116 278 50 148 305 145 115 86 298 251 186 146 153 167 233 132 245 109 286 218 318 132 241 150 225 186 297 124 72 203 162 235 134 135 160 274 193 144 229 127 46 298 176 191 109 237 240 224 73 95 285 275 73 215 252 
305 272 256 58 310 271 245 194 239 272 115 294 172 76 250 186 267 205 278 45 86 215 56 167 202 281 47 240 73 133 237 192 214 267 132 97 304 235 298 189 126 257 202 74 276 153 136 232 180 304 210 172 318 189 159 246 186 51 218 174 223 184 118 224 171 235 150 312 139 121 101 219 248 219 110 53 262 195 120 200 159 121 94 
225 216 170 144 171 232 179 187 57 83 176 294 313 190 43 156 237 111 231 287 283 309 282 120 48 101 142 199 251 252 170 93 65 205 244 160 89 276 246 101 110 81 41 297 107 74 236 72 119 221 130 183 275 227 139 90 126 151 134 151 291 137 222 254 269 268 139 258 171 318 235 267 247 74 311 178 170 241 273 41 123 303 296 
315 235 234 215 221 272 199 135 273 118 140 199 200 88 89 91 47 201 108 124 167 146 306 170 170 250 153 136 311 258 174 134 55 253 315 196 264 219 112 251 79 112 282 50 150 138 301 225 306 295 47 293 254 224 200 173 92 240 201 238 52 230 167 240 102 285 237 166 258 301 203 314 318 144 148 94 149 144 282 183 105 156 233 
283 179 229 220 55 70 115 67 278 118 216 194 293 96 215 235 265 152 141 185 144 272 106 162 91 310 239 48 269 271 65 45 92 164 189 288 183 191 117 235 229 99 119 308 47 196 194 171 294 158 172 283 252 275 314 100 103 40 64 311 243 293 231 138 62 157 104 281 191 70 233 232 217 59 61 54 136 118 175 96 78 89 58 
180 47 186 50 78 318 279 70 250 94 57 168 208 312 244 296 214 285 120 94 178 208 167 265 138 183 40 105 246 123 204 276 226 129 104 104 273 53 173 279 85 290 61 126 195 215 142 277 214 64 99 192 155 169 223 89 230 257 223 103 209 95 56 156 168 85 63 232 184 73 305 223 81 255 207 96 45 162 107 314 83 314 314 
199 222 216 290 230 138 226 180 59 163 91 199 245 172 231 305 181 211 95 118 89 274 296 50 273 43 50 124 88 197 196 260 90 126 277 61 117 186 184 97 136 97 174 234 196 236 243 197 180 253 167 59 40 158 265 68 161 259 140 248 90 174 213 138 43 174 60 204 84 277 239 185 296 285 281 300 192 63 306 154 174 219 307 
177 208 48 310 113 246 83 73 49 196 81 74 173 228 209 46 248 161 147 77 245 214 224 219 170 238 302 90 119 308 257 95 97 239 214 276 306 258 111 168 281 258 190 124 151 182 73 186 69 196 198 81 228 47 158 43 155 154 40 52 121 318 92 129 168 59 230 180 84 197 232 245 284 68 74 67 220 145 262 147 81 164 261 
177 229 226 112 84 46 294 175 290 276 268 247 264 62 192 307 235 144 113 148 214 299 106 129 116 306 256 187 277 303 234 151 215 249 112 146 267 201 118 43 236 71 242 135 225 144 77 268 49 249 230 151 262 88 207 305 219 299 267 100 238 205 297 71 87 122 235 226 233 121 174 205 289 198 223 224 139 105 308 169 139 249 84 
315 170 191 240 253 303 172 107 92 94 257 316 57 69 298 279 229 305 87 274 90 278 194 57 298 159 49 88 149 200 106 94 191 118 138 235 144 62 110 286 138 183 226 223 128 47 197 131 89 117 174 170 200 165 54 230 237 282 272 237 264 60 122 145 74 284 206 257 283 223 259 216 212 284 42 51 165 136 191 106 211 237 95 
148 90 80 46 228 48 317 214 153 188 121 248 171 40 286 223 253 250 197 110 71 285 46 77 83 253 217 247 132 165 45 155 62 78 228 58 299 262 283 312 140 168 302 150 98 203 170 205 49 169 300 260 298 151 49 280 145 243 121 226 190 198 224 56 239 217 52 97 153 297 293 178 70 313 314 202 209 176 230 181 129 148 311 
