70 154
112 162 178 99 32 117 32 124 68 166 195 140 28 59 87 135 154 185 133 136 129 205 142 106 187 181 117 133 83 48 98 213 48 201 130 64 84 125 39 63 38 50 151 77 201 167 94 151 159 161 105 148 159 129 191 118 39 107 167 123 106 38 82 199 76 55 62 99 107 31 191 185 74 193 167 201 125 45 131 136 130 195 173 108 172 184 205 41 158 57 197 79 44 73 147 195 83 196 151 138 35 214 83 194 71 36 119 195 175 147 135 179 150 36 161 130 148 182 126 85 100 60 72 208 117 50 74 171 181 193 204 121 157 107 79 190 122 193 29 154 109 76 178 199 97 203 42 123 70 126 176 30 186 38 
89 89 120 82 108 45 160 193 100 93 53 164 184 82 70 84 160 109 137 194 88 42 77 72 56 53 155 116 215 77 114 117 195 205 178 48 112 132 177 98 128 34 151 108 162 129 54 91 71 169 111 204 162 164 134 212 208 105 98 66 48 212 63 177 35 175 180 207 175 60 116 202 132 123 148 185 193 160 82 114 131 145 144 189 143 71 204 27 205 96 91 31 185 38 130 182 86 192 107 88 75 42 157 80 173 121 186 73 119 143 127 64 170 118 62 187 101 70 188 46 204 38 112 213 157 148 91 184 215 102 177 121 55 195 87 56 202 198 174 117 85 68 29 177 94 196 72 192 122 134 45 100 62 48 
116 202 200 162 135 58 179 67 85 50 162 205 61 41 53 203 42 97 110 176 184 203 74 99 213 79 190 208 29 38 45 178 126 36 117 215 61 187 67 211 167 73 58 134 30 147 88 204 166 124 41 49 149 170 167 94 168 130 167 185 122 51 161 42 71 161 176 203 176 168 94 169 189 178 133 204 170 54 106 137 193 193 48 39 152 188 202 127 69 133 188 169 175 84 69 179 187 195 27 43 158 36 196 150 81 139 200 139 30 164 124 111 27 92 203 122 173 97 151 177 189 135 148 140 142 28 73 125 116 114 160 167 171 171 124 137 33 90 186 202 116 67 163 100 42 33 95 53 85 109 183 41 69 213 
100 53 205 116 56 178 71 84 116 81 174 212 156 191 187 167 175 202 211 120 87 40 48 66 65 152 33 116 46 90 73 135 90 46 176 29 213 29 93 40 114 116 47 116 150 120 188 34 129 112 110 83 68 136 64 195 45 29 29 96 59 162 215 195 62 90 69 29 82 206 62 176 177 197 33 189 84 214 154 113 47 41 45 155 121 175 63 122 101 159 75 88 148 101 77 190 51 57 49 203 154 63 43 146 155 126 101 109 156 134 154 75 114 167 163 192 28 187 157 210 130 168 158 51 27 210 190 133 152 192 104 156 118 142 126 55 177 33 93 210 146 68 183 205 32 190 103 162 193 118 104 116 42 78 
41 123 151 42 184 109 102 77 162 121 120 215 115 152 129 69 190 199 142 211 169 153 137 139 107 210 124 109 110 44 74 96 136 150 199 129 186 90 55 68 69 63 191 157 121 192 100 215 90 57 147 83 154 209 119 62 95 94 212 122 145 126 172 94 111 60 162 65 37 142 137 94 34 52 63 87 89 146 198 211 114 42 165 37 63 122 89 73 141 152 211 79 200 98 38 130 210 58 133 207 145 74 157 149 113 199 131 178 59 55 172 55 194 163 90 82 55 163 77 71 212 196 119 98 30 122 150 94 193 150 112 119 67 28 39 131 114 62 208 188 68 36 91 165 179 66 150 91 147 180 38 71 169 96 
106 141 28 33 125 155 163 70 60 80 187 126 98 146 185 84 85 71 177 161 186 130 210 120 85 160 143 212 156 56 47 186 203 179 41 137 214 28 161 184 131 48 83 158 54 106 37 41 128 119 140 29 113 195 113 70 156 203 36 135 183 35 131 176 162 48 58 180 70 41 122 112 177 200 185 132 71 157 173 97 210 137 181 48 183 60 50 171 65 141 100 88 123 126 53 193 168 206 92 71 95 138 182 130 196 109 163 199 208 182 207 127 165 128 28 35 157 58 152 149 109 189 184 162 213 186 48 162 79 34 82 198 93 49 61 29 147 40 210 206 214 36 167 135 88 55 118 116 72 45 156 170 94 119 
66 100 112 187 173 167 41 125 204 74 195 65 58 39 61 147 44 212 182 136 140 211 35 195 200 210 150 135 213 104 137 91 136 210 208 73 190 116 137 87 185 184 49 121 35 53 166 168 136 164 154 189 175 80 184 56 189 211 83 153 179 27 151 106 99 192 195 90 59 121 168 175 33 116 126 53 76 93 33 110 110 79 116 204 215 51 128 191 188 135 126 182 37 100 97 104 38 146 47 34 130 187 179 204 87 149 39 70 88 54 158 58 154 118 145 162 214 66 149 195 135 47 195 134 113 117 110 56 128 107 58 120 33 195 54 209 189 41 173 48 107 129 30 34 170 164 213 41 138 35 41 165 154 156 
202 61 178 126 116 129 190 86 118 42 210 131 84 43 205 73 177 97 205 194 60 90 134 75 146 100 175 118 190 90 158 83 72 176 201 91 211 193 163 215 35 126 123 93 187 89 69 56 67 59 203 139 124 173 42 209 94 50 195 183 45 108 128 183 81 49 45 88 121 124 31 156 110 82 120 214 214 51 118 111 45 203 124 129 173 44 80 98 105 117 148 109 75 175 116 34 72 169 105 181 140 210 85 139 68 206 204 74 189 68 143 193 163 152 141 104 44 112 30 35 150 100 67 123 92 68 197 43 141 149 76 47 98 107 190 45 32 57 130 73 140 145 124 97 136 141 135 44 173 181 123 171 74 53 
67 64 34 43 92 194 165 113 185 133 207 72 70 133 162 207 185 79 100 199 64 44 120 72 185 62 170 133 211 141 72 143 157 66 100 106 157 96 155 164 56 97 117 37 178 119 94 69 73 164 202 62 179 117 172 102 48 45 55 93 194 170 142 207 95 185 143 80 63 137 141 136 128 36 73 39 189 55 71 110 129 201 134 142 186 138 106 29 40 182 112 55 205 134 63 168 171 137 209 200 214 97 169 169 164 156 162 122 34 183 164 209 31 172 182 169 204 148 127 98 155 105 63 114 166 99 127 90 49 28 112 141 66 85 42 187 153 204 192 148 120 157 129 189 64 191 188 211 163 68 156 76 89 149 
178 159 66 87 75 197 182 167 123 152 91 27 29 39 140 83 163 131 95 59 73 84 72 127 90 86 156 85 174 130 191 211 73 139 110 72 163 73 137 124 160 208 53 132 37 207 64 159 176 162 195 65 92 114 124 191 215 139 87 102 132 43 62 108 169 148 122 58 167 29 201 47 196 152 209 162 39 108 206 174 174 153 45 121 137 164 159 91 88 108 73 213 165 69 143 28 68 55 89 94 187 185 59 170 114 90 202 50 167 193 103 145 196 164 94 29 151 43 149 139 184 47 180 92 188 174 128 123 155 42 119 94 33 65 137 103 62 48 77 35 164 108 175 100 76 76 56 94 117 173 54 213 64 161 
53 50 133 59 54 40 114 136 105 159 27 89 142 108 74 30 159 123 80 155 122 85 125 108 121 171 132 143 201 131 120 166 39 189 67 38 88 102 174 181 55 207 133 105 121 154 192 149 186 39 143 185 81 156 163 108 27 188 141 84 28 60 182 116 64 140 191 41 98 173 195 31 146 132 68 193 38 82 176 143 79 124 149 91 104 198 86 146 100 102 38 192 190 107 108 122 192 33 40 209 109 155 109 137 126 209 89 171 105 149 172 139 117 202 126 214 42 60 54 89 197 129 40 118 31 204 213 136 63 189 181 134 84 83 116 133 169 148 137 88 73 106 141 34 127 28 94 83 42 101 187 162 29 205 
73 99 62 135 175 144 164 176 40 186 185 74 65 62 69 205 102 62 104 167 143 183 101 187 43 79 47 59 185 37 183 55 201 131 215 49 106 44 40 34 147 162 43 191 191 92 45 189 100 205 66 65 175 195 79 106 144 128 107 203 56 192 37 92 52 160 80 181 98 96 131 68 32 95 103 86 45 164 150 77 126 108 213 40 141 84 98 209 45 152 141 132 103 29 131 211 54 36 200 213 82 120 142 89 190 198 161 107 155 111 201 202 46 65 176 161 189 185 31 72 210 47 33 120 63 187 124 145 178 96 71 54 139 159 113 49 184 71 116 124 37 30 107 191 29 180 115 82 117 33 78 97 60 130 
54 125 127 155 152 146 176 42 210 99 44 188 30 119 164 41 163 135 63 28 85 51 168 76 152 89 130 47 206 78 213 28 181 142 68 43 40 46 76 63 63 214 147 78 142 161 35 123 131 156 42 174 136 123 144 39 93 125 106 183 143 138 122 74 211 86 112 184 133 56 209 134 124 208 70 151 36 43 171 94 165 49 168 165 75 180 155 42 83 123 214 215 134 99 63 198 95 194 65 90 162 36 69 38 72 165 78 200 195 105 132 128 68 44 168 110 116 167 34 124 91 175 60 42 191 113 207 61 31 194 115 134 186 176 162 97 94 62 133 139 83 193 137 40 150 152 78 54 45 74 83 110 166 77 
35 46 157 99 107 130 135 115 175 104 170 58 112 61 103 58 87 34 42 40 204 91 119 88 36 191 100 134 28 80 133 65 204 95 136 48 41 35 201 47 206 153 197 208 150 151 71 43 124 78 79 158 209 185 46 125 45 87 115 59 206 62 183 153 47 162 64 98 91 70 106 91 201 39 135 44 78 39 53 83 129 117 37 117 88 198 63 196 204 165 39 154 69 129 161 180 111 85 137 32 48 48 70 130 110 71 41 194 207 151 66 97 61 75 40 151 54 119 27 177 54 102 108 115 105 138 69 117 29 40 196 132 101 40 180 105 76 47 185 175 112 128 68 132 100 75 212 118 151 148 209 100 106 196 
176 86 109 60 83 91 194 47 35 93 192 185 63 42 203 35 30 74 140 129 100 64 49 128 133 209 105 196 135 59 169 43 75 120 153 50 106 101 130 182 83 105 118 27 90 126 171 201 130 75 87 190 94 158 169 137 163 75 110 196 99 159 36 173 201 130 208 96 29 67 145 174 109 198 93 192 168 151 46 134 40 104 76 177 65 198 37 154 210 51 190 194 168 50 186 127 29 197 119 87 109 132 59 137 138 167 182 52 196 139 158 88 99 184 78 119 158 100 88 49 159 194 76 90 161 175 186 48 49 215 128 95 213 174 71 77 80 188 210 131 173 173 62 67 75 80 107 161 101 196 55 151 37 67 
59 41 169 138 171 132 90 33 186 99 170 81 152 77 197 153 86 172 43 185 171 37 91 174 28 85 205 170 145 110 128 130 213 37 56 57 166 160 167 140 72 211 199 66 112 183 181 31 164 149 207 168 120 42 199 141 101 101 101 193 125 34 103 46 179 59 76 60 105 61 202 60 125 117 106 92 191 188 176 167 58 79 63 200 119 204 165 179 82 197 192 190 47 183 149 43 182 209 164 104 166 152 113 48 39 159 202 46 43 34 111 62 36 47 175 113 146 87 87 202 196 100 204 29 89 183 173 72 85 201 170 39 56 72 105 81 70 181 196 62 132 193 101 160 197 88 106 202 137 163 201 130 114 101 
135 41 196 190 196 83 149 129 145 108 175 176 144 162 112 45 115 146 77 198 99 61 204 209 66 45 151 34 132 212 212 132 113 76 85 204 99 52 199 197 199 118 195 119 193 104 147 202 69 109 65 158 196 49 47 152 157 199 86 68 140 207 197 144 110 184 112 136 185 149 33 40 167 106 53 181 124 128 103 105 202 127 176 27 177 57 63 201 186 199 107 146 199 156 99 110 40 173 145 145 96 71 126 70 207 167 211 101 137 194 184 32 194 202 137 70 179 162 86 209 89 90 147 179 168 106 86 186 85 121 198 62 65 156 119 80 104 33 119 129 122 170 212 44 95 114 176 137 197 207 37 98 74 117 
144 136 44 174 174 196 64 195 101 62 203 106 27 142 108 88 85 162 67 142 117 197 199 153 56 40 203 108 92 69 121 47 65 84 38 126 115 76 64 123 162 208 200 51 138 66 52 46 43 159 145 53 203 215 198 127 40 212 118 161 161 153 155 36 70 150 51 178 197 44 185 100 55 193 141 52 122 154 88 57 74 200 176 204 151 123 174 48 42 125 55 145 191 190 130 66 208 184 126 197 157 148 64 72 99 189 115 197 185 182 73 123 75 115 119 142 135 157 29 57 170 111 101 77 101 109 110 61 60 209 141 120 177 77 129 142 74 97 184 195 29 46 133 188 42 99 146 125 176 146 127 76 111 178 
81 190 207 121 144 175 133 113 112 148 98 202 41 48 214 176 32 44 61 129 147 69 144 208 121 177 80 35 155 159 150 202 175 102 153 53 105 171 42 80 200 56 64 66 84 159 191 129 123 51 158 152 215 138 103 204 50 159 186 118 75 135 174 136 66 74 76 132 111 111 209 85 67 144 70 148 200 123 154 43 44 121 122 161 192 52 121 68 149 170 190 191 165 205 123 85 193 204 103 36 56 165 72 42 106 99 175 126 200 29 188 156 44 94 102 152 202 140 191 96 68 171 67 140 98 37 60 42 95 212 143 150 176 163 110 64 119 130 147 142 120 190 75 149 183 92 75 214 71 111 54 166 68 169 
207 106 200 73 123 82 185 33 172 193 152 139 30 102 97 71 81 29 52 85 75 109 46 172 34 121 207 181 43 165 82 36 28 181 96 128 104 212 144 56 202 68 99 138 204 121 78 157 85 90 124 128 122 109 45 35 39 47 152 38 192 202 206 114 143 50 86 32 174 169 51 55 101 31 51 151 209 41 192 86 169 198 98 85 132 90 167 168 116 116 28 115 161 62 155 185 192 34 77 149 87 121 178 208 104 143 168 64 119 103 73 50 28 103 52 139 143 165 160 112 51 164 37 130 88 199 49 194 67 142 83 29 167 149 200 60 41 180 58 109 41 126 135 82 129 97 101 35 200 171 174 191 213 93 
204 48 163 179 28 116 199 48 59 66 85 84 174 124 135 54 47 127 154 81 104 167 156 88 108 56 211 119 122 164 89 133 211 180 108 47 115 209 182 37 157 145 198 142 106 66 109 77 92 119 148 66 108 174 42 77 211 211 183 196 177 194 155 111 106 213 30 165 94 213 55 61 120 73 68 74 98 97 148 131 47 168 51 139 38 72 118 83 179 197 33 143 155 92 191 152 159 109 64 27 80 157 180 138 74 140 159 136 60 100 79 46 82 40 152 129 116 65 164 52 50 123 88 164 204 96 186 171 86 30 90 35 94 140 204 116 161 181 66 97 44 79 123 122 211 109 182 182 136 195 165 115 208 137 
156 159 43 45 145 27 179 84 135 31 201 99 74 172 35 209 145 182 196 132 69 90 132 51 157 214 35 105 55 185 29 211 77 62 32 159 90 97 199 38 183 195 207 162 155 123 118 87 95 127 48 173 101 27 213 124 101 33 149 172 112 102 107 74 215 170 56 185 59 212 201 28 61 79 106 34 51 115 112 185 118 198 192 188 112 154 173 57 112 210 58 114 114 200 29 57 111 197 140 111 38 80 40 154 140 92 81 202 162 124 153 64 184 101 134 143 61 116 95 136 178 213 74 172 44 143 127 33 165 100 120 93 30 137 76 38 209 133 29 93 196 74 82 193 150 187 65 50 183 171 121 47 123 86 
60 90 91 188 200 173 211 177 115 97 193 132 185 186 60 60 131 78 185 147 201 114 162 131 150 211 163 196 97 175 86 189 160 137 153 87 107 142 44 47 126 48 46 68 113 106 202 143 119 61 130 189 207 135 157 66 176 124 81 87 212 187 116 39 165 158 124 181 117 69 30 48 175 83 208 183 158 97 200 67 124 90 98 44 163 133 57 85 72 163 198 208 144 47 78 34 169 190 124 29 182 165 186 146 48 152 134 71 161 213 29 189 113 212 54 141 121 209 163 146 166 46 204 164 174 207 101 157 57 175 33 106 167 138 155 128 168 45 77 175 134 72 46 188 191 55 169 104 189 195 28 194 54 199 
89 31 28 43 86 91 89 203 172 127 118 112 107 190 108 118 212 83 152 207 188 57 206 214 40 142 109 103 177 156 205 177 45 90 197 153 124 211 50 32 75 183 66 80 170 86 194 187 211 63 109 146 161 130 121 156 202 108 154 124 151 135 120 175 51 53 122 204 149 122 177 37 99 52 122 195 96 99 210 212 70 169 125 70 171 62 207 198 99 110 113 156 177 27 195 36 146 55 197 135 52 99 89 31 71 125 129 29 164 97 150 108 203 213 187 174 148 38 189 140 157 157 209 182 136 211 71 54 197 154 146 135 153 212 186 204 121 149 33 94 164 69 79 99 192 29 200 172 215 179 123 91 113 138 
206 57 55 128 166 29 90 123 150 127 190 207 109 41 159 35 191 133 29 89 203 81 37 83 174 214 75 188 136 70 168 31 183 123 202 171 166 165 58 203 214 139 209 195 43 139 40 209 101 92 31 69 185 117 180 107 37 42 74 108 69 143 94 143 45 146 142 129 87 54 67 63 116 48 99 198 54 58 88 147 143 194 115 49 134 132 135 158 104 167 184 38 212 119 172 90 155 163 129 57 205 118 52 150 71 126 60 83 208 69 191 126 96 59 90 31 113 50 188 79 135 99 101 179 122 164 161 30 200 110 164 209 61 211 157 55 70 136 85 197 167 209 68 114 197 125 195 95 87 178 149 86 91 210 
93 101 112 45 69 115 142 55 112 42 212 169 161 123 65 140 76 43 161 139 210 141 175 88 59 139 95 164 77 36 155 86 122 164 209 214 88 94 188 30 75 110 176 208 170 104 71 190 132 173 134 113 38 27 101 107 28 213 173 104 193 115 191 198 43 96 204 159 99 207 153 132 190 194 35 118 46 74 61 45 191 203 101 152 29 32 82 119 142 66 213 53 142 31 28 42 114 84 148 102 137 170 150 44 28 59 84 73 70 35 95 117 51 205 29 87 136 60 210 169 213 142 110 136 109 57 71 47 149 157 113 197 93 146 89 148 63 46 75 105 66 176 52 191 206 211 27 157 160 154 94 34 127 112 
204 126 103 130 52 137 135 91 124 196 178 56 172 158 44 128 206 153 208 161 130 211 88 192 154 56 111 116 202 187 85 129 104 179 201 114 93 60 39 120 159 164 56 32 215 59 149 163 61 91 190 75 138 64 103 150 186 98 62 27 48 173 148 141 78 96 186 34 206 30 117 134 146 188 162 36 136 205 207 165 193 99 77 48 106 144 168 93 88 147 173 108 171 118 172 32 205 130 120 99 112 83 133 73 155 54 124 96 103 185 75 32 88 124 211 206 53 201 86 113 153 167 175 149 198 159 112 145 139 182 60 115 104 152 119 175 91 138 103 143 127 74 42 172 134 68 76 150 57 93 43 116 131 98 
190 80 196 215 117 215 121 84 100 142 184 42 179 160 163 63 185 176 90 103 190 75 51 95 168 140 40 92 65 43 102 96 124 38 194 145 104 105 160 214 142 73 173 164 71 46 132 163 189 95 168 139 83 187 130 135 122 197 172 153 135 148 99 105 182 182 41 129 140 39 140 196 54 126 164 113 171 90 184 41 116 126 124 206 143 157 115 215 42 125 210 83 172 152 105 75 113 52 168 128 33 85 162 176 148 92 144 115 152 205 100 132 126 68 132 55 161 210 152 34 142 30 109 125 194 160 57 167 158 81 93 114 190 58 158 114 212 41 38 198 45 125 161 67 182 45 165 187 142 85 127 212 180 111 
167 41 82 98 31 98 146 156 150 192 30 137 131 206 71 62 186 46 101 107 169 48 101 85 114 77 171 162 160 98 170 207 173 174 77 158 127 151 186 186 68 56 182 201 37 62 111 99 109 93 150 43 143 64 141 164 44 62 98 150 183 36 68 37 212 125 164 70 208 47 119 142 84 99 74 113 160 145 75 165 170 196 169 162 169 38 128 64 56 95 206 92 77 109 110 165 165 29 100 114 137 170 205 92 92 161 63 147 52 185 171 173 174 106 187 181 144 36 118 62 145 92 144 41 57 170 52 161 139 82 163 105 58 32 153 48 116 49 179 135 210 154 57 32 195 37 97 61 84 151 88 169 173 176 
41 59 170 212 138 110 61 116 72 104 68 46 117 91 71 127 56 202 42 70 45 74 204 149 79 55 167 97 129 110 109 103 122 121 35 69 42 45 130 190 70 84 28 128 75 87 74 113 65 125 137 75 207 178 62 117 61 142 170 138 182 175 170 211 195 114 101 70 112 163 107 165 97 28 56 82 96 157 132 161 180 211 45 74 108 194 139 198 69 119 201 134 182 198 86 48 190 54 152 75 31 206 96 126 125 43 58 65 76 63 31 64 123 207 211 117 42 159 200 166 182 50 129 117 104 129 119 100 66 57 162 206 183 198 92 152 56 81 105 98 45 203 180 196 208 56 88 209 130 154 211 48 152 80 
201 70 34 128 211 61 46 155 126 161 48 63 31 49 202 54 77 36 53 119 76 92 72 42 97 121 178 43 149 166 141 124 192 29 54 185 33 89 125 127 181 210 90 172 192 66 122 117 90 138 92 131 105 202 112 30 210 75 154 205 145 196 194 154 87 148 70 120 68 96 39 161 109 32 132 206 107 84 163 199 95 101 127 175 166 207 115 202 137 59 157 96 150 156 57 125 60 64 32 199 127 198 76 194 141 113 57 78 147 73 107 70 135 212 115 44 167 113 89 132 132 134 164 111 128 34 189 49 120 125 118 143 171 97 197 54 80 159 75 195 57 132 72 195 182 194 53 211 173 126 161 160 45 80 
74 124 123 67 108 87 36 209 50 138 35 126 131 167 132 70 57 179 182 209 183 171 113 56 194 105 68 207 112 89 128 104 203 193 73 129 191 29 172 54 112 179 32 207 88 210 192 196 177 99 123 127 97 54 65 187 166 121 198 95 105 39 183 86 155 135 187 58 107 77 200 204 180 164 160 202 137 59 182 40 197 160 106 27 42 48 149 57 137 38 91 39 142 208 107 141 43 190 95 205 195 179 127 189 191 127 47 61 190 45 163 49 89 164 86 160 183 178 146 202 31 146 114 66 162 69 196 107 71 76 122 179 42 128 98 61 54 124 184 126 45 84 146 62 74 96 27 200 167 169 188 71 96 123 
102 146 200 168 108 80 57 117 179 50 67 148 164 87 122 159 176 113 142 52 27 58 38 152 142 96 192 84 32 110 29 182 209 121 39 65 45 44 49 72 48 91 150 190 116 88 124 184 86 154 197 68 172 93 51 51 109 68 177 114 165 105 185 156 78 202 57 86 159 76 88 164 62 214 179 140 97 50 208 55 178 185 45 96 188 57 78 192 189 46 117 102 174 34 176 88 169 212 70 67 35 188 66 71 145 153 185 36 132 154 210 71 113 177 49 177 40 102 34 146 34 67 201 90 143 87 177 111 28 60 182 67 37 37 177 153 37 177 207 112 128 83 100 104 131 45 33 172 185 78 178 45 44 42 
79 197 131 153 96 93 139 162 102 199 175 110 159 127 132 166 194 184 202 188 195 187 103 214 133 212 42 47 198 90 37 176 93 56 55 144 140 137 93 148 158 40 32 46 50 87 29 41 28 149 117 62 52 88 55 131 135 196 114 27 57 75 126 196 188 134 92 163 182 151 206 158 92 193 204 100 117 71 72 41 48 99 203 131 139 69 140 202 93 33 148 38 69 194 35 52 172 31 110 82 84 89 164 108 195 62 180 199 127 95 142 114 122 89 197 159 70 176 27 91 133 161 57 55 88 116 40 184 70 183 116 56 59 64 185 46 196 101 83 130 49 98 132 148 55 181 143 102 136 191 105 161 82 198 
128 150 130 144 75 121 104 44 97 30 76 188 191 155 135 61 60 84 132 110 64 48 58 137 180 131 31 151 66 57 173 53 179 66 109 105 85 166 214 63 83 70 120 119 45 204 107 34 211 207 121 133 114 134 86 177 207 41 175 162 202 170 123 141 214 163 50 131 27 184 206 160 153 173 196 101 69 95 69 142 90 104 38 95 207 150 126 176 127 31 153 41 62 174 83 56 141 213 161 42 128 126 174 93 123 31 180 92 169 74 54 187 197 68 181 134 115 182 190 134 73 66 207 194 148 179 181 206 57 106 122 174 57 146 28 102 93 118 63 47 195 73 195 116 178 108 87 100 118 144 85 58 111 113 
170 148 32 195 81 36 153 92 34 125 207 105 202 106 44 107 64 82 76 59 62 149 131 168 137 98 198 153 48 178 67 47 57 134 75 195 89 88 195 136 61 203 152 67 193 78 99 122 136 73 85 108 178 87 104 49 111 137 160 78 108 45 122 124 42 50 56 146 137 36 135 91 148 46 187 157 161 140 95 125 153 80 101 99 146 116 166 172 166 31 152 204 157 94 126 174 173 28 124 168 118 85 91 92 44 47 170 160 132 164 58 124 104 137 184 205 214 54 82 153 165 207 71 53 71 35 163 174 92 50 152 88 139 112 110 67 105 121 181 64 159 194 156 63 85 157 190 144 212 128 87 87 177 70 
157 127 129 81 128 56 189 100 192 175 173 55 212 62 44 133 100 108 138 71 153 120 165 214 198 190 90 194 35 68 101 63 213 116 75 171 176 82 68 59 210 166 174 70 114 172 64 159 170 188 84 115 167 125 51 188 110 89 87 117 114 146 88 81 192 173 153 41 129 213 106 66 161 49 30 179 164 143 168 101 176 147 162 136 128 95 80 98 28 141 71 173 36 137 141 156 63 62 68 92 163 102 176 163 58 204 153 201 171 169 193 52 78 74 45 164 128 101 184 127 66 192 56 78 152 190 67 81 60 180 28 172 195 184 124 151 186 33 207 128 35 164 131 144 199 53 49 189 47 189 48 143 182 74 
132 51 78 78 138 49 173 128 34 85 186 96 45 157 154 86 212 195 200 44 38 58 145 201 94 186 96 125 62 83 204 86 204 109 115 49 78 198 117 69 65 70 74 159 125 140 151 100 172 150 162 105 107 134 145 63 127 117 176 196 136 118 113 113 162 133 44 164 76 121 91 155 156 92 56 60 188 199 68 86 72 152 106 127 193 164 36 116 33 65 141 198 125 154 162 172 180 156 95 132 54 188 94 198 132 52 93 78 192 141 68 188 137 107 163 54 73 148 71 167 194 198 128 186 164 69 94 37 181 29 117 113 46 196 181 143 110 142 214 117 43 82 136 207 128 70 43 190 202 84 181 107 54 144 
203 54 70 187 205 202 139 130 54 34 149 106 113 182 90 90 48 130 66 177 151 127 185 177 43 156 133 59 215 151 104 84 28 215 200 97 144 160 103 161 181 81 31 205 108 53 151 60 95 143 198 83 190 84 149 193 35 210 165 182 55 100 152 114 93 142 100 92 159 127 154 93 156 209 153 161 92 118 187 77 76 43 206 45 35 43 149 32 104 72 73 61 44 195 58 101 199 89 207 107 204 191 67 211 157 92 145 160 118 72 74 133 207 74 136 185 47 50 177 184 72 31 121 150 158 196 115 84 56 194 29 95 52 147 192 28 55 136 172 28 201 187 46 34 114 78 119 148 171 27 64 38 116 140 
188 97 125 205 171 135 198 55 110 81 59 136 33 106 73 112 159 62 182 115 62 116 105 92 208 97 175 120 97 171 106 171 122 67 155 128 79 53 164 96 180 105 208 97 162 117 103 150 115 104 52 39 153 157 158 175 50 213 27 87 71 57 51 137 144 173 187 168 169 42 205 180 178 41 144 128 92 212 85 49 188 42 51 157 51 155 109 132 206 179 85 105 117 196 173 98 66 51 27 70 212 104 97 145 130 159 205 34 77 32 74 36 161 137 192 43 58 44 28 121 95 28 103 102 135 149 197 93 95 44 157 63 122 132 180 213 172 41 174 198 88 77 102 174 143 173 193 112 83 99 32 188 101 95 
104 92 30 125 61 211 195 183 76 181 81 214 183 38 59 47 177 52 152 75 200 59 144 74 43 179 83 152 97 189 54 193 55 32 160 174 149 165 157 211 72 185 86 71 45 198 102 104 160 149 39 68 92 89 187 207 50 167 48 69 125 195 135 61 191 153 87 143 114 119 99 81 46 137 44 136 33 142 183 43 152 91 165 179 114 194 56 158 35 108 87 53 113 46 139 48 74 205 157 52 55 121 105 121 49 205 177 170 181 145 35 141 194 129 215 41 36 185 115 145 92 166 104 104 128 30 138 49 105 114 83 164 48 80 137 64 27 169 165 82 94 202 68 197 146 103 72 77 192 91 181 148 205 141 
128 88 143 202 32 194 127 178 103 91 144 190 55 87 77 39 74 95 87 50 98 198 144 35 211 126 137 60 86 118 67 155 72 161 57 123 115 111 185 117 34 65 206 129 42 82 213 72 187 206 46 208 214 99 164 100 27 129 63 31 60 123 179 176 67 88 125 207 62 182 96 44 78 92 70 141 112 124 131 44 154 41 74 87 123 116 174 110 104 107 115 60 86 199 137 119 62 65 32 161 202 76 188 36 87 137 187 50 32 192 79 76 31 202 31 46 68 105 174 33 59 90 152 43 49 76 112 27 34 133 54 121 54 213 184 188 107 104 181 131 109 94 81 208 141 95 159 207 120 60 106 134 176 115 
80 138 86 69 98 32 201 150 112 80 28 113 76 85 142 188 146 115 28 156 172 93 197 105 35 83 153 182 62 102 179 179 42 148 115 134 53 40 195 126 198 131 196 215 107 181 153 189 58 188 104 85 163 130 106 29 134 86 85 59 79 112 198 124 178 142 188 178 136 69 33 195 183 62 176 194 174 90 37 200 177 39 129 103 110 119 111 104 57 64 154 50 152 189 178 153 156 70 188 127 67 196 186 148 33 109 122 152 116 32 169 135 122 210 73 147 105 107 35 49 135 30 169 159 174 180 72 193 69 98 129 162 166 87 63 86 116 160 205 41 183 52 51 171 127 43 186 101 181 182 154 117 179 50 
144 195 164 67 189 180 196 86 45 178 130 37 171 147 88 54 164 71 117 137 70 192 95 108 49 107 144 115 184 115 95 166 109 201 153 106 137 130 40 159 57 138 113 189 215 97 31 132 61 142 192 173 142 85 91 151 181 207 190 208 176 215 70 162 67 147 90 186 119 66 208 158 42 166 93 110 212 158 27 215 191 55 52 129 188 31 184 157 196 87 149 143 92 125 31 111 128 161 169 214 36 160 177 45 86 121 81 113 163 184 61 103 82 79 208 104 207 125 35 89 153 66 120 61 64 104 118 156 186 62 29 108 125 169 82 68 99 97 147 147 120 131 118 141 38 31 136 214 37 139 183 196 124 104 
214 168 134 87 113 183 151 139 101 202 178 163 201 100 200 111 65 81 164 127 206 112 72 81 61 92 206 88 124 115 83 111 200 209 44 114 62 199 67 179 116 114 89 175 123 155 193 37 70 199 192 144 97 82 142 83 192 141 90 138 181 195 184 90 92 109 178 160 99 189 69 110 30 206 205 56 149 87 111 51 170 139 200 116 151 120 36 59 89 94 179 87 63 28 129 106 176 209 122 92 102 46 163 135 117 75 51 184 34 129 172 183 172 46 121 102 44 108 79 140 174 191 49 138 209 180 105 179 136 201 34 115 182 185 139 104 49 112 197 143 50 45 111 200 61 83 149 192 158 168 66 172 170 123 
131 177 90 156 84 108 89 149 29 181 48 78 39 50 121 202 154 70 47 94 203 33 67 116 132 155 72 90 166 93 166 111 81 188 48 51 169 68 73 176 183 204 166 168 64 168 27 197 196 35 132 69 195 53 54 147 181 168 215 71 94 214 145 63 33 94 168 37 175 66 182 157 148 131 30 98 29 80 61 128 176 74 55 139 135 90 40 141 108 182 189 73 99 180 52 110 196 158 177 95 172 128 213 197 198 34 57 77 29 71 127 206 212 37 160 54 135 59 123 57 175 84 137 203 69 83 151 188 31 83 134 189 126 39 117 201 209 181 164 37 125 63 93 183 73 189 103 154 134 66 153 31 38 28 
202 189 147 175 33 197 40 28 119 211 91 173 163 183 183 47 106 215 114 119 170 157 29 137 57 97 161 161 63 119 184 202 55 120 185 210 78 123 95 186 212 80 45 166 136 148 147 201 84 146 93 178 176 119 118 136 151 109 190 62 125 84 160 91 120 59 51 196 205 202 213 47 92 48 148 101 90 183 137 85 131 213 80 82 36 196 31 143 38 91 70 51 60 105 62 158 160 194 82 45 132 70 112 151 191 180 103 197 162 157 143 95 165 168 66 191 65 147 30 169 175 108 139 169 208 44 37 191 127 121 155 66 132 133 102 147 138 142 82 152 52 114 115 164 124 187 55 125 138 80 75 91 190 134 
211 169 146 84 74 171 65 172 73 209 204 173 123 211 34 145 199 83 178 211 199 208 89 166 118 93 95 89 83 32 207 169 90 133 191 186 166 42 160 185 198 162 147 128 119 174 98 72 45 83 214 143 46 174 162 73 106 41 95 192 50 50 184 74 190 91 129 207 75 135 101 188 106 151 123 68 134 112 145 186 77 189 106 163 167 161 185 70 193 28 212 205 115 72 150 64 209 209 183 65 88 174 97 49 75 117 143 78 28 132 133 67 84 85 187 68 58 85 166 177 195 112 130 172 47 197 37 52 169 182 113 213 189 197 71 155 139 184 86 136 185 88 134 77 203 158 188 68 50 61 180 205 177 177 
135 198 139 106 37 212 37 27 117 99 181 157 65 94 162 49 76 119 169 128 200 85 185 176 87 57 123 164 211 59 59 61 194 166 145 128 177 107 177 209 212 205 152 64 95 91 166 137 63 83 163 193 73 101 60 47 87 85 29 98 98 51 202 69 118 209 134 173 32 126 49 30 147 78 56 144 130 69 166 112 148 72 71 211 154 94 181 29 140 27 135 49 104 163 39 53 109 49 58 160 52 192 213 42 104 39 87 188 67 165 76 179 63 53 157 164 138 102 186 186 46 79 155 117 114 49 82 167 118 178 43 89 96 37 91 154 89 112 92 85 158 94 86 92 122 75 193 65 143 122 131 36 157 144 
67 79 36 169 131 117 203 157 195 153 139 37 116 202 141 197 109 159 156 137 192 93 105 107 77 126 166 103 183 64 105 211 43 73 109 132 93 144 31 128 153 83 85 213 96 40 169 111 89 200 27 37 52 95 84 87 181 116 89 138 127 203 171 209 165 153 73 191 37 110 61 59 198 162 169 92 48 111 189 111 153 123 68 177 215 168 194 201 129 51 192 207 92 199 199 155 74 48 141 172 166 155 123 189 52 207 80 57 147 121 131 137 167 63 195 90 89 144 176 177 186 165 142 171 84 214 184 198 121 159 30 167 203 180 130 207 29 46 27 88 65 102 32 49 215 94 41 43 138 65 44 41 82 183 
52 107 199 152 180 144 169 185 92 102 127 179 31 194 73 148 54 98 176 36 200 28 125 131 137 49 66 39 152 45 44 143 201 47 169 145 159 100 109 116 89 165 72 67 67 54 84 50 83 49 67 45 57 80 87 99 207 49 110 193 110 125 214 211 40 96 50 181 31 89 72 70 89 53 50 183 208 154 112 193 110 118 147 30 50 154 153 118 50 176 125 179 106 207 97 88 60 125 177 175 167 199 56 53 66 171 160 107 58 169 208 152 34 59 156 201 96 48 215 153 120 117 195 214 33 114 174 49 64 149 192 37 123 33 36 34 133 77 68 75 175 69 78 29 83 149 40 51 49 117 52 105 72 151 
89 105 171 176 177 190 187 115 203 74 54 107 208 177 215 134 98 157 66 192 114 171 178 97 69 134 156 188 85 213 53 182 91 39 198 126 52 188 207 88 145 48 178 100 40 42 93 46 67 36 76 90 172 202 74 208 33 104 177 146 128 112 188 163 148 171 111 207 61 179 44 43 162 93 57 178 186 69 162 157 72 58 113 82 186 202 164 175 96 106 213 36 189 57 173 120 126 87 129 177 184 187 137 194 151 200 190 190 147 165 37 82 108 209 47 171 44 140 177 139 152 68 46 31 183 30 157 129 52 150 81 190 148 57 51 69 100 48 45 141 45 55 89 191 45 163 139 209 92 66 31 82 209 176 
60 204 154 208 46 126 43 128 210 32 89 89 128 194 60 138 142 168 31 180 214 56 147 65 45 63 39 154 46 102 126 67 201 142 29 140 34 192 206 91 83 145 145 51 96 149 52 189 112 44 211 46 191 30 202 197 47 36 28 45 114 91 132 38 191 182 213 44 122 53 51 84 35 155 176 139 84 110 160 177 144 76 131 110 197 162 58 33 84 94 181 95 151 58 121 120 69 129 31 145 146 150 170 28 82 81 214 90 103 64 62 97 200 183 53 107 152 193 174 131 36 74 156 150 144 109 169 130 214 63 41 39 84 166 37 55 37 97 83 72 115 95 184 199 63 205 122 38 92 201 56 197 123 159 
179 205 29 166 59 93 193 54 121 182 171 192 205 55 150 63 179 166 103 29 166 70 95 40 66 150 168 27 171 70 128 212 59 97 148 103 89 100 172 210 154 92 52 199 184 129 186 134 28 132 124 122 43 71 126 171 66 36 109 105 132 158 177 138 176 168 151 128 33 122 188 204 169 97 57 117 64 208 182 125 133 139 184 204 31 65 163 28 190 123 42 47 61 33 145 206 65 85 212 97 79 54 121 172 84 205 158 88 191 171 184 149 100 56 196 203 83 123 127 193 204 139 48 126 171 214 132 42 211 156 100 175 153 214 103 122 34 29 166 68 195 155 133 74 158 68 69 50 141 146 73 196 91 173 
158 122 53 77 108 204 87 89 199 57 170 135 106 100 88 40 27 86 77 79 167 157 137 86 118 195 167 104 61 77 148 111 167 77 70 131 194 201 166 162 39 79 136 57 165 166 155 127 140 150 115 49 204 58 159 193 37 101 210 127 120 82 205 129 200 59 156 102 27 79 145 167 122 80 143 167 40 182 30 165 97 128 36 142 96 112 158 78 44 177 146 83 98 43 211 35 146 138 140 208 200 131 199 165 73 46 161 36 117 187 82 154 153 174 200 55 160 146 30 54 188 127 36 71 45 114 150 210 104 32 178 213 184 169 201 177 153 60 55 199 109 143 212 54 63 208 62 142 107 145 192 87 140 126 
49 70 162 85 196 53 127 52 135 163 97 90 28 160 33 62 135 147 69 46 66 142 153 81 86 209 85 38 53 32 115 96 161 124 142 138 103 175 194 62 200 122 141 112 84 176 68 93 184 125 109 28 75 158 34 191 186 130 89 214 65 178 65 122 57 63 44 44 152 131 214 71 200 34 149 89 45 80 212 145 96 89 188 42 37 41 77 179 32 108 52 61 121 162 155 36 123 90 33 84 132 53 213 64 171 122 108 32 206 210 155 27 65 135 85 130 38 186 153 211 211 125 132 141 68 195 149 140 198 191 47 105 215 103 52 197 91 179 134 81 88 36 64 67 92 118 158 85 171 121 110 148 50 165 
214 106 139 188 44 105 205 43 61 178 152 51 38 34 29 66 166 86 208 30 123 194 73 101 209 46 37 211 103 134 27 179 54 119 28 204 121 144 205 215 34 178 104 99 195 43 188 186 58 147 52 199 71 58 160 168 76 95 211 213 190 59 141 167 78 50 190 170 46 72 86 46 153 207 44 128 169 52 102 177 148 139 52 179 69 183 96 164 32 210 67 82 193 143 147 121 64 43 92 118 76 155 60 74 47 118 142 215 76 108 128 152 125 97 34 182 208 198 207 71 123 123 27 161 75 207 198 149 35 114 107 86 87 165 48 103 181 160 171 43 174 92 211 167 65 42 206 147 33 207 130 197 32 100 
183 65 59 53 200 192 50 175 42 193 169 207 109 27 208 97 73 36 153 77 174 115 174 84 119 110 58 80 35 69 88 208 45 104 130 97 32 88 108 34 43 187 55 152 126 42 121 85 82 203 176 161 45 211 56 36 64 169 40 185 88 82 136 127 190 172 129 49 132 173 31 151 213 154 187 204 73 129 111 37 197 202 96 140 128 54 80 107 74 94 91 42 117 110 33 213 208 52 183 94 33 136 123 31 92 143 61 73 57 102 77 208 94 130 169 140 180 209 202 210 95 114 131 72 131 140 212 30 142 54 156 183 209 164 157 45 126 67 213 110 134 215 186 41 186 40 34 101 89 126 130 131 172 113 
34 57 112 131 126 104 184 48 31 80 84 81 151 173 148 62 184 193 184 110 51 198 134 208 39 132 188 148 147 190 189 171 143 210 173 181 114 30 152 174 142 142 118 64 185 59 117 34 106 205 61 153 50 150 174 210 106 152 165 120 198 154 203 44 48 155 187 78 28 123 153 32 188 114 196 98 159 160 44 135 158 173 57 70 77 91 71 31 39 85 79 47 162 182 60 184 45 59 67 149 134 125 39 110 31 122 54 116 195 148 156 170 139 77 105 199 179 158 212 159 112 211 76 192 123 140 110 127 215 166 144 149 119 191 115 214 27 126 62 141 99 131 51 93 202 41 86 46 84 195 138 53 32 57 
180 81 197 144 46 81 122 34 105 115 199 159 33 66 131 163 36 29 205 66 202 32 99 194 37 105 120 178 33 99 50 165 121 133 110 89 180 213 130 121 196 32 177 97 131 58 108 174 190 197 104 163 145 173 146 74 130 111 60 51 157 103 36 44 169 32 73 141 49 180 155 158 139 211 175 60 141 70 196 153 69 92 105 147 82 114 69 213 36 199 185 194 207 113 120 193 137 169 46 152 189 48 87 182 144 39 206 71 59 154 181 187 155 53 198 136 31 176 161 109 151 142 171 201 171 211 102 102 67 123 190 59 31 150 123 139 202 176 106 49 27 136 157 204 29 39 101 144 85 140 168 86 131 42 
156 176 159 37 133 110 68 137 135 141 212 191 106 119 203 120 53 45 148 61 193 60 88 170 87 199 38 104 29 117 77 140 215 116 50 136 105 39 73 208 63 104 199 95 41 143 100 167 166 53 77 102 146 133 64 207 84 201 158 175 31 177 56 81 84 107 130 70 28 94 35 146 145 138 27 56 173 211 54 210 77 105 68 202 131 74 130 98 151 159 83 184 87 125 131 122 121 175 169 95 51 172 65 60 91 45 138 85 79 136 171 160 211 176 143 54 166 53 169 69 191 143 211 205 201 178 98 185 83 101 110 49 111 79 195 104 211 93 107 203 49 182 31 68 150 185 139 138 201 125 152 179 48 49 
47 156 188 103 171 140 185 152 207 109 191 190 52 99 213 65 198 154 133 73 152 122 35 86 43 67 88 158 113 103 73 44 143 154 76 192 109 115 205 139 34 127 133 197 32 50 53 208 90 188 27 170 194 80 63 204 32 149 200 70 176 129 157 124 155 201 103 195 41 209 75 97 210 63 154 196 173 52 144 192 81 184 65 107 144 171 204 75 197 37 103 135 150 162 176 106 101 77 201 54 68 70 113 194 153 69 47 120 198 80 112 174 190 170 82 158 191 51 183 191 184 197 75 158 192 126 184 203 169 61 62 183 165 74 157 116 187 48 121 141 178 198 84 183 66 208 79 29 48 59 65 188 46 180 
155 156 98 84 152 213 174 206 161 57 206 167 50 130 70 75 145 100 129 43 156 144 186 35 57 94 199 59 42 209 147 114 144 80 105 191 84 117 195 149 95 166 200 127 100 69 112 92 98 79 87 74 54 114 43 107 156 112 179 168 38 33 198 134 174 167 162 172 67 191 129 101 53 81 125 107 56 179 106 51 75 139 30 37 83 117 31 130 162 151 56 170 80 165 171 99 211 204 163 126 128 134 43 162 174 158 191 114 199 61 184 74 148 198 145 100 64 121 174 104 192 190 178 130 110 34 93 113 32 150 90 194 70 111 127 64 101 114 102 150 66 62 54 80 199 39 210 28 87 176 72 83 124 89 
129 132 85 171 43 53 215 151 131 140 202 133 80 65 139 71 54 168 77 71 71 210 204 58 66 50 137 90 160 81 167 113 101 208 88 105 33 63 180 123 88 192 110 60 55 79 212 177 69 164 50 83 166 115 210 110 188 66 136 201 74 122 33 80 208 80 50 206 154 58 32 170 67 151 80 192 115 121 79 62 71 176 146 87 88 212 215 79 214 85 92 38 93 71 167 212 108 201 75 102 73 81 112 68 163 76 28 110 141 72 89 162 186 27 133 36 113 122 167 108 156 189 45 156 193 181 184 72 139 141 71 120 103 206 168 70 184 65 142 72 136 58 166 88 40 128 75 86 93 158 112 154 113 73 
213 41 122 144 102 28 41 63 187 129 207 183 209 169 72 75 79 205 203 167 42 44 173 200 166 150 149 171 139 82 129 163 91 159 78 182 30 167 209 74 210 36 210 126 194 101 163 105 166 39 142 116 112 118 126 172 113 105 214 65 79 208 79 150 60 46 149 27 199 201 86 114 148 43 111 134 153 124 128 103 153 109 92 149 82 46 142 42 202 150 135 38 67 165 40 169 159 55 191 59 54 196 29 73 139 109 28 101 92 191 147 201 34 162 51 95 63 63 55 39 45 73 187 153 191 108 180 114 34 127 136 27 107 81 84 167 144 207 158 93 135 46 42 56 149 27 73 214 187 120 190 201 164 30 
63 126 66 29 163 43 76 31 180 42 87 71 74 135 86 132 41 210 120 93 147 173 91 94 74 115 134 127 109 135 121 215 71 178 134 111 119 126 96 115 101 201 172 73 78 163 89 28 96 63 28 175 127 107 147 150 117 28 202 181 52 37 153 80 55 68 149 115 123 201 59 101 130 182 115 71 191 77 100 97 61 96 167 183 163 141 147 138 33 96 166 31 87 75 128 83 52 172 149 203 152 101 128 201 196 146 186 72 99 174 28 130 155 199 92 82 142 107 94 65 180 141 153 63 133 199 162 82 175 148 54 47 54 56 171 167 68 47 159 156 50 107 172 171 149 100 88 191 89 68 99 138 94 86 
57 51 33 51 170 210 45 152 183 144 28 128 139 215 204 180 162 172 73 71 86 39 153 152 130 79 163 85 140 154 92 53 146 105 166 188 55 162 213 189 170 194 29 212 63 29 78 44 63 110 69 209 92 135 44 171 149 69 114 119 160 160 148 28 28 98 101 197 60 28 191 196 51 108 28 194 105 113 134 161 82 152 29 116 167 189 203 54 215 89 66 200 43 51 213 173 135 95 62 179 62 101 43 215 119 181 63 128 128 158 68 47 180 81 34 212 41 110 44 82 159 184 180 141 83 94 31 89 49 187 30 139 210 190 215 84 124 93 138 129 152 150 147 75 103 107 83 61 209 176 171 121 28 48 
117 128 141 210 38 72 107 113 120 77 166 71 94 121 147 118 88 31 64 187 52 108 164 159 102 123 68 135 150 43 54 86 121 109 83 78 202 189 32 110 159 201 53 198 44 202 30 106 71 179 44 213 203 39 132 50 148 167 65 104 122 61 69 208 75 74 193 146 118 160 206 63 179 56 171 115 52 48 135 148 190 160 145 187 57 149 107 186 85 126 211 191 42 206 91 164 186 58 172 120 71 211 138 73 40 197 121 136 66 71 209 193 72 173 121 199 136 111 139 30 123 116 100 90 39 209 162 199 63 209 88 52 209 125 161 169 43 185 59 214 38 150 141 193 113 34 188 49 48 105 43 135 185 39 
142 197 30 141 205 90 137 153 186 52 96 121 136 173 84 190 105 124 67 100 30 174 162 27 146 44 164 149 150 132 65 52 50 48 35 83 49 62 170 126 35 201 33 140 183 145 119 167 131 34 91 74 47 185 131 198 161 152 172 85 62 154 215 189 113 135 31 191 205 109 177 52 67 141 113 110 68 121 77 66 42 79 55 45 194 44 91 162 127 213 49 210 205 120 134 152 207 212 189 135 170 179 72 183 182 99 104 201 192 143 139 189 181 195 98 137 169 66 176 52 139 153 204 72 81 144 71 204 31 115 117 114 98 105 116 36 148 194 85 169 153 204 124 78 167 168 77 56 187 168 186 162 159 145 
200 80 211 102 125 181 120 119 92 144 147 50 45 92 170 67 214 33 139 185 131 191 131 102 167 129 59 77 146 214 68 167 171 130 121 136 179 79 76 44 207 133 141 135 84 214 205 55 154 156 102 61 83 40 162 189 72 150 213 117 196 140 180 115 141 149 67 33 129 81 151 75 132 185 114 105 215 212 124 132 49 198 134 117 88 123 34 115 44 180 106 161 43 201 92 160 159 120 166 32 198 200 39 105 111 128 127 60 106 181 121 97 164 181 88 167 176 86 120 50 83 169 137 65 142 59 95 59 211 130 59 138 129 161 155 112 41 107 191 31 32 207 206 165 158 184 80 30 110 160 120 158 98 194 
