107 78
99 235 133 54 124 110 92 51 90 241 145 244 116 107 54 178 179 104 209 78 126 230 153 173 90 196 194 70 145 184 188 57 211 160 88 227 187 123 174 143 244 154 123 143 187 113 238 171 198 242 133 88 165 187 52 77 72 110 198 211 194 163 230 155 44 217 96 84 77 210 228 253 185 128 203 120 247 250 
221 255 135 84 114 219 131 142 183 179 102 107 84 66 75 132 75 44 55 126 36 114 217 186 135 100 177 204 41 87 79 238 234 55 61 246 190 159 224 229 172 134 251 65 115 188 116 165 51 53 59 151 203 165 168 251 127 77 228 198 188 117 171 118 127 155 81 192 82 43 195 201 89 239 111 153 141 40 
70 77 134 126 96 140 190 244 97 157 51 96 155 151 173 250 148 248 194 50 105 90 86 135 116 163 71 181 42 92 200 207 71 68 139 142 142 70 69 232 76 232 141 196 221 37 37 141 81 222 156 69 144 236 146 156 91 89 126 65 149 144 237 248 162 50 140 237 46 75 136 232 241 228 243 34 210 250 
74 215 106 174 52 251 203 255 206 242 32 85 133 123 215 159 100 44 252 223 175 196 199 132 110 93 185 249 78 129 99 252 36 255 200 210 116 61 228 217 145 144 172 126 102 202 184 79 180 83 95 244 189 91 225 154 128 175 43 111 134 170 151 53 221 46 82 113 162 115 34 131 69 255 167 91 135 118 
192 74 103 212 114 87 157 121 165 179 231 133 112 79 131 100 86 76 251 203 240 243 167 36 77 38 112 70 215 150 49 201 152 151 131 184 61 241 185 167 154 185 137 71 206 159 44 184 137 104 71 127 75 159 171 185 78 104 218 78 38 54 44 72 40 158 145 38 169 234 215 141 232 210 110 254 239 104 
202 174 182 179 137 146 201 159 246 57 140 147 237 126 187 35 160 94 182 199 121 167 93 75 33 210 184 168 32 82 59 83 230 109 200 84 41 139 213 250 144 204 207 238 80 191 127 133 148 81 76 249 227 34 33 122 125 94 177 65 37 234 88 38 165 254 164 243 239 114 116 56 160 92 224 128 42 153 
89 132 82 105 49 190 86 64 158 161 83 186 219 199 167 207 80 75 242 232 52 184 194 49 144 225 79 143 101 115 196 115 49 136 32 111 174 221 124 201 123 231 237 46 127 193 204 41 203 137 84 244 127 43 235 45 112 158 69 77 41 78 102 54 207 89 71 43 201 127 123 164 64 147 209 161 132 119 
188 95 47 231 146 41 238 244 114 113 188 213 202 191 241 89 152 169 124 224 207 100 45 106 60 217 214 207 41 124 242 209 65 217 198 79 53 80 199 156 191 195 93 239 70 173 135 252 225 117 223 35 95 130 191 39 38 50 228 226 251 166 209 55 66 192 215 136 69 208 52 201 90 75 90 52 224 62 
50 255 43 33 192 203 193 111 137 94 195 180 114 212 176 200 42 113 134 124 139 122 138 178 253 132 170 114 252 173 34 250 219 202 252 214 200 65 91 241 210 152 57 170 232 45 175 42 196 135 118 52 201 45 76 158 169 214 153 64 169 192 50 203 40 69 125 252 126 235 54 80 34 91 146 122 47 181 
194 83 136 193 154 209 249 41 210 155 128 101 109 156 107 247 121 118 163 120 118 218 202 243 122 149 130 209 148 236 142 180 111 107 61 168 250 218 35 214 230 242 170 155 79 175 74 152 158 102 212 172 46 120 213 191 46 199 249 96 231 137 142 210 95 91 107 226 253 88 240 92 110 138 143 222 134 160 
236 109 203 161 66 231 207 223 134 217 124 111 143 50 85 121 182 55 90 139 218 152 108 243 103 131 50 108 216 152 252 88 219 157 134 47 117 146 63 183 37 168 170 117 141 109 132 131 238 235 232 194 51 115 48 210 81 179 220 64 141 240 87 254 94 48 88 249 85 214 231 231 155 179 65 128 122 251 
222 208 190 247 176 169 61 121 111 61 212 149 147 204 116 237 161 59 254 109 233 39 203 121 111 56 239 36 233 185 94 131 169 103 79 65 220 104 160 180 241 93 90 111 158 187 55 153 128 55 162 94 225 160 94 69 255 50 73 98 106 167 193 45 238 113 200 82 178 102 197 74 128 122 203 203 38 179 
189 187 124 57 210 170 72 77 246 129 158 188 113 117 76 51 108 161 180 117 113 211 59 235 146 165 98 123 174 111 115 221 175 251 159 202 54 153 37 245 187 212 85 62 112 229 246 197 134 231 37 188 243 75 223 192 114 172 225 137 170 197 173 224 244 97 143 113 119 211 97 97 86 136 205 193 237 58 
113 196 56 199 39 173 149 193 101 77 202 167 163 108 42 211 123 133 84 85 246 183 188 97 68 120 143 196 76 141 113 93 101 56 73 201 227 114 63 95 55 57 196 62 176 203 211 67 71 243 55 95 250 67 78 41 86 227 108 48 90 169 35 84 250 202 33 85 97 176 122 76 123 205 103 217 146 78 
47 252 151 147 198 136 100 190 148 148 127 202 215 52 33 222 139 104 247 98 104 211 233 145 237 111 186 112 60 128 112 222 197 70 116 45 40 86 123 79 118 138 38 52 87 248 103 84 241 33 166 199 39 140 227 221 64 114 188 171 202 59 145 131 222 105 102 168 38 210 137 64 156 180 52 42 117 100 
245 113 94 72 45 130 197 134 214 59 251 60 105 101 121 82 62 164 129 236 116 204 198 101 180 214 47 56 178 211 151 224 147 32 217 35 213 251 170 43 107 116 135 245 136 39 209 173 95 202 214 58 72 34 82 117 229 219 246 96 197 120 39 149 137 103 42 188 134 152 63 129 138 176 171 165 194 153 
123 244 220 220 38 152 232 82 210 44 36 119 185 146 56 64 173 201 223 143 90 58 200 68 43 178 59 182 208 116 32 98 94 48 92 131 215 239 61 35 236 240 185 145 97 152 178 148 176 133 220 159 48 36 66 197 54 68 70 46 92 203 168 235 34 167 232 71 211 135 47 94 202 43 171 82 52 185 
122 252 56 242 234 64 116 100 61 164 233 161 82 98 218 176 162 251 80 34 73 207 34 168 70 75 83 36 36 98 189 189 249 159 141 150 79 121 110 129 129 40 107 112 137 215 207 76 184 251 207 106 69 195 171 155 105 145 240 130 202 104 193 75 151 133 120 91 179 147 39 67 118 154 36 152 113 248 
133 232 80 146 231 229 132 172 150 38 34 216 104 239 198 236 74 77 124 215 224 231 64 117 102 242 196 161 61 67 114 234 35 170 179 169 161 125 208 50 203 146 215 105 99 146 160 119 191 42 143 125 45 228 93 104 212 86 211 198 252 56 118 152 177 219 137 200 164 153 47 124 83 136 177 76 138 179 
159 81 73 106 58 158 167 249 209 52 216 151 74 112 204 95 196 72 56 36 218 182 88 33 235 51 53 238 151 200 35 186 109 65 207 53 99 35 215 237 229 224 154 221 82 200 50 128 67 130 159 236 174 188 230 124 170 95 217 110 51 230 57 207 176 144 185 84 211 180 101 74 193 53 162 240 243 54 
152 195 220 143 238 186 44 193 181 52 116 167 167 143 43 141 209 90 81 69 143 109 242 216 247 119 173 58 185 152 181 97 197 49 87 151 77 56 189 78 141 112 179 179 168 121 201 230 213 163 216 169 122 201 232 119 87 252 208 184 38 125 224 82 65 48 156 129 101 237 233 170 118 216 110 76 36 51 
179 217 204 51 76 164 97 112 124 90 76 97 84 54 82 232 155 240 245 41 114 86 62 161 248 126 153 52 108 186 97 103 241 205 254 208 151 93 44 203 119 41 94 46 223 253 35 191 175 68 72 165 163 93 190 60 146 241 93 140 246 36 201 60 173 74 180 35 191 252 164 224 33 75 214 171 218 212 
227 236 228 117 226 170 149 191 239 102 191 140 75 233 116 51 131 58 110 217 245 149 237 107 208 217 226 137 187 33 205 37 154 213 226 236 108 65 49 132 120 71 230 215 73 81 46 174 152 201 91 226 105 236 41 47 88 252 66 203 150 54 223 85 110 196 209 241 205 243 127 115 66 135 144 217 225 205 
235 126 206 178 93 236 217 82 59 51 133 51 233 183 205 51 58 238 137 127 88 171 141 39 199 84 51 78 197 91 251 38 52 235 207 123 188 32 204 46 43 156 190 133 126 152 235 193 132 184 242 48 160 98 149 228 176 208 213 36 45 164 254 98 82 188 67 205 223 134 138 199 160 53 171 218 202 212 
245 70 102 122 146 126 50 159 44 52 195 79 48 114 47 189 82 43 235 121 241 176 48 69 60 231 35 196 117 58 85 84 181 236 40 61 48 49 52 106 186 62 104 184 42 62 85 141 127 231 71 43 129 109 181 165 105 213 220 177 226 204 103 223 177 249 114 169 84 177 46 107 232 170 199 84 205 50 
101 125 205 160 176 154 91 138 215 207 217 185 115 101 61 250 71 222 212 151 203 101 199 134 106 136 221 32 104 170 161 212 136 53 69 124 204 173 200 177 222 107 116 155 239 104 107 235 223 184 99 109 188 57 79 184 110 204 129 72 82 227 44 174 134 156 143 133 229 173 175 136 178 64 99 163 218 33 
118 104 245 54 104 131 110 46 246 175 35 93 220 234 143 167 152 70 230 218 145 162 129 162 152 217 251 87 109 121 122 57 101 183 178 95 234 160 167 76 196 243 209 195 151 46 165 189 45 198 242 185 85 91 168 147 44 171 192 183 251 229 56 56 96 129 158 156 210 78 175 90 64 44 224 136 153 124 
189 78 241 85 240 62 194 184 164 168 177 69 138 105 211 239 252 68 240 174 224 149 103 84 144 129 210 99 216 241 235 60 255 225 46 90 41 116 97 225 60 42 242 241 129 181 32 32 78 104 92 71 34 241 113 154 112 41 226 222 32 169 243 247 114 223 235 127 197 65 57 190 87 225 84 214 173 130 
167 126 85 74 141 178 74 184 152 40 184 184 89 230 97 213 219 115 128 111 49 107 235 141 114 151 222 52 97 188 246 152 114 242 91 243 73 88 161 84 165 135 112 217 254 100 195 128 139 121 207 186 231 134 197 33 244 84 153 140 128 43 227 161 168 133 70 42 58 98 207 171 255 61 160 242 217 94 
110 176 105 82 200 167 53 56 217 229 72 126 176 80 250 139 253 162 241 61 95 119 136 151 252 69 143 115 112 236 115 254 74 141 63 68 115 223 99 137 208 64 53 251 74 233 53 196 204 102 246 132 45 36 57 190 175 43 123 146 71 110 179 171 190 96 245 121 183 106 218 130 242 219 131 84 240 223 
92 255 184 82 126 65 250 247 87 129 82 100 45 224 143 97 65 237 52 81 49 152 190 79 65 137 167 125 187 82 171 153 180 194 73 241 145 155 236 184 169 199 235 185 173 38 238 236 134 203 114 39 61 200 174 87 225 135 215 207 132 251 97 255 39 54 135 201 247 156 44 112 248 184 99 50 97 109 
76 248 168 239 65 139 160 243 80 137 32 229 41 152 230 249 154 154 92 164 249 194 57 203 34 103 171 91 98 182 83 124 115 44 210 64 168 196 35 224 108 110 104 169 102 33 42 50 128 210 219 242 200 101 94 80 246 164 138 58 143 206 139 218 170 241 73 166 49 187 141 151 138 141 65 125 214 114 
183 208 249 46 141 233 92 250 111 51 176 143 61 220 84 129 207 209 184 79 247 201 194 183 38 32 177 143 209 135 33 114 53 186 175 55 153 242 93 40 147 252 183 178 205 138 87 56 41 40 134 205 67 241 100 194 118 67 171 188 194 81 207 169 173 56 136 213 199 212 114 152 242 51 52 82 161 170 
65 250 160 167 60 212 149 166 127 33 134 200 158 155 252 129 39 129 70 178 108 207 224 86 165 145 116 128 175 90 226 229 122 176 157 150 98 171 182 209 155 254 61 183 243 244 69 225 114 223 136 207 101 173 74 162 252 60 226 43 48 112 119 227 137 66 135 92 63 155 141 248 96 193 164 249 81 209 
71 120 184 110 123 90 186 120 144 255 32 97 35 253 223 188 40 141 56 151 198 132 61 107 163 132 149 49 97 148 130 183 233 174 193 212 40 152 242 248 87 53 57 167 224 188 67 71 61 105 77 88 194 147 194 228 190 94 35 247 191 113 44 49 212 203 53 121 118 50 54 52 137 172 46 214 223 113 
198 185 223 32 241 172 68 50 55 109 40 76 242 122 131 249 121 197 175 55 91 166 46 240 46 149 77 236 137 248 74 69 174 89 181 251 76 220 83 233 164 207 233 216 74 35 215 178 143 155 194 122 157 195 182 90 162 66 108 253 208 178 169 94 100 176 39 161 166 47 88 224 112 82 39 72 179 58 
66 38 246 220 149 124 225 183 120 120 153 68 205 71 108 47 98 70 144 165 94 249 134 238 185 32 197 125 172 102 148 198 236 91 152 240 209 133 80 170 188 51 124 195 248 146 37 180 127 196 185 129 128 173 118 193 96 175 105 185 96 217 151 176 157 251 188 158 157 93 145 166 40 49 244 102 213 231 
67 108 199 255 200 43 56 68 60 239 213 55 165 141 137 41 162 127 94 109 137 238 225 141 174 81 134 60 167 181 237 108 205 189 131 65 230 140 139 38 193 32 94 94 129 98 49 157 62 91 183 89 40 170 166 59 141 179 158 58 61 57 135 138 237 79 186 241 89 236 195 186 237 93 101 78 197 64 
191 191 211 78 142 231 65 88 115 145 247 53 118 85 64 218 75 234 233 236 180 215 169 210 103 42 71 78 146 109 152 78 220 54 40 254 173 191 219 160 176 245 52 222 184 116 54 255 226 82 170 121 122 219 128 199 32 158 89 123 43 133 35 116 110 106 102 211 251 40 160 107 166 209 76 56 204 255 
105 145 83 204 215 224 242 229 228 50 53 252 201 202 122 253 175 91 224 100 214 118 193 77 246 128 156 171 167 200 248 93 255 120 134 254 250 201 167 221 223 156 78 205 160 102 102 157 98 171 87 234 94 239 101 51 102 136 90 45 44 152 38 248 224 59 100 242 89 188 94 235 215 172 83 57 70 85 
216 109 164 235 93 133 38 165 50 227 248 139 169 126 37 112 253 183 214 130 148 47 254 255 225 119 213 139 205 40 162 159 247 117 63 164 121 125 88 97 141 101 84 144 176 166 88 215 70 34 104 246 254 93 111 189 151 201 128 64 227 35 126 109 235 253 57 253 179 123 154 202 192 65 162 192 119 140 
238 182 199 161 189 95 202 68 180 92 40 234 98 244 189 208 192 135 92 77 187 127 116 165 150 105 50 96 41 194 135 186 142 85 171 124 62 132 161 236 87 101 189 32 129 175 228 120 209 116 147 205 205 178 67 229 242 101 43 104 50 127 70 215 98 155 87 252 179 238 42 189 126 255 253 245 102 120 
127 164 121 61 55 101 215 221 72 193 54 199 212 67 229 159 255 43 208 176 181 103 228 164 78 255 243 210 112 207 89 216 86 123 32 42 209 221 225 137 108 99 204 54 52 215 170 169 215 95 33 190 172 166 216 175 148 186 156 104 63 216 130 150 242 164 45 34 135 254 210 157 182 145 187 251 243 110 
201 37 184 249 93 170 132 194 88 55 68 246 34 231 209 54 232 91 90 137 106 109 227 206 180 130 174 53 106 94 250 207 105 220 105 130 76 255 102 161 237 195 102 155 204 87 142 211 181 79 118 113 125 212 77 55 45 95 157 86 66 198 144 97 84 246 114 130 213 98 153 205 221 251 35 178 196 225 
159 246 207 216 239 36 79 95 235 255 134 157 42 124 43 188 253 46 208 218 156 66 98 158 229 44 176 136 226 33 48 109 203 71 159 129 171 202 231 245 231 112 230 67 253 111 237 199 105 253 166 241 238 136 249 185 51 40 48 114 171 50 185 162 250 206 173 112 53 139 143 223 73 145 215 218 254 87 
239 48 253 86 61 131 208 62 195 219 170 71 195 64 135 107 71 168 148 83 160 110 242 175 237 164 55 233 191 234 118 124 219 191 160 161 255 55 75 170 40 141 50 51 147 219 93 86 226 73 162 158 130 98 76 126 171 45 251 98 135 154 44 198 215 251 155 102 210 213 166 54 111 87 52 51 38 171 
53 57 50 234 235 247 153 181 138 64 79 193 60 131 215 243 233 157 108 204 53 205 159 198 169 41 194 192 150 143 228 215 216 190 62 86 184 38 174 78 52 125 225 73 35 116 151 124 179 169 33 219 150 158 142 50 93 138 167 177 35 111 55 39 45 140 143 83 80 83 73 246 211 157 171 141 215 221 
110 254 84 179 96 80 166 194 39 192 137 227 39 145 224 59 198 100 220 139 77 169 219 166 241 245 142 137 244 116 96 70 198 192 212 193 175 82 142 63 146 185 117 251 170 137 151 91 152 214 45 194 192 65 65 136 48 210 142 103 195 167 134 55 165 139 154 60 216 234 245 126 54 100 201 154 120 129 
47 87 86 196 169 155 144 195 43 223 44 117 249 65 65 205 114 88 180 70 238 109 33 64 35 72 220 138 142 104 56 224 208 55 168 119 183 189 68 182 32 213 78 199 121 125 54 143 235 49 91 58 88 250 51 219 97 195 172 178 75 109 211 110 227 36 150 118 32 145 69 163 72 176 254 240 150 37 
74 84 186 203 161 111 96 109 245 227 182 153 238 69 73 177 177 148 79 100 71 234 171 93 59 177 76 186 68 55 54 159 196 165 229 204 112 108 143 77 145 193 202 80 170 43 207 252 122 154 253 128 36 123 160 42 174 169 147 153 168 229 195 149 109 233 150 93 206 250 173 129 205 125 102 114 103 43 
133 247 86 199 243 193 214 48 135 192 38 50 37 87 113 66 196 46 206 41 53 39 100 224 192 51 178 94 209 70 238 174 51 104 45 132 123 237 35 177 73 103 106 181 106 187 136 181 98 50 109 173 232 80 90 103 242 202 168 205 147 52 199 123 66 120 134 217 125 110 51 71 237 136 68 154 235 237 
181 70 164 41 82 60 249 226 120 215 106 46 87 177 85 67 154 187 249 208 106 45 159 138 80 186 219 137 186 104 80 53 192 222 50 59 135 95 208 228 69 55 177 103 198 243 61 189 239 85 160 86 33 40 43 75 96 209 252 84 181 103 191 155 209 101 148 208 82 189 243 221 203 143 46 125 223 218 
150 41 110 50 160 180 211 51 200 248 77 117 183 111 61 193 130 135 175 162 147 208 125 255 76 183 240 168 105 248 200 143 69 79 222 218 160 112 200 118 191 89 157 78 244 196 185 251 96 65 163 254 54 35 142 205 34 249 253 138 74 224 74 90 148 216 168 116 40 244 167 248 119 246 184 163 188 250 
147 128 97 49 53 192 198 145 205 174 126 235 121 156 218 190 141 66 106 234 52 137 65 199 121 130 56 214 232 124 54 249 209 86 78 95 141 177 201 194 228 234 39 53 78 39 96 184 152 176 175 174 234 128 241 241 102 187 139 164 244 226 106 168 60 165 174 211 115 57 234 127 185 170 69 95 98 210 
36 119 149 139 108 140 145 226 227 218 214 140 54 69 67 93 64 49 220 86 234 182 46 191 78 174 246 182 32 145 190 166 239 100 74 124 200 77 83 150 124 105 209 93 131 226 190 180 97 91 152 49 136 78 232 235 127 153 33 149 33 211 42 139 40 101 64 234 107 151 246 229 102 104 126 149 186 163 
173 144 180 110 90 253 178 133 103 167 228 134 99 240 111 206 78 168 215 164 127 158 158 180 131 214 104 255 167 220 162 176 152 248 34 146 200 131 112 65 180 248 133 63 227 142 50 232 210 70 69 39 142 32 232 74 226 82 107 180 114 155 67 145 70 181 50 79 43 202 72 204 54 41 202 234 75 120 
147 170 125 140 217 120 183 87 113 99 218 161 53 208 168 186 37 143 64 79 140 110 171 59 164 140 55 160 220 145 129 54 89 125 121 162 219 222 224 203 226 101 85 74 176 155 113 128 209 208 111 45 88 117 176 61 204 203 157 165 163 91 142 79 77 71 108 82 84 160 210 198 130 186 89 246 100 61 
116 246 110 94 217 183 159 205 225 57 38 112 81 193 165 144 154 43 85 82 63 98 107 104 53 141 89 105 111 44 56 127 186 228 228 127 198 246 168 95 231 119 220 131 219 219 108 248 237 116 219 132 185 186 104 157 81 171 208 122 127 245 212 231 44 80 124 157 96 210 219 113 171 62 53 204 227 189 
95 155 207 239 38 71 164 195 211 199 141 229 142 149 241 216 96 255 240 133 189 127 109 178 193 77 179 214 186 50 113 108 71 97 71 39 223 98 230 69 53 174 211 134 123 34 76 254 37 77 78 105 47 236 55 159 225 57 167 137 146 64 236 179 107 146 62 225 173 60 136 135 53 250 73 148 159 233 
186 143 138 187 48 229 218 206 164 193 99 159 145 189 197 187 253 215 115 118 124 232 248 63 146 145 124 148 88 119 227 146 225 50 151 144 124 160 231 236 188 191 80 102 183 90 123 204 76 67 231 181 169 130 105 242 172 237 113 34 136 57 238 197 234 239 84 147 60 99 253 46 137 225 239 53 226 169 
157 219 129 189 112 215 109 55 167 189 189 33 156 141 224 127 233 106 92 175 138 46 150 117 37 124 242 240 136 86 154 113 82 208 196 237 117 165 175 49 154 200 47 245 165 189 74 244 154 138 97 154 224 104 243 63 38 254 222 244 36 80 39 59 98 212 252 188 222 197 185 117 138 59 40 146 149 251 
108 125 43 235 63 120 191 169 186 200 40 252 86 84 73 171 177 175 182 141 243 178 244 97 113 173 64 62 113 255 147 45 111 101 100 118 64 239 78 121 85 89 179 63 34 185 130 79 63 244 149 228 239 118 94 127 160 129 195 154 114 37 231 93 219 242 107 244 234 42 117 32 234 122 144 77 234 170 
84 100 123 179 167 98 57 177 196 105 173 89 155 85 82 172 122 242 120 76 202 204 229 47 156 230 226 50 198 79 213 80 169 82 107 243 245 46 153 106 79 165 194 124 113 88 91 251 83 51 77 156 41 229 251 103 172 115 165 42 158 174 236 242 232 33 248 221 102 143 54 170 230 125 101 146 108 236 
211 91 186 106 99 106 46 105 51 89 236 208 91 201 254 208 152 250 121 154 73 120 98 239 217 56 145 88 95 196 149 151 227 51 151 254 162 61 227 63 84 173 197 227 43 56 208 62 159 109 37 163 40 141 50 85 139 93 217 254 216 218 242 35 51 140 179 119 146 158 79 46 231 205 189 245 159 190 
155 161 41 213 243 37 155 164 157 137 50 129 132 215 88 123 77 182 43 78 117 125 59 244 123 128 84 254 126 175 125 164 104 96 160 122 171 137 139 196 75 210 118 75 125 75 199 48 237 58 50 32 134 56 197 104 110 92 227 171 112 247 78 50 158 226 170 35 118 85 160 214 196 90 97 131 137 162 
204 96 91 86 114 234 205 112 247 226 176 234 155 218 249 87 90 143 133 177 145 249 123 147 34 129 145 104 153 211 178 132 80 52 190 242 113 53 178 45 58 137 201 178 197 211 99 117 40 36 70 244 59 164 226 106 152 174 153 37 40 129 95 249 155 115 254 149 184 41 157 215 214 133 66 220 233 63 
54 123 66 88 104 211 144 234 212 65 44 196 37 55 180 53 216 233 117 198 68 137 142 141 119 150 243 63 162 145 207 70 152 144 46 244 115 54 218 214 248 162 68 44 156 231 38 184 166 92 38 149 86 53 61 106 199 210 184 255 50 151 191 111 115 252 85 95 79 229 32 142 86 148 41 173 166 221 
197 209 240 91 53 199 127 65 139 199 150 52 111 140 216 151 65 67 110 135 159 34 197 40 169 155 183 63 195 80 171 97 59 137 191 172 236 37 100 245 33 141 170 98 158 175 222 217 124 73 242 57 212 68 220 167 158 132 193 43 218 61 244 92 78 136 153 185 81 54 47 154 167 100 173 102 174 175 
172 38 185 106 166 90 219 46 253 42 135 82 95 32 117 155 168 116 199 181 136 168 45 195 199 86 197 243 199 102 103 117 169 100 128 46 50 114 254 200 239 185 172 44 118 166 125 83 79 51 206 89 115 35 71 211 52 50 67 194 158 204 177 137 157 253 153 124 158 105 67 57 186 125 212 91 144 165 
250 236 178 95 139 91 67 176 201 175 63 119 104 219 124 159 51 178 80 248 140 92 51 199 179 106 230 220 104 70 148 229 244 47 56 98 229 196 95 153 153 222 143 203 254 195 200 70 118 121 138 124 96 151 152 52 149 34 60 128 113 215 74 239 51 163 105 131 166 59 79 197 64 233 44 215 139 133 
235 107 35 133 116 83 127 245 118 152 211 106 99 143 85 115 187 137 222 145 206 42 212 105 252 220 198 248 95 164 152 231 76 245 159 158 118 36 111 157 179 252 147 233 227 147 156 36 78 124 223 65 45 254 120 246 173 166 179 82 47 249 140 241 211 44 85 174 182 151 89 56 153 70 62 40 101 114 
208 210 139 49 92 186 241 233 186 105 42 171 47 128 132 93 241 172 169 216 172 219 190 116 100 238 176 96 60 239 175 214 55 100 251 110 126 165 223 114 97 75 155 83 33 137 199 250 77 32 52 97 171 141 149 99 218 230 254 208 245 101 76 70 59 35 37 93 237 233 193 33 215 131 73 198 146 86 
255 215 233 84 254 239 91 109 132 236 97 40 109 224 81 210 97 202 66 54 177 164 48 143 254 254 130 90 219 44 170 79 52 156 141 208 111 138 164 227 49 87 130 221 36 87 215 192 56 234 52 70 40 45 240 158 223 178 43 247 154 77 49 123 79 81 97 190 206 250 78 150 39 76 69 141 44 188 
240 52 152 237 187 219 209 191 86 223 234 131 154 99 44 113 175 194 150 221 140 163 227 72 97 175 139 211 178 159 172 185 229 185 106 125 158 156 180 98 40 249 137 250 247 38 91 225 203 173 148 75 216 170 86 58 164 85 71 244 209 188 108 85 187 213 149 194 68 114 58 158 143 213 164 191 233 103 
143 163 110 164 206 96 75 249 80 217 224 49 226 184 201 235 149 152 189 240 161 34 86 164 138 59 50 155 33 155 121 142 79 129 160 78 206 37 110 56 56 110 253 170 164 69 99 53 205 234 242 147 118 102 92 123 76 193 187 210 106 180 143 68 163 33 105 116 187 98 105 144 54 192 67 201 182 37 
103 129 255 115 225 230 157 214 190 158 40 184 208 227 167 84 243 209 115 141 145 221 125 223 163 201 115 86 250 213 255 62 157 152 176 123 83 240 93 58 67 214 199 40 186 245 158 33 77 156 167 43 64 114 61 165 70 42 182 90 169 151 135 218 109 194 138 170 144 218 254 59 117 106 176 121 97 49 
153 165 133 238 168 165 157 219 34 90 184 156 199 51 58 247 151 160 126 134 148 201 224 171 73 191 58 99 107 51 237 95 224 103 66 239 126 34 49 127 52 40 226 166 111 104 51 188 246 247 89 173 214 62 234 76 229 48 155 201 129 63 165 133 121 207 77 166 47 202 196 230 252 181 44 209 244 35 
93 239 204 137 38 190 249 210 56 228 122 212 191 35 121 195 114 46 46 164 142 187 165 37 190 218 129 171 254 101 161 203 255 119 33 189 77 194 68 46 144 188 113 117 80 250 124 232 92 128 230 112 109 55 167 91 38 160 171 112 223 233 251 136 195 61 158 59 182 192 95 152 251 252 241 250 148 117 
144 87 139 228 106 122 178 34 94 180 230 227 195 78 121 69 44 130 79 169 42 171 233 225 211 154 97 107 98 202 245 93 191 183 39 161 65 74 68 67 80 248 132 41 240 44 210 130 219 225 172 130 78 85 109 173 103 123 41 241 237 239 121 89 176 47 56 32 83 200 140 163 200 111 105 58 90 82 
179 40 48 205 66 80 241 161 139 171 195 194 189 151 153 240 73 210 172 201 101 200 72 156 50 201 203 161 253 223 138 200 131 62 244 239 185 156 155 119 43 163 208 121 35 37 206 85 172 176 218 76 55 194 233 79 190 222 227 54 136 127 230 118 140 77 78 109 121 46 52 160 181 159 85 135 196 99 
180 102 76 58 194 192 214 54 221 71 216 234 119 183 177 132 57 228 52 156 167 144 169 205 69 194 144 196 218 116 40 151 52 171 207 57 109 204 42 171 140 205 231 84 143 106 97 211 168 58 164 212 197 97 242 194 117 134 70 93 135 136 214 108 149 76 254 116 226 90 59 73 223 202 213 100 84 153 
128 183 93 96 36 61 82 230 124 213 236 53 253 80 197 171 152 40 64 242 65 180 73 113 112 185 157 36 200 228 77 170 118 53 159 94 124 158 246 73 47 77 83 213 158 229 155 197 148 212 187 67 64 224 170 249 82 227 110 37 105 249 34 39 107 184 214 220 148 191 55 176 243 82 49 240 241 133 
210 254 115 247 80 104 66 225 46 219 42 206 251 179 63 142 156 215 39 166 203 163 147 234 127 197 143 237 142 236 61 120 49 94 125 153 103 202 209 254 252 221 93 99 107 248 84 72 98 161 177 39 165 57 67 68 182 47 77 198 211 211 236 101 160 205 90 132 167 175 147 192 61 136 54 234 230 155 
142 82 188 207 114 228 172 136 42 152 66 246 211 228 231 108 196 85 71 180 114 62 248 224 209 207 119 68 252 42 117 195 54 50 210 40 210 133 41 150 177 172 237 97 234 240 114 63 110 79 239 57 204 239 226 230 50 50 84 122 150 171 63 186 180 48 237 180 57 81 99 173 95 168 190 154 185 81 
252 179 114 124 95 101 81 128 205 40 224 242 220 240 237 86 140 71 48 150 117 187 110 241 194 116 62 149 222 136 202 80 238 146 152 195 223 193 233 152 194 109 129 118 85 80 201 243 101 114 114 233 112 133 123 140 207 242 180 123 115 51 35 244 80 131 231 45 184 211 156 32 201 63 95 135 137 192 
178 137 208 227 65 179 200 218 38 139 49 113 42 129 136 164 77 198 72 110 233 65 241 37 146 128 40 133 128 204 224 138 111 193 55 226 70 124 100 66 88 181 144 56 136 207 194 193 240 142 192 252 100 137 210 62 82 191 169 135 205 206 96 149 74 226 34 183 138 44 140 197 217 51 180 143 150 207 
235 211 244 179 63 83 33 138 196 102 101 198 147 109 45 85 179 40 137 181 152 139 210 201 233 140 144 173 166 254 59 198 138 98 97 158 173 124 135 46 78 100 211 60 111 223 170 72 128 173 117 194 33 68 169 222 162 253 199 202 77 141 97 63 199 87 126 214 243 223 96 253 216 66 164 138 196 133 
74 48 48 203 118 240 37 139 214 241 127 225 132 243 50 228 174 64 203 184 212 100 56 69 114 94 106 103 192 120 186 231 214 212 74 202 83 199 205 137 128 235 169 97 48 143 92 107 75 241 125 239 172 111 164 148 39 186 77 219 174 173 249 173 118 93 246 242 214 80 128 68 80 147 39 67 243 231 
51 106 192 155 101 34 43 96 96 246 69 57 200 134 184 209 42 63 242 82 60 43 37 83 134 70 78 50 33 49 85 98 255 202 180 38 76 91 252 191 51 177 244 226 36 144 36 142 212 38 145 188 37 189 201 183 168 149 162 207 32 242 253 201 233 177 113 217 249 128 198 51 101 143 94 93 231 130 
123 73 191 136 61 162 216 241 170 101 141 219 51 147 235 141 213 67 88 104 61 221 84 123 240 196 255 54 106 52 252 66 132 237 244 143 156 45 94 109 240 197 125 127 170 165 138 44 195 186 52 56 33 249 198 147 67 92 168 176 63 76 104 57 233 191 58 129 247 69 125 90 34 158 33 232 48 46 
198 182 144 211 134 231 37 246 118 208 135 160 72 100 166 144 149 175 208 42 89 40 117 81 191 33 170 88 255 96 235 182 38 243 228 120 245 255 241 219 76 122 100 123 40 186 135 165 74 173 99 116 90 106 128 122 108 136 206 60 34 46 227 164 114 107 102 209 73 103 140 209 80 121 33 114 143 154 
106 150 47 217 200 37 132 241 158 231 234 249 87 146 175 90 66 64 146 102 160 197 107 70 96 192 107 181 199 48 37 140 118 73 109 157 71 166 223 100 217 161 163 122 76 161 176 44 142 244 207 108 88 157 226 198 179 239 228 54 95 251 82 88 180 102 43 32 74 159 116 235 183 79 159 117 215 50 
44 44 81 197 80 69 215 97 150 174 238 199 36 36 79 59 63 38 173 246 241 233 247 183 106 238 225 218 164 209 222 108 44 66 209 254 94 249 229 120 111 198 88 47 241 167 191 58 147 158 134 129 231 130 152 87 201 148 94 170 252 149 107 248 150 87 151 229 95 145 201 170 118 246 187 176 245 200 
249 61 119 200 42 206 150 242 115 198 89 199 56 134 206 139 132 126 244 145 106 66 157 83 45 32 210 134 125 209 152 109 35 111 113 109 224 70 102 97 177 45 131 143 245 247 227 154 209 197 142 217 244 190 96 136 55 194 76 62 232 155 97 95 199 117 43 51 239 144 221 119 217 52 206 50 190 228 
130 234 124 149 203 120 251 193 206 185 240 247 43 134 98 86 88 39 75 58 237 132 128 213 133 220 149 162 131 121 251 86 51 131 107 184 147 52 72 178 49 172 96 200 151 103 83 201 133 75 120 196 61 70 219 189 69 216 171 159 232 44 212 116 62 237 72 243 110 247 99 122 113 171 175 124 88 71 
101 92 80 149 53 91 133 163 104 47 38 243 196 212 39 83 144 199 204 240 217 113 133 167 212 192 244 125 36 124 247 79 190 121 162 236 108 40 77 161 47 179 238 117 72 41 104 87 217 118 68 244 167 215 254 206 66 237 68 105 41 80 91 232 232 165 35 215 99 83 123 202 119 146 199 166 255 37 
81 94 85 42 47 194 121 144 132 114 151 136 105 57 68 223 44 184 201 235 121 192 131 99 185 165 138 148 121 143 144 177 44 82 45 75 179 128 249 194 156 189 57 154 169 116 94 145 147 105 138 145 206 46 180 161 78 185 46 64 138 86 69 245 225 89 232 128 58 87 173 149 112 182 81 75 78 66 
255 112 55 193 114 255 41 41 62 244 131 144 204 223 165 36 36 56 150 93 80 178 236 80 222 50 199 101 39 34 159 139 238 65 160 74 235 190 51 249 72 101 223 241 107 88 239 98 86 34 181 197 235 232 143 209 180 225 42 50 98 200 37 87 116 143 247 75 91 118 243 198 252 188 74 196 53 148 
145 215 35 60 38 152 227 171 205 196 247 73 128 37 236 100 38 206 186 96 227 139 235 142 209 184 96 128 44 81 80 219 212 202 82 46 143 128 190 34 78 144 47 115 113 102 171 159 205 184 102 92 236 212 195 238 85 247 189 185 142 192 133 148 64 165 109 255 186 100 197 246 88 60 195 70 165 157 
136 128 159 253 161 204 90 141 107 160 40 236 251 240 247 218 188 136 155 207 186 152 46 76 255 207 149 114 252 43 69 82 235 112 230 230 242 56 214 190 234 73 177 93 65 141 48 165 125 158 79 175 226 160 52 192 54 84 44 89 162 234 120 238 188 54 169 249 227 199 231 111 138 148 56 211 121 183 
159 74 144 159 35 111 237 224 82 136 144 46 134 217 189 42 167 215 34 155 112 223 90 129 246 232 113 39 38 215 137 183 142 178 156 50 192 182 131 64 51 44 246 228 106 58 117 83 88 150 198 167 100 129 160 208 106 177 104 42 194 111 218 212 165 67 170 96 205 172 235 231 188 213 176 95 32 68 
81 143 149 116 48 33 172 165 61 121 235 179 247 70 52 197 212 215 139 198 66 48 82 89 110 125 87 233 102 230 48 255 122 195 166 119 232 50 48 85 57 103 97 212 133 131 229 191 222 232 199 228 108 43 55 165 85 107 107 241 159 226 67 83 88 218 209 233 86 33 185 152 155 96 245 157 156 40 
252 167 162 206 164 228 144 89 229 57 37 57 192 54 69 122 192 232 243 218 64 81 34 183 206 117 44 76 110 55 66 126 33 100 102 242 135 77 53 65 163 123 169 206 223 190 222 247 80 166 147 203 250 246 83 124 247 246 181 244 84 136 32 172 125 221 115 155 218 73 132 204 90 212 136 179 47 82 
211 97 185 182 160 214 136 194 178 87 60 130 124 160 240 90 190 91 119 156 209 145 133 159 69 65 208 45 233 79 120 91 43 191 69 126 161 66 209 220 103 176 134 33 137 55 201 211 68 50 87 40 168 158 78 183 32 233 207 140 53 171 67 160 240 186 92 136 159 57 61 76 250 112 252 123 230 34 
167 253 121 250 133 233 159 200 127 89 157 203 191 250 52 239 55 200 136 57 100 186 98 192 85 218 211 127 231 152 217 72 115 191 167 59 74 39 64 151 255 77 100 208 38 160 78 162 220 157 125 165 39 126 82 193 127 142 249 132 206 64 140 242 212 161 148 156 141 42 49 52 119 251 252 96 142 165 
139 77 59 230 245 133 109 154 86 164 38 240 181 232 249 123 197 167 114 234 73 230 55 91 251 231 205 203 206 130 127 176 242 55 186 75 57 130 156 88 56 177 175 232 47 210 112 113 204 240 53 132 109 32 239 64 38 119 75 101 130 94 63 171 44 169 68 180 208 196 222 159 62 206 132 190 79 203 
60 75 171 53 166 214 42 179 93 98 57 237 249 145 224 158 88 61 161 170 158 105 68 146 186 87 81 230 108 59 93 59 132 239 233 125 76 232 134 230 41 233 158 144 126 120 239 135 145 206 185 227 50 114 219 53 153 232 249 159 175 133 192 73 112 38 237 209 48 162 203 98 252 158 91 73 66 128 
