122 107
91 87 148 52 123 152 168 94 78 152 132 62 43 132 180 27 133 120 162 175 62 159 200 75 172 200 107 166 135 61 139 59 106 83 116 67 76 186 55 72 110 46 159 68 99 74 194 30 139 137 177 132 184 155 119 65 184 79 164 40 141 36 114 60 50 198 180 165 202 42 128 143 94 153 141 93 30 88 132 153 28 193 43 138 174 138 101 121 116 103 105 91 106 168 125 177 75 67 75 135 82 148 101 92 169 137 29 
200 87 126 164 72 155 127 48 79 29 166 90 66 155 125 50 194 107 74 198 110 94 30 154 102 200 77 58 81 66 64 205 125 172 68 29 112 173 61 31 181 73 42 38 97 158 149 46 79 105 131 109 72 102 182 47 45 47 207 119 89 41 197 76 32 72 71 98 163 164 199 63 130 73 122 44 161 176 92 41 92 85 42 105 162 172 185 74 52 83 131 151 166 105 134 109 79 179 104 77 97 34 198 65 114 29 201 
162 92 42 184 93 179 80 88 137 91 47 152 205 201 32 60 122 92 51 179 164 183 189 180 186 134 191 164 75 103 172 170 89 165 40 39 141 68 51 201 72 152 195 184 99 54 104 44 101 133 193 182 210 69 54 170 191 175 81 119 190 84 89 76 55 200 145 113 118 35 103 169 106 62 175 110 87 207 183 199 66 145 71 94 166 172 166 108 71 172 64 73 134 34 129 33 183 41 203 107 113 164 83 127 94 190 180 
73 26 159 135 84 76 193 70 63 156 199 132 137 160 171 192 138 206 85 131 155 95 185 50 151 95 90 74 140 61 54 208 152 52 119 147 158 171 116 32 104 86 200 114 170 126 84 179 154 117 107 192 44 158 112 67 149 168 88 203 37 60 28 200 160 36 81 37 90 190 103 112 175 117 169 207 186 108 150 30 115 157 78 62 86 28 97 159 179 83 149 43 84 106 125 63 37 170 29 89 58 184 163 200 34 192 160 
110 161 135 35 132 136 73 36 139 133 201 112 84 166 186 115 72 38 103 124 63 53 87 171 30 98 54 75 198 50 89 151 35 164 195 123 52 203 191 36 106 196 210 68 28 43 57 122 142 208 102 183 178 210 38 38 28 128 188 178 160 184 114 112 102 27 169 41 40 151 64 122 83 31 192 85 51 195 55 136 60 206 159 67 28 82 199 144 159 203 128 29 196 177 81 191 128 45 174 157 127 55 167 149 195 131 38 
172 61 203 97 139 27 38 130 79 101 107 118 75 130 143 68 158 131 34 122 133 166 140 150 81 195 115 138 101 124 39 86 88 28 169 208 57 106 97 154 106 88 85 146 51 88 46 186 36 192 112 42 69 104 93 42 97 136 170 72 160 158 174 54 195 185 134 179 157 199 106 75 89 63 148 191 173 65 145 91 179 67 113 32 54 66 52 127 170 111 68 150 111 27 143 108 166 203 194 165 141 139 132 208 202 179 162 
132 115 94 70 134 203 169 207 49 202 104 73 62 174 155 38 134 98 90 178 188 164 85 87 153 120 131 124 202 42 188 141 189 122 139 96 189 191 49 41 112 181 63 160 92 80 127 64 172 74 79 204 78 192 105 204 173 82 77 52 61 93 62 152 92 201 166 126 184 161 53 176 191 206 69 40 47 49 203 182 108 98 52 101 79 26 199 116 202 123 114 91 187 54 176 111 77 164 208 60 191 133 32 140 157 115 107 
177 46 35 128 96 57 106 183 207 34 209 62 73 98 191 79 69 204 65 42 177 46 163 187 98 172 62 34 188 199 129 187 176 120 182 33 94 61 166 138 121 49 63 49 103 198 134 38 88 158 158 153 75 87 42 68 183 50 138 50 75 110 186 65 152 167 176 105 103 87 127 162 60 143 114 157 127 26 117 62 179 31 205 90 52 138 52 191 163 149 93 199 143 138 121 30 144 70 144 196 85 142 42 177 196 63 200 
118 54 118 110 172 92 114 56 116 106 69 159 106 114 197 100 57 144 135 202 94 169 134 148 81 33 68 93 36 96 72 91 185 80 171 192 209 179 194 147 116 108 179 114 85 90 183 37 207 185 108 41 132 102 184 69 76 204 47 129 125 158 71 117 207 107 41 157 35 46 181 198 54 125 70 167 97 185 171 200 111 36 107 99 63 69 52 116 48 31 96 85 184 199 151 56 207 48 109 66 184 63 86 73 115 138 173 
168 205 193 47 80 122 31 198 64 41 128 110 130 38 208 86 165 159 126 85 177 129 59 82 208 104 88 200 76 196 68 57 29 103 90 52 143 167 50 74 33 128 122 180 119 53 47 209 81 92 169 117 195 42 93 192 49 30 208 152 196 160 125 94 138 133 80 39 189 159 55 116 50 176 196 113 47 43 144 142 182 26 116 34 38 30 209 159 46 36 137 87 119 68 65 168 136 83 160 98 89 119 198 74 149 157 191 
92 67 87 202 111 140 117 76 90 78 120 194 205 206 150 191 40 187 83 208 63 188 181 66 119 181 34 135 181 172 40 154 189 174 88 140 176 105 156 87 88 41 95 170 40 160 170 148 98 49 129 189 138 128 31 67 205 114 63 61 131 93 99 175 207 44 34 121 185 79 163 91 133 51 74 201 131 60 172 41 148 191 142 186 145 58 140 105 51 186 123 91 31 84 51 160 70 48 87 59 26 126 66 31 178 28 122 
79 176 123 117 84 128 63 137 63 84 142 137 143 120 29 100 68 166 102 30 78 124 169 210 42 160 118 167 98 203 56 128 95 101 71 198 122 77 111 145 37 90 121 115 187 143 65 167 172 32 143 81 107 121 209 82 51 70 32 164 114 151 177 63 106 172 33 55 63 200 115 113 105 156 73 49 58 65 73 140 126 136 78 85 51 76 111 107 192 48 73 58 82 177 68 98 97 120 131 181 47 133 91 166 114 80 70 
80 199 137 112 147 173 193 210 179 131 75 192 150 163 168 201 174 121 98 146 136 176 62 86 172 26 72 195 183 78 54 196 95 146 155 58 77 82 123 48 154 76 170 196 109 113 131 188 144 113 59 28 70 186 135 121 37 158 80 195 36 186 97 115 188 175 201 141 175 182 93 65 79 126 114 192 126 131 51 188 156 33 52 91 83 114 54 148 44 113 135 48 46 101 160 58 153 76 81 60 76 99 175 77 209 75 131 
92 77 126 55 71 144 177 28 120 185 52 152 165 135 113 177 36 177 52 137 181 158 188 53 143 72 181 156 148 130 65 152 89 154 208 201 185 206 29 82 62 122 193 180 208 91 57 148 56 174 141 174 121 137 180 145 52 123 164 167 77 73 72 67 103 142 145 77 175 206 158 110 77 158 184 94 121 159 46 210 26 72 60 135 40 187 65 47 121 108 46 148 52 88 165 188 79 209 154 191 142 174 66 35 29 179 75 
210 201 75 42 134 173 80 42 63 70 131 131 173 135 58 45 79 43 133 176 48 83 27 209 74 107 210 204 159 61 175 109 151 68 132 192 69 170 142 170 157 194 183 109 87 180 129 177 121 33 164 30 137 67 44 200 39 87 134 161 210 206 103 32 61 72 184 129 195 203 52 165 104 88 73 97 145 72 76 146 200 94 49 204 183 196 70 188 94 89 164 58 133 197 91 153 108 117 86 108 96 116 34 197 116 44 133 
101 156 207 198 58 166 33 46 109 181 37 69 128 126 110 168 62 40 191 191 74 80 99 179 153 194 78 136 28 78 162 188 121 96 127 157 28 164 64 163 101 197 87 133 76 154 143 88 196 118 114 94 169 133 138 42 30 202 56 190 79 54 93 130 158 134 75 159 64 197 96 152 189 51 58 178 123 125 102 141 157 53 60 128 127 115 113 111 197 26 179 110 179 79 106 63 139 143 134 148 117 54 27 135 33 195 83 
205 181 187 122 176 197 47 101 58 157 171 36 57 68 176 52 27 210 68 159 183 108 51 65 100 97 142 50 30 120 92 161 204 173 161 103 134 33 192 129 190 200 165 139 86 29 130 91 181 88 95 113 110 195 138 145 27 158 55 209 169 151 43 38 129 103 185 188 122 189 170 156 173 133 67 95 151 113 67 43 34 157 39 120 178 207 158 97 187 115 30 102 30 81 57 66 85 120 116 29 36 53 61 57 38 172 79 
53 156 146 32 171 128 142 196 160 102 87 196 135 200 185 44 129 86 67 78 93 100 105 83 53 98 53 95 197 129 76 69 175 195 66 33 138 205 82 88 186 125 99 68 151 208 204 183 55 94 106 128 84 188 112 139 129 69 199 41 205 178 99 64 64 82 155 149 167 159 183 186 118 102 43 193 180 88 129 68 196 66 73 141 78 145 42 57 66 124 172 93 38 91 67 64 192 187 187 193 90 58 154 26 51 117 62 
31 53 100 184 99 141 39 190 198 187 103 175 88 86 164 69 199 71 64 69 132 165 51 138 52 90 52 39 112 99 208 207 61 91 97 208 164 141 140 193 39 158 91 152 203 123 44 33 77 176 120 203 140 48 184 31 105 170 118 166 204 134 163 86 77 154 202 118 99 139 176 206 103 132 173 89 111 173 152 201 36 156 41 90 96 103 34 71 111 79 199 109 195 184 114 68 204 130 179 167 150 163 117 166 167 187 148 
61 189 179 88 203 131 30 58 34 116 193 206 183 49 152 158 78 64 105 149 127 87 27 106 174 27 95 92 102 105 193 151 86 91 51 149 33 175 119 70 67 36 32 57 81 61 124 194 199 111 93 148 118 209 86 209 63 154 177 50 202 100 98 121 75 66 108 55 171 52 75 104 210 125 137 124 57 182 103 102 52 97 174 108 150 67 67 106 67 43 205 122 143 39 33 79 109 174 38 172 76 117 159 150 30 91 207 
43 99 155 155 60 35 196 113 165 75 111 35 163 174 132 176 50 200 95 114 59 166 55 97 196 109 85 148 99 98 193 189 121 54 210 188 94 72 183 58 87 66 59 57 46 150 155 100 83 116 169 88 35 206 198 164 174 163 116 98 82 45 154 66 65 91 127 184 106 96 197 151 102 63 27 135 54 209 190 119 32 187 98 169 113 86 92 42 104 85 167 142 104 184 61 184 69 99 126 80 103 116 49 153 118 72 93 
183 176 137 149 159 78 55 143 136 37 134 171 148 148 43 204 90 185 166 180 73 209 172 185 165 32 106 79 122 44 123 179 117 65 52 145 162 128 106 156 163 192 155 146 83 29 110 174 58 100 160 80 62 195 80 168 131 41 121 108 129 87 78 27 181 153 197 58 37 110 142 41 128 208 148 115 203 49 125 102 210 123 90 64 35 154 122 40 88 149 36 120 96 89 31 151 137 210 153 58 57 208 101 31 29 55 123 
149 94 164 205 110 44 147 189 36 50 141 86 120 35 64 133 111 57 189 96 75 122 66 207 38 92 98 60 67 50 198 169 176 72 76 137 28 33 193 32 127 184 31 58 155 67 107 144 101 175 115 37 164 66 95 50 138 190 59 162 165 152 144 150 95 77 182 33 200 30 63 124 117 110 136 29 59 145 82 44 77 140 123 35 117 113 106 195 100 183 44 155 115 155 83 57 53 177 139 117 97 167 57 104 104 189 76 
82 32 116 57 189 92 101 81 80 150 108 172 169 99 104 79 62 131 142 32 170 102 89 69 194 31 189 95 105 64 55 49 158 163 133 90 86 149 57 109 70 160 178 173 202 52 115 74 88 180 81 113 173 56 52 91 162 87 189 37 83 109 98 187 196 87 189 205 107 83 140 28 39 145 130 162 47 103 186 103 115 142 200 206 179 186 111 74 98 35 103 59 30 66 54 65 179 115 166 184 173 139 79 53 110 62 76 
90 208 66 118 168 42 180 80 180 124 88 96 49 149 158 171 118 105 60 87 46 110 78 88 123 190 166 197 76 60 128 130 125 135 73 165 137 162 188 120 32 69 48 199 184 43 31 106 180 40 70 104 54 39 115 146 150 143 29 185 105 192 60 179 174 140 137 134 83 70 134 185 96 108 68 49 27 175 113 62 89 177 95 67 153 195 26 116 62 164 145 166 126 162 88 161 60 130 195 80 176 125 110 79 137 204 98 
170 72 178 198 151 90 172 105 190 200 114 171 195 84 119 185 138 195 178 173 85 200 139 88 71 29 148 98 69 28 148 85 152 143 72 41 96 167 41 110 190 189 137 37 99 150 184 68 162 69 122 165 34 165 114 159 168 66 192 39 80 140 106 38 84 114 178 192 179 59 198 71 124 210 28 137 193 187 102 195 80 127 104 61 188 93 130 77 55 63 122 114 134 136 186 102 120 65 190 185 84 73 52 34 181 52 146 
157 153 38 136 130 77 197 26 49 196 45 178 176 122 170 101 69 116 112 184 68 103 147 54 29 190 43 200 204 31 107 135 66 145 140 52 102 120 177 42 160 39 45 50 136 155 49 198 74 54 150 64 140 147 49 129 58 28 207 138 178 31 187 95 118 129 60 153 195 27 55 161 41 89 107 195 142 180 150 39 99 189 159 123 100 102 201 58 83 101 125 134 197 161 108 57 112 69 144 131 166 75 171 26 83 56 165 
30 52 174 68 198 163 69 133 161 186 204 178 33 61 85 152 98 103 183 147 167 130 119 54 146 90 68 53 60 177 113 119 70 38 34 163 136 201 106 191 125 171 80 134 154 209 96 126 61 125 60 26 195 144 157 66 115 105 55 201 129 126 161 66 29 203 112 145 121 86 201 141 87 98 113 155 125 102 143 102 90 72 95 165 98 111 135 168 82 68 150 171 191 204 125 163 70 155 129 75 49 159 194 197 81 146 75 
117 63 178 117 81 97 50 165 149 81 178 101 129 190 178 40 48 201 65 30 44 111 169 189 175 206 73 134 30 200 209 170 177 132 28 149 191 76 63 186 143 26 107 131 77 198 120 146 81 89 181 157 191 78 123 136 68 208 182 145 202 172 86 110 192 143 78 116 180 142 208 205 58 181 105 210 37 131 58 116 34 106 197 142 104 118 28 34 207 58 201 97 108 177 194 198 202 93 115 154 83 169 133 77 176 78 61 
74 69 115 130 169 88 61 41 204 32 175 189 105 148 107 78 76 196 126 42 198 182 68 26 57 113 152 153 40 63 29 33 39 131 100 97 123 124 41 112 149 148 113 76 29 114 77 74 100 164 123 37 168 58 128 188 129 75 190 94 49 141 208 156 125 190 91 87 113 70 150 189 180 55 81 169 101 148 38 35 51 43 146 73 179 130 33 131 124 68 185 53 141 116 46 85 78 159 58 83 125 63 122 106 181 205 55 
182 195 129 100 186 47 157 109 154 64 49 69 200 101 199 68 144 92 111 151 151 88 33 96 39 93 148 153 188 200 111 40 192 36 76 189 204 163 102 100 46 88 206 83 121 28 106 199 85 40 112 203 46 46 70 191 159 148 210 180 140 102 154 31 88 152 147 135 165 109 108 77 137 44 210 35 114 63 199 181 119 116 195 91 69 79 198 178 204 163 201 91 95 37 152 167 192 67 110 136 104 105 51 192 161 111 107 
206 80 136 208 45 208 210 70 114 154 64 168 89 183 70 101 98 141 202 210 67 57 130 194 203 111 29 117 74 31 90 60 66 67 43 83 84 76 66 72 86 35 133 48 123 76 116 164 109 29 175 53 101 135 174 97 43 49 202 42 126 165 122 187 122 175 206 87 95 207 115 49 142 31 57 77 99 91 124 94 53 69 114 89 182 177 94 189 126 206 117 178 44 167 153 190 95 70 197 195 111 153 38 35 136 74 136 
207 27 199 144 77 87 48 135 160 190 162 122 32 40 65 102 170 108 75 100 143 165 96 52 70 201 65 87 206 131 101 147 55 159 64 166 119 184 35 196 167 57 155 114 134 88 158 163 46 55 36 55 187 140 50 205 174 49 61 68 135 161 104 145 60 42 86 200 108 172 61 121 116 74 171 55 128 131 121 152 170 188 171 126 143 33 127 122 56 135 97 147 89 191 195 52 95 131 106 37 165 88 186 59 185 77 126 
154 109 166 150 106 109 29 179 136 63 112 204 199 157 46 145 159 131 137 171 69 184 58 121 202 88 197 105 188 81 53 188 173 197 51 103 207 136 38 52 155 47 107 28 70 49 164 148 70 44 167 157 101 109 114 191 31 114 67 99 39 125 87 122 75 186 104 120 36 120 197 83 197 77 96 68 91 129 50 92 186 29 145 171 103 173 182 165 32 161 146 156 145 92 184 86 183 83 36 118 176 36 105 46 84 209 38 
81 160 109 198 119 63 149 51 167 173 67 108 93 128 188 89 61 185 97 149 92 27 30 163 65 171 76 156 83 163 127 144 205 153 64 71 64 199 167 186 174 203 50 186 207 162 205 84 44 48 148 28 77 101 128 147 53 146 124 198 144 77 140 44 210 67 31 159 59 87 33 37 137 43 90 74 201 42 83 108 43 185 107 60 67 102 59 134 64 184 76 114 37 110 98 154 176 88 179 174 117 165 203 131 75 149 147 
179 156 152 156 112 94 100 77 173 59 48 39 38 39 48 161 209 95 191 34 170 141 57 85 164 56 140 143 70 177 169 147 198 103 150 182 114 169 112 34 92 206 35 191 94 135 107 162 36 93 103 29 202 198 51 194 44 65 202 59 28 105 103 141 47 161 34 55 109 132 148 39 179 194 41 110 26 123 107 32 154 53 59 95 196 167 105 41 87 137 206 109 180 38 117 127 47 189 187 205 202 178 94 139 41 168 102 
36 156 173 192 64 157 133 173 37 142 177 93 165 138 127 116 154 96 207 55 135 154 109 176 45 36 138 187 94 80 197 179 49 113 67 70 98 134 161 110 146 50 61 175 170 95 42 97 148 154 39 182 70 199 210 136 142 175 33 156 69 155 90 61 114 52 197 55 171 47 121 83 136 115 123 185 181 73 94 142 67 151 195 120 195 180 197 33 189 143 124 132 172 200 92 85 198 198 128 186 35 97 202 112 45 43 48 
58 81 37 167 168 119 205 92 117 187 199 208 103 85 152 52 197 84 92 210 164 34 79 78 180 191 148 77 210 97 139 151 169 113 145 70 107 192 110 196 148 56 92 123 112 31 161 45 118 169 179 124 42 53 146 41 201 182 188 133 172 170 105 108 204 67 79 45 46 56 73 145 192 149 71 95 95 43 123 174 102 41 77 86 193 84 153 42 159 188 171 172 134 74 125 62 177 72 200 169 63 107 137 48 209 155 173 
63 100 210 199 123 60 202 178 134 113 143 39 65 177 31 172 108 59 195 175 95 127 61 72 96 64 164 181 111 184 191 122 122 194 110 180 138 185 152 93 140 31 105 202 169 105 54 209 103 68 45 112 178 121 92 143 101 44 208 128 63 177 64 206 63 156 109 152 103 117 143 185 181 166 127 113 167 49 151 193 62 41 104 161 198 45 169 180 37 56 152 106 124 156 145 167 202 198 88 153 92 55 159 86 139 175 178 
143 109 190 179 182 181 79 186 36 140 134 77 143 28 101 48 81 80 143 196 56 135 105 138 105 46 203 154 154 105 55 162 59 188 39 195 200 170 71 148 26 87 188 166 71 102 169 180 62 119 69 107 167 192 51 70 135 169 73 45 155 136 163 166 111 100 133 130 138 102 57 83 119 37 58 105 150 190 38 70 102 202 122 101 63 165 131 69 205 46 60 85 141 151 63 140 86 74 105 155 107 183 71 128 70 88 82 
133 115 194 54 120 205 206 194 209 123 27 107 65 116 123 55 103 60 59 98 127 161 187 105 111 65 176 114 98 91 66 71 82 172 195 137 198 121 82 42 31 113 140 58 129 102 183 182 76 53 136 207 193 141 81 98 78 118 116 157 86 209 104 118 75 120 155 203 200 172 113 120 39 134 120 78 144 28 86 130 133 132 145 95 107 82 77 196 37 149 101 48 209 173 178 179 39 91 122 181 88 103 56 124 89 200 132 
208 91 149 183 170 184 132 167 193 29 41 177 162 117 122 40 87 30 27 67 191 29 110 71 129 83 118 182 76 99 61 199 155 132 47 183 138 82 109 161 73 191 138 137 45 90 172 208 200 199 93 176 26 89 145 110 78 56 187 99 69 182 189 130 105 203 204 81 80 201 124 37 83 129 78 180 126 179 117 180 141 26 204 63 115 183 100 202 118 137 49 117 88 117 189 121 52 122 58 154 186 118 112 138 101 192 71 
75 90 206 156 196 210 209 122 173 197 79 30 53 29 130 108 201 119 204 47 179 210 193 203 202 115 139 39 37 114 35 93 82 156 187 199 30 76 199 69 51 40 66 91 55 188 71 121 74 153 108 195 191 166 123 120 169 159 167 89 47 145 78 167 120 131 59 92 190 186 69 125 179 83 146 147 112 59 69 27 154 183 200 57 131 71 125 51 51 145 184 38 124 165 45 171 92 80 72 179 44 32 104 185 92 102 191 
97 28 141 92 178 151 114 123 155 82 27 206 120 129 140 210 183 83 88 172 192 164 119 96 188 70 183 81 164 100 129 135 54 159 183 110 48 106 86 157 164 55 171 119 55 91 142 162 133 79 101 72 152 204 42 126 157 65 68 52 44 168 59 86 97 68 158 47 192 112 197 179 92 77 195 196 208 205 177 174 87 55 81 50 202 181 180 149 41 148 80 74 175 177 72 115 82 147 147 175 125 59 154 75 71 79 173 
76 72 173 206 73 90 205 149 42 143 48 102 72 104 130 186 132 187 108 95 101 151 181 201 120 145 31 177 163 129 56 176 186 179 114 30 65 176 159 191 80 170 133 55 158 206 143 138 190 150 109 196 164 181 180 60 107 201 139 167 79 118 135 53 118 64 90 125 114 107 76 59 32 171 148 172 61 143 150 51 142 151 126 103 112 31 105 129 41 32 87 119 93 128 139 182 185 162 26 69 153 166 180 177 207 174 157 
102 141 139 180 52 48 70 90 77 208 197 187 62 59 44 184 102 75 29 164 190 76 72 202 138 55 159 65 173 174 134 207 126 144 36 163 57 127 83 52 130 146 166 53 41 157 65 170 28 42 165 138 113 79 110 27 78 76 40 128 84 37 165 168 64 175 191 118 84 161 113 72 137 96 174 86 99 35 151 137 134 143 99 122 50 116 57 141 80 184 50 207 78 176 58 169 108 100 115 35 32 71 53 29 47 55 165 
134 190 176 171 44 107 166 78 197 159 63 177 126 59 128 45 160 108 48 199 209 87 118 186 106 136 172 52 43 113 102 165 39 79 166 84 181 170 167 77 114 175 96 107 81 189 39 124 182 140 195 73 60 155 210 166 173 185 63 47 166 84 189 43 192 122 73 31 176 201 29 198 173 34 206 109 179 162 130 163 145 88 99 87 150 78 92 127 210 30 177 89 138 127 119 74 78 203 132 176 121 106 86 92 92 170 157 
115 162 91 71 186 50 87 74 159 57 202 46 103 95 206 43 134 27 137 78 170 127 63 136 148 167 118 133 133 163 112 173 81 194 206 170 134 195 196 66 208 197 45 93 187 46 109 26 135 161 79 30 94 181 149 65 198 96 174 110 34 163 92 156 168 51 49 27 49 204 119 157 54 185 100 29 84 47 49 99 114 44 204 70 192 152 139 154 205 92 51 66 28 48 131 32 210 95 134 67 101 157 85 179 27 57 55 
36 182 167 170 209 67 202 44 74 153 81 94 153 68 92 40 38 56 95 54 28 42 72 196 172 72 151 151 126 176 204 178 169 45 79 190 31 57 175 203 43 134 29 207 206 103 108 86 168 68 88 73 164 94 30 180 118 173 26 136 153 155 120 118 125 78 190 164 184 168 133 176 179 49 76 131 157 111 88 26 32 46 201 136 206 126 76 79 67 207 77 37 138 54 186 126 123 143 207 189 90 134 136 133 184 170 134 
206 105 102 103 161 144 191 186 207 106 57 86 55 121 124 180 187 171 172 118 160 137 131 181 121 70 106 206 155 192 105 63 68 150 82 71 123 103 182 205 80 72 35 180 63 163 117 65 37 62 62 77 41 65 107 179 176 54 44 69 120 208 119 181 179 93 127 51 153 171 51 46 190 194 89 63 202 184 203 199 42 178 133 208 123 44 75 80 150 64 163 83 93 42 95 40 161 195 145 203 54 87 119 71 129 57 203 
50 203 184 105 118 168 53 167 109 190 66 141 173 82 172 143 198 164 71 202 62 66 190 45 47 47 161 117 81 107 195 77 48 148 130 66 138 116 173 197 123 120 154 165 163 98 124 31 43 84 153 178 203 31 202 195 79 60 88 59 79 49 122 175 197 124 48 40 156 159 167 141 68 116 70 111 121 174 61 105 134 159 203 28 207 94 82 175 203 115 108 65 65 148 97 32 47 149 45 125 131 190 79 73 44 158 94 
137 160 52 56 155 139 77 60 132 204 121 71 210 70 74 172 29 33 58 98 201 101 88 79 201 158 49 188 137 139 41 149 61 202 61 157 128 148 104 55 27 113 179 137 175 106 84 84 157 202 189 154 73 105 104 120 38 209 146 79 81 96 121 32 36 140 65 161 40 48 122 165 91 101 74 38 131 117 61 97 42 186 155 153 58 64 68 104 89 207 121 147 135 152 131 84 203 118 171 73 92 174 126 78 133 75 180 
42 179 53 89 84 70 57 95 31 190 87 83 95 28 137 136 95 114 89 202 103 38 88 63 131 178 195 166 49 41 31 124 47 74 58 160 92 127 159 140 118 156 146 141 124 189 143 161 40 81 134 29 131 47 115 135 62 171 89 38 69 35 97 58 186 29 119 43 42 111 205 90 143 105 199 146 139 102 178 182 149 123 80 121 83 143 26 54 37 192 116 98 92 92 51 100 127 189 206 37 76 90 206 198 160 111 93 
96 150 165 27 129 81 162 29 87 95 202 82 197 85 38 59 105 65 82 81 203 95 45 111 33 91 95 50 40 154 180 99 202 199 137 27 110 141 187 112 27 153 156 101 171 101 38 191 51 59 69 184 75 201 37 28 154 115 27 131 177 111 127 103 32 159 133 207 41 80 138 72 111 187 107 33 128 208 53 123 187 92 150 99 184 91 93 106 204 165 122 166 168 133 161 40 150 73 138 177 152 92 71 76 31 67 77 
33 51 48 127 165 75 168 60 69 39 155 116 206 130 175 47 190 50 138 163 154 107 47 149 73 157 68 175 44 105 188 47 64 32 47 119 101 157 26 194 54 44 89 121 74 89 49 54 118 154 115 38 26 37 34 192 139 87 109 200 156 144 28 80 132 199 124 185 47 140 137 97 77 64 76 32 162 127 46 59 185 176 74 101 75 29 93 120 157 147 201 31 158 59 30 200 190 72 60 40 193 35 195 66 158 116 89 
136 91 202 210 198 134 83 145 113 124 154 87 72 176 146 192 201 82 40 114 189 49 65 53 43 113 89 208 82 103 164 198 74 69 135 108 34 26 205 85 63 189 116 192 103 197 87 162 104 34 140 166 112 115 99 186 45 196 111 150 115 128 26 169 108 103 52 86 184 150 122 72 192 132 179 157 26 52 132 76 107 36 119 203 162 164 155 34 30 27 101 123 48 98 204 120 196 113 107 199 45 49 147 188 115 187 146 
113 191 148 201 108 108 45 200 159 147 61 115 144 121 193 199 33 31 198 106 97 66 48 154 122 112 185 193 150 160 161 34 65 105 168 68 155 98 119 80 189 70 150 105 208 183 86 203 76 60 121 197 193 133 50 194 51 59 137 140 158 31 140 208 76 93 139 32 115 44 206 151 160 196 101 177 105 151 121 30 114 164 86 192 181 166 58 41 148 29 197 92 44 53 172 136 83 141 105 151 142 47 144 116 90 40 132 
50 197 208 94 180 42 150 170 30 40 46 65 165 102 128 96 76 56 40 151 76 59 86 150 130 110 44 126 98 194 70 88 81 110 146 64 160 186 157 189 82 190 45 47 42 30 34 183 112 168 151 92 198 56 140 100 33 60 87 26 109 29 96 200 181 118 167 188 106 29 35 94 41 196 39 124 55 108 81 203 48 190 79 108 49 96 42 77 59 145 133 189 116 66 75 118 91 146 150 166 159 150 174 84 122 40 204 
146 198 178 150 125 73 166 72 66 106 47 210 105 50 199 90 132 92 188 42 87 53 193 155 168 68 150 95 77 164 98 112 40 143 115 130 77 158 45 28 69 41 187 54 86 208 53 210 51 80 33 183 184 163 117 150 94 188 170 91 124 135 99 142 62 146 63 130 204 59 150 97 205 152 62 103 150 107 190 51 193 107 133 65 67 92 170 51 150 185 67 94 177 181 121 139 150 70 63 83 136 125 133 57 197 48 136 
178 144 96 27 117 27 156 61 100 196 33 145 29 39 166 123 47 93 93 31 154 158 133 119 183 193 74 86 53 100 174 50 111 163 125 139 28 207 165 70 130 80 198 64 113 143 173 102 179 161 164 47 119 61 115 182 196 182 192 149 161 90 124 129 159 182 134 38 144 167 149 198 53 170 187 159 145 201 114 172 104 158 168 64 128 117 98 188 200 112 203 113 35 48 119 155 195 57 33 69 154 66 171 99 122 194 33 
177 195 76 129 54 116 132 127 44 133 106 172 205 70 125 148 28 162 117 58 200 32 123 48 162 134 68 41 64 94 200 199 97 195 29 112 33 56 58 171 46 153 116 127 102 65 82 104 172 55 194 171 140 93 108 120 62 139 160 132 52 124 162 77 130 71 144 186 107 74 44 143 103 205 125 105 39 125 139 49 180 79 108 157 141 95 153 42 186 148 150 31 101 56 141 161 210 166 141 159 56 123 30 87 183 118 47 
204 142 40 145 185 32 184 94 136 173 157 207 86 119 140 36 117 31 42 53 175 88 103 69 186 39 188 161 202 67 183 59 133 132 166 107 172 195 59 203 163 149 37 193 28 117 71 171 100 44 200 42 203 137 126 101 34 138 78 182 121 162 133 65 184 93 172 51 126 26 88 102 179 179 104 74 80 207 191 36 111 77 191 37 91 40 87 68 122 30 50 43 191 205 92 93 187 185 60 182 39 111 143 43 200 40 134 
200 186 159 174 205 76 195 174 149 71 105 63 179 61 53 165 126 190 164 43 61 49 52 190 190 197 86 185 122 81 142 54 154 171 118 81 101 65 82 39 136 180 106 178 70 207 45 189 186 101 34 197 170 118 136 191 86 159 74 130 163 31 33 74 117 104 133 89 173 103 106 32 143 55 99 206 125 157 92 178 179 197 86 188 189 51 197 94 128 195 37 165 114 53 194 139 29 116 142 94 204 104 66 108 127 43 137 
149 63 65 80 196 150 190 58 106 126 180 31 31 178 33 146 62 182 105 105 155 85 122 57 108 124 33 77 184 61 111 185 195 48 159 27 154 208 35 108 42 133 170 48 30 115 42 111 75 166 199 133 133 100 192 95 160 100 134 174 74 76 57 67 40 159 70 121 183 178 100 93 107 90 61 182 128 159 143 56 63 101 71 83 43 48 202 124 95 50 194 31 129 184 135 163 98 67 194 127 73 90 118 102 108 117 56 
175 207 63 112 155 136 123 199 47 145 107 180 106 171 154 186 194 65 134 126 70 132 208 53 120 158 106 91 110 176 85 39 78 160 39 177 74 196 96 143 130 60 147 127 166 112 138 67 61 68 134 105 77 88 59 29 165 156 61 37 90 208 147 107 97 169 177 120 55 50 28 181 149 112 152 102 152 79 76 142 87 128 157 139 81 117 115 182 108 49 130 128 112 50 28 127 31 121 29 86 113 55 143 134 94 33 142 
43 190 207 194 143 135 102 31 80 119 209 190 160 85 197 207 182 104 149 56 179 177 101 46 48 29 36 72 125 133 165 138 132 176 145 47 197 196 206 110 186 159 70 76 124 198 71 88 146 68 73 129 69 61 61 141 134 51 26 73 143 163 75 173 128 168 117 82 112 91 202 73 62 171 101 152 31 168 49 187 145 189 124 80 47 120 149 59 26 147 144 158 204 51 55 119 129 202 160 169 209 113 162 59 89 192 29 
181 48 52 82 197 88 167 120 167 64 157 178 96 43 55 117 208 120 184 83 185 87 176 31 94 117 152 97 128 86 170 179 66 116 174 59 131 108 191 81 28 146 126 129 151 35 210 62 62 75 152 77 45 83 105 178 91 48 203 123 129 165 53 137 116 154 154 136 65 74 194 51 142 43 132 108 209 53 120 140 30 165 90 125 132 168 187 32 141 148 134 153 92 130 207 84 201 42 61 104 47 57 110 70 137 111 84 
163 180 160 127 209 104 190 73 27 156 39 116 151 75 105 34 159 202 76 186 40 134 78 164 161 141 95 175 86 158 201 159 73 40 162 42 101 27 44 145 74 145 77 45 192 121 210 28 98 178 114 81 45 146 99 97 117 41 196 209 41 55 145 173 89 105 36 116 65 36 65 108 153 193 147 132 178 144 65 181 28 57 117 96 206 60 181 198 117 194 198 56 63 100 124 50 77 110 172 46 205 72 64 98 67 179 200 
92 202 130 132 111 112 78 179 43 49 169 124 54 179 120 71 139 184 180 47 96 192 83 140 38 71 154 154 55 113 210 84 177 166 165 158 165 125 107 133 61 117 55 146 123 142 118 191 50 64 48 147 164 159 143 81 92 41 74 175 27 114 155 103 197 88 88 34 121 109 26 197 79 187 184 195 40 63 67 142 119 100 136 87 53 149 98 106 113 78 72 157 48 110 157 207 172 53 183 45 28 45 130 27 120 103 59 
104 30 33 74 191 78 65 210 62 129 136 103 108 33 208 116 85 73 171 99 127 169 143 92 183 151 62 84 171 46 54 136 151 33 198 51 115 169 27 160 42 121 36 167 181 39 134 64 157 45 170 89 192 117 161 90 163 78 205 194 38 182 157 47 107 137 112 96 167 192 147 159 206 94 48 85 181 177 134 106 158 84 84 46 47 200 184 40 122 146 92 138 160 114 87 123 48 73 170 181 35 160 74 85 160 105 84 
42 185 197 91 113 40 181 196 117 189 117 150 68 129 104 179 52 91 76 27 192 123 209 177 206 189 152 148 125 185 105 84 55 32 32 208 80 80 202 155 209 64 100 179 27 73 198 148 205 117 164 111 43 139 185 39 113 49 90 85 147 32 81 46 134 63 101 42 122 75 92 147 110 82 173 204 33 32 65 197 143 193 151 124 51 182 94 157 69 65 171 127 189 173 125 72 104 123 110 207 201 55 135 47 113 45 130 
86 161 201 68 190 172 172 204 148 203 89 38 109 166 198 62 193 155 113 64 85 173 143 156 185 75 124 210 84 203 184 206 192 168 66 144 204 59 109 191 35 191 91 65 37 30 74 194 83 27 78 153 87 200 139 83 33 112 135 185 60 131 54 194 57 120 175 196 190 100 48 70 47 155 149 188 115 159 30 27 104 138 157 128 184 199 186 83 37 38 131 196 37 58 193 77 89 180 113 94 84 30 29 151 100 170 87 
179 135 146 185 63 74 136 144 153 74 65 32 71 156 116 110 41 66 162 187 43 72 80 90 203 63 40 59 139 199 204 194 143 175 179 119 64 89 114 89 104 135 172 151 32 164 40 98 136 68 202 97 30 133 112 182 117 128 40 89 68 116 184 93 178 91 47 121 94 147 147 93 171 106 58 66 137 63 86 56 26 158 184 47 158 76 44 192 113 150 191 135 85 82 66 58 91 165 90 103 194 200 157 29 206 61 110 
168 95 107 146 178 59 159 111 128 89 115 42 179 107 197 112 133 199 97 138 205 71 155 158 83 152 150 186 122 147 176 42 147 56 132 139 177 199 45 141 170 61 72 188 68 123 204 140 198 76 89 45 30 68 40 188 142 80 200 30 43 125 171 136 33 122 63 155 210 30 27 105 42 175 66 130 89 128 95 47 65 27 142 64 165 180 174 64 96 138 108 91 162 149 147 50 170 28 196 127 134 165 166 175 135 47 191 
169 127 76 33 203 179 203 43 41 87 102 68 130 196 137 118 178 113 74 32 82 201 181 104 156 92 76 208 31 116 103 192 129 187 72 170 72 99 62 128 56 44 189 73 30 198 124 78 175 63 72 175 108 86 37 193 166 109 123 208 44 107 53 42 139 140 144 62 153 206 57 199 174 192 45 182 165 102 27 111 64 118 70 37 70 145 98 80 132 80 78 210 46 107 186 130 36 90 121 64 129 183 133 150 144 161 165 
47 30 66 195 84 89 81 170 171 42 113 99 26 153 201 49 125 74 36 167 125 148 122 192 146 188 27 74 173 183 113 85 72 180 29 142 184 86 203 209 101 164 111 127 84 171 119 88 38 158 62 55 87 138 95 73 172 122 142 127 41 51 34 186 161 123 86 77 182 124 65 197 79 131 204 197 166 159 175 187 135 186 88 118 74 139 30 208 176 175 93 32 34 187 185 98 65 78 160 143 101 53 86 113 63 71 126 
118 86 95 209 168 126 179 175 163 71 37 165 63 66 199 84 128 105 156 142 134 100 99 144 203 189 141 132 39 159 132 67 162 145 81 109 119 145 198 50 203 202 163 111 35 125 175 35 41 114 63 175 65 58 71 86 76 120 40 73 206 207 62 68 116 200 132 88 141 130 92 102 163 79 44 43 75 163 196 64 207 34 203 27 88 136 38 208 90 186 57 130 143 194 161 163 161 109 37 205 90 189 168 204 150 121 187 
90 53 114 74 74 205 136 139 47 69 169 60 197 181 145 204 89 154 209 28 170 155 71 126 197 139 69 103 198 160 190 132 62 82 59 77 169 31 111 202 169 137 71 78 27 193 171 82 131 208 95 161 39 26 54 39 126 30 59 123 57 70 146 52 51 127 138 74 27 78 63 130 147 90 112 120 62 63 65 64 48 33 170 195 103 142 162 142 85 122 133 196 117 178 146 56 174 208 126 116 59 89 166 83 63 152 39 
92 123 54 42 134 192 199 179 63 156 109 173 43 76 206 158 169 34 40 116 120 90 61 88 85 114 178 172 180 209 189 188 105 117 172 152 169 61 182 134 154 78 43 93 187 149 201 59 137 56 92 210 181 133 101 190 68 30 208 134 40 72 36 210 78 198 126 145 97 36 114 147 204 201 58 136 106 107 200 185 52 149 31 94 46 107 42 145 123 174 202 55 142 68 185 112 112 94 158 112 178 87 143 157 84 204 156 
166 119 147 195 178 209 37 156 171 194 75 69 44 163 136 138 54 164 201 31 142 93 81 68 29 53 208 126 178 121 148 39 68 162 32 49 36 111 178 73 151 145 174 106 60 97 58 134 175 206 176 161 210 181 35 54 77 132 190 94 122 130 67 125 164 152 105 31 205 110 48 59 108 161 126 86 71 200 71 77 208 119 97 41 27 114 192 34 64 208 129 47 114 150 192 69 34 61 89 99 194 139 91 161 163 96 28 
94 152 186 114 40 125 39 185 51 147 202 64 89 53 35 146 133 130 148 170 39 41 166 127 61 145 101 136 195 133 112 51 112 108 202 96 167 104 179 134 121 162 196 197 26 124 159 158 51 153 177 147 108 178 105 89 201 140 196 194 163 180 75 112 157 173 138 78 68 182 156 173 148 89 52 40 112 173 115 40 44 40 76 123 50 134 146 78 26 201 156 80 115 162 92 206 166 77 154 115 27 208 171 120 177 162 109 
122 200 208 90 203 159 162 28 45 194 151 146 109 122 150 123 134 191 122 86 141 204 118 153 66 121 123 63 141 60 72 152 62 120 142 190 181 132 93 93 35 86 168 201 86 116 53 73 111 27 123 178 103 140 47 101 133 147 189 47 83 101 140 141 166 27 27 106 138 128 109 120 185 126 121 137 146 130 120 164 172 158 156 96 48 179 87 120 161 161 203 112 29 35 98 79 198 192 71 117 123 183 172 182 70 137 177 
109 176 48 134 35 55 175 118 205 121 76 170 189 124 193 145 162 179 145 126 81 55 170 136 67 54 163 67 95 91 106 154 139 68 155 163 182 185 199 42 178 56 154 51 76 177 69 38 178 206 75 181 163 202 141 173 108 151 85 193 153 153 110 72 142 85 36 33 49 98 74 97 43 143 75 99 117 95 99 114 77 88 179 186 150 126 124 62 100 151 68 191 208 86 91 163 38 56 71 84 29 63 180 151 90 122 95 
110 94 175 201 67 36 36 57 116 188 92 209 27 183 189 38 177 152 79 37 190 123 207 167 44 89 64 131 115 106 200 155 147 195 155 62 31 148 150 132 166 138 104 183 174 205 172 49 182 56 178 146 53 99 188 200 66 100 170 75 60 45 77 50 72 27 109 43 90 94 71 144 170 182 202 45 30 183 196 142 41 196 165 151 91 138 139 55 127 208 187 45 146 101 151 70 199 118 128 202 97 165 46 57 156 125 165 
49 183 162 130 70 196 101 182 206 131 71 66 47 121 86 96 121 141 33 85 32 38 111 84 183 200 171 209 29 68 208 181 100 155 126 54 156 177 60 182 92 160 127 68 179 205 147 36 83 61 210 29 161 175 36 170 140 85 92 71 208 163 87 197 177 67 134 142 131 121 147 108 103 69 197 136 143 154 196 181 105 131 57 184 67 187 35 33 86 152 122 122 108 79 156 153 141 60 42 90 202 154 109 55 161 97 61 
124 175 53 125 74 61 203 164 84 206 146 177 80 38 174 67 136 108 114 82 167 63 113 108 34 195 132 80 114 27 199 178 189 131 62 143 199 81 33 109 123 144 63 59 60 105 61 112 53 209 157 87 162 83 63 132 185 87 201 142 180 136 123 41 169 154 125 112 59 108 95 146 142 38 54 134 177 74 136 76 188 30 202 85 193 206 115 61 108 145 73 50 73 181 30 120 137 171 122 115 121 181 163 52 126 103 194 
198 143 123 51 180 48 175 202 77 145 111 171 79 136 70 189 153 42 134 124 37 101 98 58 164 59 201 35 71 85 127 108 136 99 180 173 71 93 193 170 153 58 80 153 121 189 84 120 173 98 153 78 92 140 138 204 171 92 90 153 201 149 165 123 176 156 147 30 145 163 66 124 189 147 95 192 37 192 144 186 79 59 142 114 151 176 117 76 207 39 75 125 121 105 100 112 170 187 208 56 40 169 177 186 78 43 185 
66 148 210 35 184 207 83 191 177 178 89 170 55 151 105 173 87 27 45 148 53 195 78 197 170 209 73 47 27 79 106 34 132 106 151 37 85 169 110 68 186 169 131 32 207 87 46 147 153 27 109 78 91 117 55 68 150 95 119 176 180 101 138 179 72 61 182 169 189 83 120 209 104 102 142 118 54 115 73 111 38 77 141 41 60 165 152 120 144 167 44 202 31 66 66 190 124 71 55 111 115 130 36 106 145 30 175 
115 145 147 67 107 128 134 59 105 172 56 208 168 204 63 75 119 180 36 207 168 196 91 36 161 44 138 124 84 131 83 191 165 180 89 199 40 66 28 83 100 140 78 194 97 172 81 74 119 33 154 127 193 36 170 48 47 31 48 85 142 109 190 44 188 32 49 148 186 47 33 91 73 32 123 96 47 95 57 89 83 69 125 79 42 172 134 178 91 90 71 188 145 173 101 48 117 71 154 209 197 197 174 35 107 206 54 
78 159 89 117 104 66 128 83 170 121 184 210 32 93 179 184 97 186 66 103 179 175 164 135 69 96 174 45 169 184 193 28 63 135 83 88 106 135 38 136 35 94 114 52 122 28 30 56 206 62 110 191 136 181 29 106 145 161 168 32 35 134 45 107 153 187 70 129 110 46 76 64 111 111 206 83 176 68 174 47 159 146 112 41 109 82 153 43 85 208 112 110 196 170 122 45 69 134 43 84 40 122 39 150 41 164 174 
133 88 119 201 164 105 164 89 54 104 185 110 51 81 55 167 100 202 124 149 125 106 144 203 76 34 97 132 208 178 104 96 129 149 33 176 107 66 31 98 174 65 159 83 93 136 96 55 200 183 95 157 114 87 82 74 32 184 204 57 165 172 38 97 53 192 204 100 36 151 122 173 166 169 81 59 151 35 127 163 82 205 148 144 146 103 71 107 65 35 61 34 149 149 74 205 31 121 204 125 196 112 97 70 195 156 87 
100 178 108 130 208 71 197 198 160 141 146 96 30 69 35 181 202 192 69 66 33 102 100 36 111 89 87 79 94 65 164 137 72 144 103 131 112 84 185 197 81 59 38 186 196 194 56 160 107 43 43 77 159 174 155 62 43 112 137 169 43 113 57 115 127 39 151 45 49 89 60 152 72 41 148 28 191 182 116 27 114 46 176 55 98 116 65 31 76 150 154 52 125 157 143 98 126 31 142 201 167 178 180 132 188 63 75 
139 87 199 96 189 204 32 169 134 148 57 27 53 54 58 182 154 133 177 83 64 123 100 147 27 106 148 49 56 104 91 126 158 66 139 110 98 66 175 89 194 50 39 124 131 173 81 97 47 179 27 102 207 46 57 65 180 124 125 147 107 171 92 89 121 56 202 48 71 118 88 201 117 120 205 169 169 179 111 111 64 168 210 29 67 175 103 63 182 87 81 126 114 59 46 26 131 121 111 171 183 90 164 113 60 27 79 
208 195 103 57 201 56 184 81 118 72 132 63 26 65 112 158 102 192 185 138 57 177 68 79 121 108 71 30 54 45 151 162 196 91 127 195 172 129 196 136 92 85 79 103 129 163 128 153 57 79 146 156 65 87 210 27 143 84 88 69 31 72 156 153 165 188 207 193 189 63 31 67 165 74 71 108 171 70 133 37 47 170 192 90 62 106 190 182 47 62 42 152 186 139 142 59 172 43 151 178 182 36 69 57 44 42 129 
72 148 75 100 199 176 132 123 178 122 202 61 83 202 144 47 98 121 153 206 124 67 130 165 62 117 108 179 205 134 28 164 32 146 167 112 204 136 87 140 192 80 182 39 178 195 51 91 113 123 209 145 158 55 100 144 124 66 201 65 129 58 129 99 203 144 81 184 110 201 189 61 178 88 63 82 206 193 188 124 76 145 169 97 95 133 149 152 105 120 125 32 103 183 154 74 80 26 63 72 50 187 120 128 149 149 160 
76 50 91 183 175 183 113 173 108 82 119 69 150 133 174 104 197 129 138 87 53 76 104 125 42 70 143 129 64 142 51 52 208 38 85 165 97 164 58 41 198 89 109 104 58 148 94 179 166 122 43 37 101 92 36 75 99 154 31 154 152 161 107 151 81 44 148 44 168 66 74 192 61 92 115 186 86 106 60 160 167 120 42 82 202 139 74 207 41 202 69 191 202 68 65 104 85 62 92 86 76 95 199 191 197 26 31 
145 36 99 129 43 194 54 32 104 94 129 67 96 56 139 179 134 148 114 175 71 121 141 79 110 188 172 48 159 135 134 153 144 159 96 96 56 171 111 166 64 33 133 42 85 29 110 171 48 210 151 194 47 41 81 205 86 71 192 60 171 95 158 153 107 136 63 119 127 158 97 90 124 192 30 158 52 27 54 114 129 65 71 170 55 160 173 65 133 157 206 182 73 37 123 147 132 100 167 184 208 120 28 82 178 129 89 
55 107 163 80 148 169 182 64 144 185 70 46 107 174 193 143 50 32 156 198 140 118 166 179 202 182 205 206 166 132 35 41 37 202 39 189 140 108 48 58 150 42 127 143 48 32 168 91 127 196 201 52 208 26 138 95 119 96 27 177 187 185 135 166 53 194 154 110 31 203 199 140 189 160 152 128 92 94 80 131 32 66 35 191 108 37 174 44 39 64 191 47 153 106 154 162 68 150 197 63 157 141 47 159 70 99 172 
113 167 159 121 179 190 112 168 135 110 65 190 59 33 135 169 116 54 70 104 185 130 207 158 115 49 88 146 30 172 115 72 74 70 108 30 190 183 137 159 34 93 198 154 97 162 147 77 131 208 103 168 154 188 133 136 152 75 196 160 55 35 187 154 203 200 204 180 47 46 130 27 182 79 54 70 181 90 174 168 197 78 104 75 144 66 205 209 115 50 191 175 114 206 40 182 99 152 98 189 112 41 171 136 165 164 46 
179 142 26 32 90 100 84 77 28 134 205 123 148 204 117 157 35 130 209 49 106 129 146 147 172 94 189 40 199 82 121 115 110 155 169 120 140 141 181 154 30 50 90 27 94 165 99 78 123 42 136 54 104 111 63 119 160 160 154 53 91 133 171 122 193 65 159 118 192 94 78 63 163 46 55 151 72 96 78 155 118 133 72 200 50 33 86 95 101 58 105 84 100 199 93 194 146 81 157 147 75 114 40 77 79 62 146 
172 79 124 184 140 120 170 71 192 166 119 77 100 113 127 38 55 165 146 45 101 109 39 87 28 54 173 105 39 109 78 125 210 202 107 136 98 58 56 180 130 159 162 203 168 188 129 105 97 107 30 139 203 72 184 71 161 67 206 154 108 180 209 163 62 112 46 48 84 28 150 43 204 176 29 103 71 138 70 55 41 92 100 168 63 80 157 62 91 30 60 139 39 109 103 144 147 170 205 108 116 91 204 37 31 176 104 
68 102 204 69 208 135 167 125 184 135 118 193 144 150 107 29 155 128 49 73 60 172 88 159 45 135 204 151 162 81 115 82 90 147 80 148 90 142 32 88 102 100 156 177 209 162 139 161 94 40 68 125 128 119 83 208 194 93 52 175 177 131 42 129 50 62 47 69 168 196 147 165 166 111 38 172 93 44 149 44 173 166 38 54 92 179 164 149 59 48 73 34 65 147 162 162 65 175 28 50 159 200 68 190 66 129 122 
53 42 61 181 84 105 77 68 42 175 200 176 85 143 206 40 111 125 46 33 196 44 109 206 51 51 198 157 121 147 77 200 36 84 202 137 70 70 99 48 126 38 143 189 34 98 188 201 154 94 71 89 116 44 104 175 121 125 139 37 36 131 195 72 76 32 130 173 28 111 128 200 62 95 156 138 91 202 133 48 166 46 26 114 158 73 39 185 46 167 69 88 91 112 153 151 33 38 136 50 151 137 166 62 110 152 87 
137 102 90 100 57 163 49 109 75 35 32 107 56 71 164 31 182 170 145 77 162 176 108 188 102 131 37 204 129 85 30 39 182 173 142 186 131 112 184 56 167 182 54 120 148 160 142 119 26 47 124 125 144 54 146 68 200 108 52 37 165 189 29 139 107 164 161 197 139 208 86 136 76 138 185 157 94 38 210 146 133 198 41 168 72 134 118 67 192 38 170 120 153 89 138 191 67 195 163 91 167 104 145 179 202 143 172 
147 133 52 146 161 46 63 144 89 72 163 121 87 151 52 107 134 155 185 86 69 191 114 75 207 102 171 189 62 110 144 183 78 170 80 45 188 134 85 200 37 162 44 60 120 197 74 135 96 169 157 169 111 167 100 37 183 186 75 175 33 102 186 135 182 95 179 200 43 73 110 50 37 141 113 155 159 100 129 141 175 116 49 101 52 142 178 167 129 119 200 123 110 134 65 181 192 107 33 111 78 45 39 183 125 91 79 
107 154 183 111 172 87 61 107 141 116 33 124 196 166 207 41 89 55 202 187 175 41 139 36 34 157 136 55 194 46 83 83 145 53 119 58 75 141 194 42 168 42 74 205 157 83 52 177 78 166 141 200 45 160 203 93 29 30 86 141 188 162 81 101 71 176 133 83 91 150 69 44 173 122 61 49 180 166 143 73 155 206 199 128 186 157 155 80 107 26 207 101 88 106 151 56 97 80 58 192 165 144 127 67 206 167 40 
75 52 89 191 205 190 128 67 187 93 49 95 75 80 174 95 91 145 194 136 122 193 41 44 187 154 77 148 132 53 55 150 86 50 71 174 26 118 183 80 69 167 139 84 152 127 181 106 114 59 154 30 50 117 194 196 87 148 28 59 181 97 58 62 29 129 86 29 188 118 68 157 142 28 145 80 34 46 168 131 154 43 186 110 189 195 30 83 31 149 65 100 107 110 151 118 42 133 55 191 180 62 131 98 132 37 95 
208 178 160 144 198 88 196 136 157 188 189 196 130 74 47 202 77 169 201 191 148 63 188 46 86 89 136 209 117 74 167 146 143 156 207 142 31 29 44 159 190 153 155 46 132 184 176 92 109 134 128 37 119 127 98 143 190 157 172 164 79 31 163 120 54 208 123 100 94 52 65 172 79 94 210 157 162 57 178 165 184 64 193 34 88 115 134 138 39 114 111 113 194 74 191 105 27 82 184 146 200 168 138 55 208 37 210 
209 128 44 163 192 140 109 68 135 132 101 63 163 107 54 114 35 67 117 118 181 133 121 81 104 160 209 123 47 165 144 209 110 121 204 173 188 76 185 38 201 166 162 138 128 179 88 153 164 136 175 71 138 131 202 50 80 130 37 69 102 29 38 46 189 114 204 70 180 193 36 108 186 102 198 89 141 99 93 98 203 26 37 63 30 113 128 135 200 31 78 145 44 169 125 84 102 100 71 182 92 102 193 153 207 127 140 
106 184 42 31 64 110 123 99 204 89 154 205 188 40 62 135 198 104 175 65 147 130 72 41 194 68 93 206 161 105 33 40 110 66 80 162 159 76 71 164 99 95 179 178 167 29 210 162 196 155 135 206 189 188 89 174 47 149 187 38 155 135 48 210 46 94 105 91 206 151 112 63 28 72 101 43 92 89 183 138 132 36 189 60 200 73 208 144 81 204 140 41 82 209 31 183 165 171 46 91 90 89 141 167 88 34 162 
113 91 189 172 189 96 84 142 196 97 46 183 70 58 181 83 145 90 147 66 125 210 166 45 128 195 57 119 158 126 120 108 166 123 114 203 125 43 48 201 116 156 161 135 123 95 67 206 181 132 183 99 65 210 99 94 162 158 65 167 27 63 92 40 204 114 158 95 108 48 33 27 55 138 56 208 89 56 112 83 93 108 209 95 206 53 72 173 149 141 189 80 210 99 183 161 180 192 61 100 167 26 206 99 37 71 87 
57 152 107 189 199 72 119 184 182 82 75 38 198 203 134 209 89 154 69 41 82 87 36 142 147 39 36 75 122 171 49 126 75 134 29 110 169 121 94 114 65 45 196 75 191 154 74 111 32 146 159 63 209 143 104 119 161 159 138 83 61 101 83 135 144 209 90 50 152 190 210 78 98 200 133 185 87 128 122 159 184 181 210 173 197 101 60 36 114 92 122 179 55 112 42 80 166 27 120 124 58 133 173 176 30 172 93 
170 203 128 128 43 97 163 137 102 30 192 116 50 180 124 80 70 135 90 62 182 67 146 142 183 41 145 191 186 163 100 192 195 147 134 54 144 67 124 114 76 98 66 104 161 210 180 129 98 113 103 156 174 183 204 133 113 78 45 46 187 196 155 42 157 94 139 149 105 83 189 39 126 104 83 34 88 75 190 70 108 107 73 122 187 157 56 76 67 62 204 161 51 148 96 46 81 86 133 58 171 155 172 46 203 134 68 
48 87 199 113 74 192 156 81 72 48 161 93 71 187 153 130 71 90 38 130 168 192 154 126 201 102 154 50 203 62 94 94 139 156 194 31 64 58 50 39 134 190 63 206 107 26 146 207 136 131 44 29 80 77 83 118 66 98 110 179 28 164 157 159 201 159 132 126 126 144 77 64 59 187 148 198 61 190 80 72 107 71 64 36 53 30 107 132 175 199 120 206 127 150 88 142 28 143 62 100 27 68 116 82 73 150 163 
135 69 141 141 191 52 179 179 99 66 126 52 207 161 119 117 127 163 205 124 77 28 64 143 193 162 177 128 198 75 164 203 64 130 209 85 29 98 51 166 79 29 59 34 169 160 177 100 135 150 111 95 180 143 109 48 95 98 183 195 167 135 108 105 87 201 159 185 204 111 97 149 123 43 137 151 208 112 68 207 54 81 168 94 174 47 168 51 201 190 157 203 130 89 139 27 34 36 66 32 33 112 30 134 128 186 194 
28 47 184 202 133 113 139 207 202 103 151 152 51 75 105 136 93 202 132 207 35 180 130 137 104 122 204 169 121 69 174 77 131 53 48 138 80 150 92 67 46 50 92 205 176 146 43 77 162 167 60 54 166 207 197 194 125 195 137 136 206 41 164 62 171 124 175 56 155 150 39 112 95 72 79 172 45 131 163 158 45 153 74 117 180 79 94 29 60 131 162 159 40 171 84 180 149 129 84 210 69 59 150 113 203 81 102 
127 37 78 72 58 83 142 95 209 181 185 142 90 207 199 35 186 150 59 52 200 187 96 163 89 181 199 88 112 186 145 147 32 159 136 99 189 206 113 99 145 132 109 112 78 63 129 106 143 115 28 120 42 142 138 96 62 81 134 194 160 172 190 121 57 91 178 158 46 33 39 198 38 62 91 103 189 154 203 140 75 66 200 206 190 203 111 95 129 146 61 93 89 159 112 199 50 161 159 29 112 69 72 100 190 139 99 
54 54 205 142 54 48 39 34 114 127 83 95 107 151 78 66 63 47 154 197 110 134 44 128 121 161 68 199 84 210 89 199 209 149 112 31 128 199 68 197 138 178 35 190 142 85 89 197 83 122 104 30 84 67 132 96 151 53 44 76 191 144 164 26 99 199 35 206 79 157 45 159 44 171 70 97 153 71 130 207 206 184 174 49 66 66 28 128 164 189 94 50 128 135 88 168 92 57 27 210 149 107 70 46 65 181 66 
112 67 159 130 109 188 92 190 61 61 191 95 179 209 35 112 137 58 116 41 88 118 97 175 184 38 26 55 82 136 107 75 158 28 73 61 39 67 180 59 145 136 37 26 209 85 64 166 142 44 113 155 40 90 81 43 54 111 194 187 196 55 116 110 151 108 119 101 48 114 55 182 75 119 125 109 164 194 182 147 141 209 202 99 32 107 153 106 136 190 102 73 93 113 40 35 27 183 140 79 100 143 143 160 199 178 124 
32 179 134 102 120 89 206 156 117 169 42 169 39 208 116 170 126 110 93 163 135 62 145 166 98 72 177 145 65 73 125 140 173 51 83 195 155 53 143 120 58 102 141 160 173 65 44 171 42 127 61 64 131 43 41 155 30 81 38 29 143 57 109 142 99 114 108 56 127 70 144 124 46 135 77 120 204 192 73 61 46 76 107 98 165 98 47 47 183 40 82 165 137 111 90 123 183 176 210 174 127 174 161 129 202 69 195 
174 180 52 205 78 129 59 74 123 90 164 193 79 146 125 42 107 172 33 179 146 104 168 71 101 140 207 71 74 139 60 174 43 69 143 132 133 26 90 61 103 187 197 109 146 107 194 121 88 35 143 110 159 139 168 184 188 136 77 157 153 42 130 160 152 101 101 160 188 94 192 54 127 48 172 109 186 43 110 200 149 99 111 142 134 147 71 168 105 121 194 71 52 120 55 139 129 148 91 152 64 178 46 67 92 42 58 
176 26 47 92 208 108 56 63 154 137 123 130 155 156 152 63 58 105 92 55 32 126 157 110 168 161 123 79 94 204 150 188 32 69 160 178 197 77 112 51 181 209 153 117 117 106 91 131 125 70 187 104 180 73 180 172 100 96 210 125 111 107 42 175 175 72 146 90 82 177 208 32 108 140 111 111 77 145 38 76 107 26 26 43 73 75 69 79 108 178 163 115 72 78 158 204 102 186 112 206 34 57 39 68 94 137 172 
