217 72
81 241 57 57 284 92 239 135 160 199 306 311 312 203 273 308 151 297 155 245 256 70 99 85 73 295 117 301 227 242 178 302 204 84 181 75 80 64 203 46 313 91 275 92 279 40 58 229 300 71 89 230 243 294 283 195 183 177 223 131 171 180 79 152 193 136 171 219 71 252 126 44 
147 57 188 171 147 43 52 65 231 75 235 63 259 138 138 132 57 258 115 299 49 301 246 88 307 198 110 71 60 107 300 51 252 185 56 293 143 218 289 120 187 256 244 118 283 73 71 298 260 63 189 114 140 39 233 183 254 280 160 51 231 289 141 198 222 183 78 210 289 66 123 76 
90 99 238 273 203 68 283 168 54 235 286 294 245 73 223 285 249 289 124 49 258 46 81 246 243 132 289 170 163 53 88 186 252 210 90 187 64 194 102 175 72 94 247 258 237 186 238 57 148 112 274 44 201 141 281 195 60 89 251 233 132 309 283 165 106 66 193 241 184 248 197 52 
313 78 215 153 68 134 209 291 152 200 79 186 274 172 61 145 202 43 108 45 283 102 161 135 312 263 171 238 235 211 280 68 62 85 220 150 151 247 186 130 270 269 197 290 295 257 82 97 206 238 196 169 138 300 208 233 258 269 249 233 293 116 299 266 133 266 158 260 116 270 95 150 
296 124 95 178 187 178 243 100 115 183 297 118 211 246 148 138 116 199 160 144 99 161 158 67 44 119 85 52 86 85 211 82 226 107 181 170 310 48 94 137 252 225 302 99 175 244 53 298 174 178 74 170 74 174 302 65 41 96 253 125 115 145 290 61 86 97 224 39 265 274 279 290 
256 59 102 241 250 212 117 261 200 231 79 179 109 233 190 105 264 43 302 107 89 240 47 75 217 182 270 54 284 47 129 183 77 269 251 146 67 57 244 64 192 198 96 125 57 105 183 291 166 128 234 241 79 98 294 98 78 313 197 102 230 155 284 238 58 98 277 58 191 241 181 202 
66 176 238 297 236 299 44 304 260 105 129 106 201 134 300 148 239 97 78 238 208 302 266 305 299 43 126 197 42 221 219 107 247 273 64 128 95 216 46 280 39 132 208 284 205 151 238 264 312 61 260 103 315 273 188 286 186 250 264 284 254 59 296 60 249 53 73 135 185 190 62 126 
84 151 302 108 193 113 233 300 299 160 287 257 283 72 154 175 162 209 80 99 120 66 94 242 288 57 46 59 134 138 115 125 231 115 188 194 65 90 95 162 155 85 143 292 80 79 189 264 154 59 262 257 229 296 215 54 221 118 201 284 284 302 105 133 299 151 163 101 269 234 256 292 
115 58 232 50 142 206 229 222 88 277 308 210 138 301 140 101 56 49 69 308 221 66 51 187 274 122 195 117 299 133 79 268 284 230 93 293 313 303 134 125 154 274 266 216 143 126 252 284 77 228 255 187 75 106 239 94 125 229 170 225 199 124 185 204 247 98 237 261 263 77 223 311 
69 76 215 263 310 62 308 52 165 181 284 117 137 72 162 119 101 243 244 271 200 65 162 184 259 51 313 275 295 281 302 58 255 81 117 281 257 146 161 170 314 83 70 188 247 110 131 100 127 79 218 190 301 283 268 271 138 47 275 273 199 256 133 239 139 308 161 258 310 302 314 118 
81 120 81 73 94 106 108 251 159 248 275 54 132 185 198 108 205 222 105 56 67 304 183 48 291 147 170 107 238 198 176 252 165 95 224 88 225 309 41 280 272 296 48 219 151 173 43 182 264 134 307 259 229 115 241 310 207 164 216 42 45 190 192 278 221 74 164 135 151 239 114 155 
103 59 189 237 139 197 160 279 40 186 225 163 293 66 136 88 53 101 70 89 235 49 47 309 156 48 113 119 177 217 189 169 182 296 78 218 65 98 198 89 315 124 308 157 267 308 238 238 306 152 105 55 132 42 213 276 135 183 201 253 242 307 200 160 297 84 202 135 222 206 67 178 
165 259 89 138 102 134 124 50 205 247 89 274 193 94 287 244 160 73 280 278 165 187 201 93 102 91 245 50 175 157 272 72 246 51 127 252 70 126 161 52 264 295 146 225 282 103 132 93 270 266 148 110 148 301 315 309 120 51 134 243 119 192 281 207 140 78 259 232 160 203 312 39 
67 298 69 111 177 100 93 114 229 69 236 160 160 286 264 58 43 234 53 256 47 131 235 171 297 264 45 91 74 222 58 295 114 187 173 80 87 54 303 139 61 103 143 292 277 55 201 184 101 284 120 236 304 95 266 41 90 235 150 262 146 286 303 205 222 313 167 202 133 265 58 294 
71 55 53 315 257 150 118 276 55 184 74 228 202 89 263 187 312 213 77 238 230 50 245 84 126 210 229 216 203 59 42 281 41 261 143 124 131 197 278 104 284 41 61 54 154 60 272 83 210 174 46 121 256 79 261 182 266 250 62 111 210 196 211 93 181 205 153 145 200 288 147 200 
147 300 91 148 289 88 130 161 91 53 308 74 144 213 215 127 250 152 231 47 221 156 253 99 228 49 93 109 283 204 176 121 92 312 173 120 144 305 72 91 265 126 276 69 170 66 231 118 309 85 189 241 186 253 233 244 265 99 168 198 278 57 56 156 96 235 315 158 276 309 206 173 
194 289 311 51 45 135 283 94 119 119 138 250 47 152 59 128 210 117 141 207 72 64 152 168 286 241 81 181 206 61 79 221 256 172 130 190 195 302 214 121 143 54 113 240 294 42 152 168 183 156 49 72 267 245 262 314 268 39 253 162 170 257 267 260 63 134 90 106 287 223 220 251 
44 258 228 158 186 248 170 193 89 163 234 174 70 169 112 213 41 265 115 217 147 181 147 281 144 73 295 305 177 162 254 143 156 216 269 235 200 120 202 128 114 68 176 121 67 208 81 168 275 228 282 271 51 276 46 63 177 256 213 51 72 208 64 74 293 122 100 285 104 167 179 110 
119 87 49 164 252 313 117 106 204 196 258 222 93 92 249 69 206 296 142 273 144 256 74 291 221 283 56 262 166 286 217 97 276 173 304 219 171 291 123 84 290 218 295 224 286 147 313 61 141 175 213 102 114 303 141 107 181 134 308 127 305 227 80 259 124 142 281 291 81 250 74 176 
194 79 90 290 243 176 240 256 207 50 195 222 56 237 78 159 89 282 190 255 301 154 155 62 98 132 261 83 314 295 177 111 87 213 199 51 125 246 248 252 269 170 134 72 283 45 211 102 254 41 257 279 60 118 265 262 164 147 247 269 87 247 45 271 253 199 67 137 249 54 92 54 
148 162 267 92 107 77 268 131 188 121 150 53 229 273 239 274 76 120 77 224 77 91 269 60 148 185 165 210 210 46 180 122 250 152 226 257 184 118 45 130 268 186 143 74 148 76 173 56 64 241 253 213 205 223 212 86 240 49 47 298 198 302 295 133 267 116 163 289 253 149 131 79 
75 105 179 63 60 256 231 165 307 74 135 278 108 147 218 61 248 93 211 288 152 119 203 221 202 204 258 194 209 58 236 140 52 284 282 190 203 180 228 64 159 160 171 81 135 167 279 103 121 269 208 241 134 234 268 178 287 186 55 118 136 64 225 273 95 223 230 208 251 179 243 262 
65 250 107 283 71 56 213 121 119 71 202 273 233 214 173 200 203 123 120 293 272 79 195 119 274 41 235 236 202 82 311 61 193 239 305 102 252 110 153 100 146 272 130 115 140 150 225 306 250 247 187 147 103 310 120 225 81 61 185 173 159 47 148 275 195 310 180 151 254 287 270 289 
171 161 72 110 257 71 101 170 177 219 216 254 212 187 124 99 290 117 43 253 219 57 96 189 308 102 88 154 91 125 252 120 248 145 269 217 67 225 138 119 157 182 130 73 153 189 95 125 102 245 162 47 161 98 59 179 167 68 303 116 239 239 300 263 138 57 159 176 233 190 40 55 
202 259 160 209 106 125 184 68 52 105 176 210 314 145 212 112 244 196 182 72 305 242 126 296 238 212 288 254 276 204 138 174 246 224 290 268 162 105 193 315 74 167 157 265 169 61 128 152 242 98 108 255 282 185 123 286 264 77 203 222 209 197 82 132 203 275 192 55 182 95 301 139 
300 194 123 149 121 315 252 281 63 226 101 208 40 255 112 119 130 203 282 217 257 232 116 74 157 94 124 151 130 113 140 153 65 288 92 83 86 288 269 58 197 102 99 278 79 108 41 88 89 78 264 154 307 232 84 162 62 146 91 200 46 311 80 299 236 284 273 233 253 247 292 164 
142 168 149 121 61 280 118 113 206 82 193 201 95 250 173 213 99 105 70 95 127 225 60 64 103 81 239 296 216 312 277 189 97 214 103 148 277 169 315 241 217 297 277 111 215 117 57 225 93 264 178 67 286 112 279 139 129 173 113 113 230 186 87 293 264 119 118 161 67 304 203 95 
286 296 115 198 194 238 199 80 101 174 140 156 152 54 150 43 144 285 244 79 71 95 67 294 162 134 153 130 262 75 58 310 300 151 301 82 138 156 217 279 180 314 263 263 66 185 228 170 207 40 311 66 226 285 186 137 172 51 116 166 76 83 194 67 99 256 266 191 279 300 48 263 
93 144 104 265 82 250 63 267 135 97 103 226 149 307 263 307 209 274 75 107 211 180 166 230 111 122 159 290 124 90 135 207 245 50 276 209 55 260 45 177 299 71 158 298 118 236 69 147 89 227 129 208 62 47 233 206 131 51 269 202 281 140 247 252 272 123 168 200 110 230 274 66 
113 60 292 188 45 83 309 91 182 141 178 227 94 80 141 90 101 293 300 279 295 58 303 245 91 266 305 234 249 274 57 312 47 138 44 141 81 77 199 67 147 65 71 206 44 145 146 236 79 280 261 295 286 58 260 164 43 315 299 252 194 202 76 170 219 119 252 289 175 60 81 102 
145 143 289 129 87 159 132 216 157 204 76 79 257 128 260 196 114 164 117 120 210 234 301 50 305 265 205 190 188 169 140 155 293 137 124 151 192 173 269 251 71 39 59 104 254 116 175 155 44 80 311 200 169 138 220 102 132 182 102 174 135 39 161 202 154 179 82 125 48 176 80 141 
176 131 212 148 184 277 59 97 277 257 44 194 210 157 189 132 81 125 170 137 223 77 79 154 270 301 118 157 247 242 234 141 194 285 240 163 272 254 283 146 151 205 172 139 270 52 277 124 240 277 276 84 63 300 147 131 190 268 296 132 72 157 248 193 46 282 172 74 73 213 69 307 
147 108 50 157 282 136 201 113 310 216 286 106 94 78 132 157 136 102 123 103 265 149 183 307 187 194 68 220 271 258 284 99 254 133 87 237 56 191 55 229 57 116 258 188 108 57 232 108 197 307 50 184 97 221 219 263 53 72 98 119 291 76 260 310 273 149 301 60 227 217 138 179 
276 212 83 96 140 100 211 72 189 67 166 297 101 119 136 53 218 173 234 61 57 151 306 131 230 262 105 313 120 98 68 206 52 198 124 286 215 176 97 233 75 235 280 115 137 198 60 41 135 180 202 231 88 242 58 104 107 137 95 157 161 297 89 164 166 219 187 117 157 223 72 270 
294 98 118 63 172 307 237 58 57 63 83 151 148 272 48 203 81 311 235 228 297 135 123 245 130 154 270 189 173 231 242 203 126 224 267 238 50 237 267 253 220 215 266 232 189 102 182 88 281 113 154 303 274 147 51 57 126 221 206 169 124 211 67 299 273 251 203 70 247 189 310 211 
230 158 110 111 156 284 273 154 124 154 86 107 187 200 263 216 289 94 217 137 285 143 152 281 168 296 312 272 205 56 75 115 83 303 308 150 315 310 254 258 84 307 49 200 209 298 308 83 231 209 214 263 226 143 148 57 106 265 98 308 191 309 139 248 200 216 133 130 125 250 127 305 
280 148 222 90 65 103 214 226 43 119 167 135 259 265 216 51 142 266 170 90 267 82 94 271 287 219 110 168 197 61 130 101 311 207 145 92 157 163 191 314 154 250 210 121 135 143 309 314 170 195 221 142 297 308 267 57 166 255 289 190 222 193 97 137 118 247 220 106 166 215 295 310 
251 259 309 230 40 212 225 83 311 152 220 48 52 227 195 213 52 85 163 149 162 121 293 169 86 123 291 121 39 79 178 225 164 91 153 143 232 291 306 302 248 220 166 199 100 94 120 204 225 116 282 199 133 93 272 247 194 255 202 293 243 149 313 135 315 142 95 67 52 58 97 239 
60 212 137 213 167 168 45 309 220 263 248 80 53 46 129 109 288 212 101 255 45 207 72 82 131 154 44 298 106 155 132 40 165 314 239 40 253 58 158 302 188 287 248 59 106 54 194 115 302 209 218 112 254 278 312 206 182 156 268 246 241 86 260 145 41 219 106 191 235 290 99 134 
286 209 188 102 196 47 202 116 122 116 257 195 290 52 155 110 46 75 313 156 219 289 98 177 257 103 312 208 179 189 165 84 264 57 87 233 298 252 312 62 137 220 196 89 199 296 97 161 84 125 278 136 315 258 77 54 277 39 159 50 308 76 105 250 262 283 156 285 76 233 92 310 
302 186 289 74 298 135 313 186 219 113 211 269 243 65 115 262 71 114 53 152 89 128 48 190 68 190 131 149 128 238 282 123 130 130 185 44 148 134 103 145 49 161 41 60 103 302 89 227 115 196 123 64 90 187 243 231 281 137 55 132 102 67 282 53 116 65 49 146 103 75 111 175 
283 179 87 96 118 313 300 191 139 167 167 140 41 143 64 160 200 138 166 189 192 74 275 146 200 213 194 225 182 41 300 266 228 87 308 301 146 293 99 249 51 278 144 269 106 300 64 168 269 296 59 104 116 243 239 103 278 105 259 184 253 84 151 148 190 62 219 188 233 47 91 69 
285 41 44 284 165 263 119 76 245 143 164 141 300 254 305 83 277 230 191 176 291 112 291 119 178 209 50 73 110 235 95 55 69 141 212 302 256 51 221 108 279 52 268 229 169 194 88 180 159 225 213 167 230 170 195 135 207 143 92 280 55 262 77 265 293 193 193 105 48 285 161 311 
166 211 189 109 219 287 267 60 197 96 186 64 277 238 240 169 244 238 133 48 62 173 75 141 223 236 277 118 119 144 267 223 125 42 103 133 105 254 44 241 308 222 276 225 273 187 207 126 287 294 180 93 87 84 167 52 263 237 200 270 96 240 46 117 214 277 296 75 309 114 289 112 
279 127 64 68 213 72 305 205 177 122 162 78 111 306 305 135 301 224 249 186 69 295 102 200 248 82 138 236 166 132 200 253 95 98 102 256 171 113 309 150 145 66 83 112 74 230 120 157 256 157 298 298 90 280 164 60 240 182 107 144 226 156 234 118 247 42 193 159 293 305 179 222 
210 125 255 85 77 239 228 288 163 85 189 265 43 102 307 130 73 174 154 52 280 164 250 286 235 123 54 114 164 191 190 196 284 79 158 139 46 186 287 49 94 122 154 109 243 274 174 306 219 138 312 104 167 76 147 163 62 238 264 76 278 312 296 285 177 194 213 310 150 252 191 309 
70 310 254 269 249 224 229 142 42 51 169 112 218 58 91 308 291 297 178 250 288 39 50 295 62 161 284 299 106 115 66 179 311 117 195 52 252 180 222 314 277 67 62 254 258 132 282 240 83 272 287 150 200 67 184 111 64 40 71 91 233 226 110 171 158 242 148 235 156 226 170 49 
164 155 243 209 102 149 52 275 148 60 251 128 259 148 247 157 65 182 101 200 122 58 282 178 176 310 89 77 218 224 130 249 308 295 48 186 112 234 100 76 270 180 229 118 98 54 247 238 63 165 265 59 157 247 138 138 133 179 219 273 134 135 309 174 295 252 310 288 256 64 144 267 
202 245 154 311 112 247 233 91 203 248 204 50 277 177 219 58 108 49 264 226 229 283 42 123 245 78 86 201 51 198 49 186 70 43 99 231 84 50 209 302 161 279 277 302 103 115 108 185 214 212 60 142 155 181 200 54 87 197 236 254 167 302 224 47 252 93 219 182 200 192 169 85 
233 229 235 123 81 154 260 198 127 221 191 172 108 307 61 103 173 294 120 84 159 210 256 50 80 93 142 112 117 69 309 254 79 52 267 229 178 192 172 295 303 279 133 115 280 83 216 95 225 229 233 248 242 132 109 248 306 275 214 191 282 154 176 252 145 68 152 154 77 150 49 219 
292 288 217 266 301 172 52 118 109 314 242 137 203 251 226 266 136 51 91 206 307 277 76 203 80 303 270 122 90 82 247 168 64 164 306 66 123 183 187 304 85 122 84 258 130 247 209 273 82 115 226 276 156 70 219 138 282 75 232 141 133 289 247 224 68 192 92 231 78 104 118 57 
139 266 200 146 269 262 87 202 167 231 190 55 142 215 106 297 274 149 86 305 225 262 124 260 229 196 98 71 300 283 211 258 158 196 278 146 271 79 176 202 58 88 186 250 216 141 223 216 246 192 75 210 73 97 219 112 233 143 241 253 164 176 41 291 115 238 282 299 286 305 174 127 
287 271 171 269 206 50 209 169 258 131 193 146 126 221 275 156 269 157 127 200 228 90 116 240 291 142 207 179 313 241 145 156 312 266 98 50 97 305 267 116 181 95 236 50 43 168 74 179 88 197 57 252 215 305 202 155 286 195 237 218 177 125 60 208 67 291 279 225 260 72 148 164 
143 196 307 163 260 160 297 149 196 264 301 253 84 236 165 103 256 168 279 300 223 82 208 134 297 294 254 127 194 179 82 225 276 84 313 258 227 112 202 49 135 257 243 300 96 40 189 52 310 144 75 89 150 62 194 162 174 206 247 255 223 254 204 193 274 55 271 166 253 236 302 184 
118 55 98 186 197 119 219 295 229 162 276 56 286 101 140 92 285 50 185 57 305 172 299 175 91 306 113 247 216 163 238 294 115 101 273 234 213 212 187 311 273 130 97 174 206 57 314 185 260 137 42 178 165 136 142 127 125 292 243 119 213 95 164 81 212 102 177 188 271 44 65 147 
97 246 217 307 111 120 116 274 200 121 295 292 188 290 96 272 90 313 149 255 193 289 299 64 171 216 213 127 265 175 173 226 108 48 122 298 278 172 314 46 162 193 227 245 85 162 46 156 206 176 260 305 126 140 75 256 62 304 291 216 277 241 120 270 227 115 242 126 259 279 301 279 
121 274 311 214 196 276 106 228 143 170 173 251 304 171 100 130 238 73 287 94 269 43 56 128 180 58 90 55 286 234 208 55 282 217 216 274 219 264 154 150 269 95 120 133 294 211 108 172 203 44 269 70 196 234 254 189 118 169 205 209 61 206 122 186 248 182 247 274 283 55 57 155 
45 66 115 79 97 55 66 276 101 78 172 206 284 164 255 140 308 246 292 134 79 142 168 257 178 207 101 238 41 300 79 216 187 150 220 162 67 271 176 48 302 132 255 96 82 283 246 239 56 296 248 264 79 40 184 311 186 83 108 244 52 200 112 238 221 65 87 182 76 175 157 165 
301 173 172 302 162 292 41 40 220 107 277 209 101 196 45 130 59 199 44 151 147 119 253 225 265 176 83 80 187 242 156 179 260 230 46 93 305 190 244 305 92 148 111 157 117 239 139 262 252 92 102 102 287 164 113 311 191 273 48 46 65 58 163 52 98 178 274 260 238 223 307 148 
44 200 60 303 120 181 174 274 313 305 249 69 177 52 288 90 100 78 102 249 282 88 240 231 212 151 258 295 170 298 110 280 236 250 243 151 69 195 286 191 131 89 120 62 315 159 303 281 99 202 194 195 292 103 240 155 312 263 309 110 252 263 46 43 114 100 135 204 220 201 210 250 
153 172 99 281 282 113 227 234 162 162 79 276 100 89 139 221 225 276 51 61 46 48 104 294 263 89 77 110 210 283 194 66 139 270 208 215 90 196 249 260 298 315 288 114 223 196 63 176 89 133 263 204 99 127 232 47 279 286 126 211 250 73 243 298 132 270 189 208 104 272 73 212 
78 252 131 248 262 126 210 92 157 143 206 178 152 226 251 77 264 189 257 299 76 89 161 315 240 73 174 222 46 290 111 156 297 125 248 246 167 101 180 136 84 236 50 183 267 287 136 294 75 55 85 111 214 261 93 255 212 277 291 305 72 103 63 254 122 183 253 127 159 203 165 137 
271 242 273 281 222 108 177 232 126 120 53 109 189 71 116 188 194 136 309 173 136 174 173 80 252 292 310 159 144 175 70 293 80 278 129 315 65 177 179 273 68 162 78 92 236 191 208 280 199 271 219 266 185 101 168 106 281 137 173 115 215 284 196 300 147 277 285 214 196 202 183 98 
219 130 272 194 114 92 111 81 244 93 63 87 159 255 42 298 310 48 116 295 184 182 280 308 178 234 136 243 260 107 185 233 264 264 76 52 126 162 161 98 133 211 218 302 237 308 267 277 194 61 164 62 294 290 96 43 242 185 68 86 169 144 253 277 120 65 265 305 97 57 127 271 
148 221 118 56 233 69 115 204 184 137 177 221 311 283 208 161 80 117 139 39 190 148 215 266 207 204 144 180 205 237 288 144 130 173 134 272 228 308 168 124 206 220 261 168 186 102 223 60 302 140 126 209 193 84 53 222 231 172 123 71 146 105 51 160 68 125 86 210 269 106 82 65 
104 69 301 298 112 48 289 68 163 149 83 289 151 54 176 181 178 191 57 180 84 275 163 60 231 310 98 191 115 308 190 267 150 90 69 121 274 84 204 253 228 163 91 140 85 293 121 146 212 299 303 185 144 140 58 269 205 112 96 170 189 180 62 74 257 227 280 176 133 306 114 174 
292 262 314 40 200 256 130 184 111 151 271 158 86 225 234 282 243 228 314 112 205 280 58 147 95 129 178 201 186 115 39 43 157 68 191 273 144 89 124 55 74 55 230 277 101 108 201 197 81 144 234 150 264 144 216 56 120 205 115 215 239 71 315 253 210 41 190 155 273 150 178 247 
255 131 90 176 295 222 43 94 124 78 279 164 262 238 174 301 152 287 276 179 224 119 156 246 155 70 57 166 301 298 45 79 62 202 117 180 178 302 213 104 176 60 153 44 253 88 275 124 241 302 125 64 177 256 287 90 253 135 171 41 262 166 186 104 186 299 51 64 283 52 39 95 
154 216 195 93 202 153 264 169 194 272 234 255 178 58 113 171 276 230 193 130 299 157 186 225 186 73 185 105 107 113 310 226 208 292 218 68 149 225 40 265 211 113 145 279 252 151 106 260 163 48 171 283 268 171 61 198 72 181 288 81 53 97 73 122 292 45 309 222 96 315 93 176 
249 115 98 196 270 214 60 305 308 127 232 163 70 132 173 70 220 70 290 246 48 276 226 171 183 43 278 230 151 287 72 152 299 103 216 315 292 309 279 108 82 71 174 41 267 207 60 100 41 305 67 248 286 60 121 139 263 115 157 214 302 60 217 71 191 274 99 286 289 272 192 315 
111 213 40 55 190 259 111 173 256 243 213 66 206 100 290 89 261 185 142 272 171 127 173 214 262 253 175 255 81 185 49 207 307 66 291 148 192 57 283 222 68 82 159 241 235 158 115 179 107 269 262 280 60 315 208 164 131 227 315 293 66 72 220 105 141 148 82 243 310 174 294 195 
69 277 249 65 75 44 42 144 121 199 297 90 132 194 74 41 90 199 144 138 163 169 200 262 147 46 230 40 298 41 127 54 280 73 187 277 303 259 309 287 104 64 272 279 119 219 66 287 219 154 114 58 253 213 222 284 144 188 113 241 177 222 79 140 140 223 263 231 135 247 87 97 
86 240 273 94 222 147 129 256 126 282 41 212 128 269 169 294 177 151 101 108 47 303 245 202 292 47 288 143 217 304 82 105 213 90 157 61 77 64 113 229 124 280 45 182 209 63 188 39 216 77 235 128 79 119 118 58 243 288 107 232 272 59 241 305 111 147 199 97 199 190 265 60 
167 136 215 240 80 289 269 117 180 118 247 148 246 82 63 42 314 287 279 221 101 273 159 69 158 233 284 123 292 294 73 177 79 122 309 196 115 222 115 227 104 101 205 135 151 99 240 118 193 195 201 168 134 93 85 172 244 156 243 118 221 63 171 273 162 298 277 192 244 187 215 195 
255 86 61 275 276 47 125 295 157 173 183 299 124 270 195 294 259 285 68 314 282 89 72 86 195 98 68 261 273 170 268 226 182 280 44 176 293 267 70 288 42 313 285 67 47 139 183 53 243 302 253 249 47 133 160 92 187 44 297 107 169 126 41 66 105 68 51 88 196 269 214 140 
112 102 95 204 166 276 249 189 239 128 265 299 158 254 305 62 181 197 273 187 196 229 91 64 278 121 61 206 280 302 105 185 271 174 60 112 214 173 115 266 270 186 235 148 224 173 87 62 305 156 83 151 276 229 295 111 189 204 244 175 135 225 156 299 266 119 152 195 279 119 90 227 
253 274 291 205 42 52 150 171 311 169 251 213 188 126 291 228 129 147 247 222 288 115 134 132 264 176 97 84 244 181 87 60 249 282 202 185 315 76 184 212 231 104 63 169 115 299 179 144 290 231 73 137 233 264 287 148 275 120 253 100 150 251 53 290 189 165 41 170 159 204 80 131 
213 281 234 264 233 102 65 190 314 225 112 96 175 216 296 302 63 96 178 134 144 303 120 303 174 193 158 297 232 252 304 254 81 313 238 49 270 295 240 270 151 206 118 281 148 59 239 210 226 67 62 179 58 140 265 298 285 311 151 207 77 170 139 284 162 315 184 190 80 273 201 161 
260 210 118 183 231 241 102 301 240 170 44 44 76 167 144 246 248 310 118 183 257 236 127 218 153 57 291 189 290 265 153 191 108 224 252 210 52 40 72 222 135 244 228 64 211 208 231 214 182 155 74 289 104 198 132 265 144 229 139 191 268 48 257 281 301 82 297 79 118 60 49 106 
171 255 308 78 48 107 292 122 76 153 279 172 219 242 254 176 92 232 57 119 237 87 271 123 180 66 225 314 43 43 248 267 88 145 139 96 140 119 79 70 199 95 221 40 279 219 104 304 74 81 176 150 270 68 188 257 224 167 282 140 125 142 122 40 102 116 76 101 223 109 298 288 
54 196 104 159 40 276 169 270 198 113 214 43 102 282 72 47 314 106 188 307 292 254 190 80 296 134 166 217 167 130 62 189 60 45 159 101 160 92 56 68 216 138 134 39 69 130 302 64 167 56 216 156 274 163 180 112 123 196 42 99 54 314 297 312 66 42 148 81 268 194 279 99 
307 206 124 44 223 254 300 260 171 203 280 109 263 231 166 187 177 258 250 294 99 68 307 214 280 43 216 94 260 220 114 144 291 151 92 132 52 240 196 160 111 76 287 205 218 314 96 174 92 146 142 214 257 71 103 108 229 82 67 111 108 249 263 165 54 177 138 243 313 167 158 106 
168 292 179 69 289 128 236 157 251 247 291 75 62 191 42 221 110 87 40 77 136 104 197 87 203 304 167 126 204 165 146 128 277 288 168 242 257 188 285 39 131 213 159 154 286 269 47 76 151 277 307 105 106 214 170 181 220 172 142 252 75 142 273 160 49 232 107 301 143 89 143 45 
296 65 149 259 60 245 226 211 64 131 42 256 300 228 234 127 226 70 77 96 272 300 138 263 207 272 43 182 43 59 257 307 96 162 110 62 304 63 140 296 227 301 81 235 187 177 119 176 48 102 290 275 136 178 45 126 233 123 215 47 46 73 113 58 245 159 277 39 299 210 86 66 
143 256 66 133 115 93 66 287 70 188 104 49 161 53 172 231 200 200 141 61 153 75 152 43 274 241 249 201 40 147 42 251 259 198 111 161 65 271 272 221 157 228 224 313 280 202 297 219 101 295 251 170 129 307 247 83 104 217 257 227 230 190 221 178 308 141 163 277 93 264 174 163 
123 132 244 112 60 177 41 131 159 94 93 265 43 150 230 43 163 101 204 240 294 67 238 136 252 276 166 252 54 114 80 264 65 265 261 292 56 214 233 224 74 293 285 77 90 308 247 52 164 246 266 178 174 84 136 233 87 58 63 188 70 274 285 302 63 168 255 208 67 163 131 296 
302 128 126 277 127 154 44 202 131 184 65 280 79 44 112 235 202 139 300 166 146 307 178 100 198 114 237 101 244 253 203 275 252 90 262 76 222 107 184 212 40 97 164 154 296 79 236 232 189 47 290 240 280 299 164 134 113 159 296 302 96 210 124 270 253 43 67 94 303 84 245 289 
65 61 292 266 273 259 147 300 310 261 117 78 184 275 131 230 73 127 193 57 199 287 79 240 141 142 135 45 227 136 233 298 137 248 209 62 88 73 302 252 143 299 216 127 86 229 285 290 147 177 126 202 130 200 130 274 231 128 226 142 70 170 305 313 139 172 225 185 168 217 283 63 
100 242 226 202 241 260 69 89 196 205 129 48 259 274 212 169 315 228 210 212 314 147 300 117 153 274 178 81 188 170 184 131 269 103 251 60 196 160 106 199 81 86 264 69 116 218 301 47 220 207 152 140 159 161 207 208 46 253 46 260 89 98 252 75 133 117 313 268 77 242 226 67 
283 260 118 277 137 100 82 208 84 87 195 259 266 50 251 236 133 181 248 315 168 269 54 273 126 287 238 257 248 175 215 132 178 234 109 185 118 63 194 88 79 177 154 126 68 176 171 258 154 109 205 315 240 206 108 293 127 123 75 102 238 267 94 69 120 161 46 192 91 165 237 214 
216 133 118 218 294 122 106 71 51 99 84 274 308 198 286 74 197 254 229 292 202 94 69 155 271 289 292 40 163 293 44 135 68 254 255 207 250 240 264 40 73 224 246 99 227 199 221 243 201 294 192 184 290 232 267 127 140 209 263 79 191 190 74 247 104 186 209 244 179 187 91 106 
312 146 139 145 263 214 138 134 42 195 315 300 170 166 142 181 235 159 183 195 155 123 156 132 47 57 290 145 204 307 68 114 255 208 230 268 255 186 169 46 44 117 114 61 224 267 239 116 295 275 213 216 224 298 222 248 240 138 56 93 51 247 307 231 60 257 272 106 312 144 96 97 
258 312 298 297 108 125 200 274 178 149 134 59 283 223 210 290 277 78 88 130 189 95 123 251 113 266 288 296 177 103 242 255 50 99 133 101 76 103 128 180 135 186 134 252 97 291 161 278 210 251 167 195 246 127 179 180 252 77 301 66 304 246 219 313 95 162 271 255 212 140 51 153 
171 248 183 191 173 279 40 82 63 296 70 200 174 308 177 150 295 289 87 281 309 58 296 77 104 282 252 160 282 230 179 306 247 286 220 76 150 293 80 113 117 303 210 307 226 104 250 119 228 291 168 284 243 184 276 233 265 140 282 270 162 305 209 243 46 42 211 278 129 296 271 77 
301 95 310 267 60 304 212 55 216 121 314 253 147 263 65 64 243 63 126 215 240 267 152 54 151 209 235 282 94 302 288 254 216 309 254 307 162 86 305 60 116 268 49 312 253 102 48 289 212 163 179 39 70 315 286 290 150 157 173 131 217 153 151 219 215 204 39 206 259 314 173 54 
243 288 278 116 88 192 238 61 71 40 118 39 304 262 95 243 188 100 98 204 270 50 308 201 134 48 130 307 71 269 168 87 165 219 162 130 226 217 298 128 61 269 91 211 90 102 243 249 119 262 113 185 186 133 140 166 148 201 79 176 309 169 43 195 70 82 274 207 181 302 75 147 
68 245 78 165 312 110 47 268 156 180 44 45 113 204 92 292 46 172 101 105 207 201 177 295 228 264 243 204 124 233 285 181 286 176 142 205 301 191 83 308 301 68 182 250 216 198 42 219 236 147 298 246 70 101 42 290 65 222 279 121 270 97 102 279 116 280 175 251 178 137 55 199 
282 41 268 166 45 218 185 271 134 182 81 286 309 159 239 295 196 59 39 43 194 60 188 176 292 201 185 117 140 123 289 61 169 272 66 209 138 271 120 119 103 258 51 133 271 299 154 275 197 165 312 196 210 312 135 260 170 65 258 308 100 44 239 65 199 230 175 135 85 173 69 314 
263 257 252 256 76 134 221 294 280 82 115 143 41 68 209 104 163 63 150 198 242 260 145 88 234 112 274 148 215 314 292 200 51 71 202 153 52 163 46 74 86 272 236 59 39 61 111 129 83 229 55 78 73 74 206 135 218 95 42 312 184 304 290 164 94 289 168 243 275 155 141 182 
288 185 302 94 190 166 249 53 134 272 279 184 122 226 53 146 245 89 297 308 195 249 156 168 174 242 300 137 226 160 60 94 92 194 182 292 278 275 238 162 85 137 132 204 48 204 158 77 248 181 106 69 249 221 133 78 240 181 256 206 131 214 144 51 237 293 56 198 49 253 203 95 
208 271 306 130 58 186 180 260 273 191 283 140 146 39 180 82 221 227 295 123 291 163 57 229 193 291 292 247 186 262 177 284 61 140 300 153 267 288 257 46 240 196 284 126 148 45 259 272 53 70 184 95 135 229 55 264 213 174 69 47 62 157 117 235 67 99 280 50 120 155 45 106 
150 284 117 162 287 242 159 39 92 128 96 106 146 166 104 87 276 297 224 64 39 285 134 134 129 240 131 210 46 253 150 184 268 246 259 246 64 134 229 173 65 166 103 147 180 106 292 197 149 277 44 134 274 217 131 269 267 111 128 277 112 105 173 69 305 242 191 185 133 186 285 178 
202 315 126 235 203 41 143 197 157 101 119 202 285 126 244 306 255 71 183 312 98 198 276 285 201 281 306 40 61 251 231 77 295 53 315 117 89 42 128 178 215 290 119 135 297 291 95 203 99 181 95 270 301 47 249 295 292 125 112 90 181 151 156 238 255 58 180 232 198 173 158 53 
80 185 190 135 173 242 44 48 198 269 276 160 179 131 281 102 309 50 304 265 128 201 104 244 137 106 254 161 114 303 177 139 261 217 194 185 93 247 181 191 233 307 191 84 212 150 78 144 182 280 110 159 221 295 160 246 195 198 44 131 264 45 92 216 221 78 301 46 70 301 224 312 
118 80 53 82 90 102 133 179 265 253 252 174 51 186 119 56 163 103 111 228 271 89 70 163 261 107 126 235 107 303 127 74 156 53 106 287 277 231 177 41 279 101 67 244 280 150 173 135 281 202 182 43 108 40 206 68 271 264 307 269 252 125 159 183 216 88 197 55 60 86 146 268 
61 165 109 84 290 125 309 48 75 59 65 83 98 109 143 67 261 242 289 308 186 49 186 172 229 249 208 299 135 262 157 91 68 129 101 185 64 70 110 126 292 48 70 281 252 196 167 87 159 75 266 126 58 131 63 59 211 60 209 129 166 216 286 276 121 46 153 46 160 304 308 160 
54 112 309 149 50 310 305 294 41 197 151 192 253 174 126 47 133 214 106 214 135 175 175 249 242 229 290 223 155 58 41 41 291 146 173 205 42 67 235 126 99 273 83 230 124 224 226 298 110 307 245 88 51 222 284 120 46 167 260 297 205 84 150 258 80 83 79 108 218 212 62 221 
199 256 85 104 44 269 88 51 66 110 169 89 275 218 118 262 287 276 115 250 66 77 159 212 140 198 277 129 168 77 158 79 213 273 208 207 181 71 145 302 72 153 85 258 101 41 135 262 177 315 71 169 126 225 105 118 253 222 152 74 146 122 266 290 158 188 225 77 309 80 118 270 
151 282 282 133 236 209 308 83 148 54 94 230 293 132 63 72 99 143 176 163 169 223 198 272 83 118 104 87 112 243 272 151 52 73 245 62 237 315 126 259 229 237 263 144 110 171 290 77 79 154 40 315 282 195 114 41 43 276 196 247 68 59 274 306 307 142 177 204 212 315 110 179 
254 268 181 282 269 102 140 67 108 153 294 148 99 181 214 156 75 53 106 51 286 214 301 162 293 139 144 107 177 69 220 213 235 81 118 109 186 126 61 76 214 130 213 197 171 102 100 113 301 208 215 125 41 115 129 275 218 118 181 236 274 272 286 61 159 147 259 256 183 188 265 265 
265 250 262 193 296 255 274 59 160 204 235 240 228 82 46 137 163 191 187 91 313 223 179 237 188 311 150 301 101 90 284 176 81 53 102 68 262 274 171 240 312 155 101 174 272 147 296 57 243 207 222 88 145 135 200 195 211 120 86 75 133 158 78 86 39 249 225 58 97 284 125 231 
70 69 188 283 224 264 197 115 214 189 181 148 87 160 247 123 151 161 81 216 273 184 119 39 222 173 288 44 294 188 70 311 162 162 70 181 210 178 267 210 65 171 72 165 254 306 174 257 47 248 98 63 228 209 201 264 80 86 174 212 313 296 142 86 133 160 149 207 157 192 293 176 
175 167 173 173 87 163 71 98 280 209 66 90 58 212 156 200 174 310 286 198 161 111 300 256 144 155 301 88 64 270 100 59 44 283 212 130 46 286 96 191 209 46 137 224 175 224 80 302 217 101 60 55 166 49 72 265 82 254 207 194 119 119 302 278 122 84 136 298 113 252 89 150 
168 130 185 169 235 214 110 43 202 244 204 283 239 157 49 128 66 181 293 39 113 168 281 274 59 304 56 276 147 86 205 307 56 97 196 245 82 206 256 103 270 149 263 137 305 288 258 69 51 197 267 303 189 309 124 222 94 57 195 224 198 76 227 310 83 226 235 300 271 159 210 184 
285 152 305 261 228 315 209 53 140 131 306 59 206 212 151 68 110 150 55 216 196 234 225 242 213 225 200 49 129 200 174 279 180 209 261 136 115 247 284 59 244 154 307 132 98 152 87 49 137 241 161 84 143 123 91 93 253 89 297 287 197 199 60 203 246 287 144 163 62 144 215 83 
257 167 279 293 152 66 279 307 239 134 207 47 233 188 198 257 235 265 143 41 65 241 98 96 207 138 159 244 162 282 134 168 158 54 66 293 286 219 202 198 206 197 160 50 259 290 160 198 116 102 53 58 312 302 83 81 63 191 67 62 271 271 47 261 268 181 227 129 270 69 200 203 
252 60 213 99 93 115 293 67 274 40 144 227 235 98 108 52 211 108 182 220 109 182 111 241 81 63 159 137 288 261 50 265 72 82 278 254 69 71 41 305 95 54 171 249 287 231 272 279 197 198 100 73 237 171 165 87 148 56 90 266 93 161 205 67 305 78 154 111 206 306 109 99 
274 133 83 129 110 51 192 245 94 223 241 255 51 219 198 294 144 304 245 246 184 294 276 137 242 205 253 39 160 192 132 281 265 50 137 153 225 150 189 254 153 126 116 268 293 195 158 43 301 240 46 254 301 210 271 220 121 73 40 137 213 64 91 182 275 60 275 193 229 258 266 97 
156 298 91 304 121 266 61 140 82 193 104 166 259 68 103 47 129 55 283 172 251 230 202 114 299 42 228 292 75 292 105 109 227 310 60 289 181 97 46 297 65 225 311 273 146 157 249 225 296 195 197 191 71 267 281 269 140 241 243 107 65 169 206 146 298 269 306 282 56 235 239 215 
140 213 115 203 204 154 178 157 128 301 105 190 181 276 291 110 107 249 44 71 218 268 248 297 284 292 278 127 71 142 250 112 122 212 151 312 310 64 115 43 277 164 80 247 251 217 45 109 185 304 103 70 156 220 204 254 103 117 89 307 73 80 119 220 52 171 254 179 221 302 79 66 
123 105 277 307 304 183 170 66 277 69 139 290 243 118 57 283 262 129 46 173 258 250 40 124 170 53 255 273 241 230 160 67 107 100 129 123 76 123 62 126 159 83 293 210 251 219 53 79 109 56 97 129 69 268 241 202 227 272 262 123 195 253 291 293 232 299 177 142 99 41 152 286 
164 81 114 160 58 280 120 131 301 193 183 306 163 133 113 265 59 309 51 65 260 82 197 259 258 195 241 151 98 235 140 119 133 315 294 91 58 160 141 199 62 178 85 144 294 200 271 251 121 209 116 133 134 228 116 243 256 126 251 187 311 63 205 125 273 154 50 203 84 242 235 252 
227 183 49 85 80 99 294 310 235 194 230 142 62 197 241 182 136 211 219 263 306 288 239 267 298 199 183 118 45 212 231 78 253 309 239 267 92 260 273 54 257 107 194 239 283 131 201 191 119 60 184 173 112 258 171 248 42 117 102 265 230 166 273 70 100 277 182 55 262 220 173 302 
77 270 55 219 164 83 186 156 183 62 72 238 309 254 166 93 88 112 78 215 308 254 269 50 235 263 151 175 152 125 192 143 173 47 277 263 290 185 127 256 258 258 308 201 245 89 98 285 253 313 186 69 85 92 113 244 214 255 57 136 285 251 45 99 308 112 298 197 96 234 241 215 
196 145 209 171 96 147 241 133 165 83 57 68 44 210 212 180 102 60 283 59 97 180 206 206 198 124 301 151 122 47 180 161 157 197 310 281 192 313 302 71 150 97 68 180 306 297 180 312 77 212 295 123 290 263 138 104 226 196 223 262 66 241 188 44 61 181 199 117 221 133 190 106 
210 182 237 236 233 125 254 86 75 151 308 234 256 267 63 56 64 61 244 168 259 103 219 303 139 117 162 71 305 117 276 68 73 90 219 125 288 153 75 101 66 124 175 48 211 92 192 287 81 294 131 119 273 45 73 201 295 42 91 203 87 112 55 78 168 275 141 294 263 114 186 224 
136 115 218 58 251 134 219 98 294 65 287 259 310 175 255 44 77 51 186 105 147 64 58 192 96 121 44 222 135 295 224 256 46 87 40 148 301 283 74 301 197 298 116 151 92 180 231 124 260 168 171 95 278 169 279 41 273 71 164 81 121 142 285 179 228 291 74 124 53 289 228 146 
149 186 48 247 281 44 61 142 101 40 273 73 266 284 86 268 89 58 293 245 267 291 147 133 232 240 114 97 300 312 164 118 269 91 314 61 82 196 235 175 82 237 130 277 86 123 187 258 274 74 302 199 109 212 179 49 168 257 146 263 280 173 268 247 235 109 181 78 223 251 91 234 
164 119 273 313 144 118 172 49 207 204 175 154 120 59 73 183 211 124 74 48 103 55 50 139 232 39 71 315 92 156 144 152 150 247 173 171 93 139 141 168 47 74 282 99 294 205 226 251 259 269 106 236 70 131 282 131 284 245 191 294 175 104 314 166 151 166 78 125 133 251 314 243 
155 151 80 112 228 161 160 263 279 269 60 117 280 100 112 140 172 270 78 63 123 196 281 59 313 71 154 229 259 232 265 114 173 215 294 297 67 207 218 51 124 184 141 232 73 157 60 288 70 275 292 203 102 61 74 213 263 215 286 236 268 302 241 161 171 87 131 47 305 42 195 241 
301 217 305 182 58 75 132 51 299 154 39 160 190 183 232 247 295 228 195 148 306 179 284 91 250 206 261 246 47 295 70 142 178 62 118 290 311 123 292 252 76 171 183 71 96 263 255 217 104 307 152 224 71 237 114 151 237 191 165 41 217 101 58 55 297 302 281 191 122 259 296 233 
229 292 285 278 213 57 42 83 54 236 69 220 303 186 159 164 109 274 261 268 263 195 132 264 207 313 305 46 158 301 133 266 238 138 46 39 41 254 312 178 267 282 245 262 214 310 54 243 233 259 57 300 67 61 255 157 130 147 169 106 251 282 110 227 171 219 162 83 236 240 242 165 
147 253 145 140 169 309 57 163 98 127 52 286 143 229 40 164 155 280 211 287 110 287 244 142 209 64 54 287 59 256 186 52 162 213 96 288 249 294 108 150 304 194 250 269 82 206 308 291 293 282 242 235 187 257 231 280 294 176 166 193 231 314 293 251 256 155 226 282 138 119 215 123 
131 72 70 265 268 155 143 55 313 179 268 176 260 187 166 93 40 155 305 291 279 91 83 83 103 215 304 115 180 82 314 178 166 266 262 153 168 96 167 243 97 250 128 179 100 175 51 158 90 251 196 75 161 146 89 107 188 297 126 145 127 224 163 265 196 98 75 95 152 101 161 157 
231 69 181 142 107 122 203 43 293 218 306 232 188 258 135 147 250 250 206 234 278 84 279 234 45 179 173 116 112 294 105 146 113 105 294 248 285 147 64 192 170 296 111 236 192 230 311 44 178 163 173 217 290 84 222 68 124 264 224 132 210 265 164 210 284 85 217 180 187 310 61 122 
190 263 270 251 111 108 78 45 251 73 207 265 220 112 93 236 212 123 57 200 293 48 153 257 208 223 90 237 162 247 217 115 302 153 283 62 286 157 269 301 229 222 210 80 70 306 310 195 150 169 83 268 119 251 68 157 218 42 49 51 275 39 237 224 99 96 172 254 56 57 127 177 
183 199 196 61 81 298 305 89 63 162 272 96 189 149 305 43 123 104 261 65 109 228 58 290 265 311 182 89 139 63 286 246 300 236 289 303 94 103 82 158 219 230 200 301 214 259 221 96 211 40 140 222 270 249 243 121 184 282 196 268 104 204 293 264 165 189 220 156 60 258 288 297 
62 125 223 122 178 205 42 39 277 207 240 82 133 81 203 175 300 139 97 309 265 92 61 117 116 201 223 303 84 247 93 226 288 242 140 125 171 137 66 166 123 255 164 93 143 62 218 291 65 74 236 116 262 218 75 66 163 118 252 45 69 43 90 181 243 159 301 247 47 61 187 264 
136 144 134 43 218 277 281 211 187 44 51 151 197 184 80 307 76 155 176 96 191 310 110 190 301 69 60 175 211 199 145 106 297 70 224 135 153 223 145 197 266 149 115 298 138 197 118 219 213 264 253 261 144 101 301 244 42 94 269 236 62 76 139 64 231 291 290 104 96 170 76 135 
52 307 57 109 143 125 43 224 296 291 73 290 252 70 51 238 298 59 275 179 237 295 98 56 233 131 75 300 75 243 49 41 47 282 170 53 99 86 281 207 198 65 280 104 83 287 253 196 161 271 127 170 91 289 53 291 191 313 181 101 224 150 244 112 66 64 221 134 299 215 78 262 
263 173 48 150 111 288 125 241 224 270 308 184 162 181 75 195 191 264 99 114 85 283 192 313 208 44 253 188 308 261 216 305 42 77 295 301 85 136 311 69 315 242 306 59 235 227 78 287 76 143 68 302 219 94 98 154 80 233 196 249 44 157 243 105 60 77 304 204 270 106 56 307 
149 107 275 193 167 263 76 108 195 282 244 280 236 50 239 188 206 70 312 218 136 195 137 276 295 293 271 153 257 55 195 211 258 155 253 180 168 94 206 157 183 278 144 73 293 229 293 151 66 112 282 160 293 55 193 146 202 154 61 188 298 171 83 111 68 101 60 172 82 103 283 88 
65 207 226 240 150 94 174 268 172 96 283 284 299 101 139 281 133 159 172 192 163 219 108 209 179 115 120 103 187 85 276 75 98 293 117 122 228 267 141 308 154 98 297 53 177 85 295 152 53 204 270 157 223 98 93 314 165 210 252 44 88 218 223 275 296 213 108 226 158 285 217 170 
313 204 141 96 56 282 109 277 187 306 51 274 237 120 292 218 305 187 268 155 47 208 200 63 314 212 292 122 40 126 216 44 235 124 183 187 222 75 287 158 291 267 234 125 282 176 244 315 159 133 97 212 291 58 242 294 40 154 238 153 158 66 270 138 207 129 265 73 124 283 304 67 
104 97 150 212 155 209 118 185 156 200 297 213 126 103 93 99 224 245 263 310 95 74 190 119 161 196 310 309 114 282 144 125 199 62 156 66 197 100 230 57 120 301 267 47 42 59 173 202 265 93 209 252 286 139 246 65 142 229 159 201 69 50 223 162 158 161 165 302 270 62 219 99 
74 301 123 51 211 251 143 42 40 171 59 83 297 222 82 228 263 279 150 91 296 256 78 56 179 99 282 157 314 161 205 212 269 106 286 66 84 306 171 98 124 162 124 242 80 140 241 81 85 240 231 263 299 40 152 171 271 60 139 277 64 46 48 72 131 43 66 265 291 180 107 312 
183 170 301 230 182 285 312 300 230 184 267 225 176 255 258 221 231 98 147 289 80 53 255 168 92 286 271 79 43 44 149 201 112 63 292 160 231 301 198 111 48 162 150 131 299 311 227 132 133 308 242 154 166 97 44 289 198 44 43 105 234 205 61 212 199 215 185 231 125 294 151 224 
312 236 50 107 281 220 259 152 315 98 193 86 119 66 144 238 170 314 299 246 223 108 261 252 130 289 68 116 278 257 184 91 246 284 130 143 201 213 264 238 253 190 241 108 252 224 49 225 154 133 290 135 141 132 150 82 66 208 57 241 102 42 297 289 247 163 310 315 294 213 220 200 
237 177 151 189 235 172 236 168 214 98 211 98 53 185 63 113 121 182 152 64 79 75 140 303 246 298 147 203 42 163 231 139 40 137 191 189 285 280 225 228 61 263 254 78 240 83 174 137 163 123 220 290 49 198 296 107 41 290 191 276 107 61 271 91 71 127 72 303 222 302 212 190 
219 220 85 155 197 278 261 157 261 234 175 82 283 109 247 49 101 163 301 257 232 148 305 109 251 184 251 178 137 160 300 51 190 97 283 140 80 137 167 275 272 58 270 176 217 279 294 245 180 149 226 94 41 217 304 177 258 192 158 237 275 152 158 215 174 310 233 145 281 186 135 248 
217 65 169 125 193 232 57 164 261 293 98 293 256 307 260 187 50 291 198 127 242 272 160 74 296 143 264 207 80 59 120 45 299 68 234 94 71 234 308 314 84 261 80 195 179 232 253 185 286 244 102 251 74 175 198 227 270 118 65 225 134 273 197 288 166 249 157 303 262 79 304 308 
141 173 304 256 243 103 189 94 192 297 272 126 81 235 201 295 289 148 74 238 150 93 69 259 140 55 99 312 140 135 287 244 158 159 126 240 290 86 93 271 269 282 271 155 90 97 252 303 300 188 90 289 297 223 198 252 133 130 251 98 266 76 99 127 223 247 65 246 234 118 144 228 
88 161 251 276 202 292 112 262 203 175 186 284 155 197 283 218 173 188 250 196 83 178 170 284 295 85 304 100 263 78 313 79 250 67 275 125 200 96 168 149 290 107 188 300 241 155 95 125 212 199 280 255 300 218 257 112 87 248 117 209 82 173 137 311 248 113 293 309 169 143 291 282 
141 219 280 110 201 176 161 69 264 175 283 94 233 270 263 168 67 210 156 74 224 271 56 238 311 148 203 219 43 61 226 313 116 141 120 99 228 114 82 160 152 76 194 257 302 101 249 270 296 259 160 51 186 213 106 104 277 113 177 163 57 196 66 150 220 67 81 156 234 151 53 138 
236 266 61 41 250 165 310 256 282 139 175 308 94 52 87 198 135 206 220 284 49 282 109 307 246 122 126 174 285 215 145 64 48 254 95 296 91 109 59 175 70 209 131 75 152 60 62 241 181 81 224 92 291 265 82 90 268 215 297 268 164 285 190 293 263 281 94 189 110 100 93 286 
152 42 181 189 82 119 299 197 277 124 139 181 217 259 65 43 114 153 79 87 201 310 284 89 202 157 294 49 274 83 103 113 56 182 88 189 72 131 58 208 39 92 243 64 85 121 254 255 121 144 177 251 52 259 287 115 54 194 130 99 105 218 157 144 288 161 196 141 190 53 268 74 
144 248 206 284 146 119 250 306 187 262 300 163 279 156 291 221 41 277 63 66 112 49 169 213 139 270 131 172 302 54 186 84 164 65 167 140 60 295 115 235 163 153 154 311 165 237 183 301 143 267 157 122 131 119 203 203 265 308 234 186 72 276 132 264 95 185 69 288 308 191 113 207 
177 78 109 47 145 157 83 156 176 234 265 302 183 239 200 288 136 279 238 176 101 50 303 103 244 74 81 173 178 283 105 294 149 309 145 252 206 63 67 73 271 114 284 94 286 111 57 269 169 169 234 111 286 257 297 132 285 87 252 126 301 213 137 59 275 185 105 145 102 153 87 76 
313 48 255 118 139 288 181 189 97 56 148 179 186 136 143 150 121 39 112 256 115 173 66 74 71 246 191 279 248 290 54 127 303 191 300 170 269 266 219 272 211 111 98 299 43 253 102 196 243 309 291 210 42 157 47 49 274 293 161 102 300 108 139 119 115 284 97 299 197 232 53 120 
115 44 117 249 205 63 312 182 150 312 151 131 224 180 159 230 76 222 129 197 75 291 250 45 259 277 234 301 210 62 75 184 86 99 238 258 66 204 313 99 207 58 155 84 44 311 81 163 283 267 240 241 128 302 196 302 121 294 140 92 257 97 79 292 158 253 50 251 125 206 155 198 
256 258 48 82 264 116 115 44 154 232 81 130 67 66 217 83 198 193 153 87 168 124 208 292 119 301 83 290 122 255 155 194 258 163 46 192 141 290 242 117 175 177 182 126 125 144 203 96 190 89 170 120 289 115 284 241 236 212 312 170 149 233 195 123 44 310 167 130 310 113 289 252 
63 258 160 159 173 289 308 67 303 189 167 278 159 206 84 210 283 130 157 181 294 152 229 205 277 301 293 272 96 188 182 59 258 248 180 244 41 306 283 266 305 241 261 182 192 279 96 290 123 210 256 149 245 161 248 232 105 306 80 170 202 259 52 219 72 211 48 294 220 130 114 173 
275 85 260 311 159 186 42 145 234 145 54 232 156 70 315 291 67 112 74 182 298 172 180 292 126 190 236 160 137 195 105 120 49 95 197 235 183 187 209 171 188 246 135 92 61 213 254 206 128 44 232 252 129 215 201 129 243 157 300 258 238 152 266 62 133 101 266 301 103 206 70 66 
60 198 217 115 69 113 71 95 143 75 186 215 69 256 115 296 86 145 70 114 49 176 180 197 237 224 248 192 275 303 52 95 124 56 244 304 118 96 59 124 230 78 115 159 209 265 108 205 98 200 42 257 166 270 244 268 297 89 170 42 50 227 65 182 247 214 157 245 272 67 220 247 
230 103 281 66 158 216 236 178 92 265 76 275 152 129 65 196 174 248 86 286 47 223 286 265 217 163 89 55 147 65 238 107 214 207 255 137 239 264 127 243 223 212 302 95 312 136 39 63 313 73 163 286 129 197 293 104 133 44 285 296 183 150 142 276 92 154 130 108 50 260 226 86 
93 57 136 249 196 254 272 214 202 301 93 152 150 220 177 60 46 251 158 203 229 188 166 153 281 269 225 245 257 187 185 77 169 216 290 254 144 302 159 95 160 181 232 275 121 189 262 121 123 248 144 289 124 147 171 259 203 306 299 315 52 83 87 127 42 62 204 40 51 235 275 195 
99 83 300 188 244 165 110 125 93 176 40 294 176 244 254 302 230 141 306 256 254 280 166 86 52 165 312 262 246 60 124 189 214 79 126 39 44 233 73 204 192 42 310 208 97 80 273 198 49 156 117 146 123 252 140 173 51 114 245 166 217 273 308 237 208 170 175 225 147 54 263 148 
215 256 225 274 150 57 42 78 182 299 153 149 72 242 75 105 252 277 298 161 85 43 163 243 260 60 272 289 67 206 146 202 190 182 242 157 228 207 114 169 187 142 231 210 260 186 190 135 105 119 212 78 125 136 205 121 306 100 109 301 190 229 302 105 62 105 216 131 272 207 135 271 
101 262 130 54 257 123 270 206 168 227 278 277 246 180 270 278 121 179 61 307 291 139 306 167 286 128 159 282 131 274 295 91 104 221 135 49 259 174 282 162 122 220 69 181 76 216 314 221 263 168 206 51 189 51 212 158 44 285 310 281 120 239 267 212 106 228 168 146 180 289 121 254 
151 121 98 295 115 110 283 193 134 61 116 84 55 299 143 142 136 196 237 247 43 66 237 205 79 307 231 191 119 189 222 82 168 209 47 235 139 283 78 204 52 191 140 263 167 191 98 200 90 50 288 77 90 294 101 133 193 269 77 280 222 121 148 125 150 301 149 181 81 232 113 89 
124 235 73 176 126 164 230 263 105 43 58 199 133 159 152 72 265 243 289 95 268 160 249 127 78 310 111 172 62 258 203 87 293 270 96 296 52 40 254 84 54 159 86 101 233 192 201 116 174 307 177 155 307 71 195 44 77 43 112 60 165 156 153 143 67 160 195 213 88 164 238 100 
206 227 76 160 168 257 209 291 193 304 238 288 71 143 168 126 196 234 214 110 302 104 165 89 291 220 301 270 63 268 315 94 225 223 122 174 311 239 260 199 239 138 248 100 150 103 145 278 159 47 69 289 234 280 233 294 67 58 232 117 73 53 187 178 251 243 233 194 313 188 229 63 
181 85 209 117 234 150 219 145 163 206 238 178 137 215 114 228 306 257 110 210 293 72 99 84 100 89 138 244 94 175 258 185 117 41 170 92 148 114 282 302 193 142 92 163 197 49 191 48 263 220 253 235 139 99 221 150 173 96 69 129 255 127 218 183 67 303 129 305 120 71 290 261 
240 213 302 216 186 165 50 89 281 82 141 237 46 41 269 60 159 87 305 297 146 302 247 114 164 286 275 263 292 39 131 105 49 117 182 202 197 57 102 177 39 149 88 128 137 136 164 264 57 305 79 225 160 178 275 294 55 277 243 116 242 279 148 98 67 202 122 75 313 70 43 45 
115 187 271 265 248 284 172 234 260 258 169 197 74 85 157 259 221 238 55 232 64 163 171 76 189 77 101 90 142 273 113 106 174 135 279 229 209 238 159 92 197 210 81 114 72 45 292 277 66 169 202 159 238 109 265 286 265 161 177 314 113 170 202 42 306 192 286 247 202 281 223 254 
135 295 67 127 82 299 203 189 253 53 148 214 95 145 287 123 176 169 46 153 176 99 300 134 50 123 104 210 289 159 226 240 207 134 294 55 76 305 121 133 59 47 137 171 263 128 214 60 116 233 266 179 82 111 127 290 200 312 96 99 84 142 98 56 307 240 293 114 135 294 119 179 
297 123 211 299 224 76 208 275 197 222 171 76 126 59 141 157 281 45 101 308 271 164 119 84 133 278 258 72 299 189 96 216 312 72 252 126 39 308 274 163 45 292 149 199 207 213 287 261 294 168 203 215 142 292 49 200 119 228 270 258 243 211 235 266 236 133 53 147 87 86 290 49 
119 301 197 297 217 306 185 198 220 40 186 279 254 91 246 68 227 135 273 309 271 191 152 169 232 200 238 118 189 108 291 190 82 203 260 173 41 123 280 248 210 138 241 71 81 172 223 262 95 218 293 310 208 147 171 255 190 310 76 127 76 265 182 225 295 236 85 274 80 252 107 236 
203 203 67 277 133 93 85 120 144 71 75 237 313 179 181 232 260 233 300 122 78 137 187 165 294 149 165 188 205 275 217 114 251 232 160 255 311 291 286 54 162 180 144 94 120 49 256 102 41 143 173 256 269 190 44 236 121 173 111 200 250 216 175 210 167 233 131 57 201 314 292 213 
248 214 160 278 234 94 312 242 274 241 292 152 217 243 85 124 45 242 54 209 203 120 251 233 235 194 144 211 292 120 223 97 258 126 201 109 142 180 224 246 267 301 111 73 146 116 160 196 61 218 234 88 243 83 230 183 59 308 85 246 157 77 290 82 277 129 150 97 158 193 130 163 
275 189 223 66 246 203 72 172 232 110 289 45 70 173 215 190 187 197 145 170 159 54 253 284 229 55 81 260 199 237 209 173 311 305 140 69 61 204 55 93 67 242 291 294 123 89 264 288 94 208 235 210 295 50 265 86 237 304 181 116 172 303 237 192 224 228 174 75 124 308 301 100 
136 172 231 50 140 81 66 84 201 261 266 128 86 119 82 191 291 257 161 298 258 126 223 74 177 268 306 56 47 236 127 71 212 185 45 112 74 118 147 115 135 223 176 297 233 140 82 44 224 109 235 80 43 128 53 128 203 79 237 233 156 170 109 178 183 303 274 116 203 84 192 52 
303 283 262 235 210 75 210 102 94 260 142 46 50 68 122 154 140 154 139 250 100 261 227 86 88 83 50 258 241 212 314 270 203 134 294 264 69 265 121 39 243 146 90 56 131 245 148 54 254 137 184 278 189 161 174 195 45 92 218 125 90 184 110 194 199 119 237 211 265 111 64 66 
243 76 122 87 292 244 276 134 206 75 209 269 59 93 313 283 46 155 183 304 171 256 162 67 163 119 217 266 251 57 164 83 227 225 199 64 287 80 138 47 214 237 219 68 253 253 57 64 311 80 263 165 64 264 94 94 219 108 224 287 191 294 143 253 195 145 275 243 78 241 184 51 
92 188 243 50 196 139 74 96 150 74 168 52 92 95 43 193 309 153 53 138 243 69 315 147 69 117 226 57 41 291 153 222 208 221 310 286 304 101 160 209 293 214 128 199 68 245 214 128 71 105 49 182 165 147 235 75 81 234 229 184 206 238 215 182 83 250 284 156 72 294 69 192 
198 225 239 262 188 201 104 156 149 136 229 232 101 127 244 80 59 298 266 170 73 305 249 152 154 87 190 237 261 229 96 183 305 205 207 232 170 172 305 75 250 285 216 46 157 292 283 62 303 118 154 90 48 295 62 93 174 303 112 135 42 136 297 282 140 313 39 186 245 305 144 172 
60 44 136 107 152 149 249 211 204 150 261 77 304 145 83 64 94 67 103 294 81 180 297 216 98 278 300 147 117 244 45 115 185 112 81 235 66 169 272 181 245 196 152 268 208 39 259 59 94 299 48 272 58 307 292 118 245 249 81 305 169 129 196 221 102 251 202 308 258 125 194 111 
242 150 305 273 112 68 297 281 111 158 140 72 153 121 293 138 295 224 248 112 255 66 101 110 208 39 146 67 304 204 61 242 192 81 281 263 252 49 222 120 116 279 178 227 197 109 133 164 188 181 281 66 106 267 253 48 295 257 176 283 160 87 183 306 258 68 144 74 217 96 159 87 
279 203 187 138 158 63 127 98 258 106 129 285 168 277 265 158 190 198 240 92 135 310 272 296 115 255 118 103 147 67 240 78 165 278 76 174 215 185 300 252 237 131 210 308 240 52 267 104 226 161 126 298 223 188 276 253 187 270 68 56 222 97 115 276 208 312 59 157 291 257 161 202 
250 73 142 120 282 122 259 40 185 178 200 183 51 165 98 234 300 247 164 84 178 232 251 249 123 174 268 243 272 113 122 96 261 248 175 202 162 76 118 134 191 294 274 192 73 182 103 313 197 166 101 283 100 207 294 131 135 52 195 256 150 161 160 127 104 269 200 214 265 160 152 212 
176 226 46 224 67 234 191 106 49 68 76 315 231 253 266 159 109 82 163 137 43 145 78 197 252 84 299 229 55 227 149 116 55 284 299 315 79 60 85 303 140 121 255 225 170 293 117 252 61 250 50 214 288 301 44 255 53 126 226 297 182 157 55 177 300 124 284 282 315 197 103 194 
121 79 192 147 230 271 143 42 284 241 206 265 159 168 134 72 243 61 60 277 65 268 44 268 310 297 226 307 60 210 241 307 265 182 194 108 160 295 155 119 224 308 228 126 223 55 297 182 44 230 103 250 61 232 284 197 264 89 73 76 141 159 290 158 291 290 171 193 144 106 169 256 
130 129 134 244 99 240 51 305 145 205 216 108 295 83 146 97 265 237 43 161 189 70 160 143 148 78 177 70 278 81 300 246 151 224 103 47 148 112 91 96 309 125 61 160 164 70 232 166 91 100 112 115 153 76 223 200 178 230 152 246 258 259 119 90 165 179 147 126 218 134 155 55 
185 108 244 247 56 186 56 96 300 158 54 267 287 112 221 89 39 134 259 61 248 259 209 84 277 311 196 104 103 44 217 145 45 200 259 269 156 230 134 68 72 206 310 119 249 136 163 253 223 187 73 250 96 275 86 96 234 116 176 247 273 297 206 182 78 153 185 180 171 185 87 164 
116 160 212 226 248 160 291 44 261 160 143 300 198 224 52 178 128 291 44 240 200 100 205 160 234 85 180 303 188 119 100 42 231 193 146 42 206 213 249 131 160 163 269 225 109 292 204 314 135 210 112 185 259 144 171 121 135 210 40 267 64 121 149 126 171 296 105 71 284 216 112 93 
235 122 81 100 212 275 123 62 220 201 87 191 315 99 98 288 74 280 63 228 203 133 282 105 275 275 195 75 198 302 269 76 120 168 204 281 294 298 290 187 71 103 278 308 96 288 55 179 183 304 156 239 87 155 194 157 168 306 159 233 177 187 268 164 88 301 216 40 57 311 314 85 
80 234 140 125 89 288 258 164 269 302 141 131 268 40 124 117 63 72 212 256 85 78 166 260 115 90 214 239 188 155 313 113 201 146 287 277 57 140 216 69 255 109 146 180 299 134 103 278 289 132 207 190 220 268 143 312 266 274 245 184 177 160 282 170 142 232 170 220 310 46 173 213 
98 291 295 169 51 119 87 260 132 272 107 220 237 123 202 175 195 136 236 129 228 239 89 90 285 64 71 182 94 151 219 97 66 121 79 212 56 251 104 111 153 179 233 179 307 90 158 108 148 46 148 276 258 79 279 277 212 109 104 91 64 176 40 265 184 237 285 154 172 171 250 314 
66 103 105 119 153 195 123 107 94 192 133 50 65 137 112 239 289 209 188 42 284 173 112 252 39 98 233 141 250 238 190 230 221 195 71 150 178 126 137 75 263 218 63 269 271 90 158 53 248 101 187 191 59 135 67 274 166 86 268 49 298 199 129 180 123 255 312 112 92 208 110 72 
57 302 118 225 301 110 310 282 53 59 211 308 270 299 211 288 249 176 291 88 40 290 313 143 193 309 260 259 87 283 305 145 296 243 85 298 178 256 252 124 253 89 39 137 211 174 172 264 307 186 282 54 301 248 113 194 247 232 205 268 106 114 106 191 175 45 56 283 226 218 263 175 
129 211 114 198 243 185 285 192 92 112 252 301 42 138 77 261 252 268 160 65 245 120 46 288 306 167 235 314 65 46 136 218 186 226 212 104 201 305 205 189 163 123 209 216 43 158 157 176 256 86 166 304 289 300 175 120 225 213 77 251 167 88 64 162 50 144 218 162 237 200 97 273 
309 289 75 266 247 253 182 93 181 200 230 114 238 69 140 75 141 78 251 258 56 271 62 213 213 313 130 261 223 223 85 236 162 246 165 261 228 252 292 265 257 74 144 259 140 165 262 227 214 302 45 229 244 217 237 119 90 97 137 219 134 115 249 47 298 54 151 148 80 203 149 48 
277 48 301 128 115 272 215 196 248 218 155 195 238 122 47 310 128 306 151 69 71 219 297 278 220 142 147 237 245 92 197 282 262 133 130 241 276 95 268 282 195 161 255 163 147 152 209 125 90 101 194 101 244 184 223 212 132 314 48 68 167 152 207 273 239 187 246 100 291 136 171 138 
284 122 43 311 101 216 96 109 293 202 90 300 299 264 205 62 241 77 272 67 161 277 261 172 102 242 187 288 310 206 300 98 177 232 130 41 79 114 226 301 292 314 84 187 204 97 264 88 234 220 156 192 293 138 154 68 57 313 287 143 149 164 271 233 58 112 49 311 87 217 112 87 
195 40 109 251 310 289 213 177 222 78 63 267 198 176 81 145 149 63 111 117 222 167 178 275 211 83 48 280 90 120 299 91 179 102 129 126 212 109 101 179 237 155 157 88 90 49 220 245 181 164 216 53 218 149 300 51 58 196 157 218 242 187 101 205 308 288 299 252 216 71 45 95 
150 53 274 95 145 304 44 227 69 241 243 239 66 95 287 73 112 240 180 231 300 198 91 88 270 91 220 214 262 73 285 278 256 185 52 116 173 120 202 77 238 42 223 304 239 206 166 118 174 144 143 179 96 148 162 220 118 40 75 124 253 177 299 239 218 225 70 68 223 308 110 158 
121 47 296 208 293 180 169 175 45 77 154 117 204 168 166 96 49 203 208 71 113 274 270 57 202 302 75 202 255 235 53 210 290 76 212 249 105 47 124 168 146 237 267 298 247 163 105 258 182 156 275 116 255 221 144 52 135 111 122 109 304 150 110 270 164 45 220 144 209 213 290 311 
183 313 143 202 200 254 299 71 229 39 177 104 199 94 216 58 220 130 147 153 203 159 41 112 273 126 292 168 109 62 164 90 173 247 109 198 308 255 223 272 182 282 315 48 179 215 179 151 175 210 312 70 56 307 116 273 266 142 119 154 102 106 112 58 136 159 245 74 256 196 306 175 
180 269 256 211 114 178 48 310 107 216 224 91 121 54 202 120 134 289 60 134 312 242 263 286 157 261 43 67 242 45 214 110 119 140 121 168 304 214 293 172 243 153 40 67 293 268 43 223 120 72 303 277 189 172 99 58 79 222 244 191 102 296 44 171 176 216 59 51 293 102 204 56 
92 71 307 181 152 43 251 175 170 149 208 177 287 62 248 60 299 244 286 162 297 273 208 83 118 76 298 215 144 65 168 182 60 163 102 230 212 152 125 137 152 131 44 232 288 242 73 164 256 71 76 223 177 101 79 251 303 192 265 270 300 233 250 72 84 79 274 267 204 41 304 174 
163 194 139 177 176 232 148 92 141 90 185 118 158 284 179 153 292 54 299 243 172 183 85 174 166 311 174 205 157 199 114 40 221 216 123 167 174 76 59 301 207 230 75 155 212 304 267 64 200 239 213 250 46 230 235 154 311 222 206 238 144 59 191 138 132 284 157 165 303 228 97 270 
242 235 151 111 188 101 61 160 211 227 94 266 150 221 86 214 199 183 220 231 152 216 245 143 146 266 173 80 105 253 234 128 177 187 261 130 93 60 65 80 68 113 224 164 202 102 196 249 293 298 258 216 158 95 304 130 301 239 51 296 59 41 123 134 63 295 86 52 234 145 301 147 
71 119 245 145 108 151 255 215 228 128 195 120 102 281 269 113 310 259 142 119 52 173 235 287 177 190 56 52 298 177 80 143 147 248 189 226 208 143 100 151 258 209 69 284 112 189 82 283 248 115 45 131 46 60 248 241 246 153 125 281 188 274 85 230 110 240 85 283 87 264 81 242 
282 92 61 112 196 120 225 48 256 133 218 170 274 108 76 190 62 85 196 226 47 167 209 57 199 204 236 168 264 279 147 167 312 141 154 91 191 228 308 300 198 287 93 214 46 275 255 211 169 257 169 266 289 274 218 289 133 310 62 263 197 171 203 289 39 259 51 130 255 250 61 283 
284 257 74 298 186 290 59 285 314 201 218 199 292 285 227 55 106 219 172 287 281 252 223 205 210 161 40 275 180 56 309 284 87 174 59 269 157 50 133 48 278 293 157 74 66 55 193 246 182 286 64 99 39 51 304 227 276 297 46 303 193 39 91 248 213 180 171 224 48 190 250 67 
235 222 107 193 249 45 145 218 264 49 208 201 99 68 252 294 303 180 76 127 70 226 148 134 140 232 173 205 191 124 139 123 229 74 186 279 201 264 67 62 94 51 294 42 166 266 191 82 118 278 165 193 106 87 69 195 262 269 102 261 190 121 39 178 307 198 232 113 41 57 179 111 
280 210 153 237 266 219 118 310 102 179 68 89 199 306 67 65 97 158 187 218 165 57 179 46 110 201 196 198 306 92 134 130 271 310 54 269 175 273 102 164 230 148 206 207 268 233 228 222 138 187 134 241 232 273 158 194 110 60 138 264 188 145 177 206 271 262 132 179 264 158 219 314 
