84 27
149 214 101 75 186 196 279 102 326 112 263 268 220 233 137 171 325 299 48 237 269 179 325 249 341 60 187 
197 180 72 260 188 200 244 223 295 154 195 84 83 177 251 169 316 253 72 81 61 154 76 262 271 98 92 
344 294 58 308 304 117 289 261 243 321 111 234 116 312 118 102 273 247 113 56 182 242 171 317 58 329 132 
143 303 133 271 193 214 153 102 303 74 181 185 177 183 269 134 133 326 56 257 206 68 209 215 293 229 326 
140 261 127 211 94 95 47 72 260 255 316 166 331 177 74 319 86 176 234 318 205 183 102 186 160 289 100 
79 164 326 192 324 210 241 105 44 124 339 238 207 71 62 103 215 293 302 99 114 219 276 54 161 298 260 
210 190 246 221 157 71 238 198 215 118 140 127 181 181 300 95 193 177 193 269 218 195 88 87 338 308 220 
152 318 249 245 186 163 117 344 314 223 244 99 325 54 63 220 183 265 214 296 170 268 262 51 196 288 241 
154 134 200 174 214 52 299 269 215 67 339 266 207 324 218 67 311 113 115 162 190 118 331 142 127 149 172 
51 73 120 268 198 181 82 94 102 247 143 69 183 327 258 166 289 118 275 131 110 343 297 114 111 236 123 
248 112 272 202 308 336 141 198 91 103 199 202 297 91 211 338 287 236 296 187 243 176 161 151 56 94 90 
122 69 210 250 269 297 72 77 269 256 305 102 117 189 315 141 58 180 175 305 126 292 124 178 134 259 43 
165 118 156 236 214 250 175 319 184 240 131 290 261 235 337 96 249 218 66 214 274 107 285 44 55 168 142 
254 278 105 81 135 151 134 316 204 203 156 65 125 84 76 337 143 109 314 134 58 110 330 157 106 124 101 
157 288 205 271 259 228 242 263 222 126 235 290 223 77 50 126 237 214 56 298 226 107 236 272 98 276 306 
161 184 186 201 209 341 108 132 71 314 55 269 194 249 252 243 122 195 78 45 213 198 222 127 223 258 288 
121 206 335 311 127 117 152 59 268 64 300 305 43 252 127 195 245 292 290 137 272 345 316 235 165 237 104 
167 82 84 265 288 101 159 133 197 131 90 47 128 169 66 147 117 332 337 105 303 308 156 345 181 176 333 
169 329 289 223 286 106 145 249 319 160 115 152 334 138 197 155 136 250 168 79 213 292 237 328 73 138 327 
322 199 260 160 122 315 78 246 265 122 310 297 316 257 235 89 112 142 288 261 43 277 171 305 125 181 144 
133 282 311 213 245 59 114 73 230 314 255 337 243 271 293 134 95 234 327 256 246 335 55 194 48 103 46 
304 264 254 343 113 319 128 256 148 215 133 139 96 101 132 250 164 46 174 95 147 324 132 194 153 105 325 
104 263 255 297 215 210 193 158 341 69 245 153 148 103 120 256 106 146 277 194 322 107 276 200 338 172 219 
234 195 183 173 49 140 204 73 293 190 295 63 117 80 50 147 214 292 251 309 301 238 345 280 212 303 297 
117 253 323 73 155 293 172 269 122 106 324 114 89 284 49 72 306 51 286 179 189 175 195 52 343 211 67 
247 251 169 129 276 86 95 216 273 172 69 335 180 93 85 210 216 211 124 113 108 92 168 217 98 73 170 
339 234 120 43 340 135 341 267 200 81 169 164 52 196 323 195 182 180 89 298 176 206 144 323 75 169 139 
227 213 137 114 293 231 162 47 317 201 290 238 67 108 156 258 191 216 257 282 143 141 203 315 129 300 257 
80 274 124 166 206 104 314 191 213 300 271 211 262 325 268 123 335 133 80 141 235 195 142 45 257 341 277 
113 193 120 313 274 135 153 218 114 210 180 301 234 148 169 142 210 246 255 297 167 303 126 320 124 232 181 
132 269 162 188 242 140 126 320 120 73 138 143 161 47 194 168 85 326 187 189 247 183 291 277 215 257 81 
278 60 212 328 51 141 77 186 128 102 314 81 157 322 73 142 306 170 276 59 333 186 43 48 309 185 211 
118 116 211 311 142 175 287 142 289 299 342 83 138 47 75 208 95 258 179 298 260 278 226 220 259 144 259 
88 327 139 142 265 304 216 261 114 106 280 192 226 133 280 46 293 102 317 100 102 287 323 251 205 137 305 
116 267 115 266 89 245 288 117 114 332 73 229 124 50 124 107 115 195 171 284 294 103 127 101 268 81 72 
168 276 330 84 165 215 132 277 142 158 125 164 343 201 244 286 267 209 158 271 303 333 266 270 241 312 330 
235 45 218 286 112 117 339 123 290 78 93 240 264 103 253 68 65 56 228 240 150 80 108 166 334 50 192 
290 117 109 61 146 110 148 259 189 63 257 269 284 92 93 43 79 103 338 339 326 117 149 213 145 74 99 
317 317 284 183 231 218 166 266 287 146 273 333 162 184 133 146 68 168 225 314 288 282 71 243 206 192 66 
91 285 103 155 43 299 245 146 158 320 153 214 291 45 55 88 268 285 251 264 146 259 121 180 68 342 72 
133 237 81 82 324 140 119 60 46 139 340 100 131 129 307 167 48 275 124 286 230 60 315 345 300 301 241 
53 66 77 87 288 244 203 234 191 183 210 279 195 128 121 294 158 250 345 324 51 96 287 189 210 259 258 
176 92 335 253 194 216 223 160 163 317 265 228 245 234 296 183 54 101 296 99 103 84 259 281 92 86 342 
298 167 233 313 246 123 88 195 105 253 120 47 316 326 85 88 169 211 52 196 336 270 77 220 81 186 101 
62 157 266 271 110 48 70 150 63 197 256 339 170 289 300 270 162 333 266 93 73 208 65 218 125 300 175 
315 294 104 100 127 308 196 223 274 62 300 133 314 234 72 139 178 328 142 129 125 119 138 45 129 51 218 
122 87 252 64 210 110 170 275 179 246 232 330 275 258 280 157 327 254 87 186 178 254 336 111 96 51 132 
311 92 82 321 309 98 182 320 97 144 121 135 82 154 66 118 104 277 143 151 266 153 143 199 168 114 324 
111 325 172 62 80 144 81 292 304 190 55 152 89 271 289 331 342 209 321 183 218 196 153 256 302 219 103 
62 203 304 268 334 167 205 328 170 73 144 141 209 236 292 273 167 281 116 332 304 197 201 67 151 238 123 
281 252 274 116 201 89 266 107 81 78 314 198 276 295 142 48 122 78 343 207 341 299 246 294 284 190 261 
148 165 127 64 143 287 317 157 341 80 213 175 91 51 275 141 215 208 93 119 76 114 205 236 335 151 61 
210 265 97 240 227 173 311 220 204 91 117 315 206 227 150 244 339 259 95 318 304 281 271 255 278 193 141 
223 79 152 248 169 156 56 171 116 293 205 240 231 136 108 133 122 148 130 309 289 223 187 67 270 241 323 
269 127 255 200 209 343 285 244 310 209 203 263 158 322 86 338 81 175 307 215 116 328 219 217 278 110 130 
108 102 338 289 205 309 305 308 292 302 59 263 58 234 287 227 106 117 166 262 126 268 105 132 222 211 240 
299 165 217 110 328 87 57 187 125 84 154 299 313 197 82 93 150 151 51 241 72 281 132 57 343 149 197 
200 254 75 70 309 302 329 110 169 192 328 244 320 241 186 131 136 162 340 315 235 157 156 306 339 69 150 
224 118 145 239 173 159 116 74 235 51 48 98 247 337 188 174 43 48 251 116 223 96 189 73 321 248 315 
211 124 66 258 251 133 99 296 294 113 154 210 92 140 255 209 56 270 140 192 101 119 298 325 71 66 111 
311 95 175 84 210 221 56 245 304 47 143 331 114 333 328 93 132 97 289 254 282 294 83 183 304 289 114 
284 276 233 164 108 105 203 236 321 330 208 222 310 228 217 124 169 210 225 44 266 96 148 119 138 231 158 
196 200 78 188 173 62 210 77 71 225 336 115 326 298 245 48 223 339 238 63 321 281 232 175 309 316 243 
184 220 142 52 57 170 95 116 208 203 310 183 57 206 80 261 247 113 195 74 296 228 321 163 281 219 143 
293 239 49 135 335 147 79 259 338 83 343 157 168 288 49 251 150 138 82 278 147 157 199 121 192 149 230 
240 235 144 322 328 238 331 273 136 147 162 157 328 331 270 191 152 167 291 95 253 148 95 80 342 230 188 
170 249 311 45 311 335 179 185 336 305 205 134 343 204 332 187 115 333 260 74 57 57 62 298 104 94 72 
167 190 220 280 216 284 335 134 277 209 192 120 255 336 294 282 51 315 310 255 272 116 277 213 65 243 194 
114 314 72 92 111 271 58 337 167 120 86 107 266 128 138 305 67 164 331 185 153 296 119 333 161 215 345 
51 312 185 98 54 121 221 327 187 141 314 286 200 294 309 314 182 261 336 100 206 300 296 226 148 102 247 
290 190 263 296 272 213 326 282 142 299 239 120 221 299 290 185 176 93 338 331 125 193 99 69 224 207 203 
129 338 109 99 89 111 186 137 328 257 298 226 270 204 281 249 168 211 105 71 234 113 123 77 173 172 54 
137 80 124 181 340 233 184 101 64 80 336 187 193 171 78 164 324 268 157 264 200 90 217 292 64 322 313 
264 338 264 179 345 292 327 193 342 206 317 299 214 207 245 163 186 292 127 271 160 272 120 92 244 114 229 
49 96 69 76 257 137 142 127 110 191 210 279 177 124 302 270 118 126 341 205 263 214 175 331 226 137 230 
87 102 256 281 325 104 198 259 281 291 227 299 162 210 121 50 125 170 296 148 76 47 178 225 215 98 213 
116 57 179 306 137 241 195 290 313 257 110 83 324 100 115 192 331 166 100 75 45 124 178 239 96 113 130 
300 303 84 298 164 186 320 258 117 90 253 335 70 136 299 164 296 162 245 294 119 120 119 243 226 204 177 
169 66 123 248 85 178 228 297 109 215 249 323 54 80 180 78 187 270 210 255 212 271 223 197 228 89 338 
308 133 204 91 125 66 275 44 224 129 165 78 329 164 252 269 55 305 112 141 135 325 46 51 68 224 153 
342 204 52 183 66 76 151 261 260 314 55 234 292 182 245 197 51 290 320 331 94 160 80 64 89 136 241 
320 56 75 63 279 301 281 295 126 263 287 94 61 214 339 321 131 273 52 306 318 76 144 87 284 187 249 
79 106 169 78 123 110 287 58 220 49 131 298 186 207 294 125 217 65 97 83 58 148 185 115 166 66 288 
231 231 117 333 334 285 297 133 118 333 245 169 66 259 52 160 198 81 59 58 122 235 145 259 324 278 335 
