45 39
22 34 24 47 13 64 14 47 16 80 77 84 41 29 94 51 16 46 65 29 66 23 14 22 23 72 85 55 63 38 73 13 85 46 82 49 62 44 88 
22 44 72 33 94 65 31 76 62 60 67 93 84 84 58 81 23 79 31 90 57 55 67 84 95 32 39 47 25 89 27 60 61 65 34 52 54 29 40 
86 90 27 63 90 87 54 23 65 92 75 78 32 30 50 43 71 53 89 94 45 79 51 38 50 27 47 37 28 90 26 81 74 81 87 37 89 59 50 
69 33 35 41 21 61 83 58 35 28 41 17 86 18 18 75 92 56 32 61 43 32 78 86 71 83 64 78 14 37 89 51 91 48 87 73 76 54 76 
31 88 62 95 16 60 65 29 21 75 89 21 64 88 15 26 77 65 83 33 90 30 90 29 20 38 85 85 56 33 68 34 68 38 26 51 69 88 18 
65 23 52 86 22 50 15 87 92 69 95 25 82 87 74 34 68 41 84 95 80 76 87 37 29 44 27 83 93 65 63 66 78 82 91 48 43 33 75 
23 15 19 33 19 88 82 95 65 38 16 28 75 57 24 28 38 66 65 56 25 56 28 55 46 70 35 35 51 44 13 60 89 17 21 90 70 23 26 
82 91 91 52 42 68 64 27 17 95 67 26 48 38 55 84 72 55 24 92 19 20 31 76 68 82 83 36 86 29 79 73 82 49 93 59 22 44 84 
80 23 94 53 76 85 36 72 33 16 18 22 47 18 70 93 79 22 93 53 81 30 91 78 80 31 86 26 84 87 66 13 50 54 15 93 16 72 46 
20 25 25 55 78 31 80 48 86 66 67 90 44 60 23 31 26 41 24 95 54 58 16 29 48 58 46 65 20 16 55 22 95 28 65 64 58 94 62 
28 81 47 59 86 22 76 23 15 25 19 28 14 24 18 43 69 85 57 71 95 52 50 86 45 92 33 58 89 56 24 76 60 31 89 24 24 72 91 
95 24 29 14 18 90 80 84 60 20 17 75 95 56 72 62 77 59 23 50 49 50 68 94 61 26 87 79 48 90 60 31 62 31 57 30 62 17 35 
67 17 75 21 39 40 21 94 32 95 55 29 75 24 64 37 15 76 15 85 54 72 32 48 13 20 90 26 71 32 34 64 27 68 56 73 49 67 78 
50 27 16 62 36 42 78 24 39 83 58 65 24 88 48 76 68 87 88 65 68 82 76 91 43 47 47 64 63 55 82 42 85 51 21 61 36 51 61 
20 16 81 81 72 86 29 64 44 81 58 62 47 82 73 48 32 64 77 89 26 82 31 93 22 95 58 17 91 67 60 81 85 26 80 14 47 52 23 
85 33 67 68 93 57 67 78 60 47 17 89 24 32 86 66 53 75 56 75 83 87 35 92 20 31 91 84 78 26 54 88 17 21 68 28 24 76 85 
81 47 20 23 40 36 85 28 89 20 31 46 33 58 43 95 28 69 31 17 37 89 74 20 61 21 80 76 84 19 81 15 88 38 29 88 74 87 46 
30 47 26 87 90 28 70 50 67 15 40 36 58 66 52 52 60 51 83 44 18 71 54 60 84 24 47 31 66 88 42 89 93 24 44 64 28 64 54 
94 69 20 55 60 51 55 79 47 70 18 79 24 31 26 25 29 21 15 67 13 43 83 77 51 87 24 22 46 51 45 20 39 70 33 74 59 47 54 
39 27 91 76 79 26 41 88 70 32 51 61 79 37 37 28 39 45 44 20 63 45 48 64 33 25 36 44 83 37 49 53 60 84 49 90 55 51 19 
69 52 58 30 79 89 78 31 47 82 62 48 22 30 69 55 32 52 56 33 47 57 24 39 43 58 93 51 65 89 46 35 46 73 25 34 73 59 23 
76 50 39 40 31 77 74 18 61 63 91 13 26 73 31 78 49 84 42 70 86 40 39 18 75 20 92 27 18 50 28 36 21 48 27 26 89 19 38 
89 67 58 56 39 46 22 44 20 28 42 44 78 44 92 17 68 25 94 94 87 21 20 54 75 95 91 76 14 86 65 57 57 59 21 75 38 38 31 
61 64 73 82 36 24 43 49 92 93 19 72 87 26 78 30 57 45 62 50 68 90 83 72 53 24 70 44 35 58 65 41 54 87 79 44 83 42 72 
77 94 87 40 32 69 20 61 14 62 28 67 44 79 55 26 83 59 22 32 87 14 93 52 76 52 93 43 68 70 13 83 30 24 17 70 50 13 13 
71 40 84 68 21 34 77 85 73 92 13 58 77 46 78 49 61 34 57 32 73 62 60 27 25 78 74 17 41 93 64 72 92 48 32 69 85 14 17 
21 50 66 60 20 70 71 20 59 17 31 65 47 46 41 71 55 16 79 43 93 32 29 94 62 57 32 51 32 68 31 78 76 49 89 56 73 89 49 
88 17 43 85 91 78 54 87 79 61 39 14 90 86 55 94 46 75 47 52 80 83 26 22 50 64 58 66 59 78 31 69 72 30 79 69 78 42 71 
55 49 53 23 45 44 27 22 82 39 32 45 26 31 47 51 40 61 42 69 70 38 88 37 42 69 49 47 76 90 33 20 65 24 68 83 91 77 42 
27 69 32 13 45 20 56 40 15 43 46 60 84 48 18 21 86 78 68 52 85 17 53 42 89 44 16 23 15 39 85 39 62 53 73 13 62 58 48 
58 56 91 48 81 58 13 15 87 70 95 28 63 14 72 27 36 67 38 64 77 80 14 86 48 36 34 88 68 55 64 75 59 61 82 52 80 93 65 
84 75 45 43 68 52 19 95 52 62 73 28 80 35 55 26 43 16 71 82 72 46 19 66 77 93 33 16 14 25 75 92 24 85 52 29 33 82 33 
40 21 60 42 50 35 47 66 72 53 49 58 88 81 56 45 77 20 92 39 29 49 62 53 51 89 47 63 27 37 77 75 80 70 67 93 92 54 23 
87 53 43 82 84 46 77 39 59 84 74 13 32 13 79 68 27 68 40 68 50 81 90 91 60 44 24 80 75 79 90 37 94 21 28 93 88 83 45 
61 67 89 39 42 76 74 19 13 28 41 78 15 49 74 71 38 70 28 51 73 21 54 82 56 75 32 79 56 22 67 80 34 92 17 32 77 87 61 
36 77 55 17 65 35 95 73 20 28 35 33 57 67 28 50 46 25 69 80 95 41 37 51 31 81 22 94 16 28 80 23 27 38 36 17 33 19 58 
82 31 14 17 46 74 61 28 67 56 67 47 78 94 61 36 72 23 87 28 35 41 65 34 27 41 33 67 14 23 70 69 75 76 62 45 40 90 63 
49 42 58 19 45 90 56 74 84 58 38 16 29 87 65 20 44 31 54 60 76 32 83 35 64 79 81 50 80 91 35 46 87 16 22 43 48 87 81 
67 30 52 65 24 28 22 90 19 72 91 15 80 56 85 86 90 22 74 14 32 48 47 93 58 68 82 59 47 75 22 79 54 39 71 16 48 73 95 
37 35 44 88 15 83 15 21 94 73 91 27 83 58 90 22 44 76 85 53 39 84 25 89 82 29 57 33 47 69 83 50 39 18 19 36 16 52 78 
40 76 14 67 42 71 23 49 86 53 90 80 62 36 19 80 65 82 28 63 24 17 78 40 14 48 78 55 52 24 48 52 82 78 57 62 90 50 50 
46 44 30 84 94 79 68 93 39 65 58 18 86 54 61 95 89 21 44 39 59 73 17 28 59 55 82 90 21 81 85 39 87 23 55 85 83 94 41 
93 64 23 66 26 85 83 39 20 63 39 45 68 86 26 31 26 86 69 32 30 19 29 29 54 61 32 87 34 85 81 20 69 85 77 84 73 20 59 
49 29 73 88 63 60 25 20 74 72 39 22 25 53 15 64 60 35 20 72 21 48 56 54 93 81 63 35 65 59 81 15 50 43 29 79 46 72 30 
52 49 56 19 81 86 83 67 90 64 83 16 27 79 41 31 93 23 16 76 90 20 81 44 22 87 43 59 72 53 57 36 23 28 15 28 67 78 87 
