140 11
324781 306848 151622 335789 81624 708840 902946 824151 71073 446476 605155
542837 748752 935044 758404 998768 213665 608120 415936 632104 724823 353819
594675 185057 808661 993742 450877 921013 716823 322678 335903 493644 397227
102383 535226 256408 702836 275616 154419 697310 446381 854961 407287 780284
461338 453777 728265 138268 584391 701297 772715 76468 403339 861525 468518
58498 957144 481214 917741 12688 764809 423326 297144 107632 859366 67385
829327 365176 688245 662126 827645 562756 279067 406237 444235 842362 728131
271731 493335 229157 473927 109451 413202 513125 900424 628611 883383 524430
453647 571537 192816 729134 782312 161408 540786 484077 174329 943566 208967
805995 796869 772258 974750 470063 347588 945473 336651 244481 758042 584029
395489 162587 136572 461400 864590 649035 640812 659124 786152 90560 533811
759184 182659 392267 701921 614285 687245 117025 311476 640798 661325 232521
530257 802127 771006 169071 933220 260083 29205 112570 420782 43084 480670
812834 431140 455886 730638 553684 166405 652608 470533 415289 813486 970670
227205 852109 77640 972430 372025 166401 400590 92720 219898 534701 485042
338692 327531 684440 214616 828326 99410 882085 321622 364489 93595 441869
127199 627821 877985 511396 367991 769527 943088 777837 798733 912731 518149
796776 868305 132546 240164 621132 696697 359864 535938 545295 851850 114160
559609 163451 91023 928327 578673 429517 935788 414955 949191 210374 562677
857222 722832 789129 726475 117048 96752 569042 343572 44018 902551 925433
541793 433285 718847 93016 739615 725503 35792 363562 83668 205493 552623
259719 491203 166006 492786 820460 617407 480919 742152 952767 961591 41933
355734 949716 337831 451564 623655 790833 68747 805544 941944 88905 836883
194149 103428 396853 677468 491714 946855 514 592809 450844 394167 82704
308010 841416 319714 906900 702646 393127 991237 396824 956567 580514 762164
506534 253707 538677 323697 318557 854794 218430 658267 624180 23780 534907
144929 81521 269379 584523 956966 522995 599286 129233 34026 697626 767372
27769 68857 510162 210206 709780 304388 311947 737801 553142 511336 946796
968076 623542 844315 315183 702040 692367 803278 526203 608166 322890 681570
857697 660721 553009 329668 416278 334430 915560 160413 773132 305740 320640
375169 23128 309830 786782 300268 754319 706995 919280 77207 216500 259756
674546 294865 884842 897284 846707 295428 357012 464502 403437 731745 430116
919963 769942 820802 874174 417898 493768 168062 898054 556370 900612 356401
311327 858579 847938 584703 197051 513191 693457 30577 476379 96343 978306
422891 132227 257849 925328 183354 911402 565894 84262 93409 183687 635855
970779 437638 913977 382204 337259 945699 313923 753276 332767 916994 827568
330588 21870 584808 42653 820277 677453 56001 787207 919813 544711 426912
281983 355125 69286 753598 443303 334928 544329 780798 730042 681350 214685
432715 913306 493777 435123 991862 187995 928204 733135 415366 658827 961222
178227 94913 89620 453697 988492 914523 781077 354738 711021 550687 609705
939034 439398 911886 865534 383655 319612 761551 945506 20909 690475 133731
917928 226148 730432 623626 794231 936032 507635 299832 289789 258425 529210
190847 617833 977931 231999 127507 585630 663966 193710 436648 571362 69374
344140 75393 945735 172939 251717 882428 28452 569117 894287 501533 773989
273259 746824 536890 775232 360128 716930 832963 713959 828204 820458 128481
202646 866491 998695 182098 242935 406409 513749 256353 649844 982380 595993
555040 814850 134653 460889 556364 558874 619794 487891 145223 501440 379843
629131 246606 991083 280075 119164 916426 398099 962045 432861 821041 26457
788399 567553 982342 760962 861888 37857 12308 572532 223053 627260 347915
66595 945460 391040 341835 940130 500114 250187 256087 262949 211397 732300
570703 371087 410407 169770 717143 502788 650045 9705 972822 771194 500050
370409 536344 745169 721317 993968 461970 830069 442320 500921 891519 234594
465113 40457 280955 983728 478853 779711 738981 556190 534416 360933 771673
265350 79202 984519 388278 905065 749197 518673 120954 542990 784038 6572
211958 446525 100547 64831 231749 587541 302843 657798 662074 651318 331764
66426 146454 307655 758655 256405 881199 191186 724648 433557 31711 110743
291566 730491 385018 97307 857998 754840 225107 474001 302797 624785 340947
630512 873103 918615 882044 414374 131314 688295 928882 721670 952305 477382
83929 782336 122892 933561 675477 705170 377564 562738 340737 802475 739810
257928 362215 266933 382386 3713 180749 737907 812815 397832 87423 605137
452811 251962 367508 319047 619387 669241 901397 648293 119427 976580 956442
745799 103600 880069 54313 364599 84953 668508 993759 962650 15215 292267
799366 861748 273775 774345 638348 505458 76135 795677 845441 434408 617098
753136 767433 658652 112909 33810 747826 701886 125819 331196 414648 878806
557054 733834 974535 453427 314070 993681 401387 317391 149085 364461 696802
735431 605774 501587 911147 879578 243045 562927 461629 712683 704704 974801
429619 852080 722412 591924 501219 744533 302884 521429 441899 176905 578961
989341 993929 107741 573565 66684 306774 979254 251007 845016 986014 512501
72806 670895 487610 871993 788198 345880 378681 314283 72066 949038 623387
354131 214495 696079 513845 745180 121761 91728 138664 416948 729937 815278
890331 975517 261552 799777 32386 96929 627108 718355 411586 554002 808816
883132 91227 379997 835596 570037 89275 444520 461501 320264 242735 77227
853242 239609 854202 266893 449075 73763 628073 927548 395161 838589 838828
533840 769722 608171 826482 673480 111063 253051 333972 79828 815880 208800
244387 872667 485198 985469 324723 334402 459441 212434 57431 483084 167091
274671 75651 119052 342731 995553 200915 229256 812760 569275 440134 100554
154646 232791 881356 13761 123194 330462 878371 82092 70268 327214 103956
358367 180205 464523 711691 230410 775857 475598 609603 365976 935365 74591
550686 432527 957662 301191 725069 368145 481851 463491 764922 217728 110908
63557 697854 835370 784925 721440 431643 668462 377638 407634 632414 398381
478423 704830 485056 740835 743811 696116 236065 132318 993650 2810 394053
521914 920995 646886 232480 823927 227957 564919 495224 358912 74931 319228
843650 686335 161429 387014 669732 31454 425634 424884 290658 390538 254887
847998 230441 13517 472070 5510 884133 634003 733885 311912 340186 196881
718366 686977 366092 204658 309040 21307 767020 176996 298119 752587 683010
866991 196546 908844 582355 314616 764057 166594 984129 22281 731103 249141
514829 822186 99727 911893 118139 184325 585762 978153 830468 906945 12306
785680 616836 263010 135675 681478 608939 502017 649080 160365 172739 576552
418559 746908 880013 856054 860203 864077 558483 705595 559620 373107 561298
138589 226789 416517 643562 127485 646125 725016 249562 78663 839981 611513
744476 416582 890863 904747 656637 234804 377567 342902 322387 197862 968070
85485 302818 670390 708457 152267 139742 806879 487057 853144 397876 848556
316425 167588 585607 20740 395835 61874 416286 308247 423709 848661 764379
991347 492696 995155 793995 3131 921598 944854 599293 245374 98182 473817
593159 410515 545446 815951 308733 140633 915626 447354 602931 391575 732833
327448 958986 814690 32778 195071 876496 862647 451311 532205 467153 475584
397203 819367 913603 72839 661424 958067 186700 414778 411997 264071 238055
321528 435310 691546 583497 929994 851274 660397 465883 399854 26482 467221
783152 335309 908955 200720 473191 46854 839738 451879 546481 293954 154713
309004 326724 925137 732389 686401 749350 891602 999493 52780 224959 884894
519292 889720 917030 985252 471565 565187 809005 749500 374930 513217 994016
761364 639605 720988 931569 666741 26496 23039 718000 431333 28584 631995
557297 123824 127717 699060 221079 448553 465279 494942 492579 683949 596199
304449 152620 408870 93780 771914 884550 487329 838851 989868 948752 384797
587304 333669 818986 801151 900572 102233 549549 743169 872148 79516 185190
781887 876750 556777 958310 338849 320015 950912 70083 211077 829026 748780
714257 989060 605380 121200 34197 18841 622079 53372 880910 971610 325337
246577 14504 777950 423905 219601 896041 720374 589725 424684 898265 805657
283948 599920 490740 970681 483277 478868 550651 122508 887719 207375 358109
733093 36479 339589 834274 128959 590451 753948 758906 122809 818864 71942
207466 390701 104673 810144 442925 780057 181080 700180 507442 734764 348916
59468 144271 810693 519717 342092 812062 179746 552350 300104 62472 948844
935379 880321 939820 53635 741586 729468 504574 9740 980282 342556 759525
769795 706315 617516 81747 984666 324852 420172 22174 353444 93418 563402
494162 807069 414573 553523 508391 157480 765987 93377 391305 726234 432504
29172 476710 395029 633555 674056 171633 306577 70079 179630 917221 979786
465865 500698 759660 695702 506537 232433 144397 416609 58607 3737 917883
394700 953999 859518 470388 22271 178726 705422 919850 434537 652989 479892
172806 974978 917668 329507 646525 560192 734802 530586 707550 152841 837472
232967 517923 330912 282689 102864 982007 311112 523538 891772 873472 952441
209652 530016 930121 703053 752069 608798 290496 494400 750809 23006 473545
623638 392419 958932 247841 680726 956518 729300 617680 213156 550329 252702
718350 780833 812495 353004 295621 920088 771202 745608 288388 398872 467746
141416 721758 895182 66935 967195 709413 198504 75742 40222 478492 594790
877317 359188 889102 244976 602324 47853 127423 928590 245184 904268 641337
59287 450803 801125 868416 886955 126891 490822 700261 541214 28863 452188
567717 683633 84976 982661 391352 496750 619630 664527 378513 206709 589059
857004 202118 100265 147914 894360 587504 810351 148293 705302 904366 953836
78114 98373 473423 565735 987257 881660 323563 936668 171051 937459 716729
646343 886675 913276 164230 927258 400974 916193 459692 461699 648918 500298
547642 455159 747372 467445 928671 158352 859731 446648 596837 633859 871037
408298 816198 670512 468806 678807 792330 908953 501830 483081 647094 840593
583846 925491 685875 868634 650709 711154 425275 135918 599188 980812 35225
768797 569364 98233 70901 703202 683951 133583 531122 471264 781269 403477
53139 132099 287629 174611 885445 856315 496071 323544 378306 907335 505716
850233 259411 9342 470487 309793 670719 788768 885754 10390 404519 359876
784718 769239 227036 618519 890711 530053 600211 518911 414124 964687 814117
576328 122433 335759 799336 478923 22702 184311 420740 551314 982323 166506
117671 905729 959969 178365 454745 46018 536910 292877 835505 887109 47573
620344 571609 125732 115194 56313 707490 906496 590960 183219 990088 740063
