116 86
445054 300925 866740 385365 515146 695484 863568 517353 959289 531574 561205 836105 773036 548995 853051 637718 448381 897655 976080 374260 539582 14449 957198 586871 757983 598098 544729 310230 89289 392461 246897 856364 683914 658045 213642 499766 556111 725148 514413 363528 421703 392046 2267 211645 800718 33393 819750 843330 26457 136150 840110 382014 319415 220477 478609 918722 409711 707002 295761 501261 112369 666944 889791 740354 249649 871153 901730 224632 567603 599547 927372 595539 657391 446442 113508 55196 869339 258417 85566 820341 610662 484371 975905 62085 958406 534525
776917 743777 528704 168709 837831 358587 438919 844821 163046 547649 651963 431579 996902 748334 560145 177839 541456 873460 581020 37549 270002 65190 562932 704054 212228 724995 416623 213364 513318 88255 330968 899121 62569 627352 790989 375931 144279 472018 454782 74924 620771 455540 695354 216486 291276 307815 863670 398838 865573 226795 990388 126310 270952 374627 517797 95216 705885 311656 949769 718195 976519 639167 907641 606090 349923 291471 858900 597016 934931 261209 28888 129738 452779 923614 789855 948558 689827 976548 332393 789360 850767 202004 639473 356041 781334 856560
843464 69397 680504 922447 354099 988503 389128 707715 201247 349090 278237 597956 530834 906984 276696 662900 569469 972099 453284 114872 987407 982767 262232 286833 646308 400663 937737 77891 538425 372308 869058 217336 102319 368092 759181 297432 190840 993230 720069 448254 574673 830655 612910 797649 365532 637834 198405 550025 104708 775691 151386 396669 500680 838376 333554 480764 916168 756349 692407 318522 156849 830550 568859 771077 274311 183057 167104 475634 484582 617365 119173 45978 970475 11176 391449 248462 82658 485025 448273 662903 96384 423926 138829 476043 335095 62397
65116 873615 985469 656015 585562 982482 280734 183910 426199 509212 686605 15812 358961 900755 496006 11628 256168 944171 942054 800743 391498 890738 763154 505893 677599 482264 335865 354080 330888 214201 202284 821775 737429 835793 478376 532586 248529 540107 626648 277161 638311 866103 237820 600624 60571 763514 974480 305205 851404 626982 752505 936192 23606 874115 958434 842394 321080 477311 19224 110423 340271 304308 968984 330675 831540 928160 959075 694758 696462 349028 34529 221663 172477 87552 970678 423291 68805 310886 616978 25108 808505 70229 843903 605475 408345 127093
801653 430218 503780 727856 147518 192912 113999 247425 747946 986293 230749 869390 7510 401026 492106 336502 266033 518478 639622 9581 256946 286202 661810 674332 573435 899178 688893 139390 260517 567677 15006 619391 292871 425559 971359 481244 186825 680531 153131 336165 152076 865597 11480 576311 580561 965734 887734 379077 393079 972787 61839 245520 352280 160963 902833 116624 1289 982000 707658 294481 328229 896662 250361 221865 825019 152960 463884 610602 899213 929663 850247 211706 378360 393831 963748 382521 429061 308985 955865 459468 752685 678419 320042 576983 836696 798776
132761 991321 708454 226953 977435 293714 725274 881596 989655 786968 654770 368471 475066 449797 26951 861478 964051 570563 890361 624924 218620 160337 642423 533699 297348 361527 523179 920224 329142 211219 798577 761970 79048 144105 119444 793735 857418 2499 539995 485598 76147 470311 582679 35266 501130 872051 762833 624292 691465 104721 623531 836934 668122 537351 583962 549581 979707 763861 355423 339172 542109 815076 544882 789678 197112 57898 559730 248413 75446 211283 272760 172211 358557 103566 236136 746354 400069 736443 827891 871397 832341 838506 193721 286991 974408 748190
944688 368281 799736 175343 777560 515589 487889 248167 682767 692372 819442 998515 736548 508377 989241 809706 248527 595874 234535 668122 179506 662616 618614 480904 701070 918993 262578 395524 546531 588999 485724 494712 833785 883706 317984 867931 937920 716439 364283 351996 793541 17809 455469 892328 70063 951999 404453 44350 640406 727831 462656 891872 274071 15703 616031 6943 534702 91283 92203 227300 453604 557598 183769 701658 609327 309968 897336 782598 63062 618008 783801 276273 157578 157537 709141 325135 805862 54286 124190 716631 256138 647463 685042 341412 735743 868254
154723 732581 103234 177382 203473 895231 912673 544687 956327 375552 729634 43506 852177 331588 811248 713278 194682 184273 906248 624229 717965 65602 126477 134345 379848 818812 741900 686451 758917 801213 42418 383848 743377 910192 677706 343585 469340 310102 198274 606785 868607 538813 229640 844994 110256 683347 167708 384458 378674 46069 309279 29027 327275 454501 690312 926657 752223 196529 733303 422653 746818 472822 979154 731876 131474 654364 290892 636284 41374 54659 165918 563487 471398 24218 940221 32264 683028 927493 420190 998476 872571 633584 594252 403638 33001 52218
943293 320817 829554 787744 147293 234393 910453 596900 87857 446903 956283 56401 341513 358562 823166 889385 824703 975997 409874 422652 741238 845362 793099 174783 96269 642291 121513 906539 820393 690934 896868 376680 136037 283517 140983 910651 296189 150287 545314 891148 482928 100554 270844 669940 560482 546293 771001 728598 381396 904162 514660 879835 814421 265129 167225 110354 527483 940044 757091 895615 164541 672131 239418 270402 793368 820808 528430 949790 704993 117906 991698 259166 485694 724667 198723 436691 325140 117721 460647 159649 62418 212019 646044 903177 810308 918480
622086 105893 148607 261288 494392 192232 40140 850543 889796 225706 462396 924193 315322 753926 286618 98837 425300 669045 555125 928895 914415 531025 62261 624636 670909 807689 924389 496729 815778 640653 831712 275751 358451 184466 354624 399114 808699 476867 547790 336362 161993 970867 286099 104867 436527 434085 420539 482594 350907 769187 666426 292081 164494 873018 710273 97010 169060 169910 676297 740011 924850 337203 808594 813574 255563 864971 687378 978296 874811 386743 773203 744121 465586 385130 73015 605015 13308 700487 960286 543675 926755 186469 400453 814606 964650 386975
103614 919008 935552 307303 200166 359952 736801 233253 585917 242078 116726 360511 472594 856672 225116 27236 951762 870874 567152 246945 167088 526433 442282 528791 477123 195280 128044 306295 328208 290268 816302 940168 356996 502210 924329 455739 427866 342822 151775 334685 676942 471150 221489 875086 520640 958373 728696 456123 903253 549203 381604 593677 639316 128910 851808 373811 501264 23057 960335 428914 47544 858230 813556 50696 863124 519770 663870 321598 367366 186272 219949 553715 965400 139758 952107 436781 955699 221769 989278 770679 310437 381637 486193 546815 413373 275085
429202 379081 749515 457735 64132 159 52518 12238 509901 533488 147464 949920 421481 888940 119356 724309 892063 467559 77449 78492 201956 653183 773086 835500 324077 637586 801183 920708 515649 691379 947610 109057 515195 569315 295181 598893 485749 135038 394995 207673 102614 70772 362724 361715 252978 423081 347517 843099 743461 40972 281928 594267 335935 268096 313344 511990 52838 598545 943194 200224 138551 306720 902444 33111 871002 951740 277617 359751 539041 25426 725304 374934 353114 362754 839896 603418 616132 988930 872561 831682 31541 487831 553754 934330 766494 959497
458938 815716 648792 811823 369154 324097 618584 293386 484931 282803 260730 906955 750055 870220 858281 203544 481414 95301 299728 477295 211758 292742 715055 164761 442676 930741 476131 67875 614357 79966 932058 796585 168241 732676 332256 34312 275760 647278 333164 829652 871885 57622 321539 208970 212167 333829 568837 924402 532794 998520 491372 201560 167181 305618 854383 326291 926674 785693 602429 208995 587446 633897 434869 329837 620073 264207 423504 86219 900170 202122 409303 52533 389647 255952 341647 618736 699139 863334 228981 643748 86500 78553 137106 647709 282758 509867
610333 36488 95627 57415 781026 294383 63543 213554 830400 509458 159374 615965 383879 317666 627457 768318 616681 982997 556245 782698 416755 310878 736923 467900 445448 224145 874021 303728 190866 809467 374739 6084 911633 608733 344714 312067 700597 53562 583109 649542 261407 555823 698592 630656 90284 451875 198600 694998 264170 740273 923237 125236 873642 522540 382297 116468 561422 214948 451915 286975 598813 851508 860877 149613 39315 848619 991720 963413 813172 946549 46072 975088 123150 130140 730430 512661 320100 622352 974632 21153 902157 547996 163074 538932 98666 128830
736219 182713 658255 193458 446937 416699 835658 216467 824860 545643 312774 991015 467768 215590 361859 798525 946770 814806 907766 552175 951720 398581 332688 473841 215522 386390 582884 269311 638034 67447 457055 451409 486252 482530 235732 32166 10425 708067 369872 612099 853786 104742 725560 437821 616258 299850 861160 954283 743306 81608 618961 432761 521491 688214 927279 157874 788778 649387 422355 830555 456597 825268 205826 572872 833718 514067 11960 458614 300339 441786 509260 279604 21671 2890 874398 865236 611437 11338 134925 723183 660271 953543 133938 394821 566526 335902
859170 703594 970894 445353 581305 282792 748120 578609 947829 399287 7753 817659 936825 859790 609898 861899 605382 440877 507457 241017 236689 68413 451388 488292 762150 517997 957569 418959 594296 640094 827092 284855 590277 193167 147563 151481 386592 829949 51286 62280 963662 982034 536837 306126 841907 107083 986418 632547 507362 167260 639041 508032 206338 837936 819289 370928 128228 498380 847559 169470 946479 682636 795534 740506 305903 951822 404458 929400 936819 746298 871185 941817 779267 310756 8467 109691 95946 489498 182077 99403 932212 725871 725156 534277 182147 785652
63688 227306 65138 324998 907004 78830 995843 354756 95260 721410 900205 350448 629655 310917 76839 638992 429232 598523 663399 705233 777387 495327 219739 671408 952059 188866 820389 900758 95618 586020 337898 933062 946541 981599 80830 99387 848225 381187 422410 65636 763226 836237 285497 997228 706103 551689 489678 494382 361731 342110 280634 810596 902078 24496 938507 760011 656498 991197 620624 37409 312762 419106 481852 224218 252838 235941 704642 595737 372953 730202 224323 761839 173539 593175 506995 484284 983694 738853 502770 536181 878765 429188 140099 438180 814138 667659
394067 942973 441543 578954 720273 536943 518528 205337 174610 655041 735328 652903 428548 215390 990271 789393 58095 336654 151542 761336 496983 609743 190083 20260 75172 499526 541706 663255 225346 519316 205132 594111 676832 500035 970467 768000 448793 596622 768553 73858 406538 381596 391780 961019 61626 65474 848680 977565 272995 125371 981918 45112 920449 684009 527420 264358 716590 808788 794489 835324 624806 71373 576743 221498 42237 862845 989391 504874 348313 229887 356435 38698 525869 773824 884931 895180 600068 404358 248884 140679 68559 298578 484459 470621 393882 807880
283376 360466 167838 298631 637087 411931 86801 732907 619356 708450 293281 841231 680414 836427 662487 937190 210758 331562 102841 461046 921691 430418 60200 590762 520269 425025 935038 987596 692385 144983 615551 97635 777200 521677 240563 434472 975333 781862 336425 262036 390207 546672 687398 455087 84759 442296 86868 962109 771190 669956 82967 665954 829054 278735 971925 183993 468446 681335 403061 549087 944093 651357 957483 942341 722745 161569 880735 165637 601993 736560 739980 407963 206459 708431 84356 894075 681122 489834 512993 588723 542514 991559 843627 768582 271221 919501
636367 575571 285297 328034 619407 498399 287571 267137 847609 505468 16446 297697 277433 771150 996989 315908 247517 845090 339687 336588 915097 831281 893314 340616 335933 924190 833499 741428 951231 86041 966711 846184 792557 612445 533253 772424 111921 651451 734599 929202 515992 545370 876483 439592 622129 108132 699026 555167 931598 700517 418440 880622 827062 43346 625466 697849 631689 365567 385875 772480 711126 349771 640067 11806 961860 640018 644537 128494 179326 831185 815057 225213 766491 980807 537137 756784 33169 279278 515906 296652 536824 367319 619764 696640 290515 6738
617426 320333 73569 196417 340525 555377 714900 104801 456240 381605 762978 74611 31801 650287 834715 40911 956794 30554 75574 777497 399467 333330 205872 432171 662231 692340 431785 288566 291246 869044 549473 24733 23944 927914 716749 136506 195030 109652 981794 398015 385486 30750 990008 549921 42593 568311 594871 109080 614510 286398 759229 42033 331815 565997 37270 555343 771310 112754 535781 221921 624903 370375 343629 193003 329761 620303 309198 84243 637918 630201 828052 47663 499600 805751 196308 208695 935542 622089 256292 190905 949042 179233 707082 278104 873797 191093
508070 246170 757883 594056 490923 278189 434643 631251 790023 968872 402038 740081 825587 794142 746731 548232 207436 513793 402962 767613 861131 994693 402027 302094 121620 616730 943310 562197 785838 208380 923589 661204 920373 553065 97532 842885 166139 500298 976669 85525 195119 709148 15295 765622 962332 416164 349002 318551 908332 821697 781636 893918 247225 225316 493277 164446 455360 653801 738478 865017 409306 367847 652289 320712 917769 334717 286547 901279 706776 805391 391806 365435 962866 750114 469501 755466 859053 212697 558811 458194 394296 351596 237037 470554 742098 559401
138949 67347 463689 494175 587443 192464 794199 107880 28538 425006 804941 250047 223214 799804 713142 741550 970201 317 511330 505447 534395 688806 902696 596469 712357 390073 828049 883640 854683 104603 168309 40317 865266 105415 636667 383784 710573 733809 263362 632732 315057 351713 648487 196654 493720 109923 187185 507554 356981 628314 885931 933377 625677 190811 615448 543564 544230 339970 476939 638589 246766 153759 855856 667860 728914 408689 725700 163792 367468 162398 257486 367686 117705 957102 614347 648882 904474 975416 467633 193680 155114 908757 959392 963737 307055 103795
63968 260976 167947 881159 721028 799078 85627 888334 390808 895503 737643 151886 842542 382317 513965 501603 149906 191782 211995 105928 475339 873539 878251 253856 310534 197811 669798 401614 679101 544957 250916 495211 762804 78943 568956 876935 661431 524630 582916 655710 864541 648896 894494 73110 493794 471526 990473 731761 260226 648786 904741 455200 727129 903436 705403 867987 168743 644638 630128 392987 759084 967640 738313 680595 713669 577818 620133 850979 650386 776589 179234 447120 46790 181021 484278 640433 609335 176667 215925 938265 957523 729710 894436 439869 218951 781347
785298 434295 390204 482616 515259 299986 194606 932721 900638 822912 410305 247669 222006 521539 543745 650841 826231 712300 867763 149742 524158 212348 150908 516787 625924 845279 37827 237412 351004 710903 204684 67014 98746 443539 632797 529742 35183 956467 87038 756436 629682 51229 40520 667099 442085 462598 740918 187186 229539 269944 973344 378659 771085 667333 54832 890791 931301 448204 380831 809604 624093 755731 820735 963732 73110 142859 919389 857995 786782 895684 995165 795173 646733 523293 150432 868434 362581 989058 678943 241793 927427 175676 157116 64752 307821 699890
671745 970603 519019 307095 724769 591706 777545 487613 849083 70018 47352 852222 401286 737683 614613 731548 230478 374514 735 965643 470642 158799 954114 848616 844423 994158 356550 802769 752993 600342 303808 144880 577819 973327 359282 173525 741901 254835 642975 172545 549728 311215 867372 467340 540858 216346 471507 276543 538779 866118 495228 556889 132759 740144 222519 321926 73928 844255 287959 847429 228680 121312 296586 739653 84991 742606 383102 877419 395563 259550 590481 991215 136144 581693 668188 108270 554868 9066 202071 921284 937273 649749 827148 820898 40443 364595
45174 958763 361549 555172 829309 397505 929052 893697 998621 999845 929741 759460 314998 546132 451410 134222 307123 284659 716512 451911 317389 292776 577461 197638 494287 272766 856682 234240 910754 679378 502493 930855 480543 845398 411437 638045 288218 302371 787684 764351 128362 960318 358354 89800 825140 439934 333533 607563 267530 311444 123042 129832 196562 341976 342416 102625 252624 485422 640500 307017 736545 26121 296448 781477 942957 738184 576919 353714 241333 728814 641810 707119 180880 691035 751125 447926 734947 780978 50849 610689 642695 544192 661023 50956 15447 315907
31026 316874 671078 56471 423499 75086 470759 666075 483292 142159 784494 613651 516417 333007 81939 431729 991962 766979 226530 162747 974116 917951 17180 164261 727636 904742 782921 507953 791661 688296 961450 194136 660749 320149 658270 134104 110965 366463 749073 550140 508268 379570 842119 440230 772452 607247 556418 140062 478410 900304 884468 64848 972434 946751 121209 472500 46772 22489 909848 795497 58007 874259 383276 464012 742112 652574 510877 233750 36997 678734 46488 217742 807589 855731 192108 38704 510995 783872 296715 625166 274319 305819 341860 653642 852371 815387
282441 844498 555697 955915 494007 209188 684699 893517 836003 569248 270395 145764 544261 953515 449561 818545 111711 438238 297968 52909 625351 3642 650541 158291 311104 30358 753001 25323 963892 549670 827858 717202 473062 377887 792934 144532 853650 328791 900410 163796 5052 82590 56266 797863 345923 406747 941558 910178 505986 135901 487310 253187 140365 492072 26267 123858 91490 767981 182045 465054 336773 12381 878072 397138 273405 223397 623550 984076 725527 621921 480655 823649 16699 803360 548555 862250 362710 284744 718764 954704 138463 777242 669784 936198 718107 183212
322042 657408 655021 799807 90840 263258 282107 455298 915853 492730 368584 509970 853051 706227 652956 605465 228252 593311 212633 882936 297358 904653 611541 478347 98733 941232 82260 528209 351429 661422 181284 37048 946377 795404 364391 960601 618644 27473 424479 989606 666887 52192 493455 594261 939591 21338 791638 533184 267978 768344 364814 450811 240463 203811 808435 611459 465289 841175 412397 443553 198443 69353 135933 562927 532487 811047 716825 230435 938667 531490 712 612914 158116 761831 398776 699226 100252 622610 432866 701847 484823 260519 6877 54026 366904 744665
966840 421890 283681 736627 930027 957401 640837 294101 387705 888798 531979 194356 65468 977435 439470 450071 723217 104956 959069 409613 667724 362058 411470 386889 541126 155648 414422 134510 581324 301533 228249 790881 200 730026 378196 21090 37687 77761 980150 481850 210419 599208 785646 319295 392421 501511 222307 975654 289557 183130 635837 879989 326638 628272 798238 625215 815615 869688 863967 385139 668785 297077 43419 570849 295703 559838 403032 38613 903163 210479 954674 561551 881135 125643 521121 204160 74889 9564 858115 886505 421606 729120 781133 287125 245561 821271
206999 382563 632436 694321 771687 347487 304355 157947 554493 216587 18766 609423 104314 205566 762461 454639 3418 225351 118089 132465 431624 798668 154093 646938 999807 403314 183005 935331 57331 455875 343595 749820 801568 897896 602082 723552 699702 400266 711184 40006 254386 908510 153209 652707 846150 449311 53070 499687 516411 293852 929753 132435 93527 156798 371399 643742 433237 747867 570659 863712 161761 288678 75614 427309 470389 78849 938019 800195 938678 809756 770886 733890 618736 986249 179743 919822 875470 179996 376993 996797 960758 133193 374384 351406 654503 477039
472175 892712 512168 149550 699307 920543 484762 430964 369741 299931 133217 496448 434925 273684 622725 183983 507523 989884 717425 270220 513697 889936 809018 40914 428289 485525 205298 353155 444698 184258 175208 396717 584734 27041 233605 242498 798403 428526 283121 909978 907668 157209 662645 5921 479999 523274 110702 365587 520574 757601 170827 325787 416190 452590 285032 769928 825388 451008 335391 703483 364813 427949 329005 272540 226244 738329 886576 309251 289128 19058 624726 450404 979035 295151 423320 699353 552232 149100 679014 207565 149686 782244 954772 430291 990362 884759
992614 56368 624322 102327 860515 795812 302304 461573 400233 336637 672886 849143 142340 138058 847811 412355 191258 99877 26136 812940 760427 346484 353982 110712 262277 271791 269304 403692 545945 341610 722653 756719 445156 130651 555680 345201 832154 985873 748288 449714 977347 686619 181948 266269 220288 179662 449335 673817 840545 775488 87671 605335 100422 192525 526082 554658 442435 475125 16510 569876 886078 991007 419166 248719 375212 642359 709542 376826 166899 121919 777554 566731 819102 630793 76442 900658 684637 140522 936510 210531 283379 236310 517418 566621 184353 926231
642649 243607 456892 491931 937996 697576 815957 983337 54000 246088 528363 785851 739115 415567 420959 855757 290140 314626 165436 40291 406320 73380 585585 959289 432359 338041 364731 362622 385451 910442 530349 432686 108364 45296 455306 899145 427810 424033 292007 299151 49264 701955 177543 629480 822557 711395 591596 993413 186177 131664 241772 300212 78780 633985 436153 893822 181098 998325 552892 199306 468030 285777 537792 913990 398517 272792 126015 438387 237825 541221 745314 258399 367443 576219 85123 92284 921823 63886 486218 160767 417336 976510 990329 29160 192558 924562
976776 203807 427392 705431 561796 546203 958719 188849 665018 238860 626040 204808 484379 822209 304909 11736 585688 330791 287682 284791 750223 717781 324889 306932 568249 898067 763252 928482 466480 244131 393565 596491 438918 656041 609691 848630 421973 843651 435207 372686 958732 319481 235129 96417 685550 87621 104688 291408 112984 924109 680189 654279 512467 300279 800308 643627 621527 87759 627953 969043 917153 989262 333426 799677 647658 12340 322529 209979 105798 784573 876505 216265 963242 896763 143698 575307 102627 495122 618355 887460 645616 664787 522569 452813 848597 113730
270134 444964 857049 76685 169747 936464 239195 780597 998341 605788 921869 268762 280855 775444 595784 776634 415707 600932 103893 346678 267037 732931 665534 424053 559263 224575 533501 508564 864712 605599 93218 16172 875059 987625 126881 224944 239508 70595 567935 604905 764098 195786 194083 722092 573620 117447 388019 247198 574552 413948 937928 377744 362586 961528 936028 364609 700261 133007 949550 48185 438995 126467 372314 496682 128453 894034 172513 601931 822584 90893 56479 405086 508825 186981 807079 752410 611968 368619 340711 171023 958553 274847 18370 98433 363077 548927
712702 348094 531266 220504 778778 929520 956523 389021 900860 961084 427380 994481 65650 495855 497040 428957 443982 84809 960890 832130 650072 887282 857346 584436 605340 348758 541797 985288 456507 20344 25527 623595 645867 244972 883017 594254 579077 631148 31986 984491 735589 52408 566358 698198 80214 870741 293615 13493 895795 863525 977714 273690 618582 542679 869035 681059 742727 751729 806362 848059 492017 55414 726563 141688 370003 845096 181607 867197 487712 759268 632056 774356 267310 816953 217253 940245 784302 62572 889689 935715 203265 961166 783099 659410 512945 452655
943078 894568 702592 497383 753969 490193 795598 704574 166020 718195 425715 523253 652373 128548 675649 88006 44400 790697 994115 425476 299278 636297 217514 822054 536523 874901 24073 208420 796543 989664 156282 670316 356907 241166 936751 272062 558562 850182 730599 198965 950843 394203 45076 230097 160872 783404 176149 391526 630220 860936 728872 631487 433066 506371 716350 754499 97022 415858 638583 91334 982707 243461 513225 741548 43581 468547 621812 724064 380297 308478 289115 812433 993825 721089 622486 139826 335670 930834 456986 242586 559000 143782 752327 925535 708737 982738
811352 58847 292765 198008 318858 394556 311911 71948 518990 847893 478897 770162 737454 694711 704678 444500 527267 359367 757384 921847 231050 480937 95350 949063 160193 277750 162012 71230 142625 609343 236215 735960 839411 379991 837283 427913 551041 386827 755721 53046 484078 353077 60761 99537 160080 838109 764840 481797 16565 667528 494261 424560 856091 178436 322344 681054 831349 922014 131603 878738 121294 234563 360835 530985 684590 152888 150494 646754 929902 275557 122836 256796 335179 818601 839087 450512 451199 627307 10420 617057 853742 190624 789114 736413 303903 388275
717892 384052 718238 758713 501107 439513 754795 516328 878811 617179 360471 821903 492562 170848 805946 40993 25547 482819 251874 195004 748609 935670 418728 444056 671520 592914 467979 260222 535694 846505 553659 481431 495862 767966 862996 703427 248940 117235 160406 179897 155987 835373 21212 191624 342248 570178 913829 662042 756973 30589 862351 159582 512741 943159 625468 649095 92581 888596 340431 21595 579661 438219 861105 671899 699570 30295 188220 898285 174646 222313 760266 295731 132144 56326 522660 30644 436006 171650 517486 244701 230531 692844 321389 697689 484288 258418
762638 347658 316969 445999 643323 383484 358162 17009 166770 78115 131309 351990 610819 219033 977380 459200 432425 697667 604751 263246 518707 417451 709420 228716 926699 662233 977259 696228 4321 257366 485969 33224 656612 89486 957538 456360 553092 922078 499913 660752 150491 967899 94257 419366 600129 739241 585970 192625 888603 71611 92730 436929 856044 965923 353029 49997 98384 602379 827842 913885 344786 621264 127222 281512 388378 343605 619476 231557 267643 155060 276630 623618 904837 916033 478929 404848 551750 84057 23310 963860 891808 394480 531068 926621 183156 464948
187234 698927 722928 107338 953074 705551 834910 57547 873862 85077 432105 469499 945670 325850 594453 149574 290984 265400 148182 696455 306039 189600 62677 702164 674874 597375 473442 107266 686738 747608 615530 249841 873685 715464 448442 211395 561370 380846 241121 635388 503885 215803 974226 120513 86519 488803 991947 756322 207235 59457 210725 99883 639357 417397 110041 640191 272782 48345 894464 193405 890365 63175 80211 603222 996577 628379 182564 853140 918233 403847 893727 941678 322199 709194 907433 432830 351545 844056 901449 472972 836656 561458 567488 443009 871575 645124
735942 540289 41317 494465 172912 503572 927091 178312 877478 848519 571981 914688 625001 805764 54175 158060 591270 6483 118436 474024 568899 824345 938043 401302 120425 395895 985559 655944 798514 631687 910746 4803 508246 593775 528443 728124 110211 689424 830246 711209 375878 238378 492090 166326 258273 283851 431095 583676 66687 969280 129354 964564 34170 646279 431825 929722 386153 997110 347502 767207 926837 259363 32629 32244 179164 756807 368770 12486 438100 651286 157879 198036 886960 844360 612819 442263 275485 785147 602366 832113 791142 901229 312737 938960 576998 123103
86112 763104 924424 235043 157326 331941 737505 373678 597225 698515 614068 835863 647429 760248 316911 988116 330962 652071 14752 169022 118046 620426 612149 142730 78439 324996 766655 559143 190167 470251 87494 210154 853933 678652 208004 597110 56536 951281 151871 174165 987053 12008 304932 142065 54859 140201 611976 611178 619748 699772 244463 114549 522299 404313 890159 702670 536946 614121 89605 346357 485679 628240 596235 39720 654109 893749 721732 973436 522123 625652 465346 562173 683681 719684 133920 609538 264145 354767 144255 546947 919228 150799 618707 674432 235626 26846
733509 178346 613895 885561 812363 14265 29624 814642 465022 497578 37485 715747 684122 263552 890270 369121 272999 966676 679039 490263 224100 50745 832285 630822 501958 515394 879198 549033 3983 224694 481040 789977 72418 898010 698865 379608 996352 743361 358855 223082 148672 546702 117026 155528 688893 54537 779515 425864 723585 441692 106177 69458 958689 400574 264182 666185 973361 884282 819062 838280 470871 257816 390755 471249 257371 540496 771566 358866 252293 205641 697452 426258 595203 735080 70929 360915 100503 801604 959770 641975 297053 962646 194953 839031 885605 123277
186632 684813 131896 369151 230717 417614 743682 595102 371657 403381 797656 870705 80708 730971 918919 908137 99391 842920 142621 510370 74716 5588 524121 955255 267458 323018 869426 286516 272724 686588 400444 356106 637106 482742 869017 785996 811600 456235 674586 469633 881050 949222 761829 445133 124977 843816 263697 861590 480481 481443 443541 689912 289289 768127 714098 963581 12506 80720 532330 564595 348731 8211 903821 61077 211041 240957 830885 274356 191556 113987 557663 491878 41159 52396 962868 529793 693255 723901 705100 708221 714294 815456 64462 319404 264829 981193
441420 533383 249029 441254 767829 777105 846264 899941 571524 799064 675603 275645 344157 621391 151937 493720 482143 333356 688600 212030 714878 976992 585494 898303 108244 328969 887204 905286 779857 57727 919021 831799 862887 877066 455599 138562 381682 238519 413403 842894 314110 759222 589288 954768 872343 541737 635255 474365 928177 240065 425663 216562 286925 818999 940540 129714 777498 133482 597678 54334 206273 591593 742086 717906 957760 233239 990123 328255 971399 186297 454119 919414 724923 477252 327190 686925 883441 124072 780808 521388 83818 466850 709842 861606 522333 404948
874819 136873 582725 653758 668336 807315 608937 321283 179855 164514 224569 902391 269669 604844 666989 780333 121765 752682 166531 21051 340976 755450 455622 341534 617864 66492 597799 500448 759578 74461 539806 496194 242467 745411 241264 509487 108949 171927 391532 931986 34839 852442 278306 48693 611521 408314 561712 136525 443128 157199 265346 36160 55097 955153 438499 299307 497429 612256 518282 260645 588854 193808 690298 839100 601922 226059 47546 195048 958311 689508 196777 412379 521409 713740 881135 40878 206264 142401 695393 19955 297889 925346 444665 314214 921187 233453
792586 9258 501810 210595 282342 796336 748712 358831 422558 970413 93985 163469 430651 814995 129410 44053 482613 840153 252873 459128 992839 388562 817845 358102 483872 514848 932484 152344 59979 709143 833019 371794 306008 769505 7268 904030 146367 254216 161660 166610 547879 125746 489134 32229 7628 685759 739177 224026 654897 162234 845209 271180 658168 589049 262366 270879 356791 402600 903841 724358 67855 581989 503712 184155 141558 757149 493806 190992 95948 238046 35879 378950 15463 812706 413692 581374 135905 951707 158282 908636 651249 146609 806013 266081 124011 853534
995105 577170 680650 281584 985573 980850 24553 340735 119147 307584 77044 435836 584293 144909 774047 329388 402737 931110 423734 438810 349599 496925 654924 707133 720497 113841 130770 795580 454893 745109 875882 309501 729269 379559 556367 945921 726922 194789 85636 837768 546687 298102 820368 999089 996252 129285 866084 357097 892351 276394 407203 393561 737901 544612 792783 508539 706797 367222 572509 238583 636452 833142 676374 390116 572512 836023 759674 658784 423526 323751 640467 523871 890839 823136 471040 231466 242851 166224 611480 880863 172639 386086 280705 15618 723217 140384
884457 727904 64765 736390 495081 617844 639171 276550 471177 878699 532518 373931 136955 178283 98941 118745 455251 79902 58776 233887 58052 945484 97357 355130 502488 644127 665832 324605 649852 557871 387169 335927 553768 856826 748217 603552 620573 515618 105758 494961 172747 479502 680460 870941 866491 909256 833367 161557 674875 609102 554447 476310 740535 652098 388465 966769 897013 572893 581253 771216 537058 956992 428527 2019 592132 305901 886554 347901 528502 196853 580357 146781 158445 303788 658599 148070 442263 369477 287193 164759 557176 477932 708567 65771 469778 344302
487364 137395 653988 503136 523035 71504 27643 571965 162203 644192 453659 982438 549746 185443 122524 465171 616579 637842 277511 47221 724549 899777 781761 483506 416470 881825 477667 54482 63245 993585 817100 691420 334171 254675 570583 283653 762525 352231 644520 942453 972921 165225 219687 958880 245531 203626 143447 490133 738991 312598 338667 205895 530501 927796 898296 337450 931538 779001 374860 883586 24828 658032 201849 408721 38216 426441 660040 511479 218144 224866 423136 141666 150140 552568 33188 54881 610652 724713 399436 824206 934076 173953 71353 661768 493696 150494
546449 87073 519157 261687 646018 493 994643 77746 261599 616703 585731 187258 162506 129618 897169 184682 417342 90696 228230 318269 978740 890753 363538 169894 398838 871149 172875 357568 97858 806628 284452 59414 530375 460971 878631 13733 842230 899098 710245 8423 681356 830301 653985 810442 224562 657687 889362 518066 18561 226015 115277 635052 496448 789037 192764 634403 658654 603658 890701 367307 477406 882226 301304 52842 763996 524974 862230 8316 653557 206534 497555 670397 504161 698887 277945 680045 707541 137820 629448 347580 486427 353022 695540 672017 618871 900590
76736 3251 281548 895159 503851 158226 11403 855317 761402 630707 804177 609962 582277 942211 98993 772670 895961 225548 413266 911266 911625 708127 851543 666090 633872 478803 209114 803074 592883 774329 861338 655287 343933 599726 90946 658826 265507 754764 12441 847686 69427 687938 273977 59663 170099 473950 835270 555260 616574 51164 271145 243083 462292 439158 867009 10625 794996 582962 148841 449099 625675 356462 450581 341697 263831 984125 98217 2659 9739 733066 383043 519452 508875 489893 737605 48298 844396 270214 855969 166651 6916 211202 461648 490882 460981 695837
651997 343649 107952 618006 583465 492001 752538 746244 22962 70101 439953 224766 535296 906794 103938 990267 531371 433853 484360 131956 32932 596848 932698 508163 876293 272767 971001 523864 584220 480477 486732 275663 588465 277320 576221 262173 497031 231064 748926 338338 35369 657719 816950 531065 472133 350156 856198 174979 745061 156060 564458 12078 776119 911545 443790 792961 772579 766083 797776 61821 622227 619998 795384 340923 775332 209882 486113 382239 898398 369626 851355 515816 163262 463063 225478 505409 107781 384392 207964 712767 593806 648319 690172 278075 592580 352271
735113 880566 866244 747767 903193 106989 503040 289986 839222 79667 488338 189724 173596 242415 99738 306678 522886 45692 132293 244600 45341 320548 149414 535485 207483 770166 243830 678073 159868 783482 42562 958772 491270 271651 95143 74200 868034 683118 131360 444068 880309 316253 131449 43028 526255 713094 989713 874509 694026 374448 564089 121878 592430 413195 760915 153850 610660 150243 917303 641813 739735 267216 402992 640871 381952 86449 635185 521817 429152 323343 81898 716619 581318 28368 19545 695148 888489 132710 132821 402393 322354 236229 68001 554695 422278 531591
120325 431061 543159 350905 415905 891450 385600 46520 873623 285243 494555 101843 853952 573077 186218 145050 653754 771855 796939 404244 893047 87377 708595 911051 807924 43026 552462 219780 967124 95384 639823 836111 586827 979069 663046 171601 350377 351834 71906 401048 956193 898641 961695 727519 609025 667766 300285 375550 282883 595568 758933 39744 263005 797661 871166 569664 672802 57846 725288 283303 942231 675449 571294 732448 669617 968176 465711 928846 110461 503825 122849 713057 932407 273678 88616 192723 547574 938715 593043 965074 481949 471647 640937 302093 856649 81786
140423 292342 181077 74327 652101 180849 308782 776487 941029 524582 656045 66073 523631 312676 699152 926308 737485 369235 780304 963803 506282 883319 47739 497976 457491 901669 19411 211208 334976 620520 77407 17845 480418 240587 717913 564473 932324 434856 374608 421480 463588 424889 292434 687436 917869 908301 904200 457147 90470 40414 833113 841512 244953 469544 681122 870307 883840 598682 312664 206541 98010 901691 615615 519198 163832 543797 147529 778866 19942 762492 135691 234756 945233 299062 911298 478437 889418 751719 439718 585232 228880 903805 634240 529454 289083 420004
825185 351918 462136 356877 991424 211554 647345 184351 820833 966997 859422 594071 424307 910897 995821 69508 556743 521895 393416 947478 143012 856761 13882 637314 344060 52552 227699 649617 125959 811971 76028 717841 848443 104145 674677 912650 300750 415981 49874 934207 351570 55902 502664 834806 500990 547026 966337 656739 131351 209631 623547 523714 550243 192224 757592 404601 236000 770503 261826 78986 153446 760805 920353 612475 553061 574252 894110 548639 30395 326131 503106 940505 584200 606716 725156 415621 20701 91390 709766 278858 786419 616381 969906 388114 969595 497134
943227 780577 31916 799188 841914 627785 108212 323093 578381 30351 822167 309359 452960 844527 520992 163057 659786 269205 939566 751582 465927 443845 625080 717813 940244 887247 656451 674350 252346 20376 633773 60966 283543 904459 976998 728496 334148 248370 437435 427429 367866 582511 327245 129783 644477 715534 848242 997498 123012 350502 874097 689635 306679 836704 307374 196185 143019 76040 485160 922775 341110 520750 896877 599643 375575 326677 820305 374540 523218 780124 383072 998948 554159 429891 111280 397098 321223 822999 635393 257024 475219 348432 972936 836875 677600 249682
723782 878007 722400 707291 856324 581999 39917 747486 190502 16394 922191 209524 728677 778497 468228 803490 460796 957389 363950 8094 205981 966695 681976 331493 780502 497119 696542 678532 316595 242668 459369 710053 971164 803795 314914 937905 604771 974681 287788 653040 622459 47992 942856 545904 567552 907845 586253 720636 139428 982873 997006 978305 876177 137393 267735 32876 619421 920375 648005 125804 784306 139366 40653 116449 799825 587997 334541 83957 683993 168307 623852 215069 270454 933723 741325 62047 669659 129659 517898 535397 123376 293567 955951 554481 255859 402286
306840 375873 196738 851528 736843 208276 485687 562805 451012 543424 726655 397606 24118 933791 830575 982899 711313 111722 117662 174653 951241 349508 252541 433959 529187 934035 92237 207551 698719 2094 923011 924486 986046 643825 737220 718295 580764 793431 952031 735647 115579 629407 362000 82169 186849 909212 556353 976302 221054 303752 900652 856537 331569 811477 770091 480933 511907 744692 76579 998747 732501 162254 312305 76831 913522 896410 377949 805970 248303 439222 865431 251338 358790 276542 468935 708571 76847 851273 316052 446318 724653 461276 695188 725425 123793 190407
869683 586645 635329 704947 99385 478466 972201 595659 583947 631698 66024 407245 872069 558744 96488 148148 607794 823312 31258 570882 360238 866386 650979 212110 428801 220106 910516 972014 708091 275546 547549 583476 155739 505446 432756 913891 323561 523347 26375 279617 247183 176623 919139 330613 186360 685107 244114 789850 939979 788236 975235 771802 716736 113419 462926 641177 19136 724386 867963 683169 892621 106788 413778 677289 490067 455791 366718 911207 267105 207001 780446 473114 883291 129986 272266 366026 672783 33340 546432 976977 490655 546054 996967 653280 12949 503886
779789 137906 3075 432703 145548 66345 526006 598101 380026 307838 551728 646095 823245 484771 286688 949909 463119 299806 159440 258750 256336 467090 692567 196677 855611 858677 735780 45539 242588 134114 403407 327260 212504 2777 945821 931122 853400 286030 818238 319217 876766 99998 802715 475482 209494 883356 935370 237248 45929 790820 209695 66273 2900 573644 81290 619204 126079 933682 635706 507460 720946 863788 659274 279820 932772 233349 730533 285621 662749 61743 2554 807481 276205 309948 488647 678694 633802 886383 701042 663761 564523 508587 469631 409602 174203 812830
372172 788456 648944 413483 228512 56586 117954 741163 637486 293981 199089 102800 822112 921021 876874 905168 503549 92648 10495 680063 713999 952188 581316 8162 38171 769100 407855 449914 693922 723028 428324 260217 233205 1401 417887 218535 133079 297332 253301 979056 831869 335490 887719 20085 792313 635566 633155 168153 344461 419200 862212 265258 189213 386540 567807 205508 766235 518411 379590 613591 43355 933369 520111 794446 189619 311267 781926 969727 341456 676536 925758 826113 514873 677036 948490 834943 364314 185015 880517 347658 69240 323217 230929 438625 576992 423925
45948 635003 686848 807552 361969 791635 546235 985930 790867 287518 742467 223600 423251 491868 417989 376139 859171 359045 786762 533050 828344 28160 621588 692376 25887 663733 678890 825344 160566 526482 828588 163922 291828 639382 522924 73898 285344 774862 174407 829091 399409 485445 172444 970645 197331 176897 506093 592733 616423 363115 690699 247278 573658 961174 248405 334531 610596 504754 335822 217707 910217 80074 364512 27048 150599 279944 98506 243705 23459 66185 716018 194612 219416 855268 592118 882054 916468 783327 897558 105538 850205 829796 736065 102174 511608 102117
872339 464618 203895 946933 934284 72487 190659 20151 299474 1119 28689 503878 870883 239935 382816 203578 419715 64219 689340 197632 150284 661373 799803 822100 209854 942138 765642 648094 149316 505725 257786 949320 968735 405979 413048 20259 643701 232863 107008 385729 905420 658193 14543 834011 330209 172519 162013 65427 487632 661021 557351 491613 363880 927227 785024 226445 919356 150072 852339 91589 197153 985956 89306 796167 646831 349764 199483 999462 391905 978172 339549 29335 368934 875910 964850 839495 618259 272868 750002 935697 96800 892495 418875 363882 346997 328579
904990 913818 532608 124075 396283 807887 512646 276246 345659 66646 39342 278978 709492 512133 642640 374357 924788 792327 993232 669375 145028 733022 218770 542271 541643 558563 784157 735165 914089 152478 871878 335626 966241 645900 419471 590140 287148 125475 25902 751072 624251 344207 504236 219047 582362 916861 879638 366091 683731 926995 269855 605106 43504 231457 879620 430900 642273 459315 56749 57221 9072 566132 518867 632504 979952 649508 918124 878415 404294 374167 236975 368880 848997 988175 238150 200736 863517 665089 372581 155822 388291 107492 155136 502383 205594 805566
382782 475506 121058 988602 402943 319209 87922 640937 632198 310206 752650 709347 613782 526138 155578 474892 601291 135535 614627 151651 767033 35200 939845 876582 810216 123042 201594 718730 732066 583257 944135 478647 500964 475514 211977 473905 894023 484111 496012 925446 730979 247021 668208 101436 246356 852730 424543 510930 269317 406974 86113 908490 724727 139469 266372 601526 988377 446841 921028 846539 830808 167360 904113 282978 861302 701611 950411 311490 577874 648168 805645 483570 396491 395716 177600 819268 360162 636745 258635 641669 808895 413298 536323 183271 995800 786840
262513 239830 867842 599556 581243 62243 830583 856802 222979 826310 285790 938264 138594 147153 462191 643584 196463 220223 455025 292188 51611 331945 335468 152217 499912 895969 879189 54437 509155 25921 264874 758191 543268 837966 811576 930365 809676 538094 53231 361300 169677 866657 304527 45704 632222 381778 448959 69407 166253 11381 859488 404443 355212 906047 206427 672097 97426 326850 200915 677936 13692 113865 409794 970488 529540 427465 371978 345840 581412 934860 83875 65455 635064 581233 719917 304444 570773 557312 733158 125716 826167 637930 278491 353667 560208 204893
101109 204249 445296 571108 400502 992517 810772 604170 807445 230727 880978 362357 370092 596864 772270 967537 946771 652472 743369 490670 667568 214089 698509 869409 298339 384663 466578 441449 257250 131612 540649 168698 745503 106479 338311 975072 224121 164019 260915 838381 411177 481119 505186 804249 732476 181890 127500 923195 701872 394189 781029 555228 214306 730620 121638 616735 587046 595959 668251 687032 306836 415997 534422 987079 459058 662969 293708 742528 954745 636817 128163 883016 18 69010 185587 902261 580313 294659 486574 284332 600886 362436 559616 368888 392812 136672
411431 700176 891910 253942 607815 720729 348166 383204 688468 243581 214204 176490 781783 568667 784256 688115 471834 575552 395209 442500 1085 114892 199570 611952 335668 510437 271915 138581 554465 895864 885640 190304 259715 7864 985184 121592 129288 987672 195652 771121 57059 283415 627164 356830 622348 556632 419118 10965 913267 110084 727399 185034 370898 865040 6087 471336 573057 151072 677391 936491 889168 935976 508314 97459 195032 862776 358724 674473 685811 613990 330898 650240 36818 170208 716392 252796 422419 358160 253623 747066 997403 2044 984016 17829 302469 871741
56572 557653 603752 943438 256125 890937 63017 79892 939535 480445 11584 794424 265727 937773 554541 907675 819632 509788 834222 509736 557024 91604 582671 538030 328617 451907 209502 977899 331594 899883 301060 852838 97954 84770 699652 769061 223976 390547 555445 523001 165350 251855 149362 139927 230826 623983 978078 45915 421557 896616 715988 205990 272936 142952 797958 703060 647512 25796 956966 254024 695838 315409 116892 380514 552384 281902 599810 839914 625681 529716 498420 33385 764383 762304 154524 99927 122841 346255 706 263097 865588 719932 206830 365711 179022 30314
295701 343136 281186 450424 220272 834688 316652 225881 895839 43338 121878 575105 60684 305964 642890 848914 525881 627957 455672 654215 57818 441046 809387 820058 30449 416624 699783 396433 675934 466779 986031 162193 645187 607538 282206 508501 914667 793488 681532 651600 775980 217286 630267 678527 625389 296613 990681 140589 258381 577234 890487 476511 324322 18449 756252 834554 577952 326576 9454 698863 731848 752870 25273 525190 728134 995479 788365 57444 109167 540127 685228 270915 342096 889964 94862 651126 415777 644827 376578 892260 658358 836416 250389 862686 326208 789068
252303 709139 712466 800497 430239 795296 108554 465545 182743 756980 556537 630564 345747 388880 493198 510236 984964 686792 835679 134 206554 192297 193995 222345 999043 39733 105740 414385 772577 486451 21007 66074 931085 504993 810057 328900 239113 203669 685211 879233 978431 571615 49127 35219 267636 406428 250895 966870 402706 886013 100146 828701 919713 464101 87624 221404 982610 734788 170232 678587 10794 949893 857738 15611 102324 348009 151241 782728 748839 405295 489030 829933 899720 954908 331341 380092 735327 794221 144244 678889 498086 539178 194483 85548 146352 729607
325982 481360 928043 652338 815570 145016 736203 735636 588119 642015 725653 788242 988991 448597 511394 70900 998780 401274 323149 571246 566349 169956 651119 653474 669881 931776 463889 198524 200489 994832 125300 673481 223388 913115 349688 293522 905546 668319 894816 935003 474795 514028 89217 700995 294444 496163 920171 738251 148916 457440 257880 265279 855347 780760 721180 58256 859262 527671 468603 284342 984340 327343 272096 887392 742 573533 158430 6724 766212 277635 129136 869648 296720 227895 16143 972273 635195 696603 270621 782839 951033 919993 768186 899929 113184 790657
184393 96744 923047 28493 382099 686182 70987 792151 651472 185583 43588 909934 402308 32807 188643 177662 635761 986720 710370 66029 954236 59478 553749 46517 454364 282286 175565 848662 554872 769073 237698 240743 428950 661395 881650 104423 998862 301041 213469 221430 668787 533149 672866 39638 763662 812519 965952 260485 857638 739612 647470 83939 808157 863216 409281 880834 390512 576472 541448 695857 323610 811549 533978 262160 982225 320842 444515 315416 449063 477843 739508 1573 118008 616719 679198 675720 389493 344825 110947 95302 553456 4479 76264 511433 694677 876360
819873 555266 723272 297030 181655 605204 647094 926928 154232 913212 854176 978613 15245 339144 842001 939021 803820 444272 992350 224345 556732 305741 227400 758439 367479 163491 386176 389714 743872 874543 935702 952227 446255 662092 231299 952163 712092 863058 579266 103285 474181 946357 551998 36365 418304 836400 23797 936393 87719 329005 232853 808211 55909 156624 699785 931469 435727 531409 24295 928083 436848 447422 752600 103966 622430 840240 997318 203315 336581 556856 453636 717595 583506 844183 158785 134386 847120 487569 186420 618050 116198 400890 442117 819807 101934 375080
839181 904069 848961 137842 593384 487515 210328 323764 457548 582155 462338 61306 103062 590014 395974 565707 273970 158800 672770 615995 710855 116899 360264 646942 952435 660069 600283 34875 88041 332685 866650 504460 589411 62325 181037 215195 748780 843452 883044 379275 808507 387421 600441 428892 81692 758574 392325 840359 400283 673531 514195 39103 658077 454937 77259 192094 969108 761615 895201 817508 114448 488559 447744 814441 949278 77503 504967 936963 633860 925718 336522 125720 721525 214345 195918 984302 138693 111041 778463 253734 584651 234208 874220 816084 289781 973460
156276 932057 387962 3941 583495 84989 300480 338642 148822 909072 208764 250258 860154 401324 189300 411056 47902 471065 388972 259699 336298 614328 901987 111288 922249 994916 714966 613223 622143 2940 914599 100517 383204 615173 904831 416285 548805 122308 547968 355540 549482 447840 532250 239753 757476 384508 333311 93750 132861 283913 259198 870739 710752 54215 30209 534088 951008 647063 327319 484655 190300 865052 274575 666120 139838 293503 505099 586299 793826 551919 640520 198847 248137 991983 595431 485241 390020 488366 525901 233014 467704 385032 399972 200427 565957 547560
955309 220927 974123 238320 13989 42456 441208 7002 233855 127487 200163 924745 774077 516481 84515 740402 695701 174223 900402 928306 323914 367138 215642 218924 819520 648136 177210 261032 184039 323286 553368 488199 146965 462727 240814 780757 379155 190729 660144 825523 291342 238224 899738 628867 705227 795528 113745 337031 291360 159142 604930 234086 630214 759899 98622 775116 804865 537394 295189 173233 66675 771844 170070 590129 458100 138 549716 412642 930045 217775 899878 365067 841386 316870 823579 504554 633893 261901 632975 674802 27694 223201 750413 520095 732437 879948
671394 352938 329640 581897 618638 197644 671171 367408 651246 239120 755484 16610 457282 750188 375552 810550 165980 2096 417410 59552 997618 184119 201999 761238 978831 488131 756993 388102 900031 905436 636098 684537 269467 950656 833824 588306 603885 780132 106252 726416 547580 322256 213574 51434 649060 717328 818123 292889 972412 798687 762884 120853 489263 31175 911649 560025 846774 399135 941938 422062 988329 968674 97397 706801 266983 780105 232925 266469 126548 984220 362449 86361 529010 781993 449153 771976 451228 991857 459604 686645 749065 934005 119297 9489 639976 966327
417423 353068 477265 721468 875838 968158 684786 754935 549106 265658 519886 389053 709729 275937 258278 279253 330128 887080 550715 391805 724023 861624 872666 564430 175935 939679 845228 806891 58770 651278 917596 899417 809081 529287 353148 806367 936737 775540 854446 9201 928088 130603 698417 224239 409973 321645 931881 59686 429090 245317 741052 139146 252008 895339 516865 747076 321125 595513 696020 981533 573589 920136 940285 936141 917717 90847 576511 298114 412190 430385 90077 314765 803109 800939 929459 38194 680496 740268 460030 753937 9576 735366 553111 67771 797209 752452
629050 83201 827691 691845 926233 754906 583503 495459 30749 752368 679832 977293 815187 464864 306805 319068 429233 669954 666347 246680 285551 770977 234798 685934 865262 534435 385126 707169 553145 979432 870377 608853 550520 642140 641202 102005 505071 431604 660166 434313 521415 287099 560614 436600 660564 459881 79310 681532 49482 504733 670203 567432 247705 660736 112585 597473 52135 132793 70663 904372 355292 975243 651494 277825 972240 386636 205814 181541 958659 593712 851684 726284 740456 120332 481409 799311 26642 992323 191690 854658 937302 115530 40313 710315 371870 487418
489623 686406 693332 838408 836257 994849 938993 189973 345198 652960 919543 208262 376556 590154 855390 591093 949125 977313 283967 161464 233921 303980 822942 212740 408269 993334 398534 81293 218268 368533 156047 901830 614475 152895 189252 728777 829167 959922 208205 640381 309040 88799 313046 84840 121556 420512 655166 229953 435992 417869 225433 959492 992688 828070 154315 676700 594153 470739 816700 508193 654711 350438 995013 416243 239685 962524 712118 201747 400142 627355 588621 93783 549180 388696 132369 250821 561841 518413 996120 288499 715649 75014 82828 834333 191689 532743
641996 197292 693683 520295 430267 876089 68080 246712 918411 618742 75246 541765 380104 131583 706602 397266 95225 241545 594732 376575 432607 261413 595006 794753 534493 597491 624595 963000 894220 383738 454382 229952 111020 610742 49139 53060 103172 432046 305729 956823 557151 728707 439136 411529 165157 101392 928043 615599 938272 488231 970431 271314 557525 609498 941351 802194 941614 584674 228476 868021 213388 307205 94276 30416 247486 840608 542151 664518 743294 323393 942536 557052 939404 50500 604163 926913 820838 669128 717320 174542 993023 665995 439181 313786 622021 90167
794920 834524 845460 379060 252393 972756 636456 288065 199416 481192 579746 104715 497903 626621 229298 335263 775581 263537 51156 529808 395810 323569 867855 662228 131060 943021 338764 544476 543733 537324 917918 201198 314827 844771 507022 951652 422004 749213 821978 379001 466745 82744 325801 574620 629171 782416 975219 961112 163082 714134 562888 447133 525339 501154 107273 490326 502629 276416 267384 406744 829427 108392 117485 735701 866944 377979 310747 141414 836448 698007 210143 553646 386325 903189 651385 645603 398151 667689 931502 410126 794146 940625 381221 468489 683923 771049
924158 809575 462868 428601 46889 66007 337708 446593 674775 618181 337556 671910 797170 691109 677954 718157 190100 519753 518217 689509 573142 612899 864221 895251 284332 824912 366773 224515 896861 490437 912381 137352 531980 489197 336566 919264 367793 247939 740417 813683 595845 82596 541231 475660 527993 32150 922937 516328 824763 622464 659242 879096 675445 261901 854464 194208 950797 838517 806739 765746 802352 296080 970278 86722 169342 236063 463063 282612 763240 401189 191654 620647 163724 453375 208868 311153 70998 697123 25067 254497 971989 744960 237741 426805 342059 905983
351348 44083 188629 419376 387077 338921 837089 692240 189014 763955 608859 89026 149120 616231 456958 258462 136300 483330 964179 881016 446756 372737 247038 902210 460352 641214 344273 268902 241045 926202 239862 764224 596687 114192 358972 289858 688507 57481 41718 871505 742287 827593 420110 717014 667316 759714 509314 377063 237084 122459 580726 173371 162705 876264 937750 628613 88456 942683 360402 28049 182575 700026 32719 760396 326301 294555 271001 650447 335675 92367 842815 326218 406710 592866 770941 852192 158622 222872 887372 89663 380068 961851 244752 848495 144081 38378
799704 496312 303643 451196 430290 249785 799521 95777 117426 81671 569670 368817 516466 30870 556915 453135 873778 709243 269192 111264 614064 992617 914271 243175 322559 615589 104005 93764 527451 236987 252064 344182 137369 641406 753843 538243 279976 563172 829656 793275 265985 904621 970608 92983 128754 373105 945232 747668 951643 936880 680232 88023 97343 847492 690961 921988 18786 70311 799262 707939 937785 60320 106380 787849 287993 590769 776035 698899 277384 969485 449404 109554 613971 22423 50407 488015 499685 160409 804795 199720 818702 121260 740026 675091 203509 711076
457192 118282 933552 665514 985056 168424 305556 439396 532438 748718 916366 729995 848620 811662 562802 871142 434786 815650 645724 219799 360146 198236 541705 907766 519739 26697 700341 358645 633786 931688 578376 340476 950044 787770 197572 661408 61434 444881 849316 531679 855536 137204 548632 670100 254050 111763 35809 416805 954804 850024 511327 627395 449222 919904 800651 445470 706951 631756 288897 659514 91392 577990 679114 518327 827545 296952 399027 15829 898866 984568 416462 687090 132316 307309 826022 874068 729754 478020 872630 189614 595734 670844 633304 15470 579075 144662
926761 479290 191764 970582 852883 183723 104462 214532 397255 519941 172687 998123 789268 814960 900813 757165 45101 267850 166305 135493 824398 148348 684404 506398 951064 657927 475170 422634 780301 943445 488418 189205 784473 145602 551585 46140 730312 883721 159547 556822 493386 494334 380189 28787 1979 463946 823451 124465 321496 942316 484156 585307 88257 998448 609684 299019 840337 13232 722413 403566 516792 374082 239410 93350 515501 897061 43487 865741 461498 600744 771620 632276 682971 984482 620237 163389 282723 441391 124865 166597 255052 865730 512303 375624 52743 518137
661229 10818 606182 966129 306071 889254 749065 881518 414695 403901 907646 51032 416547 306701 215125 673654 628587 70313 626740 259673 349650 562606 567198 805528 724572 661713 677153 99433 791965 404305 522922 394200 484167 104000 483380 566991 204268 323410 167824 157110 491595 8884 972510 879754 190526 157401 214435 481172 198195 194583 177236 709645 986008 912823 983013 835 580158 842132 352045 601150 677696 549953 963707 718465 33039 955126 252820 687299 702767 643156 370838 784148 428730 788332 66950 995453 986873 484008 595132 934326 703182 917811 607459 961056 534387 420735
337130 901138 749375 301906 543383 745527 889779 528039 845924 89505 104904 14736 873772 598107 983217 150338 296828 932841 493641 941937 325159 924033 459753 314710 531842 601805 937791 910750 890250 852791 315114 127678 956608 750337 437933 630345 710475 432236 353727 503778 56867 251331 43713 866451 792353 669354 495738 24576 91668 847229 341602 625929 430240 763925 648530 73607 620832 267928 699117 887525 819582 357049 976741 489756 648425 230825 210223 596126 546358 442855 191515 148587 146844 488141 45597 436188 703483 101358 915060 570219 749804 29930 875921 63672 605029 408647
814868 607092 563546 643307 36465 313093 431937 752376 132505 468238 311692 595981 220727 598923 860417 845929 585130 618277 221753 626457 516052 192962 516872 396580 149823 778439 242729 528585 188602 436835 996631 376768 122413 465458 841690 767287 129999 189359 455629 117373 399665 672499 456605 719289 869458 964747 407913 414211 128090 304335 439304 976017 487008 451369 855805 482067 927076 106320 613271 438435 821063 608627 540870 522792 958456 235734 349030 785313 753251 647876 362671 748061 441312 85447 399393 877008 492269 4713 649459 354874 117433 216823 867113 116636 98026 63059
25947 148818 511850 251568 278810 282928 654052 474791 114314 689708 856059 313702 200740 86593 705978 225688 110338 705019 511986 426446 534985 309975 463700 26228 532777 77993 814828 740307 924536 387586 156191 771415 929409 260351 784328 669283 780771 579996 193489 840100 254485 628152 249987 843709 157572 124145 567050 470958 756208 570962 406853 495962 964316 41405 668343 55777 462583 244153 208485 821223 997475 191012 395214 275142 480576 256482 785587 73478 667950 162832 826105 336882 442119 410454 85857 705073 163540 245220 409785 241840 864245 702787 888928 162094 739545 781215
112049 200916 692430 376580 937916 882164 228866 586156 863024 953299 341755 294130 339398 17593 938528 121905 913639 426910 96973 284266 995495 232186 526795 506731 342721 161342 891729 473371 599233 314467 409830 703176 435362 604844 33125 187366 443984 945822 625325 377707 279714 750776 843733 996920 283778 386890 786730 550825 181316 837906 452056 874828 976420 708735 207129 886290 376797 147987 427426 776237 626786 381714 213578 687561 645941 577351 968025 913291 995897 9827 750080 211817 620582 19889 687923 370915 585589 653770 678568 496278 779428 861155 145398 827469 251960 464575
15359 921084 355184 854441 979735 295498 49094 347130 522157 556999 475837 630161 149747 338452 802172 765346 937245 760759 903297 196894 376096 257636 552608 605689 190398 760660 476779 966821 106893 421617 622535 77660 67153 237148 771467 528353 971134 472753 124052 509614 363060 291 777648 86422 717540 501460 668319 678551 415964 236241 864621 452685 126356 364556 197771 640199 816533 960793 438164 91986 495034 988357 166002 497449 863944 132410 57005 447651 722374 842807 643760 853380 450724 213786 294085 350746 113137 158076 902328 417078 11438 780921 482095 905123 369120 365880
534237 105060 809078 603443 309107 504834 794139 90513 710892 439727 75991 795951 974201 780111 661474 977420 956322 263302 824468 932216 434462 726111 407213 196417 705215 643038 226952 614593 808715 823184 602696 919979 120180 454390 427699 794356 681688 866881 919764 113482 45478 839556 599764 927259 426251 510352 142934 825792 972108 267466 973577 651889 29745 224497 281424 903874 339765 153550 992148 720116 561605 188473 175805 481263 89975 964573 812370 267717 275308 792917 964929 407149 947636 330989 664539 830814 740336 74137 330783 299590 543869 673891 635221 879411 878645 196539
509206 714221 623928 328103 128406 336429 577554 577402 320433 358696 849349 208870 1148 228969 775409 262894 797032 892978 61925 775760 679621 197606 653658 522107 500924 139485 813238 498894 693759 142772 867588 181012 389063 301443 665974 391017 540632 693102 223394 781101 951388 419097 987305 698120 431625 750351 728070 637327 849476 50213 466512 284183 105026 590978 83344 115010 728440 789337 249372 349696 710756 281511 846180 831448 204864 350544 532495 328813 466811 41163 917715 677851 356495 856706 264465 415544 595398 757869 336640 741994 804172 447941 401190 79000 411605 304441
119565 506071 175687 411281 82831 642318 664094 177245 612913 728100 845345 665085 523127 421694 474253 97522 131466 887674 407639 275684 52076 118744 834304 953788 434239 173195 557465 856651 98613 648006 515876 352650 44733 7271 884602 89017 76107 403203 803906 688307 640067 94028 186366 256538 792344 771955 772741 326344 441603 238625 400727 555268 341671 59849 544721 758044 125763 912019 455380 44185 425945 591497 771528 156871 144265 76712 656083 881863 299389 18587 428406 618642 207591 968393 327030 476222 280617 250470 599668 448454 395819 15599 250233 28387 90097 772033
491130 256705 604342 833077 35594 244438 214919 190545 782545 604046 484354 461305 188170 689248 729255 894587 978585 189765 301167 362939 3884 406737 454733 652313 917277 784503 464500 31036 845547 450888 832266 854983 363573 371004 683446 444192 987995 782037 480723 762964 420128 745255 602770 400177 882459 754082 482391 914107 176591 215004 462777 748172 527984 426137 287181 304574 286074 882887 59340 494822 951273 337646 650835 494386 670857 346373 506856 797073 252318 719239 261869 999123 472399 226159 262324 228639 417653 978168 68606 73188 418803 262922 227124 59103 87886 383966
864238 143237 183652 304033 253763 709707 416456 484369 396106 968495 413727 577049 94895 798520 401542 724691 667827 344766 660456 84011 73489 163192 900966 596766 122890 103761 494338 109786 931840 862225 874807 844227 920909 624403 909877 298297 456263 334784 626527 689748 641330 546530 696829 932830 570439 177097 442644 174991 207751 939379 141686 708263 289989 925066 28878 344643 736917 802101 879467 588928 935491 784109 829020 828756 776160 320273 740182 347345 307451 593268 836048 520148 286043 517986 923758 670154 480020 437969 124924 562964 429192 443117 463495 382341 701422 107520
18225 946731 658234 993532 348283 418924 504604 641726 506031 481668 321790 139121 412669 272475 485517 193711 780397 873287 655460 157865 495533 149157 328555 865392 608594 592949 753436 155496 495943 967855 289949 401274 331272 71686 722900 45387 348655 612611 466487 983376 449390 672672 43579 415581 846907 656528 191308 937180 307394 233190 124888 493329 303392 180854 547821 743996 542523 535785 216140 195827 191851 350766 287709 644497 304943 181079 53466 177673 908030 825607 627221 139329 698413 713565 137190 673684 808387 709836 673915 726488 289793 600697 582566 519930 667244 215268
395765 24247 46067 485009 645284 175901 730704 461624 997195 709440 52885 358440 775458 464644 511013 925409 491883 856163 972020 937533 301937 107660 631574 176542 751685 327160 390417 990851 4881 421610 135759 978736 983176 653957 244885 126488 728703 602961 465951 498072 253097 58581 185589 3654 306312 863774 6464 220117 452730 998997 460062 69271 643598 15416 255136 520126 926590 638886 935258 222106 253915 889625 635522 622177 520175 614495 395241 29565 685385 70028 694283 763209 756484 443774 450291 761282 807249 364573 164306 74865 745840 770239 798263 836293 266378 937643
501924 52629 559116 316864 281389 926258 663376 712029 291027 833976 753703 849198 210323 346737 65560 481700 613229 315168 432843 804917 3016 795432 679111 554795 206304 514367 444893 122218 485893 102087 158658 624853 746238 747390 646022 482692 491255 72410 64708 984392 131062 82993 338013 545993 272832 538006 833036 75988 223367 448949 738636 880304 900694 543907 7824 831713 587970 970502 337437 299404 337494 395042 749059 111755 384892 323166 929547 922660 51538 553927 392916 578902 942421 307175 531706 421997 882506 67114 212734 382167 511544 868556 97271 321140 285701 248058
938842 490600 377854 932649 194297 200791 681643 666149 376987 16659 346413 158135 744957 912660 337682 868334 591901 477222 502694 630420 404112 280585 331863 39791 147463 709750 179403 796973 796745 315288 156349 242704 896020 577720 608960 104011 43803 591326 987753 158275 974279 462605 83076 885352 422545 400738 941925 901907 936752 365105 566388 906049 980518 186593 723391 569644 603241 275661 972891 179352 531425 748203 90141 822077 603457 457888 376528 377076 190930 521441 120725 499676 183745 757567 502817 40211 765208 977004 127070 962967 545503 719397 347409 594346 197493 894631
913636 906474 456818 861830 800198 478109 269664 265508 200994 783937 529402 394061 932475 865504 701240 641631 915646 485435 772000 348840 936554 280267 128207 61529 636159 528512 294815 532967 351321 771468 448693 991966 120673 685580 398869 8055 936252 263933 441905 713453 175496 1047 16879 125681 245163 348869 357707 568149 707197 318219 345198 363598 314122 294475 242267 339844 983059 996397 57107 358863 935370 471774 218283 365899 550074 36342 939225 356020 331421 283547 781951 60155 281545 452754 450834 550114 810225 5153 486027 409358 195798 635047 190331 485886 805413 170884
418749 65095 221136 467449 297854 889192 638233 383607 920613 769467 445887 323754 415510 367375 706492 538783 830410 239736 496812 592135 791184 769472 855307 218267 74201 893749 265994 507561 9251 144866 255208 469101 9163 503643 777070 824059 876382 995920 805415 386581 630732 869834 745713 993165 734526 486985 794590 732339 463144 812276 544156 137805 61706 413419 155028 755084 930598 32006 894735 934640 409765 289577 685080 823791 493905 419185 122789 544732 999294 603464 501838 323157 984133 881651 302143 245466 282559 509277 88744 460227 819221 87064 400102 945933 234757 617146
149199 631947 728992 230447 131671 474209 796769 260760 185925 138877 789461 81129 558871 684658 254361 857999 728945 380076 973450 503597 785741 378604 237678 487428 734608 6429 381032 592198 236299 457814 240593 915967 699462 276537 346610 428214 870444 223544 921134 599287 779475 498472 319242 602357 125736 213724 531605 860766 493524 820169 453925 149247 160905 796130 428466 496932 299837 270113 213028 851398 582127 201843 227010 840566 878638 807401 464399 820420 253301 766419 321841 167169 135462 296095 518704 484986 47669 277920 216896 512397 864997 490762 687611 883860 564871 772747
78372 918813 642007 130095 181253 721307 149548 558541 126889 822136 821400 845257 622192 344321 129144 728853 498095 856760 129763 685213 978670 418456 723246 788456 71585 794895 204985 28345 161290 278546 157375 118554 521331 581019 291975 679787 285965 700776 481114 225088 47389 694578 814400 52761 911707 364659 986101 295342 623185 821265 236859 404638 592808 819231 217933 909059 592215 20439 762996 357764 287487 586003 252845 133780 629032 604453 38527 542771 171564 500241 408067 927591 553700 63804 298558 12544 328513 287597 711823 585644 993262 756526 942509 485607 581790 665815
112199 922921 66176 592544 563723 197759 754306 100105 619842 536983 765861 778690 447163 192990 442592 37528 907615 85571 27508 879641 947165 401591 254638 545452 320702 328201 946101 315182 893189 493817 414570 110888 83133 676766 725169 281907 412018 107254 616988 698767 109083 691914 887567 993112 118313 414544 9439 535316 842416 932104 208734 282762 984384 325904 840281 283580 746438 506335 44146 98313 89188 972311 369874 610089 404018 643850 159074 569249 851463 104898 76644 361585 162632 400516 32646 309014 702498 956212 138790 162899 543194 768998 171521 631630 342844 515462
647915 658957 889323 85581 80600 844747 856869 305266 636434 783656 265899 443685 1179 209079 164565 28688 915072 483499 363923 740379 86168 396287 834761 248382 221316 328916 805438 371157 768692 772683 258342 958867 123336 754861 514149 686386 835247 261023 925533 847660 837782 826144 626831 435360 721704 500839 402992 906959 374830 56547 464417 732185 597660 908637 697279 818802 520967 307639 32303 440609 113165 182670 818092 767192 988343 877058 725075 658493 911200 63682 65615 91382 844064 303409 273637 388862 321582 906004 9313 783 367417 902428 273869 595263 450091 864702
594363 167040 673689 818114 163823 464689 284460 208231 149783 909270 50816 265193 2862 194217 951899 57382 32588 892450 316349 6716 390399 559811 963918 717729 52749 154325 109414 351480 160013 893901 313092 382884 511151 311796 666508 842767 322664 219250 955734 5025 355762 580679 267186 165509 857153 190283 513461 579310 972014 901223 743542 697954 180383 657348 552543 123670 109380 610185 655072 319506 210163 691925 185696 177995 289512 925676 344453 883559 301239 363890 492738 471848 727555 542231 493304 203191 757799 97324 210973 858574 743909 944755 852290 839270 283769 273005
926707 594104 54050 615203 112826 813213 66829 720517 322190 731675 517711 342691 830694 819644 105205 620087 632174 163678 172741 701975 494829 538051 401991 741385 6118 701408 637770 447856 730933 721157 920451 484297 336722 144419 565664 34465 638546 908699 15954 396956 108849 347140 670086 929704 950378 483509 559818 718077 657900 648130 251544 761613 202843 109873 679763 241360 904396 575556 754484 262911 989379 249177 57967 751923 985528 211494 687256 951110 744915 619823 116399 79698 47545 287210 496761 934895 479784 718960 999571 772445 665217 144611 473504 625283 866409 456538
