158 86
482378 176031 629970 815708 199766 120073 730962 631718 83468 865793 601684 614632 15366 547331 256711 448890 771351 29239 156784 983754 278125 999909 739561 38372 910524 976814 134786 709225 619177 636850 125824 497723 835963 244526 301599 842319 38421 120457 197867 336806 672979 130916 201174 136637 529866 978068 157143 316463 665087 77557 76077 939873 721322 959498 789252 365153 202523 844923 415010 233780 400030 389391 672449 629845 327560 293790 332932 700705 727846 649370 197760 377807 704773 237833 120159 122762 723538 488695 834297 366110 181574 517648 611347 505510 651272 566360
649264 515010 665358 80843 997147 305512 468405 412140 726966 28896 854043 287413 586763 761242 660237 512879 650702 939624 104503 500516 216541 697969 458889 463835 404346 293433 496978 690057 47131 508861 43739 702337 32537 428998 683528 315710 340010 892479 160885 325257 445086 919728 991402 801627 777806 725629 527801 6376 556137 713867 262164 685471 638992 925802 652289 36888 680128 574629 887682 972593 118696 164118 207523 281713 964722 6 69878 487714 9736 861870 795154 376537 433374 323391 775184 378830 723493 126711 109150 876622 215418 970396 892367 848556 584991 468966
656945 374676 533188 923482 180022 646218 916484 789066 824936 570957 147298 820292 954639 944968 288792 472109 802474 545916 142143 455659 931110 711598 58358 87468 963349 112529 155189 519645 391710 783171 373713 754690 609932 381009 898845 575841 681293 390544 285817 381404 410849 767945 563915 195439 848558 493248 371762 783411 85060 208745 302694 660510 426925 67748 961705 643388 365935 726825 314526 57542 968339 143800 592759 491882 649823 105102 134166 920488 251676 770388 394692 707360 236202 881594 334105 614080 54027 103254 341448 996633 707516 989979 315006 601718 286449 161432
552747 999733 975058 339123 847546 154774 489032 914775 769004 682426 596854 450050 463627 375589 641053 396717 820197 145234 427290 10891 557306 338909 758120 919114 812991 563450 771297 341173 95022 848312 565485 55935 234752 9724 844391 455345 1969 783014 596945 563004 342412 49031 742105 431326 327899 838720 768118 380220 801404 255887 482478 234766 56937 792044 397166 552170 480222 750148 57256 766620 50682 377416 356402 303201 123091 42004 922543 650114 876525 223889 402924 635109 350161 153472 211066 796206 473717 893807 723060 242322 800332 950701 330812 644650 701685 923578
248622 177278 708340 386163 797081 682018 392976 606455 534328 312044 895595 312795 225583 604220 978055 641290 779693 27353 395412 206528 255491 856766 357364 908988 885801 828402 968594 532223 44672 326879 95284 303705 312329 552567 411468 545773 214276 356168 552423 312860 544365 221615 313410 706000 120165 742889 599685 898417 604939 147796 620537 529248 424928 866642 451183 663528 678349 505298 404715 185563 257506 296158 159020 266124 878351 698968 249602 777818 888799 581576 138858 840841 807855 570859 829967 490492 951049 797031 691129 550094 730669 371020 532739 58811 144290 925109
482434 424306 551919 375212 762650 623694 413431 476706 106283 773989 920182 795633 346983 762689 832582 131202 14785 164701 481735 184080 677472 425874 492163 711606 11807 81952 554084 58214 209711 45766 239517 30594 384440 451030 898771 848426 471013 903523 163226 904789 181972 738262 161910 133539 129895 31099 489147 934306 572419 197700 155088 934980 14395 48084 731327 946255 911349 855989 945454 824150 971205 999077 653310 24278 313401 242845 819881 667959 689294 135704 139549 325508 996434 913265 55482 700060 54301 24431 651913 874918 743958 694000 654084 576020 21961 112424
835967 813454 176232 684629 502637 885303 267854 350209 390320 304690 756179 482017 405206 435533 51941 714061 261190 131104 875185 319552 149532 543408 816037 756883 617020 432529 574825 189519 322564 568993 807930 848197 254643 22638 328798 894947 211994 217513 632955 843058 943042 229236 280640 803145 252767 531831 466146 770770 707884 738333 455314 420440 457584 895348 383129 802256 138948 463725 570178 581754 277340 757772 804777 241134 33855 605458 155098 163314 492571 870399 648898 63474 254597 946190 442443 264351 597257 80248 819784 745650 821468 848099 734042 346583 912575 83828
81479 313109 812177 140429 932269 379000 460437 816670 935456 373735 865451 434574 867767 235420 255013 392896 134970 442436 974019 684126 842409 627403 250032 907578 789752 294827 799190 229860 836742 374534 981645 750193 725664 376311 466707 544533 660659 409349 636243 658253 754535 137947 646338 545145 840062 914866 470756 715392 155761 579633 805019 449222 864546 988000 206190 404525 574878 370017 955958 314197 684781 550824 135171 216316 106686 148943 906051 682216 39859 250917 362724 772363 674973 695 486263 167883 799760 368889 287605 106358 863381 316391 217152 138328 276075 318194
764136 32408 511114 971737 829115 50218 718190 520231 168867 935595 134260 975620 763462 213581 194289 254153 279927 479667 520048 871664 932328 702376 378117 376342 455309 925886 570363 707606 11211 926431 418826 368633 160878 683865 612569 22106 27462 342598 748916 884943 935508 215219 306918 783858 860189 235500 956261 52772 979508 489618 843462 772826 104386 608106 125579 25810 677523 420518 530529 724640 609644 831881 988110 220120 773788 271632 551541 220844 498291 343664 555295 836425 91516 794693 766367 928315 215147 515160 272607 282052 78005 431322 225205 274865 877780 833916
635668 805001 935481 665889 606586 366329 418430 346035 538001 592019 819223 8810 201803 976168 178840 744393 734364 55337 259418 154675 373713 493348 627913 872061 424855 487156 209142 251121 698515 512763 11920 481907 947653 774571 825431 380558 75875 660618 212463 348203 205705 151223 109865 102887 991904 881064 14606 284251 817738 504896 103758 785023 829551 909514 359702 969693 78342 596798 902538 149886 346911 470632 432394 893782 58665 147957 746619 578541 401100 7783 674341 557735 662959 42362 944144 567760 797039 532668 130781 970779 503806 578151 967408 685980 97269 305410
244100 475362 892787 744693 200638 432042 780318 255453 530067 882954 369455 251673 648517 641500 411711 825450 79098 653283 308003 519014 438553 757061 454803 717069 331234 861792 596202 662634 146377 566194 729700 854707 169862 534345 940031 562862 391037 776361 668196 477414 332078 947019 845704 21465 596304 352158 692539 454648 156118 502207 8412 341141 993746 855874 367048 344967 440286 477252 357422 161700 737930 805038 908748 141270 984955 555847 791572 300286 957414 809690 82868 961447 941921 284496 70140 696126 979672 694709 728988 732080 285230 778195 610328 830221 136050 294665
865909 620688 827269 479434 54817 201007 626799 177235 120041 164204 393982 901370 684471 561138 611373 921740 709080 488080 237583 922597 579443 338173 872735 274822 990036 970632 515012 516417 38517 745657 426535 587077 851656 833170 282005 386934 141863 489062 46911 454721 840414 860869 982927 157234 753901 664028 41351 846841 501363 185217 232354 149996 408161 893990 584899 540632 396452 413329 686352 300033 817121 577625 199537 806440 178810 202004 691033 587450 29963 877495 660506 830592 808242 588070 386350 309631 734766 569106 838209 548927 608620 899698 139089 244437 254817 153742
6149 350418 786643 423179 444340 804524 492986 879687 754199 157377 992370 79362 922038 412712 634019 313141 546717 377963 580153 829438 97920 374321 422424 113169 207189 128731 627500 180071 833582 118385 925100 941097 236405 236009 238846 92326 114745 326209 583229 627308 363311 644250 486305 701878 150717 709880 846645 972034 811638 141475 533552 824558 720523 318858 507938 420909 183991 565749 798075 91183 110384 955993 1562 569131 402995 605164 805440 217116 968289 560189 530229 915228 383615 834162 494935 166410 33891 2399 667794 444984 615278 297529 833461 306699 892143 168084
207489 871413 937675 568761 143639 354440 98692 738941 85253 30279 876410 60665 156462 121768 724735 261095 512107 306814 328387 630198 592708 11033 526032 801941 663258 752267 760053 276118 517819 240469 767851 724743 892751 652514 831162 171075 512428 640942 278232 778534 722243 271770 98971 982817 211579 152804 57072 169547 985966 114445 684229 32958 906867 399514 275679 13091 101124 321334 712207 245344 928664 307819 172202 985922 586289 890979 428826 789367 309993 700105 989731 756634 471003 449554 255877 788824 31141 883655 200742 206592 956102 538093 923039 245271 609867 107943
135752 47672 844174 122011 214942 146889 460417 640446 582660 221508 589188 539916 839343 736723 114148 554745 755810 36012 141750 568914 441182 679354 72329 912311 977027 831296 408232 927850 815761 458483 780706 382728 253121 34944 954997 971530 750670 389750 86559 285183 932949 120016 26278 94294 300289 853314 951240 612299 916167 334628 311707 903162 322640 717165 591118 283646 763846 119419 141579 995949 673645 598270 738755 480406 282203 580185 178837 135259 512053 838179 443016 600495 86686 22104 76993 697018 905082 616194 661090 547050 305505 869365 949269 252972 732757 202458
134857 125391 212414 511684 18731 516146 306395 745277 302805 658837 84139 430273 83983 949875 606522 775938 671721 207188 821063 855159 440029 89041 290399 432333 999220 564860 593565 368883 971360 994346 537620 892503 597477 700445 131530 372974 756746 208366 993785 805470 743591 549131 204003 922570 358925 772026 216610 115677 909680 796818 156002 520006 260890 255626 643987 381482 418995 111881 711042 126940 590526 989703 378450 511636 881683 416857 70663 644640 70207 427888 611014 570660 438955 555386 827861 772594 422086 566681 422319 383675 239307 91631 972547 288378 322392 708812
742098 71588 107896 947509 184722 455469 917781 492286 8448 357047 964766 397529 304812 658360 287198 683248 245474 527261 425456 90776 953891 797338 549863 49644 177099 630463 158480 294533 329981 406825 195394 459028 901435 798846 10372 410927 668880 187752 569765 676978 921422 281522 843353 569078 270625 800099 925798 928427 323298 956894 330272 738587 912583 967331 678326 931582 566816 373238 485742 593195 792055 534592 863644 821738 563542 386494 52143 53487 522255 746417 683337 491912 528165 898949 125549 166316 916593 960437 611694 217605 575517 881008 32844 330296 284422 375606
723575 580968 631559 166926 203155 551326 220401 797083 26468 415828 539615 113534 35973 347560 768182 74929 961755 4155 44488 352756 999028 854982 365179 139803 389993 814028 758534 154523 52277 521760 133045 867229 983852 532687 203626 652568 32204 239784 222535 782086 750105 104387 451603 179340 204790 235876 677388 181610 605742 892017 774579 131594 237629 595355 200220 901926 502779 616329 439448 954506 45230 15503 429955 556041 846572 68281 606768 213385 857810 782942 572288 322915 133450 591271 660486 672126 639824 312205 670633 170117 559735 761845 318734 286656 57927 233946
414834 103707 473992 647711 473070 366560 905578 339857 945211 329398 723472 576134 995283 205406 539680 259763 201536 67044 981373 563928 339685 79345 611585 41299 77346 633414 115869 715849 813740 791385 852700 752369 255706 927685 478953 447896 886243 203785 754313 713809 751355 694918 822056 943220 294841 677192 899865 72835 630287 321604 572146 566749 887664 22406 834555 608294 857370 168232 381140 167895 747807 242894 358958 923949 637468 271287 863223 898956 853053 243009 381327 362320 955619 827966 512298 959505 444556 53333 329814 382909 196546 420800 55727 400382 482261 143588
876092 520310 337346 291 312905 797134 598034 318368 153213 778264 708115 252707 791742 720313 198624 220911 412353 206477 836850 749704 563284 544002 741235 542288 679532 123150 279634 511289 161530 418370 485101 905966 310363 552785 789832 129518 457087 89256 889941 979067 865505 630798 530295 55083 688710 718438 980794 228670 439800 468458 724281 770653 333492 832045 39931 708788 872472 691055 926366 68978 507793 776214 736329 738830 28158 225937 732532 819205 955947 849602 336651 543327 688158 560070 923664 463745 156658 526210 684664 15034 463067 208177 889624 723705 147389 382408
6247 171073 286280 617631 958941 112027 95324 622690 142545 135837 58730 91299 707682 975412 376573 649695 633315 194760 287939 618550 245942 658914 846082 24223 548268 896847 264615 847673 49540 309840 386330 907539 721077 4142 576620 418647 217222 314273 199078 389756 118033 270519 597975 181133 528312 380273 109729 465175 87931 401041 645081 457638 546328 801208 2028 619975 269943 960238 102093 848157 749460 162446 599178 130333 943255 41752 591063 135880 194865 87898 623687 992328 309239 666474 405923 607133 987376 157534 381147 29054 906474 162175 71282 356578 164477 960950
106391 168427 25238 373002 637303 954245 903100 523993 799095 96668 264013 84776 680538 758570 696806 137148 864472 112681 162484 435727 974266 373509 27656 472236 666806 716733 461775 948447 297385 720776 265763 547712 978221 682943 43279 904398 878185 720566 588745 462063 416491 660730 86932 964678 763159 308198 384674 483655 595086 655899 565119 863093 967335 338209 401745 105437 647483 732851 206880 755056 637863 250242 19741 692451 291246 131434 956568 701193 19218 257130 697003 432221 960621 32051 929822 14935 718717 72256 197480 616788 885522 503150 261539 724615 93921 629425
337568 348577 749719 297235 855880 530763 251127 113821 787175 479247 844764 593731 627549 312535 737249 109327 937645 344730 835906 741596 4036 53553 968134 758223 38875 36659 626447 606864 422549 576253 413432 167701 166545 825084 48868 758168 803835 781415 52394 983372 495281 150133 795789 717809 274355 54004 107587 959224 338320 169696 291442 979363 888908 687428 430387 825663 293447 2772 957365 118137 39645 500070 415987 234809 273119 839277 309118 944202 633110 178941 698951 788125 699580 528474 136054 637354 526519 787291 166296 16682 387724 224638 35258 592888 470103 83246
89807 685424 509252 647168 866625 34021 770674 245806 459699 938736 336759 968880 275311 801884 418865 102489 144976 541512 135313 766604 849528 811774 753349 59277 256281 223318 329034 814302 989501 624444 473693 817711 911285 134473 307416 846114 164128 863209 677720 842316 129198 531974 169758 877897 686817 954196 151297 95352 714465 90016 482949 493219 224651 647703 386518 306025 539799 636961 448364 82771 655769 295964 129076 626049 111028 49430 700251 17048 238478 575538 614025 86793 535685 879208 197469 979466 678888 523590 675010 680293 157777 227970 206953 99831 749743 556157
844970 477539 380865 717339 34693 771835 423642 740826 352584 403232 710306 599872 54687 309770 654458 857552 230912 834123 179038 248638 226581 607755 950561 75665 466076 726137 10953 807897 53016 541142 218406 439486 927773 714917 718843 492932 752956 251634 285877 494207 392387 69354 155465 213468 494123 855821 893160 392976 736084 601034 779371 486574 535035 125177 7082 491331 902462 803892 177726 316585 798035 400023 738844 515699 826417 79262 309182 792548 422998 922907 771039 76365 597104 50288 647049 827566 285116 1809 275034 896308 250711 626773 679082 231111 782821 767421
519825 531327 361303 268940 330528 231514 567712 906920 296238 63090 925518 204239 209020 419066 362110 577376 333633 615819 299040 611001 551447 591139 790913 16690 140755 731193 995365 77582 429763 588373 933834 853762 651384 208321 264959 214833 281856 92587 2944 129887 309668 561628 502079 363549 638622 157782 229548 815724 63355 433970 594030 659516 982168 993707 151788 400466 884580 867236 513031 634393 705027 531783 261761 850123 902784 589998 906397 897926 310290 294883 458977 704358 593087 629680 305724 641599 48450 314312 24757 273420 881117 342166 98604 42460 289208 656835
985810 571845 808554 555017 55798 853411 241001 933521 395884 129823 837530 788665 770487 13393 185138 678908 302548 480651 678784 342436 303504 793301 336693 885552 340382 343756 389885 850957 846675 809036 187162 848324 591020 88237 876601 167032 380031 796096 909400 631763 313804 26705 36779 564181 911199 788070 1194 261625 454396 62542 883537 214331 90377 40939 701742 252716 759964 16005 404374 173319 474037 825658 909612 176159 778131 117759 568318 981374 155934 677047 997750 2110 864436 51244 196031 914002 969402 708063 660502 672778 289556 154049 770016 74227 916289 321643
178680 222929 755180 854582 883682 103523 469394 983723 94076 972696 146245 14246 659417 893114 270496 87275 972718 606586 290426 117367 325246 509054 924835 753403 738779 540967 472788 649050 421551 116960 621900 932473 940545 661086 971855 744841 813134 461437 135323 564195 488532 28629 28755 402188 133498 132697 600657 45110 926368 243612 884567 945302 867014 806842 91166 489847 704132 872365 387313 935871 454822 298213 843275 934883 670404 983339 347661 639021 537150 321299 850898 533763 360699 114852 252994 582810 316962 144509 295080 215357 112340 975143 304466 213990 164155 976391
51707 971105 146042 443668 159660 52259 11683 459016 831828 556115 849849 634479 385206 5139 337004 816550 255854 229462 802667 668275 990212 671896 80200 959474 588528 734416 95382 168021 85628 492521 17686 530566 734581 77622 574358 226945 751345 537421 27637 10506 423850 730446 67674 544538 164389 195724 298478 722647 858472 668368 201789 685320 221307 192704 702276 445199 373195 741979 214929 863469 211226 437396 75393 161765 262979 607046 814350 7305 641320 687077 871693 176039 216498 885629 3161 68416 969175 950095 308702 802461 379547 625255 342103 421729 38358 33369
492941 108988 886048 922068 929499 488329 929123 522744 800795 507679 778423 358806 243334 573639 895853 179444 352557 729568 900739 777758 245960 970914 544150 226685 987294 837537 533382 998431 866165 556851 255577 794190 579678 968262 720641 69041 837667 578353 139705 219664 313421 272766 542969 430900 813358 36656 871169 296307 450138 237737 578120 805208 91035 860066 638528 617903 910130 674244 981326 998199 735855 232132 317736 374070 80248 465669 628110 794857 496419 925443 569632 624504 40521 143066 91619 46142 939520 841478 441342 218475 290915 129693 363980 486633 566656 630546
703653 259320 993204 979871 160157 375345 7407 134881 973373 533809 367534 868478 333630 954211 801984 845145 763465 98706 460157 768894 902765 514612 194654 860571 221126 69079 560429 136574 688432 233838 194022 336949 40067 530462 809238 621531 286131 957350 622904 392985 77320 597981 124397 182278 473473 666282 521229 957911 606130 315192 936734 629515 590362 509575 536147 470798 582869 977732 391271 563683 714474 111062 508185 172547 957596 858899 379330 87388 256918 222648 442233 649684 288318 6238 407103 820386 9955 90639 461863 346303 930967 719309 422236 893370 580857 329952
113834 787119 464073 957532 887463 199231 710035 697997 314834 114089 984906 338747 112633 599563 846248 882173 46874 653714 695744 336125 601880 934924 153937 801155 29720 414476 285055 767152 77142 130087 579114 207257 339238 500963 780260 47399 345995 543895 796978 423496 97606 638853 30496 63728 804578 565759 300762 935497 887514 431082 403066 795759 189419 135402 526970 607447 72090 695607 786559 998712 739324 839088 24185 620714 125887 179166 343204 182691 634185 930577 506777 902730 906924 704505 582533 965219 529923 392773 947171 792922 252109 141116 807409 36454 695782 133618
885804 940949 891316 940463 479789 437903 743016 393530 934883 202631 609736 403390 190405 683852 892271 18487 448452 975053 407227 278687 692024 870036 261187 977254 383358 720906 823018 143895 920489 776511 251365 316696 797275 279842 301601 78561 670756 536721 3831 656481 393012 288535 186388 247552 877632 211875 133578 466647 903110 702160 948214 396355 311591 330537 118727 550037 492568 62170 937720 5052 969637 749743 711147 625267 147826 14575 687752 853266 284137 388289 132608 34932 562821 239468 692238 950931 552867 315400 732780 426170 485439 554046 9134 367226 638077 754403
864949 508017 842469 615353 414259 383444 876006 361988 914422 315363 509479 153234 406325 36215 701024 377484 29890 380323 514296 35727 913499 870781 316228 72524 581015 713073 939266 418125 650942 349128 853515 77387 897502 396266 137982 635298 891748 367197 255143 23461 448851 363259 441708 57021 397629 398460 608946 892035 979239 955061 827360 761684 972303 214488 773998 643903 755701 669972 747690 310402 605359 397167 57189 295904 437600 56265 116853 305001 954097 892246 182239 505749 602487 588264 301325 434142 269399 969316 673058 215386 839258 28452 309696 487583 836999 794672
936886 995942 307129 129177 337248 662570 404079 395101 30022 37066 810039 390257 773899 263807 650179 131973 595921 366808 332715 868579 477128 285455 351811 128760 382347 676762 544 10851 124096 503452 269615 631969 902292 46857 506314 344739 211389 638985 65440 207298 906998 765793 997275 898259 882497 219600 164515 797967 11177 907893 907966 4550 495814 353993 500549 363030 258271 613575 561367 254201 689519 73921 165724 625184 8738 152193 603314 319109 623886 641401 767258 84925 225926 375190 81236 723792 95220 158410 786677 194409 460250 170254 545465 702352 78869 641910
919988 308725 849931 294470 827682 280028 890356 298245 762004 636407 695246 948275 826623 925962 923896 271177 966839 300015 330547 718982 422780 470637 282618 816866 652886 761060 79929 970710 913310 151949 657137 962097 933195 660144 91526 387105 576762 824122 454324 358704 575534 547532 895211 383458 213429 974054 815102 866279 899718 550063 256990 837434 595715 541372 146968 60394 190023 503213 915641 735909 441178 243518 517119 73025 448738 149896 269406 834552 86917 647315 9504 459202 303740 304958 358180 879231 276921 120974 416819 869907 609173 150738 534470 101337 526458 147340
145409 220087 751284 815058 321262 180812 660150 273450 126033 414651 527182 424921 692052 656930 896341 300054 596625 997958 226415 567449 719604 391063 413650 672862 636866 773136 298049 865697 283989 621904 156069 576886 957946 359258 13392 383630 923678 853467 612948 766355 88985 387510 851437 280275 707438 938844 520412 781756 956608 256086 309725 635771 256385 770641 207626 709644 351344 512879 586790 230148 925742 423940 740606 832419 360771 261124 166599 374237 383870 970804 503053 398965 837161 98404 510383 863177 432697 209429 772560 249389 587410 108082 242744 31676 529806 827778
88969 860873 480624 839090 832290 300935 941946 518142 154957 568025 319238 119652 709136 659221 550718 460292 266046 103130 106864 681155 110170 369199 847819 646786 4013 67598 371812 737825 431876 141687 486285 743570 675998 649684 517511 419918 752477 699688 655454 347852 768096 130769 449219 821740 621387 122174 644369 636837 264309 126635 675769 858586 795090 127944 696286 164278 832642 461323 647783 129091 191515 134360 868432 79358 402947 177270 219237 682457 470320 664337 327125 539884 390337 129805 532648 295897 313226 274683 458898 571304 267131 466290 176963 348655 489562 122038
528238 357099 383293 642911 233790 310158 971777 136263 123061 247883 579056 666419 83073 293479 80732 685372 379788 580611 785336 250737 190194 731023 269484 152148 841215 658084 582494 290154 922426 653564 684752 229183 872301 27589 622531 533556 207298 370640 614125 669316 563458 940687 211261 101469 448134 970748 206724 257736 728666 356434 781016 664146 743798 831503 369587 780091 657612 700239 384009 172804 294481 353700 275677 538573 58907 847170 979285 991673 977399 956718 72133 294548 248481 274588 395109 620713 917569 780982 903663 518222 912040 651020 636361 457021 290345 540040
958722 561003 608700 9309 13940 189049 299187 241128 1623 13550 366431 144402 403247 158977 870192 480200 267832 686792 18973 952019 860327 146393 778070 295323 639061 767060 943931 128481 586334 295846 33250 169263 446287 228198 718732 381491 316983 411095 861491 678281 268560 431727 793125 291360 971564 338720 483798 136549 369405 795083 283981 457227 662756 33555 463171 463308 503720 515028 394614 310295 896512 411132 708269 301565 560004 299046 730015 508942 129523 68896 114969 823198 158920 512300 770135 788338 931059 614842 155426 37671 631454 667457 519409 456644 709996 322178
293640 677003 332921 127169 708975 869821 889206 421286 109431 406573 691834 918949 393899 719595 887955 971938 61087 366543 118523 331078 554241 657110 415702 248310 637225 764555 158300 334143 74322 407115 237535 861768 429269 829366 914514 199331 206706 314319 414080 808697 211250 449226 425740 728179 642334 687926 19539 207445 79065 231883 154740 923739 712218 768698 402252 733737 269587 163446 965612 654888 463812 365827 925184 51387 126316 933707 675764 31976 497689 447222 27852 250615 685761 211027 856888 531304 654722 225338 389380 328994 876937 492317 343187 651892 621476 942256
654919 804133 537154 856769 116569 41380 525629 221858 786127 48538 310475 849690 124941 655758 343866 982470 602052 788308 80910 867050 771990 465978 715137 680466 150540 217767 742745 888439 263332 22224 472780 336843 727571 271124 931694 454134 997970 182706 22711 991668 180163 48182 277610 339009 866438 859074 131472 992110 678654 323526 823402 115928 4047 367058 11747 262494 722822 650475 147119 654869 943627 438120 668460 948338 816948 404837 763110 656992 555358 765831 974978 66255 706000 105739 375526 475475 144897 989428 313348 690642 957186 275745 468839 108402 29574 488660
619757 379499 997976 423005 792644 165658 420233 187448 317336 506094 779689 142707 1604 503278 536260 37189 374654 588096 709344 176696 740960 273827 696298 796077 257969 34749 396076 910054 985677 812988 837646 543021 854967 450117 934067 168943 572123 533265 936726 307047 316273 838195 120030 426690 262739 789066 256698 290621 474523 588262 527403 122380 16234 519230 561219 266801 616487 418194 56490 586839 149466 925421 966248 945357 570747 777571 859104 856624 898687 770235 605184 353774 146600 581821 612127 14650 699330 150818 951475 692063 747681 188014 657439 87704 443880 266856
21255 452665 259237 62318 123515 328804 790283 362790 607042 167622 595523 75078 402810 921409 685022 368089 437782 607748 183426 691280 829099 28025 478788 164636 766731 852552 279477 589025 402034 540013 485565 224983 663551 963523 661873 276647 108893 622938 894785 178778 517589 649485 957020 319076 725865 190387 493301 467606 853777 858422 464591 843970 420468 563405 947901 107659 562792 827811 907477 412390 211626 47364 798008 695763 945493 368620 674675 914373 975501 802493 849780 821078 546917 903924 248470 546131 281092 375341 905701 613116 871013 575500 979013 637698 330198 501077
474776 579261 951264 247806 417802 809103 847082 117526 877752 218608 99293 420088 345715 564502 142972 307712 516326 795217 881024 237663 852916 356018 765106 19744 727518 993244 678487 567740 615401 183829 206353 594438 271870 179892 924442 864516 387098 989906 517311 322859 631449 506152 588009 100700 523017 238073 523538 590474 730467 779943 165789 545636 663928 83267 356534 76216 767371 710093 425979 866951 788932 746549 560614 743301 826130 193652 583854 828216 180454 913214 139714 941548 38220 262248 671985 697945 413056 817501 789767 629311 469797 746726 134132 794650 329202 834116
533625 572924 973090 101195 420292 689691 402266 410097 477415 913953 636036 708423 577345 122343 637539 477260 71146 520083 966601 611763 143280 444015 784468 804987 289056 374264 350372 170479 939091 972868 400515 380907 677696 458325 806219 434167 613103 173279 49122 709432 737523 930728 704144 732588 163938 281311 692191 80516 664398 987265 728086 567773 472269 825503 921147 457578 84610 21025 381210 303532 891768 179797 567856 107323 504854 507765 731574 696489 385300 846055 143358 491049 828087 905734 833873 291350 891010 135182 501005 929870 636242 562543 981386 584890 817057 895458
862786 25390 253309 378254 91187 444754 514116 362257 312873 202369 446664 278991 309639 988447 633039 850591 217694 766973 568362 963380 666789 746434 413610 847652 402868 944679 122312 789335 868217 635258 561195 854157 744361 680226 707295 111413 619419 328818 553396 666198 375214 337386 826280 334872 133396 535456 697337 209187 569719 810273 255421 394259 349284 778627 870330 222319 751708 72444 272442 130605 856733 395378 167217 703762 290885 640672 863112 875927 135947 918748 104631 628554 661008 448148 534592 384795 222726 76086 340840 999477 30996 280789 994673 777395 826255 32188
211560 772238 927337 25435 613105 934130 444664 51202 928736 543797 64491 695542 192961 792048 52718 208141 554792 31252 113960 678715 156507 855239 796861 588877 364777 736724 232130 412260 848467 330245 151254 7598 195389 374007 258312 707698 192861 440468 788616 340431 79836 532232 430115 729426 72307 924706 180078 286613 628266 335614 565926 27341 265337 499028 754237 529110 111842 264148 484972 2870 343569 121817 379607 871666 909766 378063 693933 915386 380474 903373 721771 452771 934739 745614 70694 25505 449329 938627 261332 438970 405767 325406 961901 676749 506109 974735
887511 157212 778688 357527 342164 26555 343012 212849 177894 623379 526606 372632 33487 347721 334904 457427 599892 301102 837504 91339 984884 714202 328077 676319 107807 966797 386196 898789 87925 99693 257156 420299 433266 478999 634904 321846 40932 667419 971074 748257 522431 753371 265130 803462 27487 204528 166048 203844 102186 236217 656149 142944 113432 234882 414574 494135 123345 742285 630386 462541 192887 25150 806734 552766 620443 411302 230430 828078 548928 856320 403168 217139 947246 296707 809850 892553 109896 619489 97160 907881 551450 944293 52030 31993 364729 316504
426557 702966 706774 742252 267511 602088 646437 710644 2529 306922 384890 649262 208424 986794 100629 887204 673163 477761 225723 275617 61991 80360 87633 189150 64380 886876 145847 914555 786597 914529 883196 442094 500187 557070 100603 164863 550201 347153 741348 845816 25042 364144 723741 754093 349870 170082 356509 897507 652622 793954 545509 215171 894563 649425 497753 979878 824830 761328 705511 746853 712397 954162 768254 557267 923610 953725 888685 542261 424821 168317 411434 836861 396367 157356 956117 387165 456324 960213 77088 247576 618970 129785 484513 368124 148014 741477
316304 875095 320275 477844 957561 90495 364672 78701 562334 627116 60396 211469 129788 368486 161701 795518 646969 991416 787032 620105 631648 294250 599774 830923 52730 324084 378052 634048 691716 437741 515675 104627 133944 373663 152070 490434 396761 430546 368060 314545 863067 121742 695179 629283 202265 914339 508242 158159 613861 233127 501384 44055 697515 144587 501085 498297 370622 795554 443737 949650 533806 393953 550416 873892 384862 423463 387145 880990 796371 256540 354012 221041 207362 752863 497834 110324 988603 714232 748606 634250 800483 683968 234725 331399 276372 567816
90175 478805 145058 144094 296869 467877 631574 937513 299088 133660 442810 17340 356629 548664 145121 857278 249587 815786 495866 482829 8530 288046 76590 444742 496799 491052 383821 60567 431901 656394 889556 892817 742921 828085 786599 123075 466692 937521 668438 914028 893020 808359 800090 365914 796284 202276 277360 155453 914668 690000 703495 819374 700329 138014 104239 837267 542204 853559 496871 356408 119530 600761 467815 563970 295180 210056 2344 83472 618247 667236 336235 314294 786670 364371 758856 262887 272053 784779 909439 948464 390619 661657 944878 830451 400705 155964
597632 349246 405083 770405 998356 314377 155606 502310 79925 240 39014 607684 774911 282062 466029 659027 530476 455152 47759 718252 810330 369662 922997 216040 192067 435539 511992 251650 166851 632034 49771 631802 369155 600996 663842 937173 106978 14782 810251 416400 58075 103231 903496 14897 855183 13753 465085 854118 374095 61179 897252 297453 270564 443707 49864 42608 158977 478412 983159 550235 765668 721122 153886 848529 42346 129861 401849 340303 966825 279677 85679 795890 862184 801006 760516 519716 17016 927353 335365 168540 175528 274447 272072 142812 755584 699328
22219 460626 769234 679146 200771 828598 294505 428708 736996 242863 49810 652793 344589 972779 148767 852078 592408 344825 129353 585574 480628 515316 447300 667190 154726 773252 529359 542929 15829 155844 608695 528657 165103 305066 768617 873696 748435 324961 747943 39650 23170 433984 837435 610486 306221 147020 629400 942606 993299 708175 47339 616967 100660 392317 656419 103954 247190 355210 572785 200367 833653 622818 762905 74837 840193 251652 735499 676549 328765 372073 684754 183480 22969 485751 706821 486532 501385 292425 325306 573435 737716 298598 205280 606613 561107 810109
781960 165768 876015 592540 442709 271458 133289 807467 631650 240469 458022 124925 699205 515506 153081 352766 40586 103381 864022 375455 714854 564605 417584 4927 706076 95457 492720 67215 942419 554251 882734 915962 990248 532815 432940 119004 756604 346360 692033 116245 20529 938285 649758 519731 155869 121353 101065 823039 344421 158590 479273 87967 226845 419845 268667 274274 306483 260854 133891 269120 834359 752389 512190 310096 708244 570135 532659 40978 463441 592850 270185 625080 625110 430896 965893 588543 522048 733695 63034 202620 658220 280361 791934 982703 693331 110906
444922 173519 255577 826303 154822 486230 242658 146183 687401 912418 175640 612562 327405 613414 61337 667535 470936 729677 633048 261552 200347 229404 962896 880761 715726 741850 122946 692147 206228 264066 120357 489518 567164 185245 770393 46057 937193 321348 832164 927015 856018 883670 470271 233506 138706 976697 437264 388556 587120 764578 799419 886301 863672 515849 997621 446804 745591 80297 124375 552004 212569 259791 389692 507738 731607 737021 846808 745060 453885 874311 133767 63274 275455 450442 300836 170998 997156 365283 863468 29239 535644 348273 282654 108769 987999 94561
671087 892273 99136 243387 52764 257897 828458 765000 101467 473629 520036 851863 723926 400314 108149 448914 478769 882970 340847 585577 851737 460927 743178 110436 343559 44722 674924 747915 608971 506865 637455 819109 757070 528651 824578 523229 142738 573025 458739 28041 591191 660404 35843 48702 209386 323510 208862 446254 387260 288513 530646 726122 617889 935268 922389 443465 313206 800954 671768 116529 618542 841883 860711 63261 349324 76061 184523 462654 781668 88203 147521 395422 7995 21836 450186 508604 873286 339989 531244 897359 163195 970236 632070 95980 361854 311652
356487 307260 562481 26535 515402 303748 70892 915149 455419 831923 570985 382993 772295 228705 502482 380173 21828 460178 510990 786650 348461 320620 484079 72025 321251 920120 252668 979686 282667 748511 599333 366546 247276 119182 225172 870521 676146 241199 108454 671537 398685 506514 558897 54617 584504 903351 927929 258334 309852 547430 54811 746447 990461 4365 683180 131485 107179 294949 513078 305461 530332 424035 904373 495206 116751 448439 532619 874469 483222 386335 873838 235950 158671 368696 126664 745932 732769 798976 318330 49425 464922 384531 150814 871016 413008 669449
878949 473043 9685 440186 680560 259587 333401 12629 752022 802495 469139 918562 263346 653214 821297 457095 928438 341055 13288 393422 392171 836704 877483 857038 466281 436423 549139 349432 237760 426401 75478 990066 112173 322847 700280 338648 451575 949897 148757 258359 750595 5568 200045 178422 672582 632558 543007 899054 40908 869253 209093 73453 923713 16549 116400 963826 707682 108146 135075 954095 493859 304038 710125 544450 380882 93686 79161 24626 195586 616793 607292 975042 380224 786648 815798 404599 248209 93692 720725 206804 96349 728371 788288 516661 357003 409524
508786 288280 900885 276338 891482 979813 634985 646239 811183 659278 37920 532805 700694 387275 807966 40892 64773 244483 819659 802453 664800 185855 924102 939303 576486 903044 354513 922069 882256 362613 568642 706156 671969 813196 790551 744876 187189 937206 475559 304608 272889 458949 635940 699593 956978 705431 988522 229340 435080 625197 253534 513914 630818 180707 237968 683273 735994 174813 592836 274101 207113 620138 612422 956248 23540 214082 597422 575527 109020 899533 82787 382499 501538 283972 293411 543036 329432 111996 103204 959361 116172 326139 144629 329396 345955 103436
398438 738459 112295 493747 544903 901636 285835 218340 462892 394800 870222 134601 393432 753329 769917 125457 152461 671494 496706 38303 808886 789713 262495 395953 286841 341961 690374 577677 745891 112355 703529 733688 442388 44762 276530 377728 106880 986364 368047 368801 523597 466733 259549 990578 666412 64325 540362 3184 169950 736562 887408 14589 629988 112429 951729 388817 228189 766426 667655 678964 585128 608430 88206 53068 317522 654304 312280 972767 74303 429543 666248 588115 184500 515949 237478 287882 54203 761048 619817 946531 923059 284352 143128 385572 161949 680305
773873 868295 103100 633355 177078 879081 560308 105999 578555 265422 978351 146081 365897 40188 313829 998169 486096 718831 365870 126869 636226 619939 336498 703428 684316 388069 434363 927929 778659 163793 306762 260188 462776 591761 981345 554963 184342 969065 993619 918600 372066 917277 145927 339461 232682 871964 331536 870195 982560 876032 282436 634921 160791 534113 838287 359606 453322 547298 892066 68918 844740 318963 486331 819967 371201 158319 801990 880050 604817 718592 152024 692825 710144 526257 263386 600398 866061 773067 580982 656087 600573 586354 294438 90693 949779 994057
398021 477660 210421 330977 505965 269850 825858 551101 664701 870069 259848 215777 391357 546046 528418 495378 665975 395797 732959 777145 896584 367363 540662 338660 885432 662200 967521 122917 263706 137931 527210 497102 413667 164856 444613 680067 316530 414791 444449 618434 748142 936044 72961 550211 175173 236061 679988 187855 50844 326960 671503 13862 713743 542056 133869 945254 690946 505571 486695 761451 570359 215498 411547 777897 399956 96384 616442 15122 867506 197269 26895 172385 792327 108741 418295 209620 902649 871387 616838 116669 704072 448829 995927 732337 578397 781166
970726 152594 509802 524624 522177 177186 759978 158831 199807 583940 321199 86823 845726 74527 686949 58773 819740 1967 287600 697751 866460 723452 409694 783553 976649 748035 270705 501641 37319 863915 172332 614477 518794 377977 894290 789388 433143 235529 932162 908442 849536 617504 440605 49566 33045 408369 616677 166034 134408 719768 378039 19172 398361 707570 288447 903071 626908 341255 965462 816085 507995 385083 974699 803032 767458 322873 324045 780797 193908 554945 372844 519604 842120 679841 822202 323461 91498 859962 325091 305926 145023 264313 614112 483141 399504 406513
137953 400213 923870 955969 135711 910909 577189 910584 867851 420889 327745 513587 661195 459141 895721 253440 786804 152545 675273 927413 116797 222103 453873 180963 812622 679408 109930 859563 807269 578539 456919 308835 370967 50959 93320 809707 785287 491787 919694 258941 285118 480973 579743 940284 942772 570951 198797 699936 632178 835292 84714 334403 472300 244080 298546 854105 291086 164781 538677 129637 423603 656283 660470 693612 543937 421633 501527 249248 473977 687887 438729 143464 503519 843077 36904 624122 152007 116776 414216 694762 920565 523088 758321 811694 348322 33930
686442 448509 481108 368220 893468 889150 243115 233157 693849 607313 902421 369589 99722 450732 688863 826032 290718 921507 186018 962715 3656 539468 437467 616304 353920 330855 706654 258968 406267 761665 21277 725432 46130 292667 951766 819024 392460 354797 531601 959631 562576 119378 13545 316554 458627 334626 180953 708837 28419 292572 367144 312231 477755 789855 394907 869299 55982 905716 453638 500840 811661 773748 428445 640975 342893 98660 639500 195235 224084 362981 616749 51234 703433 119076 17625 153085 873799 119045 925383 854226 685448 127556 815358 37035 122177 555573
736279 850818 419116 622948 891913 832174 933123 826581 342272 434330 317089 664471 921076 865675 355035 238342 507113 863988 832872 476246 184894 148944 769668 602040 13851 943054 768122 193786 585195 840656 463213 844826 296122 821099 5623 670951 562258 7581 996988 178386 206668 670039 780587 72522 691645 762556 525308 17662 310548 355628 997176 637313 906403 757741 610045 564619 552016 877543 285956 959384 873029 614359 577931 159901 87215 756747 623841 145069 553960 574141 856334 771988 327384 842744 739135 571920 899233 693944 947228 190881 627859 777485 819327 736113 862360 376894
85584 64429 333432 729654 61058 816721 277265 311160 410048 163819 257595 83901 378146 975881 935568 978860 536011 992563 746904 889641 774467 999925 679327 90546 824493 998748 663856 358363 65885 949968 615827 720635 358125 144722 815511 39553 259323 542424 415005 110591 367266 941345 172589 325259 522389 390890 618349 163314 581810 815710 183860 510117 790613 604348 999227 638407 891417 935760 45055 766915 84508 285769 892909 815646 250977 863852 912603 588350 572553 534075 552799 554575 43135 398001 188335 891438 456021 544583 631849 69895 613878 97818 341290 163187 365251 245935
481307 95989 756 851163 92884 752689 514961 598432 401865 791080 726631 287495 989351 557393 109825 640140 171121 155347 870183 365743 844839 534979 994035 918739 454546 937590 642785 813747 571053 799861 571061 322906 353768 838461 686847 555687 753449 240336 40094 115611 733315 302645 108188 775068 965204 222209 718090 525663 465971 632025 286874 401479 689603 315714 132135 732278 732444 932226 207787 819098 313977 727986 916138 998147 998306 11625 943531 579072 647596 777694 517438 611737 169953 207325 880673 584577 465344 492109 118844 215751 385769 458537 185708 969794 761973 258325
954416 338411 641239 121646 926927 419329 575046 299195 374303 546484 987229 380642 200129 599921 763955 547618 263831 315846 603211 240552 482091 607584 920635 347967 813411 617643 533086 738942 507466 153609 643900 9509 918715 968551 326201 528434 511902 143452 770202 968159 793600 317738 620074 415801 682400 329200 234427 791739 970811 987763 989035 853940 609841 168079 699165 378612 183341 169093 983603 190627 619792 995223 544964 277724 102105 451903 224712 72400 579584 858891 997770 530464 339897 875481 163709 386124 780651 216781 535827 968496 35308 842080 324153 701197 56268 738560
277467 934351 688909 261729 223609 118380 796860 64037 324051 639538 849782 828081 817605 543607 124744 615056 353596 102941 394871 398020 637701 903913 220519 362365 157918 363300 243988 693173 505314 114905 543458 347418 296431 926063 750968 857383 374924 447261 560150 750443 425305 858399 731881 192032 967245 201000 856491 653994 124493 782115 435858 726844 109893 322953 126770 913178 723670 388675 421105 119889 672523 663084 536293 428096 412788 312951 491830 389252 716566 218907 157784 111399 849999 116412 161496 975382 178967 809398 841446 180827 565617 998335 398981 816056 550090 655425
695829 198093 399650 393727 692523 435130 62602 175885 544922 672935 788429 380097 185817 141299 113168 776609 42338 764619 580488 658945 817905 290912 84677 791591 932376 833977 354190 871349 108472 745222 696700 567109 784941 347595 77731 796845 579287 795029 535197 643482 358878 366788 830632 241279 864012 419509 316628 328661 400577 72249 581252 724801 943314 605753 259880 526451 264869 98011 146616 221682 495604 183118 15781 728128 162752 324257 257861 467554 124321 644878 411725 129848 568250 834990 49751 228526 255070 896705 552945 594064 220963 658114 359926 193548 123657 205543
962306 910244 742325 153802 578223 720336 752153 912003 435001 206789 330918 550460 507075 829646 225703 462881 792689 475343 295729 349799 522940 775968 524233 762417 277157 266172 31344 442588 199156 546461 253482 998149 59548 810271 222154 896293 212389 824588 549250 894877 277905 112516 636493 897155 536247 559380 176121 549541 63537 513012 920193 40157 143064 339308 426196 472449 840910 457185 451005 712207 149956 820086 941963 978484 850253 372541 277490 582301 113045 937614 229182 39938 753820 45640 22809 816780 320006 127757 602367 898152 43984 715823 270231 326075 547907 98761
763318 866566 601599 180342 649291 32801 304405 950299 926324 461144 177050 622448 861624 666575 743331 725588 138923 512992 451292 497323 929568 499637 965678 262111 270760 627516 82215 772351 467320 88697 771546 86293 961066 341860 74834 184210 642708 452043 358200 168568 642096 593667 664836 34773 774219 32350 323594 269474 758745 321729 940632 393732 7734 960739 991100 463247 280652 344700 983226 33380 560864 65933 508678 377328 983111 995827 330315 870519 512106 130644 893939 798624 782043 551888 545286 172420 110615 529107 182573 972049 857387 316678 688012 546792 553707 755078
19991 744919 343854 683238 328108 655642 305843 619604 222140 385267 362023 956659 171062 963538 677440 929112 313850 154792 597980 837479 206178 935056 63553 473733 731325 988345 956660 239907 994747 55417 864036 933865 305719 420480 669364 38120 857129 697771 535760 734558 976513 140737 956185 801412 53878 704715 205334 569983 768365 495637 232417 220599 892576 346860 512728 365533 732416 114402 954244 139084 841011 258293 558056 243356 700007 30592 420878 998768 714185 107143 691932 503320 302098 569030 818162 503251 224769 507095 795244 440325 103486 406203 358587 873706 635596 897693
303830 983770 982394 494092 785497 775086 973814 814381 504923 862569 357211 171760 389281 338497 207837 436876 21459 181079 552701 103761 855829 132142 794987 772275 108423 775839 864370 997823 143649 199176 345522 719663 298806 996200 756975 736032 743879 602954 848887 965218 53376 971923 105523 197999 444525 180007 906410 262970 821233 252704 829825 479671 617775 568077 934564 419840 124987 405312 162884 512498 15852 670218 562948 959841 690037 358093 903573 101786 217317 743694 640852 453116 676316 770920 693880 316488 346968 154623 436124 480106 818472 819680 515932 130449 262230 268087
480887 202872 916495 794883 439657 300838 494842 343739 261965 688944 956345 497974 131987 608830 485584 480702 682907 949767 315528 461558 90940 831814 997521 953330 909913 824265 247474 356178 865629 543976 779663 605103 790128 548796 714587 971742 782503 443156 630325 164328 686 675388 526614 411722 795036 92 106763 256736 446753 337276 5909 389669 742196 566095 92621 83557 108088 289687 372823 330601 222286 444821 212172 901334 121150 586702 207967 173227 594460 157675 270000 17160 400329 73823 892765 825083 582968 872163 641875 205870 37909 565697 398059 821168 903153 850361
76872 705442 933654 285502 151880 217846 519980 369127 891619 280766 952496 426837 247171 436241 998769 4017 492580 49462 229335 699754 379501 793560 389966 412653 415739 924962 563265 526397 627804 878612 891572 518642 801858 638796 542858 965383 239327 748700 266966 688596 574318 22426 736551 856065 841031 865335 470464 209432 42030 421170 910923 860136 195221 479858 235430 239182 20938 279658 138901 288244 355388 321136 21447 264805 978960 244825 209863 288940 289849 729214 476185 954095 381268 452374 921643 729493 417721 233107 480172 253817 781161 223885 72996 851226 402807 726569
739291 106337 487190 384137 256619 216190 394639 158153 875660 231764 719561 499489 459716 452472 106521 808994 949692 512794 243776 790578 134371 320697 52832 378494 37233 831396 691423 883125 603824 682556 230356 724632 162971 944883 543732 171551 82281 330692 542742 943288 65697 951249 487503 484990 305259 722720 990312 713845 133578 287312 617715 65808 113251 736042 472072 876175 896128 365669 826893 662067 963159 248110 685223 297132 432475 217798 824854 550040 987568 23566 802140 599442 505660 90720 664236 112144 656837 926081 972759 735413 597661 395264 616531 302890 154939 841555
724169 796780 759489 864230 789147 385845 630372 111565 179188 498186 748900 299888 108271 391486 571027 415721 228445 231698 72736 833340 69957 987812 131137 258243 527545 606568 164478 269954 71646 333586 473206 329133 808703 118210 718936 398940 837799 150751 20031 151818 525502 916886 673151 251749 380697 371539 518249 646453 169856 437543 819132 473877 945995 620414 20694 11519 813444 491264 737815 419662 842392 268667 535223 305086 859706 343197 93906 498782 908721 767651 522586 532487 653008 958348 409093 253172 970114 994627 82905 662452 367276 889741 278744 768813 283441 616132
414333 285351 911940 321251 826171 963457 700830 831225 366069 399141 562106 781297 973633 449463 160490 560763 482532 296544 965786 924419 344659 679986 534716 680355 348123 891239 375097 396083 601025 288337 765008 540202 664648 461157 276004 345064 401235 821194 837252 367996 994410 918517 219876 97440 364639 805224 694711 898244 942067 546110 475802 169781 269475 266174 849860 148195 641295 164344 203057 199679 253383 350380 776132 11219 794358 111291 310450 313054 111599 440699 961626 986002 586035 35107 127144 177027 375662 94331 639924 453231 418341 133328 601677 545874 907644 790846
483953 784676 751776 147235 420305 692991 380583 607467 131860 585275 102967 73886 37977 391178 291157 198491 814929 83346 112657 756879 929069 581941 147541 140484 560841 50445 855185 759440 528242 951099 41666 513967 524052 933274 577275 142743 759673 273997 373792 506454 880823 873657 745685 852733 70599 633037 525613 645993 302584 63537 234842 164936 413612 590686 425628 454772 367013 205897 25093 215650 764982 123994 878217 289002 777401 977169 247680 801647 499043 6112 165281 765796 981786 992705 866526 879491 575479 58543 883866 200504 114356 528624 243013 766064 513558 297454
527714 889297 868083 177997 775670 245176 84710 422243 16139 955662 266167 404487 126542 921789 498619 875973 625828 252647 792080 9783 573186 31774 766779 336067 382291 887144 890550 564039 209833 767688 73791 89236 234774 196975 621142 103371 643674 19823 551817 346220 158660 302057 123744 125840 518940 970257 148961 789393 657484 876836 828728 815958 778758 801191 637322 802629 67233 838906 542461 46675 191040 979851 704323 487262 14743 357693 194339 575624 913156 490966 889519 88907 459598 53728 687937 338595 876995 444461 813053 770339 576999 280063 799574 662642 125729 638269
215537 197796 443487 786352 440937 641047 957950 832725 995640 432497 19853 144709 485225 970977 801476 173909 945225 969311 12405 769913 91449 290676 143268 499762 62610 821410 911197 689189 599972 692261 73583 892935 25633 741159 670672 823449 281635 680298 440586 143151 529359 514524 713042 675507 427335 609433 62561 770559 12895 118256 802901 480282 891310 228328 556556 368086 728920 240669 461474 204103 439 421115 694452 302228 132914 152477 50493 363362 860377 31031 101182 530316 429554 940799 952037 87603 198260 398557 826567 436397 11673 911617 56038 145919 126748 359297
561327 264760 850431 793212 980731 408304 782899 701470 350702 128061 13552 57794 367092 368490 127780 629503 34499 812193 110095 964513 926556 386131 20511 574656 22160 475982 30298 944284 900531 686087 283830 95042 502183 403125 40214 683852 121481 131353 266911 495876 859245 659393 68891 476146 466267 453467 615087 366843 697364 859076 997499 443633 305614 263128 879828 817327 964502 88769 632753 988242 288084 176957 51345 571495 969311 753071 834266 53827 132912 667514 821149 442633 991799 878029 870883 395896 997698 133607 505713 566443 205296 278273 809045 223557 979909 369467
174341 399511 328606 234502 714533 672347 554340 811379 162065 445904 794756 624982 859439 100162 387976 895254 34569 102864 801754 474704 408939 493357 488420 203571 227415 440610 733247 751991 733340 516794 360064 281604 218743 536768 360924 114678 479531 7003 566730 209523 509038 684622 73391 506024 820839 598798 596294 330583 698266 594871 677385 968595 620877 621562 926642 877498 487723 73840 715284 588070 758342 58809 136325 886432 332030 972340 411948 777115 42955 989635 893083 757014 815814 750214 357805 552495 758650 522737 70293 343276 542889 576026 328541 873989 44263 280916
189322 692801 637027 337762 444451 423464 359558 723077 854153 665699 454942 218444 623882 337900 471518 767679 446453 884386 773584 72829 581730 509657 38542 250976 131222 934385 560258 294881 270120 210159 351647 305075 498767 113822 222520 226923 945302 266753 443600 397393 174003 842722 962435 350655 558983 368546 131795 160060 571146 607913 954187 926394 715679 678939 191735 807783 394263 189663 578833 562761 827639 455421 947946 965347 509107 19134 207876 466677 261121 440827 494223 705496 415621 853901 818843 530264 530985 149738 175854 757251 491770 625399 249779 551064 414083 381852
639553 558447 554124 645346 446471 403071 626107 964613 645591 72801 821717 197256 343977 102037 157026 672319 146124 194937 538182 562836 42636 898549 164329 688123 816780 731207 863886 146253 775676 38485 954366 434780 669561 17686 853688 709190 601637 988103 762723 666436 51709 332359 155054 574296 664710 295109 17948 740781 99807 35395 905441 593715 154441 765799 726072 367229 286920 776649 986288 185764 952694 999627 106299 465067 745611 98616 708328 619150 988443 340130 296486 654259 537763 389437 397441 695301 570341 502320 828563 228324 360931 623014 859995 591274 181450 712835
436647 27681 365208 55776 221520 173092 502211 85015 875566 216990 222258 681495 468669 99421 364880 403443 792016 955791 226961 774474 363617 650001 884901 248871 662661 449339 929846 943745 676271 734029 327409 723777 171874 763305 452506 326726 715063 816009 910460 91564 792891 335232 208287 285321 270277 542115 759163 421170 728573 802984 852111 126942 298445 961640 595354 93965 258783 656178 474421 317962 535440 315277 57640 406648 723854 752171 418098 367152 823369 531565 248700 996569 48961 351114 923183 761610 762077 764042 599216 893644 830141 268480 147607 453595 537941 463405
368911 859498 84224 676566 327875 734583 304556 98152 665447 916552 626683 864764 610504 592268 363198 618180 487409 274734 658929 502398 128357 176197 390727 475157 664411 528131 368375 196976 30434 177145 289838 18522 13304 868702 502445 658154 954556 195594 507461 449913 362162 741874 744838 131210 41726 262393 426138 201891 868838 396015 353037 924838 686533 978071 507864 51505 624168 135186 272049 373928 659420 357732 342269 739878 713391 709356 114994 314777 634098 388424 984396 569956 380496 368392 438171 274773 507340 695977 450845 757161 181247 922852 919738 28694 310637 103005
725640 460186 63747 733468 985198 266185 76708 928535 49959 430034 295539 824821 977584 1082 348081 117931 652771 659641 244700 469115 745665 363842 457185 133019 244269 428404 706665 540541 814584 149410 435538 73983 996098 925285 460691 129134 333723 273402 940373 438258 266838 978297 19270 707719 1897 559982 975278 668035 648645 842192 541796 154754 618660 644726 213290 5090 32203 151451 408482 720940 681504 261325 539978 781055 288544 589699 570648 138372 502081 662956 288930 76436 804230 322199 245491 858832 235113 440327 453967 405815 402311 768597 580787 255027 631537 875092
236431 413397 713088 245006 881523 794878 623433 518221 324147 54765 675616 864793 694483 216276 925710 204510 667962 967286 284679 506315 71602 61983 711699 624008 953981 441233 433924 362492 844091 43813 834000 362825 485932 741176 681441 335464 416439 272347 499703 771380 773392 814952 651261 461554 821606 268045 295727 880480 820952 970507 731881 419479 201458 916437 425038 340351 537892 133459 817438 276104 449352 35713 565005 98817 874266 270200 874688 230841 965454 378492 460356 537847 578125 393818 807773 809438 591924 831001 290050 204339 408071 428375 680872 38947 841053 180756
323509 657540 953511 447562 202860 370920 115021 49327 112025 914771 251899 116366 370905 783838 125151 460378 527934 861659 153885 450139 390127 700044 323191 582374 358264 133069 572700 250874 148602 479125 947511 388314 731060 615082 906709 842034 22321 292768 908695 374346 180441 326475 157652 433886 190425 729133 330740 15597 335997 519661 446513 990704 445257 155797 735831 713378 857373 539417 31764 286314 400608 905728 941863 425171 647089 80297 966797 415097 608177 56810 715214 361204 995632 357801 695393 809886 501278 580508 261587 197313 555942 50634 737802 998518 625570 799332
879236 441391 501303 529945 410847 337696 895378 675224 762440 982049 28883 28979 645357 925615 650682 170860 820064 208458 658050 77937 578332 655992 334253 141206 763043 548625 601749 893286 12796 112613 428797 798189 24305 784781 876028 366780 474572 159544 976689 697267 840267 10930 3333 527894 888118 609037 164540 918893 792218 804574 829856 943740 626909 328448 814824 221676 229977 925313 607816 529630 121670 356632 507878 104226 100874 303310 724184 974739 511962 147013 70546 484124 108445 488619 381415 446064 508769 948861 935961 417549 299401 395729 950767 412185 952081 687324
356512 663507 718614 310105 48168 968813 936993 603001 759284 913246 658132 837372 70436 450559 6181 942691 287400 388784 25042 347380 872556 879643 749439 590469 442239 489122 809483 282480 423354 70546 910290 454781 196841 118796 982226 196738 351388 316174 228072 843021 205906 748935 6492 194968 390728 529912 882811 268233 146227 714560 295370 350811 93157 328766 884129 637820 969119 434768 102023 409149 374878 47998 493070 49120 711359 92582 468369 553164 438541 232955 289982 243433 320295 791738 675009 132241 518668 237051 171236 171942 485644 180074 647442 673104 47656 42454
46249 801061 504845 263194 312891 591515 688975 231219 647845 232420 497765 844920 492042 441780 311197 21955 199395 174626 509829 227947 419087 744377 858625 221990 160930 858155 246933 224388 644821 815099 12528 82770 635287 946537 413621 451089 573929 623703 315088 822959 563652 405356 8794 843344 107096 379648 103045 846119 950300 448523 74994 826366 651103 829972 402182 914301 555031 842494 103792 712641 293412 238231 388428 180640 783006 142871 865698 962454 284873 479688 688835 17251 699054 608696 708287 895237 408438 727785 118028 974244 192220 269748 305810 362675 832714 961371
583642 6292 659746 394712 134759 685871 697117 851629 443652 831926 891951 15135 710523 220186 50062 659648 816190 446602 591740 892438 449026 986242 571128 373144 928973 363124 407283 576559 582610 149775 496499 859622 137455 328045 698698 798368 312967 72835 828858 366306 530090 151920 619489 966119 5940 605124 314759 877333 543893 278306 61725 890482 604326 691096 309246 734641 870005 959777 537762 705715 136641 765781 543774 373880 816804 321675 114879 116952 549248 277110 230317 237775 718119 376764 153041 84043 151190 752889 72816 812554 256292 285440 832806 18042 803297 377121
672428 266809 168229 459655 830018 476107 707218 360904 707816 325576 631784 946044 89830 805541 490314 216479 10783 872769 598520 601185 243453 364787 748013 444607 993203 272081 361030 776735 833434 776291 219551 361660 222950 376313 966109 361928 218592 954468 393166 101193 684845 986420 986826 949436 253648 731164 15753 270526 337539 456169 193704 376699 733901 375652 322794 625726 886486 892130 777439 56142 898420 2185 580217 843538 555767 452318 616341 935872 31821 992821 247869 396561 403651 931116 91336 314312 522937 201708 104540 60629 971692 143372 460167 969155 453376 761937
968901 263330 125250 338996 948172 994631 56672 766245 61880 266411 872524 718663 979778 53987 321501 944857 950571 853246 220053 990750 546799 952572 782607 187126 16380 442489 391679 281569 543835 464661 934656 82793 627368 346449 666814 426132 615447 458525 14619 973992 68058 24907 879794 819358 946668 289664 448750 172892 779509 721732 316504 29680 662505 206358 76645 247738 126040 86787 202969 389359 82816 846690 705574 814819 220143 247890 678773 607188 781564 280537 44184 934500 246292 19164 873001 460318 351938 733717 896671 809367 989455 968641 596093 192576 268994 683953
773334 726320 364436 764627 13850 442923 99234 406420 927700 398323 997112 27432 801890 823439 224341 996471 641714 996669 671883 814476 961013 911564 905269 481992 922165 741262 49850 952836 805795 908577 797354 133557 68687 760796 543336 577820 416366 119577 188515 560655 255564 869511 880631 720681 755470 925201 540442 93388 587732 435209 206516 173659 700832 919995 475226 468540 549806 743766 760529 328843 558071 399334 933967 882864 344388 453528 709897 258179 356745 445777 901216 909404 270892 937087 611847 115502 401537 117260 226887 581444 26854 232432 302921 959938 814025 493996
540294 369283 493007 732277 137555 881659 412380 845108 70951 596934 183655 743382 25740 801575 652438 646362 103202 70719 398453 454190 116289 190989 11903 611381 575162 668193 892458 804236 784394 129932 427585 302604 313602 164363 988376 684572 162394 890423 673597 605743 921609 927282 42964 172354 589866 127789 386492 881662 325138 310246 419625 980018 58062 322379 193228 848244 976553 545816 219435 945401 410627 587175 603485 126579 429583 425974 950315 252373 909010 820746 970428 927386 964611 961716 139544 281738 790271 449128 40914 52977 167645 19086 488746 659070 395135 245169
232600 279596 714902 36813 791093 166981 147549 106021 697756 758898 359955 486990 980249 41664 914143 299080 697442 973613 612167 808968 518055 207075 107583 754818 229351 368651 908114 666609 989077 655054 749138 224390 745867 930 766873 733536 118310 177708 522019 727123 236839 100147 274328 837941 699527 827806 107383 470212 452285 143941 993096 848514 556670 391800 41184 844914 89736 216698 215129 884599 877653 875954 191971 932117 651865 405551 526432 136010 240844 568914 16396 825661 59339 39648 260078 233998 959986 757518 547227 738165 269869 858737 350965 446895 464891 684315
850092 983354 759641 269923 941119 751544 467251 276342 699133 510174 396908 287119 557262 89693 28736 526540 94542 170110 873469 457936 6621 977024 898449 650079 31908 754367 544342 253662 764577 574824 97801 9406 629336 648538 687589 733186 83600 60293 227092 96415 601063 687945 299063 504997 688736 292571 101093 782699 413148 526324 141240 528887 424170 361586 617088 574715 33747 930427 831249 843588 998745 847162 187992 606887 947939 415688 185963 261525 45523 77761 810058 971054 676280 284578 331609 813388 138732 692832 273039 393615 267481 350124 162905 129163 871501 479564
617591 56432 741934 731168 640170 802629 977794 5594 702271 558607 118656 965725 547985 144208 678611 888230 794442 307937 716972 573994 572039 491188 753836 877559 939251 600294 865244 819474 623500 241960 143931 162630 838284 722960 331952 935770 701805 350072 326970 370947 847403 916102 44015 113323 245748 344901 356087 148022 832910 634349 253364 31439 762924 282626 883613 143591 295917 663505 227148 759689 373725 423741 800714 459192 82362 857928 290994 738835 117567 391397 551447 422627 320144 819741 73501 607453 900145 305684 327717 818464 2521 290612 605184 484682 375529 821821
635913 363031 16881 551841 499760 39345 882959 114858 28072 68949 701643 680826 902144 784732 592209 940953 282715 455799 76011 331089 859182 480244 953995 117872 49927 710238 852506 119827 456188 857931 571070 930993 34403 240541 727148 866621 932075 852358 43574 461077 176553 930262 13366 537618 954969 614182 662115 961998 412349 866046 834834 685137 84068 547130 494285 88306 539674 744318 678979 682790 20373 591084 750576 532023 195366 860388 55841 940948 63769 564126 771481 355327 77213 152865 720085 585205 272279 798059 278402 27994 720458 152932 20009 117602 417245 12606
275861 894351 713085 418406 927835 805523 80124 413769 718156 626293 160692 904332 64905 967024 406874 349227 416424 420607 887834 457418 405818 259540 23303 8302 536704 35983 650167 899054 43386 419058 386241 579957 888245 283007 57481 431923 215792 290040 867220 236195 364925 87891 781210 788003 720171 134285 407129 649143 501306 560813 427172 631073 585456 237808 250952 545809 291178 360239 413497 235830 784798 760123 18754 456971 703352 877147 970428 338494 940752 438280 513874 493317 87055 617129 587707 871698 716972 887396 945846 951427 892664 197660 579704 637903 988666 600244
7809 96325 631898 60334 350635 547814 177398 945000 621709 33977 668618 485787 116651 969716 144990 635073 579556 871844 749674 331906 94057 814076 269174 843175 528629 367742 30178 202429 440097 487496 134648 656609 15701 342191 408694 401986 55514 678264 651143 623120 762037 639939 322941 852928 658239 135126 474204 63020 233894 509649 241272 458565 98537 397029 480476 833542 314836 252513 358623 943225 48803 342925 290889 53355 283495 87566 39397 809480 982921 500171 957434 549759 756746 318845 62401 144780 687136 143042 742050 644083 272800 586734 724738 885028 719395 732722
92322 740025 377579 310652 667037 373465 458499 185920 640647 271474 847474 203749 154316 106969 942727 883527 695993 802722 431917 429224 462561 229901 496019 663280 625384 68275 307694 640796 706095 89374 740285 819409 417135 532706 859782 586669 734498 487070 180752 63224 594650 630842 500199 345489 369835 967827 804389 628029 115193 389553 249375 872218 414534 560161 599302 813109 79260 311253 600288 112727 511126 740037 757399 304412 687189 235637 600326 46547 561190 764131 767018 861263 500734 726978 380315 396467 36438 783094 945245 888706 903023 749841 667719 702580 453990 927928
442025 94182 834107 721990 1723 113732 909971 732318 995977 64827 213241 383106 802847 320516 79878 862798 219362 430022 734602 333320 481660 675304 373014 202377 918991 317900 691144 679757 903573 606206 120438 673179 755538 316580 93014 156584 155559 546407 765080 27682 206791 135250 818002 144250 710501 654389 832492 984499 924668 84874 57928 856356 36852 338578 611936 885148 158601 167243 972376 925540 75136 444404 704907 821024 174595 850110 928506 746719 68383 774542 453142 212134 705703 344408 604079 502906 574052 69343 364554 278024 221117 939687 689270 870002 87643 12667
850499 188701 532065 237639 487024 279880 625210 179528 543341 827965 217636 176118 804238 549936 579208 744205 461069 710094 127341 986664 422562 188971 981549 706585 326839 821948 674777 578963 570464 13699 794582 58477 725006 352535 987403 4836 526222 937085 550791 8850 358720 624273 453076 945275 805991 203210 140352 85420 141620 743978 493562 202044 770984 751887 147097 277534 839609 668622 631089 47319 518978 855718 625485 308604 910721 959822 14542 613624 811644 465188 43005 798243 375095 818465 285117 555291 990765 663858 513545 850150 944700 478826 268640 41407 547428 215733
378264 213241 582224 849675 436480 976814 247375 134862 828045 952669 823989 983275 626120 599440 180736 266227 296975 657555 55741 141000 459726 978894 327990 569293 936879 838239 147444 144059 16442 187837 357516 227995 240431 911090 655645 587855 713089 279776 876669 988436 71590 768963 815026 593261 9848 380485 371673 147946 649035 394810 251336 487038 234577 908821 651420 319837 797964 707192 783419 388135 634076 642705 762091 330521 620033 360886 138240 939742 768056 558307 403076 568503 130417 778098 192769 23955 716124 122565 833384 877860 740235 934543 693092 542384 796239 558205
223679 10810 523170 153726 15464 330075 745554 422237 675608 557638 116734 410748 285516 600398 934925 100814 733515 837216 701737 244673 989782 785999 101134 28399 909472 798630 10193 379890 54854 330622 712488 784572 540954 650890 410563 313636 359330 439294 378601 241984 615957 560880 854273 192476 253803 642057 688849 461132 121144 176761 50054 568492 657322 616638 583544 628043 645167 352011 162999 424095 679103 744790 211694 264600 144615 585531 800691 294393 926125 620572 446746 875959 763951 834257 777068 508565 585340 955120 423299 210490 390819 483057 898200 728397 677234 100718
672904 148370 780878 515616 183214 959153 335619 202438 956808 677449 726264 111203 862842 546187 908831 488080 692898 270765 797852 484657 257622 94185 821251 447686 816134 215461 31735 967697 583777 470366 910091 21025 245933 698496 283848 4918 785026 711915 889879 991818 377651 581618 103127 234110 273401 683704 264707 558484 883918 823810 654330 687665 515980 424007 264713 65548 102201 475814 98883 857068 999578 804408 956995 479256 470742 887680 197045 126684 45937 320319 156564 181286 132533 861874 727732 247954 300974 767325 604432 271581 498301 209767 415081 552716 747286 867641
250575 542986 833937 899236 899432 939858 928949 147270 81910 707006 41067 375089 920400 344564 541930 541505 182633 388084 705530 973236 945548 404813 201502 112643 612824 64828 586375 511527 260838 238343 223801 570633 620515 879336 904337 794251 215716 450674 107529 824459 413298 627841 347490 57336 239032 713020 195581 406329 511863 967308 498354 234969 308666 133571 425808 3265 16615 350443 779288 792491 837526 120087 107377 211553 991768 403019 421380 116057 399713 278293 765205 445532 801463 261921 580517 245741 928813 129648 734290 624342 988800 131787 320589 701889 472901 445868
695495 967622 416870 71814 919047 474986 663968 164919 952855 912799 395610 301047 455601 594570 341670 648255 772785 751221 118929 284952 519045 948573 778006 445164 319818 613815 371887 200383 257152 206413 325827 832449 855215 409347 195130 882144 775797 78008 379594 215830 644532 998906 225869 346463 869294 258532 162870 433912 682365 238651 493295 372524 804105 213074 849845 667669 448752 996183 115407 658081 875880 962555 172192 575674 947623 607540 920773 566860 119182 974481 319886 987701 548426 315757 696815 403852 906974 69448 729952 343041 392673 779324 274890 871523 972000 195074
194690 903453 815602 102522 520982 764742 124431 798072 456202 630967 135272 430451 704484 278188 9008 225112 684308 682496 805806 804776 133139 786167 288132 558822 889923 3647 463900 980011 615747 413777 49010 709918 209929 194256 619402 791610 692800 688883 875041 237810 333637 612736 987281 412145 123414 976585 752962 103349 784066 618740 808491 777568 990737 327327 597151 312878 11000 229400 236294 197614 598304 672763 259457 138782 524890 812536 986234 71685 640071 396717 318215 376952 305941 665320 197443 278960 495650 588154 484107 141479 704741 884073 761025 517443 14770 636722
500867 195675 820891 122326 808894 413801 195194 319407 806133 729590 934233 13120 986234 532477 347152 481765 780503 288683 444590 743839 598676 336848 197833 16084 335488 429879 53741 695832 778883 908483 723030 589541 171066 837598 555205 266413 985846 232990 6547 174784 965001 65289 426963 990564 918362 246147 402928 380068 204686 258143 310504 649963 482760 455 879947 125148 723253 815993 289767 156809 295850 713100 5491 426045 563986 267484 420376 345155 80020 684636 686326 979252 701331 624254 422650 978325 144468 973698 530465 950807 863025 306018 581676 459616 419617 47898
230490 956799 967739 184279 662170 201765 801544 838657 474636 681420 376958 56326 163253 317590 665561 106964 406990 882130 311536 548008 145356 288614 73192 365695 785895 280604 334229 287867 582224 419182 292485 898666 535516 882150 676198 857518 106259 304096 882405 573739 712896 554191 162944 390775 345902 628216 231507 804485 213115 742178 704122 45283 870432 751179 735241 98570 184146 88148 817887 958762 890584 805348 196826 813533 286032 676048 840989 330277 257066 503952 28003 386863 852368 500268 106521 256360 62000 707925 799310 661307 664451 468848 776306 867402 180756 188441
297086 340596 755579 513705 681550 102359 525313 702693 725472 322664 57121 664639 431444 820604 815126 690813 417594 241868 834873 910815 601934 835176 242689 286696 333885 286153 22184 524085 277363 749227 15677 588150 668264 294660 281770 578881 310203 927656 666072 158759 596027 711280 967293 150985 535009 488047 979243 143551 235598 178064 561265 11762 870526 770634 667499 846394 281356 153597 67898 309919 36620 450829 136870 680481 981665 218880 663361 790071 406129 282547 105787 998540 197653 898727 183256 839848 696616 786331 617797 429346 353719 820570 678244 858104 93921 271897
935498 317087 740592 508368 278274 423641 88680 243323 309638 218160 847300 413216 54307 594436 703193 752878 849306 191163 408884 628862 34098 940281 574180 685478 753665 47177 405822 5318 835645 983003 591009 535651 823710 623900 736197 694248 625623 826952 667598 877900 753212 121939 683085 892178 299283 298527 909148 992609 574654 289720 97440 242607 825061 925456 884659 97601 441531 493582 74643 709692 787461 969132 717916 684399 250070 263458 15473 310815 282430 787270 152031 312724 279971 562667 666136 703430 31738 193578 211619 677724 350797 122491 567358 3537 780417 94726
94687 191027 994332 481693 958936 14316 508110 569915 895450 788500 689788 724758 160728 425419 324425 239970 262870 802117 443282 486646 822594 380128 486716 853845 339606 502745 907372 113999 595840 922198 713103 34339 419575 875858 644745 475761 787389 616370 781663 420355 735591 732487 973327 611786 858348 550170 348442 612662 313611 29078 378783 48425 489538 958422 20194 401067 264108 132958 927878 994700 294496 820934 655139 768422 246034 837384 51117 913620 308375 752193 392153 542225 640031 919193 460494 28200 987705 8971 26194 659455 100109 190285 46650 654256 964392 41288
962352 962409 496865 399878 503034 19275 826517 265120 804584 306540 119243 798365 501925 117339 772770 383069 347408 335609 379641 949151 189913 566965 537645 547716 367347 224753 391776 707857 514882 674833 361053 879135 687904 753475 752400 646776 138890 379821 189022 963639 585278 165475 226677 316390 534123 54571 963757 18211 317323 993772 367706 436228 930971 107200 916039 24083 229687 44353 833755 635527 117668 497437 738445 43516 566269 175469 327682 457683 241205 546772 431345 23088 975450 402337 748812 400904 303504 288940 598576 178451 102340 464701 462606 325991 342285 721914
856464 586961 797227 780809 335034 942970 165761 84704 850070 242232 134207 539420 798936 148923 48724 477514 368077 807859 808122 864461 921854 440448 228587 241646 882386 844458 613315 209732 680814 725210 127531 563745 859636 553062 718282 287161 801154 604591 40221 487046 240865 219888 953179 240361 677840 329860 170492 249370 960049 329915 670957 686167 262711 66642 120853 945590 928895 597311 51906 773609 643430 383263 512855 544062 94931 449013 657650 136942 810161 35164 389378 683504 383866 577228 552522 707906 747244 901005 974619 187835 586265 4365 917702 382939 159865 4229
447405 503485 853889 254919 480829 735050 770276 149700 711360 462127 814853 68228 146928 804364 840462 639350 787581 978393 154132 723011 346624 891343 573244 837545 511688 83711 537357 844649 117261 18318 730188 158015 598318 155318 290132 273145 335149 877325 907783 156777 589187 399103 426169 535961 291755 924987 56591 955094 166575 605806 716854 919912 902584 72570 780117 576410 956184 296932 934052 297238 719321 924688 102491 789989 882132 752822 71704 764410 533228 64711 703741 917013 590417 452331 489966 705273 808183 742320 480536 537574 206159 54808 507762 185945 332483 418767
560111 513675 254799 415500 766993 511238 713473 438496 262644 698603 68745 908668 965606 506198 20671 247583 205678 958016 572849 9561 217231 995213 511577 251748 832022 269624 571439 45993 171654 111767 43862 436379 670477 407502 932052 206606 441102 578742 149977 722942 227186 999548 559601 245237 948166 659786 219756 766966 206184 186699 508673 163532 274519 654575 665019 892215 189804 669313 248058 474778 805795 153783 314427 815238 401125 576468 368292 366916 277278 121739 295105 865017 219022 325303 284308 234088 34388 867745 4909 634110 213882 85488 113115 459365 202586 264379
86786 241207 555154 372039 363051 622333 137311 385622 998349 604096 638426 404722 495209 320170 920653 847760 954666 675389 210420 194935 595595 221210 851140 642676 162853 306780 8868 436594 5300 35430 469029 613815 837408 132485 763929 195402 556087 817016 554825 871172 415865 790208 999173 6674 565607 117872 937558 28391 107096 642793 390256 635325 510923 141252 453715 108831 349583 969346 199747 370939 924387 177602 843080 792364 546085 264604 10357 753500 99001 180993 266539 27215 763910 868924 257162 551886 293322 877549 584382 929724 848343 945437 646720 310825 42948 459837
844670 49297 489794 957863 662155 64446 516821 152356 46215 770441 657197 777934 722071 902766 141536 3369 751465 366156 120758 977694 821261 941692 140458 351372 111430 950739 153743 476550 387308 59204 652924 775398 724111 216167 429116 857740 744241 370074 656041 906027 675084 217368 159636 453480 940507 302491 857118 180156 334500 316120 389164 305585 911076 171501 129614 941615 820 304078 799841 138710 216721 623773 901824 624949 954236 816080 875949 452712 260468 618449 443048 517948 950470 393304 414707 997663 58390 929907 724262 586157 935836 860674 131079 978567 687647 548099
787401 480227 237801 320426 182753 805591 776030 365073 485145 510648 873834 778631 310058 797558 145089 432176 960488 957116 72798 643227 117605 140990 656853 397780 726406 37254 389758 52931 548467 41735 124656 709572 832859 270066 353710 77384 111073 878616 601347 866319 1685 565143 427081 436050 888293 10402 992991 87778 195158 7434 808754 179404 217202 300692 140087 33024 924791 595785 28483 590623 458124 417978 644046 232792 892939 271985 258191 723626 756688 270310 404576 730098 249986 332331 279311 672190 842891 913984 894191 87160 758157 44167 861537 863722 680116 404468
647158 102847 661122 178578 420959 67663 636765 213438 106901 295942 605726 268762 890391 876526 399447 560270 418478 134306 398214 879720 645927 51036 442821 805206 542471 266945 632532 902362 571817 267646 989945 103406 34845 670695 647080 131301 482545 689719 916295 774119 56512 486338 473018 867668 32110 733249 768382 151313 366003 665350 874291 69028 37142 680323 117025 361391 589662 532033 212593 42086 435049 489024 781211 922727 842119 868237 504823 266441 931504 23876 658981 499681 806576 426057 687892 748367 27643 647753 661504 4565 730590 234601 817942 564514 995114 216961
339657 72290 891363 893837 767781 972364 362501 758523 509433 434865 926600 984256 718742 930174 694878 246649 396849 986341 568151 274955 160974 522965 907541 851573 332166 852966 748974 615763 847828 627621 478908 25437 541735 229863 433664 392221 67031 343770 90514 119359 245418 304404 39121 751905 937649 550109 446208 341831 43861 992515 340401 802014 669279 650641 416737 279797 200159 983192 104236 473125 439761 778057 575941 583244 605740 93518 839829 967168 822144 620165 720189 167744 183939 161653 123415 22357 113450 171040 228263 666726 717072 147009 560897 194502 13557 991613
612949 484957 383051 293917 906405 207758 542621 435867 214674 882716 340167 874525 696680 413706 750785 73401 403039 587634 199508 721693 572539 741259 401066 83251 757591 657807 932368 849550 944187 66877 181847 198570 113040 951034 907716 190906 453269 635950 648134 830133 512116 70533 947569 409232 846586 353011 916659 47345 614731 640210 984432 22256 482736 443249 830754 809790 550278 816451 312175 723030 850135 309131 663789 613029 359126 550875 249299 547213 444070 812683 510528 55612 267198 407605 103677 435504 379412 704734 271559 931574 692728 901514 367950 293205 880688 626359
552164 734747 784140 734994 457348 121187 168484 755815 73513 864952 446839 566794 563974 627638 918512 123839 261069 235088 931700 712429 634928 370795 554467 163624 189771 434182 87813 199050 365427 626267 642990 30972 545482 754437 642316 992392 509913 978821 55378 60436 944152 852597 372847 984505 988000 9264 600208 664867 279738 753983 305617 337684 15450 97083 734433 133027 836145 129265 113233 152743 948755 61814 665295 711715 78694 297047 991002 594550 265905 823506 420019 526972 489987 337267 610701 384530 615395 786957 311471 712354 549440 598919 553725 685040 196190 425884
39486 5674 344449 242299 742860 576987 547181 354639 317836 708849 689914 158339 565716 98185 313710 402907 787092 225550 979388 65405 557270 814931 285436 627369 805569 759322 855940 36499 556070 31497 746086 870127 581467 565504 930365 46002 303529 551667 277060 355350 308903 525199 33250 711160 477361 422532 315195 305717 332424 167424 832850 336971 375715 139780 385295 506498 292240 532775 187398 995592 2282 960214 371878 576186 6513 195977 520711 856733 227920 629019 685544 165112 253317 477706 68060 749931 871964 465782 593876 398852 5667 850616 806837 370527 75904 626152
331104 275711 747332 904613 777478 33240 393094 954842 195385 421447 865348 137484 689956 991318 385708 891238 247475 680221 176216 555953 102865 720210 64554 407282 428218 63365 799766 188501 389554 232086 905322 888309 356833 84082 904603 580167 410790 979077 237845 316394 35785 698699 753755 171242 27488 272763 948799 522296 943322 387458 771572 501654 88103 244446 847105 44960 796801 373877 916766 932276 412780 792948 166631 581385 987637 534756 62130 881837 462464 495575 731223 784959 467344 320000 233111 88798 268354 4240 234816 719893 326871 209423 239886 972666 814178 759290
75538 385943 989569 53997 581648 441781 902861 532657 50567 258507 752556 873644 217812 200044 720948 905731 569501 288546 372474 952961 867447 124090 580760 986697 165512 949987 210748 423486 674860 871716 465747 415517 751905 282840 438749 624077 954853 40319 589686 994555 863419 448255 965112 952691 649566 630417 346373 76137 456036 266602 423553 922305 785235 683709 168895 310418 401101 582794 226747 3533 70781 763008 925363 980972 600154 256993 923734 493308 255472 763973 617039 741883 992272 319649 1515 733113 220750 674446 864937 541996 980130 758726 335574 50111 789604 756715
90914 930956 403446 387032 244067 744109 912696 758748 44911 8892 247591 954816 914536 997180 948024 273175 926380 98618 532155 483476 809178 450985 117352 601129 893092 418228 442609 663132 293958 82677 740438 382920 727464 611257 235153 266519 519945 936094 967057 205706 859556 296469 954426 781908 395072 863438 207640 143704 430060 317490 364646 185568 688348 350399 221172 181835 791103 917047 110610 192772 155314 886918 132685 469693 70587 188796 930106 14346 831251 724920 231858 588434 643824 240784 260387 778866 117177 697602 217449 983882 82145 819970 461756 984033 188575 910305
503510 384425 642066 684535 165606 336199 374078 712522 478466 795468 613777 974722 352711 931871 574374 329849 164492 846104 220294 119853 886007 510501 526998 918972 750604 637480 409586 968602 165672 226510 969753 602442 83619 423730 861861 315539 382956 485156 985215 662401 464219 24044 603981 501427 74819 763882 741483 177782 616492 165231 507882 612043 281147 355522 198605 915572 771301 812665 433847 6136 968877 848227 888650 668604 171993 454380 937338 108284 336429 140703 637647 630195 352566 974050 773215 837350 876421 956840 353322 380733 64100 493128 792469 260350 652159 77599
430129 687630 472518 882254 524802 527205 504790 569314 114584 866057 237760 322187 476074 127450 458254 992392 619933 30273 238692 147834 986429 168260 154389 182123 972743 109504 557502 730932 152935 485386 530679 661163 390098 691097 995480 883597 699152 225564 790568 910014 636491 234104 711737 429431 57716 349 608349 642413 61728 586070 843007 396722 588546 646051 991479 957904 588813 6966 279575 746669 176229 329263 201018 421298 443404 897887 56378 76103 315506 862456 316569 787160 970488 322784 516230 7710 882730 133163 652688 396592 268067 270501 646765 675156 251855 446841
153477 901514 15469 569050 403900 732007 292909 306156 143463 389606 785667 604481 519805 40588 900159 354275 888045 18968 792476 951975 875577 113763 281419 557152 64703 361094 184696 577091 626209 949785 210723 471912 529058 91007 253518 785767 905332 710024 757809 994887 639888 529132 408555 92621 214892 738723 817817 341558 677916 985792 545912 498790 825891 2674 599902 771763 224681 723533 45020 908539 521891 888974 433064 600635 887653 883068 630481 976375 201566 65670 753506 856940 791769 627634 419230 623328 480008 801323 393990 795845 209943 235788 684534 195326 147313 531774
211234 906237 677452 494505 924839 854795 268149 691415 880391 550166 165661 382563 294750 378437 102857 491369 229816 487821 408392 395561 9559 982072 139175 703246 835598 198417 380223 394850 207694 805899 234635 328704 707506 883781 55907 409877 402900 608661 37556 326777 476703 800628 32647 747194 550513 67764 212361 466699 644035 517968 685288 484265 716594 81805 787548 566626 530520 255702 34960 74461 808456 88845 967689 511094 869082 27634 609718 120271 299456 107421 938670 658498 118961 615558 127503 320872 496792 552548 629010 400961 960454 13512 172093 421924 833036 663978
872237 730325 655575 437773 45722 833595 57422 244389 794031 394971 293122 868943 519374 934473 608651 34808 519137 73398 98623 626983 661487 708267 810937 648489 199588 84125 391553 262733 69682 45204 437239 74973 460581 876945 282256 465479 830817 339798 631873 307904 832345 4968 918764 93478 859765 82811 218184 99910 796458 927874 9259 263092 478802 38013 17506 216863 336128 990995 705150 591709 989230 39631 276019 675735 238277 828978 28667 650064 951008 202622 456494 733562 977974 975676 761754 680112 960840 512183 788679 675343 631568 930891 199344 331365 890755 873115
296250 889288 906668 64018 453420 427205 161662 503937 767931 407509 579016 482010 941846 885164 578554 639875 122900 327308 457231 592715 260893 971787 977438 38183 295530 81578 74608 15454 883236 598541 786597 562698 807929 479694 944803 391839 713159 336193 181340 583238 512379 76740 172343 950259 103803 370833 307342 178127 885652 477980 673990 173198 737323 681579 242420 697181 242102 878763 185719 359422 455348 873734 363770 310639 641731 965825 92300 665110 563939 400926 402251 565089 812901 727382 555476 1990 740149 638532 71117 352650 433970 747336 749089 796685 130915 484439
174282 137263 566848 915961 75611 919192 877261 106393 267832 377976 688512 356437 888089 325048 119305 889308 683326 91473 238664 883252 532966 536916 371997 176348 569084 686638 462053 882638 301737 512272 197101 885911 588771 769067 14357 881600 604875 57178 115754 376542 70032 126021 565692 567322 28015 161856 799610 964692 197702 68233 523800 473425 411884 550327 376562 747720 814459 49518 655492 956332 449893 620409 7071 449960 420576 339851 305367 72613 985809 529823 641062 444347 164762 972724 891713 67608 724389 106289 265384 8721 432706 256793 585757 774750 329746 124854
192048 757254 809191 705704 445487 188870 589079 17537 833156 607356 560378 9034 64172 924607 290342 390007 363741 812556 408376 552985 386157 786013 765961 995450 976881 758547 352536 664029 972310 951337 20773 685360 328601 881518 195676 370927 279255 39967 588533 950439 714188 752225 579439 305968 328800 805408 50576 388770 733827 852207 571527 201602 944938 449938 19963 528229 185248 941394 809609 123967 580357 967759 457596 54696 481903 430475 75297 380389 354395 923302 410038 707521 523807 445763 588907 506103 425099 875709 92445 876112 207615 981554 104412 725856 451969 216634
579789 118504 150686 610471 961587 168168 628428 958665 102195 968316 704923 990295 550645 507329 942830 31518 345861 351855 212397 800678 230850 650246 224300 214536 675164 904324 310435 789117 676681 428427 452686 746533 564274 423256 854911 120561 816586 637456 69548 890408 622713 168311 595191 987189 4148 605897 475733 588162 896107 504061 643320 253271 886657 386404 584693 219861 179956 813423 705319 679416 984446 216618 623002 6320 364425 515646 109475 834084 821796 805867 130836 77772 584727 588160 701732 475666 423961 767481 426283 781681 440660 487428 292622 771952 385805 368376
374089 43589 335903 625585 749028 345138 196213 829548 748834 487263 387210 179057 572885 504975 183330 737029 999335 917352 647826 910627 161492 826373 867561 423824 309488 105414 171758 176324 268083 664554 199407 633598 935777 710981 497895 442019 193771 934299 795974 46069 746567 847017 81098 311535 682365 916806 285260 421166 114397 888519 931561 464483 72517 43279 105748 662926 783484 2032 917816 218600 233873 712231 711881 14734 870579 659734 831941 556373 90723 302037 224829 681478 754177 690299 544130 95361 778300 934097 285826 851822 193662 728980 542338 251588 674190 689376
619660 235850 54659 714188 711821 890530 216663 174249 919090 447059 340629 534918 151173 873725 504105 438569 184567 790213 374792 185776 60565 780843 182210 670265 808752 591421 755758 211460 676224 536209 991177 650419 893043 447072 483577 519196 746864 677164 10772 910429 393712 952829 486458 576543 230096 932835 822269 816049 678258 362014 209779 153208 89924 544825 310585 749133 735705 663594 840982 831585 966180 153943 288778 225000 776204 606159 749553 86458 81895 926905 703875 72152 190856 247043 952891 26567 660841 866482 747328 627948 769439 321911 479829 242405 847986 322446
381160 945295 528133 392555 794465 585748 313992 606645 70421 843248 275850 362012 520621 107017 237796 546802 430989 431124 587999 951904 56313 518500 409810 258898 58208 240249 420959 418054 246496 285137 524710 330533 900072 262768 756044 729064 833619 148860 746028 250408 145165 556506 490706 144965 767077 384188 606273 689511 564006 480609 875183 939610 151866 147975 595996 640119 85636 776264 33582 356782 551694 792207 409248 801138 586906 595140 384470 884275 274189 263590 478567 554056 780359 761689 874712 805236 513297 597471 127803 791774 158463 284774 657361 2678 430705 306007
427145 560841 700028 794591 756703 282494 566062 918760 568566 687905 982105 889535 177222 647469 786012 315431 527326 774440 533036 973823 814256 441054 59108 84229 191082 338151 183652 327306 896468 896057 885490 690454 608670 713254 95654 791698 646829 315149 28857 501248 799415 864388 425639 424662 844463 712621 771501 676439 774234 368231 395769 681178 334148 586531 176891 538478 683815 874516 428227 635900 298199 655066 677824 264961 540168 515313 536403 331901 833840 862978 807589 643422 91607 975581 803608 287528 963847 346860 481992 871308 811155 115220 703441 325589 240170 788084
565305 948195 873882 491991 921678 988587 442036 103698 760453 96756 453522 121692 779508 867676 366374 17857 653573 661800 786659 843119 146717 725896 300451 665173 267579 317587 341208 66026 983135 689089 480246 132912 219263 341833 656799 151282 744908 739415 955907 195913 747753 236069 929256 216681 487128 753341 860546 874915 91994 405177 392232 236694 871722 895548 857752 638174 228895 146993 895216 698499 843141 635953 503541 646642 617579 423009 880281 979691 24434 958402 940125 510950 980618 349029 618941 939673 649210 334046 549493 385156 343010 812596 326056 37826 148516 57189
274028 123797 748690 616715 421995 660154 856455 841966 21016 940746 117427 302809 654836 459082 755562 144406 15391 862866 3243 274584 17842 651482 872213 948000 100617 701988 3897 706982 87766 972811 621121 609868 945169 777995 175615 724944 950368 155333 750496 410230 894207 143605 239804 714034 438440 120287 655296 75216 117888 490667 572835 954143 896092 671224 505847 586346 151903 641235 296437 867680 627592 391931 167426 349565 261304 442782 79214 877750 281566 148727 472850 464192 416421 815927 929065 806648 204653 96670 88680 614414 689366 790144 375539 317318 870817 949235
128392 281378 141696 775462 656817 784568 398779 670928 807909 151308 820925 523200 217436 852217 944419 699792 663191 266099 114657 575371 290873 33330 834918 428438 553780 238156 193166 807182 109960 786414 629897 189435 534798 130726 539503 145954 191171 402037 861678 949509 179697 725445 43349 391655 47458 608213 432770 834438 285193 266414 915457 571146 600090 321807 543881 616672 840872 869825 432683 538010 362826 391150 495984 744832 22677 978746 843667 543855 554095 996794 592572 411649 604249 559854 455879 211040 757752 655903 812819 28734 202992 20590 219023 970092 418068 904110
678750 354295 256642 83156 785965 241990 522704 324126 659848 515342 525579 169135 260160 578783 116088 819095 482278 145688 667747 495993 857407 518532 393000 445562 389814 872516 738867 105384 306017 819461 992504 621180 409292 881926 970610 162200 216242 501535 4360 514200 244932 185343 847796 187618 787295 13000 113490 826649 162821 977917 30273 358496 659404 593783 15690 720310 890962 482717 780257 560212 128642 140257 438437 540129 87719 512067 286156 748322 556894 880959 165497 813665 503828 153571 309002 941681 134280 810996 283260 957266 469556 746642 650210 6974 799509 340533
438817 632554 185373 721523 147198 170568 5252 4899 776983 763623 421369 356379 213678 984822 189343 892227 742971 739284 623007 942908 47361 324557 790054 583323 156383 655362 612115 163390 773940 639313 314380 253982 395448 499491 981905 671278 129584 138164 926657 699264 186275 775522 720656 802231 942651 745079 964653 231704 56819 172520 666665 942065 423371 325427 825986 608046 848522 455324 192320 587596 130972 46438 438811 127772 140748 720842 812963 333042 350278 503158 722171 327984 176050 845283 106779 681399 634754 722939 175283 214393 61030 856831 151938 730908 40359 562176
982075 836378 739667 523389 874550 432845 213462 669357 502922 191081 945006 35398 269094 947974 580997 665936 513377 610248 158084 743278 967228 962353 464645 624151 37639 769475 339732 933796 169689 994855 78390 955264 992634 281302 410802 894082 751808 689451 282868 855848 296480 345689 5304 33938 882621 827808 236733 704241 875563 980883 155429 795982 902404 180616 282714 860602 446171 775638 120053 198304 150130 915813 991137 137236 387242 468644 582280 122683 775625 11672 164367 486352 894632 670138 232983 186233 544419 370606 203253 941032 797384 758738 303363 92265 829415 569174
335214 235397 949196 815134 134906 547465 35665 732623 128172 179548 99450 543283 944748 730848 730219 434751 275394 900383 918928 712091 28725 907168 820710 539496 703192 875235 284406 113347 62387 235839 705429 392197 802119 560905 79721 869773 4815 887391 636808 468782 827126 372623 605290 53960 368026 509731 476161 362374 643733 123440 367647 805892 530606 456260 284977 717655 219287 252933 346182 104321 743421 450856 261847 658301 852211 692441 29563 700009 261205 131767 271541 573825 650826 146815 738181 531628 449577 762276 864617 309432 163276 550909 389991 189447 38985 79201
223176 332405 492772 130374 384771 440989 93670 324742 523970 761219 407183 410124 873692 901357 666863 567683 604590 382117 864630 416302 56711 100423 953932 934801 322869 785773 508250 531355 574808 161370 999398 29277 578283 881123 789770 316820 336523 87819 69995 888910 302899 199970 520346 526233 852777 974074 215687 572244 521037 183911 861088 349207 239769 661393 643338 486421 428212 9092 256547 850061 81353 871647 372783 606355 11493 524432 858666 580205 587650 179814 359711 493307 547215 734564 109953 82494 973549 152836 618132 281491 678992 721644 615043 524739 173578 238734
242247 648016 405621 992630 792079 623877 497255 718292 806999 509891 708649 294057 778293 788557 688445 51720 910323 724218 200269 152734 540673 123959 551115 216087 890633 299062 794979 251704 327465 167549 806580 753755 563167 4600 957095 417022 475939 626354 331623 393782 600989 299427 155452 760390 267284 915716 720732 40965 414771 455434 538714 304076 649725 527317 494199 803150 636679 960847 169252 30366 429472 145983 550904 348670 866799 575347 546641 128670 74784 540681 821962 94358 954802 791133 485403 986089 605481 128337 502 556464 580423 649862 295233 620318 442314 393559
