39 28
16032 329982 951922 171069 469808 859843 865608 435503 226994 437959 637863 74344 986776 979774 921 570046 616236 981408 170536 634190 337817 943865 324548 289026 306138 467369 179001 764971
634745 909358 124024 371646 465693 969225 138157 544695 692411 230571 530570 131908 21792 869926 545760 101670 437674 469466 952997 9448 761204 356643 909382 957946 420779 490455 890086 542741
96278 557258 36612 368546 752858 139650 832089 425592 176739 116871 343914 362589 692537 598060 659835 496017 953254 242749 833774 120121 718959 269809 612689 915753 508481 550951 77980 767174
152910 311165 425437 955412 377382 280649 652693 725005 434523 739937 315208 964570 885269 841556 373736 442649 659687 786758 747682 666452 958871 291667 787773 326032 826681 286440 9237 830992
348217 951902 455224 452744 277180 424641 928453 25588 650275 662497 413390 719818 941561 184417 916696 912900 264739 13364 431016 472424 217179 68505 493158 48719 933389 517550 166999 407465
565615 125552 812921 721576 687841 479325 150004 719720 170244 473500 933060 316252 603027 977109 34765 155772 993920 547179 351087 955329 334617 845969 666952 936543 493309 359717 963522 552612
789981 197068 553140 836599 424354 555954 136947 74140 475470 850882 894993 66106 439178 211402 118487 760686 864528 986988 557160 489534 173261 100397 908988 964246 398627 44227 166788 649205
60755 652730 773398 845404 294303 855263 215453 372510 855779 543853 978637 748808 399659 268228 383290 632407 396353 598962 518870 731955 487127 416431 101944 120935 506151 508847 683069 63048
414966 241255 321790 315525 716976 104618 573698 319384 197399 307257 585801 178657 6965 323566 195970 729257 365770 416586 255686 590038 504494 835007 452085 124518 827651 523469 65230 658091
700995 893049 413192 413436 840303 437611 370441 287282 511674 355998 337556 88051 287308 148793 452026 748656 590270 309308 229801 795272 925779 562216 504027 479834 701345 281549 931870 299086
487666 320208 419371 327490 32571 137473 368314 930764 102111 921084 197463 424674 43881 371906 678401 451451 770393 928824 542300 347477 891549 477697 987558 270902 262073 668050 593888 839161
167522 726704 437707 823689 728419 337909 577954 699332 437595 713740 900102 272229 109812 74544 531514 409424 947258 375769 461257 959105 436585 281979 512877 468080 499807 987323 714706 693887
473217 328420 552593 940932 902500 985186 93670 463802 255823 473008 753314 535056 461534 435602 206744 67948 106286 258460 61252 321391 579746 760841 884113 912518 778672 112007 395180 414857
975007 318744 79620 290626 632399 578622 79265 476026 142132 825207 319849 99069 696730 743947 539034 97121 180619 985792 230182 791115 504585 79536 177512 750631 175287 93405 191558 237119
918191 930406 330932 329059 187627 6842 198413 453686 979502 390177 354380 270761 323769 330070 398569 511151 171285 174940 889857 821449 852208 267935 780412 464504 445007 723963 100405 535479
608761 269563 719682 707274 501597 164731 728584 960615 858459 36783 608160 635444 337973 156379 877174 208757 597232 231649 214898 366088 689247 759551 795182 455811 292605 565387 938467 384847
103158 225927 471740 555900 554312 205583 52808 558919 722007 115151 376955 114920 840829 172134 443502 383085 398577 215347 953634 470358 752521 760176 198779 881685 630519 729177 459940 315742
168367 614308 896190 838448 13367 715002 340728 105070 35392 994876 524225 166218 509152 244028 647671 686574 125462 660090 893851 428584 853683 991135 651281 915643 50956 651317 971503 507024
138218 489723 432320 316834 21305 854504 241358 583030 875040 939393 766886 29180 788843 625519 743634 455718 865449 606426 162967 818336 14257 240933 577172 715956 436889 991095 861938 148946
511006 495928 707732 13910 636172 104724 955469 663602 532844 896697 628369 568842 343347 384452 87608 57940 92722 667768 217092 100811 673341 156594 662599 262282 798697 741054 654 75725
682598 581472 256216 22115 264835 433491 99127 449988 545672 512274 176033 495797 675163 682852 733909 464592 901715 603526 514232 294810 795671 126253 832318 563666 990689 420519 499511 597988
841896 604763 651395 602513 730554 667575 142957 156717 849839 967107 831192 803946 213604 767155 976030 31073 656184 959465 209744 84531 735234 243063 125777 178251 96637 575381 459823 700718
510504 7064 488930 735798 947230 442422 587798 688600 931136 617067 697272 31506 939541 434270 662279 211226 984 217780 406658 474298 133123 756513 218063 940719 557579 665316 785787 918990
669684 102893 878479 749391 716224 109101 561291 317455 773292 616026 544888 74383 811138 734302 153484 864534 77644 384899 385302 847178 288787 498838 950295 799281 390033 876535 65840 936777
566043 344279 54566 581727 326520 603732 505259 436557 706777 139830 443632 468377 919732 429647 157495 886237 324008 649597 837483 225440 308562 476427 645945 353614 259996 159814 313088 137907
1777 604049 210891 322937 864418 239621 199380 818079 513702 780152 107838 362968 667914 550271 582621 806664 810333 956355 620648 63311 265997 432904 790045 232821 91069 482673 211710 705259
494924 305776 619592 751725 115589 521329 392540 650709 629545 573293 287651 785485 298654 799596 497643 484545 899719 598571 831421 916119 39144 797012 535870 812475 401935 622763 786773 895641
578274 40856 443385 315712 163428 92713 827935 903533 673402 791759 921198 295431 210731 216002 627759 631603 852430 241458 240822 81140 745677 653699 22685 783341 982453 856486 94176 251289
41021 277622 45260 953289 20040 961301 254217 310220 25471 11927 114756 102470 153297 355378 200657 538184 489592 489911 264112 258028 316997 496308 41823 105937 199809 630216 672267 747768
53107 139656 55117 622841 860201 197525 796059 309519 204683 815973 999104 864916 377491 647407 31945 240402 714345 100717 124145 822624 733354 411750 910324 369303 235779 701357 982715 473181
860770 386559 402902 848473 763077 984801 531153 88826 645752 891052 274699 390806 172479 158233 229570 512509 664466 301040 798031 780481 840385 637429 38839 678837 962811 52196 693820 222112
46285 864922 34604 871390 110330 945049 602101 324094 575951 63391 129484 410595 34156 648666 930199 167004 858637 120593 243278 241151 909215 858191 736986 757653 395640 42986 684617 821059
923454 929853 402823 569834 750753 870820 91045 461635 861621 86442 390240 22994 869003 472498 797804 956118 253017 167623 514630 934423 690847 172446 520201 45082 876852 114930 893681 328631
539021 447120 104344 175795 452851 317258 49920 800309 784090 338224 481573 595227 275784 186609 837848 966250 226847 452450 115764 161566 924520 625533 221758 105420 100705 667485 197853 173964
328489 652613 535140 608994 218268 710919 533557 371065 233372 255851 626937 893141 905064 208743 164183 782239 767807 241148 544448 142881 369879 197404 78194 148873 570909 979272 325878 735967
728149 768880 950926 954364 118809 652865 458786 530979 676073 802519 246894 169590 655115 90906 61529 878752 640313 409036 727567 520969 715135 588976 596785 53069 294444 122913 214298 231985
952881 500866 274752 33680 211059 268925 746216 489850 813550 58700 440943 877579 43205 101404 697524 857015 183477 331885 50075 719422 179003 278696 607440 920576 548396 408603 180462 205868
953325 789143 600323 475754 245463 411340 541113 323865 365443 574558 90797 953317 180616 202053 911589 835064 29112 974287 256800 759867 472151 708086 771950 210977 227986 514652 483185 609505
562250 896446 599938 191046 363563 211735 633429 767955 83447 778502 971232 124239 993678 735528 558328 15145 758818 517473 21483 432918 17145 955840 683474 841093 624895 23006 971549 762711
