27 61
669789 103190 319528 14570 306537 331127 67017 423711 468501 109332 223749 335019 323089 553391 207404 652219 40878 881648 575673 102194 421801 585762 294365 116293 890568 401376 545771 138510 502270 558797 200388 245444 666466 706983 497932 367063 674753 809913 617544 247364 824759 850992 448523 866147 342596 87171 308800 973190 209869 219642 17692 426194 694030 376193 923857 645123 181639 387374 343574 954865 630561
888785 392058 584285 968511 801422 246633 741483 717275 783691 655869 843919 138589 916162 714333 303945 551742 627629 17404 547604 549795 770386 935441 849741 320638 448704 697504 352006 343871 629975 151143 374385 897518 993663 265316 914871 430592 98105 883941 279004 431883 498859 611704 680502 690318 275743 672206 102967 667083 410309 70758 385810 868811 947168 117058 438716 388133 928346 917774 427006 650261 581376
707352 988879 964838 882541 139943 921182 834073 629982 803767 122550 458408 87438 935617 113499 817203 916530 172980 325583 697092 854102 931099 92806 903147 666554 195337 392700 164944 320873 732799 862634 345604 456607 965593 231424 869160 296180 279458 378930 421484 643292 944849 788043 481404 214630 16298 877064 214465 34005 508924 867407 935835 326009 276682 73038 328429 424419 452567 632713 350143 304100 778779
100102 898129 381942 451580 984205 175130 303847 798759 256816 638396 343219 976964 664975 927333 451935 904659 81489 555346 120334 35010 437733 26414 625457 882796 426448 217300 326250 451993 212568 484728 481130 592676 150998 608753 700089 469465 627473 760179 768494 17632 961862 443952 398876 194871 274145 827991 6811 387474 26400 36998 865622 874627 864267 761418 616056 100538 760767 512949 54377 424682 896553
401617 673513 600232 278939 676430 907949 148860 429565 329935 983754 205935 197370 57111 230354 929904 157695 611091 337549 558874 480446 50629 403224 437698 791671 429457 479861 120636 253315 49941 686693 958767 693890 133030 458721 843047 959478 131535 504118 190284 448671 479139 730272 624474 667669 289915 52182 479678 52982 662803 862324 320176 71495 819941 460520 241052 934770 576116 649262 711920 104945 185588
421499 129320 471286 250739 831195 28793 199944 394136 309696 341324 450404 715981 862277 549800 114214 458806 378509 598355 475959 135699 287986 962866 786781 518993 634645 269241 554044 677398 767634 676455 854004 665118 153869 497210 457754 854125 923319 323325 974873 194279 163272 719518 674341 906184 558330 399105 271827 89530 92828 439937 429919 471215 149818 752328 388852 427759 776616 701297 998942 924826 542657
377840 546247 908703 419101 695054 874921 144161 140143 837952 795848 401912 118386 855087 667181 846051 997858 684562 51397 363429 720083 699105 470494 233307 592677 51763 811035 265726 103936 741956 669339 964814 317239 880761 691953 791498 337849 505204 2910 664891 3934 805054 505823 469889 470541 324429 701812 317905 226146 753765 481466 189479 276990 83418 857505 315053 184339 229117 518124 5437 196588 35148
8469 521621 314911 973312 761276 897303 766099 785351 696636 757956 921509 160389 109260 364306 870511 862070 452268 760023 252186 367693 646341 481860 314945 123967 31782 931947 611939 309754 489225 724692 706179 673859 57027 82938 271017 268428 961257 332328 130507 797596 941033 403850 77513 70700 701045 394535 609171 502891 635199 590093 927288 212764 217130 22702 739844 382426 480323 255479 124492 108037 75088
843784 966772 240811 544692 974906 147044 714039 78772 731658 16605 801345 591207 260843 537674 888944 792517 138287 517503 986388 104479 655263 248436 132921 606687 759907 201269 629677 100382 314858 778004 136976 326081 197147 598525 8164 454353 770958 466575 101804 985088 155058 598282 863437 70443 69550 9281 457247 574426 458722 624429 815396 450023 335188 186660 83146 821960 411449 590838 806280 239655 733088
848975 507687 85685 300851 984036 567023 350094 674952 322791 760657 442583 628000 425602 705422 181553 914409 140921 786432 464351 332004 882679 819957 890368 23704 409392 753499 877633 803253 318138 496277 806215 173730 614440 755347 319902 17113 200161 463899 688551 984955 32358 732442 934121 340243 231729 753734 936634 406471 661605 483896 546907 539869 229125 173742 240143 243140 565668 853999 878722 45856 151340
377468 944283 630831 593607 661936 368797 872831 745034 431493 528285 117644 882574 349012 519412 801972 337358 805516 511055 73886 398948 214427 185905 390553 885802 265560 7563 797298 820030 137405 782745 41797 626500 626866 247661 349023 848554 162107 616202 711570 620799 209030 810318 622902 556502 607481 520573 284047 255465 62595 197556 694364 50135 997898 159580 390862 783307 599373 802168 988804 618295 277413
626819 965205 940566 486569 409091 833927 600594 864422 800770 22630 279141 832714 502024 488019 484583 40674 481631 668069 314786 476397 274393 697294 838407 892750 331446 370066 28065 153944 538994 163061 291539 739560 302448 542109 363660 159827 842922 274981 450698 530226 650831 715443 79682 893613 591028 567620 526129 100666 3431 176992 318126 547432 675210 594763 634619 164623 970143 735807 53963 543890 945
511586 66557 901807 489650 658912 797730 308981 820357 614019 60057 552970 381823 786361 36392 441385 223882 498166 624101 785204 832458 82530 415208 293792 191677 889891 387343 197924 620814 20853 997801 96245 403837 896156 160229 865294 1195 996408 825140 955155 6114 757487 798175 142551 305653 536435 810577 895376 803018 169015 837981 171532 792036 181243 579787 603245 567869 649642 469627 588785 229418 337905
275487 168650 67495 495165 726905 949949 965579 425588 786297 795080 440579 377245 213039 440770 493070 415726 941484 877993 323879 500889 868406 626097 321875 361777 504060 196564 154738 242025 623440 244159 181422 72616 411272 419985 733424 510503 134596 727311 382391 932497 831549 647973 839917 532882 555909 426932 502886 119618 499475 187399 443101 801521 508879 954484 784795 626464 146228 805532 801416 28792 467766
837418 910054 501109 559140 910418 822452 998483 390686 914243 700380 640295 453485 792857 812811 976254 854042 663045 226719 40271 403978 288678 384096 608131 94054 242889 830226 224927 869300 587770 163777 534380 362009 65088 780743 132992 874428 727929 576160 842430 721300 610485 818335 622533 513082 364491 373098 632073 190244 225960 118332 204097 547596 391037 987494 208482 171933 720648 881495 1354 447040 225070
868102 717293 680053 17865 805031 638409 378797 874307 501979 962431 886341 411361 133028 246651 488829 512902 180755 515611 833927 58909 11726 826096 299670 641470 105208 17807 7457 467111 295954 149263 202815 521466 568043 34421 842413 49132 687150 572277 89661 669937 680593 365916 454191 667146 840235 581954 154313 479240 825668 340738 307093 870051 706604 314855 809084 297557 893945 154773 838109 221044 939604
800328 218921 480768 96781 598341 70518 851797 892115 650960 15796 723615 742927 440779 812316 784396 62011 560718 909710 299875 457603 856526 536358 541052 434631 465963 949012 103740 245697 196881 273745 745465 657332 305053 634403 434008 722647 296120 237152 792470 88473 53750 398261 567039 602221 182542 171716 665484 980953 592360 192791 590856 586923 685773 761548 727249 203045 904230 598087 714142 958202 788107
387016 290879 546666 537654 611802 205786 294085 155075 491187 378804 179068 162648 59142 822941 716040 418365 317309 942396 450730 615970 113552 561586 912741 485393 357060 366438 347124 17416 276631 117296 149171 802005 808011 893379 291266 353434 14093 362686 869698 951270 337151 181509 929525 825540 64972 260833 194191 301523 212596 764112 850995 4196 93804 23314 186920 824702 242689 724130 769523 248115 416315
570983 628796 419801 25205 235886 314768 239766 127003 530123 180229 728012 503506 467877 366137 321698 482988 508957 158211 352488 194327 610274 737155 854056 533393 736736 787109 223804 292051 753475 57387 536823 903297 575489 963830 774428 501393 819981 320311 16157 591830 552741 628555 207254 965169 84246 89038 469456 441688 83588 200493 306656 5927 865743 552483 697809 709295 584599 46643 17981 603579 99265
397928 447967 323309 499278 6904 295449 157410 660532 153010 491948 528744 502289 654701 165277 120070 810794 815651 753289 582205 431304 411153 54463 946160 196866 623306 752417 984801 278714 573893 862568 760331 376417 357994 715987 54448 194713 275149 912713 671775 927172 566422 430996 539256 655984 562577 444124 905398 216917 472499 741382 831749 760299 989133 733605 365135 819820 693895 421968 410967 38201 490828
581716 41880 887143 787160 822576 704835 199130 22543 427209 740416 157287 434506 896470 331478 345726 771898 105431 467864 163415 422993 360546 433659 785047 845108 202162 199793 41313 464394 606402 641962 739361 476680 611537 581616 577842 395893 567710 712410 512505 917117 86719 699013 75672 602780 618822 785041 790525 94762 782471 720890 924293 225701 559838 86681 803256 57233 612081 672780 173067 128320 339222
419030 621581 912106 15181 137080 643499 11854 795369 894379 795850 524415 139700 74502 159661 919633 328707 912150 96962 317770 650344 628142 956519 952501 988333 138032 3369 774199 475389 425601 978946 316034 882479 685036 354691 686725 665191 207403 155892 58697 240868 932051 382011 975505 679474 998312 831634 971356 468354 319304 287135 200422 593689 987152 285810 174378 664067 725609 986953 85253 419450 481636
873070 644138 574410 494246 320531 830787 889433 477787 926719 573248 381416 244257 41269 559079 137207 887060 863775 432814 854690 719764 679250 676024 539750 560651 374238 452373 336653 900269 52177 714017 901290 950032 931940 429290 520604 840632 69445 861961 460424 918593 557237 307667 234865 906 744411 442435 165381 517548 140808 818738 335165 863844 999370 473068 462663 959003 269820 483809 970640 970517 324077
763641 364543 387059 529809 432640 608217 384432 265091 806220 130586 527654 271416 785049 298635 16004 201973 703712 666424 61616 850825 539050 435095 727843 598675 11133 471721 687968 160465 593291 984866 167505 136928 69340 120748 617338 489512 344019 339585 168601 681230 678771 505997 556573 818006 581967 968917 272749 666640 848843 332459 344958 487577 351358 361151 10546 944362 116867 908474 489164 894375 638448
511741 500774 404674 360343 201990 858665 243337 586639 677150 178557 33028 772941 373769 281615 689523 565702 518285 665790 346624 176416 973225 292225 10915 332221 846274 170279 475849 684742 665818 145543 403075 920242 234911 337813 358504 502866 637614 881247 848886 532498 511385 43384 580328 769808 124529 752919 876705 836015 177842 796611 125512 790128 409226 139901 496379 230326 111028 578162 513786 324913 194610
862452 458367 788375 139150 790787 578289 617929 41643 424338 495150 419501 145821 348887 884967 229990 609620 160964 269783 933887 940030 921904 372256 86135 259990 84496 529715 609786 160159 31140 821435 841931 812312 699108 369260 630801 763936 568697 975495 924553 547548 109583 357902 250179 438187 430366 37975 83905 6855 396818 880465 218752 212941 107784 671259 363377 382141 953368 922414 773463 527321 366789
633343 601139 387627 351260 139637 170918 867593 22422 129665 927916 913356 457944 395708 31185 392157 732422 92853 590748 598976 669362 332801 34029 109356 150983 973000 631 918556 147695 605729 970351 695704 372371 398266 758606 877754 302410 201835 729165 874927 520476 658740 753632 807791 178203 768380 735319 503732 908730 969534 565472 654367 345429 640865 139347 921295 181143 351697 296240 714521 600627 193783
