585
1000000 999999 999998 999997 999996 999995 999994 999993 999992 999991 999990 999989 999988 999987 999986 999985 999984 999983 999982 999981 999980 999979 999978 999977 999976 999975 999974 999973 999972 999971 999970 999969 999968 999967 999966 999965 999964 999963 999962 999961 999960 999959 999958 999957 999956 999955 999954 999953 999952 999951 999950 999949 999948 999947 999946 999945 999944 999943 999942 999941 999940 999939 999938 999937 999936 999935 999934 999933 999932 999931 999930 999929 999928 999927 999926 999925 999924 999923 999922 999921 999920 999919 999918 999917 999916 999915 999914 999913 999912 999911 999910 999909 999908 999907 999906 999905 999904 999903 999902 999901 999900 999899 999898 999897 999896 999895 999894 999893 999892 999891 999890 999889 999888 999887 999886 999885 999884 999883 999882 999881 999880 999879 999878 999877 999876 999875 999874 999873 999872 999871 999870 999869 999868 999867 999866 999865 999864 999863 999862 999861 999860 999859 999858 999857 999856 999855 999854 999853 999852 999851 999850 999849 999848 999847 999846 999845 999844 999843 999842 999841 999840 999839 999838 999837 999836 999835 999834 999833 999832 999831 999830 999829 999828 999827 999826 999825 999824 999823 999822 999821 999820 999819 999818 999817 999816 999815 999814 999813 999812 999811 999810 999809 999808 999807 999806 999805 999804 999803 999802 999801 999800 999799 999798 999797 999796 999795 999794 999793 999792 999791 999790 999789 999788 999787 999786 999785 999784 999783 999782 999781 999780 999779 999778 999777 999776 999775 999774 999773 999772 999771 999770 999769 999768 999767 999766 999765 999764 999763 999762 999761 999760 999759 999758 999757 999756 999755 999754 999753 999752 999751 999750 999749 999748 999747 999746 999745 999744 999743 999742 999741 999740 999739 999738 999737 999736 999735 999734 999733 999732 999731 999730 999729 999728 999727 999726 999725 999724 999723 999722 999721 999720 999719 999718 999717 999716 999715 999714 999713 999712 999711 999710 999709 999708 999707 999706 999705 999704 999703 999702 999701 999700 999699 999698 999697 999696 999695 999694 999693 999692 999691 999690 999689 999688 999687 999686 999685 999684 999683 999682 999681 999680 999679 999678 999677 999676 999675 999674 999673 999672 999671 999670 999669 999668 999667 999666 999665 999664 999663 999662 999661 999660 999659 999658 999657 999656 999655 999654 999653 999652 999651 999650 999649 999648 999647 999646 999645 999644 999643 999642 999641 999640 999639 999638 999637 999636 999635 999634 999633 999632 999631 999630 999629 999628 999627 999626 999625 999624 999623 999622 999621 999620 999619 999618 999617 999616 999615 999614 999613 999612 999611 999610 999609 999608 999607 999606 999605 999604 999603 999602 999601 999600 999599 999598 999597 999596 999595 999594 999593 999592 999591 999590 999589 999588 999587 999586 999585 999584 999583 999582 999581 999580 999579 999578 999577 999576 999575 999574 999573 999572 999571 999570 999569 999568 999567 999566 999565 999564 999563 999562 999561 999560 999559 999558 999557 999556 999555 999554 999553 999552 999551 999550 999549 999548 999547 999546 999545 999544 999543 999542 999541 999540 999539 999538 999537 999536 999535 999534 999533 999532 999531 999530 999529 999528 999527 999526 999525 999524 999523 999522 999521 999520 999519 999518 999517 999516 999515 999514 999513 999512 999511 999510 999509 999508 999507 999506 999505 999504 999503 999502 999501 999500 999499 999498 999497 999496 999495 999494 999493 999492 999491 999490 999489 999488 999487 999486 999485 999484 999483 999482 999481 999480 999479 999478 999477 999476 999475 999474 999473 999472 999471 999470 999469 999468 999467 999466 999465 999464 999463 999462 999461 999460 999459 999458 999457 999456 999455 999454 999453 999452 999451 999450 999449 999448 999447 999446 999445 999444 999443 999442 999441 999440 999439 999438 999437 999436 999435 999434 999433 999432 999431 999430 999429 999428 999427 999426 999425 999424 999423 999422 999421 999420 999419 999418 999417 999416 
6841
163 241 26615
5 6 8884
28 111 27099
238 244 27605
137 256 19770
186 225 16519
83 89 12498
86 123 3819
58 141 25
157 255 11169
96 176 23618
1 2 29675
141 221 17133
14 27 27718
5 6 225
6 16 29893
152 168 25755
27 46 32467
97 127 30622
120 214 26666
6 7 5825
68 115 19741
10 268 24818
1 9 22664
5 14 28964
3 89 25097
88 194 872
111 249 6981
54 132 20057
68 126 13164
19 109 20842
11 48 17466
26 186 28083
15 16 7716
28 76 8782
97 253 12658
44 53 1644
120 124 28790
52 190 27296
3 10 11043
43 98 14358
218 264 7850
10 14 32688
133 204 21485
169 285 1090
187 258 32229
93 95 12894
66 214 25937
152 203 15730
66 140 8517
59 159 19749
61 78 29811
112 209 5948
7 260 13634
78 166 16742
63 93 15123
5 16 17343
251 281 30020
41 61 4086
223 282 8393
150 178 19019
10 24 6016
91 144 14569
61 89 128
175 286 843
104 110 19223
10 57 16032
19 68 26165
65 66 25973
11 19 9328
227 231 2064
12 21 16623
57 140 4149
58 230 5077
58 104 11860
112 271 17665
49 192 16213
116 281 16972
114 184 373
104 259 31359
86 216 5105
91 106 28855
148 162 20600
166 254 13309
1 156 24218
40 113 13614
103 134 16553
24 27 27023
127 151 22216
133 135 12956
31 65 16422
10 116 13308
113 205 27525
4 92 9880
3 11 24493
58 198 25668
164 183 6487
69 260 27013
79 124 8106
1 2 29524
83 110 29038
49 239 15597
198 231 31867
132 167 17928
103 201 15886
96 215 1049
20 157 17926
24 25 353
53 61 28734
14 25 17140
74 117 3709
131 233 27399
40 45 17073
121 162 32544
63 146 15471
44 264 4608
165 280 15859
139 153 24409
187 204 3090
151 216 15282
91 290 2520
12 227 9482
56 63 3023
127 148 20758
266 279 14369
187 206 23597
45 236 24590
112 178 18494
127 145 29808
11 183 23911
40 50 23107
55 183 17929
50 132 17774
5 9 32355
2 119 12089
26 135 29732
33 202 19258
120 199 3183
57 58 22685
39 154 18243
64 254 10003
94 183 27988
97 114 28109
4 12 12705
26 269 30793
15 45 633
177 230 32738
63 148 32181
59 100 6752
123 276 10810
53 260 17658
16 34 19765
93 228 4230
29 59 31622
15 22 7883
155 191 30799
52 188 18999
3 11 6071
27 34 18532
80 87 18726
60 186 11565
14 38 11957
226 250 14149
182 266 20363
74 150 4237
14 21 4429
91 143 31650
86 272 18684
14 165 5456
18 79 28110
31 34 11250
123 288 22753
106 276 2030
41 229 4837
10 14 10174
24 68 3333
145 287 14161
12 106 21690
9 75 15784
47 163 27218
1 15 27896
22 99 28746
50 214 186
11 98 32208
13 95 29290
139 157 2311
44 144 22768
206 275 11744
16 24 20445
24 92 7341
132 218 6919
27 119 18356
19 20 12327
29 250 2406
74 85 13190
4 11 1298
50 77 5604
89 96 545
169 228 12557
7 12 1609
20 34 19944
107 198 3375
100 202 14814
160 163 31858
8 51 19175
56 167 26910
9 91 14504
21 140 32747
32 117 22114
131 147 29658
25 30 19611
133 155 20240
60 92 17108
269 290 28673
6 7 18600
161 172 28988
57 119 2844
134 210 17541
212 222 19991
65 72 31231
53 126 2861
60 163 4744
271 289 20046
59 79 26784
69 209 15860
11 177 15731
34 200 32736
130 160 24533
125 130 11402
158 291 16728
208 209 4820
106 146 12737
40 264 31386
102 289 29577
3 31 12342
74 206 31790
144 214 15380
6 67 2424
3 8 4323
31 100 20747
97 234 18
1 64 465
71 155 14225
86 190 10024
6 117 15626
73 184 19414
76 184 6684
52 102 3887
117 281 2613
32 58 18681
19 277 17944
118 242 26854
50 85 21054
60 65 1215
12 72 19602
63 84 5282
31 144 27439
49 79 16083
10 12 297
62 281 23822
27 73 16279
189 209 9065
10 11 22605
107 153 5406
24 68 29951
1 60 19925
31 38 28885
181 252 9805
40 74 15247
161 235 29035
17 35 5319
49 253 2845
5 42 13052
187 196 17560
25 159 15715
33 36 29136
135 238 4276
140 167 2625
151 276 26224
9 39 867
134 135 29516
13 214 21851
51 272 15562
11 89 2763
236 267 3881
121 281 25291
18 49 29740
94 214 30835
144 180 8301
113 253 9599
251 276 20537
456 501 32244
298 338 20004
411 472 24781
355 435 11473
341 368 15894
329 339 27311
469 477 27915
416 500 4498
402 565 19719
318 385 15727
323 346 622
309 342 7339
322 379 31962
298 461 16821
360 403 9767
326 402 20712
318 321 12866
370 390 1769
430 448 5563
320 387 4858
318 422 15758
419 455 7674
409 574 19619
361 483 25095
324 352 29672
302 481 16389
532 560 36
294 395 6001
304 311 1225
354 415 6728
325 336 11631
403 478 14826
420 522 18367
342 450 27464
494 514 5627
359 435 12216
304 331 32355
308 311 23872
294 321 17954
469 506 23620
311 357 18068
397 514 18893
296 494 506
326 342 29929
468 491 14584
410 582 21207
410 483 13429
317 319 6394
369 408 28596
333 336 31938
442 556 15548
311 338 30996
313 325 29034
374 458 13781
404 517 13767
298 413 6565
359 574 15475
403 411 30442
343 387 5185
342 449 31932
303 531 28254
377 406 26967
396 464 13978
317 381 16147
429 472 17319
339 434 15899
322 326 17260
322 329 29785
316 549 27579
313 387 8780
382 488 29202
295 361 20164
343 533 27948
511 579 31936
325 328 6534
322 424 24023
416 493 5681
304 338 24825
358 401 8571
313 350 28783
294 306 13664
437 445 25430
321 385 12731
356 515 26132
318 328 5806
320 421 14967
385 492 15298
299 465 31613
341 522 166
423 466 23024
302 310 15002
335 379 24164
403 413 11752
359 413 29234
298 306 17656
320 394 5259
376 459 32485
375 406 438
305 440 19864
353 565 526
301 328 24536
334 480 25450
298 301 11733
312 331 6890
324 329 7943
301 311 1632
304 332 22155
294 315 3022
360 488 12091
311 317 15028
293 364 17201
320 558 26144
390 396 4733
351 514 16317
405 480 2865
301 326 6994
421 509 26898
389 494 32632
302 336 11658
359 510 21351
325 417 24760
347 528 9008
352 458 29352
302 360 27328
302 416 33
323 355 28018
460 511 131
378 501 9003
322 357 2735
314 338 1327
319 386 31990
419 440 21549
316 326 30833
357 585 7731
340 496 23137
345 574 9870
294 412 15966
494 570 10949
403 525 10881
486 542 10021
378 562 25296
293 355 671
344 432 5006
293 311 15589
416 436 6722
299 303 11024
315 577 17301
435 516 20008
294 298 26701
340 562 11374
316 416 32280
478 559 8507
331 438 224
309 333 8385
386 543 8163
348 538 17449
370 403 26047
389 477 26542
436 452 13616
376 581 1995
294 295 31806
513 553 11169
347 401 32254
313 338 23055
477 502 5950
468 482 9277
354 441 31918
294 510 2952
317 332 12647
345 367 16904
329 360 27359
383 428 19510
297 299 21414
310 319 12114
299 466 12426
349 585 27542
408 536 25577
485 497 21093
434 534 14688
376 526 10221
346 431 22553
334 394 15603
356 566 17507
300 366 6352
320 534 2392
425 554 13500
371 399 2498
518 536 247
538 561 9084
314 461 16766
324 333 21242
327 408 4931
380 509 27851
331 445 27681
319 353 24873
362 517 30476
383 561 25079
521 563 6946
374 433 15797
331 478 6063
310 530 25179
296 373 14400
331 392 20765
298 384 2903
294 296 26743
321 394 2917
304 326 23582
445 489 7435
426 521 2729
324 325 30423
355 378 12041
298 451 17912
305 311 16429
440 522 158
297 517 15203
301 417 8703
495 517 9815
504 548 21815
315 319 23486
490 580 11138
316 479 16911
294 313 12154
294 404 28118
393 431 19050
417 467 31116
334 394 20937
404 428 6895
324 420 636
368 436 16980
544 568 31866
420 517 27245
429 566 19676
466 482 16243
295 486 3461
306 314 31412
493 500 26849
354 453 19450
364 457 13681
379 458 31810
332 397 12315
314 330 11706
311 437 28027
299 305 19209
303 304 14754
347 352 27713
366 429 6920
412 438 16914
370 498 22688
300 355 2069
383 460 3149
308 475 9551
323 474 16929
415 563 3631
336 461 14907
451 523 15807
298 360 26137
348 379 17339
336 341 31664
393 539 967
576 582 18358
441 485 26125
310 558 5596
323 401 29647
369 562 24807
316 405 15077
415 461 22000
305 530 26908
424 539 23852
468 509 27879
341 410 8205
443 575 6893
388 575 14239
377 542 28756
324 410 8043
372 387 6104
396 555 2115
300 565 27661
294 314 968
332 353 23397
386 495 3211
375 468 25290
313 337 30739
489 574 23020
447 526 14125
425 520 6294
333 431 15961
349 351 7851
340 386 21289
354 366 28814
353 380 7406
359 576 22570
511 527 1555
360 369 16090
310 332 2272
330 423 28371
301 487 15784
543 579 19179
381 497 14744
293 293 15123
453 460 29392
481 552 6816
294 308 4090
456 459 25838
302 352 26675
476 579 30265
375 386 10774
430 443 19738
360 419 16442
443 511 8835
424 543 15442
346 482 2382
413 436 4512
363 384 15638
451 499 3652
352 355 31581
475 532 6977
497 506 13091
316 341 22875
348 505 22144
358 433 17685
298 312 30432
294 304 13943
390 549 24550
369 416 24938
395 486 28211
330 334 454
457 478 13945
339 544 10853
460 540 1697
304 404 20704
449 545 11762
322 422 14267
337 413 6776
416 581 22310
371 475 2335
414 498 26795
366 532 4922
333 362 21591
442 520 8050
378 413 32318
462 525 30029
370 385 26995
364 365 14797
314 330 25026
399 471 16608
409 540 28628
475 505 12941
374 383 21379
374 466 21536
296 304 11913
413 530 9428
304 419 32204
349 458 15004
419 470 2549
527 568 14106
318 353 10269
336 462 5620
346 348 2472
393 399 19702
362 391 1709
541 564 3016
310 538 20605
294 297 11304
322 391 25122
468 490 25823
314 413 25332
568 573 24811
544 566 5007
294 309 18838
321 387 22481
311 532 28025
328 494 4270
410 415 18316
323 416 20212
299 420 4318
463 505 1118
309 314 3211
294 296 19067
345 389 12544
399 450 12126
343 366 696
403 422 17941
306 332 13294
297 494 3403
303 305 14846
305 308 10409
316 451 21609
528 535 31191
406 476 19127
308 337 27687
375 479 15792
352 372 21067
461 504 7580
351 421 6061
360 361 31375
435 493 20287
303 307 17646
382 553 26589
492 562 937
427 560 4759
301 308 21221
302 338 16764
459 492 30981
362 407 9664
337 396 22872
444 552 19022
373 515 21207
302 347 25643
410 496 32430
364 480 17457
386 404 5520
426 496 3594
303 491 21508
316 526 1656
296 487 21799
312 513 32586
402 485 22686
311 352 12682
372 450 5033
304 322 18128
297 450 22163
329 494 30906
314 546 18174
310 331 6647
346 420 1204
301 569 7784
350 471 4605
322 328 24648
341 417 6588
301 302 32344
308 367 31923
336 475 21371
382 564 15550
445 581 16977
401 457 14319
294 297 28589
374 490 32458
354 538 7417
340 342 14353
346 402 12259
345 506 18913
457 584 9967
379 501 13075
293 299 21183
347 394 28954
363 372 14890
299 314 19927
316 462 9089
325 342 19989
302 307 26513
309 523 1203
357 450 832
549 557 6048
366 503 25306
335 346 6970
435 489 11880
432 449 23976
326 327 167
351 501 8011
374 579 31351
536 549 22114
419 502 8926
312 319 19295
362 582 2035
312 362 26809
304 306 12104
308 475 21519
478 516 9390
336 382 8185
348 578 27756
459 484 27876
549 565 23101
299 301 29884
293 293 13823
406 430 20357
342 385 29199
382 583 29404
305 342 28405
442 486 166
319 383 16657
374 566 30259
301 346 29126
326 419 22017
518 530 29022
371 410 28683
319 529 6948
307 487 6352
377 443 22535
395 514 9521
320 556 27433
311 416 5484
539 556 20769
305 329 998
335 502 9697
300 320 15492
404 445 3700
362 572 26552
317 545 31513
306 344 155
462 520 2916
505 569 28576
401 525 16745
396 520 11207
405 417 21023
309 488 16989
366 439 4223
374 574 10664
305 339 32263
315 348 23823
299 331 18093
324 336 421
295 313 10082
311 514 18455
514 536 17845
369 449 32109
378 438 9279
404 413 20013
456 570 29395
303 410 14253
445 453 19115
423 534 4546
517 563 17931
456 574 3854
343 420 8212
378 468 7319
327 455 29876
306 370 14706
303 460 8701
438 455 17822
332 356 837
381 493 29550
318 380 5090
322 324 2320
403 462 19038
303 320 2058
333 377 32365
396 400 11982
484 519 15130
378 384 11447
301 437 19418
295 313 23292
312 353 28306
542 572 28048
367 372 11688
328 500 25820
347 412 19636
414 537 9684
354 381 14209
294 311 4071
294 401 22086
295 584 16547
350 368 23402
293 295 817
490 550 24117
317 334 15864
341 563 13101
440 585 6910
345 430 15906
322 487 14311
416 484 17158
546 563 28832
293 487 21038
453 564 25623
312 397 8589
341 363 13459
571 582 18436
440 545 19841
304 348 12515
328 361 14042
306 561 3367
346 430 17002
347 419 21792
320 427 14747
386 445 26750
310 425 12957
312 503 21499
421 513 27129
319 453 2844
307 336 31213
332 333 18874
533 551 6961
450 540 9300
319 458 21226
383 497 24412
376 579 8183
356 387 17661
304 310 28130
445 469 11781
361 460 24082
293 314 7681
370 543 26651
454 463 31657
375 431 30774
376 449 26155
352 377 8014
312 365 15612
392 495 10785
385 547 29489
324 574 7525
317 319 2200
302 337 13048
377 562 20992
488 531 6265
296 394 26480
350 494 27107
401 443 27207
295 309 17158
413 462 11892
333 564 22758
377 422 31045
312 416 26736
295 391 19844
304 401 31234
542 571 28630
498 512 4538
328 418 16282
386 484 29324
304 345 32700
546 560 11908
544 582 2099
403 410 26828
334 430 25642
319 419 32326
457 546 27134
303 304 20441
476 502 12694
408 421 13770
334 396 17095
378 478 17843
302 303 14526
470 482 7407
569 582 14501
318 459 24481
298 584 18683
428 497 8348
348 405 9314
332 463 205
482 568 24005
525 552 5377
294 496 25898
316 347 5917
324 491 903
311 358 9237
397 488 2423
317 550 23123
307 314 32676
432 462 9291
319 446 31035
410 542 26983
297 326 1993
395 396 21398
358 444 3407
316 356 25123
416 455 5237
323 352 12960
331 396 16411
313 399 20224
360 532 6853
412 489 31813
336 340 25479
304 412 1856
410 423 14723
337 500 30038
549 550 2081
299 395 23885
408 560 9585
462 513 4235
468 521 398
410 473 14160
393 395 24786
364 562 8904
405 565 13365
448 456 28179
349 407 2618
447 505 9108
318 489 6185
549 559 3611
306 314 20118
297 373 13781
361 463 7512
323 434 22273
293 294 19070
562 583 29905
320 507 23793
313 317 5392
425 448 26297
413 486 16737
380 465 17434
344 370 12581
310 395 31761
298 309 2934
362 562 9170
296 297 4802
491 496 19032
322 477 21457
296 328 21028
302 470 12403
315 538 3770
348 407 25086
472 501 18573
297 375 27236
337 566 17733
294 297 27282
293 293 31923
305 317 28132
411 539 24193
329 401 14540
388 409 17593
297 306 1432
381 555 11630
299 311 8686
448 504 18232
489 526 6908
338 423 30978
470 583 27284
295 304 4819
332 358 16091
300 390 19675
494 548 3142
348 373 11364
481 575 3291
350 584 15992
329 380 236
308 583 26205
434 472 17611
317 321 21045
412 417 27693
364 371 4707
295 306 24363
303 371 24710
319 327 15910
357 362 26920
303 311 26876
466 469 30579
450 532 15182
398 475 17545
329 460 13001
319 328 29779
316 563 5544
384 392 2023
415 465 7925
297 385 20940
303 316 811
461 539 21194
379 472 6982
429 488 26122
417 563 32110
378 488 22963
350 360 4530
445 466 3391
390 552 5783
422 425 320
293 510 23657
335 359 31834
497 503 3973
332 417 6022
312 346 2338
405 574 14346
548 578 6971
324 375 18347
320 384 30633
363 382 27637
466 546 31632
420 483 9154
299 428 8104
328 360 7733
300 543 25364
330 397 24810
318 343 2485
488 531 31507
320 386 18500
299 353 8617
322 383 18333
306 310 13574
515 540 5618
353 385 27269
421 423 30702
304 345 13550
345 426 25838
304 364 7395
386 440 8394
522 552 5772
325 356 11000
356 563 5157
341 490 28138
293 304 11589
405 432 2794
350 383 16638
373 401 7664
564 566 3352
368 400 12832
373 419 24343
473 558 10993
308 573 21467
297 352 28459
407 565 8424
323 504 31298
301 318 11965
319 322 28086
293 315 28111
373 378 8065
391 416 22520
402 478 17336
297 302 3701
316 442 32487
355 505 2261
340 510 15323
323 356 25441
366 376 23244
375 394 7141
298 544 2347
360 381 477
338 403 6267
513 543 23420
422 503 20482
309 325 21256
309 310 18487
472 497 14449
325 457 12338
400 406 4412
331 365 15501
393 464 25877
394 477 15476
297 305 16290
447 481 15579
413 568 4208
385 457 2832
456 461 30738
295 353 7968
355 357 15811
326 329 19405
302 401 11056
300 330 21765
391 435 29753
524 570 3867
311 322 11971
458 551 14380
482 494 17135
307 565 10878
440 519 13912
389 471 8632
376 509 21798
394 412 26173
416 426 4631
375 410 6428
354 565 4806
423 538 24651
339 421 20452
484 540 9768
454 489 2326
346 388 20597
305 531 6841
359 375 4688
302 519 6074
294 502 6605
305 369 29762
337 436 9534
378 539 7661
373 459 21846
300 434 9401
366 489 10395
362 474 9215
400 516 16880
336 338 32004
356 401 16153
378 461 15632
329 447 17797
382 421 18188
484 535 23236
306 378 7437
351 488 27508
366 552 95
303 399 24201
328 379 7915
441 554 3133
303 359 15113
330 545 14087
363 390 14114
360 381 2669
424 434 16559
307 326 30356
541 579 3693
321 329 20684
559 584 21484
355 487 16530
423 578 16575
315 540 32197
330 506 11247
352 400 4084
322 424 31880
294 298 26645
363 382 1621
508 511 9483
438 457 32297
506 571 26807
371 492 27459
452 537 9877
335 382 9140
298 585 5646
315 336 32712
305 338 16903
323 336 5351
328 332 23636
557 567 625
369 574 22297
580 581 15211
388 427 8002
486 554 20012
428 566 31378
331 362 1864
338 464 20736
360 437 32609
398 563 23637
325 339 15276
294 438 10830
318 360 5966
329 481 23724
306 377 16349
350 489 28659
377 463 14754
355 446 23763
342 368 12410
402 458 29030
553 566 24669
369 579 5831
351 569 11513
381 454 11450
306 346 8679
302 386 2128
357 534 7516
406 487 17359
324 366 25966
501 554 15692
315 490 27702
458 524 11958
392 436 8579
385 429 1342
303 583 28893
312 469 22372
302 331 247
332 440 24598
389 418 1521
379 422 2714
298 303 2547
337 431 11841
307 332 2060
336 345 27155
307 317 9046
427 445 28660
295 322 14538
362 377 19439
311 329 5203
302 391 8116
323 331 16891
380 549 13151
502 585 23114
324 326 29737
298 377 21799
353 399 20114
299 311 28901
496 515 5411
332 384 9026
344 485 9695
333 389 26742
303 328 4077
307 358 10416
436 446 26674
448 562 26256
293 316 5841
437 495 2427
416 534 187
383 399 27875
335 495 22507
305 534 31187
317 405 25045
332 443 605
409 518 30513
361 493 28358
303 312 12596
509 540 6781
373 439 30658
337 365 4927
400 499 16722
352 530 22265
314 388 8303
321 429 15684
307 477 1051
322 407 32659
485 530 10119
309 311 24427
375 376 25302
298 310 19512
392 556 12774
329 486 12957
409 535 10070
430 557 23898
464 531 28992
379 472 5135
517 579 25185
316 321 32398
527 579 28073
356 393 21372
354 435 31584
350 371 3944
490 541 18024
309 328 28071
310 349 21832
302 435 11926
425 574 30205
297 478 28432
530 563 13512
451 557 827
379 535 25968
350 396 31477
351 353 21427
424 519 16525
310 337 23259
329 350 12939
328 398 19887
470 507 16305
324 467 3898
536 546 30845
308 336 21023
442 504 19414
382 474 30577
462 525 19621
317 394 18253
319 452 31887
293 295 3230
323 324 15369
295 313 19163
386 457 14965
370 479 8096
438 505 8472
301 327 15211
295 319 18941
307 400 999
339 429 12325
295 316 14220
338 344 30870
293 293 6060
484 517 6699
449 471 5994
300 318 6942
329 566 22996
308 439 15260
377 457 6879
325 357 15016
391 426 10800
391 529 3702
351 356 25882
397 414 27381
335 353 27609
338 510 21857
516 565 29719
349 519 3140
346 350 20260
342 357 2215
387 468 1124
323 503 2152
325 327 20703
310 351 15079
399 558 764
311 517 8340
310 387 5580
428 462 17147
300 401 12648
401 508 28261
313 503 24157
298 302 22310
364 414 22548
314 368 25647
395 412 3761
423 569 1410
318 430 8942
366 411 22668
361 398 1743
322 337 13735
318 359 1093
346 464 26914
352 365 18209
293 293 12338
389 477 23425
351 459 3906
416 449 25265
333 443 26711
299 412 19144
323 355 16533
455 543 23748
412 580 10583
336 378 2509
381 471 11410
400 525 13761
349 418 31375
296 297 18561
366 574 31978
494 563 24134
410 418 8404
295 298 3677
308 549 24331
319 580 15640
328 400 21003
455 551 6377
305 527 7003
435 437 3020
333 341 32521
295 417 24978
298 328 2227
413 566 30901
354 524 20396
295 464 22189
382 506 6174
331 385 14861
461 569 11578
341 474 5062
324 406 29906
307 359 32358
385 442 30456
310 359 9518
322 484 29806
320 336 26193
293 309 15630
311 334 8899
304 306 21366
395 428 29520
386 504 7578
430 465 11777
297 379 31243
374 481 6137
555 565 8210
296 298 8008
299 302 17646
323 331 21867
440 497 10974
370 545 28271
443 452 3767
453 490 4598
448 509 28469
320 488 8842
306 345 30033
354 448 5381
311 321 26423
435 515 21751
328 330 6072
417 449 21582
491 524 16971
333 359 5038
306 407 18422
503 561 32317
384 426 23483
310 554 11978
318 327 27995
349 398 28060
317 364 6029
411 471 15698
302 478 4860
317 353 29319
311 333 16803
370 388 25932
404 553 24173
328 425 7311
349 527 19222
421 470 13059
333 357 27329
317 321 29229
542 565 462
331 508 2967
294 313 17346
498 541 16744
295 309 7781
293 313 1734
302 311 32109
387 458 30153
328 378 17470
348 472 15353
302 383 9136
300 467 8063
299 429 20448
342 531 20114
539 574 32358
302 467 6094
341 414 3991
340 500 17779
309 344 26003
432 516 28349
314 484 16973
450 513 31185
335 382 8667
372 384 3583
296 318 30885
320 439 10555
322 354 5448
296 301 15649
333 397 13400
351 365 30437
314 426 10301
404 536 29428
352 354 25044
330 526 26681
349 527 14004
410 478 8252
294 297 2066
376 406 10399
388 420 31167
363 400 24474
390 429 19128
396 437 8331
433 540 10557
485 517 14007
435 438 6767
490 525 11208
355 517 20955
425 541 21682
322 329 12165
463 570 31491
464 517 6989
375 535 31178
311 336 10949
294 443 27802
439 569 31437
294 534 29775
326 339 30870
299 301 26789
315 323 3541
296 410 24261
322 342 21074
318 329 3141
440 553 6424
353 359 2906
296 297 31208
336 481 12332
487 494 26565
377 438 18570
320 371 2996
307 318 5741
345 558 1791
354 401 27407
319 496 669
439 504 19333
326 395 6551
455 490 18702
306 483 19056
513 574 1704
293 319 16395
478 498 4736
305 331 31868
300 301 5456
295 299 20675
474 543 13021
497 536 8814
392 557 7683
413 453 23690
356 556 10255
343 465 7022
550 579 18020
311 376 15178
315 325 31381
394 402 32634
304 438 2172
359 570 7435
352 370 17142
301 482 7425
376 443 17225
302 311 23342
328 418 26728
396 498 27842
303 305 21127
293 306 1509
352 472 1217
318 404 6119
312 467 14782
318 332 27125
538 568 6557
315 425 27740
354 445 11916
296 443 2735
298 469 720
310 340 23413
315 494 3635
338 478 19500
326 441 21006
342 500 24256
428 433 2661
482 513 18888
387 425 32728
352 573 24358
330 450 6478
409 489 5344
325 355 7593
426 449 31304
406 439 29922
434 494 22479
314 351 30048
338 412 16920
319 329 13672
414 572 6437
373 562 16880
433 525 21173
345 442 21319
364 400 6953
296 308 27975
389 468 23179
391 452 7183
302 308 5009
302 309 32635
370 387 28843
396 403 26314
388 407 14208
467 471 11066
347 417 21863
408 426 4996
297 432 22464
376 525 9075
393 503 31026
366 399 8728
302 429 2368
506 584 9793
431 485 26038
426 503 27708
331 549 5584
299 376 26903
390 568 25909
403 485 20175
306 421 12570
434 504 21041
342 417 1060
376 485 20065
323 466 11747
300 583 11065
351 513 18692
328 431 771
485 491 12163
427 466 14649
412 413 16004
489 580 22352
331 388 5026
316 395 26048
355 372 11220
392 492 26299
317 402 4148
514 547 25943
302 527 5963
325 438 1819
461 527 16823
494 506 1830
435 544 28476
405 409 18803
301 454 9642
299 335 6626
297 317 29973
452 488 32262
307 309 15696
297 366 4601
316 335 18104
300 310 1947
356 390 21670
319 323 23808
293 387 8734
503 570 2572
310 315 10657
342 490 3676
481 549 16168
352 427 16404
399 409 28588
317 553 20783
310 402 23496
544 574 1113
372 548 27488
354 538 19333
451 501 22096
302 330 22967
305 506 8837
318 527 24255
514 532 29209
448 577 32463
300 309 23625
312 350 28990
381 403 8792
320 434 22736
431 535 28095
304 422 11603
446 477 30523
297 343 16772
312 412 3738
300 502 24934
312 371 2379
296 299 1181
360 470 12841
484 559 28006
326 354 32509
424 573 6208
422 551 8341
314 393 26992
361 399 2201
335 363 23762
345 412 19546
488 551 29122
335 355 28239
293 294 28674
353 533 8195
369 501 17377
368 430 3223
361 381 24342
329 391 16426
469 513 6408
491 541 23240
293 339 17530
417 461 32174
377 559 27092
535 567 22523
372 412 7301
295 359 29749
432 547 1837
294 295 31266
372 535 23949
293 387 4324
431 526 13431
523 539 31587
314 508 7982
296 476 32093
318 472 12025
308 450 8634
469 478 23766
427 446 11001
306 311 20109
366 440 23758
310 333 8085
534 549 31302
442 464 11145
459 478 22034
374 375 6946
293 294 15043
434 494 30188
513 525 20255
340 447 2608
305 306 32474
342 441 27084
403 510 27217
328 341 22002
297 305 30
302 324 3327
401 472 14752
363 396 21739
343 435 4037
323 391 8711
313 371 12224
356 400 11515
303 360 20328
307 331 31811
300 336 20346
362 526 9382
317 354 11769
465 477 8531
372 414 13644
304 309 28583
381 547 25860
361 561 25548
396 435 22335
293 348 17076
364 463 29225
474 479 25372
328 396 5897
410 464 14994
318 476 18648
303 339 7359
312 487 611
329 438 25180
505 530 14415
516 521 31394
379 545 23979
351 356 25872
383 398 16849
387 451 2775
354 453 21693
528 555 13914
294 421 23336
336 346 19578
322 374 28173
293 294 16036
322 568 22876
448 450 15842
507 549 7176
297 299 22109
320 329 32692
446 479 6156
318 420 2220
295 326 7304
407 441 28397
367 435 25411
415 465 30566
470 535 29832
314 369 28857
426 563 20756
346 557 22827
441 452 14122
498 511 23419
506 547 1905
463 480 28377
393 482 25332
294 549 2624
353 452 18723
434 503 5583
300 449 22444
398 428 9471
295 384 10100
426 529 6858
306 341 26922
302 307 13588
295 445 10525
298 315 12034
336 464 21857
354 376 16890
311 493 4717
423 526 23428
313 327 27051
310 369 29256
300 317 15034
382 498 3794
481 492 25428
303 308 27886
351 407 6924
368 583 8376
380 502 22377
367 421 30384
356 469 520
332 338 26737
301 314 11714
305 384 2018
297 363 6426
330 352 16634
361 425 31566
434 522 22117
321 355 9957
337 338 6068
356 380 18333
324 384 4065
296 303 15087
294 302 24896
307 539 2482
302 313 16451
350 405 11912
337 399 4246
320 421 26634
302 333 8313
408 465 9979
358 562 27751
534 541 2023
530 574 18796
306 346 1271
403 479 24245
428 513 30690
337 340 1854
327 366 27967
336 377 6832
341 410 431
375 417 18629
305 321 22160
317 478 13522
306 359 28466
367 380 26438
463 551 18642
298 312 2365
456 477 3778
294 295 17014
294 528 14722
299 442 3155
324 536 701
308 514 27821
296 297 12639
448 471 24983
293 295 10316
389 449 25452
395 563 10067
343 435 21698
294 494 8566
298 315 4113
418 522 15524
333 343 4393
294 301 20074
318 395 3288
408 557 18010
386 435 13134
298 385 16905
309 445 27157
452 549 20467
323 340 4291
471 533 32178
314 386 28591
380 468 837
310 349 21063
312 405 82
299 306 5856
322 366 8626
298 301 15386
329 423 29866
324 339 14379
439 562 31378
332 426 16548
294 372 2786
424 535 10653
491 506 2780
378 388 14662
422 428 18766
337 567 18759
297 303 12823
568 577 24958
369 375 24703
329 357 12282
350 433 10368
385 406 28737
383 403 20109
477 542 2116
336 389 8828
335 490 27540
342 384 23970
297 300 17835
365 560 19776
334 396 4716
314 382 18890
322 390 14376
427 506 4285
427 442 30919
479 550 6649
302 324 14310
335 337 17105
361 381 12811
363 502 30813
411 428 25916
332 372 14252
311 384 9630
331 552 5605
322 375 14567
416 489 23423
325 408 27077
325 360 25873
308 454 24715
345 359 16747
329 340 16577
318 330 14331
468 550 9068
311 314 21416
325 434 5159
516 534 3493
387 388 19304
306 331 4340
335 372 2688
353 492 6789
348 569 20024
457 551 830
397 546 4897
449 511 22606
364 381 13031
348 499 23443
299 325 1099
310 351 10496
459 557 28562
338 510 24392
293 293 27285
357 449 23612
562 566 13294
352 551 20037
294 317 3113
310 320 12757
360 556 27568
479 484 30216
404 543 31122
391 402 18460
474 528 9057
293 391 21085
383 404 30260
373 413 13954
366 520 16297
404 409 11781
308 505 22711
404 521 7004
365 414 21938
471 493 27931
381 458 32210
317 318 4197
472 531 12820
380 405 25144
366 432 7768
382 563 10105
392 475 256
377 584 8650
344 524 21635
298 306 27536
362 400 940
314 318 28593
308 388 23679
326 383 8696
316 322 32510
300 333 8987
311 387 23610
295 321 18390
405 552 20347
322 569 7329
369 506 15977
321 322 2015
293 551 20081
385 545 10913
339 441 27869
336 379 9298
305 457 29794
297 299 30685
306 308 30216
326 330 4408
321 528 25780
299 346 24660
294 386 27082
398 457 15071
294 297 20119
404 471 18528
457 534 31104
293 296 13459
472 482 20277
356 357 21008
437 484 10062
351 387 19359
351 473 16672
338 339 3271
347 352 4268
424 573 14979
302 305 9463
384 555 31509
364 487 8238
320 372 30838
353 470 3930
301 352 2773
405 453 12952
319 390 24862
296 362 18448
304 361 23431
312 436 31521
298 478 12429
310 398 1655
298 364 28399
390 532 13062
308 318 3967
372 381 30507
333 490 8174
393 557 24658
320 503 11218
413 540 30457
337 378 31647
368 563 16364
361 384 6470
293 294 12037
365 388 22709
343 390 7905
334 428 30325
337 379 32314
458 500 18707
297 325 12018
304 317 4629
374 531 23538
295 365 16812
317 377 8800
308 428 3180
400 435 8166
337 352 5277
320 564 6903
419 436 12562
315 316 23383
366 390 6536
301 491 14424
306 326 1261
377 400 12157
482 532 8242
347 460 20874
538 570 17514
341 481 19759
298 304 2400
318 352 9667
559 575 19960
349 375 2516
293 304 8686
561 575 4211
293 297 13514
417 487 13705
300 311 7216
479 525 3218
455 529 30669
500 508 7826
334 408 17292
468 511 4906
326 390 6374
440 532 28166
355 398 18008
293 375 8487
427 575 4207
502 558 18870
376 451 12784
480 573 28765
315 401 22772
312 426 26461
396 426 32027
382 435 12249
389 550 3882
350 500 32014
541 580 15519
318 341 18284
300 401 25135
396 559 15065
369 412 24098
314 389 29301
359 436 20488
329 464 14783
301 324 1348
350 473 15854
431 447 27223
349 370 3032
304 371 26361
361 453 13754
314 429 8028
293 398 22977
306 354 16171
383 426 19756
295 404 17198
527 580 14667
394 433 15504
429 521 20186
442 451 21817
478 538 10594
347 579 32455
346 354 24483
566 581 15866
395 470 24379
310 525 697
308 450 24830
347 494 250
318 521 20673
320 481 6446
333 372 16004
356 406 7944
406 545 10304
410 432 17326
455 521 29376
294 325 9402
307 519 3410
330 369 5018
322 442 20278
432 522 8485
447 529 28426
496 541 26505
295 443 21424
491 492 219
535 543 15199
436 481 8935
406 506 8400
427 524 2341
434 460 12250
296 322 15308
453 578 20946
300 504 28545
305 393 12162
320 324 15130
391 552 18849
307 400 18782
299 327 18951
394 430 2777
351 445 16157
510 515 20502
531 553 24622
299 353 11990
393 445 5290
353 507 13612
428 520 4476
404 448 17274
440 520 18172
293 465 710
304 330 24358
398 415 24295
319 367 32544
432 465 17516
504 528 12343
308 523 12376
306 387 5070
390 529 29698
384 444 8962
398 539 31161
343 541 1518
351 380 26371
420 500 22474
309 376 16261
570 573 17511
360 390 14335
300 320 8367
521 540 19168
380 391 17199
349 562 26711
303 419 17115
323 393 23028
332 445 12687
429 516 13878
293 334 13550
322 408 6800
470 544 23477
317 443 25298
487 571 1702
395 464 19198
512 566 896
347 483 25828
331 451 24018
385 486 7460
358 420 15495
403 524 17252
372 375 13432
452 532 14301
301 339 5994
426 583 5257
310 554 17476
410 423 29337
348 464 10333
303 500 23808
350 496 19251
390 397 10035
296 301 13553
428 437 19307
402 545 5504
492 517 13842
389 550 5412
294 321 3100
415 436 30927
334 543 6274
393 438 5036
322 335 12562
320 503 11416
387 421 7507
417 452 22911
334 450 27188
298 299 11221
316 417 11187
362 465 12453
341 427 2508
348 387 3054
333 507 10312
325 424 10818
314 320 4422
384 570 29924
500 563 22673
300 325 29661
339 390 16937
399 481 9916
323 466 24702
329 344 26614
389 392 28500
424 442 14382
357 401 13901
293 311 9672
347 370 2685
513 538 31374
357 426 10407
485 580 15450
343 354 10727
416 419 12026
487 541 21242
382 484 13515
351 387 611
304 313 30916
297 405 7192
520 526 2014
293 531 4489
326 387 14625
310 357 6928
294 333 19139
400 432 29750
337 359 16403
397 499 32332
326 338 7976
295 367 9544
338 447 32403
355 532 20716
337 481 12927
302 356 8344
320 542 9730
455 464 14945
332 343 22673
295 309 9784
357 486 24786
499 574 5196
335 385 3395
305 584 6637
432 437 4208
295 479 29336
425 510 27047
388 421 15087
309 314 15476
334 562 31189
364 555 22597
434 532 12255
344 366 7947
321 374 8151
416 581 5291
304 310 8969
333 348 31395
299 311 12942
391 546 16946
400 570 27354
369 565 9432
307 481 16680
458 555 9746
293 310 31395
408 565 29342
323 480 17253
304 573 20648
390 529 6032
379 401 29103
453 454 6969
387 563 16902
338 465 3554
318 534 6967
366 540 19623
316 321 21947
309 389 25204
307 309 27582
303 354 2012
429 510 484
354 490 15468
351 511 3157
307 509 24970
332 354 13683
399 569 832
327 463 30979
293 293 24157
338 506 5102
375 409 26745
316 342 7289
303 377 10835
356 453 15409
429 504 22194
319 361 704
480 485 1032
398 557 30570
508 572 29646
311 431 11598
362 392 9408
316 462 19834
335 482 17204
374 388 12269
297 488 29198
450 487 14568
305 326 27640
477 486 8735
322 344 28642
491 552 12189
387 504 7429
466 487 7808
337 375 8656
387 401 28635
312 332 16014
367 462 7259
339 573 26531
297 341 19839
325 456 7349
502 569 32650
410 491 8481
375 393 31607
347 383 30588
314 338 31378
418 515 9504
315 368 3461
353 435 9197
298 320 7934
301 499 22473
295 299 11829
326 329 10885
518 542 14331
429 549 27690
416 578 17691
306 347 3813
465 479 19252
322 419 7426
372 420 2385
403 428 11451
316 528 23535
402 421 26824
336 409 15408
383 580 21996
527 557 19560
457 509 7420
300 347 2126
305 357 7686
300 412 31085
307 355 15537
297 335 16567
405 412 32486
420 499 27706
293 297 3674
422 498 31854
450 579 17061
370 509 16023
325 479 23764
403 538 18982
532 538 24263
331 380 3374
357 358 14260
428 484 30780
386 405 11430
300 320 5169
335 368 16082
441 478 11512
411 434 11035
331 498 21036
298 302 17686
294 301 19205
314 332 13678
407 506 19751
304 310 22145
324 332 24109
307 383 23423
549 576 22015
293 294 28030
370 390 3160
311 436 18230
324 391 26117
374 450 25449
394 461 18118
400 584 23335
297 321 29400
390 546 26720
374 522 14219
439 543 30345
306 314 21631
325 430 3657
326 492 10060
482 537 2649
504 522 6602
314 339 13091
340 379 22328
308 373 27593
342 489 26345
403 474 22161
410 530 2888
427 571 4078
316 330 14925
308 328 9891
299 581 16570
403 575 7337
300 318 13246
426 480 20454
295 321 19658
360 491 31446
317 436 14781
328 332 23727
310 374 24498
369 420 21939
298 512 6427
440 551 12195
313 410 10213
506 507 13202
486 489 31449
332 410 25994
335 346 4487
378 386 5058
407 433 19523
407 421 10837
349 456 24111
445 495 15802
438 504 30023
488 490 19820
315 357 4319
304 318 11655
519 549 31002
319 368 8508
297 334 27203
537 540 18807
402 415 23822
387 508 29185
406 477 28969
328 404 19717
295 300 29100
556 569 8143
514 534 17216
339 512 5383
483 495 23064
419 462 10215
293 323 10773
295 439 14615
338 347 28070
362 446 10551
304 322 12362
346 453 7742
419 457 20408
456 494 12337
342 380 13080
367 492 28391
466 567 23002
300 305 21969
363 519 11271
365 392 9218
337 353 13343
483 535 32232
304 388 12011
429 556 2934
497 537 14269
362 366 16558
314 524 22561
367 567 30669
333 340 30695
466 476 19335
418 462 9994
331 365 1306
355 398 3306
325 351 17684
314 358 200
383 398 7980
298 301 32139
383 391 125
296 300 22327
317 355 13561
397 494 25247
448 549 3069
322 399 12334
518 554 17732
321 580 8427
305 343 26285
299 526 2295
315 399 12432
344 563 21821
375 412 27029
294 340 21004
377 547 31818
375 411 20170
395 410 12271
339 526 32530
299 304 29489
342 488 13258
331 342 2750
312 428 26394
360 394 20232
336 447 11345
515 523 19343
403 459 28950
296 299 22398
351 359 12144
344 374 29325
305 311 18584
329 351 8797
317 502 20108
455 576 3019
319 350 5842
300 306 24817
402 474 6909
368 387 18380
542 559 31690
457 506 26299
305 307 490
369 453 6998
394 432 17372
442 498 21846
300 410 14947
323 337 29304
386 519 5494
389 407 6569
378 454 8640
431 459 17113
311 323 4878
397 519 9805
335 338 8760
304 455 2371
317 360 11622
329 503 5952
391 464 32708
300 317 32367
328 473 8707
312 374 10955
298 369 10037
447 495 3858
338 340 25066
324 429 15280
351 399 23444
404 418 25383
339 360 23709
312 407 10392
343 443 23993
364 407 125
355 391 27477
359 448 21691
345 428 27182
365 401 21636
342 464 22656
315 336 11728
347 442 10565
351 394 12628
300 493 16253
324 547 25399
375 483 28024
335 407 2558
499 536 16534
327 333 14948
429 509 23552
361 366 31254
311 500 17725
376 399 11406
301 341 23479
333 426 25728
379 448 20618
458 487 14744
327 466 26162
440 564 13690
297 303 6133
307 407 7231
339 342 5914
412 453 5098
316 497 24655
487 562 19333
332 406 5579
354 461 3561
353 370 23302
302 332 30044
293 293 14837
294 430 10460
478 577 11240
373 435 20637
321 481 27438
457 584 19037
319 465 11571
424 481 1253
324 420 26117
334 440 23585
296 299 28963
318 341 23927
509 553 26657
306 356 21168
302 315 5348
308 333 8446
465 584 12371
379 561 29182
444 496 8144
335 397 31434
300 339 29411
298 314 6511
430 578 20435
393 475 31598
553 579 6430
397 448 8205
340 426 12058
508 554 24477
301 448 6175
302 524 15624
358 366 24323
302 483 14657
376 378 27357
301 307 14445
338 444 17473
299 315 22236
315 322 31605
424 581 24618
311 342 78
314 359 1315
462 495 1976
347 380 32066
394 428 25622
497 510 1752
470 507 19703
335 353 17740
317 355 18400
303 437 24296
297 415 1806
293 303 1073
335 473 29823
344 442 18629
302 303 3758
357 562 31269
369 410 2489
486 487 31492
313 553 8943
296 427 10726
417 434 3575
460 485 4153
517 523 10773
305 583 4916
538 585 4910
318 497 12818
346 419 30113
331 441 5520
405 506 7437
353 432 25266
385 386 21914
351 436 30520
328 377 13415
358 492 79
324 374 1821
296 331 19553
397 413 21474
438 474 24334
366 411 18978
447 471 15030
410 462 6625
298 325 5406
395 513 10897
402 461 21777
304 319 27566
358 367 21779
345 535 18564
297 369 2936
452 515 30187
307 368 29316
316 357 11229
398 467 27482
297 299 13882
296 298 27879
448 532 28427
448 479 11274
328 375 31274
294 310 7339
488 561 19737
444 447 17275
303 307 32612
480 576 24214
386 568 24311
316 367 32573
437 439 8471
310 377 22881
348 439 5131
302 334 23992
303 513 16032
489 537 14737
383 396 12794
346 430 9127
389 466 18301
331 503 32663
293 299 26547
330 487 27094
429 435 6260
403 414 15403
389 473 16317
351 533 7967
546 554 5630
309 323 22245
416 420 32194
562 565 15009
364 379 12281
334 432 15132
342 365 13147
300 389 6723
358 362 14990
295 329 1795
293 293 11584
307 312 22578
325 333 11549
321 361 15210
304 541 11825
434 477 24087
334 410 22350
404 458 16615
293 400 20006
295 305 13789
347 354 3092
402 449 4848
294 297 11691
397 407 16167
314 340 13067
295 298 17838
388 395 15207
324 384 30617
317 339 28740
420 477 12352
396 453 9562
447 504 22922
326 401 14365
414 446 9344
312 557 1624
382 474 24560
380 457 30047
361 399 14871
338 509 3013
344 400 23431
360 569 7576
518 579 30915
416 482 3985
363 369 1347
310 343 20411
505 531 28134
295 520 25206
369 440 31224
307 376 22773
337 504 31058
359 385 17009
298 477 2887
382 401 15313
299 300 23891
366 400 14718
306 316 4555
476 577 5518
365 391 24061
359 448 24727
348 384 11396
489 566 32192
364 488 31672
323 448 17134
354 498 6531
323 326 15397
416 473 5384
323 369 23913
486 519 5078
365 424 28873
334 509 31649
338 347 30302
347 412 25270
395 580 2652
329 346 18602
441 550 18831
295 317 1519
311 397 9938
416 486 31824
342 359 17511
466 494 11150
372 437 14908
357 368 13454
415 416 20086
333 452 23249
376 443 6117
322 325 1850
328 507 23082
302 361 75
425 526 14768
316 543 19283
339 472 14800
415 451 18262
483 492 25009
293 513 23945
436 443 29897
301 506 27837
328 454 29193
321 360 11278
304 308 6416
306 483 30377
444 548 5894
466 498 5531
342 381 17643
350 363 32204
510 533 8058
389 539 26564
335 456 25840
472 565 29644
341 388 8027
463 497 2176
408 447 25147
517 572 4850
364 424 14492
389 515 5874
408 578 15597
396 578 25363
327 376 9802
342 347 3965
321 391 20200
294 297 32702
348 370 26089
349 464 16136
369 429 13000
293 303 2982
311 321 6928
373 477 4493
432 443 2852
308 318 32081
449 555 2370
327 531 2024
399 425 9733
411 487 12545
324 577 16399
337 358 24797
345 562 14502
502 527 27618
335 525 21867
495 507 16745
297 302 12142
347 527 15477
409 495 19022
357 389 26701
297 309 20010
320 368 25659
337 436 30092
422 501 14552
294 304 7311
329 555 13990
475 581 4341
543 573 10484
422 478 23278
330 523 6460
405 413 17584
300 317 24179
422 561 31545
468 515 4364
315 405 19668
326 394 1947
310 316 23093
335 557 2390
354 371 5448
342 358 15086
344 416 13569
354 388 16245
489 551 26587
356 559 27198
353 414 5831
337 350 15
415 577 2214
319 350 13553
332 519 15040
368 380 8575
326 361 23714
429 465 9616
296 307 7788
443 459 26498
337 397 30340
347 388 9878
388 477 16402
397 446 15393
302 415 9696
451 519 14967
353 514 17782
411 512 27101
298 300 25726
338 382 17133
372 414 1753
489 520 17185
497 559 15862
371 517 25482
331 334 14902
331 436 25316
380 399 3474
295 297 19322
295 305 15034
531 560 29341
326 362 11875
293 295 29336
345 403 10372
372 407 8555
312 493 31140
305 328 5556
334 351 23709
293 376 14468
305 312 12111
405 583 32290
342 376 27962
396 549 30942
411 449 9470
300 302 24709
406 410 15920
301 545 11804
335 405 22275
411 424 24285
397 557 22967
400 425 8890
338 577 14282
511 562 31182
411 544 3426
508 563 24956
315 495 22893
502 553 32051
293 535 1886
427 491 28691
479 575 19864
535 583 13283
433 443 28650
438 479 28433
405 438 22431
349 558 28353
334 364 15126
301 448 19215
486 488 19677
358 480 11017
298 300 11967
401 408 27419
320 329 16207
303 349 25561
552 559 22730
433 541 2151
303 418 20080
408 434 23293
317 323 29087
455 585 6959
306 585 14934
419 422 25855
326 423 26344
438 576 2283
314 346 5389
383 535 1134
541 566 2699
296 378 32693
355 463 11826
482 493 24686
332 381 8676
367 577 11004
465 466 5331
362 391 25216
297 338 20807
383 578 11626
404 472 19334
511 576 1938
340 492 8117
431 470 3089
312 409 2760
336 464 12361
301 366 3805
393 396 30429
421 490 11671
402 580 31885
360 421 853
369 537 6709
367 444 9298
311 505 32342
324 523 31001
328 378 26099
308 356 2512
326 446 20405
512 529 16451
307 455 30086
325 444 14014
296 436 22565
315 424 15884
507 559 1381
345 417 28477
321 372 19730
313 321 28162
406 409 8630
301 346 1723
311 376 14762
387 461 8075
328 388 31294
333 352 5649
345 401 6627
300 302 11161
437 477 1932
498 565 8157
336 351 21708
516 533 7855
560 582 28000
441 480 16162
340 378 8728
336 368 4883
305 353 18017
315 444 15389
355 400 9959
369 375 14164
423 448 17663
387 533 9065
373 566 21975
303 326 15615
451 478 21925
350 508 15190
293 316 24138
342 535 11165
350 509 11811
457 508 29573
309 362 14073
386 523 21487
341 390 30298
348 461 10951
400 579 4025
321 342 24428
331 353 30248
367 548 26423
387 414 13964
301 303 14331
333 522 29845
299 363 23702
303 324 15338
384 575 17389
443 555 13375
316 374 23782
363 402 25168
492 524 12861
380 440 14594
342 459 3913
324 505 9482
325 403 21258
311 325 17132
303 560 2330
307 454 25148
369 497 14420
471 484 10847
294 296 9548
334 342 29751
302 375 6902
340 443 2439
469 539 13827
511 531 17913
369 530 16355
385 440 24318
294 401 27760
405 467 12037
525 569 22948
397 454 5565
335 410 4849
293 505 8804
565 570 8721
312 326 7750
324 450 30056
436 533 31995
323 356 10319
468 567 1295
318 393 5083
300 372 32527
304 341 3849
317 331 12849
343 453 31565
294 351 15637
458 532 14066
295 296 15952
367 370 24795
394 508 5054
496 560 4474
360 465 2253
310 566 23321
367 407 27458
304 334 6095
460 502 31530
295 315 21934
315 545 21995
382 384 8726
435 480 9660
311 407 6958
353 358 21989
296 304 6890
304 312 8599
350 405 4406
337 360 22085
347 506 19221
339 442 25526
403 571 718
422 561 9046
304 305 14733
478 556 28010
360 362 5370
355 393 28203
371 401 23473
372 391 1540
400 512 16801
335 356 10081
405 522 4548
371 389 27077
320 333 29859
339 384 15667
321 538 11177
332 560 6661
384 439 10037
498 515 2244
351 399 29152
431 521 15010
466 467 5503
316 458 30375
405 480 28352
398 441 10412
355 408 27256
437 537 14003
398 450 29686
294 308 13901
293 464 32255
479 484 32517
435 455 6205
297 354 14333
403 491 318
493 544 11861
299 304 10591
328 393 20199
410 547 13627
351 561 22909
347 374 20075
387 550 7317
443 499 1983
299 328 4166
337 468 22072
298 316 19427
344 576 12907
308 464 25972
373 556 28185
410 573 6945
466 473 14359
486 543 1556
314 395 15585
312 357 21386
307 309 23661
404 412 27653
461 490 7705
323 401 23012
298 301 29126
475 570 30661
451 529 31104
293 513 17528
329 514 6468
300 305 32125
349 379 29379
317 331 8756
383 539 20784
339 343 4430
357 370 28029
295 320 24350
323 384 28053
395 576 7900
301 475 8561
406 547 29180
343 546 22301
317 379 6171
340 495 15109
449 502 16192
313 340 11306
379 438 18265
298 461 17410
304 311 23865
312 325 8248
300 431 4236
309 330 20618
470 487 9591
356 373 13681
397 541 11741
460 490 11353
418 443 16254
294 353 11409
368 388 13172
349 394 1088
293 486 4271
341 435 18172
310 314 26244
296 300 18398
296 403 15730
300 427 14109
337 369 13210
411 547 16287
338 557 10152
310 426 23297
551 566 20514
471 489 4858
403 568 5711
305 316 7475
325 396 21305
328 423 15077
319 571 29302
389 432 6105
313 333 20922
376 501 7324
310 369 17764
368 500 22031
472 480 18818
375 391 18579
373 389 25603
434 554 20355
366 434 26630
294 514 6585
338 363 29586
310 458 31313
401 420 30743
342 517 12526
329 354 13194
355 396 3872
416 461 756
315 495 2245
361 556 14544
447 529 23420
296 321 28816
467 485 7550
436 475 1564
489 496 15990
411 511 13093
309 556 25917
313 408 11688
300 380 11130
323 334 18937
300 303 5264
310 372 26653
302 533 20335
450 505 10094
295 297 27424
307 319 19642
342 503 13333
396 518 17999
374 512 1205
385 550 5829
347 355 32154
344 406 31321
353 366 27247
325 352 9270
293 294 7805
308 336 18440
392 575 24642
413 421 6561
376 418 7591
354 391 20387
389 469 10930
323 585 22372
457 509 19143
325 452 6026
410 446 18640
362 502 11282
461 559 31981
306 523 16830
324 437 24180
293 506 28702
333 447 14185
407 501 30897
301 318 19132
346 418 30411
306 320 20709
307 332 8015
305 411 9924
473 521 83
349 450 30913
386 537 4171
383 558 10406
501 504 6485
382 449 13998
340 470 30894
298 299 9908
315 361 4996
542 584 16526
429 504 6557
326 329 14068
325 334 909
555 571 17034
374 379 32107
348 424 9948
337 388 28744
314 538 30067
467 493 27614
352 490 18254
319 358 7971
365 384 8029
369 417 10693
339 386 18646
323 375 10698
333 545 23161
334 346 20410
311 442 9250
355 566 18714
377 449 15923
307 448 17459
404 440 19137
445 507 328
349 426 18060
373 448 9422
481 484 7200
308 453 6988
293 336 5561
390 584 10973
322 477 23233
293 296 6035
369 462 27643
348 381 22320
301 309 7612
353 357 1509
309 335 29120
332 349 28962
392 472 31355
301 451 28308
320 475 12282
411 484 9446
459 512 25265
393 479 14565
404 474 21183
378 440 19730
329 383 29339
453 462 15043
307 332 4642
421 558 13163
339 341 11130
375 411 23969
304 498 23888
342 359 21747
322 378 22096
315 352 1200
294 300 9198
363 520 30000
395 520 2777
393 432 8257
329 395 22960
433 452 3262
342 540 5836
505 558 6780
343 406 4157
296 367 24343
339 393 16723
380 438 2370
297 316 17218
312 317 17312
308 495 9927
554 584 20830
487 537 13012
329 340 28152
339 345 10415
384 548 9971
326 398 26635
369 393 16764
357 363 11771
403 581 5921
458 469 16347
305 325 31774
305 306 12157
322 404 1785
382 484 6197
467 541 17510
381 382 19623
421 430 21411
348 400 31582
302 307 26312
297 298 25739
403 406 32717
447 464 25998
344 359 20008
568 579 28431
318 329 6742
309 378 204
318 396 939
425 498 4719
401 559 19002
329 575 29448
375 388 16831
332 334 12536
348 357 11200
318 380 6777
314 474 26220
388 446 27394
334 422 27362
318 361 21560
335 406 20701
298 372 20782
303 310 18173
294 318 10525
303 464 30249
391 511 17121
417 492 27577
376 419 31961
384 582 14694
357 515 13568
439 483 19257
302 344 6996
304 406 21231
400 512 23788
397 418 25990
541 576 16457
429 581 21236
341 351 31680
335 556 10553
403 510 29983
305 314 2883
352 428 17865
316 335 22887
321 347 24841
305 365 27734
412 524 8774
303 318 9425
366 370 26464
408 540 8604
295 328 16225
357 381 23116
407 420 12351
426 462 30987
310 321 13932
516 549 26221
341 487 30559
382 395 25061
343 390 15455
454 500 1657
305 319 15669
345 356 3785
455 566 6802
323 403 23691
327 412 13897
346 403 1789
343 374 27574
372 395 20742
479 519 5337
416 508 13050
331 505 22809
330 578 27965
450 565 2222
306 332 12345
366 412 21530
327 438 7009
356 425 4413
344 436 30780
335 539 2025
424 487 30634
389 453 32257
486 549 9950
423 467 32644
296 338 7880
304 335 14615
312 335 27615
316 522 15341
378 394 9612
313 336 14362
318 332 29610
367 383 14000
363 383 9681
334 343 12096
299 314 21352
429 572 3220
322 481 3249
511 560 25269
344 538 17482
467 501 19616
368 391 5605
301 515 12855
358 449 14866
348 476 10065
325 372 8315
321 331 15090
297 331 8419
310 323 31256
335 350 18622
300 478 11165
346 537 20042
297 301 29465
295 299 29538
327 500 9941
367 479 29068
309 350 18722
401 485 13807
315 405 20409
349 429 3888
366 564 17386
411 413 18543
362 567 23750
298 316 21456
456 579 4234
337 563 27738
298 303 19699
313 365 18971
346 388 7744
403 569 29889
407 525 6928
335 479 16430
345 371 32610
325 387 23481
459 498 2907
297 364 26644
347 351 2719
321 363 4362
313 448 28515
393 553 32666
295 366 14461
448 506 28184
394 417 31777
323 350 2904
421 477 30991
306 367 31505
361 455 3668
335 376 28924
397 426 32245
406 453 29015
399 536 31004
400 456 31960
463 535 13465
296 297 10032
385 487 15066
461 497 7854
531 561 27815
339 368 20651
296 356 13382
309 310 27066
312 320 26317
350 428 16853
351 410 15824
417 452 9216
372 379 18356
357 445 7708
314 394 14140
358 549 28888
314 417 11069
434 440 8451
396 454 28024
359 525 25270
330 336 21504
422 444 27655
328 350 29376
346 384 62
334 472 13057
316 334 1488
316 431 17653
507 543 2183
296 299 17332
450 538 30363
380 385 24121
370 561 685
295 341 30771
387 574 11750
334 454 3022
337 410 25757
548 585 12734
365 475 7517
297 313 10032
402 431 23837
324 585 371
322 507 13572
336 386 3440
347 354 3354
532 562 11598
348 415 11429
429 475 28883
348 362 15413
428 486 13666
299 302 18044
295 352 24746
455 521 21647
329 508 21848
326 513 30497
358 575 9075
300 305 12755
396 585 15913
372 379 7861
328 369 16177
358 376 3972
340 392 1047
389 528 16208
331 346 19464
353 392 8841
489 579 31985
355 407 23721
374 408 27931
311 437 10742
298 306 2695
305 367 28935
324 375 2985
497 516 795
489 533 3434
354 526 9062
477 505 12390
323 396 3282
308 407 31720
389 414 10989
305 324 5911
454 472 26116
302 528 22854
306 337 2959
312 314 22641
344 345 21372
342 357 2367
462 554 6144
320 364 17970
332 409 22768
478 536 15293
298 302 25818
389 427 21887
307 458 20813
310 477 27862
295 436 6416
544 561 13184
385 419 4674
293 295 13577
452 579 18322
298 411 24633
373 389 26382
308 342 26041
535 583 15937
480 548 27563
364 538 28301
302 307 11754
309 311 30228
296 301 12587
489 556 10369
557 559 17210
325 397 4235
303 304 11521
443 469 15901
296 328 19233
425 545 3668
306 337 18500
465 551 20951
424 472 108
327 338 11067
536 550 14068
462 546 25198
307 350 20727
312 341 2903
438 543 17496
414 510 3384
448 460 28585
298 450 9586
369 393 10649
395 570 15281
380 403 5813
305 554 5816
349 446 19103
378 486 2112
320 516 30222
327 369 19363
352 490 29995
406 562 26188
298 301 2603
404 517 10789
422 554 32310
443 491 22910
508 526 22268
333 346 10519
307 534 22920
306 419 18520
495 557 17195
359 445 225
478 495 1947
330 388 13814
338 398 3991
339 349 24939
402 404 30129
373 506 28450
364 551 9997
317 351 22851
430 531 11315
526 561 30366
353 477 16969
382 540 23054
421 522 26444
427 468 15533
337 507 7212
494 537 1587
316 477 30150
372 379 28131
293 296 12861
355 570 13254
467 546 31268
471 500 25901
437 583 19813
328 440 20658
320 356 27135
353 362 3363
458 585 20198
502 564 5162
339 447 26533
360 533 15500
332 340 32157
336 340 10576
402 585 20975
348 445 23090
475 550 20344
312 319 16167
433 511 9826
327 368 21479
362 405 27449
307 389 10678
315 327 4489
305 318 13527
348 359 24172
391 564 125
338 550 18833
314 366 26384
345 370 17317
328 541 26140
499 580 3877
310 369 27726
499 501 21758
333 344 25921
296 323 28812
455 544 6667
300 301 9936
298 309 3793
322 484 11008
414 446 9414
305 314 1712
503 508 17754
293 548 18000
429 567 1683
304 321 15021
327 343 25017
351 433 18104
405 445 3299
299 301 7367
303 399 7431
315 383 4351
539 542 6548
347 406 20146
402 510 27592
320 422 23762
324 334 25403
493 506 459
358 455 13910
295 372 20831
304 364 16560
475 497 3930
566 582 6794
345 375 10293
329 384 19418
302 476 23817
315 345 8876
397 504 29275
295 300 26557
528 565 18852
304 306 7580
324 467 23470
346 350 30144
295 302 7699
356 392 1090
333 512 2176
309 474 17987
320 328 16020
366 377 6194
301 323 26989
449 471 4192
312 377 6204
350 379 10147
456 553 8575
333 555 32000
309 577 1712
349 390 8850
321 409 23173
317 396 4385
416 574 11806
409 465 27953
457 466 9135
419 502 870
317 329 1410
384 585 7061
413 522 13934
354 418 18655
345 476 3351
436 573 671
301 304 15754
341 434 25882
393 400 27930
357 522 18987
425 442 31364
301 335 18793
297 393 30917
439 561 27767
486 500 25901
431 532 20341
367 542 20874
338 366 20181
332 419 8583
522 574 6915
358 370 9871
387 420 24468
298 381 26587
325 460 28420
349 357 19562
314 340 25899
383 387 15131
419 456 16867
300 302 10526
366 490 27303
298 335 2425
547 571 7434
339 345 12373
393 529 30038
429 439 4935
310 434 5045
295 499 27614
444 472 28595
427 499 13329
299 339 23803
333 354 19560
367 465 30100
317 426 27128
541 581 23833
398 565 16000
352 359 28051
297 328 14161
443 481 10753
403 565 16328
402 488 7097
339 369 14973
375 480 22306
405 441 28793
464 565 6513
297 303 6154
393 403 5240
367 376 23834
387 433 24235
395 431 4875
423 483 27863
339 491 31873
322 451 18510
442 551 28596
301 304 12148
293 300 7691
323 395 18404
297 298 31801
340 407 20660
319 432 17431
383 390 10368
318 350 23527
419 423 20024
323 349 9928
343 431 5361
295 308 28802
343 454 25128
318 342 23290
418 480 19245
306 352 32225
522 538 4542
344 355 22916
327 384 10487
295 428 25544
459 517 25366
477 496 25264
308 349 32210
413 554 2565
417 422 17972
410 585 31223
461 551 20011
382 493 23246
309 557 32086
305 316 30209
311 348 29633
378 564 26456
325 405 4219
305 401 24796
437 463 18263
293 294 4795
322 335 6195
404 541 9338
320 416 16284
368 436 24324
306 307 27561
301 321 16240
300 328 12634
295 443 14491
389 459 32237
294 307 32237
459 475 7389
311 335 23512
461 475 30342
305 318 29432
396 533 13478
443 535 12512
308 398 20791
375 425 11757
424 460 2384
390 492 14788
347 402 4368
452 460 26681
441 581 1730
336 400 28379
340 388 21176
297 304 10069
412 553 11925
304 310 9566
451 543 18937
356 377 3840
297 431 15303
346 548 23621
312 377 30348
417 537 24512
355 469 7073
377 501 2914
383 386 7205
325 506 23962
315 460 26597
309 473 20667
313 583 18881
329 395 6927
439 510 20028
403 434 6188
305 446 31791
416 480 25690
323 489 4318
301 505 6460
514 579 10205
293 349 18153
441 489 3202
308 496 18238
355 367 13795
440 515 28952
380 413 28552
329 443 4011
428 484 16468
367 483 26164
454 488 3684
395 552 702
299 331 6596
405 454 17071
348 541 333
471 568 16977
309 363 27669
313 316 3231
329 353 30502
398 535 21239
308 313 31366
333 520 19580
313 403 27052
339 358 11097
401 436 21244
303 481 27162
319 437 7905
344 409 7637
297 303 31378
293 296 2532
453 542 9143
361 418 30804
319 368 24927
420 523 26202
342 402 11264
346 359 30315
305 481 10631
437 537 25037
410 432 917
325 348 25013
327 390 3460
421 522 19544
317 338 31941
293 296 31855
296 302 29109
368 382 6689
335 499 2048
299 324 4693
305 391 27943
381 442 1489
350 387 24772
391 428 19387
401 516 21922
294 376 23376
370 421 31686
305 326 7918
326 527 6902
317 471 26309
323 382 8804
358 366 31692
471 479 32135
326 349 17357
535 550 26442
365 427 3489
314 549 27670
433 455 2298
351 483 24675
324 409 12100
350 459 5330
487 524 2958
293 293 30542
472 484 17154
452 476 24896
491 517 30737
301 429 4638
298 390 1640
436 563 3885
316 449 8426
416 451 13720
362 401 12341
549 557 31173
410 501 30120
345 485 14384
396 472 16413
315 479 17468
307 357 9490
409 445 15226
338 361 11316
296 313 9296
320 328 21646
379 463 5387
299 363 8641
326 374 7361
307 351 17684
391 399 31118
333 391 18756
317 548 24592
293 294 14674
374 415 17961
355 388 22981
312 549 22395
449 565 2331
295 306 1042
293 293 10290
383 421 2009
501 564 5829
367 382 12192
310 327 21111
501 551 32189
459 496 14719
351 534 17176
307 309 19017
332 414 10161
314 381 11544
399 429 15079
336 388 21316
307 391 2199
464 574 3880
387 390 24470
376 471 5144
418 462 11057
331 379 12278
342 374 25785
330 384 22598
312 373 840
335 418 25292
386 475 16187
307 336 1561
434 443 19483
397 566 6295
296 328 9961
458 541 1256
302 317 4106
362 435 8386
461 573 3905
324 382 3978
349 425 17794
312 343 11347
375 474 9084
494 552 12056
433 558 11563
417 558 28485
418 488 4569
323 441 23017
303 454 23887
520 575 31784
420 424 12843
419 445 29386
320 534 9869
426 541 13815
297 298 21413
320 322 9341
311 507 15807
322 450 29753
328 448 15844
306 314 21877
337 346 22312
397 541 13659
384 463 12605
316 321 12239
442 464 7906
310 369 31563
324 486 29255
302 487 31122
309 464 14982
440 570 11864
349 358 11436
450 557 14635
304 431 16411
296 300 8776
341 532 14635
406 469 25122
351 427 20036
399 478 6586
342 477 4849
296 300 1569
322 418 12709
331 468 25534
308 313 2073
339 564 17959
300 404 17301
298 370 28594
321 506 29056
321 369 8
319 448 28170
303 375 29535
294 348 32206
477 556 29736
309 325 192
302 434 32596
431 442 23489
296 353 24440
393 564 17323
297 304 7553
318 394 20412
293 294 17840
398 538 29343
400 558 22038
344 364 143
388 553 26574
441 540 3645
371 384 13981
393 395 1927
393 467 8910
332 443 11808
410 537 14166
343 517 4024
356 412 12970
300 358 16456
428 514 6866
374 575 4233
352 532 5524
362 466 25030
341 515 9170
300 431 28545
352 397 2930
326 350 15528
294 296 15713
296 372 5456
368 505 28057
334 376 5927
312 441 28975
335 363 16929
424 464 23246
339 346 15
307 412 18480
335 477 11549
334 345 29561
405 567 17517
304 402 29045
389 405 15170
318 370 8747
317 340 6783
293 297 19274
337 529 22886
294 313 11346
352 410 11736
360 459 10896
314 492 17798
312 414 1850
489 497 30930
392 433 31835
319 408 21331
324 345 11591
353 357 5944
327 332 7630
302 385 30718
295 326 28529
325 352 32308
301 501 1590
332 373 10562
356 494 32511
359 476 17781
407 541 8038
293 293 20302
306 328 2351
293 302 6656
337 527 4343
311 335 23486
429 492 2733
370 580 17838
564 565 28824
305 324 28776
363 580 6049
324 451 454
451 584 11967
328 398 6948
347 547 10062
317 319 29332
316 326 16462
392 459 6646
520 543 1979
349 427 19712
542 573 3195
371 409 15237
328 514 155
308 490 14253
294 365 32466
329 429 2008
300 321 22395
350 474 27223
355 509 2186
296 311 11602
295 337 8492
343 363 10089
317 387 7436
307 329 28144
326 384 3187
401 411 27613
428 472 30144
420 581 2240
411 474 4590
503 511 29016
302 368 10522
323 357 23460
302 304 13641
315 522 24197
341 357 24805
372 376 14664
308 325 17314
300 408 16817
336 416 15310
489 515 12129
373 545 15161
344 550 12712
332 477 9779
457 505 14631
506 544 18523
534 566 12494
335 503 13868
385 462 6676
301 309 911
527 582 11904
350 374 22234
300 344 23773
579 582 23810
305 315 17068
411 507 20207
390 516 12977
295 437 24880
440 565 32687
510 527 28286
294 451 11952
447 536 17107
482 516 30318
456 513 28676
346 414 6574
337 361 22032
375 541 18615
370 476 22709
375 443 23081
350 543 26848
368 547 26073
305 458 25611
359 363 11399
400 461 9403
384 395 19841
393 562 18060
311 333 10131
309 467 25995
393 465 29911
390 418 21467
487 515 18745
308 369 12751
342 523 10712
310 428 21505
297 448 1921
407 450 16398
431 470 4342
326 386 5116
319 340 8649
505 529 13694
385 490 6381
311 361 32136
294 305 11847
343 396 2549
302 323 231
328 355 16941
293 293 25255
343 507 28632
393 395 31877
315 329 23569
429 502 24585
371 431 4863
416 426 27473
327 416 16956
382 423 14145
374 457 26550
466 485 18144
325 336 6611
365 439 31851
369 382 28833
481 545 32160
353 447 20590
362 530 24056
382 563 4199
331 371 16577
348 425 22538
301 340 32345
386 507 9358
319 329 32513
297 313 17292
300 304 17136
455 564 17045
446 566 17083
294 310 27510
298 303 17459
403 482 29522
298 550 16178
419 445 5863
310 373 19233
294 300 2190
305 325 6426
329 524 25816
319 375 2025
368 578 26846
353 377 13927
293 401 29077
313 365 28120
346 401 28100
380 410 8537
481 566 29817
297 422 24707
502 559 12293
465 494 19143
324 337 20973
310 373 7734
301 325 24140
381 417 14251
331 414 23970
326 448 5019
327 521 31232
320 384 26094
363 460 18701
359 430 1198
337 393 5730
464 552 29813
294 511 31267
365 395 14048
312 319 30185
298 315 23148
401 481 18005
340 441 2185
294 308 8673
338 355 14800
358 437 19918
305 459 8595
298 299 22594
481 508 6466
316 378 29419
446 478 10596
351 540 27597
540 575 4362
338 545 10747
321 530 11787
436 560 29293
298 332 14186
386 513 7480
477 507 10414
344 349 24012
365 406 22564
305 322 24836
318 348 19251
434 506 23091
324 539 17229
374 489 13416
366 424 813
472 521 4006
313 472 16211
318 409 2505
397 405 24072
419 538 8511
351 540 27212
296 520 21484
336 406 14968
496 550 1738
406 547 5761
338 461 21291
410 421 29470
335 420 7330
334 430 28218
304 320 24312
426 445 28284
434 532 1482
322 323 27339
330 367 26515
330 423 16410
385 566 15439
374 400 27358
430 465 11271
541 542 18169
320 530 27612
296 298 29699
478 498 24682
360 396 30007
394 398 29342
293 316 27508
355 489 16469
300 472 11524
302 313 9306
313 330 21037
455 520 18848
305 317 24260
377 451 11211
456 575 20523
318 433 7010
295 309 21636
297 556 9793
400 562 6915
303 313 13608
323 422 22178
467 471 21878
545 551 935
425 577 4723
509 516 5560
513 522 947
293 310 14196
574 578 24184
338 505 1481
312 533 30243
296 372 126
303 348 15379
314 364 5806
355 374 2423
488 531 4383
320 323 24075
373 414 30145
293 299 21690
394 421 9917
436 535 27532
298 352 17611
366 401 28277
443 458 4058
361 444 27872
312 314 29227
293 367 12294
346 416 24930
498 516 15472
323 365 7752
299 390 4925
334 398 26416
293 311 14331
336 435 14904
402 543 1592
313 319 7137
335 557 11797
322 334 19376
455 508 20863
319 354 13276
312 318 17377
301 302 558
294 295 27746
305 329 1953
316 356 20242
378 518 2405
367 407 23442
422 514 26961
310 314 24607
558 571 17641
303 432 30206
333 459 12670
452 493 30917
357 402 24859
364 438 11248
301 306 3892
539 567 10946
382 388 25941
508 522 11368
463 521 26439
328 368 6863
336 381 13145
301 458 1206
523 534 20190
476 535 9181
442 580 8183
295 456 5725
370 419 27967
311 341 5780
385 450 4349
499 534 32551
472 509 20700
301 399 20744
409 418 19555
293 296 20356
339 417 926
515 522 10941
298 314 25783
380 473 11048
310 378 27249
296 412 28894
372 404 28357
436 510 12260
334 441 15375
368 457 28344
350 408 27786
323 374 16067
371 387 6929
325 366 15996
410 439 6491
294 298 871
351 484 7986
364 458 24117
429 484 849
316 528 21926
338 558 23013
368 491 17671
499 546 7671
402 444 20832
426 433 8730
312 431 29865
315 321 14902
325 398 16546
328 334 13132
316 420 17188
309 585 3968
370 559 13312
492 507 27598
358 472 22733
304 307 16955
359 462 25903
322 395 13911
348 420 7808
577 581 4975
343 556 16353
500 539 27338
346 463 6173
565 574 9651
521 541 11493
318 330 12874
298 448 26440
318 470 852
349 560 31614
348 401 14973
384 451 29276
431 536 20935
302 514 1282
295 299 17439
331 429 27567
403 414 24145
422 471 26295
302 344 22730
337 440 13580
340 361 28659
462 484 28137
310 455 13316
396 482 23405
295 440 2715
315 502 4687
329 534 11145
308 311 9976
339 353 3977
454 554 6815
398 436 8922
358 449 31549
369 402 26366
429 571 18287
317 506 22022
340 384 941
353 499 7979
296 298 8271
386 536 1974
363 404 26716
316 339 11352
357 392 16163
308 585 24190
295 545 1786
369 480 13907
294 328 13765
321 407 32099
445 464 27663
298 515 7963
330 427 27098
481 549 9127
406 503 2166
327 331 11981
398 443 756
347 463 24540
440 498 24347
360 408 4302
432 486 18153
371 501 8743
490 517 9976
307 429 3641
293 296 114
367 464 14803
305 323 7501
385 546 12683
295 528 19462
299 304 2586
299 322 1054
301 347 16268
344 513 26360
305 325 559
360 570 2290
335 350 12672
349 563 23759
452 581 9359
309 330 4041
484 580 7310
308 515 12005
351 500 10632
308 329 7773
354 402 12912
364 516 21058
318 383 2313
455 544 25501
378 456 18267
327 457 8122
299 383 30635
294 299 5990
315 379 2352
509 512 4676
402 426 8960
429 532 11908
389 450 21476
306 403 28573
326 336 14619
310 515 7912
313 518 20269
444 473 14109
419 498 1887
358 369 12330
293 311 16749
298 345 29401
312 474 15499
359 415 5184
402 422 17379
293 298 18169
387 441 6662
338 414 17536
296 540 17423
438 497 23386
374 381 8295
344 355 24275
311 565 32357
303 477 31591
361 373 839
349 429 32571
341 361 24117
442 516 2099
296 376 28746
303 309 20871
486 493 28378
313 353 6363
295 296 30059
302 366 22355
304 305 18977
307 515 25882
293 294 4744
362 482 7750
383 515 12284
352 376 22061
343 403 16941
294 307 25223
296 321 13159
344 563 23017
320 531 1444
328 389 22912
385 477 10393
308 313 21530
445 477 16443
306 313 8406
422 438 16494
295 377 18973
354 532 28120
430 542 3496
428 565 32020
319 367 9408
335 376 187
294 300 22534
345 378 27636
324 410 9305
431 453 29330
477 522 24244
356 358 20707
309 394 25380
393 454 21697
295 313 32543
373 551 11913
393 513 481
494 520 27634
362 375 15775
293 297 22544
414 573 23214
308 325 8924
296 542 14831
411 434 30737
293 323 22049
341 381 24656
313 523 11241
322 490 14522
300 321 16041
306 333 3208
309 312 25733
390 478 31044
297 547 11814
334 447 20914
412 460 3860
395 410 15508
315 557 29126
389 562 25531
344 431 11960
317 432 15663
395 419 33
369 469 23384
298 313 5158
362 366 21091
364 555 23960
391 581 28763
304 308 18335
430 502 4787
520 524 2794
346 362 7987
301 307 9004
379 412 24450
333 349 23063
475 538 1475
408 585 6424
341 391 17923
295 439 17785
341 483 871
515 558 25267
339 394 24927
299 300 9503
542 552 26692
417 537 4932
298 357 10792
446 572 24172
294 301 16335
348 373 19278
464 503 24317
315 316 27120
446 530 672
325 549 2055
362 429 29310
348 379 19334
409 560 15223
324 331 19222
429 525 10866
379 387 22702
319 370 27534
358 421 5771
346 382 23607
350 426 26924
301 327 14881
316 402 31011
478 484 29289
356 475 19936
353 453 15163
396 567 9916
341 553 10197
432 453 10728
342 461 22979
313 443 22806
315 369 9119
408 498 2547
317 373 12486
407 415 29899
425 432 25266
364 404 21992
370 454 24581
327 362 11920
388 519 6760
342 502 30903
489 578 10177
331 363 11437
305 446 122
311 319 23165
367 472 22470
390 558 24762
360 505 9257
363 441 2271
307 461 23989
549 560 5531
318 344 17581
419 439 10655
293 335 32406
478 501 28093
496 531 20701
502 524 4994
502 528 1948
307 316 19858
480 573 31776
304 446 10598
332 420 570
327 383 28234
418 453 5267
298 304 21406
377 420 14183
374 384 5330
298 360 1659
554 577 13201
433 573 3629
300 421 10513
304 331 14572
319 336 28050
420 438 4472
295 303 10593
294 301 12218
304 320 9473
298 327 10524
303 397 13899
312 322 7839
512 558 1698
415 486 21031
399 523 12935
340 426 22958
370 391 32060
472 491 25192
404 408 13107
438 577 20215
336 582 27765
328 547 9022
402 426 15442
298 330 30075
455 496 3564
351 357 20390
405 545 1415
386 493 23890
297 549 19608
461 550 16767
378 431 17169
312 412 19737
331 505 14944
306 369 23071
295 359 12041
380 456 6305
477 521 31738
359 443 29211
294 296 20187
370 375 7382
311 408 18184
480 489 23634
338 483 12546
362 387 3309
353 359 20080
431 579 18491
435 485 7943
487 496 31953
353 449 14587
293 302 3951
337 523 32699
365 504 21710
386 563 32304
318 414 14969
400 499 26036
315 564 6782
295 333 17778
556 558 18653
399 420 1541
336 489 15092
304 326 9048
296 495 2150
379 381 4928
342 351 16935
369 378 20812
311 326 1971
349 482 14512
413 434 11168
400 521 15207
349 357 28675
346 404 12755
488 542 14439
359 366 138
372 527 21056
362 533 14870
522 579 30250
492 562 16576
311 356 13130
400 508 20691
434 456 25518
304 439 21971
340 398 25477
463 475 3471
314 393 24186
464 547 21036
310 390 28069
303 565 111
302 575 17858
463 475 25071
377 468 10424
293 393 23292
293 346 32401
435 464 27223
344 389 14707
502 535 23832
365 408 17722
332 436 846
353 577 3777
322 328 16959
427 545 30720
332 354 10064
438 497 9608
335 379 11009
325 557 18179
440 511 13696
328 496 8126
352 524 16062
387 393 30062
293 293 27881
352 511 6691
308 346 28294
382 420 18278
333 543 12399
295 440 23113
316 380 17945
350 440 3481
342 413 22829
293 303 32381
303 544 22401
374 389 5640
294 318 19773
293 339 25907
308 345 14843
300 304 17879
389 464 19131
293 296 13189
313 321 31749
328 496 9543
485 489 3730
327 376 19891
297 498 15947
358 391 6356
348 538 7816
294 363 6107
486 539 12241
323 326 22671
568 581 652
294 295 31480
351 561 22370
308 327 16829
409 444 31038
393 411 27168
364 396 22071
358 360 24239
340 570 29631
361 368 25593
368 451 4075
378 465 16612
379 405 25787
378 383 11388
371 408 25502
405 486 2396
428 486 11955
499 554 15086
326 364 25192
500 504 15166
482 580 15758
305 311 6171
360 544 12032
300 445 13485
498 533 5986
348 399 10451
306 311 29357
400 463 27110
294 303 28799
320 448 8362
294 310 4972
331 581 16029
302 334 3772
492 538 6378
457 485 5985
329 357 6553
382 472 2054
340 422 2012
450 482 24962
357 514 3726
295 349 10277
361 431 5176
348 430 13186
351 521 14906
417 432 2512
431 441 233
402 403 8444
390 561 11458
336 438 12019
329 338 11525
365 433 24544
448 501 32334
324 499 9279
365 481 25611
315 431 8737
442 546 27106
307 331 31731
438 510 31326
295 337 25759
482 527 2687
432 443 11241
298 299 29186
321 343 24401
320 323 5754
305 326 6883
301 324 9109
337 476 695
300 304 13595
322 580 26903
353 377 10127
293 314 11903
345 541 19065
326 338 16375
543 580 31677
293 530 3445
419 517 21908
340 344 13637
360 501 8442
527 575 17072
488 504 15539
422 577 3415
338 524 11568
388 399 21498
407 534 9216
332 394 26790
308 399 3471
335 522 32127
526 537 10849
376 393 10397
350 386 29963
329 360 23225
452 537 10392
424 437 6047
310 415 13083
358 369 4250
307 331 20125
299 507 8281
345 382 28335
366 370 25851
378 383 15162
317 445 8265
299 316 369
493 580 28485
301 362 27112
316 421 8590
301 363 28480
327 404 20061
346 355 4841
297 469 2034
380 502 13801
459 583 4052
369 518 22951
408 495 32053
392 519 28967
326 331 13390
304 453 25931
322 426 10395
331 405 3805
378 487 32050
298 478 16287
308 469 32183
362 567 3986
317 392 28564
311 493 5672
485 538 11897
448 467 3885
400 466 14431
378 382 14719
305 500 3189
302 352 4593
370 374 24006
304 320 30447
362 374 25974
382 532 20922
300 364 27115
413 465 10324
326 502 10050
304 339 1913
330 417 31441
319 525 5683
371 396 22191
318 341 27885
409 529 25471
316 491 2068
316 582 9702
381 540 29347
300 329 19061
354 446 7975
298 358 13813
331 356 26159
311 335 29011
313 498 22295
342 422 20379
398 459 1195
299 374 4551
297 299 18728
373 550 8015
300 386 13680
312 421 31671
314 323 3479
350 534 16529
294 497 26899
412 529 24751
487 524 22322
346 369 9332
454 501 22691
302 365 30860
348 524 9525
395 499 8043
312 517 8480
306 382 27497
328 341 10087
467 487 10835
413 420 30526
305 328 11465
421 573 12405
349 509 8898
381 452 28506
314 374 13318
311 312 21134
414 535 5774
330 368 5564
313 331 15865
361 457 575
322 324 26271
383 528 21262
391 520 1002
333 342 23439
386 417 19704
344 357 22812
314 369 5050
503 514 25950
517 557 4611
332 382 5070
420 464 13646
497 521 28410
366 380 32028
293 293 27401
545 577 14709
313 314 2067
355 404 14234
402 508 14100
337 349 1964
305 307 14946
317 328 30867
405 490 16408
417 528 15537
321 528 20782
344 382 18743
295 507 25833
467 515 23450
304 336 22818
372 544 30879
300 498 9498
352 358 31363
457 502 8148
418 489 27670
297 310 29736
343 495 3315
535 555 11280
397 558 32531
368 414 27106
295 344 22640
460 502 16743
346 381 13171
323 521 31771
392 575 28511
331 344 15096
364 423 11771
452 521 11666
329 366 20002
317 379 18812
435 463 15117
496 525 24097
394 470 30316
380 420 24728
350 418 22440
485 507 10277
423 497 9446
305 425 24414
300 383 31397
390 574 30508
383 482 32007
299 372 16419
474 583 6703
317 322 17381
300 313 18224
331 424 23432
461 502 10627
301 335 8515
299 339 7431
329 461 2755
310 315 2793
306 364 1779
331 355 8212
488 543 13613
482 571 12786
333 428 1280
448 580 5793
317 373 5392
356 372 29171
446 521 19652
349 503 2765
312 427 16306
304 307 13505
516 524 15121
408 467 18418
468 560 15516
498 562 5549
300 347 20384
457 540 21049
445 458 14383
304 312 7362
463 486 15801
331 373 13434
445 543 7530
302 313 5693
344 527 547
536 571 16472
338 406 8948
566 576 16973
353 441 10830
385 413 7325
299 536 6000
336 552 22795
461 551 14526
304 451 15826
407 525 30977
294 413 7868
300 507 21178
317 384 9506
404 468 9242
353 404 1093
311 564 9013
345 570 369
337 439 9610
319 369 4078
445 560 7932
368 386 3767
308 326 31688
302 424 2650
380 534 5665
297 311 20385
316 420 21371
340 389 11206
479 520 16039
482 503 32105
308 335 2893
521 562 17793
425 530 9326
434 476 18933
303 306 2800
307 392 9131
446 464 10848
315 384 20526
298 359 14704
306 342 9009
421 468 2268
398 551 20130
298 483 7866
320 523 14344
362 454 30050
403 530 2141
307 319 31852
314 435 24489
468 567 24447
354 399 26627
482 491 27103
300 359 15308
340 489 28411
293 391 16690
299 312 16242
380 392 20840
349 350 12097
461 584 19478
310 534 23832
406 552 10217
319 472 5134
448 473 14157
378 425 6180
522 532 17587
408 505 17245
293 293 23305
391 395 12803
447 488 49
443 558 10391
329 408 20897
295 306 8431
387 437 22086
310 311 1745
317 343 4780
299 300 22337
297 448 28734
408 578 26336
404 558 22165
352 450 15793
348 448 19705
296 410 4231
442 496 27039
316 410 9284
447 448 8526
301 314 16811
315 463 1392
365 455 24709
351 379 30646
312 333 26417
323 358 8669
328 355 22535
337 351 25910
398 495 6165
331 406 18680
398 546 13081
361 413 32653
346 535 11979
318 584 14935
529 585 13259
351 423 158
427 554 7386
442 544 27046
513 548 27937
462 555 17183
367 434 21685
375 447 9327
298 300 22166
296 504 1155
342 367 26076
310 585 27432
426 541 30676
348 431 6180
364 410 10035
539 543 18813
378 503 10417
453 466 30644
310 458 2977
300 302 14815
343 353 8556
363 555 23781
355 377 31981
301 343 24652
316 504 22311
479 494 20566
383 502 22740
428 459 10336
397 498 24744
395 453 22977
367 404 27758
430 492 4764
295 420 24395
343 361 15714
468 548 2498
392 490 15605
335 572 10315
294 311 29354
295 296 5030
393 449 29343
366 550 10801
393 432 16420
382 577 7132
370 532 20251
332 534 19099
426 544 10406
306 401 28522
424 478 16510
401 442 14386
388 389 5564
476 498 11577
334 455 29956
293 304 27877
318 561 27473
347 352 17137
511 549 32724
397 506 23658
331 557 28830
402 571 27667
322 574 16660
324 343 2807
361 369 14936
381 394 3927
293 313 23856
316 336 2107
453 479 532
333 558 5703
390 413 20326
305 322 2723
441 540 5885
482 553 6940
336 526 25493
476 547 9930
360 375 21433
350 381 2264
304 338 9030
303 319 24384
319 496 17816
293 293 21375
373 416 20698
306 506 15481
305 417 10224
476 505 16923
394 400 1776
294 297 24860
307 422 13185
307 312 14100
392 401 28088
385 461 13279
394 466 15573
313 424 15802
363 371 16115
334 341 4807
423 431 14893
299 307 28158
421 472 28200
368 433 11957
298 424 6919
334 402 18753
382 496 28455
376 468 27742
294 361 7999
354 372 23137
293 494 25787
329 393 18026
373 390 3171
355 377 25857
433 462 13230
411 546 7402
353 433 23893
456 502 12312
462 554 13825
404 456 7679
373 549 18471
321 464 14268
315 327 2668
344 411 13255
393 401 13874
326 355 21039
364 396 15379
370 439 9099
327 338 2679
316 332 5162
299 305 16011
532 572 18983
311 548 21051
299 307 104
406 422 31244
305 340 8633
351 435 15325
337 523 20086
315 341 25590
354 390 31884
315 427 28666
540 570 21689
397 487 24458
374 517 8518
397 446 10435
316 543 25023
315 322 25313
300 333 13392
299 327 9117
375 430 4298
357 495 7215
365 554 6790
435 452 18681
309 369 26010
354 519 4926
296 393 16671
464 498 9846
318 437 15225
330 350 804
323 535 30430
312 337 5940
393 432 21388
498 517 26695
372 560 17017
325 352 13946
318 347 3672
524 544 32402
296 448 25161
332 347 30859
333 471 7315
410 523 11256
336 407 24883
355 461 1476
342 380 13100
363 532 4905
293 318 27861
384 553 13306
488 580 3740
405 479 19092
426 529 22773
313 433 14866
335 472 20846
374 380 29596
320 381 31782
450 564 31201
338 341 2572
296 383 11805
515 546 20923
329 352 31813
336 388 27596
315 352 9249
321 376 3312
547 550 31619
374 452 1850
369 464 10719
293 294 2390
295 305 6115
376 436 3494
317 397 11764
386 486 17535
378 443 4746
556 571 27633
349 365 30180
295 302 19690
473 493 10903
303 340 18579
355 451 25298
316 324 21040
468 514 30848
333 345 12528
303 330 14975
329 475 17008
328 503 25517
346 434 476
362 408 12416
382 451 8439
412 568 3669
337 372 22380
393 529 11203
317 473 563
451 479 21400
323 327 4094
300 305 1092
304 325 22745
446 447 13277
336 382 11914
361 369 13579
371 427 85
325 329 19310
347 425 10282
342 429 15976
331 336 12402
382 437 12113
408 433 26855
296 447 13426
335 421 17993
373 450 19560
413 538 7110
519 522 13757
396 536 3694
298 451 9420
317 401 531
329 338 18010
417 521 31833
335 387 1893
523 555 26092
510 544 19219
299 307 31506
335 364 7629
421 567 29712
414 431 8423
396 437 17184
327 417 27751
351 557 2280
320 365 3268
336 358 25010
367 405 8378
343 520 15573
502 539 32643
481 514 23822
399 494 18962
293 307 15292
436 465 27176
329 374 8762
296 365 22617
325 366 13263
360 457 7770
366 458 10217
342 360 32050
331 372 26525
346 392 30496
400 516 29352
317 407 19286
325 344 12124
360 460 17885
311 312 26184
318 469 12339
302 532 30069
355 571 16270
417 521 4238
309 509 9154
298 316 31313
303 427 26177
330 438 22808
307 483 10921
357 401 27490
350 360 10968
299 308 17042
305 335 1681
319 353 6515
315 388 17151
379 583 10522
400 477 12488
394 455 23091
371 538 28523
422 441 10736
395 428 31513
431 550 24831
374 557 11860
463 477 8289
357 488 29419
391 501 6896
524 554 5684
300 321 25588
301 352 25240
445 476 23077
297 298 21696
345 498 13270
428 548 3343
336 343 23633
465 475 3623
297 351 31619
303 312 32684
293 296 30854
366 504 6281
348 361 23734
358 457 5718
377 487 67
472 518 20410
302 310 10898
327 366 3546
335 360 8124
382 489 32055
293 347 16912
363 391 16519
317 359 18793
335 343 4200
355 384 27563
353 414 26890
354 498 30929
361 502 8984
491 521 12873
414 566 1931
477 552 22678
343 386 1585
299 306 23404
411 526 17672
294 332 6084
363 371 21180
294 394 27802
345 419 28912
295 303 31318
433 449 15127
342 378 27146
342 575 29954
414 469 28937
357 387 6263
474 555 14991
353 360 23400
349 367 17509
294 296 28833
403 548 23752
405 500 17166
312 353 7944
403 474 28644
550 572 22920
398 446 24136
307 328 820
416 424 4953
305 346 8067
346 570 22436
303 374 30619
327 430 32606
368 566 13370
294 467 14603
303 387 30569
323 450 15952
293 293 32053
348 368 15550
398 561 22796
326 360 13033
557 574 12343
416 444 24037
344 395 2609
388 532 9038
391 487 17257
301 412 10775
416 521 16781
338 527 18288
383 411 6817
491 518 15252
406 441 26946
392 412 14157
555 561 12968
334 353 11795
346 523 4934
334 360 532
443 469 27923
322 386 28296
398 471 7909
296 492 2578
307 312 28260
294 394 7729
296 351 22140
318 555 12764
364 475 27233
377 466 21734
322 340 372
535 575 18110
342 434 31411
424 451 20129
298 312 9852
313 340 21603
315 544 23489
298 513 20555
525 537 31242
319 356 19908
333 336 11214
310 368 20425
298 305 13587
317 440 14165
296 298 2129
514 529 11078
296 520 20488
338 425 15981
394 418 9620
322 346 31682
327 390 24084
294 516 27126
327 344 15503
344 421 20187
345 353 1172
411 467 20566
361 387 27398
460 479 21466
418 469 19159
332 415 32412
363 455 25056
473 512 18432
473 493 15895
304 550 31982
312 492 32202
544 574 11794
335 462 9654
463 465 7218
389 391 9740
429 510 7458
323 381 17341
313 425 30971
334 365 3498
383 403 12959
336 463 23953
313 379 24501
337 472 12990
542 583 29599
450 519 2294
396 468 32276
309 343 14357
295 305 10603
550 555 31049
361 367 3513
498 524 29959
408 416 1355
296 315 18681
321 479 25638
410 490 22427
359 585 6035
466 523 31559
293 463 5091
337 393 29914
301 324 26093
299 339 12862
411 559 2801
295 298 25459
329 500 11496
321 385 21748
305 359 23150
392 541 15503
335 346 6337
304 361 8706
297 438 5002
454 478 24310
471 569 368
452 484 27200
319 377 26025
402 442 20579
309 323 30198
426 506 28613
512 581 27097
332 500 22819
401 573 8933
356 394 9501
410 415 18293
390 494 13812
295 534 24624
305 462 18636
332 385 7706
297 425 31771
364 489 29235
436 469 6403
488 563 24778
293 298 3015
392 452 18949
317 478 7073
506 535 3678
323 527 11429
304 326 20732
374 389 13933
337 379 29488
392 557 12483
530 583 2945
365 501 5009
420 462 24585
385 475 14762
338 516 7958
298 455 3672
293 323 584
305 323 31669
412 528 1956
316 534 9259
336 396 18772
297 564 7095
339 466 2057
489 566 9673
315 338 1347
312 342 717
294 324 8673
436 448 9413
445 561 10954
356 530 17536
525 547 8340
413 474 22853
348 535 26727
411 540 29470
318 442 927
311 317 31737
329 343 30925
299 486 32345
513 585 21542
416 453 20569
319 354 24208
307 372 30752
299 336 12730
438 470 23330
309 449 29969
302 502 23485
307 328 8807
360 424 274
296 457 682
293 300 13103
567 580 29185
403 447 2529
301 302 14365
357 499 14025
302 314 11439
374 469 17283
342 502 18746
299 426 17163
295 322 184
382 447 16797
399 582 2767
462 559 16575
294 323 5004
358 371 30020
328 349 16852
500 584 23383
343 439 5653
335 526 6396
315 316 4055
346 360 8582
315 332 9278
457 470 11503
303 407 10404
295 330 27677
370 447 15300
325 513 32621
505 525 15673
311 357 10023
454 566 22076
436 550 32164
338 479 18408
316 342 22855
358 414 29285
456 466 18592
390 477 9677
316 318 1360
378 392 6319
399 536 19077
295 398 10610
328 493 16933
324 499 9995
572 576 18442
415 443 4800
446 504 9427
314 500 28660
327 348 10808
315 371 6185
329 409 22764
320 559 30909
327 342 31844
384 570 27923
443 577 805
382 425 25372
526 536 23145
436 470 29062
301 311 18994
390 550 19959
379 517 19242
316 405 30489
512 570 8673
414 470 14701
316 510 17223
294 296 18201
324 386 13429
321 568 14888
499 553 19486
312 490 22011
321 424 1605
339 380 2017
443 480 2821
303 306 20484
352 360 12180
423 550 13107
372 492 9413
328 362 27445
526 553 18610
469 532 3748
468 505 14681
489 531 10876
341 357 25683
430 444 5872
377 453 29671
455 471 32281
332 390 13358
296 298 26264
392 517 27390
402 533 27981
420 460 13273
341 398 170
297 549 19730
356 420 13641
334 499 30179
494 537 32466
445 485 5428
309 354 2389
360 446 28466
485 572 28321
450 561 17429
361 431 24639
332 535 23711
293 294 27164
329 366 22845
309 311 31494
356 403 7887
463 574 14216
307 333 2182
380 390 4295
300 309 10324
302 303 31859
437 462 26591
298 326 19431
314 497 23044
482 486 20486
445 509 4415
344 537 1153
301 320 27032
332 351 14473
389 435 29926
296 488 25618
296 409 11911
402 443 24630
448 470 22491
520 541 24162
318 476 28964
408 577 3395
377 514 15010
360 467 11189
393 409 6134
478 509 10537
419 473 9276
375 511 12338
487 559 20311
325 338 25401
390 465 3427
453 505 31891
330 389 1872
326 348 14945
497 513 26630
355 366 21517
294 295 25522
351 424 31291
370 392 32514
317 330 25473
461 585 31352
351 559 30550
577 585 10787
296 386 5604
352 546 31836
369 393 5832
388 516 4698
429 477 12780
456 497 9143
299 467 27891
310 320 574
498 569 11515
428 442 1437
563 584 32663
356 410 32456
367 455 24400
320 380 8504
363 479 30488
319 456 9290
346 538 1387
411 505 18788
312 315 19216
312 328 945
293 299 15040
331 398 17548
373 399 13848
381 454 31739
313 351 22944
421 453 16068
429 470 31954
371 375 19450
293 293 10195
359 498 21841
472 511 27392
442 466 24330
305 334 22248
354 390 20879
305 330 16902
437 478 24625
336 364 12986
524 583 970
474 480 21588
342 523 13354
297 303 10778
358 485 460
296 298 14540
298 300 15971
341 499 22810
417 572 32352
310 333 1530
337 421 22152
486 555 20460
308 563 8227
361 414 14988
409 507 4982
519 523 15356
354 479 31626
311 355 28177
473 543 30562
389 556 20299
375 525 31795
329 373 17909
388 403 26948
488 574 525
458 523 18800
319 373 27324
417 508 10121
303 321 2694
312 401 29201
398 434 31102
539 577 8185
310 338 10017
299 378 27505
340 440 11683
421 541 22758
322 582 5841
503 537 12227
314 343 16094
295 357 22422
336 459 23468
321 359 1949
351 493 12143
307 479 12273
307 309 9157
342 492 19140
545 553 1684
550 561 10605
316 322 29769
304 312 9274
335 345 13135
429 500 9530
484 582 29404
424 485 9605
543 547 4959
445 499 12713
296 337 26933
295 299 13633
355 399 23160
293 312 30434
309 382 24312
356 519 9448
440 579 21956
345 415 26822
308 537 26067
374 413 31200
298 360 18335
367 406 27168
324 408 29659
482 497 13765
314 478 22413
381 431 19731
330 507 26664
310 364 10743
442 574 21119
513 542 23743
393 421 5550
297 314 8807
338 448 14150
422 491 23605
314 409 28765
321 509 29597
372 384 19287
365 466 9885
296 304 14460
411 498 14349
376 448 13248
314 318 23717
309 363 16450
386 405 18587
324 433 20074
426 429 19244
421 432 10166
313 382 15468
359 485 18321
301 312 30510
362 391 10952
326 351 31726
378 422 10112
340 516 31474
329 516 23983
305 392 13098
323 327 21648
563 576 8306
295 309 29573
374 380 12104
295 425 17762
434 481 25867
366 499 27424
403 457 29538
407 570 24411
309 489 21093
383 407 15922
318 466 4237
481 539 15712
330 380 22692
385 419 28323
294 527 3364
569 573 23250
331 441 5582
479 491 3629
375 480 26456
340 478 24268
428 437 13951
326 406 7225
367 425 32500
316 493 923
405 472 23499
346 351 22009
399 437 29301
330 479 22142
399 495 12916
517 534 21702
465 509 15177
294 480 19358
342 534 10060
430 558 5819
313 530 5478
294 445 25168
395 414 25836
308 320 19858
387 389 32270
315 397 21897
325 428 1685
310 330 4030
363 494 21984
310 351 5281
447 475 11365
321 373 18376
384 451 29219
514 575 76
304 306 23742
346 457 32238
333 354 10574
293 351 10197
293 309 24307
353 557 22521
317 320 9946
295 296 668
297 298 31541
295 431 27486
299 321 4683
379 393 25041
408 410 19388
364 408 15768
302 321 21884
320 337 5745
439 463 2872
404 576 3780
438 447 3626
367 504 1921
314 462 3194
336 416 19069
312 325 30403
310 325 13450
396 508 18270
367 433 15097
337 411 21104
382 395 24660
355 408 9979
312 416 23140
543 558 10335
305 583 24550
414 454 1293
374 391 24188
297 436 23125
379 566 18876
380 464 32417
356 428 23149
421 486 25204
413 550 330
294 295 3586
327 349 4846
408 525 17481
299 334 23217
366 479 5604
390 453 24732
325 344 32025
370 508 21184
320 358 18895
400 465 15509
327 582 32620
385 390 5933
452 461 8141
306 316 21336
300 303 1497
448 487 23316
412 565 14166
443 482 14812
354 416 18707
402 577 13232
402 420 24955
347 530 8430
297 421 25907
304 320 31063
328 576 13905
301 367 8911
361 538 31303
323 423 26811
317 545 25504
355 365 1806
396 579 21531
295 381 95
296 509 8396
487 505 6306
326 439 9543
327 427 22102
379 580 29699
392 463 27210
301 331 8569
333 369 25155
388 585 13480
402 473 9513
351 354 771
294 484 30605
457 543 30462
401 453 15772
373 524 18343
330 373 27617
516 561 19735
407 585 10846
332 361 12449
537 566 9708
342 421 2303
303 328 31199
298 311 20981
325 472 4185
398 440 27684
310 560 25056
294 319 15611
322 457 11529
308 438 28681
408 447 9555
339 371 4647
300 467 17553
394 478 5163
311 370 27761
295 324 1565
315 326 28153
297 308 23858
441 455 27420
485 537 9716
374 501 27314
304 316 29019
312 452 29046
401 494 26313
298 396 4823
369 549 32292
346 402 17089
362 378 19590
318 335 19879
314 343 21305
306 309 20088
346 479 13300
486 580 21058
293 370 24222
413 423 10159
315 422 3071
347 490 11427
523 530 30238
310 312 22183
293 360 2632
473 480 17118
326 383 6643
444 477 24757
394 525 9968
391 397 22170
304 306 7349
421 535 8788
303 339 27554
304 327 16080
302 332 23687
368 418 22407
320 454 25057
294 299 21957
312 314 31104
354 551 28276
293 357 11412
363 433 22340
341 574 13655
293 298 62
420 439 6351
317 319 11040
334 371 26707
331 439 3106
430 510 12770
423 555 22505
344 573 14193
397 473 20693
377 423 9383
522 546 6637
354 377 30677
426 475 24603
302 306 32263
356 460 23154
505 522 27510
423 531 18603
457 504 4301
293 380 817
397 421 17156
348 519 29250
558 582 3760
433 491 27157
312 351 4381
378 511 2054
311 324 8346
337 368 20788
486 497 6832
316 328 3356
329 413 2621
539 568 14093
301 421 12464
297 299 30604
352 423 9432
382 555 29443
369 548 32509
382 395 27987
361 475 15685
364 389 23065
313 515 31886
425 454 32713
351 540 8518
438 551 26607
321 474 26851
418 437 309
428 525 26640
515 572 10237
351 514 682
303 316 20654
533 569 16920
316 565 23310
382 543 25519
345 372 14388
497 514 23581
319 504 5374
299 363 11785
307 377 14606
367 454 8565
357 417 20151
510 512 30338
538 563 25190
294 297 27036
324 493 10345
296 337 6214
440 540 3618
334 451 23801
305 376 22536
403 514 24015
402 424 8196
363 439 7411
374 428 10
312 313 11023
384 559 8964
295 381 31539
344 358 27234
401 558 5343
351 364 24813
326 353 19515
302 464 25527
448 512 4520
315 339 20534
322 556 8487
523 546 13033
310 328 12111
344 439 29730
418 559 29890
322 352 26821
366 367 31333
367 369 2842
472 580 6091
318 436 1030
394 578 654
322 564 10057
336 559 26760
343 447 9615
500 576 10289
369 539 3449
336 369 8588
387 422 20711
295 328 8034
354 526 30252
355 410 19397
486 495 29941
347 387 21516
384 516 3326
418 448 8136
487 582 14588
299 346 7010
324 325 19002
358 390 25183
387 577 18904
467 526 24199
453 502 698
427 465 2131
495 541 9082
313 386 10875
424 427 18947
297 306 11638
336 374 4769
409 468 20808
390 518 672
341 410 10996
302 305 27353
382 549 2157
385 475 14526
383 477 22747
359 438 11449
413 514 12426
424 573 8968
301 333 18151
293 537 6232
401 568 12877
360 408 26052
303 389 30866
544 568 26640
312 428 7324
365 564 29742
427 480 28763
310 508 12150
303 419 28675
329 388 11284
295 297 5718
359 484 6808
394 573 17247
370 478 1970
344 363 17908
300 316 2425
311 527 11723
414 481 464
502 560 3859
390 530 17353
293 577 8650
294 295 2072
348 542 30280
352 520 16617
362 457 9654
329 432 6076
486 492 16491
379 385 16414
473 511 5480
334 355 24648
320 368 5476
338 455 11539
353 518 22824
301 312 2244
342 416 1588
516 539 3220
293 326 15831
321 426 29453
299 329 16965
296 338 28040
315 406 23130
303 322 6516
399 413 2038
339 450 6704
407 427 11848
424 459 25240
526 529 7265
496 499 1438
472 541 26071
293 305 1920
331 403 22127
321 349 12663
461 514 28420
293 312 26619
333 378 2335
297 300 2028
380 457 19457
320 331 26940
379 399 22801
305 315 26101
366 395 20195
444 449 15024
396 418 18777
307 382 20944
293 327 10892
315 528 7459
342 526 2945
380 456 6585
324 366 1237
535 536 2066
362 501 24286
527 550 22251
395 404 30207
297 337 18770
321 337 2840
297 363 4310
330 502 8539
329 361 31457
419 476 16884
493 582 31905
317 344 21304
325 334 27404
344 429 29796
298 302 5346
396 446 20493
374 379 21185
312 452 26320
302 311 1436
442 493 16615
338 354 30261
341 479 4261
294 462 10360
329 337 26900
295 323 3002
296 446 4894
294 318 3399
382 510 4368
454 465 1241
339 404 21330
326 427 19128
469 496 21167
351 417 5558
325 393 894
505 582 4949
322 346 12939
334 446 5797
300 490 10132
297 363 19139
391 438 12976
360 419 7176
480 516 24835
363 437 5946
318 565 19077
342 467 24683
447 490 3528
325 526 11074
325 542 28669
338 423 23777
295 342 1716
441 475 17327
387 438 7679
327 392 11168
475 561 2303
298 533 5598
294 419 1042
309 442 4315
293 429 5901
370 491 10801
293 297 19276
339 360 17887
343 410 23679
298 474 24263
302 329 7292
299 500 25201
320 495 24957
306 545 3712
378 584 21397
322 466 102
319 407 6465
322 407 6192
350 415 3165
300 302 30083
320 392 6119
298 307 16930
313 399 29783
317 351 16278
322 331 31603
324 339 13775
328 439 3565
321 544 32468
357 425 21539
327 355 4063
347 537 20705
340 528 6773
333 422 6134
366 490 16479
414 479 21493
364 365 27533
302 316 28028
502 579 14148
436 504 27608
294 546 2605
387 555 23008
449 481 6432
308 407 27476
399 551 6330
347 433 7730
306 388 30754
403 473 28853
357 408 10636
425 542 20473
338 365 19795
345 371 27772
310 486 6858
332 448 30968
395 575 11791
504 579 19780
459 468 1156
293 423 19007
346 389 31169
295 466 31988
341 470 5394
339 358 11893
318 337 31714
295 475 6949
316 455 30635
305 317 18276
295 306 15923
321 364 8405
309 310 8520
382 410 8901
363 491 1849
338 467 22861
330 380 8122
294 304 12876
369 443 16633
330 400 23631
340 409 18186
349 487 21238
370 584 17397
310 325 30084
425 521 22800
407 415 28562
338 460 16998
307 449 9508
295 298 854
448 461 2702
310 334 20410
344 358 9702
295 465 20270
341 449 15107
308 358 16464
363 364 9258
460 540 24593
366 505 26882
503 541 23922
363 409 4708
361 546 7227
369 397 21791
385 502 10643
454 460 18123
490 568 7043
321 349 14142
345 512 12489
449 576 20034
379 437 30847
374 485 157
369 510 8588
347 518 8326
380 474 24536
365 512 3361
501 565 10672
329 384 8601
377 473 31210
454 464 20453
535 581 21408
293 305 7278
303 308 2719
312 420 18176
570 572 24540
310 335 8917
307 477 25484
342 376 17046
293 329 22196
340 374 32424
357 482 1100
310 507 19233
294 298 20038
464 524 8245
420 441 1308
402 412 13056
461 535 8373
296 329 13806
359 571 10167
386 423 8000
543 572 3754
477 513 22864
325 410 10868
336 353 5033
328 405 2576
416 439 32017
328 337 14749
382 527 19979
361 436 9483
412 435 2188
344 462 6929
466 536 31946
338 339 24888
294 380 19568
338 374 28700
426 427 7335
497 552 23339
383 453 15527
357 442 10645
336 457 2513
311 493 3622
293 295 7044
380 387 2617
303 468 4139
414 535 11286
364 546 561
418 511 21319
375 449 1759
299 311 17874
346 366 29271
321 362 30556
296 304 17186
311 391 16278
305 338 23822
294 334 28559
375 424 28233
294 300 19901
302 335 19206
293 297 3792
329 421 2828
352 482 30141
314 387 4598
334 494 28541
383 421 13849
327 428 20328
332 389 17221
353 526 22342
354 455 28124
305 306 609
317 393 16374
298 344 11586
295 302 28044
360 369 15324
360 378 7641
412 468 24145
468 503 26488
297 308 6297
298 324 18927
344 442 19379
438 489 10899
300 481 16162
308 483 5149
336 446 8169
421 511 32574
386 410 9796
313 378 4116
302 342 9675
488 526 18261
340 475 17354
365 480 30591
467 529 32234
377 396 11643
424 534 8064
309 326 31086
305 424 20007
306 339 28585
317 329 1639
334 394 8962
496 573 18324
344 348 4340
397 436 23093
369 399 19801
324 557 7818
299 540 32414
364 510 14607
317 382 15548
322 372 20747
310 553 29792
294 321 31113
423 426 23815
297 307 22361
306 360 11254
332 583 14046
353 401 18264
551 571 6870
403 504 9194
294 419 26987
370 405 31994
302 315 20254
448 528 2468
454 490 18289
333 516 915
337 498 2402
404 421 4786
311 313 27147
377 467 20108
529 545 12807
350 357 20820
307 368 29293
395 411 8641
364 493 11391
309 356 20554
304 314 11102
335 408 22889
361 479 20838
387 424 481
333 360 25336
299 322 17223
450 506 5855
386 427 20027
302 387 30877
