609
1000000 999999 999998 999997 999996 999995 999994 999993 999992 999991 999990 999989 999988 999987 999986 999985 999984 999983 999982 999981 999980 999979 999978 999977 999976 999975 999974 999973 999972 999971 999970 999969 999968 999967 999966 999965 999964 999963 999962 999961 999960 999959 999958 999957 999956 999955 999954 999953 999952 999951 999950 999949 999948 999947 999946 999945 999944 999943 999942 999941 999940 999939 999938 999937 999936 999935 999934 999933 999932 999931 999930 999929 999928 999927 999926 999925 999924 999923 999922 999921 999920 999919 999918 999917 999916 999915 999914 999913 999912 999911 999910 999909 999908 999907 999906 999905 999904 999903 999902 999901 999900 999899 999898 999897 999896 999895 999894 999893 999892 999891 999890 999889 999888 999887 999886 999885 999884 999883 999882 999881 999880 999879 999878 999877 999876 999875 999874 999873 999872 999871 999870 999869 999868 999867 999866 999865 999864 999863 999862 999861 999860 999859 999858 999857 999856 999855 999854 999853 999852 999851 999850 999849 999848 999847 999846 999845 999844 999843 999842 999841 999840 999839 999838 999837 999836 999835 999834 999833 999832 999831 999830 999829 999828 999827 999826 999825 999824 999823 999822 999821 999820 999819 999818 999817 999816 999815 999814 999813 999812 999811 999810 999809 999808 999807 999806 999805 999804 999803 999802 999801 999800 999799 999798 999797 999796 999795 999794 999793 999792 999791 999790 999789 999788 999787 999786 999785 999784 999783 999782 999781 999780 999779 999778 999777 999776 999775 999774 999773 999772 999771 999770 999769 999768 999767 999766 999765 999764 999763 999762 999761 999760 999759 999758 999757 999756 999755 999754 999753 999752 999751 999750 999749 999748 999747 999746 999745 999744 999743 999742 999741 999740 999739 999738 999737 999736 999735 999734 999733 999732 999731 999730 999729 999728 999727 999726 999725 999724 999723 999722 999721 999720 999719 999718 999717 999716 999715 999714 999713 999712 999711 999710 999709 999708 999707 999706 999705 999704 999703 999702 999701 999700 999699 999698 999697 999696 999695 999694 999693 999692 999691 999690 999689 999688 999687 999686 999685 999684 999683 999682 999681 999680 999679 999678 999677 999676 999675 999674 999673 999672 999671 999670 999669 999668 999667 999666 999665 999664 999663 999662 999661 999660 999659 999658 999657 999656 999655 999654 999653 999652 999651 999650 999649 999648 999647 999646 999645 999644 999643 999642 999641 999640 999639 999638 999637 999636 999635 999634 999633 999632 999631 999630 999629 999628 999627 999626 999625 999624 999623 999622 999621 999620 999619 999618 999617 999616 999615 999614 999613 999612 999611 999610 999609 999608 999607 999606 999605 999604 999603 999602 999601 999600 999599 999598 999597 999596 999595 999594 999593 999592 999591 999590 999589 999588 999587 999586 999585 999584 999583 999582 999581 999580 999579 999578 999577 999576 999575 999574 999573 999572 999571 999570 999569 999568 999567 999566 999565 999564 999563 999562 999561 999560 999559 999558 999557 999556 999555 999554 999553 999552 999551 999550 999549 999548 999547 999546 999545 999544 999543 999542 999541 999540 999539 999538 999537 999536 999535 999534 999533 999532 999531 999530 999529 999528 999527 999526 999525 999524 999523 999522 999521 999520 999519 999518 999517 999516 999515 999514 999513 999512 999511 999510 999509 999508 999507 999506 999505 999504 999503 999502 999501 999500 999499 999498 999497 999496 999495 999494 999493 999492 999491 999490 999489 999488 999487 999486 999485 999484 999483 999482 999481 999480 999479 999478 999477 999476 999475 999474 999473 999472 999471 999470 999469 999468 999467 999466 999465 999464 999463 999462 999461 999460 999459 999458 999457 999456 999455 999454 999453 999452 999451 999450 999449 999448 999447 999446 999445 999444 999443 999442 999441 999440 999439 999438 999437 999436 999435 999434 999433 999432 999431 999430 999429 999428 999427 999426 999425 999424 999423 999422 999421 999420 999419 999418 999417 999416 999415 999414 999413 999412 999411 999410 999409 999408 999407 999406 999405 999404 999403 999402 999401 999400 999399 999398 999397 999396 999395 999394 999393 999392 
4410
1 2 14443
2 3 16466
3 4 2165
4 5 24117
5 6 10603
6 7 7577
7 8 19980
8 9 10861
9 10 19986
10 11 29432
11 12 26166
12 13 29277
13 14 14642
14 15 3079
15 16 8693
16 17 26517
17 18 10347
18 19 30972
19 20 13696
20 21 32512
21 22 18508
22 23 21044
23 24 15752
24 25 28950
25 26 954
26 27 23055
27 28 10687
28 29 2644
29 30 25238
30 31 28929
31 32 12443
32 33 24553
33 34 15258
34 35 4070
35 36 12375
36 37 15539
37 38 15748
38 39 15510
39 40 8508
40 41 23145
41 42 4983
42 43 11450
43 44 32030
44 45 15130
45 46 10398
46 47 2782
47 48 16425
48 49 14038
49 50 20242
50 51 4551
51 52 26334
52 53 4523
53 54 19966
54 55 29190
55 56 3416
56 57 11731
57 58 6913
58 59 13773
59 60 5076
60 61 11819
61 62 17107
62 63 5890
63 64 27760
64 65 7399
65 66 17708
66 67 31634
67 68 30259
68 69 27268
69 70 26593
70 71 3080
71 72 2382
72 73 22783
73 74 17744
74 75 6238
75 76 6305
76 77 10053
77 78 6655
78 79 16146
79 80 3201
80 81 4330
81 82 5504
82 83 2685
83 84 15033
84 85 30237
85 86 12952
86 87 30817
87 88 8142
88 89 16348
89 90 23200
90 91 8129
91 92 15752
92 93 21604
93 94 22570
94 95 26869
95 96 17069
96 97 12268
97 98 23784
98 99 3069
99 100 24592
100 101 30098
101 102 7882
102 103 18710
103 104 28362
104 105 3222
105 106 20583
106 107 3979
107 108 19400
108 109 7622
109 110 30878
110 111 1742
111 112 3206
112 113 1337
113 114 28029
114 115 11719
115 116 28953
116 117 3136
117 118 30305
118 119 1132
119 120 14195
120 121 32666
121 122 22879
122 123 29586
123 124 13283
124 125 30183
125 126 22499
126 127 26370
127 128 21211
128 129 23135
129 130 24215
130 131 19920
131 132 26614
132 133 4036
133 134 27783
134 135 29928
135 136 28217
136 137 16277
137 138 30082
138 139 28650
139 140 7578
140 141 10629
141 142 17347
142 143 1080
143 144 31166
144 145 1836
145 146 7377
146 147 19021
147 148 15879
148 149 22523
149 150 11683
150 151 31056
151 152 19150
152 153 10613
153 154 520
154 155 4328
155 156 30701
156 157 12188
157 158 2886
158 159 21843
159 160 28801
160 161 16810
161 162 31233
162 163 20914
163 164 31726
164 165 3842
165 166 28511
166 167 21671
167 168 22563
168 169 8294
169 170 18794
170 171 6946
171 172 2335
172 173 31082
173 174 3766
174 175 7544
175 176 16819
176 177 28201
177 178 15683
178 179 12982
179 180 18826
180 181 310
181 182 164
182 183 32308
183 184 1128
184 185 24022
185 186 4961
186 187 23405
187 188 32431
188 189 17004
189 190 20379
190 191 15373
191 192 8999
192 193 28468
193 194 13038
194 195 11340
195 196 32254
196 197 27956
197 198 22940
198 199 29051
199 200 12558
200 201 16752
201 202 13543
202 203 30428
203 204 32095
204 205 24670
205 206 190
206 207 31927
207 208 1517
208 209 30105
209 210 15516
210 211 15786
211 212 12203
212 213 21465
213 214 11182
214 215 32321
215 216 17095
216 217 8483
217 218 8244
218 219 15047
219 220 12592
220 221 4925
221 222 5673
222 223 26459
223 224 9814
224 225 20581
225 226 24870
226 227 30278
227 228 17457
228 229 18498
229 230 29060
230 231 6283
231 232 12676
232 233 6427
233 234 29889
234 235 27840
235 236 23907
236 237 21831
237 238 21796
238 239 4125
239 240 7155
240 241 15589
241 242 23716
242 243 17875
243 244 113
244 245 16333
245 246 32519
246 247 10398
247 248 6261
248 249 23494
249 250 3911
250 251 6814
251 252 27768
252 253 11001
253 254 25657
254 255 26467
255 256 27028
256 257 13989
257 258 12400
258 259 19527
259 260 6284
260 261 25109
261 262 4448
262 263 23296
263 264 17932
264 265 463
265 266 6591
266 267 27253
267 268 50
268 269 29455
269 270 23345
270 271 2513
271 272 3404
272 273 18291
273 274 13091
274 275 10710
275 276 16356
276 277 22776
277 278 24311
278 279 28789
279 280 19450
280 281 23077
281 282 7010
282 283 27291
283 284 400
284 285 13958
285 286 21267
286 287 4173
287 288 4204
288 289 22364
289 290 8342
290 291 20215
291 292 14617
292 293 8339
293 294 10103
294 295 3585
295 296 3887
296 297 14836
297 298 2218
298 299 24996
299 300 12500
300 301 30876
301 302 30250
302 303 24572
303 304 6019
304 305 31917
305 306 10721
306 307 19550
307 308 26124
308 309 22339
309 310 17352
310 311 3307
311 312 22492
312 313 19626
313 314 21327
314 315 7781
315 316 13695
316 317 1742
317 318 4095
318 319 31298
319 320 29283
320 321 19442
321 322 1374
322 323 8959
323 324 22495
324 325 3493
325 326 13843
326 327 19127
327 328 24947
328 329 25586
329 330 31306
330 331 18420
331 332 11858
332 333 18648
333 334 7514
334 335 19653
335 336 11293
336 337 10234
337 338 32421
338 339 5137
339 340 24306
340 341 5782
341 342 14784
342 343 31018
343 344 27301
344 345 18363
345 346 6613
346 347 11685
347 348 16717
348 349 4279
349 350 23621
350 351 362
351 352 6915
352 353 4559
353 354 1681
354 355 28935
355 356 6886
356 357 22324
357 358 21370
358 359 28234
359 360 17763
360 361 1586
361 362 31591
362 363 5902
363 364 11187
364 365 27305
365 366 23560
366 367 20053
367 368 28836
368 369 30913
369 370 17209
370 371 27543
371 372 2717
372 373 5850
373 374 24873
374 375 29786
375 376 26332
376 377 17346
377 378 9659
378 379 5123
379 380 20995
380 381 27947
381 382 3372
382 383 17900
383 384 18899
384 385 2652
385 386 8183
386 387 26038
387 388 7223
388 389 20262
389 390 10741
390 391 6625
391 392 30596
392 393 2842
393 394 27849
394 395 19609
395 396 20479
396 397 2297
397 398 20859
398 399 9939
399 400 16032
400 401 620
401 402 23907
402 403 16793
403 404 15637
404 405 31733
405 406 28233
406 407 418
407 408 25354
408 409 7462
409 410 458
410 411 20774
411 412 2216
412 413 22801
413 414 3069
414 415 11248
415 416 29275
416 417 31487
417 418 8535
418 419 12725
419 420 27097
420 421 27493
421 422 30668
422 423 12964
423 424 26720
424 425 16659
425 426 823
426 427 27198
427 428 13886
428 429 29359
429 430 12540
430 431 23656
431 432 9111
432 433 15458
433 434 1772
434 435 2239
435 436 15971
436 437 3537
437 438 10601
438 439 26667
439 440 10678
440 441 5199
441 442 3274
442 443 26807
443 444 31300
444 445 13648
445 446 22017
446 447 23456
447 448 15396
448 449 3361
449 450 11898
450 451 2475
451 452 1492
452 453 17879
453 454 3911
454 455 25020
455 456 15486
456 457 23174
457 458 18299
458 459 30117
459 460 28025
460 461 6835
461 462 16851
462 463 14652
463 464 24851
464 465 523
465 466 19868
466 467 14256
467 468 19086
468 469 14421
469 470 28368
470 471 13085
471 472 14696
472 473 19877
473 474 31107
474 475 25181
475 476 12256
476 477 1746
477 478 31869
478 479 16674
479 480 693
480 481 20011
481 482 16169
482 483 9793
483 484 26161
484 485 7270
485 486 22190
486 487 5201
487 488 19558
488 489 28121
489 490 5723
490 491 30837
491 492 30904
492 493 6125
493 494 24392
494 495 19318
495 496 27803
496 497 4815
497 498 4922
498 499 18709
499 500 4510
500 501 2920
501 502 11976
502 503 12703
503 504 17577
504 505 20880
505 506 20156
506 507 18881
507 508 9858
508 509 30334
509 510 9404
510 511 3230
511 512 21910
512 513 12163
513 514 7978
514 515 17439
515 516 29943
516 517 20729
517 518 18504
518 519 31626
519 520 9377
520 521 30070
521 522 8352
522 523 87
523 524 20225
524 525 9541
525 526 30883
526 527 25919
527 528 28600
528 529 4630
529 530 3472
530 531 15253
531 532 14236
532 533 15092
533 534 28055
534 535 30425
535 536 12799
536 537 3192
537 538 26431
538 539 11915
539 540 20277
540 541 20796
541 542 2053
542 543 12861
543 544 30800
544 545 1683
545 546 28229
546 547 9196
547 548 4142
548 549 26999
549 550 29278
550 551 3216
551 552 1462
552 553 20419
553 554 27410
554 555 7922
555 556 23390
556 557 8611
557 558 4395
558 559 7358
559 560 18416
560 561 1864
561 562 18020
562 563 4569
563 564 21647
564 565 7904
565 566 17286
566 567 23028
567 568 7157
568 569 20165
569 570 29138
570 571 9314
571 572 3838
572 573 2036
573 574 29599
574 575 27174
575 576 25194
576 577 3266
577 578 8260
578 579 2641
579 580 2526
580 581 4042
581 582 30520
582 583 139
583 584 25645
584 585 16170
585 586 20088
586 587 27119
587 588 31958
588 589 4079
589 590 16425
590 591 19484
591 592 1742
592 593 24013
593 594 7039
594 595 21128
595 596 29823
596 597 13076
597 598 23773
598 599 30232
599 600 20752
600 601 19679
601 602 28990
602 603 17134
603 604 16103
604 605 12174
605 606 18643
606 607 12419
607 608 16236
608 609 24439
69 567 4569
294 320 26767
68 403 31477
264 435 12517
119 226 25869
18 235 6004
117 537 10860
129 188 15434
445 570 243
48 363 28383
25 30 4481
291 302 32344
33 95 23266
169 294 16184
406 499 20243
20 55 13737
281 428 4083
382 421 23258
189 509 27848
186 472 6441
16 20 21528
53 67 11800
422 461 26053
5 531 29241
257 320 16247
29 57 26255
74 193 4524
16 561 9249
301 392 5644
35 40 13741
3 539 12246
458 599 19643
47 145 25982
363 521 31361
4 289 3794
290 490 27228
67 294 5440
11 17 24261
70 214 3100
109 127 13062
17 90 17644
63 72 13096
142 215 26657
44 295 2252
9 29 5339
71 107 5856
114 216 10867
139 250 14212
13 29 13576
286 351 13936
249 448 4680
108 194 26547
187 351 22054
84 409 11701
305 450 20281
97 171 29365
41 574 22782
47 75 22839
500 542 32312
112 490 1067
74 292 22542
79 145 8877
179 536 9937
39 394 13481
216 551 26464
142 283 5329
99 248 13476
35 222 2464
76 134 9895
69 93 16997
297 482 10530
191 291 1672
1 4 415
464 565 19589
73 567 390
167 532 15186
331 516 15013
236 284 5166
130 140 3350
147 468 31756
120 134 7061
112 304 25359
84 105 12187
235 374 11733
171 353 26851
372 416 6031
199 292 19486
422 561 21764
264 450 29436
16 25 8222
140 607 21476
321 418 20627
212 581 25054
263 592 20927
71 320 13739
97 321 28369
389 593 5878
87 144 26069
19 273 10533
364 552 18247
95 249 16697
97 358 11053
16 56 4788
101 544 1514
340 496 32645
9 74 13900
37 119 31591
94 205 4994
45 76 11577
71 112 7418
24 70 22837
11 124 18266
77 255 13586
199 207 2318
68 303 9080
27 204 3624
342 402 1608
23 305 11900
89 523 28587
393 507 12862
117 452 2025
126 220 28827
220 348 4711
111 210 12530
79 354 9844
4 31 17083
135 267 155
68 114 18762
2 7 22456
10 32 4070
102 387 27915
126 159 12267
129 406 12527
393 420 13813
39 205 24075
449 589 5187
75 438 27414
258 448 24534
347 366 14204
254 522 25333
7 13 29070
229 287 19228
65 414 29958
332 492 29061
6 416 22264
172 213 17607
36 267 4246
18 28 32579
64 75 19532
177 355 26964
202 462 20762
116 130 14204
51 188 30267
450 586 29704
4 12 32123
38 465 8415
142 213 15559
3 53 10616
187 336 12251
47 150 9772
179 194 28960
31 449 10588
31 103 17680
326 509 9252
161 183 26048
14 208 13205
208 316 9312
44 292 10412
31 302 21705
254 302 11387
32 53 23421
53 67 20290
143 288 12445
1 2 27755
9 14 19138
350 506 26277
473 482 15039
174 216 9872
35 405 23983
47 61 19391
44 98 31977
173 558 29425
312 422 2978
90 606 9685
221 450 109
71 253 18363
257 296 7383
21 313 28658
10 21 24528
436 490 28112
5 7 28578
110 165 31632
64 88 3748
472 493 15503
98 244 14827
477 568 22664
5 115 29605
307 385 10468
2 27 745
159 443 20028
205 336 12567
7 236 29587
280 387 20770
81 527 20994
27 59 14174
15 528 704
99 140 18594
8 31 9938
26 27 32222
339 403 12994
145 196 13690
21 40 4659
207 400 32276
4 11 10793
413 586 15995
137 166 21090
338 398 19701
130 269 32013
209 359 15411
50 160 16836
19 57 28294
194 343 11161
134 585 28712
291 406 21389
317 578 16316
23 156 18390
9 579 6227
103 169 21937
370 545 4757
162 239 20156
41 386 6879
141 235 9227
50 84 22647
6 51 117
94 113 17955
399 488 14539
98 119 30408
341 353 17395
103 432 24796
362 371 17957
287 292 8653
19 507 25013
219 368 1711
1 245 17719
266 526 22983
286 433 8662
144 179 3293
272 596 9786
194 440 26188
72 145 6486
1 2 27463
110 416 3563
205 347 27618
4 83 12972
103 526 26021
84 546 19516
184 217 30689
252 260 15755
231 363 28930
173 584 30774
320 475 7817
77 339 4595
353 490 4475
120 396 23857
13 18 1890
218 314 4731
12 87 11320
45 164 9527
23 461 979
44 110 6620
165 595 2474
39 110 27829
251 598 3078
248 554 8129
296 466 1029
11 92 11107
13 18 15866
50 216 8398
109 312 7680
427 478 7797
143 569 15081
82 289 5614
354 464 32204
94 207 8194
284 306 32475
174 374 1760
217 301 2129
158 162 6067
174 243 3723
67 95 1028
211 229 6319
47 173 28848
514 536 6009
170 483 4962
314 427 4084
436 597 16583
237 387 24143
6 57 23803
27 44 14617
3 28 3294
65 275 6009
526 558 8787
45 460 15682
83 488 22170
203 519 1534
187 247 19774
192 322 9270
102 469 24400
47 53 31908
177 440 8682
214 402 7452
316 445 19499
127 135 7492
70 245 24620
518 586 2936
211 422 6046
107 118 29290
51 441 24591
71 319 5220
42 76 31756
199 522 16177
291 388 30106
48 233 10258
203 335 17334
195 496 8540
43 602 10208
59 220 17281
145 352 10724
211 253 25015
91 360 1870
198 425 26238
38 231 14678
360 387 3759
306 473 12079
380 532 31198
83 88 21485
140 209 15664
84 186 16003
235 344 8697
208 247 20373
84 272 3006
4 10 21505
154 600 14698
66 297 21621
52 91 17367
160 262 22890
70 519 28676
23 60 26713
4 31 13703
203 307 10767
12 27 18967
328 408 21343
13 84 10571
123 268 24741
231 590 31715
138 584 18912
76 603 1067
174 333 22599
4 22 23900
244 419 1952
18 25 31250
195 224 11467
145 485 29216
219 447 18489
56 211 27248
69 584 17994
34 355 16821
196 439 18629
8 75 17170
24 44 15337
152 426 31750
5 59 16074
131 186 1344
374 453 6637
212 451 9760
286 409 28778
3 14 18711
108 395 22270
55 512 19240
357 555 22986
225 453 23337
28 252 1210
42 90 28064
500 576 3010
89 299 20562
521 558 1916
335 397 13530
185 238 12230
217 306 11229
189 246 24941
46 112 4796
219 247 23828
72 80 29655
4 25 23756
221 313 23989
93 282 11039
120 189 20402
23 50 8570
61 80 6911
307 317 11578
325 556 3356
45 196 456
132 147 29974
293 602 17288
265 394 10017
37 98 2692
330 427 6775
545 583 27938
270 406 11135
101 316 8769
84 493 157
172 297 1930
283 577 6729
100 205 17382
87 212 18232
25 155 10063
151 486 7102
96 226 8313
66 125 14255
55 90 30209
1 11 10347
270 492 13356
80 355 7385
357 596 16727
54 88 32638
188 553 6823
97 156 28407
337 497 10142
1 24 1901
95 303 11928
139 596 4084
195 450 3428
399 462 29895
41 346 16504
133 265 5087
46 73 18533
39 90 21337
246 376 28831
325 327 20904
217 457 11190
164 461 19845
514 530 30859
79 293 14361
19 47 24879
174 553 19934
406 412 28523
11 96 8984
156 320 15389
205 285 22279
493 544 22002
224 279 11547
228 548 28968
4 63 11724
203 328 30042
5 70 14571
28 114 24449
260 459 12673
116 266 23989
1 167 12188
23 28 22352
42 315 32410
154 408 3963
265 550 11980
80 94 2396
113 328 14219
18 231 7249
438 485 8986
7 131 3068
150 513 4065
24 127 19222
76 80 2793
86 504 8509
274 361 30113
59 68 2867
131 513 23894
43 437 10835
97 406 29921
24 164 17187
192 247 20854
124 456 29765
268 520 12708
574 577 17984
289 370 468
431 451 18899
315 422 5113
113 416 32207
382 530 10282
60 104 30379
197 479 598
135 467 4430
11 178 27998
100 115 10188
261 320 17968
239 419 6653
76 287 2495
13 40 21818
284 530 30431
1 2 11690
149 542 12671
118 255 8418
126 599 1713
88 143 19649
70 477 2420
122 172 22223
59 68 20044
451 490 32659
124 216 8202
235 403 31374
243 512 12873
154 218 12004
290 496 9868
83 523 3550
71 510 16141
125 156 955
386 551 26259
307 337 31899
148 441 22249
32 526 23141
86 575 12238
160 431 23020
264 366 20085
123 188 5322
33 52 14835
46 174 23211
97 382 4905
377 587 22516
475 599 14085
440 570 14612
249 548 14396
345 515 220
347 524 4551
196 212 28081
113 596 1472
59 321 23671
462 487 5247
26 477 27013
550 597 26110
82 125 28417
86 131 29679
187 512 15734
327 384 19727
103 376 22152
293 515 31376
47 384 23296
517 569 30395
126 138 5306
202 525 20497
1 4 23063
348 430 5781
9 74 19443
298 516 6415
47 448 28764
16 111 22103
27 30 15233
32 485 27413
31 292 1412
401 589 15994
113 197 1849
78 389 20694
422 586 4356
302 502 25881
1 3 5696
140 297 23208
419 507 11520
21 208 32519
23 140 5394
173 421 30532
254 258 2677
31 436 12078
76 84 26326
32 121 4284
181 245 12965
19 76 12330
10 85 4581
12 330 10684
3 545 16835
211 369 13350
234 385 29591
10 29 30468
369 469 1759
189 447 5877
376 554 18256
146 186 12581
4 17 13588
47 90 15987
46 80 19658
207 382 6779
11 367 4591
197 293 17694
80 139 6564
196 449 30058
215 305 19745
27 32 19183
17 24 25131
12 139 26332
265 300 28008
377 579 2174
59 136 17768
50 112 250
82 277 32442
124 152 85
179 231 26730
327 563 29225
34 43 28083
38 62 27283
150 329 27860
118 347 5191
132 260 15424
314 380 14021
254 379 3752
152 175 22566
219 380 31628
184 482 16384
72 137 30037
270 568 18760
8 58 14123
78 583 3906
234 362 1023
254 439 9692
152 421 15748
80 350 18442
101 276 13581
2 4 18169
283 454 29059
15 570 6966
398 413 19704
43 298 21785
27 31 4480
252 357 23580
224 366 28754
20 64 1240
69 108 8041
81 155 5098
174 366 26900
144 361 22509
150 472 22070
287 493 12098
41 461 10028
181 366 7784
324 450 22670
232 435 8720
171 432 18502
65 410 13357
7 16 1205
177 209 7599
178 220 13018
333 471 14001
86 501 6585
279 494 13628
218 261 4214
5 8 12018
12 286 6620
218 336 3129
38 56 13132
54 102 27580
323 451 5699
13 284 27493
44 199 13054
400 447 2073
483 555 20448
430 494 22489
12 533 19624
35 364 23064
96 384 22940
29 212 2150
210 386 21038
37 146 17858
17 212 10184
147 240 21806
17 88 13511
85 316 12377
3 371 14534
199 206 32129
72 598 30409
176 279 4051
349 395 17138
240 451 24569
79 92 4279
5 110 21142
130 376 5078
13 135 216
141 248 5512
166 583 7028
137 404 3214
130 244 31393
409 528 8760
54 94 3561
217 414 26488
97 287 13556
461 464 25748
280 609 9875
141 426 13088
191 278 32174
433 597 17729
1 13 23537
110 553 11882
84 283 24641
146 602 270
72 103 863
85 313 29185
105 417 22352
413 419 15739
225 253 13905
101 271 4862
27 229 13454
436 551 25737
20 29 13263
244 579 10972
115 495 23255
294 450 21443
52 182 31280
75 92 28827
419 586 9871
140 411 10892
301 495 5402
190 606 20275
147 352 8250
283 563 17322
2 197 23481
225 240 9531
94 121 21852
13 79 9747
87 105 6975
430 498 6617
245 277 29587
34 359 30967
140 378 27035
121 574 13036
72 361 498
105 207 18189
71 95 7292
417 541 6263
461 599 21663
375 420 7457
52 232 8328
374 494 12624
236 465 5807
78 315 20446
4 5 11481
79 113 1290
169 175 1600
437 550 29911
428 487 3768
261 441 3871
257 559 16088
355 391 23260
203 278 2460
99 115 28513
98 269 11773
245 377 3451
194 499 1893
416 593 9122
64 452 3605
53 93 12243
64 239 5332
334 412 13986
147 196 895
156 226 15008
76 172 26190
313 377 4152
17 20 14321
16 23 27011
179 435 24785
38 58 21188
24 362 4116
398 533 25489
2 85 25398
6 7 29140
252 392 22365
46 72 27423
31 39 19369
233 493 28180
8 218 32301
326 382 8396
189 216 30052
85 551 25211
6 14 17964
24 243 9678
17 148 10931
55 460 20146
25 84 30946
58 91 10624
61 127 18211
6 217 19143
385 566 1174
229 560 11820
56 106 1548
301 352 4115
16 25 7019
339 446 4373
259 474 14658
460 528 873
14 21 12471
42 429 8648
67 506 25623
357 454 11391
69 114 28838
69 238 21667
15 62 30355
295 307 18080
133 196 3600
108 296 23717
45 122 9462
19 47 22163
68 72 662
230 260 14455
25 33 5998
371 542 29125
415 511 7426
59 119 32443
295 547 28181
36 65 8894
11 43 31200
406 432 30100
25 225 21805
52 64 5826
18 73 16984
442 482 16757
47 595 9630
188 373 197
344 366 19790
160 308 14126
102 605 19887
170 348 23956
317 356 32444
181 326 7475
173 461 32260
138 153 1345
152 263 334
66 485 26671
109 120 22232
78 298 13774
81 251 13887
69 466 16072
94 470 4474
50 78 797
86 145 30578
186 271 20659
151 540 25101
17 21 22551
128 283 2003
27 588 19707
164 600 3451
449 522 29979
238 396 19952
115 144 909
33 50 28602
21 157 6057
165 307 13522
32 491 32264
133 385 28226
100 117 14159
7 281 20257
212 442 7107
156 204 4813
65 149 979
461 602 6263
10 60 32030
59 355 19025
12 13 4257
204 289 28932
152 180 18956
6 286 1083
65 132 22902
142 359 12130
363 479 8160
288 532 11756
70 132 3149
85 589 25786
15 24 12887
63 94 18041
25 262 17545
96 568 12055
34 73 27622
103 206 1693
39 254 9059
40 45 13833
496 532 6469
16 266 22786
70 169 29078
441 558 11645
84 289 27707
1 13 7856
84 118 13897
496 532 31451
6 107 25003
22 64 31701
92 531 28477
368 429 22625
118 134 22239
195 597 10422
45 216 22071
73 88 4799
126 178 23059
65 582 757
331 473 24494
246 575 15602
330 390 580
87 108 23301
82 295 24248
177 340 30309
307 534 23098
205 226 14825
162 199 31281
286 495 8005
28 70 10963
25 90 6964
350 535 24366
2 8 5924
317 371 12434
171 512 22332
355 540 23713
108 432 25041
116 286 2151
90 111 14752
506 561 21580
222 405 20085
3 508 24511
372 497 32765
112 461 11498
105 374 31986
364 380 13263
3 283 15596
447 468 12699
469 580 23927
214 440 11292
39 136 23358
125 256 2704
9 122 1639
312 479 23630
169 181 15739
91 464 15096
23 382 31852
86 353 31029
59 157 13719
128 497 20521
105 121 18646
155 187 19740
58 407 20726
111 459 11794
468 499 31288
60 197 30541
332 429 13474
229 398 9440
103 179 27461
29 90 17124
75 382 1483
83 158 15343
242 342 27623
78 135 8407
54 246 6783
248 348 24051
106 142 10401
58 535 4421
390 556 28329
95 151 21094
4 253 27686
13 29 2047
111 509 6479
14 82 12339
12 18 5945
143 162 6228
29 136 15879
107 119 13732
136 420 27334
118 337 29728
264 394 14010
11 507 12681
190 205 65
117 129 2583
94 187 29085
68 83 27049
153 456 3134
79 386 20302
159 456 16235
32 55 10861
206 238 18257
51 75 9
435 498 3559
38 117 27594
393 398 6440
150 163 25547
69 488 19089
280 568 14191
10 12 25062
67 334 24731
219 289 27047
23 58 15407
62 188 32193
322 569 27028
80 221 19806
298 519 15024
209 446 24287
80 296 5295
43 60 2401
191 371 14164
265 508 22892
18 95 25555
79 415 16010
202 223 7527
179 354 32255
68 559 3357
443 446 2783
16 71 16266
46 190 7726
452 483 20076
180 490 18895
228 398 24927
149 345 22383
142 427 6192
134 165 8365
74 301 13942
2 85 16433
243 264 7027
27 30 4973
20 57 630
245 519 4922
132 153 1831
153 273 7580
33 244 18062
6 119 30019
345 420 178
133 543 2981
19 279 10270
296 566 12497
52 200 9143
12 74 4162
44 510 31905
360 575 1109
306 578 5414
76 244 21055
161 211 9949
41 274 24199
106 478 30086
65 537 28278
224 478 12622
54 205 9471
399 575 16000
242 490 10758
248 461 20943
49 140 24852
39 146 22447
4 44 20694
24 576 17033
110 291 28409
130 303 28327
82 369 31817
134 279 7200
41 217 2837
63 112 24131
193 597 15938
11 95 7452
351 391 22946
10 567 12594
14 380 27738
431 538 2709
222 306 17544
113 571 3012
307 458 1888
198 430 5666
47 230 19323
258 562 2288
187 291 31505
377 400 29955
257 532 8786
10 516 22185
123 324 12824
80 146 5260
113 429 14762
94 175 7523
24 66 14920
206 330 6100
104 127 3515
241 534 32479
41 98 29976
195 260 2718
129 144 22393
170 399 14398
284 568 4191
180 234 30086
30 57 31726
5 12 13125
2 5 17232
142 273 16240
204 229 21974
181 553 4844
72 459 2999
374 551 2093
147 394 13692
32 215 1837
364 435 26485
484 572 26735
121 231 13011
127 424 29707
45 225 17976
362 558 17135
263 448 11736
146 187 14304
15 22 12159
46 281 4828
221 310 6438
532 554 7403
9 39 22734
66 318 25478
2 42 27354
8 81 16920
287 508 10285
168 370 23882
29 84 20392
291 448 1809
38 428 24293
21 41 5056
307 575 31806
417 485 18310
25 56 26750
23 35 290
57 263 14552
30 51 29112
81 485 2547
68 88 23295
215 246 804
239 278 17483
93 541 27959
19 32 11297
333 540 25175
280 603 16205
54 585 17645
20 549 24507
125 141 18832
12 91 5249
102 488 1122
34 76 10710
13 64 9324
138 392 8944
82 211 26574
239 384 30973
158 197 27113
357 410 18866
319 341 18635
23 33 23847
60 71 20863
118 475 7672
233 549 31509
410 461 4068
195 387 1660
1 17 20573
164 166 11651
57 525 2507
448 551 30112
212 268 19822
80 353 2886
41 163 20770
108 142 4344
4 16 25975
23 66 6496
30 529 28111
81 188 9727
26 99 1935
10 80 3174
15 205 11902
13 245 8690
153 250 23525
79 241 4729
129 131 11027
275 515 24691
433 513 18764
100 382 19841
42 106 12370
112 489 24673
21 42 12804
38 515 31148
132 203 204
195 353 31478
32 215 29643
264 378 31782
198 270 5900
85 445 31009
208 362 30500
330 456 22041
1 519 21762
391 604 8997
92 300 23013
112 504 14312
60 65 19631
232 395 9842
32 59 262
297 535 12454
53 425 3601
6 30 28098
113 121 7592
69 177 13788
59 413 9809
46 143 18295
382 498 29028
297 330 32636
37 309 15402
360 407 30260
33 46 24021
327 607 29728
7 50 30108
212 236 1978
4 24 2920
57 414 8583
1 6 4817
8 314 3588
217 268 13154
18 36 32080
62 100 27215
28 197 5796
251 583 22833
269 598 27127
14 297 12895
48 285 31840
16 587 32503
411 418 15376
160 553 17340
94 419 28424
24 49 8531
134 215 15299
8 30 16768
188 604 19865
26 116 1650
42 322 24200
71 334 21066
10 84 11927
38 219 11350
113 138 13603
51 348 22196
40 53 12966
24 198 25189
201 335 18913
227 337 18675
69 103 32107
375 412 23092
334 543 27411
13 203 12751
207 427 28833
111 339 15252
434 506 7627
24 71 24262
53 83 1406
205 512 2013
118 167 13525
287 330 17787
400 420 24648
91 194 22650
173 310 18424
42 181 16484
11 15 31282
289 586 17589
27 151 1902
263 265 4275
392 493 32124
421 524 31427
32 411 10144
177 184 20868
73 90 12233
252 491 22546
111 362 24870
53 110 18503
56 243 1731
102 129 3282
26 421 16638
70 191 15984
19 307 17132
340 398 5825
114 478 17674
95 530 20573
265 426 11463
105 387 7994
144 213 207
10 14 23943
122 447 20519
220 398 2176
351 372 18027
73 419 1517
72 552 20950
39 72 13895
80 333 4055
367 379 24764
23 104 15209
205 604 23939
35 274 9311
7 34 22594
112 393 22882
32 154 26484
38 149 13918
255 275 22292
47 90 1926
284 540 13297
33 34 30013
352 548 12925
16 362 1920
366 472 18164
20 26 20397
100 276 32298
81 582 15799
59 71 11623
302 498 25123
259 531 13588
36 400 28779
378 500 9516
250 396 19860
398 466 25516
93 129 25878
48 520 21618
253 500 29298
76 236 16205
507 577 30721
229 469 7222
263 350 19430
115 117 22238
30 36 2597
53 65 21014
151 414 26446
163 193 18629
197 456 24899
180 565 27997
221 232 13305
6 151 10772
396 460 22086
20 133 29516
333 585 10016
19 118 2798
68 275 28119
25 162 11941
33 70 28712
311 360 17465
17 90 14145
154 350 32381
112 180 14614
16 358 31370
113 182 3464
33 63 18498
178 408 12114
49 171 589
88 306 5828
143 423 22794
29 608 20640
66 125 4403
61 199 7618
4 418 16926
225 226 14427
248 281 26849
58 349 8669
48 304 31942
166 211 26867
111 253 26325
210 322 14616
337 469 24918
5 11 19880
118 539 9627
6 8 8320
69 287 15737
51 88 28808
25 252 6960
89 132 5824
317 343 5564
267 576 8357
105 370 24758
3 5 23813
507 555 24157
62 123 1179
84 98 3929
203 210 31252
179 283 14164
333 400 21825
17 81 24193
34 40 7080
243 481 30626
258 304 15534
292 302 28472
34 82 12817
9 70 5080
506 560 5487
47 319 28893
24 73 8713
135 450 11243
28 363 1542
222 272 2825
342 367 10457
193 242 19511
76 311 13477
157 504 14529
171 551 20140
593 609 11728
41 230 3883
67 78 221
356 567 818
537 592 528
226 417 25438
50 75 14264
184 321 16505
357 359 5469
83 224 17258
230 449 13848
66 478 20487
127 384 21817
492 589 29338
67 92 12640
182 188 3643
2 16 1424
421 443 22101
165 374 8435
76 218 18405
158 185 12605
45 321 10074
50 321 23786
16 34 3618
18 110 8669
21 27 24383
133 240 25082
349 583 7293
95 325 27351
194 259 7719
435 582 26271
27 31 11587
184 259 21419
419 556 1218
185 355 11661
95 259 22566
17 132 11642
254 352 16010
424 491 16727
60 69 22293
167 265 24534
385 539 14395
163 217 1376
160 433 19802
356 390 14539
94 103 16019
293 547 18434
34 39 27892
451 588 19501
203 281 331
83 495 16893
46 343 5686
242 275 28195
228 300 13909
18 405 12065
49 575 19872
21 76 5363
248 285 22870
91 342 27711
58 98 9213
52 261 11791
118 264 17254
106 317 17996
196 362 27837
15 30 12896
170 513 5894
15 20 26326
606 607 24212
198 203 1490
13 54 15457
97 106 2476
307 552 31314
287 393 28192
88 131 27078
3 35 26568
305 418 21509
31 38 11488
43 149 29797
439 544 896
8 543 6732
127 203 2256
84 259 25929
64 271 16876
1 2 30717
200 461 21091
172 202 3734
126 533 32154
192 376 11259
257 340 12166
172 425 7427
370 442 32368
596 600 29520
323 587 15031
2 189 24986
124 245 736
316 446 8593
28 264 16712
195 446 20397
351 441 18002
110 517 883
40 61 11504
263 602 27419
492 544 12494
2 4 26536
329 544 25746
441 464 8900
264 470 7144
431 523 27135
427 471 12369
418 528 21321
168 361 22769
104 126 23739
243 391 27859
274 497 28168
254 335 25690
305 369 27698
520 574 6612
587 595 87
19 151 29291
61 69 22698
70 95 4078
61 503 5887
61 467 16677
131 162 25199
23 78 27047
22 91 14843
433 454 23412
328 533 17464
263 379 27579
95 123 31857
202 426 14744
1 460 22459
114 243 30891
39 581 23792
81 100 27349
248 432 16526
32 325 23430
33 187 29163
55 204 13401
155 163 14656
49 114 30197
186 207 7797
110 311 20845
105 507 24248
156 216 7564
251 410 19263
109 166 16607
319 605 5581
96 351 13392
18 94 24526
102 308 19374
117 190 26405
176 324 18563
50 126 30720
64 411 12535
257 566 27986
41 390 18359
104 154 4545
82 135 8991
18 230 12585
11 15 4369
74 79 12040
60 63 577
68 108 4197
3 388 29404
26 46 10264
160 336 32729
40 292 2685
506 528 24402
181 348 10740
346 347 6066
189 386 4034
66 77 25766
30 43 7459
161 609 2572
9 397 11964
252 564 13397
291 439 28837
55 462 17169
34 351 15300
6 7 17837
54 132 1333
261 451 23418
100 571 20197
49 60 24477
119 150 13503
16 72 7805
149 237 13296
189 331 5566
14 17 12836
429 529 16633
193 265 10461
35 315 1186
67 275 15660
540 591 13796
62 221 1641
38 585 22876
236 398 26315
105 218 19443
68 120 12012
35 122 28751
113 394 24984
75 188 139
85 160 24443
576 578 5946
207 283 6794
104 161 13287
384 590 16190
310 533 16004
75 128 5620
454 509 10890
170 205 18706
133 270 9668
176 188 19650
280 286 2024
45 148 27490
158 317 20371
67 376 1525
364 467 11855
27 32 31297
39 118 18582
30 57 26716
136 220 12314
126 405 20428
96 343 3525
140 222 16532
73 83 15897
17 23 14014
136 249 7681
14 61 14145
211 443 16186
107 292 31572
63 410 725
105 542 29581
34 39 32124
68 149 15971
38 73 23691
91 152 26081
44 397 5141
61 501 26294
8 178 15730
58 172 14051
236 332 2786
447 577 19629
279 364 24685
41 63 5807
4 411 19214
46 129 31763
467 577 1727
111 156 26712
237 244 22790
286 358 10302
308 350 2325
85 105 1441
61 192 32667
174 196 11885
397 475 26580
46 200 5880
200 387 22648
409 498 16989
254 588 26275
6 18 15283
418 586 24007
241 416 8493
76 264 32572
119 432 32397
25 340 28958
71 89 26227
477 568 14191
167 218 21090
171 222 943
430 538 24478
235 388 9846
406 435 4906
51 435 19375
273 529 31118
60 122 13695
35 100 18227
67 467 13062
222 282 9328
17 64 26487
18 25 7330
275 354 27449
66 342 18911
45 59 13331
44 250 24363
89 308 21140
389 429 12600
329 352 16933
352 523 25103
128 183 5786
69 550 28221
21 442 3356
34 38 6743
17 65 16305
228 421 13806
239 412 16859
3 407 25935
143 187 4616
50 260 13730
8 9 24254
237 504 14148
202 268 28620
376 405 18540
97 514 25322
119 462 11904
31 42 10379
19 23 9900
63 559 6356
248 292 18054
74 318 25064
48 215 27635
33 48 18452
44 136 10122
287 407 1408
137 202 3867
117 358 23146
253 515 20019
201 338 24603
57 328 10407
217 317 16400
164 509 1939
361 391 24086
76 171 9047
154 316 8002
112 272 32102
32 150 4368
91 201 13071
68 111 6923
55 427 20106
138 563 27347
96 142 11753
109 116 15698
3 11 28607
7 527 22916
32 126 9112
155 260 20516
47 437 20639
174 201 12558
191 234 20223
187 323 12866
19 23 224
27 276 3531
369 593 15890
42 75 29421
191 192 20935
97 265 7283
225 441 19435
41 54 16625
19 29 12271
120 496 29514
24 109 18735
382 394 30959
25 54 12603
303 426 26757
161 250 28323
70 105 24303
44 73 4889
215 258 4604
341 581 30217
74 120 20261
12 421 9464
193 373 23061
162 176 30016
13 15 29185
31 170 23307
332 479 21999
74 237 22427
186 578 16253
12 95 1342
122 199 18638
18 130 4481
108 207 23970
6 20 26233
3 12 199
230 574 27205
156 233 9820
378 538 10259
15 17 30891
61 282 30791
184 227 24703
53 160 26009
448 551 27448
467 564 11083
31 352 30745
120 495 19647
293 538 17277
430 521 280
22 217 16889
308 328 3494
28 317 5774
169 402 16468
114 208 5759
89 477 5968
198 601 4712
59 64 21918
40 244 20389
19 238 23648
222 595 3622
218 378 12013
280 533 30285
346 485 7190
111 285 10085
205 439 12584
39 42 10956
99 116 27529
95 384 6388
354 503 9221
29 32 5303
111 397 31525
138 487 14016
170 519 12326
142 326 26093
83 355 21607
24 111 15101
211 246 19312
62 182 15589
31 224 3032
239 493 20632
17 209 12207
9 37 29241
1 166 9031
196 287 1757
35 38 14183
404 429 7537
176 362 6218
16 215 6756
257 535 15612
130 378 23828
19 78 23286
130 228 16192
89 94 22533
305 500 11756
335 446 10461
199 227 22634
420 480 5356
151 524 23960
380 494 2120
170 326 18539
43 373 713
17 74 25687
268 434 24501
87 131 18248
356 471 13184
42 53 12819
99 414 26003
290 511 27058
68 233 2585
13 36 15020
79 96 25660
339 604 17774
404 427 29535
271 356 19846
577 603 3634
81 96 24321
49 443 25787
57 521 1109
116 293 24222
365 423 19615
172 174 15697
107 250 21799
126 355 16901
390 522 14934
96 527 25948
167 535 5041
302 483 844
355 401 15222
24 471 18374
52 302 28126
388 571 14574
69 87 5443
5 78 523
129 382 12180
87 609 11899
162 189 28381
1 2 26190
42 43 22985
98 458 1620
143 209 4718
358 518 11196
409 546 22726
35 40 4004
537 574 11157
36 77 26912
270 462 26042
340 414 3233
71 119 12051
153 455 13767
101 380 24449
54 165 25860
180 256 22451
42 59 3222
4 11 9909
453 516 197
8 29 25726
57 166 19817
251 375 18678
208 364 18203
41 319 1056
62 84 30893
334 519 1909
12 306 32179
179 427 6548
312 444 320
161 181 1222
7 17 1071
147 204 17942
543 544 20616
362 509 9703
12 63 10209
438 475 25674
388 518 22737
8 9 29323
423 495 3016
59 589 24743
348 497 20972
3 28 171
78 199 24779
206 221 6954
13 36 31748
191 252 14158
252 515 27188
138 379 15928
26 152 1219
7 69 29848
122 202 2671
119 373 14034
311 380 27301
9 43 25361
10 176 21507
97 292 14848
123 301 31386
75 271 2614
346 460 23247
81 121 887
171 502 17378
18 198 26181
155 219 16777
59 201 14732
169 362 7717
144 165 4932
154 213 16244
119 182 8796
122 511 7634
40 48 22354
77 366 6753
250 287 5692
324 334 4793
359 549 6194
24 208 20712
95 106 23390
4 9 27882
55 67 2068
141 215 28902
12 240 22212
6 540 9167
241 416 5542
304 461 22073
27 169 15978
211 487 31623
284 396 27483
3 487 19898
58 441 14510
228 411 17541
46 191 2553
13 33 22651
38 603 5378
11 19 29033
44 169 19048
278 374 2881
207 268 2517
301 438 7966
97 410 21177
1 2 17988
35 58 9150
119 139 27444
115 144 19061
324 412 16677
281 397 20970
286 347 13439
264 385 23079
31 78 10032
15 246 15303
209 493 8688
129 585 16939
1 120 16338
21 375 19441
16 319 2994
77 85 5304
164 452 24412
198 307 7260
112 321 8840
64 144 24363
443 554 7161
224 278 12227
23 406 29029
310 430 20118
401 520 749
429 519 9296
7 13 5453
57 534 7048
474 475 18960
63 237 19339
176 413 18282
124 469 18718
224 609 14729
567 607 21384
443 576 5489
13 128 842
181 274 18894
74 495 27979
14 18 25655
405 520 10338
124 252 12763
24 217 7294
98 234 6286
449 484 18923
176 446 25009
13 104 7255
9 216 613
399 443 12454
10 200 9489
415 489 1474
104 576 26144
50 113 12251
58 401 27257
195 595 8918
72 406 16435
74 308 21477
42 89 27231
133 566 7030
243 603 7940
48 518 14334
292 481 10924
4 195 26438
460 471 12034
161 364 3915
170 232 6779
26 60 12496
52 344 21761
406 600 11562
205 359 16914
72 573 5622
358 458 29401
14 307 6330
373 560 17185
182 362 29083
33 183 12862
91 302 30635
54 482 9529
7 90 6796
257 289 29152
178 299 23624
85 464 10894
344 388 17332
58 158 12486
131 134 17089
10 148 10481
16 232 27007
57 148 5094
2 9 18877
125 429 8967
370 608 30862
243 533 25097
31 592 29215
20 97 7630
212 520 6556
60 413 4574
1 25 29208
51 239 28242
59 203 20144
195 298 18012
163 560 26477
48 564 31659
39 79 19844
30 155 21852
11 25 29961
56 546 12602
82 259 17204
147 524 13429
442 511 6085
44 92 7459
95 135 27946
133 273 26650
225 315 15989
42 117 30477
16 188 13128
274 594 20722
280 328 28983
96 137 2840
22 397 12119
60 390 29559
215 454 5111
121 380 17695
34 61 19887
142 147 5586
191 301 4166
12 146 22575
10 18 29479
302 581 20469
302 532 29276
126 368 15942
6 226 21567
322 397 27129
2 33 17770
209 273 3152
274 284 27020
14 445 9400
132 211 15141
64 235 22110
22 122 11619
532 545 18606
2 525 27279
548 579 8232
42 101 3784
49 384 5900
183 549 12807
26 174 5573
1 40 17816
256 275 31005
288 430 2195
4 11 2216
111 473 29685
219 550 2526
220 514 19051
140 253 27869
88 484 16626
153 173 21976
32 83 19658
389 397 21125
175 218 22655
443 457 27967
47 371 17648
214 224 6031
17 90 31894
534 571 9296
2 418 20091
240 245 19896
276 574 5030
418 584 7655
109 504 7399
337 579 4293
16 136 24639
81 110 31839
93 530 9314
201 240 18686
160 397 19967
55 102 21678
230 289 17876
228 372 5613
4 193 32699
154 539 16319
206 528 18989
65 368 23896
216 389 2801
378 522 9746
262 598 14577
24 297 14971
262 559 3182
81 91 8594
40 60 22018
99 234 18826
273 344 570
495 543 4534
142 176 21164
195 409 2918
106 202 5836
134 331 15834
94 427 32246
120 121 23965
76 203 18794
81 308 8670
112 192 38
22 33 17063
161 324 8160
526 555 16640
364 453 28053
462 571 30303
162 215 19813
53 347 6902
146 165 15541
93 159 2751
39 128 31434
179 545 8016
235 327 27487
462 560 2272
58 73 7140
65 428 15115
73 88 24417
129 280 21040
50 84 32315
133 246 23672
116 576 20039
139 160 15860
32 100 31986
41 65 2383
66 99 14440
7 307 12033
206 268 1529
286 373 25359
10 21 17204
205 244 7606
283 315 23665
20 313 13720
56 515 32444
331 349 21053
99 264 17503
56 81 27658
1 31 25218
75 122 19201
310 442 916
250 279 2015
65 523 3458
29 134 2930
287 443 25564
171 573 30278
202 297 5504
31 36 20215
116 605 8805
315 387 24515
236 386 29075
169 225 23604
18 44 30833
49 212 19972
206 501 19441
72 424 29821
461 533 10559
94 294 17413
23 66 18172
342 582 7065
21 150 16693
13 17 9318
178 375 397
288 447 13243
72 168 29266
16 79 523
77 122 26240
245 305 10685
98 586 14803
183 310 14069
114 183 4991
15 40 11678
118 271 15140
253 435 23903
131 139 25362
314 418 13118
388 554 31753
58 71 1820
118 177 26087
112 228 14167
40 88 28172
79 198 20271
234 300 22366
4 156 1215
101 174 28969
62 78 8620
104 149 22872
16 25 30172
228 548 15287
3 5 21965
96 135 832
5 329 28263
18 98 21401
47 119 30296
249 265 4185
104 114 2404
133 169 1190
36 463 21551
123 220 14665
425 562 14176
1 3 85
27 275 16184
291 485 1253
62 219 18669
138 399 4780
38 133 367
490 539 7231
8 170 8539
467 583 6249
55 151 30792
358 404 28141
12 359 3512
4 20 8818
20 271 26698
35 524 11419
17 162 31753
7 52 29306
227 316 26344
218 600 29907
174 492 3785
46 521 15604
91 216 30370
92 202 9739
169 404 18593
191 390 23612
70 95 12636
30 36 15087
533 548 19561
37 53 24835
269 495 7421
534 577 11504
89 219 27999
230 363 11259
26 65 1611
23 129 12044
140 236 2982
1 16 31940
161 326 32262
44 469 19423
162 311 30977
129 360 8725
246 550 21570
192 492 13034
29 166 25040
174 199 14126
44 501 11785
54 316 16674
36 587 30282
15 20 6780
93 439 4401
143 244 4283
529 537 20475
15 28 2445
159 470 634
149 225 7222
36 96 20353
50 58 3639
31 481 4587
149 191 16552
57 109 28290
186 229 10499
85 168 29037
401 546 11085
45 66 16880
359 378 25823
64 86 29096
339 356 32332
114 370 10369
320 426 16388
238 431 285
58 80 14539
231 256 24936
147 487 5668
29 106 2436
271 304 11830
152 280 1880
46 426 30680
57 304 18279
262 404 6347
230 558 11194
211 264 6984
73 597 30718
41 259 4969
101 119 3628
298 405 21019
60 119 31053
2 6 1689
138 581 11325
224 472 12449
274 438 14460
309 498 21725
246 358 9575
172 433 21054
286 435 2678
181 406 21047
15 63 12109
321 488 26393
86 588 19140
218 261 21245
170 262 5686
35 567 30469
66 342 23723
72 389 24027
94 446 1480
137 186 1455
539 540 27267
439 536 19752
83 86 5640
7 245 1032
256 600 32602
7 10 27501
2 4 22673
237 326 15093
30 48 22217
146 156 22323
446 574 25107
5 12 6965
266 275 32532
41 80 14860
15 58 3087
70 119 7826
14 52 10632
104 214 7907
108 519 27345
170 273 9802
168 358 17681
263 565 29576
88 107 13229
8 12 703
83 505 16154
299 444 374
93 447 3965
240 590 4190
321 373 1705
156 363 27111
461 552 5465
266 538 5580
25 436 11706
276 285 28953
200 472 27032
26 64 20311
51 229 17626
211 312 9442
24 132 15623
23 390 21403
229 319 19719
82 280 10865
212 231 10344
51 120 15731
257 514 23495
69 152 16230
6 24 8238
21 174 18210
252 468 19847
32 97 14869
219 455 31862
85 572 17089
325 507 8757
29 56 5398
80 222 20808
8 543 7147
182 311 24608
48 514 21008
48 214 4878
114 582 20135
135 162 6414
75 378 16326
174 183 17236
1 158 32661
394 459 28062
20 150 28514
313 405 8641
113 578 8540
44 335 10976
243 374 25856
7 391 7509
399 546 21331
20 217 24114
146 174 20349
38 74 484
47 178 25965
283 284 31581
41 53 21377
57 86 7634
105 214 11626
82 239 28912
44 526 13770
157 255 23567
308 396 6459
1 169 18139
53 469 28858
27 79 3669
20 57 10932
44 253 9038
337 366 291
138 290 25505
414 504 18553
99 119 20947
356 523 30289
212 291 18159
309 544 4130
42 87 10410
188 411 4441
314 357 8761
80 180 5552
53 110 26724
29 250 32672
92 549 16817
156 176 15412
202 280 29122
79 150 31917
376 510 21309
99 178 5052
7 57 28111
14 63 26419
24 45 15922
256 263 26753
4 59 17467
395 530 5465
67 103 20309
239 375 28494
5 199 31738
25 135 29772
60 503 29966
41 82 15155
253 482 25117
52 184 16135
56 284 2030
297 380 26731
5 43 4848
182 404 22624
11 67 23395
218 310 10377
35 146 16724
305 357 5206
102 226 4793
301 302 7145
305 315 22621
56 62 31898
136 245 30292
354 586 9302
192 339 21295
7 136 23643
251 284 17708
138 176 7415
80 594 26388
113 526 8021
48 500 16008
178 312 9087
18 50 23522
252 327 20507
82 278 24574
58 182 24212
27 47 11915
2 3 16804
10 77 5034
75 354 28031
177 320 23045
250 377 12308
22 444 19117
228 233 27925
48 149 25180
14 15 25803
56 176 16361
175 345 15844
94 339 32276
2 235 10675
66 129 24314
91 360 30625
194 300 31172
17 313 6085
31 527 2935
469 550 13777
286 354 12783
342 477 3293
31 59 17513
40 99 10679
267 285 16165
264 347 21695
80 228 24587
164 387 7549
369 459 12378
2 4 20840
67 548 23492
126 449 21668
142 184 28550
34 67 11929
282 554 31841
397 512 30128
51 142 11389
197 424 27809
420 569 14999
331 505 26895
328 335 27152
131 276 20074
18 65 14263
141 225 22859
109 561 2403
411 453 30406
39 93 14003
109 378 16496
220 506 28560
1 4 16635
115 205 21840
73 573 11966
188 381 8573
78 396 8332
4 52 429
66 357 13970
52 179 29178
194 573 5192
19 21 26611
307 350 10641
123 413 7710
79 417 30872
223 234 21597
400 527 4887
12 346 29666
19 30 17669
89 166 17771
57 166 7135
15 100 24318
24 93 263
72 76 10850
73 546 17138
345 496 30723
133 346 31765
122 591 2567
45 166 6100
22 70 29113
434 556 5353
234 363 3483
446 507 25069
362 382 186
3 85 7186
500 580 11289
492 582 24884
112 188 6479
28 142 7615
112 447 29102
59 332 5154
319 525 8074
228 556 7882
17 62 8057
6 226 11990
345 386 26020
99 343 6403
288 448 8067
448 570 12164
538 557 5272
327 333 17086
142 184 2304
100 170 15394
79 186 23295
263 529 28062
69 108 12488
96 189 13653
137 144 32302
93 505 2211
17 241 528
123 479 10905
86 329 10637
196 311 4466
44 198 7020
7 37 7088
69 110 6202
27 71 227
478 591 27657
448 475 13132
223 471 29918
82 121 32464
245 563 19750
60 369 26367
89 289 3021
324 577 26907
7 184 21459
267 295 10337
99 337 11108
243 605 31232
209 221 22253
275 408 4995
70 169 20127
100 102 6557
188 312 25945
515 549 18068
33 40 28153
109 315 9918
3 274 10367
233 354 20177
525 551 4744
326 425 17133
488 608 28425
10 38 22193
16 82 1880
278 318 28089
9 36 23517
61 142 337
408 580 17671
110 271 31558
431 580 30039
22 50 7965
10 70 29601
469 487 12821
9 168 4299
115 332 10175
6 9 7869
368 563 7188
226 282 22074
556 581 9548
358 418 30679
125 364 22248
168 378 22611
54 66 31916
99 166 17136
89 355 28538
299 319 31916
235 398 16202
2 6 18788
452 499 5311
37 213 12353
120 393 29181
174 301 28426
200 355 11723
54 436 9260
19 49 30005
349 409 17809
48 313 7960
519 541 3750
18 111 31336
179 246 14873
88 103 19219
59 347 11325
31 292 12991
25 33 14608
320 336 6631
267 600 32087
368 501 8956
68 572 25679
49 218 5261
237 253 31718
70 84 18606
119 141 14197
192 474 24339
9 14 17773
32 592 31896
354 604 13954
20 60 7724
60 101 30002
163 223 15966
8 13 695
34 113 5113
89 270 10948
344 490 21873
96 283 29100
318 542 21
30 420 30896
1 185 29500
253 406 689
66 257 3814
143 459 14207
208 512 17038
272 414 20073
167 390 25633
348 429 30962
27 457 4170
91 448 19621
72 330 3230
9 120 6016
10 67 31053
228 369 3198
69 527 25438
300 376 7696
167 459 18848
479 490 15029
31 65 13785
126 210 1011
53 121 30942
107 195 4686
69 72 13197
58 161 31012
104 206 28647
20 499 4970
168 174 29891
442 469 16066
248 348 965
155 583 7269
323 338 9379
1 105 18381
155 246 20958
68 97 16688
172 333 6778
9 99 7712
99 504 26971
240 307 31983
33 452 28233
272 274 18350
41 121 28119
134 220 6614
78 143 21650
194 195 10240
373 399 8011
134 514 27456
347 489 19806
94 132 6638
60 227 29497
97 593 13840
179 441 29330
362 381 15773
34 183 11031
52 84 25420
384 607 29043
14 44 14008
48 244 5117
485 529 22774
85 289 31606
73 609 22258
13 344 23442
137 362 5421
106 151 14924
219 378 28859
63 447 9779
263 562 26501
495 534 4909
199 415 20033
203 529 21093
34 237 25762
371 474 17764
16 65 2217
183 299 5501
136 331 28699
128 343 12314
2 15 15246
43 82 23949
95 230 30861
165 448 19303
268 473 20666
160 244 9361
334 506 16893
17 24 8342
59 584 24611
421 544 8409
99 293 23155
15 57 19895
42 574 24616
73 329 32441
15 32 5331
44 163 24682
353 363 8716
109 534 3951
181 540 9725
223 390 5097
405 432 22194
360 590 6484
186 289 16424
193 275 15959
21 23 6042
24 289 13638
95 195 18555
186 351 31048
297 594 12315
477 569 25940
458 518 749
495 568 20880
551 564 8930
140 417 20651
8 245 20574
78 525 2639
79 110 10154
10 118 20672
99 189 23285
134 152 16188
26 363 7485
369 493 15294
155 239 19643
113 303 29233
168 270 11178
363 421 6194
111 182 27768
414 458 20471
387 522 4807
35 78 9716
79 86 15565
18 151 14418
50 194 24810
15 25 26712
21 38 31122
16 60 21840
1 3 3555
134 161 7573
15 175 3954
70 171 19917
327 543 13884
322 537 20341
118 166 27075
16 76 24394
59 139 29364
364 471 26942
61 71 12970
358 423 27375
91 123 2040
42 97 32479
31 531 24943
153 304 16861
117 157 27299
109 150 12638
254 363 13085
310 312 15544
60 148 21368
146 384 23680
29 589 26974
205 304 27252
118 215 24541
212 248 31162
8 14 27541
110 352 25183
174 201 31387
148 441 25688
136 281 9787
2 553 1391
516 569 2260
284 393 27371
279 456 17534
211 279 15053
77 285 5956
280 388 23031
115 386 8215
74 170 29601
304 588 956
69 203 27612
41 596 875
53 102 543
8 89 24282
233 268 18949
76 370 6628
328 505 4049
230 247 525
311 563 2895
188 239 10897
43 588 16166
121 201 5576
82 113 23484
71 91 30972
140 269 17467
207 425 1029
240 491 14680
30 62 26699
3 59 232
24 28 4861
215 518 29290
167 179 15514
85 211 28685
17 20 9253
101 144 20703
12 518 5783
29 58 27678
54 583 21355
153 274 7922
57 177 1374
131 139 7405
248 270 29362
381 500 28960
224 340 19094
141 386 6326
15 64 7562
186 272 24906
348 403 11468
102 266 1136
5 48 24883
25 28 10027
333 533 29710
107 131 16209
89 485 13524
263 561 14845
331 474 27851
573 600 26018
7 57 15864
35 384 26470
105 380 3306
8 159 14020
422 468 7496
45 55 2984
215 426 5928
262 337 10883
190 458 16271
74 80 22281
235 322 22710
184 556 16793
154 179 28394
95 250 19583
230 333 23826
553 582 23941
21 137 8270
15 43 26015
17 415 13349
17 52 11150
305 424 14655
5 70 1991
137 239 9886
437 603 28433
148 225 18894
2 8 13962
36 499 29837
141 502 14098
292 511 30419
122 344 12123
124 193 31299
176 553 19202
53 222 4204
143 527 23165
159 322 22376
13 101 23245
132 201 4277
323 518 15658
231 472 29789
99 571 15911
313 436 32456
415 511 22785
167 178 467
288 390 20246
28 89 29175
148 406 9397
86 205 20139
4 19 11203
3 23 12616
158 200 2547
148 173 4112
178 435 27517
119 391 11057
274 387 5267
76 124 30675
182 452 4878
147 257 16788
12 16 16130
265 291 13574
33 61 21569
2 48 9725
87 350 2031
227 583 15067
124 344 25779
36 81 16922
59 240 15668
161 263 27069
5 259 30681
8 146 26746
1 9 10246
8 19 30383
93 234 10321
524 553 18826
188 214 1632
55 335 11493
230 446 23661
457 466 26828
171 188 32172
535 552 26017
153 298 29181
88 525 3672
240 259 29363
210 534 21071
144 216 15708
194 472 28824
10 34 29382
2 20 29922
94 190 10173
170 521 4671
177 236 6701
19 60 25200
243 398 30902
25 79 4234
236 347 9168
174 326 11275
252 349 5900
354 394 23994
95 187 3619
115 259 2531
109 468 19649
24 392 9169
22 473 342
319 437 9369
75 85 23131
153 225 19339
2 45 25277
72 113 6373
469 591 25974
38 86 25503
38 101 16765
152 472 4458
138 452 3724
386 454 25655
88 180 2167
110 211 4824
8 26 14851
71 81 2732
123 154 8569
331 333 22084
177 352 22647
19 81 18821
50 52 30114
142 310 19907
61 195 14920
23 437 2226
1 6 30486
245 373 12109
10 17 14951
301 448 12804
20 296 8163
238 430 8655
189 525 19548
247 354 17904
172 430 4657
36 565 26769
3 20 14747
11 118 29829
7 60 17840
189 465 10442
203 334 6664
87 156 30378
160 201 28222
196 404 9601
30 344 21448
381 536 9115
220 466 2008
78 346 3494
11 273 11849
491 522 32421
32 98 13251
467 577 14448
9 131 17556
74 176 14624
135 192 21242
7 9 27640
344 403 25297
5 57 25773
52 57 2521
111 364 2582
188 428 6938
103 108 20913
147 366 6410
501 511 16252
35 168 7556
114 313 22033
123 128 14256
89 106 4368
6 96 8043
505 574 30766
27 186 23250
35 453 25485
81 181 24061
47 605 14883
170 256 5642
27 148 22876
16 191 2056
255 507 317
315 342 365
124 133 8879
327 405 6920
95 381 21947
245 339 20668
38 231 7135
541 573 32619
8 126 30407
90 103 1996
438 557 22023
1 343 28711
98 180 32435
163 234 30770
2 131 26081
239 260 31102
91 133 4983
245 326 29747
30 48 5343
15 252 6927
313 484 24426
29 262 25322
37 78 20621
9 111 22817
73 81 20032
320 417 8634
110 583 29734
88 91 18731
443 592 19012
186 257 24310
381 432 18548
326 495 26022
3 136 30166
17 376 22990
79 138 21996
7 63 13590
373 479 7462
206 229 13181
348 375 25864
43 104 4182
78 85 23601
224 258 15792
28 58 18663
58 261 5155
257 542 13564
364 593 29240
90 210 20516
375 435 2539
486 516 4624
196 520 32755
27 344 30707
469 545 21463
38 124 28981
155 410 6391
12 344 15745
86 156 10261
240 456 12914
47 199 28160
166 205 10636
63 472 10091
193 302 18244
5 38 796
65 128 29248
26 34 6904
11 23 15900
81 208 18836
35 451 20308
19 358 25932
37 202 26142
8 48 11037
351 521 23653
138 412 29355
80 234 1816
282 585 29246
49 72 9617
551 599 13469
122 270 27073
1 8 15364
17 50 14935
194 336 29881
284 448 11314
66 140 24292
107 560 25262
320 592 2738
417 441 7849
109 178 29424
18 192 21091
437 476 16801
293 315 9340
3 5 26429
27 49 30391
73 101 30868
103 174 21850
339 485 20627
154 189 14904
215 496 19031
12 63 23241
146 214 23894
10 38 23263
64 354 18562
30 150 17884
76 299 6836
155 213 11883
135 496 5571
425 440 22835
64 468 30479
6 15 28925
135 293 27500
85 381 824
46 486 11692
104 281 31219
41 52 22079
133 306 1175
69 137 1949
84 398 29448
50 64 13944
206 274 32510
34 39 7660
422 510 28076
163 393 20252
473 513 26646
12 242 2312
36 169 29344
130 441 28800
15 169 7360
269 279 10611
225 253 26582
14 15 2587
402 441 4244
204 225 30124
185 365 26759
26 588 12176
95 379 21910
69 112 31066
227 467 27540
187 604 23798
197 405 30778
159 251 29114
189 583 21537
199 230 1642
370 386 27546
31 162 13131
56 160 18544
11 150 16087
239 498 502
157 249 17590
268 523 27386
106 169 515
164 288 11628
22 209 23299
28 74 20947
10 186 28125
175 530 1272
106 296 8953
451 495 22591
121 173 30469
136 375 18861
26 243 981
127 281 9872
160 185 25756
42 156 26676
32 427 18223
61 143 3138
196 443 8013
57 528 12934
372 405 21032
268 379 2136
9 312 8092
63 249 19941
115 469 23512
112 200 7160
47 50 1901
26 278 4384
235 309 19702
65 543 17221
34 78 13015
353 439 20231
33 82 13512
59 127 12412
3 4 19497
128 314 18731
4 7 32589
52 124 9553
88 360 12093
193 200 18138
341 381 22697
44 90 1675
3 119 10236
53 271 3161
77 147 27088
113 202 1502
38 198 22578
81 257 11875
91 458 23158
208 324 32264
30 423 20627
323 365 32226
48 179 17461
29 37 23854
428 444 10508
10 541 2028
173 252 767
183 395 14712
295 481 9294
303 304 26112
195 215 3783
160 239 27626
135 244 10904
39 249 23169
159 461 19050
160 163 19845
54 72 10180
240 601 30067
159 547 29667
33 204 29342
111 489 6292
135 600 15732
13 427 8623
99 130 125
134 145 21309
121 138 6396
27 141 31100
127 134 31033
19 460 22324
559 607 29656
421 503 3097
470 579 6610
6 8 12344
146 331 23780
247 354 666
296 585 9871
147 481 14495
319 377 6151
228 550 2249
290 422 16794
88 460 18149
65 169 24692
131 480 8405
146 262 10201
97 129 4721
205 210 22302
291 322 19509
25 109 28686
3 45 23466
452 500 22908
550 603 13788
139 562 10289
88 311 9018
23 349 15486
36 40 18851
18 31 27917
164 307 31904
169 383 10190
517 538 25842
122 231 22552
9 133 18427
292 495 3403
98 201 3248
253 262 24472
18 23 24341
139 322 30914
431 473 21613
376 447 1267
139 607 429
2 36 13294
4 428 25294
38 147 27989
24 73 3337
50 377 31410
202 392 16184
287 318 16519
73 588 19132
22 23 15253
428 552 21695
19 406 27150
131 267 25268
1 36 8318
5 8 22096
298 359 6275
297 522 15494
30 173 23472
196 237 28701
88 105 5937
68 371 23548
237 263 29959
141 274 29257
346 355 24053
194 552 1247
63 105 4980
203 282 24788
196 356 29521
371 588 12801
81 425 32438
161 178 5320
297 384 31953
84 140 11150
210 502 21850
4 229 23204
375 456 6562
70 531 18580
19 215 13044
67 294 14857
427 429 25455
299 397 10191
17 99 17054
120 569 21154
120 279 12670
311 315 27577
127 576 31153
171 514 31320
20 65 31243
62 217 17873
123 288 30402
104 561 2230
9 344 28132
139 427 23851
333 441 16608
8 13 31641
104 148 10821
74 366 23608
67 132 25355
71 128 24860
8 501 7413
422 605 12758
146 249 8183
3 99 12995
124 322 30369
148 514 20890
93 489 14849
81 107 3557
17 31 18296
183 191 32604
270 380 2929
7 147 30047
275 589 8711
369 445 29188
209 460 27377
364 395 2166
56 327 24661
108 564 22931
100 513 6221
392 609 23307
64 346 26434
35 124 5236
166 335 11629
10 14 23301
109 196 1052
135 146 8195
175 430 20367
550 579 28411
232 368 16514
78 206 4189
247 473 7368
181 532 14881
143 146 18558
38 100 7018
72 137 4540
105 357 12660
39 95 16092
103 216 809
67 146 25500
7 340 28201
225 590 7120
25 39 27450
335 415 2657
212 295 26962
20 501 29127
5 19 26033
6 10 30534
22 183 3281
50 61 13452
31 431 17176
168 191 13195
70 92 17794
7 552 24223
211 395 29125
146 178 25447
15 26 675
209 549 4306
31 65 30813
211 413 26957
3 75 20102
264 273 2084
439 448 22440
146 191 9571
72 270 27770
265 305 1505
56 376 24471
158 434 3391
179 432 10229
341 397 1530
29 39 17298
125 204 6116
305 409 16646
495 559 24481
58 162 31238
1 57 14844
294 378 8698
76 125 11304
333 391 13102
1 54 28246
188 501 19021
204 307 4123
173 259 29473
67 145 1697
280 492 6867
280 485 17051
186 383 6940
184 256 16490
7 142 28454
354 403 28413
205 431 28177
18 95 23123
76 479 12370
124 174 19619
35 476 23663
26 527 9621
395 422 19647
72 107 2329
61 145 9011
28 523 20407
269 316 16734
527 550 24690
320 325 2606
80 333 24719
157 530 8214
47 57 32740
313 361 19864
56 193 10362
40 196 16240
24 124 3746
148 274 32469
118 296 6871
18 29 32641
29 64 30969
19 40 26758
162 240 20681
224 330 20504
10 327 22958
57 334 16851
60 82 12332
441 450 25641
302 327 7574
518 532 15606
43 44 29399
100 501 15992
276 287 15733
274 507 15627
307 320 2580
427 436 904
162 184 10780
1 8 16150
50 333 6748
347 576 15557
128 448 18109
368 493 16981
105 237 2903
8 55 30960
25 100 3473
5 19 15303
15 272 26643
316 604 30155
2 268 15020
257 363 24828
37 55 2946
362 550 16134
145 508 6431
377 502 22047
50 51 21817
165 459 28264
63 104 20047
480 595 2880
172 287 25191
154 366 31041
2 87 16276
215 456 21734
146 155 1811
15 37 14095
139 476 28181
351 436 3028
44 331 921
117 175 3438
324 433 25826
37 404 16410
8 112 12902
368 534 27972
124 245 5458
69 244 19295
513 517 10739
182 352 3373
295 424 15775
288 600 20077
202 285 3839
241 603 3364
339 580 13759
296 298 26109
202 316 4880
47 201 28531
204 255 16004
214 390 8899
320 371 23339
347 490 4828
79 159 12022
70 99 4285
88 96 19153
1 41 6664
234 476 7152
43 68 22967
562 581 28477
69 297 27695
3 573 22009
460 512 20258
92 264 1757
37 176 15112
46 556 22884
114 142 26390
26 43 24845
19 84 14835
196 540 3242
8 52 30884
277 525 4634
21 164 29284
379 509 26886
215 240 17248
45 289 14198
374 378 24978
292 572 26962
81 200 3630
18 46 18487
465 511 19296
18 33 23329
228 527 26956
139 295 11733
221 542 28299
52 131 28189
357 504 24480
188 332 8484
23 524 1557
115 271 7585
21 31 9026
57 257 1935
227 504 17392
81 122 20634
238 533 332
190 462 19606
95 111 12526
49 67 19354
6 44 10465
274 567 29578
257 371 7656
8 13 20797
173 260 4475
316 380 23942
59 61 4653
160 251 3264
97 372 3193
4 52 32688
77 78 25389
33 492 8926
177 284 19944
70 486 1457
130 158 24933
5 26 1261
13 41 30864
137 264 7281
129 286 18061
63 110 25145
23 41 31041
76 284 24855
3 16 20736
68 551 21408
67 114 15711
47 72 12352
33 457 14443
114 267 7535
39 589 4267
158 277 20862
251 580 26553
15 44 9083
150 168 11860
251 363 15123
239 555 10301
5 31 27522
137 572 20797
395 427 27118
452 609 10784
137 570 18883
232 251 20368
185 429 2533
370 498 5645
5 13 5083
4 510 3458
180 187 27188
81 126 5147
237 514 30177
107 205 21352
63 238 31286
120 323 29691
362 439 17861
8 79 21242
4 8 19042
101 235 25186
254 315 28901
29 212 26598
231 433 19848
494 597 22455
23 232 24560
443 512 24472
251 374 22091
360 519 11264
145 289 27904
9 26 21575
425 544 3297
181 371 31753
40 44 18417
7 21 26434
183 241 22794
251 424 19414
277 498 25863
96 606 26236
61 165 31822
270 445 4683
231 277 20928
330 518 10582
4 102 22650
62 185 6681
555 561 3061
22 242 12460
77 176 7772
3 133 25579
22 214 14135
20 97 22050
172 199 24765
186 533 30161
150 261 19559
20 61 5806
83 181 18334
106 116 17388
227 297 8087
11 228 17512
57 169 24503
94 399 7771
54 281 22560
10 120 11154
31 109 16941
144 261 20581
8 11 14084
114 166 30434
53 423 4242
74 76 23782
385 507 18309
170 595 24343
54 371 289
360 518 1022
42 573 22021
20 45 29114
92 127 30522
231 517 32248
40 319 18720
96 112 31539
19 359 25627
91 380 6008
15 131 14599
193 343 24592
414 433 27616
6 8 6888
98 156 24863
28 133 29073
277 460 2748
179 478 13091
73 391 18394
48 147 2422
260 581 13945
331 502 13155
33 43 14548
30 604 30988
31 491 14381
139 503 28775
110 149 27952
1 487 6005
20 261 14910
237 484 5865
66 333 32308
8 308 31543
5 48 18071
61 198 11071
125 445 32291
446 522 11015
166 189 12587
76 283 7758
25 164 21339
9 96 20951
151 458 10923
286 480 9143
74 118 12718
5 9 16925
