626
1000000 999999 999998 999997 999996 999995 999994 999993 999992 999991 999990 999989 999988 999987 999986 999985 999984 999983 999982 999981 999980 999979 999978 999977 999976 999975 999974 999973 999972 999971 999970 999969 999968 999967 999966 999965 999964 999963 999962 999961 999960 999959 999958 999957 999956 999955 999954 999953 999952 999951 999950 999949 999948 999947 999946 999945 999944 999943 999942 999941 999940 999939 999938 999937 999936 999935 999934 999933 999932 999931 999930 999929 999928 999927 999926 999925 999924 999923 999922 999921 999920 999919 999918 999917 999916 999915 999914 999913 999912 999911 999910 999909 999908 999907 999906 999905 999904 999903 999902 999901 999900 999899 999898 999897 999896 999895 999894 999893 999892 999891 999890 999889 999888 999887 999886 999885 999884 999883 999882 999881 999880 999879 999878 999877 999876 999875 999874 999873 999872 999871 999870 999869 999868 999867 999866 999865 999864 999863 999862 999861 999860 999859 999858 999857 999856 999855 999854 999853 999852 999851 999850 999849 999848 999847 999846 999845 999844 999843 999842 999841 999840 999839 999838 999837 999836 999835 999834 999833 999832 999831 999830 999829 999828 999827 999826 999825 999824 999823 999822 999821 999820 999819 999818 999817 999816 999815 999814 999813 999812 999811 999810 999809 999808 999807 999806 999805 999804 999803 999802 999801 999800 999799 999798 999797 999796 999795 999794 999793 999792 999791 999790 999789 999788 999787 999786 999785 999784 999783 999782 999781 999780 999779 999778 999777 999776 999775 999774 999773 999772 999771 999770 999769 999768 999767 999766 999765 999764 999763 999762 999761 999760 999759 999758 999757 999756 999755 999754 999753 999752 999751 999750 999749 999748 999747 999746 999745 999744 999743 999742 999741 999740 999739 999738 999737 999736 999735 999734 999733 999732 999731 999730 999729 999728 999727 999726 999725 999724 999723 999722 999721 999720 999719 999718 999717 999716 999715 999714 999713 999712 999711 999710 999709 999708 999707 999706 999705 999704 999703 999702 999701 999700 999699 999698 999697 999696 999695 999694 999693 999692 999691 999690 999689 999688 999687 999686 999685 999684 999683 999682 999681 999680 999679 999678 999677 999676 999675 999674 999673 999672 999671 999670 999669 999668 999667 999666 999665 999664 999663 999662 999661 999660 999659 999658 999657 999656 999655 999654 999653 999652 999651 999650 999649 999648 999647 999646 999645 999644 999643 999642 999641 999640 999639 999638 999637 999636 999635 999634 999633 999632 999631 999630 999629 999628 999627 999626 999625 999624 999623 999622 999621 999620 999619 999618 999617 999616 999615 999614 999613 999612 999611 999610 999609 999608 999607 999606 999605 999604 999603 999602 999601 999600 999599 999598 999597 999596 999595 999594 999593 999592 999591 999590 999589 999588 999587 999586 999585 999584 999583 999582 999581 999580 999579 999578 999577 999576 999575 999574 999573 999572 999571 999570 999569 999568 999567 999566 999565 999564 999563 999562 999561 999560 999559 999558 999557 999556 999555 999554 999553 999552 999551 999550 999549 999548 999547 999546 999545 999544 999543 999542 999541 999540 999539 999538 999537 999536 999535 999534 999533 999532 999531 999530 999529 999528 999527 999526 999525 999524 999523 999522 999521 999520 999519 999518 999517 999516 999515 999514 999513 999512 999511 999510 999509 999508 999507 999506 999505 999504 999503 999502 999501 999500 999499 999498 999497 999496 999495 999494 999493 999492 999491 999490 999489 999488 999487 999486 999485 999484 999483 999482 999481 999480 999479 999478 999477 999476 999475 999474 999473 999472 999471 999470 999469 999468 999467 999466 999465 999464 999463 999462 999461 999460 999459 999458 999457 999456 999455 999454 999453 999452 999451 999450 999449 999448 999447 999446 999445 999444 999443 999442 999441 999440 999439 999438 999437 999436 999435 999434 999433 999432 999431 999430 999429 999428 999427 999426 999425 999424 999423 999422 999421 999420 999419 999418 999417 999416 999415 999414 999413 999412 999411 999410 999409 999408 999407 999406 999405 999404 999403 999402 999401 999400 999399 999398 999397 999396 999395 999394 999393 999392 999391 999390 999389 999388 999387 999386 999385 999384 999383 999382 999381 999380 999379 999378 999377 999376 999375 
1721
1 2 26887
2 3 1851
3 4 12537
4 5 5790
5 6 11587
6 7 516
7 8 11103
8 9 9060
9 10 24132
10 11 1868
11 12 30705
12 13 14524
13 14 31837
14 15 9441
15 16 205
16 17 7569
17 18 25305
18 19 30902
19 20 7341
20 21 31759
21 22 18506
22 23 32743
23 24 12753
24 25 18623
25 26 6430
26 27 22264
27 28 1338
28 29 9460
29 30 24691
30 31 20318
31 32 2585
32 33 16487
33 34 13101
34 35 32320
35 36 17799
36 37 32286
37 38 20805
38 39 10366
39 40 6774
40 41 24722
41 42 29027
42 43 12275
43 44 4584
44 45 272
45 46 27312
46 47 26103
47 48 29535
48 49 5728
49 50 12517
50 51 26408
51 52 16788
52 53 20133
53 54 22185
54 55 25707
55 56 28523
56 57 132
57 58 2585
58 59 32045
59 60 24871
60 61 30600
61 62 16296
62 63 3823
63 64 3546
64 65 24517
65 66 32553
66 67 7681
67 68 21792
68 69 5308
69 70 1834
70 71 15245
71 72 23821
72 73 22399
73 74 14980
74 75 3288
75 76 3172
76 77 12310
77 78 3120
78 79 22469
79 80 29962
80 81 32288
81 82 23900
82 83 14491
83 84 17082
84 85 31933
85 86 446
86 87 25863
87 88 505
88 89 15788
89 90 24105
90 91 8293
91 92 21325
92 93 24497
93 94 21854
94 95 17723
95 96 24234
96 97 1082
97 98 30500
98 99 2054
99 100 6957
100 101 18497
101 102 9627
102 103 22330
103 104 16141
104 105 17524
105 106 9421
106 107 31876
107 108 27598
108 109 22676
109 110 18566
110 111 25426
111 112 27319
112 113 17947
113 114 13414
114 115 10389
115 116 3463
116 117 24097
117 118 25140
118 119 22469
119 120 1892
120 121 18048
121 122 25205
122 123 31014
123 124 21012
124 125 6711
125 126 2877
126 127 21835
127 128 29551
128 129 26892
129 130 2374
130 131 4568
131 132 14100
132 133 23158
133 134 1855
134 135 2956
135 136 12380
136 137 30649
137 138 24422
138 139 4478
139 140 6284
140 141 24915
141 142 2905
142 143 26022
143 144 23887
144 145 29591
145 146 17961
146 147 9888
147 148 29539
148 149 7832
149 150 5297
150 151 1709
151 152 16786
152 153 30024
153 154 10278
154 155 29691
155 156 14308
156 157 14305
157 158 20207
158 159 5670
159 160 26387
160 161 23940
161 162 26550
162 163 17662
163 164 11327
164 165 24864
165 166 2751
166 167 23691
167 168 17635
168 169 21910
169 170 23928
170 171 4686
171 172 24328
172 173 1307
173 174 17490
174 175 12234
175 176 31160
176 177 8157
177 178 26320
178 179 22083
179 180 10678
180 181 15849
181 182 14813
182 183 12230
183 184 5740
184 185 14412
185 186 1123
186 187 12649
187 188 17189
188 189 7544
189 190 4633
190 191 21204
191 192 30844
192 193 17642
193 194 2205
194 195 24320
195 196 25108
196 197 17930
197 198 4802
198 199 16959
199 200 13450
200 201 22099
201 202 22059
202 203 31101
203 204 28584
204 205 21171
205 206 26393
206 207 1733
207 208 4316
208 209 30773
209 210 11905
210 211 3847
211 212 18920
212 213 4061
213 214 30306
214 215 1304
215 216 4058
216 217 4563
217 218 4181
218 219 1530
219 220 5695
220 221 965
221 222 19046
222 223 19038
223 224 2708
224 225 5766
225 226 9762
226 227 20839
227 228 9213
228 229 18171
229 230 1521
230 231 10417
231 232 23354
232 233 1591
233 234 17574
234 235 30098
235 236 24278
236 237 11493
237 238 27477
238 239 9119
239 240 6049
240 241 15846
241 242 31076
242 243 23666
243 244 20833
244 245 15420
245 246 29413
246 247 11435
247 248 23493
248 249 6183
249 250 10531
250 251 31285
251 252 14234
252 253 30605
253 254 29051
254 255 12235
255 256 9281
256 257 23967
257 258 15982
258 259 16826
259 260 8545
260 261 30138
261 262 20212
262 263 28648
263 264 14553
264 265 1419
265 266 26642
266 267 26901
267 268 9465
268 269 19063
269 270 19630
270 271 13153
271 272 9969
272 273 17978
273 274 26531
274 275 32270
275 276 8585
276 277 16078
277 278 23569
278 279 16520
279 280 19475
280 281 30094
281 282 28662
282 283 19106
283 284 4510
284 285 22939
285 286 1283
286 287 10787
287 288 28781
288 289 14719
289 290 5032
290 291 2433
291 292 28072
292 293 14352
293 294 23666
294 295 27628
295 296 29008
296 297 2199
297 298 17302
298 299 27278
299 300 7800
300 301 13874
301 302 2766
302 303 22290
303 304 31667
304 305 31351
305 306 23907
306 307 26467
307 308 32713
308 309 26458
309 310 25227
310 311 20150
311 312 22190
312 313 26705
313 314 18934
314 315 26570
315 316 29364
316 317 24246
317 318 1700
318 319 21614
319 320 15871
320 321 23916
321 322 11257
322 323 13893
323 324 57
324 325 18373
325 326 8467
326 327 25798
327 328 19592
328 329 22435
329 330 7771
330 331 17542
331 332 3005
332 333 20190
333 334 10586
334 335 9146
335 336 30415
336 337 22502
337 338 719
338 339 16375
339 340 5511
340 341 22954
341 342 15102
342 343 22845
343 344 5500
344 345 17080
345 346 24650
346 347 30260
347 348 3394
348 349 4005
349 350 31750
350 351 15797
351 352 32735
352 353 4271
353 354 20873
354 355 2444
355 356 13438
356 357 12961
357 358 4992
358 359 5757
359 360 13928
360 361 20215
361 362 905
362 363 30085
363 364 4399
364 365 18243
365 366 12285
366 367 8801
367 368 7468
368 369 28623
369 370 17420
370 371 25429
371 372 28716
372 373 3460
373 374 7696
374 375 22054
375 376 18023
376 377 27402
377 378 8219
378 379 20072
379 380 30642
380 381 18737
381 382 28370
382 383 26880
383 384 19701
384 385 11920
385 386 4735
386 387 30945
387 388 18910
388 389 23148
389 390 11873
390 391 12569
391 392 16087
392 393 24283
393 394 16967
394 395 12305
395 396 14134
396 397 9768
397 398 10845
398 399 20496
399 400 6068
400 401 26490
401 402 20805
402 403 24834
403 404 289
404 405 20145
405 406 18537
406 407 12152
407 408 19286
408 409 23441
409 410 14992
410 411 31983
411 412 11370
412 413 15394
413 414 27824
414 415 19797
415 416 24617
416 417 9814
417 418 16643
418 419 11721
419 420 25537
420 421 29933
421 422 28765
422 423 22691
423 424 6591
424 425 2966
425 426 28093
426 427 23220
427 428 27194
428 429 18007
429 430 10274
430 431 7631
431 432 13134
432 433 30766
433 434 7840
434 435 31879
435 436 7629
436 437 15609
437 438 31410
438 439 17211
439 440 10800
440 441 8851
441 442 9426
442 443 16976
443 444 2516
444 445 27968
445 446 1863
446 447 21950
447 448 6243
448 449 31563
449 450 29503
450 451 1486
451 452 2447
452 453 3053
453 454 23581
454 455 9506
455 456 7943
456 457 28017
457 458 23828
458 459 4085
459 460 31395
460 461 22166
461 462 15605
462 463 28836
463 464 24802
464 465 28469
465 466 25669
466 467 11629
467 468 32663
468 469 19491
469 470 31123
470 471 25463
471 472 3295
472 473 25177
473 474 6152
474 475 4883
475 476 21078
476 477 13650
477 478 21568
478 479 24898
479 480 30859
480 481 17589
481 482 856
482 483 4727
483 484 9905
484 485 32052
485 486 30793
486 487 8862
487 488 19095
488 489 12468
489 490 11124
490 491 7772
491 492 7386
492 493 22958
493 494 126
494 495 8601
495 496 13657
496 497 11733
497 498 7773
498 499 7996
499 500 17385
500 501 17401
501 502 3507
502 503 22069
503 504 16714
504 505 20779
505 506 4443
506 507 6081
507 508 11354
508 509 16674
509 510 27970
510 511 17129
511 512 10121
512 513 11741
513 514 3961
514 515 6476
515 516 2701
516 517 31370
517 518 20360
518 519 20767
519 520 15447
520 521 5543
521 522 14340
522 523 2162
523 524 26949
524 525 9831
525 526 3684
526 527 32181
527 528 27033
528 529 10583
529 530 3344
530 531 12666
531 532 27690
532 533 16449
533 534 955
534 535 21885
535 536 14681
536 537 14672
537 538 20979
538 539 11489
539 540 8775
540 541 4470
541 542 28662
542 543 16828
543 544 28741
544 545 30219
545 546 31176
546 547 5078
547 548 26764
548 549 2487
549 550 28802
550 551 9390
551 552 14383
552 553 28817
553 554 9709
554 555 1214
555 556 23629
556 557 26504
557 558 1615
558 559 17920
559 560 23179
560 561 27395
561 562 13445
562 563 30641
563 564 24001
564 565 12484
565 566 11346
566 567 3925
567 568 2804
568 569 30994
569 570 24311
570 571 25339
571 572 8837
572 573 31511
573 574 32260
574 575 6338
575 576 16807
576 577 28807
577 578 26733
578 579 12188
579 580 22550
580 581 1154
581 582 28128
582 583 1362
583 584 9735
584 585 10684
585 586 23638
586 587 32201
587 588 22106
588 589 7131
589 590 3049
590 591 12163
591 592 2327
592 593 4128
593 594 23781
594 595 14696
595 596 25112
596 597 22858
597 598 23585
598 599 9671
599 600 28675
600 601 695
601 602 400
602 603 32408
603 604 32636
604 605 9933
605 606 15635
606 607 30468
607 608 11928
608 609 1176
609 610 17809
610 611 20007
611 612 21652
612 613 6324
613 614 24138
614 615 20244
615 616 4551
616 617 15726
617 618 1640
618 619 4633
619 620 7125
620 621 5670
621 622 18135
622 623 25413
623 624 6694
624 625 18936
625 626 4695
228 505 27600
31 121 23688
9 26 28564
28 74 32648
28 35 16220
17 29 18453
278 532 11095
110 346 5176
325 548 25284
95 461 24017
49 103 15523
56 158 13462
126 377 31
307 616 2967
177 311 23235
82 141 7592
34 151 1760
79 384 18826
23 114 3761
2 26 4519
170 490 10516
71 74 13500
212 432 29433
66 333 27595
245 342 21721
36 71 3871
453 511 17870
93 344 1880
137 308 26145
39 416 20652
44 55 10605
80 118 17896
152 275 3240
240 624 13778
5 88 11954
4 29 16634
113 435 8755
137 337 30498
16 425 1528
387 581 29371
166 275 27914
231 600 5687
38 123 29237
278 347 25108
124 437 2743
46 204 27626
11 487 23124
73 157 7667
461 487 32512
267 616 25526
37 208 5333
516 567 5085
45 92 8993
124 206 4200
158 165 18851
68 475 3507
520 595 29006
374 397 1547
507 584 1589
100 162 25284
469 522 26728
525 591 9490
244 325 24551
44 99 10260
285 511 1021
95 148 17095
50 180 16538
153 601 27626
539 588 1157
244 416 23283
118 139 14729
174 260 18591
313 422 987
307 350 14030
86 265 30830
310 476 23205
500 601 4601
66 83 13609
295 507 15061
431 538 26069
445 561 22008
63 603 8153
117 235 23487
379 573 13821
165 209 28486
197 248 14949
49 155 22394
112 379 1705
92 616 4904
469 471 30195
98 168 25022
4 48 32304
270 384 8819
106 583 30320
98 544 27148
11 20 2050
117 188 13190
233 364 21758
144 518 10819
12 140 6704
11 580 19595
119 623 19362
56 253 7043
66 551 12859
334 403 18926
120 123 13869
15 186 27974
25 497 5409
130 333 11548
151 211 5226
15 403 23228
4 452 7845
3 74 20352
49 323 31114
25 475 31334
13 104 11230
203 599 13754
437 495 5324
138 176 25589
344 359 27906
75 321 32545
312 488 16239
400 547 18532
85 105 10868
2 153 11643
8 63 15324
57 253 22611
415 558 18699
77 84 16635
66 273 4623
161 288 5286
46 149 6563
69 113 25723
42 121 13638
43 364 25950
96 199 16361
3 10 9722
149 249 24301
283 568 4790
172 572 15458
78 324 30552
93 153 19144
16 295 31873
128 480 26045
163 170 29520
107 122 16481
55 179 11202
292 591 23898
48 372 8885
240 313 5555
270 359 6797
467 624 19225
159 537 15856
34 290 5912
325 547 19997
116 197 27751
141 415 9913
255 454 112
321 508 7989
399 413 17030
167 377 5652
94 133 29586
304 594 19642
349 380 27676
271 473 14991
64 354 6135
155 333 13457
121 343 30207
89 305 17081
21 265 20388
148 346 20150
1 2 12094
65 77 4069
295 598 11608
275 301 18077
311 476 19571
420 500 3360
13 351 6134
42 71 20173
355 550 26183
532 578 26223
236 282 18228
41 297 2745
185 209 8005
97 149 7245
367 445 1413
44 378 10977
2 41 31971
272 483 12131
105 552 25411
191 219 5929
145 324 16333
481 545 24713
147 214 18208
288 436 17272
513 524 18291
302 597 16637
200 590 1998
210 287 2709
57 593 19670
103 137 3810
122 608 31468
94 286 11069
92 438 143
5 322 6651
98 502 9524
63 176 17288
1 10 22560
7 18 11432
95 123 30690
210 557 26237
14 44 5758
45 277 13600
23 498 18279
393 470 10226
101 458 23517
184 292 10992
132 189 26446
61 289 15017
266 368 18622
279 360 27827
36 99 5997
230 259 31912
173 214 54
128 623 4626
52 611 11856
30 109 3544
122 212 5504
240 471 28159
51 417 11490
463 526 19681
312 364 12486
113 159 15661
81 295 10077
437 481 22084
157 170 30507
454 601 15570
11 36 12147
413 479 25017
335 338 539
16 19 9632
59 609 11196
21 32 6602
522 596 29142
244 288 18176
473 487 18530
146 198 18864
6 20 26426
89 245 16016
191 284 27915
80 304 32108
52 152 28881
139 291 2015
48 140 25607
217 245 28713
21 80 14106
302 311 24679
29 449 7866
65 396 25809
88 359 29723
221 232 15307
147 189 17227
136 369 17646
109 308 550
16 331 17490
92 137 28557
134 349 8642
381 466 3563
139 344 9122
3 227 23853
80 158 29608
11 468 14270
382 387 4032
10 44 21277
57 58 13229
42 457 12329
162 336 22599
53 452 4159
60 134 11114
555 567 7092
52 200 28647
149 339 6997
18 310 5924
165 452 18931
35 584 11809
29 165 9256
55 62 30245
64 82 3025
293 305 17729
154 198 25079
218 244 9564
59 213 13595
61 263 10395
20 227 6946
286 378 8243
236 349 5456
163 363 24329
220 238 16918
370 425 944
261 568 29606
93 114 32163
1 12 21371
24 34 12239
16 18 23135
58 584 18112
189 334 24988
2 7 8989
134 407 15693
147 209 10541
267 560 30998
262 575 27800
2 8 18339
50 370 7085
173 242 19139
74 236 20422
60 215 23806
6 274 4272
73 76 18153
136 485 30484
66 191 6579
44 77 32342
66 72 5534
184 521 20592
30 300 24154
90 113 13990
6 8 6270
173 313 28713
220 398 12954
78 165 3082
321 534 24976
10 32 5637
4 22 2870
78 273 32270
470 524 19316
325 476 12452
121 379 16215
81 176 27225
30 87 7889
173 185 31507
49 186 14619
208 382 32235
3 138 28925
372 561 4276
509 610 11615
114 361 25240
10 64 10222
121 321 4940
65 116 26312
14 65 25796
61 452 20320
536 587 16237
228 272 28695
236 273 3423
414 557 11079
30 80 2822
231 467 10670
41 204 27684
479 583 13175
7 17 10823
27 82 5725
30 112 3597
116 255 25745
261 414 5818
56 273 27505
336 442 23577
36 180 4656
178 515 29855
119 160 12286
473 537 24129
44 62 9812
75 137 29319
152 280 30571
149 328 7863
126 172 31246
405 562 32563
203 524 831
106 155 10593
27 66 13165
31 43 29102
177 502 22571
173 549 25493
198 586 21671
276 603 32681
7 89 4695
5 404 14357
266 454 26763
205 316 7702
153 231 1264
157 306 21324
14 19 30758
201 314 10246
118 176 28913
88 508 27594
20 153 13747
261 532 26567
268 481 24368
396 484 21245
154 221 2248
28 157 24121
115 457 27052
16 23 18994
459 582 26558
80 254 25712
1 579 21
154 204 22475
26 364 10848
286 417 912
293 381 29596
172 202 6336
145 159 16856
18 258 7908
95 145 22013
138 505 19035
192 538 470
354 493 19519
85 104 30665
109 174 2094
2 357 26369
328 526 30359
291 303 4599
211 609 31320
192 364 1698
150 595 9950
146 192 26285
139 428 28665
97 102 5005
352 551 3875
84 101 25931
145 239 8691
41 62 9299
386 481 13289
91 118 7609
224 582 6626
258 281 9894
42 73 20423
168 290 3825
16 145 31069
84 557 11276
30 142 19777
88 178 7374
29 256 7533
127 619 31687
545 617 29412
54 78 14614
310 564 23118
107 421 5635
79 129 7592
80 141 3014
16 112 19300
31 65 5185
69 135 9601
62 440 9885
25 30 29567
11 61 4867
109 341 18502
591 608 4075
194 485 10579
56 69 4280
48 498 14023
285 495 12442
157 502 3121
140 156 28137
231 327 8232
101 121 29052
82 612 32011
37 212 31396
242 337 22403
141 258 5078
319 616 22439
50 558 15657
70 375 28606
34 163 4397
158 178 26657
366 572 24019
126 456 27049
158 205 3664
142 170 22694
275 311 25672
294 448 20571
165 189 11686
138 232 4974
131 278 12772
125 129 24525
115 431 19640
233 585 21753
319 370 25953
226 366 4535
37 550 30977
146 507 27278
91 298 5067
397 445 11434
118 378 10228
604 616 22769
15 25 675
12 143 12654
99 269 32334
487 580 26467
334 364 20305
441 491 17053
19 199 12958
16 273 19167
407 584 12239
343 412 25216
158 214 22289
32 300 28050
62 131 14483
122 578 9001
57 193 5762
116 348 3739
153 428 21436
234 602 9425
149 313 12480
22 120 13827
5 7 21888
16 375 32371
87 185 16929
16 246 14591
73 107 22997
126 322 27816
222 380 8776
169 430 19044
375 507 22366
155 592 25285
164 190 26163
29 433 21354
126 140 5016
145 461 23090
25 174 20871
61 82 4260
340 558 25668
87 287 31757
275 572 17183
281 513 12095
7 279 27159
348 350 255
84 285 26833
78 254 26234
525 581 12447
117 224 25437
21 187 18051
118 225 18789
326 330 24440
83 184 16257
173 205 23662
400 452 19677
88 328 26800
591 603 32362
10 446 30896
368 443 15815
22 372 24694
268 483 9874
159 447 24
87 122 9099
470 511 27145
69 200 28431
55 136 14893
110 496 19155
138 485 26080
46 293 28909
214 235 27775
97 252 29829
195 355 19733
75 148 4810
2 83 20786
412 567 25854
392 504 26135
70 372 2738
203 225 13511
34 52 20367
558 625 16016
83 105 4668
350 539 18220
143 419 23100
251 610 5779
82 303 10468
99 169 27654
153 497 13747
193 625 10505
77 496 171
69 112 5693
64 172 1418
286 622 32093
115 139 28909
256 459 31433
240 451 5309
1 44 11877
368 625 2945
2 181 9915
20 72 4710
122 386 21139
13 77 12310
282 304 17550
45 457 21182
184 304 29021
71 88 14796
173 412 7342
67 621 20563
2 115 12777
8 391 8978
290 495 7497
61 259 27019
78 134 12029
256 526 15294
18 26 30037
190 453 5720
134 395 7205
77 458 19826
377 407 3809
203 345 4669
37 203 10277
344 493 18989
97 167 29856
350 542 13952
375 544 18592
81 92 24880
58 380 28338
46 74 176
3 8 23305
52 409 5651
101 235 25269
96 98 346
356 471 18122
171 516 13862
147 395 17163
26 172 12039
78 607 3251
252 435 18445
25 506 6509
29 34 22904
142 435 28581
6 138 20886
213 561 30896
18 33 14628
31 62 8830
13 405 4061
155 403 25046
79 91 22258
232 297 10054
7 145 32162
43 212 26711
39 197 18483
30 163 19355
382 539 17385
228 373 8624
261 500 31458
76 328 28250
28 73 28883
106 158 11308
124 167 3614
359 513 31374
147 365 4284
399 593 22770
494 506 29415
35 617 17308
122 435 1429
136 331 17743
304 410 20760
88 405 11951
195 306 14466
27 144 28485
247 461 27812
144 606 21858
32 57 439
16 498 4435
113 246 1812
15 28 3500
20 44 25231
181 239 20870
36 56 31040
85 173 783
185 197 28141
119 471 4032
248 539 333
25 183 19715
193 354 31447
232 437 24390
38 301 230
29 34 11936
72 77 32079
519 621 30608
31 49 10174
22 66 27531
132 190 8564
128 333 10316
99 576 17989
336 576 24098
224 353 1242
334 367 7347
20 63 17577
3 4 15082
4 21 10790
83 117 31247
4 48 31247
501 540 11576
53 318 748
14 100 9612
282 363 24594
107 466 14622
91 409 11212
378 546 15678
41 509 24188
73 115 3735
9 283 14026
4 5 4211
331 361 11075
264 574 14838
145 322 8174
29 95 9018
405 449 31430
257 314 23948
221 365 18460
36 440 2356
132 311 31816
32 132 24728
169 605 4661
51 79 9113
4 11 24236
338 509 16243
46 161 32365
73 299 3724
201 448 22898
155 168 26875
374 389 24558
316 355 18851
379 578 30193
186 198 21823
14 21 2222
24 309 26545
2 45 5334
59 210 16748
79 366 1933
30 134 20951
239 246 27612
264 356 15607
74 516 21682
285 297 27081
7 11 30669
222 408 29707
134 604 2086
181 451 5988
93 257 7864
43 354 25397
126 210 30385
335 416 3440
116 579 32372
142 576 24653
123 138 20724
125 130 20914
176 273 9044
305 364 9383
4 15 8391
260 264 21557
92 140 9003
159 329 17530
558 563 16597
74 104 8665
18 61 22658
323 402 16272
391 402 10869
177 444 32284
173 582 14872
309 424 5934
63 73 13770
217 256 28710
25 360 2714
485 556 5446
38 382 10269
118 139 3867
226 480 23715
119 371 12506
170 242 11385
31 322 6556
312 354 9974
256 553 15283
179 315 4743
262 352 9374
69 233 25850
38 110 17731
33 40 28588
7 13 28015
5 479 32629
41 142 24278
66 248 32352
20 30 6917
371 496 31116
177 195 11519
361 455 22481
123 159 31368
79 316 7674
131 594 29250
110 466 25528
229 257 802
278 514 10384
258 583 32509
276 533 6778
140 587 11526
279 403 10221
47 342 12956
222 254 30082
78 273 26559
10 13 4989
193 443 31228
6 192 10716
87 160 15289
1 6 20919
340 562 30495
117 126 2325
14 38 25364
69 456 10898
62 582 15889
171 354 9299
52 87 26024
270 612 25159
8 72 21273
106 562 3503
209 598 1107
102 127 30797
291 554 22051
132 553 21466
6 275 32650
7 107 18066
159 539 1901
69 104 5103
235 291 1310
125 186 31990
63 84 4464
291 470 15765
116 206 20814
411 522 13580
15 104 17425
139 327 25945
69 89 20237
90 444 6676
536 612 11528
103 295 16714
48 182 17301
30 417 24882
106 260 14736
344 519 11220
84 501 20779
26 42 3572
155 273 19791
118 181 18657
96 118 23860
261 275 16131
354 620 31367
525 570 10541
142 191 9592
54 75 32551
118 148 18301
82 581 2025
12 58 4277
150 311 22144
197 325 11561
144 280 32404
38 90 1639
230 320 6146
326 471 15136
219 435 19221
46 191 22997
35 220 10033
54 556 3262
148 525 1051
243 569 5215
15 57 12830
161 341 31638
228 431 22456
475 544 11014
509 622 7073
234 564 15134
83 489 12348
193 252 27451
84 481 4568
12 65 18838
417 449 23375
114 617 10988
53 205 3295
1 337 25144
394 418 3922
101 588 1996
169 240 12752
40 230 23718
237 308 27382
35 36 16866
176 264 22013
154 446 9615
29 77 19228
12 171 32084
211 321 7788
521 532 15523
12 39 4847
26 308 30580
233 309 30611
217 232 25530
28 52 16960
274 447 31499
17 100 24916
46 169 27455
6 343 30241
412 452 8165
528 615 19259
117 300 18401
83 190 12228
186 200 8604
284 606 31990
215 490 23932
69 78 32149
7 73 22952
193 399 18196
167 238 11077
467 514 25237
56 248 10407
72 94 30722
138 361 17717
47 615 6136
52 57 23273
234 260 20802
165 471 18103
101 183 1282
36 138 21567
120 323 30956
32 44 10900
162 185 2334
139 266 3843
34 60 9066
280 308 13341
442 524 29759
256 322 14954
128 146 29039
260 468 21914
326 355 18811
291 304 1033
36 95 15928
30 132 16370
125 308 10213
114 437 22694
54 72 23046
208 213 1948
70 169 30122
272 575 10304
139 206 27867
45 589 2757
211 553 10606
173 388 31073
446 559 32115
59 203 1218
145 193 19944
56 86 22434
269 299 22661
10 18 31415
188 390 7100
7 33 27006
89 125 21563
375 399 28040
54 122 17816
39 609 14682
145 238 11246
5 48 32000
255 337 21137
221 419 32212
166 233 28710
81 278 26687
76 383 8894
441 527 27980
140 256 18128
69 244 5992
60 279 31254
495 504 26800
23 160 30657
49 50 6795
1 259 11654
211 584 2444
279 376 362
68 101 18896
52 224 20054
37 602 24401
18 75 12765
282 406 29413
11 365 28605
44 478 26596
90 355 0
79 100 16297
239 579 25282
10 59 3945
80 439 8463
44 500 16921
285 299 1109
107 213 17233
31 153 5719
100 379 20857
268 384 31149
41 325 25761
260 507 12080
132 164 9415
8 29 30436
90 151 9604
418 480 15163
23 155 22108
319 337 27600
17 107 7700
2 29 26845
174 291 15587
119 195 13091
64 107 9316
279 565 3067
222 306 17791
308 374 8133
44 468 13264
574 585 18678
26 114 15159
101 261 1136
213 456 28552
170 200 24553
33 353 10148
80 179 4493
166 228 3162
208 477 5153
8 58 14558
292 407 9550
257 487 11711
146 607 27613
2 45 22691
547 576 27148
315 596 553
294 420 17479
49 524 24776
214 544 24290
202 558 10891
220 569 30129
14 65 6373
221 357 9866
5 11 14632
78 285 1043
1 74 26939
234 312 14454
59 78 21407
106 580 6085
17 20 28393
389 422 20530
269 447 17462
230 300 14968
274 618 23887
44 217 14073
106 346 1638
27 115 5242
14 22 22721
50 135 17301
252 271 6824
1 8 9770
84 492 13935
147 175 11387
300 457 11646
133 235 14776
312 346 19859
281 283 2086
300 344 24003
417 517 2338
3 64 17885
1 274 6066
353 394 11831
63 123 21610
231 583 3867
335 479 14269
52 161 28229
13 37 25628
327 328 28204
7 183 4986
77 567 9750
113 116 13311
70 257 19238
23 227 30230
7 90 20955
88 131 16922
106 363 11461
175 518 22095
476 594 30806
131 447 15850
338 455 3350
23 51 30801
66 260 26794
62 159 5088
120 371 29541
62 92 16851
520 612 11108
55 595 4385
88 222 32611
89 212 7282
49 96 29385
63 197 7032
523 537 20891
30 554 588
232 298 5728
121 146 14751
386 496 32022
109 127 4320
7 43 26050
