500
1000000 999999 999998 999997 999996 999995 999994 999993 999992 999991 999990 999989 999988 999987 999986 999985 999984 999983 999982 999981 999980 999979 999978 999977 999976 999975 999974 999973 999972 999971 999970 999969 999968 999967 999966 999965 999964 999963 999962 999961 999960 999959 999958 999957 999956 999955 999954 999953 999952 999951 999950 999949 999948 999947 999946 999945 999944 999943 999942 999941 999940 999939 999938 999937 999936 999935 999934 999933 999932 999931 999930 999929 999928 999927 999926 999925 999924 999923 999922 999921 999920 999919 999918 999917 999916 999915 999914 999913 999912 999911 999910 999909 999908 999907 999906 999905 999904 999903 999902 999901 999900 999899 999898 999897 999896 999895 999894 999893 999892 999891 999890 999889 999888 999887 999886 999885 999884 999883 999882 999881 999880 999879 999878 999877 999876 999875 999874 999873 999872 999871 999870 999869 999868 999867 999866 999865 999864 999863 999862 999861 999860 999859 999858 999857 999856 999855 999854 999853 999852 999851 999850 999849 999848 999847 999846 999845 999844 999843 999842 999841 999840 999839 999838 999837 999836 999835 999834 999833 999832 999831 999830 999829 999828 999827 999826 999825 999824 999823 999822 999821 999820 999819 999818 999817 999816 999815 999814 999813 999812 999811 999810 999809 999808 999807 999806 999805 999804 999803 999802 999801 999800 999799 999798 999797 999796 999795 999794 999793 999792 999791 999790 999789 999788 999787 999786 999785 999784 999783 999782 999781 999780 999779 999778 999777 999776 999775 999774 999773 999772 999771 999770 999769 999768 999767 999766 999765 999764 999763 999762 999761 999760 999759 999758 999757 999756 999755 999754 999753 999752 999751 999750 999749 999748 999747 999746 999745 999744 999743 999742 999741 999740 999739 999738 999737 999736 999735 999734 999733 999732 999731 999730 999729 999728 999727 999726 999725 999724 999723 999722 999721 999720 999719 999718 999717 999716 999715 999714 999713 999712 999711 999710 999709 999708 999707 999706 999705 999704 999703 999702 999701 999700 999699 999698 999697 999696 999695 999694 999693 999692 999691 999690 999689 999688 999687 999686 999685 999684 999683 999682 999681 999680 999679 999678 999677 999676 999675 999674 999673 999672 999671 999670 999669 999668 999667 999666 999665 999664 999663 999662 999661 999660 999659 999658 999657 999656 999655 999654 999653 999652 999651 999650 999649 999648 999647 999646 999645 999644 999643 999642 999641 999640 999639 999638 999637 999636 999635 999634 999633 999632 999631 999630 999629 999628 999627 999626 999625 999624 999623 999622 999621 999620 999619 999618 999617 999616 999615 999614 999613 999612 999611 999610 999609 999608 999607 999606 999605 999604 999603 999602 999601 999600 999599 999598 999597 999596 999595 999594 999593 999592 999591 999590 999589 999588 999587 999586 999585 999584 999583 999582 999581 999580 999579 999578 999577 999576 999575 999574 999573 999572 999571 999570 999569 999568 999567 999566 999565 999564 999563 999562 999561 999560 999559 999558 999557 999556 999555 999554 999553 999552 999551 999550 999549 999548 999547 999546 999545 999544 999543 999542 999541 999540 999539 999538 999537 999536 999535 999534 999533 999532 999531 999530 999529 999528 999527 999526 999525 999524 999523 999522 999521 999520 999519 999518 999517 999516 999515 999514 999513 999512 999511 999510 999509 999508 999507 999506 999505 999504 999503 999502 999501 
100
68 194 29661
184 238 2914
83 109 19695
148 229 22029
11 15 25743
140 183 10177
159 201 9156
1 9 21148
161 213 22924
76 98 26925
17 53 8817
34 90 26685
41 240 8314
83 158 25291
58 187 25586
27 126 9113
88 229 31419
127 196 31178
102 111 7979
91 198 3723
30 147 16540
30 40 16318
106 132 28474
12 90 8217
85 88 25019
10 181 30526
88 168 9982
27 241 31922
31 39 28349
98 176 7872
9 165 31719
56 88 681
15 55 6193
91 211 7603
20 41 5119
135 143 24305
12 78 20158
43 211 28637
3 108 17208
119 217 9754
8 172 28819
231 247 27383
2 19 1016
90 116 11659
141 144 12304
24 29 31366
159 231 30434
112 116 8449
14 19 8112
6 16 28155
11 36 30182
53 163 4168
6 42 3897
135 165 13582
49 227 1674
19 93 28983
61 196 9767
217 237 9815
176 188 14202
57 165 20977
94 227 26453
163 205 11309
61 115 13646
4 112 14169
17 19 2541
28 39 29635
142 149 8858
34 74 25558
78 226 21393
23 63 31360
88 166 32571
95 109 584
32 201 24521
30 122 5534
229 241 10976
33 63 29001
109 121 175
5 147 20485
33 50 20182
5 12 10920
11 218 9433
19 42 14952
18 43 15128
17 42 802
35 39 28295
13 65 2465
28 58 662
72 176 15970
227 235 26637
104 199 8010
7 55 25284
78 248 13115
5 172 386
48 174 22684
31 85 16998
58 61 31780
80 99 17321
206 218 16267
79 135 21402
5 79 28659
