819
1000000 999999 999998 999997 999996 999995 999994 999993 999992 999991 999990 999989 999988 999987 999986 999985 999984 999983 999982 999981 999980 999979 999978 999977 999976 999975 999974 999973 999972 999971 999970 999969 999968 999967 999966 999965 999964 999963 999962 999961 999960 999959 999958 999957 999956 999955 999954 999953 999952 999951 999950 999949 999948 999947 999946 999945 999944 999943 999942 999941 999940 999939 999938 999937 999936 999935 999934 999933 999932 999931 999930 999929 999928 999927 999926 999925 999924 999923 999922 999921 999920 999919 999918 999917 999916 999915 999914 999913 999912 999911 999910 999909 999908 999907 999906 999905 999904 999903 999902 999901 999900 999899 999898 999897 999896 999895 999894 999893 999892 999891 999890 999889 999888 999887 999886 999885 999884 999883 999882 999881 999880 999879 999878 999877 999876 999875 999874 999873 999872 999871 999870 999869 999868 999867 999866 999865 999864 999863 999862 999861 999860 999859 999858 999857 999856 999855 999854 999853 999852 999851 999850 999849 999848 999847 999846 999845 999844 999843 999842 999841 999840 999839 999838 999837 999836 999835 999834 999833 999832 999831 999830 999829 999828 999827 999826 999825 999824 999823 999822 999821 999820 999819 999818 999817 999816 999815 999814 999813 999812 999811 999810 999809 999808 999807 999806 999805 999804 999803 999802 999801 999800 999799 999798 999797 999796 999795 999794 999793 999792 999791 999790 999789 999788 999787 999786 999785 999784 999783 999782 999781 999780 999779 999778 999777 999776 999775 999774 999773 999772 999771 999770 999769 999768 999767 999766 999765 999764 999763 999762 999761 999760 999759 999758 999757 999756 999755 999754 999753 999752 999751 999750 999749 999748 999747 999746 999745 999744 999743 999742 999741 999740 999739 999738 999737 999736 999735 999734 999733 999732 999731 999730 999729 999728 999727 999726 999725 999724 999723 999722 999721 999720 999719 999718 999717 999716 999715 999714 999713 999712 999711 999710 999709 999708 999707 999706 999705 999704 999703 999702 999701 999700 999699 999698 999697 999696 999695 999694 999693 999692 999691 999690 999689 999688 999687 999686 999685 999684 999683 999682 999681 999680 999679 999678 999677 999676 999675 999674 999673 999672 999671 999670 999669 999668 999667 999666 999665 999664 999663 999662 999661 999660 999659 999658 999657 999656 999655 999654 999653 999652 999651 999650 999649 999648 999647 999646 999645 999644 999643 999642 999641 999640 999639 999638 999637 999636 999635 999634 999633 999632 999631 999630 999629 999628 999627 999626 999625 999624 999623 999622 999621 999620 999619 999618 999617 999616 999615 999614 999613 999612 999611 999610 999609 999608 999607 999606 999605 999604 999603 999602 999601 999600 999599 999598 999597 999596 999595 999594 999593 999592 999591 999590 999589 999588 999587 999586 999585 999584 999583 999582 999581 999580 999579 999578 999577 999576 999575 999574 999573 999572 999571 999570 999569 999568 999567 999566 999565 999564 999563 999562 999561 999560 999559 999558 999557 999556 999555 999554 999553 999552 999551 999550 999549 999548 999547 999546 999545 999544 999543 999542 999541 999540 999539 999538 999537 999536 999535 999534 999533 999532 999531 999530 999529 999528 999527 999526 999525 999524 999523 999522 999521 999520 999519 999518 999517 999516 999515 999514 999513 999512 999511 999510 999509 999508 999507 999506 999505 999504 999503 999502 999501 999500 999499 999498 999497 999496 999495 999494 999493 999492 999491 999490 999489 999488 999487 999486 999485 999484 999483 999482 999481 999480 999479 999478 999477 999476 999475 999474 999473 999472 999471 999470 999469 999468 999467 999466 999465 999464 999463 999462 999461 999460 999459 999458 999457 999456 999455 999454 999453 999452 999451 999450 999449 999448 999447 999446 999445 999444 999443 999442 999441 999440 999439 999438 999437 999436 999435 999434 999433 999432 999431 999430 999429 999428 999427 999426 999425 999424 999423 999422 999421 999420 999419 999418 999417 999416 999415 999414 999413 999412 999411 999410 999409 999408 999407 999406 999405 999404 999403 999402 999401 999400 999399 999398 999397 999396 999395 999394 999393 999392 999391 999390 999389 999388 999387 999386 999385 999384 999383 999382 999381 999380 999379 999378 999377 999376 999375 999374 999373 999372 999371 999370 999369 999368 999367 999366 999365 999364 999363 999362 999361 999360 999359 999358 999357 999356 999355 999354 999353 999352 999351 999350 999349 999348 999347 999346 999345 999344 999343 999342 999341 999340 999339 999338 999337 999336 999335 999334 999333 999332 999331 999330 999329 999328 999327 999326 999325 999324 999323 999322 999321 999320 999319 999318 999317 999316 999315 999314 999313 999312 999311 999310 999309 999308 999307 999306 999305 999304 999303 999302 999301 999300 999299 999298 999297 999296 999295 999294 999293 999292 999291 999290 999289 999288 999287 999286 999285 999284 999283 999282 999281 999280 999279 999278 999277 999276 999275 999274 999273 999272 999271 999270 999269 999268 999267 999266 999265 999264 999263 999262 999261 999260 999259 999258 999257 999256 999255 999254 999253 999252 999251 999250 999249 999248 999247 999246 999245 999244 999243 999242 999241 999240 999239 999238 999237 999236 999235 999234 999233 999232 999231 999230 999229 999228 999227 999226 999225 999224 999223 999222 999221 999220 999219 999218 999217 999216 999215 999214 999213 999212 999211 999210 999209 999208 999207 999206 999205 999204 999203 999202 999201 999200 999199 999198 999197 999196 999195 999194 999193 999192 999191 999190 999189 999188 999187 999186 999185 999184 999183 999182 
3328
1 2 28619
2 3 23984
3 4 16015
4 5 18232
5 6 27292
6 7 19143
7 8 1011
8 9 24919
9 10 11423
10 11 26080
11 12 22660
12 13 5713
13 14 2285
14 15 9599
15 16 18761
16 17 11616
17 18 7913
18 19 3149
19 20 27603
20 21 19744
21 22 1234
22 23 31073
23 24 32114
24 25 28144
25 26 148
26 27 19903
27 28 681
28 29 19355
29 30 17124
30 31 2846
31 32 31456
32 33 6712
33 34 22667
34 35 20463
35 36 31833
36 37 590
37 38 17922
38 39 21658
39 40 19557
40 41 10300
41 42 320
42 43 19979
43 44 18392
44 45 17112
45 46 15824
46 47 22893
47 48 12218
48 49 1367
49 50 16166
50 51 21813
51 52 11839
52 53 24685
53 54 9523
54 55 19299
55 56 10233
56 57 24244
57 58 26423
58 59 20740
59 60 11597
60 61 8274
61 62 28887
62 63 32508
63 64 8228
64 65 14807
65 66 5487
66 67 26626
67 68 25058
68 69 31332
69 70 19881
70 71 12268
71 72 7580
72 73 23826
73 74 29519
74 75 10285
75 76 646
76 77 10641
77 78 28509
78 79 5532
79 80 682
80 81 2064
81 82 3675
82 83 887
83 84 27104
84 85 3165
85 86 28393
86 87 18343
87 88 24826
88 89 31822
89 90 16028
90 91 7237
91 92 12607
92 93 21855
93 94 14600
94 95 29278
95 96 23579
96 97 21916
97 98 7454
98 99 25075
99 100 23316
100 101 3010
101 102 3257
102 103 23364
103 104 7168
104 105 12961
105 106 2675
106 107 32079
107 108 3445
108 109 23492
109 110 2493
110 111 13715
111 112 20354
112 113 11604
113 114 17711
114 115 3353
115 116 23708
116 117 14138
117 118 20252
118 119 18101
119 120 16091
120 121 9092
121 122 4202
122 123 12938
123 124 9575
124 125 17930
125 126 10656
126 127 23244
127 128 28205
128 129 20305
129 130 27201
130 131 28106
131 132 30678
132 133 9903
133 134 21081
134 135 2347
135 136 20473
136 137 12208
137 138 21077
138 139 19063
139 140 4495
140 141 32441
141 142 15639
142 143 18650
143 144 1960
144 145 16619
145 146 8266
146 147 23589
147 148 26717
148 149 23370
149 150 30451
150 151 21782
151 152 15366
152 153 1311
153 154 27209
154 155 2777
155 156 17581
156 157 24987
157 158 5319
158 159 25038
159 160 31170
160 161 23740
161 162 31615
162 163 12173
163 164 27663
164 165 20341
165 166 12721
166 167 8232
167 168 9711
168 169 12041
169 170 23196
170 171 176
171 172 23483
172 173 19384
173 174 32148
174 175 4858
175 176 134
176 177 25245
177 178 24661
178 179 20130
179 180 4874
180 181 1751
181 182 23447
182 183 13137
183 184 14049
184 185 9703
185 186 24035
186 187 4156
187 188 28153
188 189 11097
189 190 4260
190 191 25837
191 192 1602
192 193 1959
193 194 21377
194 195 16198
195 196 4009
196 197 7770
197 198 490
198 199 15043
199 200 28234
200 201 24434
201 202 14065
202 203 1279
203 204 23777
204 205 4104
205 206 860
206 207 2938
207 208 29570
208 209 1586
209 210 18936
210 211 13977
211 212 1675
212 213 23591
213 214 13872
214 215 21998
215 216 29142
216 217 24227
217 218 221
218 219 8634
219 220 9267
220 221 14989
221 222 30560
222 223 30128
223 224 32533
224 225 11736
225 226 30959
226 227 10492
227 228 24203
228 229 16295
229 230 24108
230 231 10116
231 232 23922
232 233 17332
233 234 32508
234 235 12398
235 236 10730
236 237 11506
237 238 19094
238 239 24034
239 240 32262
240 241 29553
241 242 9690
242 243 23057
243 244 4296
244 245 4482
245 246 997
246 247 25974
247 248 4940
248 249 23581
249 250 27874
250 251 4699
251 252 3651
252 253 14975
253 254 26402
254 255 22944
255 256 13219
256 257 279
257 258 30320
258 259 27832
259 260 30877
260 261 29603
261 262 9630
262 263 26868
263 264 3024
264 265 12951
265 266 20068
266 267 20484
267 268 31676
268 269 6078
269 270 4971
270 271 27067
271 272 8569
272 273 17955
273 274 16548
274 275 29458
275 276 9128
276 277 28978
277 278 1502
278 279 15984
279 280 9643
280 281 7963
281 282 16280
282 283 10536
283 284 30481
284 285 27255
285 286 16915
286 287 2627
287 288 22356
288 289 1838
289 290 23212
290 291 32385
291 292 8647
292 293 3736
293 294 31593
294 295 13722
295 296 30154
296 297 22242
297 298 17618
298 299 9417
299 300 12096
300 301 22964
301 302 25090
302 303 17035
303 304 17219
304 305 28176
305 306 27389
306 307 12197
307 308 21782
308 309 22910
309 310 16708
310 311 29028
311 312 5978
312 313 31846
313 314 6823
314 315 8488
315 316 19845
316 317 7613
317 318 11867
318 319 13604
319 320 401
320 321 6627
321 322 14412
322 323 18015
323 324 16881
324 325 30924
325 326 18100
326 327 30718
327 328 31689
328 329 12127
329 330 1517
330 331 25542
331 332 17758
332 333 4123
333 334 32388
334 335 12253
335 336 11468
336 337 12032
337 338 31118
338 339 12752
339 340 24311
340 341 15533
341 342 32575
342 343 17114
343 344 15043
344 345 7366
345 346 9144
346 347 10596
347 348 9352
348 349 15256
349 350 5665
350 351 15304
351 352 11712
352 353 26368
353 354 9720
354 355 8282
355 356 25859
356 357 11912
357 358 12968
358 359 20137
359 360 25142
360 361 3796
361 362 14686
362 363 13826
363 364 25343
364 365 27709
365 366 29976
366 367 11574
367 368 2939
368 369 8379
369 370 17663
370 371 3997
371 372 7988
372 373 8456
373 374 19702
374 375 11099
375 376 17997
376 377 32002
377 378 1139
378 379 25826
379 380 13056
380 381 16210
381 382 10125
382 383 13241
383 384 15179
384 385 28747
385 386 15959
386 387 23675
387 388 15077
388 389 16404
389 390 11885
390 391 3106
391 392 20855
392 393 7178
393 394 2764
394 395 14469
395 396 20745
396 397 13152
397 398 5607
398 399 27168
399 400 28858
400 401 12040
401 402 10743
402 403 21268
403 404 6069
404 405 8407
405 406 31634
406 407 22382
407 408 21600
408 409 28132
409 410 27263
410 411 27308
411 412 21463
412 413 14385
413 414 21705
414 415 26238
415 416 28056
416 417 2957
417 418 8210
418 419 16073
419 420 6016
420 421 20920
421 422 27946
422 423 14065
423 424 22006
424 425 20937
425 426 10720
426 427 31832
427 428 31846
428 429 16077
429 430 29976
430 431 18978
431 432 20977
432 433 6577
433 434 2334
434 435 31292
435 436 28258
436 437 27234
437 438 8250
438 439 10140
439 440 25444
440 441 5170
441 442 1925
442 443 17866
443 444 1523
444 445 18814
445 446 21498
446 447 20895
447 448 27665
448 449 25229
449 450 28112
450 451 32588
451 452 29370
452 453 7100
453 454 26120
454 455 2463
455 456 24601
456 457 32472
457 458 19010
458 459 1666
459 460 30204
460 461 31692
461 462 27348
462 463 25797
463 464 2182
464 465 29820
465 466 18205
466 467 30493
467 468 27939
468 469 16368
469 470 5143
470 471 12396
471 472 21953
472 473 26805
473 474 4396
474 475 30018
475 476 27710
476 477 10880
477 478 8011
478 479 9892
479 480 16924
480 481 29461
481 482 20026
482 483 18957
483 484 26748
484 485 27239
485 486 21550
486 487 29363
487 488 17482
488 489 17921
489 490 9113
490 491 20491
491 492 29365
492 493 27556
493 494 4931
494 495 1423
495 496 20962
496 497 10034
497 498 19612
498 499 12223
499 500 481
500 501 30666
501 502 29777
502 503 14950
503 504 29152
504 505 14389
505 506 16669
506 507 27678
507 508 19870
508 509 9857
509 510 29922
510 511 19222
511 512 24355
512 513 3819
513 514 27640
514 515 16147
515 516 14511
516 517 7683
517 518 14020
518 519 5301
519 520 15088
520 521 7690
521 522 29069
522 523 17916
523 524 19319
524 525 9119
525 526 20108
526 527 11274
527 528 20333
528 529 28059
529 530 1602
530 531 32299
531 532 16002
532 533 31801
533 534 8719
534 535 16914
535 536 25127
536 537 9082
537 538 21759
538 539 4454
539 540 5373
540 541 7367
541 542 22247
542 543 22653
543 544 5773
544 545 23512
545 546 30129
546 547 29287
547 548 18233
548 549 10966
549 550 20724
550 551 17966
551 552 24690
552 553 20924
553 554 29640
554 555 18780
555 556 32044
556 557 19715
557 558 16600
558 559 3006
559 560 1679
560 561 22398
561 562 25784
562 563 12392
563 564 22768
564 565 19331
565 566 17017
566 567 30713
567 568 13567
568 569 8011
569 570 3707
570 571 16416
571 572 20802
572 573 155
573 574 2947
574 575 7263
575 576 8130
576 577 21412
577 578 7693
578 579 27663
579 580 7172
580 581 6441
581 582 10724
582 583 4517
583 584 13626
584 585 32735
585 586 28143
586 587 12083
587 588 10427
588 589 9497
589 590 21070
590 591 3122
591 592 24753
592 593 18596
593 594 23718
594 595 2174
595 596 11025
596 597 30704
597 598 16056
598 599 16546
599 600 23761
600 601 29809
601 602 13113
602 603 18262
603 604 13653
604 605 22853
605 606 7389
606 607 6214
607 608 5674
608 609 17431
609 610 7094
610 611 10261
611 612 25334
612 613 1347
613 614 3260
614 615 13730
615 616 7599
616 617 6971
617 618 10157
618 619 16522
619 620 4876
620 621 32041
621 622 12055
622 623 18670
623 624 11065
624 625 30934
625 626 26290
626 627 15478
627 628 13007
628 629 10186
629 630 17396
630 631 13461
631 632 12291
632 633 16309
633 634 3296
634 635 27151
635 636 6174
636 637 16909
637 638 22815
638 639 441
639 640 31021
640 641 20217
641 642 10577
642 643 5760
643 644 27641
644 645 8046
645 646 2213
646 647 9389
647 648 25145
648 649 27287
649 650 27815
650 651 14952
651 652 9479
652 653 14971
653 654 18266
654 655 4474
655 656 6033
656 657 29658
657 658 32647
658 659 30295
659 660 4625
660 661 5463
661 662 17236
662 663 8283
663 664 26879
664 665 29149
665 666 26904
666 667 24404
667 668 29828
668 669 27195
669 670 21102
670 671 16961
671 672 11315
672 673 27153
673 674 1417
674 675 7001
675 676 10996
676 677 11248
677 678 28871
678 679 1359
679 680 12096
680 681 2237
681 682 3208
682 683 19925
683 684 27540
684 685 22102
685 686 20288
686 687 26975
687 688 15135
688 689 6520
689 690 10187
690 691 21545
691 692 3774
692 693 3809
693 694 29185
694 695 1147
695 696 9771
696 697 20401
697 698 6539
698 699 21036
699 700 26994
700 701 5398
701 702 24309
702 703 30565
703 704 30372
704 705 24360
705 706 29443
706 707 3751
707 708 14286
708 709 786
709 710 23625
710 711 12815
711 712 5420
712 713 25715
713 714 23286
714 715 8153
715 716 6043
716 717 24068
717 718 16113
718 719 2084
719 720 3917
720 721 7546
721 722 25639
722 723 26612
723 724 4800
724 725 30382
725 726 18723
726 727 5501
727 728 27121
728 729 29179
729 730 29663
730 731 24991
731 732 14797
732 733 6631
733 734 6361
734 735 29357
735 736 1000
736 737 19462
737 738 14442
738 739 15474
739 740 20081
740 741 4380
741 742 9811
742 743 14710
743 744 2150
744 745 16514
745 746 12185
746 747 18813
747 748 32260
748 749 29387
749 750 21140
750 751 22865
751 752 29058
752 753 1958
753 754 15682
754 755 14273
755 756 11262
756 757 17158
757 758 1505
758 759 15338
759 760 6840
760 761 17793
761 762 20924
762 763 8373
763 764 19582
764 765 25590
765 766 24133
766 767 14753
767 768 25447
768 769 8819
769 770 8292
770 771 25795
771 772 20164
772 773 22102
773 774 28175
774 775 24075
775 776 24916
776 777 13234
777 778 26139
778 779 22472
779 780 6071
780 781 18932
781 782 2641
782 783 31854
783 784 8997
784 785 13254
785 786 16325
786 787 15767
787 788 3168
788 789 32307
789 790 10595
790 791 5193
791 792 743
792 793 2828
793 794 4299
794 795 5751
795 796 11373
796 797 29323
797 798 20831
798 799 1482
799 800 2185
800 801 10295
801 802 31129
802 803 15265
803 804 15535
804 805 26375
805 806 5795
806 807 5718
807 808 23647
808 809 10442
809 810 24097
810 811 19395
811 812 412
812 813 11462
813 814 10833
814 815 17668
815 816 18848
816 817 20896
817 818 31831
818 819 26495
12 50 28450
18 264 4787
2 312 22766
358 523 19127
212 225 26900
25 52 18231
16 25 24212
390 492 31900
187 595 15002
392 440 1953
163 292 20008
15 186 5922
28 39 1564
45 136 7486
172 380 31971
221 425 9453
420 818 8239
47 429 9567
6 43 7817
156 344 32443
59 652 9122
94 304 1046
488 655 31643
9 71 9407
33 405 21710
10 411 31535
186 594 21691
178 277 21055
312 465 24606
84 224 8561
154 570 8031
242 295 10097
48 642 16348
58 101 13846
601 663 1977
221 272 1425
61 488 21821
37 52 3207
30 435 25573
627 692 31046
423 610 175
508 638 3164
698 762 1108
115 250 20278
290 551 17761
371 566 403
792 818 3447
340 815 12007
87 336 17428
156 220 14606
88 298 18095
661 771 22488
91 308 6432
22 279 9554
101 505 2677
316 701 23776
431 615 27081
13 333 1918
33 51 17349
14 377 31173
9 31 11459
70 585 22665
349 744 9423
152 386 24352
2 6 31234
57 299 28351
10 58 736
40 70 4207
235 563 28102
236 330 7037
19 482 909
97 674 12411
82 303 27366
602 818 15659
259 370 1826
352 620 22508
107 711 18524
114 155 378
267 569 31817
10 22 21033
6 27 13841
10 14 21471
48 635 2302
152 461 23669
475 773 25834
331 352 13391
86 161 13490
51 279 17223
92 101 15891
602 656 29244
180 190 32701
293 524 31209
235 518 13705
195 264 1999
242 411 5129
143 260 2131
136 677 1005
14 53 4454
332 689 31484
91 261 27465
247 368 21383
305 382 7504
290 399 1189
314 632 17074
51 132 11416
678 751 20422
185 528 19498
1 180 27195
89 207 11493
43 654 5933
6 67 1393
13 194 22572
19 40 22144
272 438 27786
32 38 13
265 295 24201
135 434 472
203 382 23621
9 728 2922
313 390 10860
54 185 16131
13 56 21282
249 779 10300
63 116 7586
31 59 12874
418 630 27516
10 33 13092
18 111 24195
244 325 14325
299 459 14019
603 689 29859
301 577 14870
13 222 23384
217 430 16183
41 766 16964
112 365 13412
166 695 27933
527 571 15846
98 274 7429
75 622 25372
235 572 17619
437 595 16611
52 619 30981
217 481 28263
544 618 31159
275 555 15815
44 72 6771
465 539 21517
384 486 7874
271 469 19564
201 382 13238
247 488 18633
9 20 19954
448 797 1512
42 174 12504
82 585 21480
206 221 3804
6 695 17352
8 272 23608
140 456 296
8 174 25714
28 328 15246
40 198 18544
166 234 17614
148 466 3600
16 355 12908
519 579 11138
293 477 28169
458 469 18381
344 584 17729
352 601 5962
205 472 17286
136 233 5632
416 431 211
103 558 15135
152 171 9811
474 745 26640
151 514 17998
8 122 6859
633 803 22265
621 701 7807
505 810 14333
358 819 26285
19 20 14547
40 581 16441
30 454 10823
44 226 24875
189 201 12212
1 426 27416
567 625 21739
268 354 32094
115 214 29625
26 52 19387
117 327 16511
208 250 8952
1 146 30571
119 159 10377
36 46 11302
281 769 17272
103 265 15384
189 475 19456
265 492 26512
55 131 11409
108 198 12402
190 281 23106
87 766 23863
2 4 17367
134 463 30056
38 223 24033
682 728 18647
457 567 6058
138 226 9540
50 102 6121
215 305 22062
455 470 29031
196 539 30981
282 578 24365
134 765 9205
437 606 21709
602 616 26622
252 261 6871
260 737 26398
86 522 6317
237 269 7599
160 790 9258
117 473 10830
65 566 1237
504 663 25058
50 113 7065
63 543 26013
3 12 8509
25 26 20234
175 384 32013
150 169 27276
143 256 8818
29 374 29399
123 384 32626
611 808 24646
48 143 8003
154 188 13597
1 2 2946
20 50 19483
24 274 31658
267 415 8422
397 471 21974
369 456 25145
351 614 13565
44 265 27605
450 594 26665
219 605 6827
116 246 31573
326 561 22461
44 245 9710
536 767 18071
226 356 17469
46 48 19073
86 89 6165
1 185 8627
71 80 17054
23 801 14382
536 582 3097
129 532 7177
260 456 28649
6 188 15190
4 5 21069
423 526 22507
26 45 4742
115 244 30638
32 423 10087
254 776 6200
433 677 28029
12 142 8939
193 352 5453
70 100 6864
32 72 1379
1 10 20440
107 486 22303
325 500 6996
12 227 9862
126 250 22459
60 532 3204
186 513 31266
215 804 6235
46 558 32234
311 340 18488
499 552 17296
264 546 10790
586 797 10664
43 69 17877
631 782 4967
77 595 1259
110 409 21061
176 301 21217
671 674 4258
238 262 28309
62 691 31093
275 298 14104
37 188 32103
176 426 27237
54 795 20463
68 441 10235
60 267 5957
25 737 25244
36 434 24649
71 195 5016
118 165 17327
9 96 18283
189 260 23570
111 767 20123
230 692 17592
15 121 20250
17 89 26416
398 532 29077
500 522 29201
8 72 17271
229 520 32124
659 768 29067
149 313 12863
74 300 2177
264 720 20124
289 396 16322
367 435 12320
129 677 18517
281 501 11295
28 43 31945
14 43 2208
23 440 28760
112 788 26078
40 583 2758
330 550 27830
42 48 27557
522 767 12433
574 790 2820
541 755 29605
270 474 18105
326 586 29359
237 274 4797
269 618 6513
502 753 10332
265 311 5003
156 317 8996
425 705 9630
245 442 19410
236 281 10412
17 201 12469
98 789 30255
11 12 26690
381 518 7532
102 280 17857
170 370 27358
684 712 12645
416 657 12500
355 392 3124
229 804 27799
610 796 23923
610 617 26037
146 506 19112
118 456 19771
139 368 23626
749 781 16650
206 561 8367
283 626 31634
293 337 11232
7 20 29325
233 254 3675
290 635 18320
48 191 30186
59 302 17303
264 608 4882
294 364 13004
82 126 25293
4 93 26684
104 132 28560
178 412 2365
538 766 19909
3 114 3750
19 101 22333
48 99 15926
323 547 18003
15 56 18610
54 291 7344
114 325 18851
250 523 2795
299 812 11208
83 144 9602
189 542 389
27 61 26845
182 547 17151
268 387 12631
618 701 11179
213 637 11652
150 287 12144
63 119 16426
14 561 17330
69 293 5293
133 208 4826
260 332 9176
36 85 12606
242 483 24650
280 430 8311
117 728 2288
120 212 27257
517 659 1367
187 752 28700
261 554 696
436 693 16076
29 50 6667
314 499 28567
49 73 26242
432 681 17885
334 816 28994
427 484 3653
623 698 561
51 210 11976
168 406 3882
28 31 32497
9 120 31237
24 109 27553
28 66 25388
9 195 11252
14 37 22958
343 484 29992
123 209 29469
14 22 14729
6 7 9360
127 576 8910
83 105 25509
412 641 12913
236 327 29011
288 393 21224
251 419 2542
3 172 15047
283 306 23726
200 225 24369
29 64 29328
259 272 25892
349 454 24436
47 170 6533
2 3 2492
5 220 1526
94 380 21471
25 121 19676
38 229 20648
6 83 8477
16 115 13851
44 61 32388
292 466 19514
453 614 19911
66 110 27670
83 88 27554
254 366 6391
350 581 11405
53 116 8325
152 614 32491
83 121 20525
35 63 19405
244 586 32057
396 434 15006
29 41 10846
91 209 5705
395 477 20644
22 534 21188
18 178 2800
226 693 10240
64 69 27302
2 12 29611
158 318 24851
30 115 9548
218 549 15516
165 210 28831
554 705 2545
12 697 28732
326 516 2218
53 168 22251
4 8 8220
284 516 22579
153 500 11336
104 253 8463
42 45 25651
12 39 8129
20 93 21002
331 605 1602
57 551 10966
3 385 29889
121 727 5812
50 464 8746
156 506 31692
140 766 14003
54 623 28029
4 22 28889
115 593 20083
97 222 10075
41 463 20386
282 548 23307
44 91 3943
85 113 24986
7 159 814
4 73 20126
170 353 23413
275 457 12939
180 229 1288
439 545 8018
82 174 7105
14 260 12513
167 256 25149
215 480 11201
413 780 28470
401 575 11903
47 75 3214
250 488 673
250 417 3374
199 297 24664
297 330 30268
53 224 1080
200 479 3426
63 222 22665
91 355 275
79 366 15390
311 397 16659
34 71 11956
113 806 3252
72 166 28473
33 118 2425
264 801 29342
161 176 12326
374 571 6646
93 739 22379
43 57 17676
438 814 27295
101 403 23236
103 187 16464
152 575 13018
532 540 22415
340 570 1238
389 574 21573
250 741 11868
85 287 12782
683 791 22297
17 79 8590
521 651 17144
158 352 12998
484 709 4978
262 601 4418
46 94 24324
251 309 5891
187 227 29243
21 187 2354
309 818 20444
255 296 22649
51 126 11776
304 372 32537
96 335 19527
302 376 26165
335 465 9078
150 327 26890
193 442 10507
436 490 26632
134 307 16827
158 352 14101
293 504 5070
23 100 22865
169 254 18132
97 739 16955
129 237 28720
14 479 1802
453 454 1123
9 322 23700
24 64 13093
25 37 15638
310 327 10408
372 615 28349
430 764 22679
772 797 11976
22 140 18362
37 685 20103
46 101 20284
425 717 26294
120 435 8453
25 31 15070
525 698 30387
300 327 18879
276 467 23814
223 538 10487
20 52 3045
34 396 31066
133 497 16198
482 749 20157
84 400 8090
30 86 8480
243 375 2196
586 728 5756
2 312 29530
196 408 31644
57 60 1414
127 793 26574
2 95 22662
131 698 6738
226 702 1329
81 395 29126
338 426 28085
50 618 15628
25 26 13351
265 369 25179
123 130 22099
22 28 17516
303 799 6065
32 39 14102
269 401 18552
474 742 2990
15 112 9549
91 399 4862
135 280 3334
222 579 13757
786 813 12906
378 382 17859
107 259 19973
151 434 14713
90 203 14434
111 171 28714
446 452 20290
57 165 14662
493 723 10424
190 593 29112
647 739 27942
101 180 29144
36 276 19858
25 30 2978
82 137 32211
481 567 19516
120 427 29304
23 381 25843
160 209 28804
128 152 24362
188 371 20814
293 769 23550
702 721 18213
327 337 27530
224 755 32655
6 738 20742
195 342 17969
430 535 8259
144 330 22475
208 410 22059
11 89 30412
291 338 12619
345 685 7011
402 412 28823
482 682 22304
320 439 3563
227 511 18562
84 256 22250
261 674 21756
412 697 16977
26 50 24670
365 460 22754
135 141 28330
432 500 20572
19 137 6576
56 138 23630
237 705 5648
33 394 2979
246 379 15216
14 20 6964
279 434 12809
117 220 17606
276 281 7125
56 146 3904
134 577 23045
88 94 20473
408 731 32652
86 244 13935
298 420 10207
108 525 13005
211 648 21815
7 36 7420
18 87 15358
31 160 1344
195 666 2344
321 514 22667
303 364 20398
433 449 21000
53 64 27998
18 241 24724
161 390 29119
57 85 539
57 280 29120
217 322 28689
50 188 18783
38 283 8065
25 535 10392
94 427 23658
465 563 31540
354 696 31582
149 153 21330
10 214 3488
498 620 3261
18 186 825
367 627 29557
377 378 952
474 494 25066
113 236 20882
1 3 7136
108 116 5482
359 396 12537
453 516 17828
90 168 32329
216 431 21514
222 395 2195
562 574 11894
510 713 28915
370 777 16566
167 211 17446
221 647 21799
97 179 26799
252 453 16064
1 41 2692
100 262 29306
276 546 8981
210 275 28509
492 515 12988
242 266 23455
97 176 32002
329 386 25231
195 417 11064
38 616 29252
77 165 12628
221 236 18767
449 561 16152
220 324 9179
560 717 31716
23 291 5374
415 464 21965
117 326 1069
191 593 23748
440 624 12302
74 358 2296
31 497 20255
68 519 30649
84 378 15340
387 615 11396
4 9 24003
12 209 19451
381 671 48
16 497 9473
162 724 23201
719 754 16427
519 579 30471
213 226 10307
52 54 16711
674 803 16021
596 711 8927
583 795 17466
72 509 29966
95 487 23974
185 689 6484
30 310 18452
224 276 31534
231 257 20655
144 476 28506
188 285 27537
149 470 9220
54 124 7388
220 430 29355
41 59 20645
143 185 12194
321 532 20078
604 646 23667
183 527 15187
22 695 14743
74 326 10816
479 567 26938
91 462 7112
72 332 30720
128 317 6008
484 684 529
9 38 18102
338 516 6607
153 219 15756
443 577 25343
110 165 30707
69 184 20569
152 428 4728
225 442 27310
2 164 31569
266 539 20518
8 562 21821
196 454 32593
155 491 6079
631 785 21748
197 508 12444
549 798 13528
524 672 6304
175 553 29964
137 373 531
46 71 8278
391 597 4459
533 569 20425
317 546 280
166 755 1202
429 539 14211
66 656 25444
66 67 17044
153 275 17548
290 722 28248
109 348 5637
622 808 21666
420 685 17777
326 434 25022
5 92 15879
164 547 28296
31 485 12355
6 51 19084
113 670 13706
613 678 28918
247 355 15074
89 343 14712
438 791 17726
18 530 12925
119 610 26398
629 648 1074
167 234 29294
318 427 21585
288 307 25313
579 622 12478
616 689 31818
354 511 6979
103 206 30104
101 331 31510
420 811 5241
12 14 2296
192 231 9953
37 161 20736
35 167 7902
353 389 12654
389 594 2683
327 752 24619
171 711 1193
52 58 2225
762 793 23913
2 48 4752
455 480 26273
286 604 9433
571 709 24680
252 284 5383
101 159 15024
58 597 12359
228 481 7059
59 60 17448
267 445 8367
422 740 2079
619 725 30548
228 624 7012
7 251 31347
131 433 17160
16 38 22158
17 610 611
226 458 4887
28 45 7202
204 414 7687
7 171 5279
266 549 24971
615 773 32328
20 94 21787
126 305 16193
58 111 12893
279 474 11143
105 286 19358
11 16 20794
387 555 17606
494 582 15581
350 461 28945
20 23 22949
349 539 9975
94 247 30262
57 98 18696
123 700 28764
4 6 23973
139 144 10915
353 376 10458
108 631 17624
25 314 8914
14 169 11484
427 587 10890
164 421 3918
17 27 18397
62 375 2040
124 411 245
629 716 16390
187 354 1739
6 46 31850
190 549 6461
424 467 2301
57 312 20183
105 184 32063
715 793 13685
107 333 7614
273 650 22584
211 589 10645
38 72 27789
13 16 17789
143 189 2866
108 423 32350
181 204 15231
18 51 7029
50 84 1632
41 415 15446
30 133 5050
191 427 6530
8 51 20543
279 387 15938
170 566 4814
70 426 18689
290 770 32764
80 324 15210
2 115 20313
263 343 13799
300 794 27010
126 387 12888
247 310 26417
75 239 32
324 430 6334
396 457 30674
163 589 15058
42 87 10025
54 65 10293
73 568 9748
149 525 521
740 751 27632
159 543 16073
396 400 26706
14 30 9697
165 628 25835
718 806 16582
54 78 24173
93 695 3021
312 773 8311
4 34 51
501 631 5363
122 208 15895
30 531 29042
259 391 30806
34 87 19804
87 237 7560
272 355 16923
54 694 24712
441 570 4739
197 364 2136
36 82 2344
532 629 8763
125 751 21858
466 602 8791
109 347 15656
430 737 32328
66 332 3602
400 739 10844
100 611 25115
542 808 28029
99 396 7425
47 141 2286
37 468 3407
213 422 2150
14 560 26740
244 413 1073
36 398 31613
209 636 602
272 384 29248
264 397 17682
46 703 5411
65 627 969
163 490 25028
16 615 6581
426 600 32035
286 470 28612
685 748 15914
210 315 8478
270 789 1437
345 785 24781
241 396 21726
284 788 19487
147 210 9993
111 273 26848
14 212 2125
495 669 24449
11 77 21911
13 20 24768
562 770 738
14 657 25461
307 406 20682
340 526 21126
9 19 2621
488 688 11324
3 448 18770
149 290 19304
184 258 28341
57 65 26645
280 529 31018
393 480 8390
614 638 21264
110 475 24167
9 29 2546
215 609 29818
280 721 18561
169 186 19503
44 428 25998
295 763 1119
593 747 31458
112 289 2475
36 594 19711
103 299 4386
300 422 26930
275 435 25926
1 14 20865
347 584 26696
252 354 26193
715 815 24518
156 237 3044
255 485 23936
396 444 24058
49 128 13748
180 691 11823
496 545 16170
498 799 6656
184 243 25100
52 60 19314
49 336 4646
245 583 972
450 456 1574
158 698 29163
178 579 8417
13 429 7702
198 516 25315
162 179 29532
376 740 10653
488 633 13026
497 526 20250
34 64 30635
211 367 14337
89 245 29117
333 716 22340
417 505 13754
346 361 30176
376 523 31289
158 794 29286
95 572 28296
185 371 32589
35 356 3750
87 100 30783
67 133 1672
261 484 1502
27 71 27410
150 752 17586
155 296 22849
36 94 20287
37 201 31874
11 159 13429
425 491 8999
150 168 23290
268 342 29809
3 11 26362
111 117 7607
228 569 15237
278 357 29832
430 450 29086
74 117 10712
20 234 28300
113 525 20127
74 99 28688
28 482 9329
74 84 16512
487 557 5364
54 764 7683
276 669 16710
102 697 1887
101 119 30378
23 449 26134
690 717 2071
78 97 16581
492 555 9348
86 141 4610
125 168 20475
1 98 24371
54 348 14818
132 355 2054
781 804 21753
62 104 21150
251 746 26107
204 545 16783
27 75 17384
285 401 6202
31 194 20828
452 650 26412
495 559 22663
80 250 23944
305 349 31648
181 359 15792
92 818 27103
76 85 669
32 47 3440
13 43 20648
321 459 216
142 255 1972
447 596 23230
461 523 1535
215 594 21786
239 356 12791
218 293 4413
306 566 1774
292 306 19494
94 582 29577
600 614 20259
133 255 10794
23 106 22196
459 556 25302
351 744 7714
28 118 19272
290 637 18510
158 179 19743
294 335 3747
150 798 15219
323 363 1325
62 151 12351
172 200 28484
369 427 14161
594 684 8787
222 501 10179
397 623 23700
207 573 3634
3 20 21481
8 28 6441
597 798 9485
435 809 26234
62 662 17882
288 565 11127
214 430 15698
364 378 19280
25 70 15023
125 257 22015
418 757 16554
12 129 28551
34 169 3244
120 212 4721
219 344 14779
2 6 20940
287 762 27948
210 775 32289
128 804 12170
572 723 11793
71 155 32313
29 88 30361
79 289 12978
537 562 26680
739 778 8815
402 507 32097
376 590 26339
489 747 23555
40 368 7954
532 632 28430
445 679 17566
657 707 15931
698 746 27757
330 710 22920
210 315 3887
521 809 31519
68 229 20588
23 46 32160
128 320 15082
2 3 15887
97 557 8060
413 739 18385
100 719 16297
220 655 3704
538 624 16290
171 184 19540
72 711 4996
38 72 11778
176 727 18906
171 675 4714
151 289 18898
311 477 9207
618 646 26034
359 580 15077
325 581 4704
420 451 8694
63 201 15142
218 238 19960
35 175 5360
54 114 11737
167 271 5821
116 403 15424
125 350 25845
235 675 15587
126 379 7139
179 510 24338
108 633 2444
20 26 11310
191 192 8585
153 397 1030
512 627 21949
90 182 16979
287 669 5370
516 690 20419
221 325 3314
383 712 9817
362 459 32512
58 221 1036
259 276 4023
251 417 30691
36 311 1847
80 416 29962
43 94 3251
40 512 29845
215 428 4528
132 259 14812
89 466 29158
353 557 22214
2 5 21193
41 712 25692
126 440 6692
91 380 22892
284 633 30027
251 320 19507
10 343 29393
230 587 3395
54 667 11972
433 498 14623
187 543 5597
163 497 27455
120 198 24103
25 303 30850
338 364 5122
202 266 20532
242 643 4257
61 730 10798
69 666 27453
475 724 19907
91 356 2237
44 260 20591
107 345 25994
352 386 31879
80 105 9146
13 392 28505
158 321 23523
161 304 15232
151 383 14636
21 251 18260
171 257 6522
219 257 2239
37 256 20689
260 354 30436
543 584 23349
66 448 24402
92 120 19125
310 472 4029
12 61 10090
291 708 18034
106 271 21896
261 344 27398
313 784 31195
151 249 32235
429 774 20286
60 154 18668
74 376 32755
416 527 29642
76 225 27624
65 221 1898
124 688 24898
321 380 28493
320 382 16081
274 400 31830
640 784 20534
310 345 7431
159 160 476
182 269 16047
57 567 24348
405 566 26706
11 12 14109
199 403 27429
278 559 21845
533 814 19961
40 429 181
98 185 12266
37 74 220
41 70 5157
93 107 19186
95 247 11191
46 647 16375
128 683 5000
379 440 9382
205 677 27680
339 631 16188
1 32 32200
236 394 25031
499 744 5916
24 112 10183
687 715 19758
36 208 25672
107 251 3022
202 376 14777
264 457 18831
607 763 10038
58 183 1689
24 108 3828
57 134 20090
608 659 26645
49 97 5220
377 697 532
443 502 16034
63 655 2684
33 629 24873
58 390 30128
392 466 20621
18 38 4590
61 593 11716
123 181 30673
65 231 8317
254 632 19963
58 112 30969
189 305 32178
228 504 13214
111 245 5271
392 772 10181
355 394 13242
87 726 22641
425 815 9914
354 434 14569
25 709 7606
5 9 4215
655 656 6968
315 560 20404
537 653 859
79 323 28450
99 390 27617
35 85 8720
98 112 25850
64 518 6648
255 283 220
644 737 5583
478 648 29829
153 262 22024
119 589 22080
63 283 6455
386 693 20161
7 9 20114
136 607 6132
233 523 714
205 712 28877
98 315 241
46 114 20423
397 696 1114
17 611 9683
57 119 31179
249 671 466
19 46 32077
241 552 26892
78 261 20347
50 55 21262
29 393 14380
196 416 30712
75 148 1470
10 368 5680
93 159 24434
118 255 4318
320 336 18077
412 721 23244
55 73 13715
213 469 6530
33 103 7321
273 448 23210
13 160 23625
137 577 10789
61 315 6685
675 751 24930
253 619 14118
82 201 14530
145 583 6688
168 570 2622
13 16 13654
28 102 24710
11 22 1561
392 642 28751
204 340 3764
63 65 400
136 737 19751
223 242 11472
518 603 16400
8 167 13545
417 781 30848
306 380 16315
3 224 21182
67 84 20678
578 616 2330
381 588 16042
10 29 15201
385 544 30972
9 263 2712
55 145 26095
58 276 23545
157 330 30659
30 52 1910
296 391 26614
547 565 29994
114 135 23214
398 443 19064
255 549 5849
114 550 4815
227 245 4074
103 112 6479
79 83 17476
43 124 16319
66 230 32694
366 771 21645
22 274 29579
142 144 3293
182 676 24098
19 398 10443
175 355 14857
16 602 14181
60 204 12555
124 568 15639
29 76 27067
49 654 31349
514 709 18006
177 375 2723
92 480 25116
184 423 22489
9 594 5739
17 46 18859
571 578 9026
9 170 25627
162 479 20212
101 142 8103
215 254 32569
61 202 25034
391 685 471
438 696 31409
163 611 1438
46 68 14346
577 764 13424
9 87 17976
290 398 1407
96 352 4188
201 738 19219
151 258 25830
494 598 16754
172 510 10158
222 611 3265
398 566 7117
15 40 12788
51 164 7845
66 113 15145
51 482 23257
97 233 29187
17 121 21801
57 256 31457
97 175 3697
37 209 12798
121 243 7474
534 661 2021
373 717 26223
40 52 19644
295 358 20689
332 404 29263
358 398 15938
93 409 23274
58 108 6017
306 679 24408
103 437 4705
637 805 24745
113 148 26286
101 158 2702
494 517 12018
529 591 29031
345 538 2438
563 571 855
254 348 954
58 181 26109
354 462 15359
359 631 25253
91 499 18760
42 193 265
8 277 9512
338 380 29947
110 118 25436
450 463 7566
49 499 15540
144 206 5279
80 100 11421
54 71 17353
148 168 26563
41 162 12320
30 115 6011
3 30 16469
279 691 22771
390 558 14603
162 176 20577
87 640 6530
195 592 32678
47 182 30441
58 69 19743
279 343 32497
50 339 4757
405 484 31355
21 70 30102
265 690 3955
530 709 405
453 722 11576
651 679 20900
163 202 4387
3 4 23208
43 109 14599
275 616 26705
295 304 30658
478 670 28230
22 71 17465
475 737 15419
216 488 21842
162 699 16108
449 596 15817
156 577 4414
50 595 4341
191 388 2022
224 558 13782
416 540 26472
306 590 6
177 511 26456
3 47 32352
516 670 22299
94 95 15736
80 660 30611
376 537 4162
117 222 14979
440 468 23407
333 452 25493
309 578 28783
19 790 20538
11 40 19228
148 164 17121
481 524 4464
245 291 17209
302 317 5853
111 174 18560
220 243 27933
235 432 17410
381 815 19092
260 347 4439
123 159 21147
244 651 7947
286 381 9799
343 516 7595
432 793 9365
261 455 31853
39 133 30457
245 276 16881
42 67 958
101 230 13516
273 335 12743
60 143 6874
346 528 8582
19 52 26505
577 654 11589
80 132 20638
363 657 14107
80 158 15910
26 32 5402
255 459 13703
306 337 23714
5 12 2296
723 763 29658
107 219 3009
21 444 15542
15 87 8467
406 577 28450
75 632 32353
642 743 24609
334 767 15218
7 40 4602
128 136 6578
19 98 3545
189 798 6502
360 370 16742
90 102 20167
235 404 31549
242 514 16960
343 396 14157
157 445 20029
464 536 18576
149 200 12865
328 527 8079
27 122 17999
457 630 1461
142 732 10945
82 145 13153
4 75 20512
263 493 15148
469 811 3998
58 498 28395
199 500 6211
317 765 13132
261 326 32232
113 211 15652
561 647 3727
283 348 32706
204 327 1993
260 326 13803
254 334 10529
238 792 30537
20 43 16825
19 421 19050
75 332 1713
286 332 10155
214 707 3299
288 796 31655
365 544 31769
20 50 30711
37 50 19153
53 98 30571
608 691 22818
207 715 30468
1 4 26207
95 229 14167
148 378 28816
9 40 4645
454 512 24029
49 90 32323
2 10 12144
1 308 12333
6 207 14982
341 410 20441
128 154 20385
96 509 27813
188 236 8480
44 100 15986
496 588 29089
173 223 28492
553 677 26612
108 654 11056
1 136 10649
55 536 7119
97 154 24048
39 685 21596
313 551 19370
20 33 5577
626 804 12058
606 666 19969
382 589 888
415 593 21757
241 290 4664
55 593 16585
243 369 759
61 244 17873
236 238 11196
185 343 2838
159 187 21621
46 277 12814
166 518 20981
9 414 8292
440 465 7144
83 489 28118
62 593 7795
4 55 17117
21 32 21369
93 96 1253
268 277 30906
477 600 29501
214 289 20304
129 419 25612
28 161 1579
581 595 13032
76 237 5280
16 410 15082
138 787 11054
399 508 29769
11 643 20470
4 30 4587
4 247 2468
2 8 21869
219 255 30398
613 634 20614
11 66 10379
55 237 223
467 563 24597
208 712 12209
323 807 12530
134 297 20677
287 770 24790
80 551 21672
430 539 27680
487 499 4155
444 617 14046
1 3 4063
341 396 28415
69 793 30447
6 89 20386
110 293 31813
48 173 7886
547 567 15101
14 131 13811
250 447 31418
272 480 31494
6 15 21772
238 328 13072
81 131 17873
95 243 22668
231 521 21160
522 650 28396
216 654 6602
618 775 31256
466 648 21218
129 351 7105
320 605 11465
116 138 12772
687 700 2342
85 188 30933
551 704 29532
28 302 30873
483 492 25179
85 94 14474
71 313 27948
295 610 9590
234 682 10305
53 551 5547
87 444 30209
102 532 13249
15 53 16134
228 493 9205
14 331 22267
49 87 16754
555 631 22825
129 688 10212
162 275 5134
165 241 13085
125 814 15763
23 214 447
66 474 12734
119 198 10528
1 45 31731
18 29 30694
581 812 28444
160 264 12814
107 573 11097
301 308 27738
84 268 12288
495 699 26202
241 751 3861
445 751 18829
373 514 5000
123 665 22855
4 43 15825
485 670 12907
39 75 29392
1 103 2831
237 808 9965
466 733 16807
243 443 17394
136 693 18513
132 375 4634
71 807 25674
432 644 7488
67 193 8896
8 13 30010
233 457 7033
320 618 21696
164 776 28425
127 768 15478
404 635 12679
1 4 30696
51 122 29700
53 168 24735
3 15 11834
138 309 6042
42 82 14111
214 382 26569
119 732 5729
449 488 9314
97 457 4614
46 64 11301
655 724 17046
122 701 22254
51 68 32150
605 632 1311
65 71 22863
349 497 24781
109 222 15876
496 805 11960
308 760 14378
16 298 24940
63 702 23624
424 466 2853
641 804 22649
22 31 23373
89 91 6351
420 522 6823
12 291 31500
173 245 9608
153 273 17249
349 553 17836
212 329 10046
13 750 5511
313 551 9296
222 528 21798
490 536 18754
2 125 23805
24 44 25313
13 65 13611
66 517 31662
359 646 22567
199 726 5375
151 274 24014
39 404 18503
47 407 18502
71 83 25629
5 6 32316
42 269 27663
7 22 13916
502 690 29548
79 113 17946
262 703 27276
11 715 31269
45 461 29501
3 8 26908
224 470 31834
9 36 8536
82 498 3512
56 206 14569
712 746 9459
155 307 13087
225 463 6334
16 42 28974
28 413 31676
252 751 3027
417 488 14618
141 220 4608
504 751 29780
463 498 19707
331 332 25327
579 681 25719
612 694 12824
60 360 7559
99 613 25437
576 603 1415
77 274 13050
288 582 13897
65 99 24437
209 305 4897
129 224 23938
468 517 30387
221 755 29791
603 661 22410
429 630 15908
15 19 32215
39 336 25801
186 526 3834
508 773 32708
20 40 923
350 550 32658
193 516 9080
601 695 27527
141 635 28219
142 754 11190
17 321 31476
719 818 31707
2 67 24580
8 101 17788
43 157 13221
60 97 20168
145 345 14670
313 437 14558
89 128 27300
52 676 889
132 310 19130
114 341 1337
398 692 26825
109 284 20229
709 753 13229
324 406 5685
48 554 20933
428 649 21634
41 91 10508
33 587 7669
490 614 12672
78 124 3147
199 797 8248
164 628 23682
195 524 949
264 488 18064
141 339 6732
171 593 117
88 632 4555
10 155 5407
292 555 2965
3 4 3299
75 810 17141
241 678 10354
30 443 6994
402 428 28813
251 571 14988
615 706 27640
100 388 14253
21 29 14920
312 744 24747
15 90 28071
450 457 14840
125 188 5801
59 125 12555
68 525 23745
466 671 5931
711 792 757
123 805 27681
6 13 11237
96 181 22686
5 507 24903
2 6 1653
153 590 8793
240 271 22786
120 324 23042
31 304 29253
159 188 26774
191 605 421
111 162 13945
3 12 8026
130 154 23573
211 284 998
13 522 8413
80 505 19753
83 206 13912
181 692 19189
268 352 30054
293 381 2861
514 757 21306
630 652 8656
508 730 4292
18 21 899
50 457 8827
92 233 18809
251 680 18376
427 544 27590
98 455 4230
143 299 31612
31 454 29773
307 544 14380
161 270 29316
2 55 5280
230 413 17261
570 590 27873
57 302 16806
228 644 25580
248 367 12513
309 370 10659
184 708 12718
165 798 23005
467 774 23479
584 702 19358
267 317 28351
62 210 5092
262 750 8250
56 152 16777
246 739 3686
165 493 37
529 591 8990
171 229 28161
97 350 32744
428 708 5486
69 107 14827
91 661 13349
151 287 1996
11 33 23414
91 185 23723
110 454 2674
238 591 4780
68 498 16214
301 304 3286
12 183 12255
325 363 27447
57 813 28748
155 207 23933
215 356 24380
124 176 8074
42 248 16558
29 45 2229
326 618 7367
256 494 8624
13 163 18219
3 7 15942
28 119 31247
128 410 28534
33 219 15433
106 124 6036
592 747 27661
195 411 19828
447 683 20507
33 426 23757
155 217 3968
262 448 24920
15 151 29761
71 184 1875
484 568 30600
440 564 14196
423 495 22053
78 447 11628
167 175 25222
580 814 32650
73 128 1395
602 707 17191
379 439 28978
98 215 3286
129 478 729
130 138 23697
332 652 15356
422 691 25948
127 136 13056
438 652 23832
215 376 25256
448 807 27764
540 732 29129
394 547 16447
659 719 29220
319 436 29842
42 362 16844
445 709 26499
123 224 15532
7 23 17498
121 559 21517
28 111 6540
428 677 33
564 804 23267
188 576 25600
233 659 7831
394 402 30373
140 223 32585
41 47 9151
81 137 9762
110 260 11642
327 476 26489
224 435 13450
362 666 25049
339 502 15900
248 732 569
134 490 26495
269 558 448
360 698 17820
152 636 12406
459 712 17050
265 292 32161
552 722 13887
500 612 31185
303 547 1518
410 420 22456
179 235 24406
209 584 2155
37 48 11556
632 802 17565
590 762 18271
357 682 30703
4 576 10549
175 192 25713
198 343 13405
288 446 17376
328 427 20067
37 539 31052
132 212 32372
713 767 24869
387 531 12925
634 678 18149
141 625 2247
96 606 20178
215 622 30547
113 130 1923
9 634 31893
208 627 10807
80 172 15734
254 430 8738
632 666 8850
21 96 4654
18 95 15156
311 705 3561
567 579 30339
225 631 26016
334 347 13266
17 210 3787
599 816 20765
6 462 10584
96 534 19211
226 415 14204
53 657 17438
60 340 8460
405 420 28873
58 456 23702
19 55 1195
68 131 26537
94 771 24866
2 67 25868
82 106 32748
504 592 4830
347 665 29845
105 372 9166
204 551 30181
93 160 11754
106 783 15493
143 809 9917
91 534 13975
193 459 6057
54 631 10230
137 556 9936
17 92 23895
461 738 4061
469 762 11398
51 443 1415
608 665 9837
207 303 32697
117 198 12205
132 796 912
204 604 15088
317 637 18867
54 77 11320
225 698 7351
26 46 3808
213 482 11402
25 114 20483
258 311 13587
300 595 11652
86 224 1428
189 536 3573
236 288 878
401 593 4101
545 809 32333
189 372 24641
61 127 25844
286 412 23115
376 593 28956
321 507 14042
543 741 1567
756 778 6679
73 86 4456
219 616 20023
144 346 3297
357 427 25698
3 568 8922
356 402 27208
5 684 12307
79 220 27892
1 2 19444
263 503 12727
379 805 26653
160 477 29767
188 369 20434
52 275 9571
45 379 9447
43 189 10141
74 301 15166
429 646 28697
215 760 13567
140 665 20319
38 269 20730
49 409 2709
3 109 18954
124 560 26552
124 237 16713
97 393 28600
90 280 18031
61 768 32626
465 466 30911
245 277 23817
304 404 16450
546 708 30992
227 493 4681
47 82 23409
76 135 25966
196 799 2603
17 42 14463
32 292 3122
98 474 11558
215 470 5393
166 219 552
87 129 30249
34 651 652
430 673 14491
570 603 5646
87 636 20292
130 238 21667
53 817 12878
3 21 8707
496 698 32325
215 699 14194
710 786 28341
112 190 28979
98 476 20664
141 303 633
28 107 25597
235 458 11692
186 221 8497
520 601 6232
192 721 4817
252 792 6442
59 70 27082
572 593 17341
494 542 18808
298 420 18727
228 717 32476
474 601 21901
92 569 1324
653 815 12834
144 194 28156
498 625 28758
89 153 3516
40 210 3631
496 637 15673
136 226 11509
569 798 10084
104 156 27327
24 744 1683
114 268 1155
101 185 30443
9 30 27056
4 55 11198
19 808 11140
159 792 29694
45 52 407
144 174 7703
30 83 19026
148 170 1483
402 717 18764
160 168 30438
166 238 16070
53 377 9697
432 507 6838
21 83 23509
167 739 21288
678 756 9543
163 316 6361
138 264 27568
11 23 5720
56 194 28634
231 590 25884
53 87 12127
38 533 16702
96 137 27116
79 170 4063
460 464 19232
188 344 21870
493 684 17433
143 492 4156
182 492 27656
545 736 24863
66 119 24939
151 207 20252
231 386 11708
90 430 5198
693 751 11185
7 10 4477
73 122 29802
189 618 4909
62 443 29211
339 421 19970
85 161 30478
51 82 12753
49 69 11802
362 375 14779
32 586 30179
118 259 1307
160 344 19062
136 162 6198
31 125 22822
70 251 29927
7 166 18608
109 483 6853
121 217 13329
493 640 15219
213 438 24729
248 356 23313
305 790 26646
252 382 32273
314 349 30259
16 662 15583
599 671 25691
156 544 27408
172 200 455
538 545 17184
45 132 15734
97 551 2279
159 187 17991
52 601 9279
94 97 6506
29 31 8867
251 638 29157
23 56 10662
123 179 11233
429 501 32146
149 361 1267
217 384 9873
9 526 16042
516 669 17455
22 194 6909
34 60 4631
38 118 628
37 59 21072
92 585 29220
85 307 4213
30 135 9164
107 742 20111
347 556 19645
106 664 30621
204 534 24660
6 63 15605
17 38 2345
194 195 6910
655 744 6213
301 310 30445
79 118 3062
39 481 27284
18 532 6182
79 143 13415
282 350 22583
26 46 12595
44 288 5837
24 614 4682
66 814 29216
323 368 32272
174 393 9111
257 379 16928
121 362 26597
8 82 1424
650 657 227
158 244 20220
460 627 7379
185 321 1364
107 250 9940
45 60 9133
576 671 12974
45 783 30596
318 427 27206
329 814 15913
115 198 11597
81 141 8538
330 351 1040
633 801 15411
76 179 11380
51 201 18674
336 398 29820
68 105 11598
6 683 22513
359 432 7760
293 512 32515
731 735 21991
297 310 23034
393 797 9138
23 91 14925
21 71 20413
199 371 964
171 536 8471
345 496 28776
5 531 13203
182 184 30823
712 797 28431
115 316 19270
102 758 14360
186 391 31216
436 747 9413
25 102 2428
54 152 29206
20 118 13511
367 415 30025
217 260 14137
203 331 8665
77 92 9540
549 694 18466
440 462 10116
62 168 14818
166 612 29580
161 587 22803
121 159 10681
166 179 2764
416 458 25008
4 210 27436
72 108 14149
449 643 16510
68 189 10247
373 634 23316
24 81 5537
53 324 7313
319 455 23498
103 141 7317
37 230 10380
169 194 6659
160 166 15345
552 819 28520
141 645 28812
5 115 26141
109 172 78
310 343 22337
1 21 29094
410 625 23201
49 291 1767
83 398 8989
157 753 32347
277 439 25912
15 406 31640
153 206 4043
9 273 8934
5 74 2074
193 541 21992
106 432 20921
113 195 11445
89 232 24574
74 519 18730
95 705 4607
54 226 2596
86 303 23364
53 192 727
15 76 10928
81 91 32384
77 246 3680
117 156 21290
211 326 11872
40 492 26171
345 632 20873
51 108 7165
62 164 1777
206 645 1899
176 584 5026
18 44 8675
5 56 14242
131 794 10888
117 189 3688
210 331 7045
270 525 3672
5 548 30566
64 194 18397
64 500 6977
27 93 20526
107 348 21104
76 126 3315
138 170 12032
4 18 11579
186 701 13862
86 95 20860
3 660 21079
202 422 1955
61 421 17625
36 162 8529
36 81 3809
129 598 23008
141 218 3748
291 620 3777
207 214 26331
222 278 18513
202 594 18349
533 663 19004
127 666 26113
1 2 10755
126 163 27293
328 471 20288
165 287 29863
119 325 5310
506 799 860
242 255 21122
395 430 18714
575 634 14418
29 284 7697
253 371 23904
30 184 4920
15 347 5411
528 671 5721
12 182 17030
1 29 15949
359 486 23026
443 501 17094
28 640 22495
58 59 25904
578 674 29934
67 496 14490
5 47 8638
176 522 21662
215 592 9210
751 778 9156
50 720 23373
79 83 14294
8 23 4160
65 235 28442
239 315 2101
274 321 19317
26 52 16629
21 177 14552
372 760 31630
242 521 12947
490 740 29038
120 342 20313
28 30 8
125 189 18973
45 125 5731
429 771 12820
421 428 3418
111 144 5749
28 259 7810
28 412 21209
13 200 14058
13 686 10055
22 38 14902
220 224 4939
22 557 16318
407 510 3501
212 485 14009
389 394 15008
13 132 32674
312 774 16518
164 323 14423
338 671 24472
464 814 1435
104 145 2834
596 665 24580
16 29 699
