503
1000000 999999 999998 999997 999996 999995 999994 999993 999992 999991 999990 999989 999988 999987 999986 999985 999984 999983 999982 999981 999980 999979 999978 999977 999976 999975 999974 999973 999972 999971 999970 999969 999968 999967 999966 999965 999964 999963 999962 999961 999960 999959 999958 999957 999956 999955 999954 999953 999952 999951 999950 999949 999948 999947 999946 999945 999944 999943 999942 999941 999940 999939 999938 999937 999936 999935 999934 999933 999932 999931 999930 999929 999928 999927 999926 999925 999924 999923 999922 999921 999920 999919 999918 999917 999916 999915 999914 999913 999912 999911 999910 999909 999908 999907 999906 999905 999904 999903 999902 999901 999900 999899 999898 999897 999896 999895 999894 999893 999892 999891 999890 999889 999888 999887 999886 999885 999884 999883 999882 999881 999880 999879 999878 999877 999876 999875 999874 999873 999872 999871 999870 999869 999868 999867 999866 999865 999864 999863 999862 999861 999860 999859 999858 999857 999856 999855 999854 999853 999852 999851 999850 999849 999848 999847 999846 999845 999844 999843 999842 999841 999840 999839 999838 999837 999836 999835 999834 999833 999832 999831 999830 999829 999828 999827 999826 999825 999824 999823 999822 999821 999820 999819 999818 999817 999816 999815 999814 999813 999812 999811 999810 999809 999808 999807 999806 999805 999804 999803 999802 999801 999800 999799 999798 999797 999796 999795 999794 999793 999792 999791 999790 999789 999788 999787 999786 999785 999784 999783 999782 999781 999780 999779 999778 999777 999776 999775 999774 999773 999772 999771 999770 999769 999768 999767 999766 999765 999764 999763 999762 999761 999760 999759 999758 999757 999756 999755 999754 999753 999752 999751 999750 999749 999748 999747 999746 999745 999744 999743 999742 999741 999740 999739 999738 999737 999736 999735 999734 999733 999732 999731 999730 999729 999728 999727 999726 999725 999724 999723 999722 999721 999720 999719 999718 999717 999716 999715 999714 999713 999712 999711 999710 999709 999708 999707 999706 999705 999704 999703 999702 999701 999700 999699 999698 999697 999696 999695 999694 999693 999692 999691 999690 999689 999688 999687 999686 999685 999684 999683 999682 999681 999680 999679 999678 999677 999676 999675 999674 999673 999672 999671 999670 999669 999668 999667 999666 999665 999664 999663 999662 999661 999660 999659 999658 999657 999656 999655 999654 999653 999652 999651 999650 999649 999648 999647 999646 999645 999644 999643 999642 999641 999640 999639 999638 999637 999636 999635 999634 999633 999632 999631 999630 999629 999628 999627 999626 999625 999624 999623 999622 999621 999620 999619 999618 999617 999616 999615 999614 999613 999612 999611 999610 999609 999608 999607 999606 999605 999604 999603 999602 999601 999600 999599 999598 999597 999596 999595 999594 999593 999592 999591 999590 999589 999588 999587 999586 999585 999584 999583 999582 999581 999580 999579 999578 999577 999576 999575 999574 999573 999572 999571 999570 999569 999568 999567 999566 999565 999564 999563 999562 999561 999560 999559 999558 999557 999556 999555 999554 999553 999552 999551 999550 999549 999548 999547 999546 999545 999544 999543 999542 999541 999540 999539 999538 999537 999536 999535 999534 999533 999532 999531 999530 999529 999528 999527 999526 999525 999524 999523 999522 999521 999520 999519 999518 999517 999516 999515 999514 999513 999512 999511 999510 999509 999508 999507 999506 999505 999504 999503 999502 999501 999500 999499 999498 
6053
1 2 13187
2 3 25584
3 4 10337
4 5 16849
5 6 18788
6 7 24178
7 8 26021
8 9 24551
9 10 22717
10 11 12761
11 12 11360
12 13 31018
13 14 13276
14 15 24070
15 16 22652
16 17 10025
17 18 17956
18 19 14494
19 20 24988
20 21 22863
21 22 32355
22 23 32270
23 24 14346
24 25 3595
25 26 13151
26 27 29645
27 28 28144
28 29 10029
29 30 14002
30 31 32737
31 32 204
32 33 23956
33 34 2520
34 35 22949
35 36 22302
36 37 6150
37 38 27015
38 39 14281
39 40 18019
40 41 10591
41 42 9022
42 43 8090
43 44 13639
44 45 14830
45 46 26913
46 47 14724
47 48 11799
48 49 24604
49 50 6148
50 51 20181
51 52 30069
52 53 11342
53 54 9158
54 55 21699
55 56 31055
56 57 11277
57 58 7648
58 59 10417
59 60 11282
60 61 10341
61 62 2621
62 63 25006
63 64 8218
64 65 9098
65 66 30285
66 67 23359
67 68 30574
68 69 22978
69 70 1621
70 71 23902
71 72 31658
72 73 18814
73 74 27913
74 75 1474
75 76 29244
76 77 1738
77 78 348
78 79 22113
79 80 211
80 81 24040
81 82 26263
82 83 3380
83 84 13845
84 85 2360
85 86 31400
86 87 10554
87 88 2705
88 89 32348
89 90 32445
90 91 16575
91 92 28148
92 93 5784
93 94 11794
94 95 3294
95 96 13439
96 97 5759
97 98 14087
98 99 20037
99 100 30904
100 101 22732
101 102 19062
102 103 28472
103 104 17760
104 105 8334
105 106 13635
106 107 1753
107 108 7078
108 109 22152
109 110 14389
110 111 8614
111 112 10650
112 113 13783
113 114 4612
114 115 29507
115 116 17636
116 117 11221
117 118 28595
118 119 21882
119 120 32182
120 121 28478
121 122 14111
122 123 14464
123 124 24063
124 125 4753
125 126 24537
126 127 26745
127 128 10466
128 129 5561
129 130 20017
130 131 19519
131 132 11878
132 133 15085
133 134 25747
134 135 351
135 136 1903
136 137 8917
137 138 16151
138 139 31077
139 140 19949
140 141 29678
141 142 19795
142 143 31834
143 144 9555
144 145 4399
145 146 15988
146 147 13450
147 148 10059
148 149 9197
149 150 29581
150 151 10123
151 152 2215
152 153 31996
153 154 27694
154 155 16506
155 156 2715
156 157 4375
157 158 24889
158 159 20360
159 160 3114
160 161 5249
161 162 497
162 163 8885
163 164 20447
164 165 31213
165 166 1876
166 167 7132
167 168 18877
168 169 22684
169 170 4523
170 171 26608
171 172 2424
172 173 32197
173 174 1119
174 175 15237
175 176 5350
176 177 11577
177 178 21518
178 179 14482
179 180 18096
180 181 21831
181 182 31454
182 183 24949
183 184 1357
184 185 14813
185 186 1809
186 187 15671
187 188 26161
188 189 23281
189 190 30682
190 191 4370
191 192 4417
192 193 6687
193 194 23663
194 195 21296
195 196 30859
196 197 25492
197 198 26976
198 199 15030
199 200 14388
200 201 24106
201 202 30759
202 203 4353
203 204 12977
204 205 26324
205 206 9472
206 207 10287
207 208 15674
208 209 23357
209 210 32507
210 211 6882
211 212 28796
212 213 30636
213 214 32335
214 215 14656
215 216 29071
216 217 19499
217 218 13553
218 219 18239
219 220 18215
220 221 3304
221 222 28005
222 223 28703
223 224 3854
224 225 16859
225 226 11221
226 227 4920
227 228 10194
228 229 6569
229 230 17760
230 231 19957
231 232 8891
232 233 25545
233 234 436
234 235 26401
235 236 4607
236 237 30181
237 238 31455
238 239 32609
239 240 1849
240 241 131
241 242 12130
242 243 11010
243 244 22040
244 245 5860
245 246 31367
246 247 22773
247 248 28500
248 249 28204
249 250 26357
250 251 11032
251 252 26599
252 253 6084
253 254 3970
254 255 9144
255 256 121
256 257 15101
257 258 584
258 259 19539
259 260 16668
260 261 4598
261 262 23035
262 263 14754
263 264 32057
264 265 11711
265 266 378
266 267 4310
267 268 21450
268 269 17854
269 270 21923
270 271 29219
271 272 32714
272 273 5714
273 274 6508
274 275 27771
275 276 3306
276 277 4791
277 278 28719
278 279 24220
279 280 17542
280 281 28202
281 282 21062
282 283 26956
283 284 26327
284 285 16461
285 286 12248
286 287 22243
287 288 1130
288 289 18636
289 290 13810
290 291 7179
291 292 3025
292 293 5697
293 294 27098
294 295 21956
295 296 24472
296 297 5205
297 298 3744
298 299 26795
299 300 2171
300 301 17704
301 302 2293
302 303 9595
303 304 22485
304 305 10740
305 306 13632
306 307 5844
307 308 3676
308 309 7917
309 310 25583
310 311 23611
311 312 23308
312 313 11883
313 314 28683
314 315 13923
315 316 18017
316 317 8010
317 318 9232
318 319 10410
319 320 24009
320 321 17041
321 322 24827
322 323 21479
323 324 13145
324 325 17491
325 326 15268
326 327 28259
327 328 1471
328 329 979
329 330 1102
330 331 32037
331 332 9336
332 333 14059
333 334 27773
334 335 12915
335 336 25667
336 337 23727
337 338 16136
338 339 5525
339 340 14293
340 341 17229
341 342 24174
342 343 22492
343 344 16590
344 345 9528
345 346 32109
346 347 31459
347 348 27884
348 349 8581
349 350 17873
350 351 11285
351 352 29566
352 353 5013
353 354 24971
354 355 31087
355 356 18204
356 357 3572
357 358 6658
358 359 17287
359 360 20374
360 361 31873
361 362 430
362 363 4302
363 364 42
364 365 12751
365 366 23522
366 367 9746
367 368 7674
368 369 25548
369 370 14057
370 371 2119
371 372 19133
372 373 23456
373 374 27733
374 375 19334
375 376 10164
376 377 23768
377 378 31636
378 379 21334
379 380 9439
380 381 1988
381 382 29380
382 383 26667
383 384 20594
384 385 15133
385 386 22984
386 387 17964
387 388 14979
388 389 14571
389 390 21404
390 391 2361
391 392 16645
392 393 4774
393 394 27109
394 395 6701
395 396 22521
396 397 8348
397 398 14029
398 399 352
399 400 8675
400 401 2194
401 402 24845
402 403 17009
403 404 27771
404 405 6062
405 406 7755
406 407 9538
407 408 26022
408 409 29589
409 410 12199
410 411 4163
411 412 7332
412 413 26320
413 414 3217
414 415 22516
415 416 9099
416 417 19572
417 418 12253
418 419 10149
419 420 25844
420 421 24322
421 422 15129
422 423 26496
423 424 500
424 425 28300
425 426 25630
426 427 17354
427 428 19534
428 429 16921
429 430 24805
430 431 14694
431 432 12518
432 433 10315
433 434 17820
434 435 19355
435 436 9849
436 437 31551
437 438 2297
438 439 18199
439 440 29836
440 441 7093
441 442 8911
442 443 13875
443 444 26274
444 445 10097
445 446 30943
446 447 27256
447 448 16306
448 449 28385
449 450 3568
450 451 16226
451 452 472
452 453 28159
453 454 10018
454 455 31333
455 456 24139
456 457 19577
457 458 23423
458 459 27694
459 460 24975
460 461 10511
461 462 16851
462 463 14123
463 464 12268
464 465 13373
465 466 12477
466 467 24397
467 468 26142
468 469 24091
469 470 17671
470 471 1805
471 472 29262
472 473 7041
473 474 8755
474 475 32173
475 476 31041
476 477 1646
477 478 8534
478 479 704
479 480 7120
480 481 23979
481 482 25130
482 483 25324
483 484 12440
484 485 10155
485 486 29278
486 487 20975
487 488 17906
488 489 31926
489 490 32560
490 491 9696
491 492 38
492 493 15431
493 494 17726
494 495 22455
495 496 10203
496 497 12722
497 498 12953
498 499 27920
499 500 31954
500 501 27657
501 502 28444
502 503 12076
125 201 21305
162 465 29599
28 55 26651
59 148 29850
26 122 29222
52 89 16986
19 130 13958
56 157 17821
50 276 6251
106 159 10208
119 501 7997
184 473 17922
364 432 5305
10 67 31153
12 78 17968
383 455 10961
182 419 6991
277 292 30254
70 106 31295
168 361 26887
14 23 9223
103 331 26971
24 138 9572
45 50 28924
103 329 30627
25 321 21976
124 168 18972
29 290 1015
143 371 30808
3 4 24092
183 462 14870
213 486 15
82 84 29083
25 72 27124
234 304 29214
133 204 15940
112 148 31531
73 91 17468
51 449 18251
283 405 24285
52 355 15199
360 441 11484
3 7 20839
18 410 8196
43 103 5296
94 210 6916
8 31 16030
192 503 6815
181 360 2697
91 160 11179
80 139 31850
40 45 368
185 258 26957
104 234 30788
16 140 25021
81 199 15983
2 15 32169
8 135 20930
131 253 18032
394 503 2663
317 344 26395
306 425 7119
1 4 13291
205 481 23247
215 330 20930
132 234 17479
125 258 6934
66 319 16874
28 31 9064
205 224 4858
62 189 15231
208 322 7457
118 154 26573
187 358 19875
306 453 10187
98 355 11679
110 339 2101
25 183 27683
103 287 4961
366 496 30510
5 15 6707
36 40 22785
445 472 21845
235 349 336
213 253 20919
102 144 31270
409 473 19602
73 123 22177
240 255 25173
36 313 32212
44 120 4427
31 381 24172
270 336 23512
66 97 10216
234 494 8098
195 453 27787
38 64 19974
18 319 6992
58 215 26521
355 457 9091
61 237 16309
111 113 23502
110 241 28218
36 204 1247
166 235 17678
72 295 1006
259 341 27650
244 402 19404
3 48 16671
45 135 27460
5 45 5266
253 422 28149
3 311 7847
63 167 14570
117 300 29592
25 59 24224
10 20 3101
111 207 7737
13 493 2809
56 153 28681
276 360 1793
92 280 13767
67 226 7747
55 118 28414
328 442 16998
262 371 17056
25 280 22355
45 328 21691
170 193 13503
4 14 19399
29 139 12354
399 464 11016
194 466 22761
27 61 20463
49 70 20116
95 100 32399
82 301 28281
303 313 3445
386 440 15267
82 117 31618
38 59 17735
136 438 6817
161 454 9800
364 467 4205
54 132 24635
10 42 18974
58 84 6603
250 357 13144
267 404 31574
9 64 6070
134 136 22028
152 232 9504
50 423 16643
195 233 6481
230 287 13555
162 204 20246
15 266 15006
96 138 12335
77 438 18708
32 55 5849
62 267 18501
42 327 30308
85 208 8614
45 68 17520
191 243 11230
82 141 9365
127 449 24486
33 73 22187
165 473 29544
89 153 27633
4 50 2118
39 137 25018
308 344 20102
260 457 113
140 230 16539
9 19 21518
23 104 6984
120 398 20307
86 268 24198
86 296 15727
84 386 13883
176 221 7635
261 281 31459
17 138 29790
72 92 22964
73 322 3115
119 137 28912
264 371 13740
113 238 6232
24 244 14542
23 199 30463
69 463 6746
27 165 16111
149 161 32736
346 404 15455
88 435 32692
110 195 10602
41 62 4856
164 217 14471
71 347 15784
108 152 22321
54 98 25880
11 183 6020
8 65 18283
13 428 19121
178 285 9964
337 401 28580
25 171 4687
29 41 38
229 456 20290
90 188 11362
31 229 24285
12 144 1956
17 41 27593
388 470 23188
70 219 16441
86 164 3692
41 98 13838
8 11 16852
3 8 32183
11 26 25452
197 302 10419
210 378 30507
10 38 10937
218 502 17174
43 107 4337
185 419 21764
23 467 4299
157 323 30310
95 208 22608
18 29 1103
155 298 18432
148 299 4397
41 111 676
3 18 755
286 305 6542
36 482 23459
13 149 7242
122 203 21370
361 487 2216
133 175 13100
4 168 5283
155 168 16887
2 118 7579
312 455 28265
15 114 16593
158 231 27193
75 155 20268
71 486 4226
421 436 688
68 127 27446
75 165 9776
29 123 22450
31 238 20503
88 364 29617
5 151 30572
66 76 29458
187 432 5712
290 345 5165
295 455 20398
383 449 27562
139 144 13781
78 250 535
114 141 28203
2 12 3252
167 472 4683
72 85 14382
50 412 26907
149 230 22323
219 364 29379
196 267 8245
399 457 22674
60 108 19636
252 255 11823
1 427 12763
18 356 9121
90 189 7522
74 161 24609
296 353 13034
5 334 19373
282 410 1360
66 105 8651
60 97 1198
9 497 21006
41 396 25857
13 165 819
141 213 10920
144 192 5099
99 118 24891
99 443 16565
360 392 30323
419 481 14420
107 362 5645
102 250 28863
104 269 1270
31 67 3233
34 39 10526
56 84 9671
174 307 30922
317 326 27401
217 271 18232
5 11 16527
86 351 7661
40 187 1925
89 273 22804
67 252 28316
77 79 25256
27 77 16102
76 325 31591
238 405 4339
11 383 20925
28 113 17461
174 211 1580
242 340 1814
78 156 31189
76 89 18506
16 32 12082
28 369 6718
114 196 28200
70 481 30639
116 215 5097
370 404 1241
14 30 19565
3 10 27318
85 221 13929
157 177 21062
297 471 29700
46 334 25561
156 319 14787
15 89 4815
110 230 23137
6 233 30801
92 164 27019
114 129 8166
157 237 10427
210 349 32504
74 107 22693
23 98 27811
188 314 3829
23 79 24931
169 434 9039
2 12 7806
460 489 30668
270 420 11067
319 355 8303
8 132 27208
23 162 2626
330 415 29660
55 101 3614
106 405 29039
1 25 9289
390 398 32304
14 153 1395
188 344 7026
103 491 15027
20 33 10956
4 14 16788
9 25 10146
56 264 19033
171 307 6219
131 293 1530
2 28 29466
101 158 18058
7 113 3562
28 67 12292
138 160 12032
100 428 12470
297 449 3172
38 331 16319
109 190 765
16 125 17755
143 176 8464
20 326 25587
37 429 22521
64 97 27182
292 377 22328
265 315 21873
181 210 18203
125 367 18829
127 187 25531
458 493 3482
43 54 26880
78 214 18212
39 77 26341
303 499 9267
33 247 314
30 119 14814
151 191 24717
5 102 24679
76 305 16907
132 138 5902
1 6 12912
50 99 18717
312 487 9314
154 294 31454
15 104 19661
238 381 16507
134 359 4118
410 449 14839
168 195 24897
19 493 30394
443 463 20576
82 358 26736
65 428 14308
115 502 16427
170 454 4254
242 396 508
1 85 675
167 204 6793
25 152 23878
85 370 8015
127 191 19167
154 333 28033
46 236 25896
198 216 25808
21 80 21831
138 233 21119
237 367 30440
2 30 5765
224 233 6130
12 31 28602
103 110 30393
86 158 32058
337 343 7872
50 246 12930
304 361 18526
206 410 2291
14 88 31217
292 459 29896
241 391 26974
303 320 23700
15 137 4870
120 236 23021
175 394 14214
184 386 11983
254 325 983
314 469 28367
268 478 8100
301 418 11341
83 352 19445
140 196 22801
128 405 12417
297 443 18207
13 45 65
8 74 8618
151 312 19999
3 63 8038
19 168 20685
140 212 26288
294 405 307
84 455 28992
119 483 242
150 364 101
21 35 7909
148 194 13302
104 148 11698
62 67 25986
308 459 17606
105 223 22116
80 105 32335
17 123 23234
3 5 25873
37 85 17575
137 161 6955
63 172 14770
74 141 24358
18 296 8973
27 105 1762
105 425 23223
92 161 24643
43 139 27193
88 177 13733
5 16 28255
33 42 2180
158 339 20629
12 74 32473
21 44 20972
51 56 4125
121 229 11516
6 213 17648
74 393 11037
27 110 26837
205 379 16040
1 2 28550
123 344 22335
80 399 6085
24 52 1625
306 461 5055
225 270 31092
101 401 17234
28 303 7366
49 78 26335
286 296 13378
212 456 12648
4 7 12872
26 218 22313
403 422 23135
15 41 12792
68 485 9156
11 165 26365
43 305 8890
82 252 12723
2 203 20696
314 407 9772
253 401 11212
50 96 28935
382 438 8010
18 210 26014
19 32 23072
172 333 7002
6 124 22445
128 154 295
172 188 24096
254 272 14981
40 53 18260
90 105 23461
419 457 27938
1 12 17043
6 121 21371
192 428 26974
112 252 31154
188 488 12730
77 334 27059
58 85 25752
90 132 30496
186 209 153
2 288 31118
13 232 2168
163 379 29773
41 111 24243
161 189 25483
137 141 28191
259 280 6577
68 132 30508
106 239 2371
24 80 26626
402 497 22192
13 138 14786
140 234 27348
78 405 30601
125 427 18974
204 361 25614
44 101 32142
190 496 14571
11 120 12815
112 131 18171
132 213 10204
107 172 24904
405 423 28388
87 191 1157
56 89 3700
222 263 11016
346 418 26002
158 198 16822
326 401 7874
69 89 19570
195 392 19764
11 13 2270
168 292 657
16 57 21647
26 501 13267
211 270 22545
118 136 26874
50 106 2625
75 346 18036
89 408 6118
12 133 20625
32 83 10654
128 238 10339
1 143 30317
35 400 16078
89 128 7058
52 75 26046
333 359 25201
3 317 4281
194 211 948
244 439 19780
85 200 8943
82 123 20696
98 190 16487
62 289 15710
163 471 18133
48 223 15965
65 244 14644
87 226 12397
143 283 26878
39 70 29067
166 211 5990
7 153 5206
305 426 1133
131 239 18793
42 297 17639
211 383 14667
11 393 21705
356 362 3754
314 379 19802
181 236 25563
93 181 32537
255 259 30683
123 362 32121
280 340 20028
101 180 32448
133 312 31437
134 151 23728
323 433 9431
15 44 4795
48 278 5957
10 259 23801
278 452 18965
216 305 10009
32 34 1761
55 167 23801
177 200 28008
2 19 30394
165 369 32333
94 124 22619
124 421 16795
179 214 24907
402 447 27559
284 451 25196
105 237 24157
23 45 12672
2 12 24110
230 482 18168
37 41 6411
125 395 20371
136 470 818
22 154 28003
217 283 24766
345 419 7165
176 293 25655
474 476 23050
174 206 27029
61 220 28276
69 107 21099
295 348 27099
65 458 13123
152 221 29988
8 20 11082
13 17 9266
2 18 14042
387 451 28721
388 459 25230
160 407 16119
66 177 18393
293 461 1387
71 397 32092
128 131 12533
8 20 29812
157 463 10323
195 476 27309
165 469 28283
37 60 28963
334 429 21070
29 76 25849
138 340 11321
67 276 23405
109 235 1831
197 235 18730
25 67 17491
68 143 24564
98 305 25035
198 355 3775
32 45 6602
274 476 4036
205 278 9535
265 461 19775
357 385 5644
216 388 28888
41 327 3556
141 297 31456
269 344 7385
88 149 5613
20 46 24303
4 25 20600
6 93 4696
64 289 18827
153 185 26658
109 170 32419
185 285 20345
401 469 6223
107 224 32719
114 138 8245
184 306 8332
139 143 18046
37 121 11535
1 195 5602
323 357 10786
267 299 31943
52 414 32318
65 422 14123
14 495 20515
103 488 14423
6 163 18361
410 502 1163
233 401 31536
206 252 18978
125 184 18138
6 22 18145
110 453 22587
101 248 29039
82 160 25908
57 158 18464
18 20 28259
130 354 23972
68 98 6155
14 126 4406
187 295 10005
119 392 9044
227 447 6166
20 444 22841
284 352 9311
5 484 28806
60 465 28024
143 266 4568
108 161 407
33 102 3143
97 174 3067
441 487 15615
12 26 23084
8 106 28017
4 21 31630
30 47 30668
23 191 13003
8 171 29885
12 40 18688
200 229 26289
182 200 8373
306 375 5639
42 173 15102
57 73 28394
77 122 19295
154 248 31968
12 243 1866
92 100 26914
79 82 9291
344 476 30809
226 234 1085
248 410 14688
49 374 28965
109 254 14861
25 219 4735
63 459 30774
214 392 1057
71 432 13423
346 463 15108
191 220 6444
427 482 16019
13 241 9301
174 219 15690
53 458 14954
305 373 14799
40 340 4549
257 420 2512
268 393 2469
185 353 12866
275 289 21503
22 118 25817
131 479 27211
253 312 4305
1 7 25802
39 72 11617
66 286 18673
291 488 11889
143 339 3842
208 232 1120
136 333 18428
357 490 11783
117 499 17506
167 179 20541
70 285 12686
153 162 2177
5 20 9870
12 480 22677
109 486 23219
21 73 10036
147 232 3939
55 404 30253
482 486 25548
35 140 10360
10 14 9346
70 163 4916
84 105 570
121 204 10882
177 192 16921
40 142 30652
209 220 16206
249 276 14465
10 33 18676
115 162 7802
47 126 22641
35 73 13819
50 329 7109
189 200 3517
87 317 11407
146 296 25704
12 64 22447
72 147 28844
71 91 25288
37 38 24335
179 192 5143
337 423 27844
18 143 13913
229 340 10528
27 435 13742
82 198 28560
248 375 5063
8 411 10771
156 225 8378
61 65 28841
15 27 29517
128 261 13375
89 202 22180
76 135 25585
76 460 7304
130 309 29118
8 140 19143
126 272 22539
71 188 16224
298 418 21375
40 59 31350
248 439 32029
56 130 3641
175 393 24235
11 62 5198
229 242 4041
175 219 17754
14 40 29757
123 439 15037
59 89 25704
3 104 19357
244 370 28380
33 240 11730
234 408 3720
118 276 22616
11 276 13051
82 338 26695
151 296 24744
45 188 19082
136 199 3380
195 391 31691
146 356 16434
142 215 7497
314 347 31456
33 44 14484
63 126 2489
113 257 9579
370 400 14586
68 79 27685
51 341 371
212 216 1138
374 391 13621
71 123 17243
27 71 3065
271 386 31933
93 147 15707
5 310 7102
2 11 11068
28 170 4844
3 12 2280
4 67 20485
202 439 31690
254 489 10388
91 320 30950
284 335 19434
262 347 11843
22 90 31779
154 416 10762
242 397 29487
82 102 14613
67 156 14869
194 353 13583
97 356 10224
81 132 15999
28 30 2903
87 196 14674
12 156 31786
21 488 25284
5 43 19707
19 77 3503
30 45 23180
314 426 3758
7 206 23837
2 53 13210
349 355 12925
61 323 23109
6 92 10516
1 7 26752
136 272 29549
1 4 7120
162 466 26845
17 18 29024
267 300 25439
98 153 22284
117 214 13251
16 66 31908
279 498 7350
9 42 2219
89 120 23123
109 444 13892
91 292 16191
142 174 2576
33 85 12671
194 259 27165
6 76 8319
88 300 2376
172 497 15120
84 492 20622
120 342 1854
62 64 20810
62 303 22352
25 96 24916
106 361 15955
2 4 24178
344 458 27640
113 198 18599
12 67 2738
36 37 31547
227 390 11351
9 31 23189
22 247 20658
2 31 24892
191 298 28355
442 478 8349
155 307 29859
115 471 6757
187 417 15172
463 490 23951
2 393 17039
29 64 7802
69 293 32639
44 68 9122
55 253 26959
112 286 26831
51 84 5088
409 458 22742
217 239 21713
395 439 581
4 202 32266
24 69 17804
30 278 29608
51 69 15236
59 373 7299
61 323 2402
30 32 13268
7 14 4985
164 390 10139
46 84 4692
58 319 17106
52 62 1554
125 131 13213
19 65 29200
141 224 23783
61 81 16184
476 483 8248
7 9 11672
338 497 14248
121 436 28173
2 83 8495
25 304 25374
142 193 21453
133 300 13415
18 159 19519
178 293 25115
16 18 16951
344 350 28299
177 342 22608
377 378 4529
19 501 10302
151 310 20269
175 413 31200
13 15 16706
21 103 3903
64 434 2984
281 341 2219
2 324 16209
298 446 19301
109 156 5242
19 43 23198
64 408 21144
35 261 1463
102 240 5634
337 476 32766
276 433 29033
333 337 13666
302 413 15740
431 457 19667
19 72 21321
13 239 5191
76 141 32316
114 231 23451
193 293 14538
220 401 23240
11 175 21289
179 390 29996
134 362 1448
120 295 20174
88 503 14461
216 348 2536
260 375 2343
344 384 29214
16 216 22970
3 147 10279
86 209 4267
6 57 23516
178 362 12271
21 288 7136
166 370 8344
164 170 2399
197 221 3116
128 498 9114
84 102 28523
31 145 12855
495 498 19011
181 383 26258
39 293 32537
70 412 27516
4 8 10176
7 414 6189
28 55 28839
55 279 9817
349 496 31530
88 91 29856
54 73 28170
195 385 21975
48 74 18298
328 415 732
33 43 17985
79 245 18413
69 238 26587
169 444 18367
15 503 6063
280 330 32200
3 140 20388
80 140 22137
233 271 9405
48 116 3927
61 144 6802
31 96 27195
245 429 11952
94 288 26138
255 269 26953
150 397 29990
35 41 29383
37 51 23340
33 35 17933
282 390 20594
264 373 9624
8 144 1165
47 125 3516
103 310 31197
64 91 2219
176 187 15796
20 308 6415
11 59 2646
270 381 30295
311 348 14164
6 8 8721
164 424 20970
87 263 32733
110 273 6765
12 52 8671
301 501 17646
392 431 31170
20 201 2709
18 106 8865
309 430 9837
111 120 4721
403 445 5000
270 435 16839
10 89 7123
80 85 20240
50 71 19950
72 178 24200
231 336 5594
64 430 2721
33 68 18284
104 142 12440
85 113 15029
195 235 21341
259 424 31213
203 419 17192
46 219 15739
23 246 16973
180 497 24112
176 345 4131
3 23 20182
69 236 10537
150 220 26005
105 446 14246
76 89 4843
315 326 12916
228 242 26404
336 439 4031
60 102 18571
175 255 20439
123 138 19422
53 91 2154
175 264 3483
58 59 4798
47 215 1607
3 17 8136
15 29 27841
126 212 19249
423 438 8499
368 503 25249
22 117 8271
292 311 2292
12 475 29136
34 240 13596
33 472 13939
9 284 23265
102 143 14579
129 275 24508
359 477 672
35 54 26755
106 109 16295
1 3 7326
74 259 2103
449 500 16887
365 406 15091
24 28 8433
58 257 19065
252 422 511
176 480 746
62 108 24245
2 3 11696
274 412 7783
100 202 26873
118 204 31415
95 427 21916
24 270 669
373 430 14699
10 129 13004
81 119 11547
79 158 20618
8 446 13376
223 341 12364
252 441 796
208 432 25526
286 419 2351
181 337 721
26 460 26821
233 258 29339
43 253 8953
216 349 16177
145 402 15586
301 487 27208
303 399 19951
301 408 32440
245 257 4241
179 283 24633
2 31 1478
388 447 15018
171 482 20779
117 309 13942
166 186 30361
1 2 16376
9 306 25461
138 308 19946
209 458 32062
91 280 14144
255 323 7175
207 231 25349
68 186 13006
26 51 32011
72 140 16635
170 247 28820
260 347 20334
370 470 17985
37 125 217
77 239 13535
348 378 28771
71 212 19696
115 238 2754
120 326 13572
346 486 3413
22 334 317
87 485 13276
92 391 23186
27 54 10465
344 449 31402
120 453 22013
223 350 1897
54 63 2149
42 64 9609
69 210 21402
122 217 15312
6 24 32519
233 332 26816
39 140 27888
277 282 10967
98 300 6151
174 424 16318
135 340 21108
161 303 22767
6 186 11334
5 16 1212
88 176 8312
220 231 8390
32 39 12053
303 344 26424
173 253 12319
51 156 14952
16 64 15938
234 371 19119
147 186 27011
212 269 8339
97 352 16736
4 16 2457
28 59 803
253 502 28762
197 423 9301
26 332 22698
54 77 23185
254 439 7932
251 331 31018
147 292 17990
257 292 21084
1 32 8710
16 123 3342
23 29 4676
103 355 24891
240 285 26023
219 496 15530
4 417 23015
311 401 15996
223 227 11602
288 366 5036
55 116 21529
200 251 22443
161 337 15002
1 64 909
221 326 6634
8 23 31621
18 34 22089
35 294 15781
73 403 14151
8 118 26142
122 431 6081
44 143 31857
273 316 32766
145 225 6737
270 346 1687
25 393 18467
132 174 25841
144 223 13416
149 263 29293
18 358 619
171 216 17817
179 281 8715
135 163 7439
314 342 17796
81 393 31166
136 235 27502
288 329 4817
61 365 25216
79 222 3957
328 412 31157
187 407 19751
152 346 2775
226 441 31065
214 467 1707
463 493 31621
12 14 28974
3 230 10509
173 399 8611
40 108 3705
27 339 28004
124 446 20977
227 293 30125
12 132 24837
179 349 28642
17 100 20515
185 197 15613
28 198 7234
20 94 20515
20 39 28600
171 503 3479
35 104 12594
53 448 17025
74 103 4155
275 407 27455
7 170 1252
3 5 321
188 437 24677
284 371 19103
118 130 10958
94 146 29921
327 483 11806
36 37 29114
244 260 18790
135 402 26529
55 73 1716
100 363 24976
232 327 1281
190 407 4175
3 49 9050
58 459 13586
307 360 3312
73 212 87
212 309 24035
208 269 8519
105 121 9945
131 184 16649
247 421 10687
65 89 703
312 488 21586
149 259 11308
57 402 19765
77 108 9272
151 443 28355
84 414 19396
1 38 22242
6 14 10895
352 502 21885
26 39 19743
66 453 2929
19 204 20968
4 381 2581
18 86 21285
22 379 18332
117 342 26656
107 228 22278
182 217 13280
298 331 4706
124 425 12403
226 447 23686
73 396 27977
222 410 23434
113 318 7273
40 199 8104
99 111 23893
50 77 8791
276 322 1541
56 395 30642
3 58 2368
72 230 140
123 136 22320
50 164 30144
247 350 24
39 44 21922
79 313 19042
5 94 8857
200 257 9355
55 373 3655
122 442 12435
72 122 11985
295 468 27125
96 456 17435
138 433 26721
78 334 28959
282 486 20644
313 412 12710
55 92 29313
234 271 20223
96 127 11629
6 17 13979
25 297 20330
323 383 27531
33 58 2165
70 298 26707
7 441 4672
8 423 14486
114 388 7992
9 334 27268
38 391 21758
98 102 17930
39 303 21981
160 163 3136
172 333 31207
51 60 27523
29 297 9149
138 164 25910
86 190 26158
317 357 10284
218 265 18224
224 271 28451
117 275 8675
3 18 21720
373 413 19610
140 182 22425
1 11 2336
168 220 1123
62 198 13493
485 488 1523
17 234 31348
188 231 11851
260 293 17952
6 168 4504
60 118 11919
33 143 32649
4 114 22056
58 60 9327
297 410 9519
59 68 28085
44 75 5334
125 381 1441
126 496 21322
94 145 26713
81 250 10297
104 169 18581
182 295 32380
105 306 17556
33 216 8948
380 405 23592
258 391 29107
336 450 16115
145 365 8713
176 218 30253
131 142 30488
120 198 12171
20 97 7655
69 368 5924
11 159 17215
81 199 19547
9 314 15026
74 462 8765
110 193 15762
104 108 5600
467 472 9169
2 85 17807
96 191 20986
66 213 18936
428 476 16061
28 45 11924
407 481 14287
5 110 30971
24 310 16648
136 384 18152
341 367 23042
83 124 6423
1 430 30123
157 240 30018
56 257 19592
109 270 13291
37 146 15764
128 180 7858
79 231 31497
43 70 2663
228 403 5999
33 103 25628
9 14 31945
112 323 19170
16 208 15028
356 383 22516
228 440 14805
32 178 13692
94 251 4593
379 463 10299
226 290 19825
380 424 19126
347 385 8280
6 22 30905
430 486 20930
42 365 24655
338 423 7819
292 458 27004
83 253 183
7 128 14432
45 101 23206
300 370 1424
128 129 22076
10 67 30394
365 374 10125
405 411 5631
271 356 8098
376 486 4223
136 265 26487
72 132 5387
16 18 9288
71 117 4607
3 6 32186
234 496 15786
99 125 21390
91 162 22228
53 167 13272
30 44 29506
8 219 9211
173 493 4160
49 70 24010
52 67 32165
410 472 4012
61 77 13766
105 490 18828
87 233 21839
66 93 23039
115 121 15366
115 429 17897
44 89 31709
65 454 2688
239 270 11741
13 148 19591
360 363 7377
34 398 18707
111 254 957
27 34 6965
85 168 29316
63 345 1890
150 225 21833
4 35 18547
18 123 11115
241 452 9097
89 190 16692
54 361 8002
146 276 19342
220 325 28671
56 59 10074
289 359 20013
126 310 17988
289 447 19655
166 176 4383
92 115 13719
241 262 19507
21 26 15832
67 131 25607
178 483 24902
234 237 2439
347 367 10953
173 298 14998
229 251 31024
4 141 20593
124 336 13248
8 17 32618
216 383 13701
211 246 27619
40 311 18332
116 389 9878
80 284 8700
254 268 5769
50 99 26465
208 335 8512
127 249 15457
255 288 21002
103 440 17123
24 227 26493
211 290 14942
28 98 6783
59 137 6837
188 463 13420
33 128 649
91 129 12852
2 6 4948
162 382 20624
6 146 9391
60 347 413
237 419 25999
31 165 1650
107 108 23902
357 373 18331
100 142 6201
216 318 7543
158 286 28856
56 266 5615
95 142 12049
168 287 30462
146 478 26742
8 266 22014
140 366 31473
14 152 10685
118 411 314
12 282 20934
72 257 30517
27 127 14173
97 154 21273
60 210 32032
149 476 24686
35 143 14419
58 266 360
50 68 31543
113 159 28743
269 476 6657
307 337 32197
173 178 7240
428 454 27319
37 43 19212
66 344 10857
45 302 20379
82 230 26728
111 503 29183
195 399 26540
49 107 17857
135 426 2662
156 173 2592
41 352 22745
32 386 16143
37 236 779
135 149 658
171 428 27699
40 302 16986
138 219 8233
148 154 15276
180 208 29255
179 323 14323
298 349 17017
61 215 32407
41 378 20595
197 246 9445
133 350 28227
94 140 19246
60 87 6838
106 471 621
117 157 24910
117 224 6161
4 391 8377
84 130 28090
155 189 23050
451 492 24843
13 29 14878
2 374 11237
104 167 31739
96 401 8101
4 160 24072
19 47 15923
171 297 32104
86 467 2570
139 182 20970
297 372 649
5 11 2628
81 145 13341
350 468 31636
67 183 7215
40 109 2140
59 251 28376
19 27 8826
174 460 8393
82 115 10434
34 88 487
57 94 11334
115 339 17809
47 159 29305
167 174 7045
31 290 8353
104 129 2265
147 382 12897
93 355 4757
65 72 61
110 382 5056
276 284 31844
16 63 22276
149 445 15142
273 401 20532
3 56 10721
58 361 11357
188 489 21065
2 22 28455
32 140 344
82 90 2733
77 156 28741
104 143 23317
60 353 29526
314 389 16792
62 429 1393
205 237 21173
191 214 6307
73 228 14780
132 139 13101
12 25 10238
78 245 23978
367 398 28741
239 267 4716
21 64 24412
11 353 1832
108 124 2256
85 94 8577
9 279 11059
58 344 31768
24 31 4485
105 128 25897
137 188 32660
49 387 221
77 129 21871
212 474 2265
209 265 14910
3 484 20401
39 43 22814
255 298 2633
121 448 6871
70 420 14925
320 414 23935
96 347 15424
8 19 1899
209 258 16601
70 233 1275
87 105 11425
22 199 22820
8 12 18965
33 72 30413
125 317 14774
1 35 11595
95 358 26824
247 311 7336
406 407 25275
342 364 30335
167 267 23145
186 209 22153
62 147 8109
214 241 18995
2 173 11019
88 304 16600
56 178 19540
12 82 9837
14 220 10894
6 204 26821
118 193 29326
100 112 11196
78 293 7939
13 353 2785
119 335 32734
2 6 1914
32 35 24671
182 281 14331
36 54 12852
129 276 2627
104 491 18787
20 57 31805
210 256 18429
212 343 9909
135 200 10698
91 383 25734
380 391 16238
407 458 21609
88 110 9653
75 244 32265
128 262 12556
326 396 4912
66 233 11859
58 489 11301
4 96 4479
92 104 2705
151 262 32723
219 376 28807
16 27 26263
56 178 387
6 314 20622
309 422 382
53 327 15263
247 320 10855
71 87 7536
57 125 19102
58 353 24801
88 113 32584
314 333 16295
97 464 13207
18 51 17017
183 229 10837
7 206 14222
129 258 18774
129 149 25181
4 126 13982
117 275 22747
44 185 9565
101 110 16812
8 25 1294
66 191 17415
189 405 12127
20 183 17719
38 321 16809
56 381 22782
130 219 5407
129 148 24909
65 277 21766
93 397 3847
131 473 5257
82 84 6346
345 452 3598
62 360 24053
132 475 29713
123 237 7010
13 30 32757
80 457 9359
240 306 17739
203 433 3881
59 174 20601
64 230 14395
28 69 19916
350 479 20838
54 238 29274
12 47 2545
345 388 12863
138 241 15001
232 458 2073
58 175 3167
106 118 16330
220 231 12746
238 294 27380
260 362 18264
10 21 28579
100 117 6931
105 159 4640
97 144 17538
62 137 237
48 150 28016
47 205 22088
1 209 16704
49 340 17623
105 127 31685
255 377 19782
155 180 20956
33 173 30967
310 345 15664
209 431 14880
18 19 25080
4 270 19427
105 114 8336
390 460 19781
60 175 15926
138 186 26641
6 27 14165
419 478 12552
346 415 4901
40 244 8432
51 225 17289
3 100 7772
36 418 3438
109 112 7750
197 200 29982
17 492 30161
11 52 1856
27 71 8652
268 477 25210
158 291 6351
173 400 28408
2 41 17159
45 144 2112
75 155 32528
157 232 21268
43 103 15721
359 403 23648
141 289 17507
442 486 16218
79 115 11431
228 489 16481
123 158 10910
20 108 22339
27 365 21340
38 316 24300
301 461 19428
60 108 22957
244 463 18399
19 39 16540
46 163 31000
237 329 31169
2 60 9056
7 118 9221
64 97 161
19 182 14625
336 346 3913
252 474 25858
2 28 22879
48 183 12117
144 459 19667
276 406 32578
18 232 28140
26 97 27255
17 295 4838
26 40 30741
278 435 1047
67 252 21789
27 50 24118
77 111 15218
3 19 31901
160 201 19847
6 10 3994
148 376 14412
387 397 26409
65 364 23049
2 5 29871
322 415 18454
256 304 9870
11 131 9914
3 22 5805
370 410 11668
54 57 8515
78 348 14429
7 37 27528
30 88 14052
111 299 14878
1 3 143
81 286 17738
52 196 20172
124 222 3413
352 427 16177
27 59 7087
2 14 2372
19 83 11697
267 268 23832
213 373 3074
96 445 30534
174 252 24083
146 180 11251
26 485 11062
44 425 19925
406 489 812
20 57 14204
121 136 1608
90 181 11339
358 367 18808
12 131 5089
82 218 27859
249 252 3558
38 341 15227
211 289 21876
40 283 25076
230 310 12949
220 372 17471
193 234 7569
7 447 20319
296 353 2815
11 100 23053
112 444 26832
83 289 22210
249 386 29653
3 201 19818
201 355 2668
104 321 23897
1 13 19544
121 309 30805
12 245 242
12 89 11730
355 464 13356
22 49 18878
45 186 4140
88 92 19554
22 156 31839
2 23 26952
57 362 19535
86 242 22824
275 450 6068
374 473 28483
58 158 612
418 458 7361
393 406 5684
374 421 27876
152 201 10740
37 44 6955
49 62 30711
198 448 16582
264 425 19446
49 165 18654
46 228 25390
121 215 29605
23 52 2813
123 365 15912
39 250 2420
207 277 6488
183 249 14492
211 435 1225
198 212 18518
55 141 29199
13 162 9245
39 49 23503
370 401 20767
217 259 18382
24 59 3682
190 219 3506
23 36 25577
46 127 17450
63 222 28443
3 4 13490
2 4 27104
256 294 14914
33 449 30505
130 149 2416
153 416 31448
44 252 8447
265 433 31824
146 401 6091
36 39 6673
126 358 14735
172 341 14883
64 91 30205
32 42 13897
92 122 7710
178 275 5164
21 133 23029
10 143 14595
97 165 13526
35 61 17755
162 473 10486
12 16 12565
354 404 17177
9 234 10417
54 107 23920
284 429 25719
229 266 7421
117 215 1837
233 456 24349
44 170 21834
246 487 11528
61 100 5877
281 354 10592
1 2 1575
27 93 20525
3 125 6088
169 291 23513
43 56 2473
217 405 16901
142 345 14498
411 418 4428
140 399 10557
96 303 5457
217 386 12977
22 194 6323
184 313 12072
24 28 29872
222 267 17784
196 281 27809
282 474 8152
111 173 10140
142 367 65
9 305 1241
81 437 28271
49 276 6058
381 388 1223
4 44 24110
14 47 30860
89 138 20994
275 460 12067
188 460 21660
142 258 21852
412 462 16668
18 213 20215
83 142 11175
412 468 17377
18 174 6844
45 76 24025
450 486 24820
339 434 17536
13 309 15919
12 18 24322
1 2 9509
23 299 10705
58 77 32454
58 135 21559
33 136 5881
62 153 11426
251 500 5779
124 125 29686
456 470 7331
45 154 20300
94 236 15714
139 220 3300
72 182 30569
185 304 7226
422 438 8186
25 80 17014
38 116 28032
228 405 2998
295 483 13205
133 223 3806
55 223 9767
31 105 7413
434 461 8604
290 403 13880
94 428 5122
32 203 28261
86 380 18343
268 306 5877
227 495 2488
150 384 24886
222 256 1971
11 62 902
55 125 21711
62 234 5158
42 101 25765
4 12 4429
5 152 31430
48 419 16784
45 235 9983
13 27 2240
5 58 29811
8 156 19639
12 107 1504
7 77 25310
204 376 927
51 464 2639
19 65 4161
90 346 32726
41 420 32479
112 150 4172
56 83 21102
71 334 757
64 446 12213
385 476 6382
7 65 29634
147 176 32720
133 241 7910
256 346 17676
141 145 18598
231 442 25779
138 234 27421
77 482 18848
10 33 5323
213 437 20040
200 233 1473
90 200 21651
5 27 31142
125 337 12427
362 494 29203
36 59 13514
39 386 19756
32 313 237
119 478 25226
12 92 4465
466 495 21710
119 152 19910
64 175 20594
185 447 15493
4 60 8375
50 434 28416
319 339 27075
5 129 27815
15 411 836
135 327 15361
143 159 28990
185 233 27167
34 44 24772
163 346 29400
12 315 27854
242 261 31535
328 402 21361
215 282 15531
95 371 15901
290 492 7065
324 430 24493
1 39 31584
29 196 372
5 115 19314
59 137 13441
9 410 19594
15 19 20183
303 353 296
2 10 13394
122 174 28053
249 264 14688
28 132 2769
30 233 16869
2 3 27957
306 393 10459
10 22 27318
105 184 3476
239 256 22027
71 146 27043
41 104 31519
248 471 24273
39 45 16025
139 329 3771
297 481 25952
143 199 5596
10 72 27239
133 221 560
66 146 14371
187 305 25024
23 60 26742
178 222 24493
146 188 10488
241 454 26259
192 439 23268
26 140 30047
129 177 19737
49 164 20462
16 66 21473
11 26 1803
77 313 21890
77 118 2985
7 196 29649
170 387 12140
1 227 6704
227 253 10459
2 364 13505
6 358 31698
125 198 184
30 194 5905
104 306 3855
295 404 7671
12 207 2572
52 312 16844
288 410 25429
103 438 20516
100 143 5001
1 17 17473
47 49 21910
443 460 18308
34 68 5955
39 279 12620
363 458 1451
131 269 20680
15 32 30612
125 339 11188
199 276 20718
73 114 29435
31 136 8674
117 249 19109
116 495 2344
72 188 13478
72 190 5295
218 492 1641
279 453 19640
22 285 24359
354 470 5351
27 248 10601
247 308 27653
291 422 23630
279 303 7781
52 211 356
1 16 2085
251 287 2617
190 263 23494
52 76 19694
52 140 22221
50 353 8560
274 386 12657
360 437 8490
10 183 14203
223 276 2371
310 425 10214
301 429 17355
493 497 1506
81 232 13923
23 226 16710
330 454 13640
122 412 21910
2 5 28607
58 116 1571
226 486 26462
203 269 760
46 60 5537
21 61 21897
312 355 23499
31 180 17762
190 241 18185
134 371 17484
56 368 10056
293 313 11926
127 317 327
3 406 6035
125 215 5318
60 122 17252
50 398 5598
3 13 9892
16 37 25837
136 312 6554
302 460 4760
355 470 12273
85 390 26065
240 320 10032
263 487 30693
22 339 28003
63 311 24310
76 326 11956
27 495 22905
145 203 29670
115 164 3463
48 231 29938
128 407 17701
43 69 10804
112 232 11473
111 231 11239
223 362 3060
69 100 25318
161 213 18181
45 198 16104
237 326 18824
275 501 26039
44 167 18990
82 109 27662
40 209 17847
103 398 29722
129 183 7536
224 438 22244
342 450 3169
62 72 5375
306 418 12930
193 254 83
2 302 22419
4 119 13281
27 34 20333
7 108 20429
237 465 10209
57 410 24339
29 249 3206
21 353 6584
83 455 9984
17 226 12620
23 424 17065
130 475 20252
290 381 12450
433 453 12911
237 443 26038
73 340 17040
158 187 7574
95 360 15263
262 292 1873
260 264 11873
28 133 11551
233 293 10882
328 378 32213
124 416 26628
152 235 10387
44 45 28628
256 455 27544
356 488 27838
3 223 7480
324 381 17711
149 348 8805
15 55 13200
124 169 18522
106 162 5657
248 302 7990
112 276 28776
10 64 4528
81 99 26702
187 388 6705
11 16 13446
17 32 12272
22 292 20303
197 319 26342
172 407 6187
22 421 21424
74 142 14123
1 61 8390
52 316 22920
40 67 29824
151 436 4747
62 313 24549
272 436 7397
327 411 7236
199 379 14339
34 50 29171
60 70 14864
250 323 19670
180 217 31384
263 454 21368
3 191 17160
132 198 23515
172 386 18828
157 411 25935
6 67 12266
135 146 24805
30 158 25457
65 68 6756
187 492 23579
100 478 4554
175 292 26732
247 408 6577
2 104 16566
26 32 10563
57 499 22472
20 22 4214
30 149 6200
114 131 13255
84 436 17599
49 399 12471
52 223 22377
19 366 24233
142 216 20100
196 223 6139
259 350 10125
129 244 9584
54 306 10132
52 276 6722
7 222 19915
275 424 31094
322 467 14397
13 152 11590
164 458 11229
212 331 16323
113 455 10350
5 457 28662
349 484 17912
176 197 16683
23 132 23744
215 489 2607
257 360 31229
129 459 26789
246 426 12997
278 310 24765
12 25 21473
31 51 27630
175 267 2192
78 120 22929
7 123 11098
241 321 14942
12 267 23428
10 32 11331
407 438 30410
1 12 19978
133 363 2656
384 468 31433
177 224 32624
108 471 15130
56 353 1675
60 189 11897
243 451 25292
5 7 6507
202 496 156
52 58 21820
210 223 3410
111 140 9320
178 235 23596
180 291 31508
178 307 6738
16 310 11556
33 68 30431
374 435 15312
329 431 17703
223 238 15036
42 444 3760
97 135 2316
65 221 22430
50 295 29931
363 397 21373
1 5 24687
52 54 16809
314 359 13550
434 497 28626
23 81 28192
75 179 17988
39 187 22682
159 185 5369
274 486 22409
194 438 27046
17 440 13243
226 404 22080
99 101 10831
3 8 3243
368 429 15278
33 57 24461
178 367 11153
203 276 24961
2 487 18753
85 431 21280
171 261 863
106 252 9617
15 489 3274
196 330 23207
2 3 125
121 191 19632
363 475 4229
252 346 14214
5 332 28760
42 117 2438
19 36 25906
27 144 24167
61 208 18248
102 245 24381
157 455 21743
53 397 27137
121 347 5384
265 292 10350
50 361 14418
218 459 28965
38 170 370
52 85 16199
69 391 18890
133 211 3085
76 142 19838
5 273 13057
108 331 4919
277 280 5351
213 217 5245
198 434 13953
128 203 20935
202 249 28576
141 254 18833
158 428 13388
221 398 27666
79 464 25837
368 432 11631
33 69 13232
8 438 22137
236 415 23712
31 72 14424
4 37 31536
8 22 443
165 371 808
364 394 13397
23 76 7215
100 155 12248
222 388 9832
44 216 945
69 150 21472
386 476 19242
408 416 21948
46 460 20412
15 431 28012
57 126 7104
177 311 4425
190 209 7101
115 238 4453
80 473 30461
147 253 5252
221 249 30775
159 365 11882
1 414 17777
272 320 2053
326 339 21088
163 429 26395
145 308 31479
317 390 9868
111 309 7135
106 211 12607
80 99 23823
35 72 8531
78 390 18116
81 151 4660
145 155 13181
19 30 20374
113 312 20940
138 231 9366
109 350 16161
315 442 30048
44 72 24789
54 481 21298
73 180 4889
224 392 11672
110 239 7583
53 84 29996
8 13 11284
34 153 17227
413 428 23748
60 159 14191
2 38 25081
233 304 1594
337 463 17145
7 41 32597
475 493 4024
286 325 26278
354 399 26246
14 17 12951
45 58 3438
52 132 25691
156 455 10499
123 147 4214
22 498 22720
156 301 7418
52 315 17748
66 160 2090
258 269 1904
22 47 1419
49 75 19942
207 333 14474
97 122 24643
85 178 6977
142 254 5931
73 399 1277
29 95 13847
91 460 6031
216 256 19027
196 328 27552
56 396 24895
331 386 29548
138 414 7243
119 413 2232
295 463 29474
74 82 17890
38 218 25850
63 101 29529
107 241 19
1 90 18909
16 223 4794
283 309 24407
7 100 7026
11 37 5937
14 458 13844
221 404 12396
234 279 25091
259 499 23276
228 238 8640
8 28 27307
27 31 11917
421 442 6877
315 432 23260
29 82 11300
444 490 21686
87 131 20579
230 414 21867
186 285 7128
5 136 32285
12 13 26235
2 30 14608
253 378 31199
50 89 1465
340 382 26372
239 240 10762
199 271 15574
154 334 28017
273 479 25428
11 12 21106
9 35 26766
66 436 18939
211 226 25600
312 418 10164
83 171 2547
251 401 16633
84 190 27623
15 217 10315
164 168 1082
123 384 30033
40 67 23168
6 139 3520
32 63 6990
154 317 32204
25 467 14692
109 212 12004
117 486 26491
229 491 16881
139 483 16670
269 333 3661
210 503 7771
24 97 22819
245 327 8498
21 30 20750
7 31 23809
39 66 18425
6 76 22379
202 295 6585
81 129 24420
445 488 14301
69 341 8808
104 290 921
10 273 20749
29 54 1256
106 118 23400
44 129 14892
33 97 8964
128 359 15867
46 410 17237
35 44 26847
30 346 4855
352 364 29473
229 471 3855
163 177 32524
314 472 20395
85 333 28196
96 206 16122
4 23 1080
83 121 26279
17 39 12653
85 101 3530
142 162 30856
13 308 26399
134 436 22816
166 356 653
94 361 32133
18 27 26142
161 324 14968
141 457 29176
184 234 17169
339 367 20471
323 327 23903
134 396 31478
35 405 29864
408 410 13037
254 415 11345
294 350 19053
19 48 8922
208 476 28448
11 484 30321
196 203 12883
230 339 25863
339 370 30651
85 107 8172
1 310 24561
134 279 12125
23 214 4443
85 493 7310
138 254 15734
35 56 6415
108 376 14785
2 82 4258
3 5 19134
87 406 3799
37 84 9403
399 485 13325
45 71 31075
184 346 11693
386 406 31311
177 369 21421
135 153 22532
47 167 16840
85 395 16937
72 89 3311
141 193 6357
153 158 9685
112 256 10310
108 259 8110
18 370 16231
167 180 32374
65 316 1761
218 302 29267
72 456 440
118 127 3581
20 22 24990
26 70 9258
106 245 10366
159 324 7273
45 381 15861
19 43 18945
165 254 31407
28 364 12193
261 348 1248
187 211 12550
205 218 83
224 296 4079
102 333 22983
441 466 17378
220 269 10382
12 87 21694
272 420 4779
142 464 28177
71 79 7912
70 107 30103
27 108 15761
23 82 6532
254 384 23518
347 354 7001
416 426 24369
65 80 8825
12 185 15534
173 210 11704
231 249 22239
186 501 23960
4 7 11870
169 395 22776
135 395 5049
368 410 3154
70 216 14349
288 373 2025
136 313 1809
187 303 23414
72 223 28798
75 130 3621
84 165 28
46 269 18452
35 89 10977
132 334 32393
85 88 23772
77 165 1686
29 343 26340
128 131 27121
48 126 15434
113 208 18459
397 429 20474
113 387 567
124 165 7624
39 359 31254
54 75 22505
371 427 23916
196 474 6597
258 440 23591
142 220 14489
199 227 21848
298 304 8113
57 421 2105
9 447 26907
41 165 16176
329 375 25891
73 115 18652
33 169 20984
181 389 30614
123 479 29256
205 333 23012
203 279 19643
222 268 32469
388 447 30606
283 304 28482
7 254 15040
38 473 8541
161 235 22673
205 208 7713
1 286 16190
18 24 26748
73 390 6213
442 491 1092
192 450 26770
73 376 20318
17 480 4708
24 488 18847
96 258 21710
12 34 30791
2 28 11802
224 456 22579
7 42 7553
50 276 24078
235 493 30191
7 13 26158
69 173 5832
97 279 15837
29 68 16628
31 161 11842
15 19 11669
1 15 13606
116 239 22833
39 214 29252
82 365 28990
66 186 20456
22 336 19277
116 149 9225
56 214 5192
6 69 803
382 414 19326
32 146 20605
128 192 28788
209 450 20377
35 420 23475
281 313 10500
7 33 23050
248 490 2246
81 85 7935
17 60 18196
140 378 20069
30 61 31776
30 165 1609
125 226 1555
422 502 18878
40 166 29843
61 83 16945
39 299 3949
147 473 20541
89 210 22071
13 21 9797
24 79 29945
66 275 30269
57 353 20051
294 305 26980
84 186 30094
108 434 29662
44 152 21398
37 193 28529
63 392 18400
163 164 4048
249 303 29332
7 160 2108
20 53 1951
81 117 27998
17 170 8830
225 459 20396
9 15 8402
203 494 2488
33 97 7717
335 418 6961
137 329 21872
271 346 29829
18 26 32049
218 257 8297
9 50 14655
70 136 4008
97 164 2461
4 248 16656
108 128 16369
211 310 25170
246 432 3446
54 83 10285
82 104 14716
249 274 19272
66 124 5332
1 55 9337
113 371 22713
44 126 7797
26 158 24599
41 46 27666
37 317 8256
109 218 31154
69 251 614
95 137 13665
104 249 20865
186 494 23763
56 91 26725
281 324 20809
128 366 14886
34 419 20726
471 473 17205
97 115 12944
40 60 31657
122 171 11015
143 168 5041
3 256 3730
105 204 10544
301 498 13719
56 76 20965
7 134 803
7 427 22448
142 166 19934
489 500 27858
210 407 28100
34 450 31809
458 498 16397
111 150 7776
77 80 24585
319 409 13502
119 185 28377
139 333 20387
107 135 23881
345 414 22176
397 497 4676
447 448 2386
270 349 19848
73 208 24603
28 72 6573
87 339 11396
8 51 20897
204 244 10106
4 183 32026
26 64 28589
81 129 25782
154 269 25783
69 101 2499
131 366 23511
28 53 30428
317 388 29022
80 275 30178
66 389 17956
13 16 27906
398 496 23203
111 348 18362
4 106 387
82 129 12834
37 388 8640
214 485 23526
18 155 17585
134 141 17835
167 462 18068
195 226 5859
4 25 115
101 141 29485
114 233 30841
17 172 3551
42 193 8721
112 247 8006
52 64 2405
47 211 12994
292 396 32277
118 340 21964
37 94 32579
36 78 20348
137 371 24388
312 395 1339
61 264 24467
63 346 23697
21 78 30173
451 486 4960
130 278 4416
94 128 32483
310 491 8976
168 340 14150
4 23 28865
14 119 14526
160 310 23745
19 147 17504
58 170 29298
128 141 6697
138 176 9598
52 209 21240
95 348 28468
320 326 31850
89 449 21693
35 47 29143
32 78 30530
44 341 5338
18 244 11097
133 218 19765
192 197 18262
103 364 27371
273 387 28751
156 329 30434
191 200 15356
204 312 32118
73 337 4532
132 191 15285
15 98 24373
58 213 9033
350 406 1530
21 321 12853
176 254 27727
402 449 29424
14 227 26979
112 118 28294
240 357 26114
135 261 15810
5 19 5061
146 485 1941
359 476 6863
46 66 27183
6 22 8831
295 423 22919
111 131 13205
59 249 14664
389 448 12986
295 419 12638
250 405 10356
20 464 17295
31 32 18404
43 322 19948
223 279 14310
277 446 14592
4 16 6762
354 372 25084
161 408 15387
83 99 12383
78 180 19124
14 109 958
52 120 31380
159 475 4547
20 167 13414
407 413 13683
218 396 18946
158 181 26722
281 487 24020
7 39 29530
70 81 10848
6 101 10142
155 378 16325
36 49 29402
16 92 11086
21 142 12112
31 90 24940
310 410 32496
189 309 15536
10 48 6995
36 91 1187
46 115 7642
62 417 17799
318 472 10836
25 123 24169
204 235 27651
47 366 7438
213 385 18392
46 494 6046
479 489 22577
133 314 16920
59 350 1422
28 431 4604
32 84 11502
6 200 27816
11 136 4054
122 182 11608
84 275 4915
191 259 21970
138 191 27025
48 195 2330
7 276 31323
186 361 20945
165 482 31530
122 291 32250
56 249 4422
1 14 6248
210 393 16612
143 185 19453
3 53 15563
113 346 22396
71 188 9317
74 313 14510
148 220 14179
3 18 27634
2 24 19842
12 448 6560
104 123 17939
309 397 23750
55 160 30285
12 154 1826
17 278 11930
255 306 29804
367 477 3676
99 300 13124
49 176 23259
183 313 5227
352 447 14683
34 131 8458
245 279 21900
359 463 7990
458 487 29908
147 461 14319
187 257 3104
139 184 5197
44 64 28989
32 256 28573
189 373 497
71 298 14996
24 31 27202
101 149 4074
173 223 24753
216 279 29938
1 6 2644
24 401 16661
10 340 4626
28 45 7470
42 481 9585
60 427 26688
267 320 20147
95 102 261
90 124 22325
79 429 3121
10 415 20046
43 108 23951
17 87 20513
113 179 15940
438 475 1311
1 3 29907
120 197 24106
50 415 17332
65 181 6807
72 466 6567
282 494 31876
61 70 31498
93 172 1345
77 114 19917
36 118 30384
40 130 14820
178 203 30707
281 474 20043
105 148 27331
304 420 7915
97 321 3129
28 112 10762
76 78 14073
85 144 5134
5 71 22014
79 445 16050
418 471 7801
49 73 32003
141 230 19579
459 464 14276
217 229 12649
41 100 19968
197 240 13413
27 61 27640
144 159 17461
81 364 1716
354 418 30545
272 428 13528
58 196 539
51 70 19852
208 370 5226
30 62 7325
27 55 26362
100 492 10019
127 333 5718
149 459 32329
69 281 11355
136 269 1545
245 417 14949
100 136 29700
18 19 30143
37 62 11960
18 233 13563
243 424 12219
67 306 18475
326 332 11219
3 41 16191
334 360 6647
74 414 6385
233 447 20128
33 71 23044
119 252 21242
147 251 32705
6 94 30664
165 171 29175
172 291 29216
34 500 22511
137 464 9293
217 341 20746
177 394 8051
5 213 23813
229 500 31435
173 258 2335
439 481 25487
7 24 3724
24 367 21746
62 308 17400
23 41 18872
72 241 26390
34 160 323
103 173 9310
458 499 12344
67 69 12942
227 322 14601
139 243 9360
142 396 25342
86 325 4036
218 334 1691
36 89 7662
3 4 23668
5 6 26931
53 366 6095
277 405 26085
445 486 18592
109 205 28949
14 54 14529
156 342 11293
2 37 9854
176 418 27816
191 269 29381
309 475 1505
188 233 9115
12 253 23234
90 459 2985
20 201 21198
319 327 3573
68 81 16786
127 248 24879
165 426 26302
303 350 30738
92 200 12216
61 244 23753
67 443 9462
42 191 27487
133 501 15496
28 35 31639
191 480 30863
56 231 17610
89 98 5018
4 20 9885
206 360 22050
46 204 6050
156 227 22421
12 21 22344
162 414 12982
128 340 12973
15 342 26684
94 126 17443
38 51 7150
171 246 9099
4 9 22457
7 114 4565
33 260 23918
113 297 21578
6 8 6952
3 430 17502
48 131 24461
330 368 8009
27 139 16998
471 503 27794
38 500 11073
128 248 30033
126 185 17179
144 456 19925
144 215 16198
27 192 29168
170 207 8965
204 306 30744
185 244 8848
2 64 31256
224 326 3462
137 401 4627
6 436 24563
242 345 16632
107 109 8304
456 460 20420
220 452 22288
12 373 20250
15 99 31759
140 173 20775
401 403 3714
162 420 26558
290 427 25208
3 11 25910
100 170 29513
55 92 26741
30 49 29200
8 29 27939
349 421 12662
317 341 32512
8 77 18270
34 35 23507
42 238 4631
194 487 20842
29 95 4629
2 3 3486
3 114 2661
141 312 29796
7 320 26972
155 418 29765
163 183 26668
2 3 19424
13 79 27488
15 63 21300
318 479 18298
316 381 12784
103 332 29724
424 450 2041
76 82 15754
424 436 32735
5 65 30566
45 199 6915
242 347 25842
128 405 21904
275 458 19005
8 13 5278
54 440 14091
221 236 15126
32 40 26450
75 101 21038
8 19 24224
7 98 30869
126 146 31444
40 213 22443
29 474 28635
161 245 16472
14 19 16767
23 47 22876
125 151 12651
72 203 1842
29 432 1766
132 469 31191
166 342 25338
218 223 10009
15 348 20224
3 100 30776
373 453 11469
6 13 10239
62 488 30449
8 31 19104
208 267 9404
235 265 19187
64 240 22809
294 430 24816
48 142 5205
90 157 13176
210 454 16482
104 129 3015
70 284 27723
260 276 19237
41 114 14021
41 346 17337
12 43 4388
65 144 15230
110 149 31518
14 25 19664
40 293 27938
210 453 6673
29 55 10801
38 241 29255
125 192 29553
37 79 8915
160 371 26363
300 325 22149
196 385 146
153 230 7355
27 37 3645
47 96 4951
185 399 17415
120 237 17567
206 317 16710
96 202 9841
147 225 7999
45 341 23119
25 134 21504
24 449 26151
139 350 9667
283 428 11248
261 269 27197
116 132 31335
141 180 10913
1 2 15258
130 498 20547
45 235 5626
85 323 1817
6 97 23347
150 398 23189
55 56 27643
14 47 1670
411 415 23181
138 355 22786
24 237 7575
225 265 9102
425 498 9150
7 295 26867
161 309 7174
78 97 652
18 239 25023
147 201 13041
162 228 15049
98 300 21821
9 17 3400
188 253 24436
20 221 28197
275 296 5034
39 74 31722
146 362 20211
6 203 29151
97 105 13909
23 73 19821
274 313 24872
15 115 21560
52 137 23974
215 369 21355
8 18 22434
31 55 8491
313 493 4759
115 414 20269
17 31 8080
50 294 10725
103 432 3230
94 375 8645
198 215 3788
85 414 9348
308 479 10458
32 347 19052
343 367 24614
100 421 8212
4 28 32385
72 74 20253
109 307 31474
424 440 2246
416 443 15497
123 163 27505
51 94 20947
382 441 14450
46 79 15509
38 124 8637
218 357 25801
150 414 20303
73 124 30498
322 383 2665
131 278 12921
197 349 20721
126 239 17649
127 482 32147
118 471 9403
336 365 16770
56 124 6582
135 249 29412
22 63 17513
131 406 16196
192 449 9218
8 41 13233
113 122 16485
261 282 21574
15 16 32366
130 360 15188
156 167 5099
33 200 31846
193 256 24072
23 78 25036
229 379 22553
108 400 7046
114 323 27138
112 181 11411
56 338 3259
316 481 24594
252 298 10392
244 305 25023
154 293 25691
35 106 19889
34 151 11586
90 256 14684
31 273 24456
142 145 27721
103 374 29722
19 53 18696
376 379 17254
317 444 22329
137 371 5775
207 327 1487
35 195 14198
36 238 10450
50 312 17739
13 61 30792
95 162 5798
23 76 32278
22 370 13153
180 193 32495
95 197 16283
73 233 3763
220 432 24250
75 390 15045
12 174 28734
1 2 5442
77 247 25024
133 281 550
219 256 30852
77 139 955
168 431 14924
229 313 30185
199 445 20609
4 88 16444
7 54 12749
125 157 5309
334 415 23983
313 361 26106
176 279 21178
146 236 26818
15 373 29563
22 207 18055
24 323 5945
16 342 11111
55 135 23312
50 179 10053
76 131 15632
28 95 31619
68 157 28263
238 395 30506
312 327 27339
125 482 437
25 100 4750
3 281 30901
135 378 4654
182 388 7935
22 52 7480
97 275 7216
427 458 15324
6 9 417
214 269 29061
87 170 1575
113 216 10312
1 2 15411
43 408 24595
11 20 32296
309 460 29148
173 252 15109
52 147 5701
128 302 16827
321 452 7272
238 420 13243
23 178 10449
92 297 30628
321 376 15821
45 193 27427
28 150 1423
110 436 16215
58 137 11241
395 417 27993
24 29 22656
224 466 6331
380 394 23492
339 471 5149
41 213 12316
335 425 8227
11 37 24060
58 113 30579
266 474 27873
74 106 23177
54 135 9325
102 118 9340
67 74 18456
133 230 3597
6 14 32037
45 112 13972
199 292 32233
14 429 25260
105 341 28294
136 319 11948
93 149 26273
111 182 18244
10 144 24764
4 14 9448
19 211 2881
130 438 22216
312 364 16481
80 118 12412
74 147 331
169 252 14783
271 459 1646
116 364 8643
35 165 6600
206 332 16386
7 16 20837
208 422 27296
71 102 12189
108 285 11957
312 481 31676
354 491 20761
21 355 8463
119 244 32390
37 407 23436
130 192 18480
131 203 16531
296 382 1572
187 448 6009
33 36 2820
243 396 18650
36 56 19714
63 114 15588
176 426 22057
29 65 8220
10 33 589
4 11 847
12 232 23364
317 396 30372
288 401 21547
202 474 26895
389 420 19177
68 90 3227
382 420 9013
56 67 5432
17 386 4280
5 47 11033
141 221 20021
407 447 10949
409 485 7605
127 168 7272
205 388 4643
75 390 30983
44 97 23784
329 355 12187
2 24 14941
90 334 13647
4 20 11829
254 416 4943
271 416 7462
87 116 10718
150 188 893
233 389 5055
37 152 8289
28 139 1548
136 392 31732
163 274 2062
72 150 17038
282 413 15288
38 385 6596
16 121 31439
93 270 25605
120 284 5615
75 371 28131
40 88 23001
31 41 19568
144 475 29919
87 450 22065
159 259 14665
72 170 10382
3 7 23293
4 8 10709
183 452 30167
5 350 31781
344 489 14196
44 397 28632
18 93 16989
17 330 17480
269 334 6608
95 233 31746
26 28 27812
66 113 17866
113 298 15084
91 228 3572
176 267 25968
76 94 17410
60 436 1817
230 323 20103
273 343 22479
26 60 7104
68 379 5519
12 219 18275
108 240 23453
69 267 32398
208 224 14615
26 89 12514
88 166 3931
223 268 18986
68 169 5625
156 458 12838
289 347 9521
252 353 14403
24 332 26915
13 135 28536
405 412 12096
21 56 25204
183 206 27803
4 6 739
110 290 14124
100 214 22141
50 75 1319
15 17 15120
39 278 27881
55 490 14024
415 476 9529
2 108 15460
11 265 30917
36 213 8987
19 378 4384
83 442 24663
247 260 15542
210 281 26009
42 427 28780
8 90 28439
108 475 4325
54 106 8190
9 27 22689
77 480 3933
24 268 18298
184 425 29978
89 179 15648
221 279 2190
48 92 937
7 28 27278
100 123 28753
254 255 13077
91 152 12284
6 72 32454
190 283 8725
35 69 13054
201 262 8162
116 145 12086
55 80 1898
47 320 22743
2 178 10360
125 182 27352
9 27 5983
79 168 17603
8 213 15510
42 108 11493
4 5 2363
25 31 10207
133 384 22556
150 421 15314
154 330 32744
169 286 16344
124 238 18046
23 229 18573
1 5 3749
289 334 26828
105 344 4238
3 15 27128
134 238 747
24 217 24929
37 243 7560
1 2 12454
39 169 8095
193 458 7460
80 335 21347
250 415 20180
24 28 13689
114 469 16676
232 430 16981
121 313 4266
2 86 17587
72 231 9933
11 27 10151
178 428 8370
214 234 5110
27 36 265
63 272 21434
392 471 21656
70 74 26753
36 357 32660
49 262 16218
40 131 32291
70 488 19354
151 199 3231
106 180 23617
73 299 31859
125 133 2361
99 234 169
307 401 27886
217 455 2429
5 253 21490
18 321 26777
231 417 28584
172 258 32707
160 282 14883
105 399 14878
219 260 26828
172 368 5207
247 426 22623
9 17 4683
39 171 6238
98 265 16657
78 83 29978
354 459 23149
23 40 26319
176 223 23310
333 355 29076
56 318 28463
448 471 5387
78 117 4461
71 143 15370
160 238 9713
167 365 31685
8 107 20549
115 189 12059
80 157 19556
165 188 26118
287 389 17385
28 103 2679
202 375 32361
89 362 21236
43 102 30815
86 114 28878
283 431 28203
201 282 10975
7 44 20765
82 264 5879
38 211 31355
106 150 13201
27 32 21765
64 76 4192
270 283 12139
92 105 20437
225 276 2723
70 189 25781
39 412 3373
19 75 22088
136 388 24741
4 272 23251
112 181 12589
46 442 2911
166 236 24218
1 70 9455
223 342 15724
20 25 2744
114 358 6638
196 214 23041
254 459 6686
43 109 11173
209 384 11045
31 45 26742
356 379 28039
226 296 11510
144 369 8023
148 197 28182
42 498 26130
152 158 13318
235 340 8684
76 83 8499
28 89 12978
73 144 27400
100 192 23191
34 434 14099
95 206 17789
192 313 19090
4 27 15256
35 48 29598
28 475 15494
258 411 23145
14 53 15405
119 265 20042
258 268 3322
1 2 30095
43 94 15192
351 434 22599
97 168 19581
322 416 23946
184 297 1752
36 97 20454
27 103 13510
234 255 10486
28 78 16993
267 396 3407
360 481 15737
43 188 22861
43 61 11037
28 46 13411
270 404 26692
73 416 9205
247 255 29544
1 11 22509
21 66 6972
9 24 14986
70 168 12998
1 116 31248
133 164 9593
219 471 7788
320 379 9768
13 21 5612
162 320 18927
214 239 19340
168 485 15455
119 233 7826
383 429 27790
68 487 18034
88 234 10976
8 247 7978
57 283 15773
144 205 22930
16 155 1721
266 272 26722
5 68 32595
123 173 3536
52 78 7635
129 164 30489
159 341 16823
8 306 10833
8 85 3178
45 192 75
259 278 12473
211 295 18307
228 489 19145
14 33 20031
90 154 20624
42 356 16751
194 463 12105
169 231 23279
27 140 17494
225 498 5437
60 232 8331
55 273 21432
73 235 31457
12 37 30215
162 171 29684
313 338 29250
244 343 24035
21 184 9442
32 57 13417
162 193 22193
102 229 24388
67 125 22569
124 207 19787
3 14 20235
290 487 190
170 235 15885
10 37 21941
201 305 14316
91 97 12730
49 196 26201
69 108 30708
13 148 25192
38 266 8042
94 139 8074
15 371 12615
74 76 11073
150 288 21287
70 257 4878
65 118 26071
4 5 12105
372 416 15116
112 495 11483
59 77 1273
98 407 18713
96 208 30931
191 202 6707
203 374 14754
299 358 17394
236 262 4847
113 214 27573
5 53 25386
162 167 28658
340 387 25577
403 411 9896
14 40 21061
10 141 891
55 142 25599
131 465 20867
150 420 1598
55 70 30176
102 227 10490
35 101 18367
206 481 26229
62 100 16210
363 450 14415
352 393 24800
200 459 13338
222 232 10761
340 379 1913
4 128 14017
126 134 12330
40 62 8373
22 287 18069
135 216 5919
159 266 12714
80 100 9767
46 65 20798
31 131 27752
49 167 10275
110 472 25147
39 408 25002
23 68 10693
111 482 18013
4 7 28680
288 425 25093
62 489 1636
84 151 20831
11 83 22858
39 73 30733
36 295 5130
420 462 20389
18 70 27406
145 269 9966
238 494 31961
1 2 5283
385 444 20383
198 238 9055
100 320 29790
226 307 25722
29 81 6577
39 41 13821
12 151 10206
55 137 11257
106 147 11468
13 161 18406
225 328 14817
7 8 2262
197 343 12026
307 336 30105
30 282 5374
21 31 7725
21 64 28595
335 433 17421
92 200 8680
13 51 28985
419 491 28680
131 401 21519
71 294 11448
45 212 19024
245 261 30734
95 244 12256
21 34 1404
10 122 22052
292 304 25997
28 465 3855
89 173 10240
41 108 824
15 104 8169
37 116 11411
261 427 30428
9 328 22431
23 96 23888
27 229 2859
102 151 21950
54 487 15100
52 264 9509
11 15 17402
109 281 12024
2 15 28854
182 193 15275
370 473 15197
162 165 12364
229 403 15994
465 471 25332
8 9 22543
8 164 19190
163 246 31477
11 194 7436
29 161 6272
137 316 17146
281 350 210
16 124 23393
45 91 8817
145 230 22960
289 363 16882
2 117 18294
166 306 10452
128 453 24460
183 460 30442
296 497 4296
32 311 17378
162 452 14642
24 161 9922
8 467 27647
80 93 6013
192 283 9145
38 164 747
191 401 12120
22 69 25543
216 442 17470
133 494 21376
2 15 14417
375 457 23554
56 163 20139
87 117 28608
421 457 1686
159 423 24489
43 113 20425
18 408 32459
213 278 14379
24 29 29136
118 328 26244
194 321 31900
82 112 21211
76 121 2744
20 113 30845
250 363 16199
118 168 1760
108 436 8118
55 193 11733
174 207 30835
52 64 22226
21 66 32069
334 463 16439
70 216 28441
303 454 20692
468 491 20328
17 295 26918
197 250 28030
101 441 17661
305 428 29765
79 184 31625
7 372 8045
193 392 9476
108 280 29951
129 211 29812
110 332 23737
62 96 31024
2 17 16595
34 164 3895
390 464 7154
184 338 5758
6 29 1654
50 379 10412
325 477 2406
7 281 530
56 84 18348
323 432 32188
137 163 32347
141 186 11747
67 110 812
356 405 4402
51 374 21642
14 242 31393
255 429 4275
63 123 17605
184 489 20958
334 490 10986
83 112 2919
14 42 29023
351 452 10349
10 28 13229
461 488 26221
70 349 2738
68 79 18102
63 64 5597
24 51 1997
144 164 6653
43 105 29724
103 315 11610
187 256 1412
91 168 7194
69 115 30114
412 414 8475
13 161 24810
364 441 3787
211 429 14056
165 361 24736
198 478 23622
186 252 14661
15 80 13158
44 204 23191
22 291 18095
2 12 31741
427 471 7143
406 440 22732
25 43 23077
270 339 13234
397 473 29767
58 81 11606
153 492 2031
13 111 31674
47 66 9584
325 430 7423
238 394 20279
132 374 23441
43 130 16274
45 497 13043
41 219 31203
121 156 11166
450 453 26785
124 292 27052
112 115 23477
12 77 15688
123 150 13075
22 118 21788
151 351 28581
96 125 4664
303 388 22747
91 150 14876
179 364 28542
39 245 12016
4 13 5792
200 335 16149
112 133 16823
149 363 21644
433 463 9026
4 107 8684
221 358 22931
25 108 11735
9 22 32654
20 316 7986
149 222 25979
91 142 15248
102 299 6719
338 392 30347
176 220 26522
79 158 3069
62 449 1080
44 311 14430
256 290 5306
93 331 2481
88 291 12544
143 242 18623
304 368 5469
66 170 28058
139 354 32638
128 373 17305
428 501 1311
6 103 8269
176 188 1781
87 122 11807
84 420 19531
12 42 5780
196 225 25665
186 493 8564
216 276 12219
417 442 30008
108 358 851
26 316 23192
157 196 13044
97 260 2059
91 217 8426
69 81 23445
216 378 10369
27 334 22585
6 30 146
107 335 2538
2 14 3215
56 203 28112
195 269 4834
42 349 30263
4 252 1481
76 159 2188
189 218 2033
56 91 14634
57 169 10357
83 96 23527
5 6 2585
75 397 4521
335 352 22479
144 188 6752
16 259 7407
206 235 12352
46 112 24997
172 288 23563
187 335 23681
90 168 23500
321 416 12339
125 155 11353
396 483 6354
55 392 23400
393 407 11841
261 358 19240
37 407 2450
15 344 20887
7 369 14713
16 249 27917
172 324 5666
185 391 29875
230 254 16141
20 384 1760
181 238 28103
45 392 20629
15 16 24201
237 257 28809
3 11 27692
103 159 32133
17 56 12021
38 195 27401
115 255 1565
219 264 30820
64 70 558
324 473 21962
177 296 14977
57 64 2071
138 154 17029
18 35 7979
31 100 17305
322 434 23605
181 455 18073
163 193 15430
156 202 1143
102 148 20724
82 129 14193
49 62 13316
18 25 28352
29 234 1105
365 393 25820
62 150 2404
21 56 23717
260 358 10366
100 162 9229
18 122 4358
10 223 6942
31 248 16272
203 247 5233
280 383 32254
77 127 8297
6 163 11369
33 365 26324
254 455 12758
448 465 10946
112 213 17634
235 303 691
186 242 7139
38 311 17252
129 360 20796
2 417 9699
58 129 13261
81 140 25023
238 384 9416
62 406 23138
6 297 23385
273 288 11002
162 296 15317
387 478 24189
64 140 13177
6 10 2475
99 237 2778
4 38 23330
167 300 12437
217 237 6613
63 385 27364
170 257 1158
254 357 31258
45 179 9505
82 217 20289
170 397 251
37 213 24899
162 201 11104
148 305 12397
9 31 12810
266 413 31527
449 499 13121
9 61 22588
72 165 15319
206 292 10755
25 131 24398
287 442 31560
69 427 26294
288 463 8649
146 156 812
268 471 19357
411 435 14089
6 78 13288
1 102 13587
208 302 28834
31 131 22364
169 316 28253
69 156 6027
65 365 4170
27 44 12482
50 295 23033
63 102 22376
216 378 21884
34 439 19825
92 485 25588
303 471 6663
307 401 8127
22 29 24988
472 483 16050
83 135 22474
52 407 18473
63 68 5776
68 118 17876
8 82 24272
92 430 10121
110 206 29714
87 194 12674
343 355 31225
165 302 18898
169 320 1015
188 300 9462
450 488 30745
441 448 31434
16 232 3076
16 117 25676
243 275 3963
59 482 6132
186 380 31239
47 49 15752
130 254 22936
5 117 21434
1 39 24117
302 462 28904
5 18 25368
396 503 21982
235 351 4038
160 367 9323
330 410 3080
23 201 25890
113 139 22478
289 430 11937
27 60 13405
98 324 1589
304 317 15966
78 173 17589
210 441 28841
7 12 15329
224 447 21979
68 78 22455
15 166 17179
157 418 21618
119 165 8349
156 235 11566
3 333 5308
42 142 28777
111 140 27851
83 86 32477
57 114 27368
139 319 11873
267 306 17013
68 129 11732
96 182 5386
244 391 10305
229 440 16371
249 457 21690
231 447 20123
212 320 11682
109 211 124
44 100 17753
173 307 4444
13 102 26498
33 469 26889
101 212 15722
2 239 5074
273 399 20778
248 328 30571
207 324 24225
38 155 12290
262 451 12892
21 107 28587
170 219 13819
138 247 11886
19 385 1729
38 274 929
110 233 24135
166 253 12623
45 54 32401
9 117 20695
47 127 2547
336 385 15379
90 148 1155
33 378 20639
2 216 24
149 231 4889
50 63 29943
50 498 5746
303 307 22727
19 244 28587
10 238 29281
152 204 30860
278 385 1172
57 109 17468
15 26 760
10 47 32452
132 179 27491
5 21 3298
61 93 25503
115 120 13232
1 7 11890
20 33 26645
319 457 15379
53 116 13305
341 444 22950
34 141 29609
269 336 8278
30 117 6139
29 84 4122
16 305 10761
364 395 2907
229 321 5024
3 251 32741
6 113 15285
101 337 16114
6 78 26749
7 297 10539
326 501 8445
361 412 13557
80 83 1581
333 369 17510
290 319 24575
139 200 3506
230 448 29933
200 239 21493
146 488 17118
329 337 10139
22 23 26232
267 277 11493
121 393 31299
18 127 19501
5 9 2341
23 400 766
273 382 26649
73 411 7710
29 97 31038
43 223 17424
14 25 3716
308 388 13513
4 322 27810
215 318 20095
57 132 24353
49 312 4317
415 470 29853
7 159 20236
23 148 26244
435 460 22084
280 418 29190
53 93 20966
96 361 4079
28 57 30545
83 356 6042
23 368 21232
15 28 32079
362 497 15662
43 165 5784
244 424 22868
192 331 12155
35 197 22916
187 469 20893
14 53 27207
91 424 31407
139 258 28011
62 331 12736
40 131 24350
116 502 838
58 272 12691
92 290 31217
166 174 27281
19 29 16054
247 275 11187
347 487 13454
34 60 22862
4 152 13521
253 262 7474
113 261 5959
49 61 22977
15 16 32058
394 401 5907
144 419 31027
86 430 22305
17 410 13605
305 434 24358
242 447 14130
83 220 13245
281 500 26962
32 82 4716
35 154 8836
95 296 28296
109 169 12363
113 126 12490
257 429 21930
273 292 32739
87 457 28893
61 311 32241
266 439 2940
145 216 31146
22 54 4307
47 76 25484
192 359 21643
232 244 13952
48 186 2041
98 131 16555
37 51 18104
251 265 9310
1 2 4944
186 277 21103
71 94 789
47 362 30297
131 284 1166
26 115 8694
16 126 11771
32 89 18867
369 377 27096
354 405 9097
436 466 13676
171 353 2597
80 172 2498
427 496 29444
114 177 426
306 454 8555
221 253 28551
24 31 22917
217 292 27671
171 465 15887
117 424 900
263 421 2135
309 431 6223
25 213 15737
212 431 27642
62 163 13600
142 308 2947
347 384 1335
172 209 12804
29 76 841
6 155 7704
147 257 22409
20 184 26326
166 191 26286
5 69 9088
41 329 28463
88 199 17719
295 372 27526
44 109 25687
39 95 28278
191 443 2881
48 56 3988
102 449 18112
177 245 28032
147 308 2134
199 210 6286
107 157 16642
25 177 13267
101 470 7013
311 313 5069
88 144 29277
26 188 26916
18 22 7518
52 207 27446
3 340 32306
427 468 18789
208 374 29682
364 449 15208
67 117 1362
5 327 10252
35 127 18575
148 260 22310
78 369 22949
81 189 20133
18 57 8091
10 53 9222
188 401 18431
33 290 666
2 48 19439
251 278 15450
66 453 5182
120 156 15936
33 58 31382
129 501 606
236 408 936
5 18 26917
59 67 21190
109 139 4259
39 450 4483
54 125 7065
168 289 26143
17 170 13243
15 139 10740
277 501 14714
11 272 27938
5 275 22821
28 306 1820
11 101 28740
213 406 3059
5 11 8058
30 56 3184
97 224 25688
7 13 6994
16 42 29657
170 280 15448
165 224 6539
73 483 12759
41 81 26767
274 450 9227
114 128 25329
16 78 26989
1 68 12554
39 122 22953
35 131 26090
9 37 7441
171 198 28415
199 420 26778
289 494 31854
137 433 6859
87 142 15578
226 379 18469
176 419 661
55 183 1515
8 334 8550
3 39 14419
113 217 23401
27 89 25992
15 123 22716
207 264 8454
17 23 14575
49 130 6965
229 428 7792
28 283 20308
2 7 29554
183 482 15878
80 94 25850
404 500 11561
92 438 31762
19 175 5570
68 203 9826
203 472 20252
223 232 13965
240 297 12905
44 147 14895
13 20 29840
51 64 17996
185 416 23528
15 145 23696
10 33 22030
256 352 6833
128 149 22043
270 287 21195
304 426 24033
25 412 18078
227 258 13571
109 158 22758
11 38 9971
66 73 28489
350 489 15688
10 11 17556
155 166 24039
326 331 24126
180 379 3313
102 156 2402
226 243 24695
56 166 692
31 323 2145
205 294 2593
11 17 14095
111 192 28180
74 80 18324
13 14 25494
1 5 17577
17 44 6086
8 29 32667
265 493 7263
65 155 18666
134 242 29758
44 89 9301
156 185 26152
3 4 4221
310 475 11079
48 57 15983
92 400 23567
98 231 28591
113 148 31118
18 65 12702
301 394 27220
34 302 25420
385 449 2417
278 474 28442
361 458 19268
189 352 29624
119 216 20233
125 388 20573
11 13 17766
58 358 13904
170 194 13172
110 147 5660
14 416 5863
115 349 2306
196 263 7015
210 413 18310
91 466 14915
72 73 25642
8 16 5364
144 286 28091
67 248 28725
94 417 24240
133 268 14488
434 453 26511
214 327 15072
209 288 16479
16 244 2440
341 400 20863
20 202 13885
293 454 16006
259 324 24891
430 434 15859
8 274 31175
188 337 16084
202 276 12858
66 414 14774
231 326 28516
27 175 15472
51 112 11815
322 346 22706
61 117 19350
31 114 11096
62 140 6923
309 471 18159
181 493 4835
149 298 30203
1 73 25573
228 335 6606
341 392 22658
14 29 28953
67 155 12399
25 109 23937
98 185 8774
244 402 25049
190 264 4145
17 399 6862
250 296 7630
250 311 29227
3 101 1227
113 235 20740
376 405 4845
98 135 12127
37 179 30590
239 275 8252
178 291 16215
54 74 28422
117 133 26108
211 309 8148
31 151 1933
4 12 13832
375 415 21105
40 75 7464
149 249 10506
20 111 32262
81 198 17105
78 121 16019
20 43 22958
11 142 29938
51 237 23396
95 146 18085
52 262 106
181 294 4843
254 384 24718
191 231 29605
45 56 29484
341 404 8798
29 35 11234
161 179 14153
103 120 26124
387 433 5721
110 268 24681
25 28 17076
29 107 30648
192 339 19250
52 333 27183
78 135 8880
2 61 1820
69 198 3416
8 16 5391
206 478 26668
172 179 15958
379 401 632
6 116 18111
44 122 6392
43 321 32472
165 377 20691
351 481 10270
38 474 25790
26 120 6878
122 230 8414
52 100 18876
92 143 23108
245 432 2067
199 264 21787
332 408 4010
4 53 6368
94 149 30590
39 285 5174
164 266 28803
255 497 14906
33 130 32434
396 484 355
199 246 21435
142 424 28745
172 175 15925
71 282 16118
206 502 6950
280 427 4999
317 370 12591
39 43 5955
181 204 9163
211 415 7542
131 328 4695
33 253 26551
235 312 18921
34 394 19288
126 495 538
9 46 10807
5 14 15434
7 77 25898
239 259 23053
124 150 14520
26 112 10951
56 70 25825
135 335 22933
134 400 10015
401 438 7195
72 392 31208
67 96 6100
117 154 20314
427 459 30444
179 236 9432
6 10 26326
289 500 27582
359 456 2583
10 15 26489
136 179 5116
1 65 23459
194 227 8251
210 277 17657
217 437 12712
186 334 28222
51 252 27271
130 157 3691
279 497 22057
2 6 20414
2 194 20167
392 430 14210
267 286 31720
51 52 29865
40 113 25772
14 27 12173
89 115 28371
84 153 8055
136 321 11867
30 223 31414
198 259 29449
33 136 23663
7 14 22585
236 282 1910
302 428 4295
275 413 4033
163 358 3061
241 460 31835
203 472 12690
175 351 29157
93 97 8917
26 34 31230
381 500 31397
79 314 5682
49 427 17221
106 317 3390
118 289 4253
57 217 22466
146 274 13724
169 425 19905
16 205 12386
61 117 18564
343 418 31793
42 359 25772
83 151 18776
140 436 32417
121 231 31389
192 235 30625
174 384 1223
233 234 23572
1 236 14418
21 201 13305
46 382 26246
55 112 11396
15 50 2652
243 257 30275
11 68 29422
46 70 13668
88 169 12405
435 498 18940
347 439 1533
87 251 5198
5 15 12623
192 299 15758
389 502 18377
176 304 1947
280 341 541
57 174 18062
99 306 27176
37 44 32070
7 27 17762
39 110 12850
111 375 7069
150 200 1026
35 376 11518
34 80 24080
223 352 23428
18 73 31385
155 376 19317
93 150 13597
297 462 7041
13 41 6534
385 468 24706
37 247 11492
23 93 23077
133 392 13014
123 149 27867
125 166 16133
50 156 8929
14 69 17467
80 196 6470
360 406 6897
41 279 7984
295 337 14193
112 250 15580
23 29 3043
8 31 9471
42 59 27861
336 448 3739
14 62 20257
18 30 28256
145 281 27715
45 50 20017
75 155 22132
7 43 26223
41 112 22575
73 286 28679
23 82 13029
194 221 14211
54 277 32518
151 479 6284
37 407 9145
373 422 1689
20 24 9926
149 224 29380
257 458 1454
173 229 2045
107 426 28380
139 194 11792
203 313 7798
234 498 22841
74 98 25661
65 119 12094
158 240 115
5 24 19522
297 359 9159
324 482 16595
87 131 692
189 476 4064
225 401 9945
145 186 20119
236 468 2352
53 449 24925
128 178 5680
102 299 30817
14 175 6465
165 237 13170
345 372 16132
10 376 2084
39 211 30307
365 401 30318
152 465 1635
285 333 5946
34 38 17196
256 320 28071
231 235 30412
34 314 28399
413 433 25230
38 198 15910
375 456 17423
21 439 28753
182 403 5452
16 18 8845
332 501 24931
123 168 3894
165 413 4026
73 198 28747
260 269 1480
11 32 11405
98 322 953
107 197 23043
141 165 15006
32 373 23528
22 97 23281
236 257 6968
72 242 20614
47 146 24650
59 105 7503
76 148 31037
186 286 22137
60 62 27693
106 448 16321
23 106 17756
351 483 28454
89 432 28886
27 312 22320
174 472 19524
224 386 8335
89 284 2269
109 354 27582
166 214 24248
40 61 31206
198 241 18935
24 47 26689
100 359 24437
347 366 11172
30 219 2565
152 338 25087
168 210 611
132 221 28139
270 423 25442
46 87 13482
27 461 10496
50 437 20765
251 372 1128
162 248 11933
8 183 2056
13 263 21693
36 476 5699
194 285 18776
172 184 616
70 501 24709
2 364 18170
70 498 10809
368 498 25957
109 291 31687
134 181 17082
195 346 26492
225 312 29192
244 344 24328
363 368 10340
38 177 19829
322 431 24524
204 299 15322
19 53 17753
177 452 8204
35 239 17546
195 216 22265
175 202 9349
346 375 5240
73 327 3491
273 433 20649
40 176 15529
62 231 32575
118 376 30319
233 456 14158
158 196 18925
200 262 29293
145 170 10214
112 286 16460
424 496 7845
58 230 18451
229 281 28044
139 365 17184
10 166 30562
301 426 21762
130 307 11169
328 415 21183
319 499 7740
9 125 16328
14 173 649
148 223 4398
161 171 26973
332 448 14315
147 441 19321
280 425 6498
18 21 24785
151 221 2404
19 176 23139
57 319 7001
7 421 6028
74 432 18527
15 115 12578
6 371 1657
79 372 956
1 9 4400
220 222 4073
70 120 24104
46 47 25168
156 292 6295
134 376 3816
13 282 5292
238 287 29128
54 276 2104
465 500 11584
378 477 2116
174 188 4158
15 297 25428
161 298 297
29 78 32390
28 350 2229
82 130 28621
75 236 30049
12 432 14842
59 265 7072
203 338 24408
108 277 16343
63 122 1527
34 72 3765
111 143 13571
60 135 32152
167 460 21693
31 136 20467
44 366 8938
39 84 8185
161 293 19412
61 233 30705
40 449 23605
31 266 5893
66 76 23204
210 228 14185
276 491 5973
91 209 25896
55 57 14164
325 485 31748
41 163 15487
3 19 2077
93 311 24038
45 243 22630
22 34 31847
195 224 25364
381 484 28051
310 490 31612
114 204 19265
122 351 5671
53 123 99
3 92 17157
229 251 31732
111 190 28415
147 326 22801
22 187 13662
9 47 30624
78 151 24257
55 83 797
185 355 28306
142 395 19795
21 44 8511
22 70 16689
21 39 19617
142 248 5638
162 256 347
60 122 26041
59 412 26384
65 281 26846
318 346 26302
260 263 29117
2 4 7600
113 308 23456
212 421 6329
2 5 5633
119 246 19122
234 426 19315
2 3 25211
388 394 29278
137 449 25579
41 46 27101
47 76 1140
32 247 12130
58 148 5988
269 449 18935
188 232 7944
4 33 20007
6 78 12068
43 443 27123
34 70 631
143 155 19056
20 37 18497
4 6 29904
271 296 4108
42 500 27401
53 74 10532
141 293 14428
385 476 6276
211 218 23647
83 97 17180
22 35 2921
108 215 25536
70 106 29022
11 46 11046
26 84 8275
65 126 19886
202 215 9866
287 348 5626
132 250 32689
50 359 9332
8 50 17249
36 38 9048
213 223 10073
53 145 13279
13 132 13807
193 302 1172
69 326 2458
108 483 10762
167 308 1201
195 429 19039
155 288 26804
398 446 16721
173 247 29359
169 251 26072
129 142 19099
77 256 23416
403 490 12756
4 318 10450
124 143 237
98 190 31255
92 202 16272
28 388 20838
92 125 304
27 234 16456
3 52 18352
36 224 27836
195 495 2384
45 94 27028
22 115 10620
1 23 7445
23 379 19543
111 362 25113
143 261 31506
375 493 3868
220 292 9070
51 133 27648
160 357 9985
7 20 10862
50 365 32531
261 285 32286
80 322 41
213 287 18791
139 177 5275
251 364 18408
86 135 26577
2 18 1070
3 10 1003
22 104 1692
14 15 25097
64 252 23299
8 41 29042
159 201 6060
31 162 13378
459 479 19398
21 420 20586
134 350 29806
83 214 27178
409 434 7883
158 267 22863
15 42 769
170 401 23757
275 490 30429
68 89 26782
55 251 26754
15 27 6121
248 458 28815
143 403 16850
5 16 18543
86 200 14737
1 8 23754
28 44 29339
167 237 7515
155 317 10244
122 259 25235
286 293 21089
238 260 5843
211 434 14799
2 104 5148
48 273 23032
36 51 10383
76 391 11297
401 419 17166
200 270 20388
9 18 14044
162 253 877
50 171 8212
96 146 847
20 223 3144
267 317 12869
211 352 29099
115 127 5896
20 34 1167
102 149 8821
23 53 28200
319 473 4031
81 208 6341
13 110 31839
179 227 1289
16 383 10814
77 390 14533
43 142 18582
10 22 9088
229 346 12395
262 290 7641
96 232 18365
190 370 16444
44 85 19132
46 240 682
152 322 7328
222 371 14970
423 499 2554
18 384 27753
274 492 9363
38 135 22604
130 291 9529
67 325 28990
43 236 6666
302 363 28712
41 397 10263
413 457 10224
197 291 23929
374 438 2483
356 391 3379
14 30 11477
29 96 110
116 358 463
57 390 240
82 125 26620
367 416 28395
1 13 32226
175 191 18539
346 470 153
36 369 21257
189 467 14952
20 105 2233
45 58 10672
101 121 3786
149 285 187
182 322 27237
123 256 13317
38 89 26685
30 142 20512
178 203 21801
53 191 4419
138 445 17368
128 371 1557
187 384 16363
109 146 13418
15 33 2321
42 51 4570
65 255 20730
83 89 31613
171 403 3389
160 343 32573
74 412 19081
220 249 3692
177 498 8365
27 49 25769
62 63 32619
273 427 24383
242 329 6663
147 310 113
138 378 19472
65 143 14211
36 172 31713
311 432 4441
160 386 20415
5 11 32505
230 328 4259
107 316 13925
26 449 25109
125 155 10109
86 322 6302
249 344 25062
54 179 189
112 140 27188
23 27 26215
268 278 11201
356 456 12656
386 408 16888
249 449 1401
195 198 3841
31 261 5168
321 332 20232
203 483 18186
62 87 24223
41 89 8640
17 31 4075
24 125 20781
170 467 32144
72 443 21094
18 22 7076
251 348 3112
17 22 9743
143 171 10468
142 237 18716
17 365 2583
127 246 19500
1 384 23987
59 145 28619
96 307 17601
95 103 26517
54 89 9858
265 272 11689
316 483 19898
104 499 12451
86 166 21998
206 340 24148
151 274 19641
232 386 7336
40 281 20354
150 155 12161
26 76 26682
147 363 9590
28 133 3057
62 242 32424
62 337 29783
183 246 10290
106 139 10641
201 478 27626
175 503 995
121 180 26458
32 331 17691
129 355 20037
378 397 14280
144 347 31764
24 68 5793
112 380 29947
313 418 26786
23 339 17081
232 382 3791
24 32 25151
98 216 1692
193 297 3746
32 416 28773
163 197 27425
19 58 19337
113 230 12592
307 314 8692
60 337 26811
251 275 6981
14 48 8225
76 129 13272
3 193 26268
171 262 11854
95 340 18193
86 129 22133
235 321 31349
173 475 25245
247 314 20558
202 319 15541
104 445 12545
8 78 20170
221 366 28897
222 310 9921
378 441 15417
179 464 29535
173 252 984
9 18 4350
70 187 20152
122 457 9851
236 237 216
206 437 17226
129 463 20588
90 277 5547
301 461 6627
240 495 15479
81 194 22654
334 419 31236
59 262 3174
4 80 13831
244 257 6274
452 464 23172
252 356 29061
17 219 15402
22 85 9442
2 3 30890
362 392 6570
6 55 5620
13 95 18055
168 241 17236
28 152 16203
116 426 31203
233 275 16841
35 190 27608
110 296 7419
5 44 19087
2 239 16025
143 286 31076
57 494 12979
12 13 22451
23 398 15852
208 218 30362
14 69 18017
81 188 24412
104 251 18538
100 186 5479
179 303 27569
60 128 19311
323 461 16983
210 364 25891
94 279 7962
318 339 26464
154 391 4288
125 197 30446
183 363 16428
332 454 2607
330 381 31722
33 185 3145
68 236 30488
291 300 28839
15 448 31479
