618
1000000 999999 999998 999997 999996 999995 999994 999993 999992 999991 999990 999989 999988 999987 999986 999985 999984 999983 999982 999981 999980 999979 999978 999977 999976 999975 999974 999973 999972 999971 999970 999969 999968 999967 999966 999965 999964 999963 999962 999961 999960 999959 999958 999957 999956 999955 999954 999953 999952 999951 999950 999949 999948 999947 999946 999945 999944 999943 999942 999941 999940 999939 999938 999937 999936 999935 999934 999933 999932 999931 999930 999929 999928 999927 999926 999925 999924 999923 999922 999921 999920 999919 999918 999917 999916 999915 999914 999913 999912 999911 999910 999909 999908 999907 999906 999905 999904 999903 999902 999901 999900 999899 999898 999897 999896 999895 999894 999893 999892 999891 999890 999889 999888 999887 999886 999885 999884 999883 999882 999881 999880 999879 999878 999877 999876 999875 999874 999873 999872 999871 999870 999869 999868 999867 999866 999865 999864 999863 999862 999861 999860 999859 999858 999857 999856 999855 999854 999853 999852 999851 999850 999849 999848 999847 999846 999845 999844 999843 999842 999841 999840 999839 999838 999837 999836 999835 999834 999833 999832 999831 999830 999829 999828 999827 999826 999825 999824 999823 999822 999821 999820 999819 999818 999817 999816 999815 999814 999813 999812 999811 999810 999809 999808 999807 999806 999805 999804 999803 999802 999801 999800 999799 999798 999797 999796 999795 999794 999793 999792 999791 999790 999789 999788 999787 999786 999785 999784 999783 999782 999781 999780 999779 999778 999777 999776 999775 999774 999773 999772 999771 999770 999769 999768 999767 999766 999765 999764 999763 999762 999761 999760 999759 999758 999757 999756 999755 999754 999753 999752 999751 999750 999749 999748 999747 999746 999745 999744 999743 999742 999741 999740 999739 999738 999737 999736 999735 999734 999733 999732 999731 999730 999729 999728 999727 999726 999725 999724 999723 999722 999721 999720 999719 999718 999717 999716 999715 999714 999713 999712 999711 999710 999709 999708 999707 999706 999705 999704 999703 999702 999701 999700 999699 999698 999697 999696 999695 999694 999693 999692 999691 999690 999689 999688 999687 999686 999685 999684 999683 999682 999681 999680 999679 999678 999677 999676 999675 999674 999673 999672 999671 999670 999669 999668 999667 999666 999665 999664 999663 999662 999661 999660 999659 999658 999657 999656 999655 999654 999653 999652 999651 999650 999649 999648 999647 999646 999645 999644 999643 999642 999641 999640 999639 999638 999637 999636 999635 999634 999633 999632 999631 999630 999629 999628 999627 999626 999625 999624 999623 999622 999621 999620 999619 999618 999617 999616 999615 999614 999613 999612 999611 999610 999609 999608 999607 999606 999605 999604 999603 999602 999601 999600 999599 999598 999597 999596 999595 999594 999593 999592 999591 999590 999589 999588 999587 999586 999585 999584 999583 999582 999581 999580 999579 999578 999577 999576 999575 999574 999573 999572 999571 999570 999569 999568 999567 999566 999565 999564 999563 999562 999561 999560 999559 999558 999557 999556 999555 999554 999553 999552 999551 999550 999549 999548 999547 999546 999545 999544 999543 999542 999541 999540 999539 999538 999537 999536 999535 999534 999533 999532 999531 999530 999529 999528 999527 999526 999525 999524 999523 999522 999521 999520 999519 999518 999517 999516 999515 999514 999513 999512 999511 999510 999509 999508 999507 999506 999505 999504 999503 999502 999501 999500 999499 999498 999497 999496 999495 999494 999493 999492 999491 999490 999489 999488 999487 999486 999485 999484 999483 999482 999481 999480 999479 999478 999477 999476 999475 999474 999473 999472 999471 999470 999469 999468 999467 999466 999465 999464 999463 999462 999461 999460 999459 999458 999457 999456 999455 999454 999453 999452 999451 999450 999449 999448 999447 999446 999445 999444 999443 999442 999441 999440 999439 999438 999437 999436 999435 999434 999433 999432 999431 999430 999429 999428 999427 999426 999425 999424 999423 999422 999421 999420 999419 999418 999417 999416 999415 999414 999413 999412 999411 999410 999409 999408 999407 999406 999405 999404 999403 999402 999401 999400 999399 999398 999397 999396 999395 999394 999393 999392 999391 999390 999389 999388 999387 999386 999385 999384 999383 
4025
1 2 19352
2 3 24956
3 4 6372
4 5 17698
5 6 20474
6 7 11247
7 8 24841
8 9 27519
9 10 193
10 11 19773
11 12 1138
12 13 1155
13 14 24627
14 15 4775
15 16 24371
16 17 28803
17 18 12196
18 19 20802
19 20 26329
20 21 12398
21 22 1943
22 23 11667
23 24 9128
24 25 2559
25 26 15143
26 27 347
27 28 20263
28 29 15414
29 30 2725
30 31 21428
31 32 15327
32 33 22536
33 34 27011
34 35 5981
35 36 27231
36 37 4438
37 38 23408
38 39 9043
39 40 28547
40 41 7196
41 42 11461
42 43 6561
43 44 4086
44 45 27115
45 46 2592
46 47 12408
47 48 13558
48 49 23449
49 50 15182
50 51 4482
51 52 7767
52 53 15159
53 54 1391
54 55 17268
55 56 30155
56 57 4675
57 58 30804
58 59 20963
59 60 10080
60 61 12319
61 62 11052
62 63 10072
63 64 9034
64 65 29890
65 66 11360
66 67 19878
67 68 27875
68 69 13230
69 70 10427
70 71 2171
71 72 6896
72 73 17185
73 74 3534
74 75 32310
75 76 11558
76 77 2960
77 78 11155
78 79 25336
79 80 23277
80 81 11089
81 82 6480
82 83 23038
83 84 16227
84 85 664
85 86 25022
86 87 302
87 88 1700
88 89 15268
89 90 14955
90 91 23279
91 92 73
92 93 9018
93 94 19037
94 95 2622
95 96 15150
96 97 25939
97 98 17400
98 99 5375
99 100 3705
100 101 530
101 102 22050
102 103 8336
103 104 13271
104 105 3832
105 106 14500
106 107 23716
107 108 22281
108 109 6235
109 110 22483
110 111 4175
111 112 16032
112 113 14100
113 114 25457
114 115 32093
115 116 29188
116 117 11897
117 118 17614
118 119 3560
119 120 187
120 121 9867
121 122 16434
122 123 42
123 124 20200
124 125 22128
125 126 17791
126 127 1167
127 128 2834
128 129 13091
129 130 13331
130 131 526
131 132 12583
132 133 30314
133 134 5612
134 135 29882
135 136 16065
136 137 4616
137 138 5647
138 139 6804
139 140 31911
140 141 25396
141 142 13866
142 143 25252
143 144 407
144 145 14923
145 146 1912
146 147 21064
147 148 21059
148 149 2754
149 150 27365
150 151 21707
151 152 17049
152 153 22366
153 154 7283
154 155 10553
155 156 31815
156 157 11943
157 158 3548
158 159 25202
159 160 20095
160 161 19354
161 162 21625
162 163 11646
163 164 10999
164 165 11934
165 166 11874
166 167 21024
167 168 29749
168 169 17081
169 170 25303
170 171 8622
171 172 265
172 173 25348
173 174 478
174 175 18463
175 176 31067
176 177 21596
177 178 18222
178 179 13158
179 180 28710
180 181 1883
181 182 9292
182 183 1279
183 184 24261
184 185 13958
185 186 13812
186 187 16839
187 188 25966
188 189 13512
189 190 10426
190 191 13328
191 192 29948
192 193 32
193 194 20721
194 195 13301
195 196 17905
196 197 27798
197 198 31180
198 199 18923
199 200 16571
200 201 31603
201 202 12227
202 203 24473
203 204 15158
204 205 12977
205 206 2616
206 207 29418
207 208 12147
208 209 2225
209 210 14427
210 211 32608
211 212 20408
212 213 14380
213 214 21835
214 215 4523
215 216 7111
216 217 4204
217 218 18302
218 219 14714
219 220 23395
220 221 5564
221 222 12130
222 223 19857
223 224 8721
224 225 1565
225 226 10564
226 227 13851
227 228 16412
228 229 5690
229 230 26226
230 231 12610
231 232 17627
232 233 31390
233 234 24988
234 235 17918
235 236 30262
236 237 4389
237 238 12928
238 239 22826
239 240 24935
240 241 16048
241 242 17607
242 243 6365
243 244 26878
244 245 21789
245 246 30249
246 247 12791
247 248 29736
248 249 5495
249 250 24536
250 251 1018
251 252 9008
252 253 8809
253 254 20252
254 255 18204
255 256 11590
256 257 30457
257 258 12602
258 259 22682
259 260 19328
260 261 13683
261 262 30363
262 263 8526
263 264 21790
264 265 25250
265 266 12586
266 267 19076
267 268 28946
268 269 24902
269 270 29182
270 271 13578
271 272 192
272 273 16835
273 274 10809
274 275 26246
275 276 10242
276 277 14871
277 278 4912
278 279 24844
279 280 5743
280 281 23054
281 282 25036
282 283 6384
283 284 30173
284 285 20409
285 286 18736
286 287 31961
287 288 8740
288 289 20508
289 290 4251
290 291 17431
291 292 3621
292 293 30759
293 294 16528
294 295 30519
295 296 31243
296 297 14824
297 298 11061
298 299 26324
299 300 24273
300 301 10750
301 302 21498
302 303 1200
303 304 13061
304 305 16721
305 306 31354
306 307 21251
307 308 27851
308 309 26368
309 310 19622
310 311 24082
311 312 25892
312 313 22171
313 314 1056
314 315 29700
315 316 112
316 317 13971
317 318 29413
318 319 3825
319 320 16434
320 321 29422
321 322 17199
322 323 9533
323 324 8724
324 325 12351
325 326 28314
326 327 21540
327 328 28715
328 329 27350
329 330 12421
330 331 6293
331 332 26235
332 333 5684
333 334 30651
334 335 2628
335 336 20926
336 337 20674
337 338 6995
338 339 19707
339 340 2913
340 341 32706
341 342 22228
342 343 11312
343 344 30416
344 345 26501
345 346 20893
346 347 5341
347 348 25587
348 349 5086
349 350 13700
350 351 24972
351 352 31480
352 353 9432
353 354 6334
354 355 11441
355 356 5460
356 357 21412
357 358 16127
358 359 7485
359 360 10244
360 361 17365
361 362 30177
362 363 24944
363 364 8985
364 365 29904
365 366 4234
366 367 19439
367 368 27251
368 369 26493
369 370 18057
370 371 18198
371 372 19405
372 373 19523
373 374 31234
374 375 4751
375 376 5626
376 377 19764
377 378 10507
378 379 32548
379 380 13677
380 381 18564
381 382 3669
382 383 7377
383 384 31231
384 385 3904
385 386 13583
386 387 3870
387 388 27117
388 389 31804
389 390 1031
390 391 31660
391 392 17952
392 393 30542
393 394 1043
394 395 18189
395 396 9138
396 397 14521
397 398 26031
398 399 5080
399 400 16045
400 401 24812
401 402 2535
402 403 14333
403 404 27158
404 405 14445
405 406 4728
406 407 7255
407 408 16682
408 409 11280
409 410 15666
410 411 14976
411 412 32231
412 413 22892
413 414 3744
414 415 11497
415 416 6350
416 417 16271
417 418 4075
418 419 1322
419 420 5608
420 421 26609
421 422 9212
422 423 23702
423 424 8967
424 425 7079
425 426 14305
426 427 21267
427 428 27470
428 429 30937
429 430 21106
430 431 28713
431 432 17395
432 433 31862
433 434 18228
434 435 6744
435 436 5700
436 437 21542
437 438 4221
438 439 6319
439 440 10984
440 441 3201
441 442 5337
442 443 21146
443 444 14952
444 445 28542
445 446 23469
446 447 16892
447 448 26350
448 449 10030
449 450 29978
450 451 19325
451 452 844
452 453 30890
453 454 6436
454 455 28966
455 456 19263
456 457 11082
457 458 16916
458 459 4907
459 460 28917
460 461 28695
461 462 17946
462 463 13063
463 464 9166
464 465 23939
465 466 13367
466 467 27854
467 468 29792
468 469 21336
469 470 30810
470 471 6847
471 472 14781
472 473 23279
473 474 2762
474 475 22297
475 476 23544
476 477 22434
477 478 11971
478 479 20529
479 480 10213
480 481 7043
481 482 1124
482 483 8896
483 484 4129
484 485 13391
485 486 29129
486 487 11905
487 488 32594
488 489 1181
489 490 10100
490 491 6396
491 492 8112
492 493 32091
493 494 17393
494 495 29340
495 496 15301
496 497 2939
497 498 23225
498 499 12808
499 500 7280
500 501 3562
501 502 25176
502 503 31152
503 504 2096
504 505 26562
505 506 19915
506 507 23462
507 508 18335
508 509 704
509 510 21804
510 511 4016
511 512 21309
512 513 22008
513 514 12689
514 515 20379
515 516 3695
516 517 17607
517 518 20529
518 519 19922
519 520 13256
520 521 27146
521 522 16584
522 523 31279
523 524 22150
524 525 9101
525 526 25405
526 527 2320
527 528 7520
528 529 29127
529 530 6274
530 531 28846
531 532 6783
532 533 32708
533 534 31421
534 535 20650
535 536 25802
536 537 26466
537 538 24741
538 539 30697
539 540 22118
540 541 1472
541 542 12334
542 543 31906
543 544 5245
544 545 29684
545 546 17512
546 547 6837
547 548 17471
548 549 30716
549 550 27300
550 551 19519
551 552 4391
552 553 503
553 554 15066
554 555 20587
555 556 26752
556 557 2454
557 558 20295
558 559 5259
559 560 3623
560 561 24525
561 562 8026
562 563 13159
563 564 28306
564 565 18638
565 566 465
566 567 32468
567 568 21009
568 569 29239
569 570 6688
570 571 18313
571 572 21844
572 573 6538
573 574 13586
574 575 22319
575 576 19246
576 577 30431
577 578 22706
578 579 20663
579 580 27544
580 581 16341
581 582 2924
582 583 27376
583 584 29689
584 585 22222
585 586 5744
586 587 14681
587 588 7333
588 589 31324
589 590 18263
590 591 30516
591 592 1955
592 593 2294
593 594 29961
594 595 2267
595 596 3251
596 597 11504
597 598 19422
598 599 10071
599 600 1679
600 601 1194
601 602 9475
602 603 27183
603 604 1394
604 605 6919
605 606 27936
606 607 9086
607 608 2775
608 609 17440
609 610 24119
610 611 16968
611 612 12931
612 613 12858
613 614 4304
614 615 12046
615 616 27845
616 617 22262
617 618 10323
46 52 7861
60 113 1194
420 529 23785
37 204 12635
74 89 24
62 283 2845
265 497 6912
61 252 17425
196 305 27927
143 347 21719
56 307 19344
4 46 7857
263 389 18443
190 193 2588
547 618 9039
201 480 15147
43 74 32729
68 598 18249
183 191 6956
137 140 4144
214 309 26143
99 144 5683
14 504 29600
136 474 18478
12 414 12962
6 344 8639
15 16 4918
457 581 22667
385 469 24567
203 237 32706
165 175 3160
30 43 29984
18 41 19825
78 99 11546
34 65 22108
416 440 7160
438 501 21066
52 176 6156
167 392 1486
36 46 13641
285 296 11796
194 323 21728
337 392 4094
299 583 947
110 142 608
122 223 22715
420 492 26060
402 497 24759
48 53 16816
296 314 22203
259 263 29107
483 527 377
2 250 16282
16 221 7000
33 118 17684
69 263 16313
114 306 20029
419 439 506
49 463 196
3 130 8975
177 303 5353
142 301 24790
60 523 17623
115 209 9830
86 196 3081
223 577 1805
21 24 13230
54 109 30139
236 478 19027
445 497 10502
5 437 21566
205 268 8213
9 70 3891
563 608 22283
6 8 24482
144 207 31175
128 145 13939
418 524 23074
59 341 17891
10 67 10981
12 278 303
138 193 4909
29 64 30214
148 354 9731
232 317 24568
14 41 14404
167 374 13655
106 158 821
59 86 10822
22 116 3154
1 255 4596
186 455 31554
147 195 28451
329 525 27886
29 180 15515
330 548 32554
138 475 19221
92 318 21115
540 603 21944
3 72 10202
80 135 28492
19 81 7811
59 64 31145
26 44 31278
9 15 17932
62 175 21583
27 64 6228
192 366 15143
31 73 24668
100 221 6090
52 59 25579
64 94 20589
14 29 6383
462 475 3734
111 566 25341
273 598 26886
134 190 6225
81 289 32623
7 9 29120
125 401 27224
96 220 9814
10 29 19392
10 53 16029
1 108 23900
186 277 29887
220 375 8067
336 604 3580
223 401 22564
91 94 20270
141 217 29533
248 262 20817
63 191 8079
1 19 23628
44 92 15609
48 131 23911
12 247 32074
4 123 23608
46 58 27045
145 353 19435
10 143 1545
139 163 4145
210 493 32554
145 200 21563
112 341 19463
12 37 14215
292 376 32495
162 320 10096
6 76 14779
128 246 19902
299 344 26448
148 550 7080
55 577 4315
276 360 30212
445 488 28476
103 150 12953
1 2 18837
255 344 16341
95 137 22541
38 75 18258
150 437 19980
59 203 12523
282 409 29099
108 182 28499
60 150 19985
16 337 16491
4 112 11491
58 436 23248
221 408 10018
116 257 12110
10 44 22532
61 369 16448
79 157 7335
177 184 27148
302 596 25019
202 477 7980
266 333 23659
33 359 24463
134 266 15920
221 601 26166
286 438 2904
127 258 31062
40 471 19040
335 419 18536
232 298 22134
311 315 8424
394 560 18877
134 340 19902
511 530 17446
1 2 32379
1 25 23043
409 421 27381
425 537 16794
37 44 23781
66 202 31068
192 358 11412
155 216 10392
218 494 24258
407 472 31415
7 557 16699
15 21 14703
120 303 28902
100 130 1125
60 341 28460
5 28 17720
20 333 9733
481 602 29940
13 443 16662
161 306 1105
417 518 26528
87 175 19024
231 260 30249
103 153 21782
419 561 10290
157 383 26391
340 346 342
103 171 24290
1 379 666
132 202 21051
460 601 9189
307 472 21829
215 308 29387
48 519 19678
92 224 28476
243 474 22406
41 242 5042
86 478 23145
124 554 14830
540 545 10331
81 524 3688
36 197 5870
34 458 21506
143 323 14823
59 216 9880
108 234 30655
64 546 1668
92 164 18932
160 404 4146
21 34 21070
158 178 10833
119 456 2673
239 462 31312
67 121 17735
299 322 25119
157 177 4654
344 473 31592
42 406 24556
115 217 17354
263 283 4565
11 453 19123
208 395 9135
429 479 31974
203 213 2348
148 276 29404
171 182 15381
104 378 16000
176 185 30856
440 616 27117
17 192 2249
208 517 31799
60 92 19092
12 58 14965
2 366 22015
12 567 19067
37 247 29252
473 591 10749
227 614 24331
104 347 26659
125 241 30995
3 137 2221
89 328 30529
153 222 16181
14 56 31107
106 425 5690
300 396 29966
33 75 26865
135 335 16854
138 354 10258
88 448 15191
162 515 286
449 543 6921
146 175 31946
14 127 32017
185 320 21656
63 239 28689
66 371 26823
110 308 5921
310 516 14106
48 465 20825
32 35 18475
59 357 7285
86 179 3143
162 169 4218
420 456 25090
11 269 28771
161 185 20479
121 202 28732
31 43 10413
81 87 2881
1 456 10720
221 522 9421
482 518 909
15 35 17732
170 405 22553
478 527 8256
4 449 3571
254 397 17309
98 159 32118
297 556 26440
14 30 30535
109 485 25553
103 262 7848
321 344 27188
3 222 28792
340 507 16729
127 518 23253
73 238 7726
99 252 21155
35 339 12666
460 533 11103
291 422 21167
25 258 27398
117 190 20837
358 472 14072
126 204 32581
153 559 6182
4 12 657
57 106 998
66 74 1417
6 9 9278
147 476 29016
460 536 5522
329 472 9050
49 81 2283
20 105 464
118 400 16727
114 447 4446
161 176 2069
596 615 16107
73 165 18056
437 585 2490
67 89 17952
217 555 10194
262 372 30146
102 134 13072
117 257 20819
160 171 30589
19 72 29555
297 552 11193
35 476 17032
247 399 17047
172 499 25002
309 358 12612
35 183 25365
50 218 1936
249 327 32033
10 128 8237
29 35 1017
28 252 3330
120 417 31111
16 462 18401
67 366 29258
11 42 10824
49 501 10514
259 274 20210
26 588 13534
147 520 22108
22 272 15173
98 406 9111
186 290 32567
117 228 6385
36 617 7933
103 338 13414
231 317 1460
97 211 14801
88 103 21442
42 261 27988
284 300 7925
254 358 19064
57 295 13899
38 40 13548
98 110 24206
70 127 26096
34 124 5202
244 334 26062
89 293 5360
291 472 17134
241 295 5017
114 526 107
227 285 24724
365 608 29742
201 428 14396
14 358 4350
245 524 15464
100 189 29451
208 249 5688
242 549 1485
329 464 14206
33 93 20577
117 130 31292
72 206 29089
165 461 16882
14 472 10151
139 240 5550
47 102 30339
22 26 15131
197 442 12359
103 121 31232
45 479 21688
31 109 11510
233 585 2368
27 418 28469
100 334 23038
13 289 24782
106 528 6910
13 262 29102
152 574 11527
89 127 14640
58 509 11129
31 492 25401
35 500 12597
6 253 32013
72 81 140
27 44 15195
25 149 32407
180 586 49
34 59 11415
78 611 17116
59 103 10788
50 331 21731
33 36 24919
272 473 9875
127 226 23094
125 164 29405
358 523 25860
151 341 28019
133 197 25416
163 329 32622
82 180 1451
13 118 7638
257 505 26867
310 344 8940
247 437 9934
264 407 7689
15 81 16166
211 239 5983
162 271 17721
169 375 7191
194 379 1957
103 265 23660
26 490 3366
506 535 2265
2 7 18372
193 200 15487
345 473 24212
43 176 29245
29 48 29284
14 57 3899
376 569 23524
117 136 18646
8 29 8749
251 559 25894
324 593 24245
35 343 23716
37 255 12
241 396 2192
82 162 28416
84 148 7460
6 216 4591
59 81 32707
38 59 6262
232 310 26779
16 18 28095
49 104 31857
21 44 14873
49 343 30366
28 218 3230
273 436 25690
347 425 11288
456 519 10725
502 512 14946
281 338 24380
83 102 22512
109 159 21841
402 539 23889
145 463 5631
223 231 7871
54 414 16442
236 432 4637
25 31 3872
60 509 10731
162 505 30205
207 354 22561
312 427 21598
219 290 499
527 607 11461
418 460 18909
12 40 19875
410 613 1940
115 586 20377
297 332 7599
237 352 32053
424 443 11039
214 273 30630
249 374 27347
117 213 2332
40 74 32281
9 10 24781
73 482 28317
190 200 15829
325 471 31508
69 523 9584
24 127 19957
136 265 30264
121 388 8140
335 582 19832
17 57 3858
17 28 5287
73 120 13701
53 120 31914
53 69 18298
153 306 31096
16 240 25507
1 86 19498
34 42 14905
352 464 8867
499 599 26762
76 124 6991
62 487 25184
50 53 24751
291 421 5304
1 16 25513
230 610 9664
421 510 19673
93 312 25631
477 525 23632
130 421 11239
144 344 27782
162 167 20936
146 473 30830
426 429 5467
276 584 11755
568 575 16805
88 126 3343
179 527 3861
278 389 10745
77 130 7349
47 122 10791
342 459 32321
50 425 22414
70 152 31581
189 485 29412
275 289 16435
35 152 7130
69 117 31237
66 246 309
124 410 15019
572 594 25614
293 311 5106
92 130 8346
22 559 14413
28 29 13387
557 591 8291
404 415 27693
31 48 19802
326 616 22473
113 294 19950
164 327 7153
67 338 16563
80 179 7750
75 440 14363
364 517 3417
74 403 13584
240 316 21169
40 217 29506
66 76 21275
143 172 3708
483 589 22295
211 300 10913
286 300 22583
49 243 20500
62 114 4556
380 538 11456
1 5 25153
17 50 28160
351 562 6110
16 17 521
259 267 32502
19 210 20401
55 137 16566
162 545 27042
381 403 10494
10 108 32347
447 467 3855
159 480 22670
90 377 12286
144 281 15285
5 64 6940
37 50 22275
6 14 12257
38 63 31984
5 37 27124
26 180 22541
203 343 9062
188 432 1524
380 608 24129
212 441 26467
456 481 24045
17 84 8417
470 616 11816
7 13 18824
412 418 30845
16 62 11717
94 105 2682
217 254 27174
225 238 32281
65 406 1689
37 211 25372
360 489 13478
34 35 25413
52 615 29569
11 277 29875
48 88 13075
6 11 5331
264 380 11076
93 169 2964
90 472 3888
274 465 10737
67 160 7177
22 41 10218
49 537 20951
5 381 1399
10 110 30804
32 239 28456
107 316 31892
297 401 29293
15 31 17471
15 216 5810
286 375 22913
26 606 2011
11 13 24316
219 508 13254
263 438 7524
438 446 24532
494 606 17546
28 49 7343
253 323 14342
5 50 28100
3 100 950
27 120 18221
21 441 28373
431 436 32761
50 364 9301
355 426 20510
439 457 7612
82 334 14448
42 179 31167
145 410 6257
193 258 14914
8 190 2273
25 78 7567
54 100 9036
5 178 29921
258 282 32268
157 543 3736
349 515 8571
28 400 5288
27 511 26181
226 317 12330
204 243 22044
7 26 26900
234 240 7997
80 154 9605
34 43 16520
133 201 28202
562 605 5907
14 46 17821
118 432 14212
380 602 32472
30 65 19610
125 242 8976
78 293 25000
256 418 12685
146 553 23276
297 352 25700
459 494 14094
318 569 15126
156 190 23598
370 606 26757
14 19 30782
144 484 29627
58 482 12197
235 592 29565
25 288 18009
67 264 23194
157 195 28409
77 430 24436
162 596 18564
30 190 13122
40 258 7879
179 244 3563
176 222 2711
385 503 6547
15 319 26221
167 179 5428
359 454 263
154 187 10196
47 134 23313
41 229 26165
89 314 24079
208 329 2837
11 66 10739
49 50 26205
221 539 9253
102 276 8647
52 274 11764
226 608 14822
127 537 8603
8 221 153
47 161 15461
363 387 14924
105 231 16788
147 218 31124
350 604 13588
93 97 21772
22 51 24105
20 96 377
286 576 8596
188 238 20129
47 304 32732
8 53 3930
253 580 28619
130 167 9659
38 114 13884
25 26 21111
91 384 5057
90 136 4802
81 308 30169
62 317 23130
90 104 7335
110 282 24458
136 139 10090
278 306 3381
251 429 2342
19 487 4951
238 340 21564
120 208 2171
208 218 26346
21 31 12051
6 7 7134
426 442 18364
262 468 2413
488 546 30157
85 101 24330
25 440 11717
56 554 25607
70 307 32117
111 145 19413
214 345 19447
212 486 21301
196 326 981
3 13 14106
61 76 999
15 62 24873
37 62 17363
397 580 28451
147 167 24375
285 370 20883
224 237 18149
273 313 29592
11 439 14772
69 122 173
39 254 28372
48 429 16045
447 519 6575
74 139 24972
35 558 13236
50 82 2950
25 197 21152
1 90 10149
282 356 21027
42 86 17902
522 612 19960
73 273 26526
69 145 26048
32 72 3896
379 415 5701
264 579 15190
53 155 11246
1 108 1140
5 26 140
225 549 13622
82 264 27338
129 187 12758
70 139 4066
13 492 11961
61 140 14441
63 372 24418
306 511 28492
115 185 15929
21 452 7766
291 300 8924
10 123 7640
270 393 24571
9 364 21835
136 287 25326
19 49 10492
428 489 7805
33 48 5422
317 506 14235
182 569 4398
189 327 17919
324 337 13646
135 385 21475
198 589 13508
213 234 28495
15 264 6366
37 592 25783
221 567 23821
318 361 28121
101 529 9137
33 40 4382
14 74 18863
115 195 27885
380 403 13110
157 610 1960
433 462 22082
239 274 18514
105 431 22455
6 377 17683
39 158 5678
108 133 27660
57 164 18893
15 384 59
559 581 705
45 207 18281
65 516 22567
223 260 26439
202 514 6035
7 148 8017
74 220 18811
138 307 6673
108 270 31006
123 183 19406
250 330 28364
14 263 3541
43 82 408
97 298 11481
97 373 25053
83 348 17949
369 560 20500
505 514 25191
9 282 11252
55 188 3820
103 118 13785
16 616 5044
48 166 20691
275 539 9257
172 502 7680
30 465 20941
96 318 31219
247 541 29261
182 258 19284
488 492 24931
79 500 15875
273 489 23631
328 344 2149
69 205 30670
10 98 16544
96 160 13007
214 375 9709
144 159 14176
34 97 9813
35 117 18562
262 505 25448
257 464 30443
15 245 6357
263 456 20445
233 381 7662
324 390 8340
96 170 22390
10 229 28165
38 264 24915
482 606 13274
212 222 4081
42 60 12021
28 54 14209
72 175 14049
371 374 31576
157 400 18160
82 126 21012
241 252 8963
225 236 31575
299 410 19753
87 175 27190
14 80 6296
26 146 13230
111 139 23472
130 272 29373
28 529 26116
121 237 23534
390 562 16543
3 144 30850
153 177 11777
20 379 17779
269 509 11397
71 418 19715
29 310 14638
101 361 20897
322 549 2578
88 91 22332
66 74 16088
141 349 21602
84 382 27396
19 90 9921
71 119 12552
47 227 7903
8 548 13905
355 526 9504
400 431 22476
363 375 11901
185 226 917
141 225 373
120 376 18377
89 241 15386
58 89 20413
189 505 12877
25 26 1
72 85 10120
156 449 30452
31 327 10688
308 403 15073
88 246 31561
46 136 8142
5 532 6089
275 381 16013
291 361 1165
270 492 947
106 110 22248
88 143 14447
200 508 15208
2 4 16525
11 82 24314
93 326 28669
417 463 30551
41 490 8116
45 239 23127
26 286 23754
463 476 11253
11 18 32281
130 328 14637
41 117 27599
92 227 10745
37 404 16817
156 177 24347
27 593 32762
6 7 8308
387 450 2083
201 259 18193
87 268 31223
6 25 23112
221 356 31413
128 131 14694
147 269 21310
147 420 29674
19 33 29556
334 397 28731
89 106 6236
17 115 1370
181 597 24482
22 156 17934
18 21 20102
93 137 31843
187 217 2917
110 391 19105
228 462 4186
55 444 8975
234 590 17068
47 85 23053
217 476 28152
37 86 3693
241 487 29539
41 167 4641
463 541 23617
455 502 29062
87 308 15579
225 451 16896
390 576 16237
85 543 4252
283 392 6259
83 163 12281
297 319 23762
53 387 20645
66 517 1931
11 45 20905
237 338 16370
465 612 7943
50 182 29354
370 513 21071
97 451 24262
40 92 11668
330 342 9708
49 305 878
7 183 2378
130 234 16072
166 259 5810
277 299 5033
185 392 28745
243 251 32321
349 594 24196
326 509 10202
69 173 20329
107 323 8574
82 483 5962
242 333 12915
2 122 1657
199 360 19675
87 418 1195
1 8 9497
256 383 11769
71 278 30924
22 128 14020
95 109 22654
51 417 29418
48 53 21337
338 509 4620
289 502 18047
130 185 17879
70 423 23001
86 594 26758
21 485 29309
9 21 10531
67 152 9970
382 417 4137
18 26 7168
238 372 10900
39 105 12496
61 183 8844
371 523 6025
458 550 21536
416 554 29605
109 497 20949
180 465 27062
281 478 8183
235 293 17504
199 263 32483
160 498 156
323 468 15312
357 362 18352
130 267 31929
152 198 10081
226 257 10103
121 212 18747
164 433 11566
364 404 4120
3 26 31382
3 531 28443
218 333 25298
6 11 4064
145 254 24003
46 175 1433
586 608 13346
165 184 26943
124 145 715
13 185 24364
286 435 11248
377 432 16571
161 580 10300
104 591 1204
182 322 780
54 611 6073
370 597 29752
313 417 12786
100 169 20278
384 549 27035
187 561 12920
149 369 23115
83 167 21320
446 530 18196
263 432 16798
28 143 12734
203 228 23710
49 110 3021
165 422 15295
202 413 30241
235 314 22985
320 384 2622
49 102 9776
35 140 29859
267 277 5748
9 20 18885
4 7 13455
251 494 1918
80 327 18582
11 96 13067
102 348 27413
384 390 2043
16 427 23257
71 159 18071
244 297 11290
140 370 28843
6 271 8265
220 240 14771
25 34 31977
59 365 11234
153 384 23872
382 460 5502
39 41 3525
12 194 19063
463 477 20880
236 298 13394
129 141 20795
76 117 7867
361 478 12274
41 58 14680
222 254 11945
182 500 30646
62 88 11950
107 138 24168
496 612 7182
17 45 30889
51 300 7563
358 400 13350
18 187 11027
343 524 18623
44 283 11513
43 88 12377
310 612 21850
195 510 5909
29 31 21116
372 380 9870
277 502 5126
149 206 12012
138 322 30299
286 457 1773
11 56 3722
31 68 6188
139 419 22153
93 375 32602
6 306 27830
117 128 28
232 257 19155
325 419 23247
5 48 6142
58 457 26208
162 248 22091
31 562 15096
188 481 30732
260 397 18995
7 21 12788
141 299 2063
120 345 30345
103 405 21477
131 232 15534
218 262 13050
508 559 22055
124 127 13974
139 537 31843
200 361 9634
68 75 10482
108 117 17971
310 607 7282
328 412 32149
157 304 29143
296 347 32177
1 95 5467
201 385 27871
257 600 15733
367 456 29064
176 392 27051
50 123 23845
319 592 15906
13 222 27251
4 18 9258
82 476 12546
395 449 14144
182 265 9317
209 425 835
78 282 16293
8 27 17346
195 396 28110
189 391 32179
4 469 26283
48 183 17401
188 521 8975
222 610 3189
408 425 20025
147 382 32419
33 87 16954
198 615 26092
183 293 15198
185 323 16693
56 110 4877
206 583 5714
3 592 3239
323 496 2919
58 178 7985
518 593 8544
29 34 15618
1 11 4608
26 571 30382
22 222 6462
130 145 2263
250 253 9443
81 141 31922
7 15 22188
390 597 4452
361 380 17498
114 188 14467
44 265 15985
200 552 6744
186 540 29089
25 142 26304
23 321 16388
162 379 15795
28 586 1717
173 273 18143
52 55 31096
40 63 12765
324 338 8542
21 188 24802
280 539 11437
112 216 32260
18 246 28026
477 533 16220
12 45 29108
148 367 14521
414 490 23180
51 73 22947
63 162 21122
11 26 11469
75 511 2180
102 514 10839
142 186 15320
442 467 105
155 195 30671
347 473 11794
18 103 28529
358 496 14956
185 571 18594
141 350 18032
538 616 25453
94 162 16905
184 211 5506
381 400 15681
11 50 15101
289 442 13472
52 270 13591
104 121 25613
199 430 17488
35 125 11739
2 123 28465
350 452 3016
395 474 10173
351 523 24076
140 429 28955
53 155 20694
125 601 13360
185 272 2758
27 214 3359
213 436 30529
256 447 29913
103 565 21945
17 195 4441
406 550 21305
141 231 31763
261 426 26067
6 7 16831
53 55 31180
11 12 3986
187 498 20115
247 361 16752
125 151 13797
63 142 8656
52 160 20911
434 438 30525
180 252 32138
389 577 17593
426 455 22249
452 612 14709
111 414 25425
97 316 404
104 184 13870
21 102 19700
11 35 16419
155 470 16948
97 308 12272
142 263 878
140 310 4405
3 26 14175
74 565 12228
107 131 1271
34 129 17986
2 21 26750
2 5 13630
180 287 4310
236 569 31757
324 525 22662
21 246 32524
56 211 16779
9 13 24342
50 373 27686
97 581 21585
36 230 8222
82 255 12955
205 467 32049
14 17 2115
32 265 4777
152 251 14289
410 516 18253
250 478 5127
74 78 29224
113 368 29027
252 503 6621
63 83 25292
76 338 21375
262 598 32555
16 103 31531
220 228 11301
17 19 20428
290 307 3631
214 436 10457
28 63 30891
125 336 22510
156 230 6366
351 420 8585
219 464 11475
85 617 24405
55 72 29579
324 557 9162
139 143 13836
7 348 27147
37 410 24874
33 193 20037
13 33 13853
147 367 18946
59 467 11337
134 215 19753
311 359 18620
121 223 6048
5 21 80
105 143 16595
184 570 16242
82 548 12680
114 255 32508
42 147 18881
19 75 28589
327 331 20394
395 536 19992
125 196 26041
153 191 28454
58 72 30093
10 32 6526
163 253 2612
399 455 23157
329 559 20442
22 70 17741
147 244 10256
7 8 497
104 107 18732
89 173 19564
351 589 1142
116 539 6349
325 556 25111
104 240 1854
21 61 4872
174 196 17007
36 455 6262
12 72 22182
28 353 15694
10 304 6675
96 408 27128
280 584 28478
171 565 17250
202 238 4257
19 40 15852
39 176 16594
32 64 8666
171 337 15562
160 380 16972
126 330 13858
121 219 10486
337 435 31081
304 376 2056
251 500 18649
319 517 12554
98 203 28183
108 580 27284
109 585 9671
264 440 6189
150 403 24079
133 324 3764
132 228 23910
332 553 29986
157 479 22852
33 128 1158
77 170 23692
375 511 11142
421 556 11201
212 433 22736
88 165 10604
19 281 19770
16 61 10048
141 283 8586
116 119 8402
100 299 29971
175 422 8972
79 182 20910
305 462 12191
110 120 1728
12 15 19995
80 416 24638
135 565 17538
40 472 32762
282 446 12134
117 375 3735
85 288 30199
62 159 18162
127 577 28811
379 431 23028
190 344 6277
94 314 8695
34 328 20134
233 492 25669
26 39 16691
170 320 17510
3 32 19820
171 256 24625
58 286 28747
141 175 7383
135 182 2184
85 217 19560
110 369 24658
338 441 20613
55 176 16186
22 447 2606
112 254 13638
188 479 4093
80 142 30252
506 594 6948
225 519 2073
390 539 12553
72 101 19351
366 491 4697
201 410 2670
58 450 14814
463 593 22934
148 456 1168
17 330 16018
153 312 18821
206 236 17097
98 259 978
123 270 32701
179 291 2438
274 512 17710
159 561 29239
370 601 22153
166 465 5339
28 358 28475
105 396 14320
458 492 21938
212 229 19
9 59 21311
240 249 10392
171 468 31504
59 194 28357
317 372 21753
80 115 9148
190 324 20689
200 267 25144
390 602 28025
23 121 15527
392 464 19194
63 530 11599
5 6 311
207 222 30066
97 372 7455
4 545 14777
7 8 9329
208 366 22860
105 226 1121
10 66 2649
543 580 27081
51 464 518
10 21 16808
136 255 9971
12 33 5918
47 254 21729
32 337 16418
37 134 23832
2 489 23721
22 326 667
50 179 9211
308 564 595
1 3 27228
68 130 5815
26 72 15709
421 490 9108
62 92 32630
99 119 8715
77 579 7083
202 203 19932
293 470 20586
102 120 19599
102 176 15609
107 478 23593
113 232 24306
5 25 23140
18 92 5581
108 280 30372
176 493 8302
198 242 28707
58 350 27932
99 447 12040
237 399 3714
80 326 8807
199 244 18559
1 36 26197
130 298 32238
233 508 7325
31 299 25781
88 128 26550
291 414 22447
152 489 27401
242 341 30301
266 533 25774
480 579 4183
512 602 13340
530 537 12019
120 300 16009
1 5 31145
73 108 27893
76 206 16907
143 158 18690
64 327 19064
223 286 21812
45 378 26317
117 167 29232
132 323 30913
238 437 17926
169 616 4529
208 555 31670
96 144 16902
54 198 8300
12 20 25211
11 22 12586
79 188 32236
438 547 26318
65 101 632
150 163 18373
157 515 5911
29 47 19905
237 547 28409
58 170 21323
42 47 17989
201 343 20500
259 289 27664
48 185 31805
9 16 27561
7 333 4640
162 164 7049
43 49 25405
85 368 8841
242 533 8272
123 547 29739
12 18 24001
93 406 27419
78 425 21742
44 187 5424
3 7 30715
349 428 1691
389 460 28975
17 140 12801
320 502 26631
155 272 25008
39 57 13697
112 152 4662
418 459 24150
5 101 10496
29 160 1299
22 25 25037
357 560 24409
210 507 25617
97 107 24742
49 71 19880
366 404 4721
93 189 12898
121 151 17554
201 256 10316
91 135 12823
14 109 1738
218 500 13851
269 362 4824
66 452 2375
48 131 32015
117 243 3061
1 94 26179
8 362 10801
145 254 9674
115 118 15892
65 114 22745
156 561 18978
275 353 25721
249 378 18616
10 247 7159
417 432 28335
147 405 15333
157 300 28344
4 53 28165
147 283 22564
33 216 9398
177 231 26382
140 203 23732
430 614 21803
6 293 19027
56 466 16803
23 221 13177
46 95 27584
138 267 18943
118 290 3932
65 92 21065
212 323 852
23 35 20529
22 138 6501
293 321 26774
6 110 31807
124 298 12339
35 56 13243
88 109 20617
440 551 24683
172 231 20989
234 573 30463
466 499 1664
20 279 6462
111 311 4691
521 596 28025
351 356 30922
24 51 22215
65 202 28956
187 567 32618
269 358 11168
153 157 5164
202 331 10757
91 96 10903
265 439 28007
28 141 25939
338 578 4950
15 326 20754
314 392 5924
7 30 31183
81 115 24339
47 89 11082
175 569 5439
152 155 268
35 70 6742
68 109 10581
178 206 13436
99 447 23486
40 148 1772
72 358 20348
18 174 28470
259 508 18054
33 82 11053
130 572 23047
471 475 14045
23 366 27109
131 372 13344
478 600 13386
52 607 30129
133 248 31590
29 72 1486
144 273 3823
311 363 17600
67 415 23559
12 38 5606
523 573 8581
129 159 4637
240 471 24551
57 210 27793
254 316 25417
3 5 13153
9 49 11061
24 38 26519
229 293 18228
13 25 8294
457 484 20568
262 552 7091
98 367 18244
59 360 21058
114 157 7002
10 199 28722
266 483 19214
64 173 642
29 169 13978
32 365 20690
27 521 13700
24 302 18088
94 118 5298
259 329 4568
257 612 9730
210 271 17382
38 338 19364
185 486 25203
13 44 14495
130 561 30491
82 377 19788
77 499 26960
48 131 20914
114 321 19725
10 347 10497
68 91 26493
304 555 16546
28 161 1768
410 416 17037
341 551 32131
227 531 17905
205 386 9975
213 540 10831
48 237 28349
238 290 18571
78 122 24993
2 5 685
225 410 32510
317 500 17994
69 157 20133
77 234 7872
45 469 18019
41 605 19405
101 203 22169
3 14 17978
308 382 6005
257 419 32635
60 95 6304
171 551 19098
57 65 21378
3 413 3026
57 168 17514
140 606 22931
106 336 18748
68 439 29940
134 206 9329
135 375 14521
481 568 31122
240 257 9587
15 136 21617
114 382 22124
162 306 24270
5 201 15963
41 46 24616
19 34 23561
8 280 4591
227 266 30335
212 441 17999
365 563 11599
212 530 27208
76 180 5385
1 2 7128
13 114 271
340 468 29529
270 432 21308
183 293 19304
252 609 32535
192 521 21740
280 543 12683
265 373 11543
142 163 3935
39 164 2420
197 456 3039
108 147 29286
161 447 18036
1 291 32417
196 467 31012
10 13 8832
6 7 6949
283 336 31815
20 528 16916
17 403 8885
137 233 20844
22 146 28016
357 398 31560
62 105 1843
124 141 18079
78 181 26559
488 593 3707
64 442 10245
52 289 2775
346 515 3335
322 509 16160
241 298 13905
296 470 29599
120 498 9003
462 554 30247
14 100 19917
13 76 5088
393 593 32312
487 523 24843
309 537 16003
240 247 17675
155 282 6336
52 323 12319
2 122 2757
210 287 11656
21 350 30328
6 403 25
112 176 21874
320 492 28767
100 425 11541
33 262 15071
12 27 15466
236 549 29221
298 573 12130
177 205 31633
39 43 23374
211 398 24360
122 126 13989
158 175 16854
386 447 29308
112 263 24285
309 376 26164
152 257 106
157 573 28234
2 54 8328
132 345 1362
143 262 21223
115 211 19073
9 27 11565
8 169 27471
11 16 26323
158 189 3612
242 520 10935
35 54 31199
75 141 25578
429 494 23361
194 384 31847
146 353 16825
582 617 24493
127 200 20351
19 73 27774
172 277 11635
227 251 10282
10 18 12361
159 343 19245
72 226 20124
437 604 29197
153 199 8114
226 422 11964
272 430 10522
152 160 13799
485 603 21867
241 270 16633
188 266 6342
118 363 18621
4 240 6137
78 302 17891
215 343 11590
31 544 31700
5 9 29242
51 165 18327
447 525 6185
10 95 20411
229 400 24858
40 366 4986
29 344 2376
257 496 1688
26 58 30096
45 532 29863
64 347 5467
476 497 8630
2 308 9951
1 26 22427
3 17 729
71 442 5711
569 598 20747
72 217 17182
241 553 6421
196 292 17814
286 592 7064
63 393 21108
81 172 19862
183 439 1031
265 470 17545
8 249 7364
46 262 27574
306 449 15347
212 599 2968
130 613 13767
104 274 4734
167 377 30534
1 4 14769
67 142 13237
33 62 9407
123 167 23706
7 142 181
8 211 26220
223 432 1908
232 449 27521
197 372 12140
19 199 11234
66 370 19031
32 165 1037
198 542 30154
502 607 3532
19 519 5825
53 76 1444
74 97 13670
21 30 5263
58 257 198
1 2 4354
129 249 6711
333 370 31591
375 417 5776
93 125 14735
40 251 30608
4 10 12757
145 295 18940
366 453 12770
7 170 9565
50 463 22093
67 186 4210
229 363 16276
76 116 22943
259 303 5663
220 320 21769
471 508 585
80 341 14885
99 497 7846
44 145 6362
15 336 23036
67 84 8844
19 22 2991
10 116 23972
102 612 30858
202 497 23160
382 512 32556
48 187 13985
5 18 27266
99 510 14355
45 210 19993
169 299 7078
400 584 9002
192 279 27334
39 142 28333
364 575 23169
31 163 22484
278 461 27191
63 69 5060
461 506 17039
436 566 13923
151 307 17794
66 92 8588
42 125 26267
40 531 17175
82 160 20155
215 462 26478
275 581 4350
108 141 27040
276 444 24226
15 28 19263
106 196 17907
206 269 3426
359 541 11432
27 44 20903
378 437 28731
357 476 9477
58 556 30498
7 25 12240
65 92 5105
555 560 11584
82 89 30667
14 91 21074
321 330 9134
9 55 32486
76 178 24703
147 412 1374
11 55 21472
184 449 21553
555 609 23606
124 263 10794
82 407 2151
263 342 2381
59 550 20542
227 238 9628
177 202 14449
28 68 25640
367 396 22972
49 237 29753
2 47 25751
21 259 28535
27 62 17253
485 504 3919
267 609 31543
173 337 13579
431 514 28536
199 313 3936
228 540 18195
85 364 25430
191 233 29182
425 539 14290
112 137 17450
190 469 10808
40 67 22341
211 260 22485
154 207 30422
210 316 23310
11 430 21145
115 178 11411
182 249 8486
16 377 6140
103 580 20805
76 100 12446
55 400 29309
187 274 7802
154 193 11721
248 417 1173
20 43 3435
312 539 31004
5 11 32604
54 154 23832
31 48 32715
27 389 9382
209 282 16804
24 72 8686
76 307 2333
282 335 29775
197 454 20659
235 414 10869
73 173 19237
148 518 16724
479 517 30021
214 375 17225
9 287 16580
59 269 12736
438 470 32056
50 495 26935
171 395 5909
254 301 8826
275 319 7244
33 503 25955
81 146 17611
322 414 143
33 221 4379
387 475 14008
11 63 31689
209 286 7616
86 133 19035
167 292 29840
11 24 20738
22 130 19534
247 420 2130
100 473 5796
420 601 13971
77 173 19973
13 21 13976
532 594 20021
146 330 9246
25 35 25222
21 289 31251
259 286 23675
36 176 2408
40 61 216
10 96 12080
215 337 4685
217 575 26422
220 330 2097
211 533 21598
83 308 25874
8 332 10852
33 362 29697
109 115 7376
79 277 17639
4 101 9542
87 187 24384
14 26 10099
97 374 8208
63 129 17218
10 68 25336
34 67 5676
20 21 16292
405 583 21166
25 223 7189
406 596 341
149 578 26996
127 146 230
44 55 25707
319 419 890
33 106 29499
80 349 25777
102 219 2823
287 323 22864
128 225 13068
15 291 13013
114 286 6074
66 429 20981
56 74 30967
270 616 30968
202 379 26083
48 137 2926
42 186 32253
263 611 31418
358 419 8828
63 393 14173
254 454 29750
346 467 3343
437 463 31080
12 245 25602
48 234 9279
50 371 3041
8 464 32250
54 63 1396
12 462 17385
336 375 17894
71 608 6856
68 95 15135
122 140 29216
59 131 31421
4 47 5297
112 117 3456
29 496 1049
182 231 18255
70 476 27948
333 339 8224
187 198 4031
259 388 7268
1 2 12242
112 192 5070
364 415 24414
77 87 7044
254 534 30510
4 293 5408
147 219 14992
116 385 30224
283 508 13508
28 44 21291
63 219 12392
2 13 10911
1 4 2142
19 125 23169
164 166 20189
264 419 15517
197 233 12958
29 427 4203
1 14 29560
2 38 16930
43 431 28352
49 146 19047
293 352 8512
171 362 25616
242 343 16303
16 43 15844
5 28 2021
537 595 11375
505 587 31819
2 15 17468
225 590 10284
365 543 16140
155 185 9976
11 15 12018
113 418 16794
297 518 22608
15 72 23658
75 117 10284
294 368 30052
356 377 11869
103 431 26030
50 182 23410
117 419 19093
22 38 4206
437 564 14716
8 525 25256
71 85 32640
113 176 24687
17 33 30908
30 395 13129
240 244 21608
182 339 17115
4 603 12885
138 224 2021
264 427 15213
45 83 8406
70 571 31293
50 126 477
351 483 6585
45 206 22666
480 511 8125
147 223 32604
25 162 1516
108 552 14278
318 561 3843
117 416 24984
223 320 12228
137 616 7380
92 164 10734
455 543 16202
19 67 23824
255 487 22938
216 460 9237
10 37 16234
96 331 10198
302 474 13555
19 103 11800
192 278 6191
108 193 27074
136 153 9807
2 26 31787
66 263 28230
3 129 209
186 196 10121
17 20 29663
115 182 4177
4 285 22846
232 596 14600
8 127 3378
208 600 19106
56 150 26797
465 564 29720
329 462 13018
334 494 20280
122 427 1686
17 206 18313
19 75 11725
2 29 28154
270 507 19955
250 257 14985
350 523 26643
279 610 6450
171 536 29740
380 468 20926
65 82 4816
83 93 29260
160 211 16706
10 419 29351
398 609 31627
57 299 23247
266 366 5434
192 450 24884
41 206 7364
195 357 17818
60 93 9932
9 24 13219
257 376 13750
20 34 17507
66 398 26444
198 526 22685
280 309 30056
212 565 3437
256 352 14296
487 562 2960
17 18 1273
19 255 30089
42 369 23490
159 183 21326
37 121 32044
23 392 6735
8 9 21567
97 130 26342
68 85 4913
11 420 14492
195 201 4433
245 417 5314
2 3 2230
42 186 27470
240 461 9201
3 133 2050
110 344 11053
412 578 20030
186 214 23936
297 541 2071
200 351 28255
33 208 16766
365 375 2160
13 36 3746
21 320 28209
23 170 18643
220 228 9774
219 270 20366
32 196 25525
18 43 17269
477 573 24146
538 597 3947
381 444 22899
208 328 30725
286 362 2825
301 334 25613
334 360 11001
35 62 12495
176 471 3777
47 372 15204
192 231 7072
83 104 25664
91 109 24342
31 151 17566
6 10 4256
217 457 9641
69 332 28924
20 79 6011
482 497 14934
43 582 23094
202 322 29229
86 106 13807
45 139 14548
34 67 28200
12 123 31701
197 294 17405
66 129 1961
273 460 1626
69 141 10876
64 568 4562
8 86 15602
544 591 27122
192 310 18227
62 510 21536
194 384 26529
285 609 8294
79 383 28161
212 303 9917
188 222 6411
356 566 32690
216 265 23952
58 571 13691
18 200 26040
113 437 9943
59 79 23571
31 95 10057
11 12 26982
97 111 8342
241 318 23930
328 580 10122
285 316 6750
53 291 10861
101 328 22232
428 600 10677
52 466 30715
219 487 23506
274 285 27412
11 43 17197
65 120 24694
400 533 10670
109 240 23758
431 581 14178
22 43 6647
77 369 540
178 306 29075
154 211 4648
122 239 23257
208 477 31842
15 415 12869
155 272 27734
186 418 23868
91 249 22832
201 511 13508
234 578 13986
206 439 18896
8 35 20247
489 499 23264
320 333 9916
28 29 1504
388 513 24395
14 178 12931
115 579 8872
121 124 12444
187 194 11933
203 225 25370
89 117 18016
4 12 23467
467 472 7858
110 171 21571
15 25 24490
10 122 19184
31 45 9096
367 369 31165
6 12 31797
58 182 18331
68 106 4395
61 152 28811
182 356 26106
59 186 21107
186 434 23987
509 528 22890
9 13 10705
71 547 16738
120 494 4993
156 359 7285
21 42 1106
2 4 5185
198 213 28601
21 49 534
29 52 20718
291 337 3301
5 39 26882
216 433 19760
497 597 22349
15 17 22121
186 193 6780
276 360 17033
75 307 4841
236 589 18365
105 431 20226
2 3 18813
118 364 20715
24 202 3439
192 532 10401
2 173 4576
137 269 16452
104 252 18104
22 216 8279
1 2 27443
288 365 20495
317 379 25033
115 262 23056
335 529 14602
231 389 30758
34 520 17239
196 317 2269
30 205 12476
114 179 18434
123 262 1380
120 193 24438
118 376 19532
84 215 22488
19 92 22863
396 459 18674
118 319 7831
254 322 30704
1 4 22813
13 15 26052
22 70 29887
1 12 14919
44 80 21513
360 457 2297
237 283 28887
61 149 12904
1 73 25162
193 340 12719
8 71 2511
238 569 1927
97 187 19492
111 184 15576
41 86 7329
201 544 13535
19 128 4146
170 386 19248
32 99 31420
45 269 5196
16 303 5361
34 138 6012
170 525 8624
193 352 3883
13 18 20878
313 461 14596
174 185 2075
197 274 4465
264 486 31220
167 206 3666
171 382 11219
131 472 6922
34 134 31248
78 101 19500
259 411 19796
448 529 2931
19 114 19559
288 331 27854
127 227 1131
350 385 922
11 38 30683
82 109 31596
97 219 6691
329 532 31221
340 586 16568
64 279 30695
13 36 21487
326 577 23777
145 505 22789
290 510 20173
65 306 7193
80 96 24380
81 110 7176
137 198 8598
385 440 13162
53 56 19269
38 325 8474
129 161 23325
423 600 22554
19 21 30642
64 495 12717
193 285 19548
26 500 3577
125 317 15122
22 32 28314
18 34 19820
26 128 29662
26 213 31077
518 524 12463
67 551 7867
337 365 21072
90 158 10233
99 109 28792
143 573 1678
34 577 20339
55 256 25479
177 516 16716
368 525 26298
134 593 29748
169 214 29837
65 87 11163
259 297 18078
98 105 28343
28 103 24045
64 206 29302
168 222 3428
206 586 15872
68 153 20935
311 355 4191
41 184 26744
193 219 13025
190 473 10387
81 444 30546
136 221 6727
39 80 29219
15 222 13953
44 48 24594
101 175 11580
155 238 25591
330 559 6932
40 358 13496
58 136 18167
31 485 15518
7 118 26364
85 342 25210
257 444 6095
138 162 2647
164 176 13364
41 329 7864
162 496 8842
188 311 29833
473 571 3164
111 114 27468
20 540 22619
151 174 6193
205 313 14680
7 8 26129
199 304 17692
2 109 11661
101 199 23593
317 361 12212
115 214 18380
319 392 25352
260 386 26123
37 159 30138
70 190 4939
119 259 6504
82 135 20430
13 241 27602
6 30 29524
227 261 27958
146 183 11129
400 499 16476
160 191 4538
235 528 14702
110 366 27676
514 566 22584
207 311 14310
4 126 32616
11 34 32757
4 9 24019
3 4 18576
211 576 24581
232 428 6342
34 150 28527
66 207 28092
1 43 4636
370 540 15989
46 148 30899
7 25 14071
32 155 550
24 86 2020
260 301 882
290 512 9171
193 292 1832
121 154 5650
397 402 3007
291 321 22176
110 470 22753
94 136 11634
312 579 9008
201 365 27500
3 8 13108
53 96 2443
146 164 28529
33 138 12092
113 377 21207
99 250 18129
7 520 20492
3 42 13195
97 195 14140
100 398 32449
101 342 14199
300 330 31234
396 519 21952
120 481 29250
7 15 862
11 13 13433
268 284 10770
297 452 24123
96 276 24626
11 18 21806
30 98 20453
14 321 22128
42 311 1009
315 617 27460
51 63 4568
56 165 17057
8 65 19511
20 96 1918
7 24 6564
95 304 23013
2 256 2949
341 608 9532
142 191 11656
321 345 14403
229 603 4560
171 388 21429
406 545 9969
65 132 27282
194 336 15436
64 81 7030
76 248 3694
432 456 3217
263 380 6266
13 39 23578
251 518 2258
72 191 21833
94 193 26223
508 566 7754
3 103 426
76 610 11682
62 227 1638
133 336 5624
355 425 16097
65 105 11588
98 102 7561
1 30 20695
54 137 18864
15 329 6576
24 143 32251
32 49 19741
206 232 22732
48 230 17310
207 358 7720
42 146 29820
50 96 10186
183 218 24216
134 233 11089
205 218 14173
10 393 26581
288 308 11991
153 186 849
113 218 17502
73 103 13715
69 555 10589
21 44 8629
109 267 6158
181 213 16468
227 583 25171
126 189 19451
2 33 24807
5 30 3708
126 198 26020
4 18 2345
139 301 29580
442 468 2866
56 277 21977
375 593 12433
338 546 19268
8 67 18761
481 544 27958
28 98 7139
13 201 21173
394 432 10094
34 257 15638
4 313 18547
37 180 28900
36 463 16787
73 94 18307
36 57 29643
529 578 5740
114 528 23450
395 522 20249
106 505 32627
23 136 18173
165 348 12613
11 81 31004
147 471 10240
52 54 23320
207 557 22365
117 148 7639
105 304 23386
41 246 30217
197 399 6689
10 105 25398
25 334 14930
126 503 27684
174 259 1265
146 302 32166
7 79 4451
355 420 5443
360 377 32570
318 368 13100
369 610 21702
106 325 18302
91 176 10916
21 176 31940
145 206 27580
9 19 30252
284 602 28281
64 75 25084
23 26 22295
107 117 12570
44 336 23640
89 98 27344
165 531 32522
39 95 10
6 78 23067
155 611 17351
18 163 13362
253 455 22127
7 118 15621
294 460 28749
233 344 12260
174 327 7014
35 114 16944
239 263 10067
259 395 8120
4 603 503
192 389 4149
66 398 13860
331 530 2133
15 133 11660
17 31 11803
94 513 1418
64 73 2942
384 429 24241
41 62 7045
520 524 7457
30 35 23900
98 102 9229
77 114 30231
67 603 16634
116 142 29966
58 123 19360
325 383 22568
215 276 1395
241 449 17518
77 318 4158
310 590 23726
6 11 30037
59 144 805
218 299 16203
36 558 29797
222 405 9774
100 293 22769
69 179 21175
15 19 30785
310 525 22257
15 19 29492
10 13 15164
163 298 9494
184 429 29899
157 543 20928
11 132 22231
43 262 27781
40 50 8775
32 286 22241
58 74 20356
22 217 18217
38 55 7332
42 54 26283
43 144 24125
27 118 29698
66 126 7030
14 242 8582
232 334 11828
1 147 20769
363 513 1659
383 484 1526
84 370 23631
304 521 14740
46 55 7615
192 251 1455
15 80 20196
129 403 5268
384 520 28658
219 460 23000
108 147 25013
229 414 493
1 333 15112
183 510 8862
30 33 8749
309 538 20396
22 57 4882
138 540 7676
38 337 6108
305 542 9487
32 573 27483
24 78 456
106 427 21808
12 167 3753
34 56 24006
16 75 17665
509 571 19574
71 307 22484
17 35 19559
77 80 25687
117 176 9487
77 154 23899
64 395 14687
8 21 28156
152 262 3318
72 512 17767
283 524 28924
19 23 24745
46 266 17009
96 108 18602
136 307 25104
161 380 10738
297 539 21014
14 248 30922
272 424 16529
109 338 20430
138 547 17665
528 574 12304
408 577 20082
43 99 4448
318 498 15187
200 347 5713
103 114 26304
156 180 2827
28 284 12014
12 64 26396
24 93 9983
34 172 10678
10 404 23150
258 594 25892
29 73 21190
171 277 31067
412 544 106
64 593 9967
65 191 19864
57 135 6870
8 98 3819
321 391 10431
306 503 18181
86 418 27883
125 523 23340
34 77 20416
35 82 29953
29 179 13463
151 322 29076
151 463 19059
7 437 30852
343 425 20635
343 443 13808
79 567 31321
98 133 18530
308 562 17478
112 190 20469
42 544 21220
291 330 15979
234 340 9602
35 51 8180
2 9 22938
343 481 8902
205 258 14881
79 474 14303
38 80 13194
570 594 20874
145 469 20585
20 33 5243
193 298 27636
139 302 22174
445 514 7900
135 428 4839
52 277 24627
115 453 7121
284 591 14156
107 138 24141
100 240 31981
3 159 1340
34 377 22815
306 408 20966
145 172 14461
2 3 6104
93 158 11998
542 560 2866
365 492 30368
3 16 1626
30 92 17156
259 452 10360
21 500 16735
34 203 16470
3 8 14341
339 364 28540
28 182 827
237 369 24468
258 358 3995
95 341 22655
1 4 11935
199 441 4012
287 346 3416
28 78 14716
495 584 32386
366 577 19432
139 266 104
194 594 3488
72 90 15451
130 276 3929
13 17 166
217 487 5386
282 409 14153
122 303 21306
38 99 27362
122 303 18627
167 207 22658
179 260 30597
126 344 10352
154 325 24320
220 604 252
39 550 29140
118 331 3571
76 100 23446
268 490 7258
121 353 24185
237 399 23915
131 183 26813
82 225 5400
4 135 20448
45 69 14204
63 74 29704
114 595 5626
4 28 30755
340 463 2049
334 430 19364
197 378 17585
96 380 2286
117 546 14801
73 451 14288
228 591 25039
64 77 26005
54 136 15823
11 25 19612
183 475 31213
149 408 883
79 302 12599
36 575 28645
123 391 5145
215 352 5253
24 54 12071
252 500 20368
11 219 2437
35 72 22598
344 360 6507
249 576 17413
60 110 29293
32 507 11980
14 29 25741
26 67 23278
228 278 21577
151 491 18979
222 266 13084
193 389 1585
67 166 32051
163 247 6632
234 326 19516
302 461 11050
318 336 14490
99 307 19753
139 148 14702
203 431 3629
265 427 18728
24 506 1660
4 41 6048
340 601 22075
405 409 21487
454 501 7774
520 545 26487
60 169 9475
377 415 10459
171 447 4045
105 328 26843
294 365 32539
235 302 5203
201 338 27432
455 471 19908
132 133 127
87 143 9777
83 182 27462
355 550 20547
46 129 6473
377 561 6628
73 162 2260
310 366 30675
120 594 20146
85 272 19427
355 542 10227
41 176 6624
407 462 15432
14 96 26708
414 536 15377
22 110 24984
121 242 20849
39 450 16124
2 15 32263
302 308 27377
71 109 1823
77 128 26730
83 124 4211
37 100 15610
118 191 2517
49 127 10334
94 436 11864
33 56 12134
82 538 5081
144 262 14719
552 564 16371
341 598 1877
3 4 29626
2 143 28221
27 54 29151
91 161 22373
54 169 31493
142 204 21251
521 540 10860
130 377 28408
130 158 20803
233 420 15777
52 84 31035
18 503 25799
326 342 26421
113 408 30200
52 143 23837
145 146 2215
19 172 1618
329 569 25574
89 615 31789
39 394 18586
109 186 14465
66 245 28275
385 601 10796
190 197 21784
310 539 1043
133 345 30781
91 134 22812
18 97 4254
59 221 14339
270 405 9504
110 168 20511
17 98 5752
115 147 17520
409 505 21802
36 385 17552
95 197 25802
45 88 23386
1 2 189
134 614 12642
1 16 30181
204 579 21916
176 341 25093
236 366 2233
593 615 21703
128 314 6185
153 251 6044
20 54 7110
338 360 30963
319 535 30090
176 494 11387
204 475 21735
263 561 30066
412 433 18327
4 20 12580
307 437 8190
122 541 18217
211 527 15733
370 461 21005
76 113 7441
103 124 20061
48 571 6607
126 234 5967
281 349 31011
252 576 16259
240 551 23896
14 124 14734
141 197 2385
324 461 5964
260 290 6528
80 215 14379
22 122 1071
11 277 24048
5 14 26485
29 184 7336
96 204 30052
69 135 17849
16 77 16220
343 467 5978
79 90 18308
83 149 28883
301 307 11216
26 92 24917
281 502 44
21 86 27219
2 5 5531
30 93 3988
447 603 2660
62 612 7812
201 458 9139
20 151 17256
20 517 11056
81 129 24185
214 578 27511
6 15 25634
135 239 31863
345 455 15055
136 276 27946
9 37 19971
455 568 2585
109 321 16833
361 599 6319
8 12 8803
157 168 27979
2 12 27762
13 17 22150
60 390 9504
238 537 565
434 591 18293
231 316 20742
58 63 21322
119 141 5070
56 604 8865
54 141 31196
296 335 7947
143 227 6645
46 145 21523
2 78 1987
38 433 31963
181 351 26068
62 68 23171
116 182 26757
522 616 11749
152 264 22641
153 289 27339
131 154 25393
330 577 29619
309 548 32661
206 473 13492
388 534 26270
307 401 6433
9 33 13537
142 363 27394
114 590 16415
229 296 31871
2 3 6957
334 515 23234
262 317 13959
354 517 1800
126 514 5667
65 124 7635
160 167 17759
442 456 15746
192 292 6172
142 388 13491
58 100 29798
3 15 22070
15 272 25146
84 318 5003
5 413 1865
114 606 18
109 233 4806
603 608 28284
156 478 419
357 393 18204
21 114 7627
128 279 20778
89 613 15159
247 360 16922
79 472 3059
1 40 19849
138 377 107
352 427 30078
535 549 7072
42 324 19943
13 76 31496
31 128 6039
10 245 8270
348 455 22074
450 472 24368
276 347 8693
8 587 15399
540 562 16555
70 104 6303
172 195 23580
172 563 20455
36 144 16738
193 343 29734
1 130 19309
61 298 15602
4 299 15762
122 255 356
273 472 13392
347 380 21939
59 203 16840
251 431 10437
4 24 6310
381 547 6199
453 509 9072
329 419 12736
86 288 24429
457 569 3849
31 126 6567
16 51 13643
12 364 4532
12 232 29775
123 609 22856
94 272 14498
6 20 22722
81 340 29477
103 128 48
105 133 27705
69 216 10625
15 33 9017
164 347 23508
148 285 19199
67 108 18736
357 552 6823
9 136 22277
28 106 5588
331 597 5960
240 373 12822
2 102 6914
381 455 26443
63 241 18606
239 307 22290
4 372 12222
141 193 23460
12 539 26
99 120 2220
72 474 10099
188 191 2307
51 60 28614
10 31 23120
11 28 8551
314 449 17398
55 134 28763
2 3 6373
228 571 12284
155 227 27686
56 160 14616
2 3 28203
341 421 28157
1 82 15707
153 550 9539
124 254 7760
442 507 20263
4 6 24757
193 552 13012
3 60 15315
104 274 30710
316 503 14888
574 590 9823
350 489 28061
162 339 10417
79 113 11832
429 551 66
81 211 9053
4 5 1976
230 488 23542
29 174 12048
66 128 21539
96 267 22284
172 303 1850
492 558 11068
97 231 9023
325 399 24863
317 573 12066
260 496 26633
362 573 1883
210 433 10461
291 528 3274
35 537 17841
85 597 20439
16 146 10489
160 306 30284
350 409 28883
7 38 9316
113 404 11900
133 448 25082
341 599 23330
441 600 23268
411 441 6795
100 207 1498
111 254 14667
271 361 16256
85 90 6009
291 485 20322
73 269 12838
134 485 11017
173 505 3340
147 156 12148
403 534 11041
65 422 915
133 367 24595
472 475 30364
23 275 24040
39 73 847
1 219 18728
196 485 15752
192 230 9048
35 45 25001
63 533 20161
62 82 5575
107 197 8102
136 247 15010
191 560 11900
75 342 32454
130 311 15306
113 300 20591
44 199 16811
23 76 23303
9 14 6193
38 249 849
102 163 10526
91 188 24994
429 572 25763
42 44 7094
320 336 19504
62 110 18433
115 193 18802
210 357 17040
195 378 30484
192 461 8151
360 564 19939
503 579 17397
1 2 9312
217 253 9569
173 252 26593
304 376 30712
457 511 15833
157 209 31200
183 188 8415
376 561 28102
68 93 24705
528 562 1622
109 254 31758
247 514 13572
166 225 28638
107 169 639
255 511 2495
19 27 24934
207 305 1164
161 194 23570
321 362 21530
24 170 9363
242 441 517
149 208 31289
297 480 4352
476 618 6712
7 526 24494
92 99 6477
361 449 17724
74 284 8810
25 96 28966
14 28 15061
452 596 17649
35 231 26177
9 20 14794
68 98 26049
161 174 15679
128 176 25265
95 555 6028
452 483 13027
136 342 13111
74 352 5547
133 437 20724
67 114 25005
485 600 9217
67 204 10612
74 81 21110
109 209 28977
429 452 12875
362 465 14916
338 434 9974
7 224 31061
62 202 3316
309 555 4642
83 554 30617
346 542 16469
71 439 31480
289 616 30462
46 90 7885
2 14 18558
264 495 14494
158 372 26383
124 450 6810
13 46 21032
91 149 4576
152 317 24430
196 566 27179
459 575 3572
558 559 26139
3 73 2291
1 24 8855
338 566 31559
