739
1000000 999999 999998 999997 999996 999995 999994 999993 999992 999991 999990 999989 999988 999987 999986 999985 999984 999983 999982 999981 999980 999979 999978 999977 999976 999975 999974 999973 999972 999971 999970 999969 999968 999967 999966 999965 999964 999963 999962 999961 999960 999959 999958 999957 999956 999955 999954 999953 999952 999951 999950 999949 999948 999947 999946 999945 999944 999943 999942 999941 999940 999939 999938 999937 999936 999935 999934 999933 999932 999931 999930 999929 999928 999927 999926 999925 999924 999923 999922 999921 999920 999919 999918 999917 999916 999915 999914 999913 999912 999911 999910 999909 999908 999907 999906 999905 999904 999903 999902 999901 999900 999899 999898 999897 999896 999895 999894 999893 999892 999891 999890 999889 999888 999887 999886 999885 999884 999883 999882 999881 999880 999879 999878 999877 999876 999875 999874 999873 999872 999871 999870 999869 999868 999867 999866 999865 999864 999863 999862 999861 999860 999859 999858 999857 999856 999855 999854 999853 999852 999851 999850 999849 999848 999847 999846 999845 999844 999843 999842 999841 999840 999839 999838 999837 999836 999835 999834 999833 999832 999831 999830 999829 999828 999827 999826 999825 999824 999823 999822 999821 999820 999819 999818 999817 999816 999815 999814 999813 999812 999811 999810 999809 999808 999807 999806 999805 999804 999803 999802 999801 999800 999799 999798 999797 999796 999795 999794 999793 999792 999791 999790 999789 999788 999787 999786 999785 999784 999783 999782 999781 999780 999779 999778 999777 999776 999775 999774 999773 999772 999771 999770 999769 999768 999767 999766 999765 999764 999763 999762 999761 999760 999759 999758 999757 999756 999755 999754 999753 999752 999751 999750 999749 999748 999747 999746 999745 999744 999743 999742 999741 999740 999739 999738 999737 999736 999735 999734 999733 999732 999731 999730 999729 999728 999727 999726 999725 999724 999723 999722 999721 999720 999719 999718 999717 999716 999715 999714 999713 999712 999711 999710 999709 999708 999707 999706 999705 999704 999703 999702 999701 999700 999699 999698 999697 999696 999695 999694 999693 999692 999691 999690 999689 999688 999687 999686 999685 999684 999683 999682 999681 999680 999679 999678 999677 999676 999675 999674 999673 999672 999671 999670 999669 999668 999667 999666 999665 999664 999663 999662 999661 999660 999659 999658 999657 999656 999655 999654 999653 999652 999651 999650 999649 999648 999647 999646 999645 999644 999643 999642 999641 999640 999639 999638 999637 999636 999635 999634 999633 999632 999631 999630 999629 999628 999627 999626 999625 999624 999623 999622 999621 999620 999619 999618 999617 999616 999615 999614 999613 999612 999611 999610 999609 999608 999607 999606 999605 999604 999603 999602 999601 999600 999599 999598 999597 999596 999595 999594 999593 999592 999591 999590 999589 999588 999587 999586 999585 999584 999583 999582 999581 999580 999579 999578 999577 999576 999575 999574 999573 999572 999571 999570 999569 999568 999567 999566 999565 999564 999563 999562 999561 999560 999559 999558 999557 999556 999555 999554 999553 999552 999551 999550 999549 999548 999547 999546 999545 999544 999543 999542 999541 999540 999539 999538 999537 999536 999535 999534 999533 999532 999531 999530 999529 999528 999527 999526 999525 999524 999523 999522 999521 999520 999519 999518 999517 999516 999515 999514 999513 999512 999511 999510 999509 999508 999507 999506 999505 999504 999503 999502 999501 999500 999499 999498 999497 999496 999495 999494 999493 999492 999491 999490 999489 999488 999487 999486 999485 999484 999483 999482 999481 999480 999479 999478 999477 999476 999475 999474 999473 999472 999471 999470 999469 999468 999467 999466 999465 999464 999463 999462 999461 999460 999459 999458 999457 999456 999455 999454 999453 999452 999451 999450 999449 999448 999447 999446 999445 999444 999443 999442 999441 999440 999439 999438 999437 999436 999435 999434 999433 999432 999431 999430 999429 999428 999427 999426 999425 999424 999423 999422 999421 999420 999419 999418 999417 999416 999415 999414 999413 999412 999411 999410 999409 999408 999407 999406 999405 999404 999403 999402 999401 999400 999399 999398 999397 999396 999395 999394 999393 999392 999391 999390 999389 999388 999387 999386 999385 999384 999383 999382 999381 999380 999379 999378 999377 999376 999375 999374 999373 999372 999371 999370 999369 999368 999367 999366 999365 999364 999363 999362 999361 999360 999359 999358 999357 999356 999355 999354 999353 999352 999351 999350 999349 999348 999347 999346 999345 999344 999343 999342 999341 999340 999339 999338 999337 999336 999335 999334 999333 999332 999331 999330 999329 999328 999327 999326 999325 999324 999323 999322 999321 999320 999319 999318 999317 999316 999315 999314 999313 999312 999311 999310 999309 999308 999307 999306 999305 999304 999303 999302 999301 999300 999299 999298 999297 999296 999295 999294 999293 999292 999291 999290 999289 999288 999287 999286 999285 999284 999283 999282 999281 999280 999279 999278 999277 999276 999275 999274 999273 999272 999271 999270 999269 999268 999267 999266 999265 999264 999263 999262 
5676
1 2 11845
2 3 5365
3 4 861
4 5 12519
5 6 23925
6 7 6645
7 8 14569
8 9 19944
9 10 11213
10 11 9254
11 12 2799
12 13 5442
13 14 28590
14 15 5102
15 16 28051
16 17 10917
17 18 32224
18 19 27529
19 20 6256
20 21 27718
21 22 27794
22 23 5627
23 24 456
24 25 4471
25 26 1947
26 27 6729
27 28 5341
28 29 6010
29 30 23046
30 31 3816
31 32 10142
32 33 28823
33 34 28878
34 35 24950
35 36 29574
36 37 10604
37 38 15078
38 39 18088
39 40 5570
40 41 30853
41 42 10876
42 43 26244
43 44 23186
44 45 27692
45 46 31615
46 47 6352
47 48 22513
48 49 10882
49 50 17247
50 51 17866
51 52 7032
52 53 30671
53 54 11796
54 55 16153
55 56 28544
56 57 30487
57 58 3169
58 59 9476
59 60 31623
60 61 22766
61 62 5978
62 63 11234
63 64 17365
64 65 27788
65 66 3364
66 67 21969
67 68 19550
68 69 18212
69 70 2812
70 71 29867
71 72 25323
72 73 30066
73 74 18554
74 75 2102
75 76 21621
76 77 27540
77 78 6167
78 79 19611
79 80 4561
80 81 10010
81 82 20718
82 83 3354
83 84 1939
84 85 14176
85 86 1471
86 87 3835
87 88 11564
88 89 8220
89 90 11577
90 91 10440
91 92 3925
92 93 18995
93 94 8057
94 95 22969
95 96 22961
96 97 30417
97 98 3278
98 99 30064
99 100 9133
100 101 26808
101 102 20927
102 103 14310
103 104 1196
104 105 14296
105 106 19535
106 107 21926
107 108 13153
108 109 800
109 110 5759
110 111 23609
111 112 13435
112 113 29845
113 114 18965
114 115 30433
115 116 23688
116 117 19361
117 118 12700
118 119 27530
119 120 10515
120 121 25005
121 122 2732
122 123 25597
123 124 13584
124 125 23794
125 126 15723
126 127 22359
127 128 19579
128 129 1419
129 130 11604
130 131 10169
131 132 25403
132 133 28879
133 134 1847
134 135 18498
135 136 29516
136 137 30431
137 138 12417
138 139 32570
139 140 1565
140 141 9851
141 142 15294
142 143 6288
143 144 27959
144 145 11034
145 146 1628
146 147 7303
147 148 28192
148 149 22841
149 150 25522
150 151 24236
151 152 25983
152 153 21747
153 154 31041
154 155 30987
155 156 9600
156 157 1746
157 158 12345
158 159 1954
159 160 4986
160 161 21221
161 162 24639
162 163 14358
163 164 18640
164 165 17938
165 166 5997
166 167 421
167 168 15125
168 169 11694
169 170 9114
170 171 6492
171 172 12147
172 173 19787
173 174 16604
174 175 30346
175 176 32077
176 177 9937
177 178 4428
178 179 31604
179 180 25635
180 181 2257
181 182 16905
182 183 5706
183 184 30902
184 185 22293
185 186 384
186 187 28250
187 188 28013
188 189 16764
189 190 10986
190 191 29060
191 192 14840
192 193 23813
193 194 19221
194 195 21998
195 196 26163
196 197 21289
197 198 25192
198 199 25593
199 200 31821
200 201 7022
201 202 2082
202 203 7283
203 204 26153
204 205 29497
205 206 21218
206 207 3854
207 208 14852
208 209 2019
209 210 10860
210 211 29968
211 212 14937
212 213 1808
213 214 26282
214 215 25677
215 216 3329
216 217 2364
217 218 24561
218 219 11858
219 220 28063
220 221 2711
221 222 21638
222 223 16356
223 224 24379
224 225 26131
225 226 18273
226 227 5289
227 228 8493
228 229 1723
229 230 15408
230 231 4900
231 232 27453
232 233 17222
233 234 29855
234 235 25831
235 236 13576
236 237 6124
237 238 4823
238 239 7939
239 240 3238
240 241 12920
241 242 17732
242 243 20164
243 244 16521
244 245 1183
245 246 24476
246 247 16027
247 248 24744
248 249 20624
249 250 1309
250 251 1884
251 252 23261
252 253 25548
253 254 18454
254 255 16809
255 256 13964
256 257 29752
257 258 25256
258 259 27566
259 260 13190
260 261 21360
261 262 27854
262 263 22288
263 264 20525
264 265 27743
265 266 13211
266 267 13087
267 268 31448
268 269 16141
269 270 5571
270 271 1875
271 272 29305
272 273 20151
273 274 2397
274 275 12790
275 276 6781
276 277 13861
277 278 12007
278 279 16158
279 280 17907
280 281 22072
281 282 5515
282 283 11230
283 284 15857
284 285 21187
285 286 5280
286 287 27069
287 288 1843
288 289 20891
289 290 24180
290 291 13927
291 292 11014
292 293 12274
293 294 12361
294 295 7075
295 296 1892
296 297 8672
297 298 17309
298 299 11141
299 300 27233
300 301 28739
301 302 25775
302 303 19685
303 304 31942
304 305 18633
305 306 21054
306 307 11280
307 308 16379
308 309 21579
309 310 19092
310 311 9148
311 312 9002
312 313 1885
313 314 27075
314 315 12866
315 316 29601
316 317 24867
317 318 15663
318 319 20231
319 320 11384
320 321 3174
321 322 12364
322 323 13371
323 324 26996
324 325 5862
325 326 13993
326 327 28871
327 328 300
328 329 13042
329 330 22318
330 331 22144
331 332 2666
332 333 14135
333 334 31906
334 335 6305
335 336 20692
336 337 20694
337 338 12143
338 339 11896
339 340 31948
340 341 7097
341 342 7338
342 343 20063
343 344 29332
344 345 5414
345 346 3662
346 347 5358
347 348 11446
348 349 7316
349 350 14536
350 351 11375
351 352 5539
352 353 30398
353 354 441
354 355 2194
355 356 9370
356 357 1783
357 358 9207
358 359 2659
359 360 16843
360 361 12989
361 362 21717
362 363 8312
363 364 13757
364 365 9104
365 366 20132
366 367 14191
367 368 10221
368 369 23301
369 370 25721
370 371 3736
371 372 28856
372 373 19734
373 374 817
374 375 17646
375 376 17018
376 377 29884
377 378 17331
378 379 12876
379 380 28152
380 381 5824
381 382 29301
382 383 24797
383 384 17915
384 385 9933
385 386 12354
386 387 15061
387 388 26174
388 389 715
389 390 4154
390 391 16478
391 392 24970
392 393 30824
393 394 22298
394 395 22997
395 396 6944
396 397 18679
397 398 16317
398 399 6711
399 400 20311
400 401 8062
401 402 26851
402 403 1494
403 404 3974
404 405 11530
405 406 20530
406 407 12625
407 408 13604
408 409 24390
409 410 32378
410 411 19650
411 412 4142
412 413 25932
413 414 18749
414 415 28473
415 416 21705
416 417 30395
417 418 19823
418 419 13930
419 420 3113
420 421 4362
421 422 1914
422 423 3746
423 424 3249
424 425 7964
425 426 11397
426 427 14080
427 428 15708
428 429 16148
429 430 10486
430 431 21985
431 432 10331
432 433 6762
433 434 26677
434 435 12700
435 436 8448
436 437 1087
437 438 18867
438 439 24944
439 440 218
440 441 20973
441 442 26412
442 443 2746
443 444 16418
444 445 8675
445 446 4137
446 447 32363
447 448 27989
448 449 1200
449 450 7880
450 451 19130
451 452 18467
452 453 15453
453 454 2495
454 455 5398
455 456 904
456 457 1536
457 458 22431
458 459 20575
459 460 29497
460 461 8590
461 462 22358
462 463 9045
463 464 10305
464 465 3057
465 466 16888
466 467 4945
467 468 16620
468 469 8026
469 470 10687
470 471 18227
471 472 28644
472 473 3545
473 474 23120
474 475 30363
475 476 32410
476 477 27179
477 478 3647
478 479 22876
479 480 20199
480 481 13011
481 482 7638
482 483 11053
483 484 8180
484 485 4972
485 486 2834
486 487 6050
487 488 6743
488 489 20541
489 490 3823
490 491 8795
491 492 26494
492 493 4110
493 494 3045
494 495 24444
495 496 22609
496 497 30778
497 498 2483
498 499 4188
499 500 24339
500 501 20230
501 502 7771
502 503 30850
503 504 24713
504 505 6193
505 506 26734
506 507 32461
507 508 8287
508 509 24524
509 510 32393
510 511 28402
511 512 19655
512 513 10060
513 514 30752
514 515 28460
515 516 28003
516 517 10462
517 518 29562
518 519 32302
519 520 14693
520 521 25850
521 522 15613
522 523 3421
523 524 6389
524 525 11835
525 526 31660
526 527 2876
527 528 21971
528 529 10094
529 530 1774
530 531 29223
531 532 16189
532 533 26601
533 534 18833
534 535 12101
535 536 17683
536 537 14878
537 538 22030
538 539 30136
539 540 20025
540 541 10351
541 542 4111
542 543 21014
543 544 20029
544 545 19524
545 546 3886
546 547 4637
547 548 24121
548 549 4955
549 550 7936
550 551 21666
551 552 23803
552 553 28512
553 554 82
554 555 21963
555 556 23140
556 557 9150
557 558 20402
558 559 19326
559 560 21006
560 561 9652
561 562 13618
562 563 26137
563 564 31025
564 565 17067
565 566 16744
566 567 18788
567 568 9160
568 569 199
569 570 7097
570 571 4548
571 572 1263
572 573 28092
573 574 26072
574 575 14769
575 576 20112
576 577 20451
577 578 30857
578 579 29545
579 580 29758
580 581 28045
581 582 23979
582 583 19174
583 584 5473
584 585 24215
585 586 11125
586 587 9230
587 588 21140
588 589 7230
589 590 9472
590 591 26923
591 592 4683
592 593 17205
593 594 17413
594 595 32154
595 596 30905
596 597 15349
597 598 4073
598 599 18631
599 600 5873
600 601 15701
601 602 26102
602 603 27993
603 604 5451
604 605 23898
605 606 5868
606 607 169
607 608 23817
608 609 9296
609 610 32184
610 611 22137
611 612 1338
612 613 22041
613 614 29571
614 615 13539
615 616 1759
616 617 26054
617 618 17646
618 619 1167
619 620 31821
620 621 18276
621 622 3228
622 623 20777
623 624 28626
624 625 5144
625 626 5874
626 627 11794
627 628 32155
628 629 13423
629 630 13082
630 631 21334
631 632 19669
632 633 1263
633 634 5454
634 635 1759
635 636 9235
636 637 10482
637 638 11859
638 639 9704
639 640 7408
640 641 32692
641 642 7235
642 643 25268
643 644 15093
644 645 28586
645 646 6288
646 647 2687
647 648 27069
648 649 31765
649 650 1862
650 651 26549
651 652 9814
652 653 22744
653 654 2960
654 655 5218
655 656 22507
656 657 28806
657 658 17790
658 659 20713
659 660 7072
660 661 4288
661 662 7429
662 663 13050
663 664 1982
664 665 12478
665 666 15944
666 667 16574
667 668 10768
668 669 1579
669 670 11029
670 671 19540
671 672 17805
672 673 23606
673 674 1459
674 675 9089
675 676 4918
676 677 24806
677 678 30939
678 679 26531
679 680 2626
680 681 23725
681 682 24836
682 683 8679
683 684 29561
684 685 2113
685 686 6884
686 687 26556
687 688 19422
688 689 29863
689 690 6963
690 691 9096
691 692 14992
692 693 14736
693 694 13234
694 695 21913
695 696 7666
696 697 24041
697 698 10604
698 699 24926
699 700 29706
700 701 11950
701 702 59
702 703 15063
703 704 8743
704 705 30719
705 706 8079
706 707 2122
707 708 24519
708 709 21621
709 710 13419
710 711 3128
711 712 18615
712 713 1718
713 714 29872
714 715 27535
715 716 23164
716 717 4423
717 718 10142
718 719 9249
719 720 24818
720 721 162
721 722 6040
722 723 18261
723 724 5683
724 725 7049
725 726 20775
726 727 19740
727 728 31162
728 729 28057
729 730 21314
730 731 4903
731 732 8905
732 733 24610
733 734 5325
734 735 23640
735 736 4615
736 737 21814
737 738 863
738 739 25718
666 720 23588
182 598 6355
288 500 13203
134 382 16496
189 476 16825
34 457 17262
390 408 1270
171 427 11028
10 724 16318
342 692 32428
241 483 303
82 381 1169
429 503 734
456 503 12649
389 543 1224
158 209 5809
70 218 13935
155 190 22822
245 679 26752
12 19 3258
479 627 17558
4 79 5899
173 571 12548
38 47 15003
11 35 25755
1 4 31801
161 411 4847
16 732 346
352 597 5001
1 8 8532
134 568 1796
47 652 31932
275 295 21258
15 364 21840
268 375 27305
212 382 26166
35 100 19073
312 694 28539
8 95 26791
34 487 22804
12 69 9831
78 121 4299
64 261 9760
588 655 25575
9 318 20970
1 3 24681
73 85 28624
272 274 4915
244 246 26307
84 426 3965
41 182 25480
197 263 24920
61 286 28503
201 244 12347
72 115 20966
48 80 14273
26 164 22288
522 711 11309
200 719 21593
119 209 27979
436 587 9469
5 70 26050
269 361 21332
506 509 28152
481 709 23720
316 379 20759
395 441 30929
272 301 30676
658 680 8503
149 363 4100
12 122 19209
206 454 6438
51 281 30406
119 167 23913
473 608 27505
386 510 23515
2 6 15875
135 184 21434
120 593 13815
23 422 18990
157 169 17930
211 223 23241
10 96 15486
253 510 14492
12 108 4226
363 518 18642
226 652 23190
522 662 262
134 455 9208
262 364 716
320 474 23935
314 664 6951
301 507 2170
289 601 10221
23 303 31840
107 137 15929
201 296 19063
46 584 5246
235 417 7364
260 460 30690
1 2 8150
428 699 18400
384 520 8020
47 179 25700
240 242 2900
98 501 31199
70 258 12507
13 16 29701
6 8 6690
38 278 27445
22 119 23414
64 144 27067
212 235 6078
221 238 15713
105 465 21530
141 207 32539
201 459 21521
58 420 23978
164 696 16459
447 702 22915
313 525 22474
9 87 20333
14 71 28698
63 112 15494
396 569 8953
60 590 25006
8 31 18527
177 738 9623
56 477 20975
32 285 7134
392 526 22840
43 173 15609
217 420 17492
109 533 28137
50 351 23745
721 726 18406
328 598 8841
91 159 28547
489 672 6676
253 597 2045
57 460 23871
8 64 15026
196 323 26755
409 436 13297
618 681 855
110 639 11679
81 369 20244
116 158 30063
122 219 2556
234 305 8089
105 297 31805
8 311 6223
36 422 25343
145 664 21866
223 409 4576
260 288 22270
157 391 32114
9 13 16605
534 572 393
67 146 28715
33 155 3207
149 512 22415
8 173 29926
26 258 29104
223 735 12457
511 565 3317
167 510 32390
37 229 25794
172 361 24283
103 494 15277
100 125 3798
262 310 18268
143 457 8785
42 598 2569
419 718 26968
196 252 32488
146 552 5197
260 662 5593
108 273 5668
254 311 12335
400 472 9787
446 484 29560
199 314 2980
573 670 10370
622 632 6670
12 30 19481
130 535 3211
82 148 17449
241 316 17628
177 420 10066
65 69 30230
38 61 32268
133 588 30647
110 479 11240
37 156 31366
359 527 5279
101 181 10959
151 420 25565
237 338 989
66 545 28690
9 11 18117
583 595 20407
283 351 15063
42 45 13753
292 559 10321
165 389 21778
80 436 28203
312 347 13497
146 364 14870
318 384 21608
74 124 22019
90 196 6131
666 671 16580
385 628 29215
203 633 28600
23 30 2357
55 595 13680
29 56 24275
27 447 28113
29 448 12702
369 532 18991
449 517 10980
107 269 30782
126 144 17234
89 367 29945
178 387 28995
1 6 14544
43 378 30815
47 346 7355
227 263 25976
161 416 28668
94 308 13037
8 17 17597
231 246 4343
96 202 3537
389 424 10924
479 583 21046
138 400 19364
291 446 2870
28 175 21370
110 326 18477
115 424 15268
132 224 32615
14 108 26964
172 256 5522
59 71 26725
102 466 11697
48 212 19839
19 39 20892
313 503 11504
20 56 1900
428 496 8438
397 479 612
514 729 5485
93 623 24121
64 85 18453
596 728 18882
209 538 29686
474 650 17021
50 120 17286
147 151 5224
53 68 14496
354 655 18973
322 542 2668
2 102 10044
56 660 22727
3 212 15226
165 324 20942
87 329 9977
81 669 20889
3 9 22703
214 250 27974
91 490 30216
144 325 4580
97 349 18185
161 226 13545
214 287 1179
163 165 22308
53 423 20167
523 705 7288
8 11 28427
193 197 18887
38 80 28435
84 511 26568
498 621 1651
1 111 25795
422 500 575
336 338 10350
120 539 8077
256 596 29786
67 421 28227
74 388 28847
3 132 17355
136 206 14379
94 292 7542
148 232 26534
441 718 8377
251 493 29821
537 685 15244
12 129 10934
120 187 20882
92 151 32455
104 372 29392
38 81 10290
229 308 24352
16 21 4482
97 344 9634
410 606 24394
423 480 4568
1 3 29490
111 433 24626
448 731 12601
60 367 29236
70 284 15538
56 119 32381
1 4 12204
329 528 4947
26 325 19135
97 218 17032
228 351 5236
92 724 976
309 477 9927
179 228 22236
30 514 20079
45 78 223
125 261 29427
12 104 31041
64 460 20403
379 388 18349
115 426 9585
297 518 18878
1 247 2300
254 383 8440
16 266 7943
294 482 31184
131 240 15960
39 554 748
438 440 26836
141 409 22504
408 448 8464
21 253 25920
441 548 9576
43 54 29482
361 718 23257
607 659 9105
30 238 263
19 574 21348
486 727 30266
30 202 2557
201 481 11577
98 160 333
30 342 20544
465 724 26627
175 638 13205
113 304 23294
321 450 32608
25 212 17818
255 364 11214
29 49 28853
464 708 23468
391 726 5775
105 202 8445
55 293 26056
9 83 5177
99 253 2083
193 321 12848
126 238 4582
359 437 32207
108 515 17636
51 688 14899
44 73 24213
3 10 1746
70 632 19147
210 654 2718
155 234 7400
26 89 31856
451 577 12183
13 76 1567
532 586 20351
41 328 3339
450 523 28521
55 379 9736
47 331 9412
180 256 13288
8 261 8607
147 460 14107
84 506 7523
35 467 31257
5 6 12276
59 156 22932
122 292 6922
38 45 14504
19 532 27608
31 113 4216
41 213 21346
49 102 18436
400 449 7692
278 609 27676
107 195 25420
79 265 18607
135 647 27778
122 267 7159
342 553 32352
4 23 28968
101 131 12915
172 456 29612
35 65 30370
276 660 3350
193 541 9920
644 656 12114
197 685 6278
325 465 6582
325 589 27789
30 68 774
13 504 5926
253 364 11143
29 86 27164
147 162 16819
6 16 1218
189 279 2354
18 255 486
186 413 10015
21 36 4984
482 667 10175
47 74 2559
503 550 4409
80 104 6724
261 354 29685
31 141 7595
165 345 13473
236 527 6713
174 671 5393
215 367 9532
196 557 6264
316 472 16384
330 361 5291
227 645 12334
10 41 25961
90 330 7570
404 579 6116
18 371 32132
380 428 21496
707 729 6193
11 21 5588
377 672 20068
364 436 17929
62 224 18092
23 77 14130
165 199 24305
11 62 22451
143 589 15315
218 508 19268
67 121 8552
87 94 29509
68 166 31031
164 221 32265
251 346 6013
126 236 13465
413 596 1574
19 179 15269
43 700 26103
271 467 10136
303 735 26341
45 271 27916
285 560 32394
167 378 11790
433 587 28719
30 184 31218
100 224 31732
26 43 6319
45 399 13038
626 683 15345
165 171 3162
79 304 16232
566 641 31800
259 270 20219
347 443 1508
337 703 9450
16 130 9612
63 165 27395
184 301 406
413 584 29044
83 505 12621
3 35 13030
236 675 6257
494 620 20704
108 309 28543
431 665 9375
43 270 7882
41 207 32752
15 18 9920
91 125 5803
7 390 31209
80 395 5337
238 388 32136
103 363 28344
430 620 27621
158 422 20240
543 683 8100
129 305 32149
36 301 29118
265 458 31316
288 297 23536
31 62 11350
220 333 4027
55 711 12539
101 115 13907
366 592 26309
120 152 10246
83 190 2433
1 487 10752
248 390 28433
590 666 14213
25 37 31565
1 174 6122
491 574 1713
353 615 5370
33 119 1734
109 152 7560
52 439 6296
186 232 3677
166 275 27798
413 459 20426
365 472 20639
190 567 121
552 681 60
171 295 5722
114 502 19502
22 529 17604
165 307 25047
14 23 8983
290 533 20524
66 238 4484
28 203 11057
616 706 16846
291 641 12329
236 503 10271
169 697 23561
163 234 31802
600 690 21194
44 339 28097
220 237 4517
230 737 20030
56 248 32628
45 534 18995
58 374 21912
54 215 26209
17 26 24891
96 404 26874
127 363 4048
539 630 11914
19 226 27404
278 611 14511
103 206 26594
46 673 6396
168 347 2329
168 213 17565
56 57 8600
9 449 28051
240 272 19333
104 549 17569
99 484 16571
139 293 4928
381 704 30288
80 418 32573
194 512 29
397 451 4546
219 534 8836
2 20 23037
1 2 26602
26 524 18342
88 297 23712
465 646 13326
86 221 3888
195 533 4224
290 736 27717
443 605 26395
419 549 21675
485 579 22378
12 13 12574
194 349 2666
81 127 6869
159 674 20925
73 738 16660
44 149 21559
18 159 21293
225 514 24078
40 87 13234
10 222 13648
7 19 25799
17 19 17260
12 21 18133
41 642 2801
186 478 14868
439 440 19671
408 532 18584
468 477 737
174 207 498
8 47 32003
43 391 29311
137 722 3533
657 686 28662
51 135 22093
197 353 8673
83 117 31716
299 651 2040
17 184 29437
137 669 6555
35 99 8115
195 211 16608
391 392 27069
212 559 14578
102 153 4929
66 352 2735
296 463 14937
80 203 21447
62 94 31598
109 396 976
248 343 16057
133 498 6145
1 2 25992
408 684 27039
98 306 23579
118 715 11319
17 20 6958
406 502 4153
275 657 28820
470 646 29597
9 338 2154
119 282 28038
184 219 14536
525 595 9008
1 15 4104
27 34 901
281 344 10728
10 54 5157
206 442 27196
471 665 13782
371 655 31725
56 67 32654
276 289 26995
553 731 22157
249 468 24594
64 93 3917
2 693 16760
277 459 30260
124 387 8087
483 714 28734
17 56 11467
417 693 17185
27 438 7859
149 200 20895
245 427 3134
571 649 1017
323 461 32729
369 397 32194
496 693 23760
131 280 31108
570 611 25391
293 376 30710
139 207 8141
40 60 13235
158 284 32331
3 82 19377
381 455 4390
107 455 9710
76 134 2096
93 249 30978
253 353 18445
31 532 1698
453 465 13704
136 160 10806
408 523 7636
15 39 17930
356 656 16674
2 23 7881
144 329 30471
221 263 10301
147 309 15533
318 706 30607
132 525 19143
24 629 20088
162 256 9654
198 350 20514
434 739 1129
61 531 15277
154 291 31455
128 237 20878
83 378 6991
50 84 8267
448 623 19809
247 256 10811
90 137 32005
209 441 31055
156 653 2755
10 28 5914
13 20 9630
164 471 20106
16 27 31451
242 484 27154
87 341 592
251 331 7220
638 707 11782
210 286 14764
585 728 31310
425 450 13233
107 276 22435
158 309 9725
140 214 14821
135 568 8098
5 10 20693
691 704 24276
114 207 7130
23 32 22319
213 500 16248
61 214 22309
20 25 19714
11 14 19602
483 552 7523
150 251 20916
256 475 1569
320 727 8935
19 342 7136
362 410 13060
144 170 30728
277 508 5938
262 625 8040
184 308 17537
284 362 17897
120 629 26801
9 19 20387
28 483 21740
61 150 10749
5 239 19555
245 620 30623
103 696 25095
71 676 8280
229 539 14296
71 337 12878
198 200 14210
13 16 13323
49 64 3899
120 369 8005
119 375 12068
353 460 19067
50 459 668
98 459 7091
105 266 32317
4 15 2304
376 508 9858
110 147 15263
131 187 15435
11 12 12481
6 24 5040
264 367 32613
419 689 3818
634 635 3278
453 480 6710
138 298 370
509 680 9984
236 473 20094
53 96 21435
1 25 6207
119 290 31529
344 402 29707
226 388 8457
22 541 10379
41 47 27488
287 424 5483
270 314 24281
474 584 9180
49 155 14831
56 281 13168
262 498 24031
114 411 28471
226 598 1432
123 267 25890
22 315 27161
115 672 11805
313 565 12548
393 514 32604
375 722 27987
210 699 11721
493 709 25451
95 223 4773
67 322 30974
53 180 27817
229 386 3716
125 668 23376
16 232 17202
26 131 31257
61 482 9647
123 218 32726
464 506 25344
177 465 10854
560 568 29280
149 379 14706
305 718 22524
229 429 23298
90 566 12750
376 610 17150
74 178 10506
69 236 17155
333 661 26588
158 511 10765
106 171 9832
691 701 3041
132 210 4935
40 79 24137
147 180 6908
296 556 11888
514 608 12049
453 729 6925
7 643 30942
165 205 20507
184 736 11564
43 708 1862
66 523 19752
249 656 7266
651 739 22122
209 433 10118
106 332 1789
200 205 22166
105 265 15268
212 339 32361
305 640 24023
7 200 8146
157 239 9257
30 95 30508
94 678 25365
286 308 11580
61 666 9577
343 388 30346
156 192 2756
14 54 27261
11 16 20449
33 52 11737
65 737 14252
335 392 17533
398 438 7497
122 488 3173
483 729 5789
235 336 6243
163 658 3068
258 297 27404
222 364 21755
51 716 716
61 97 5031
12 25 19995
367 373 32391
544 667 2890
121 208 24373
533 672 22887
16 122 3696
75 369 26655
11 163 30713
97 239 21166
79 120 32665
247 521 22074
388 463 19996
116 142 20015
58 115 26668
69 263 16753
20 122 19017
525 673 24967
53 78 27742
386 419 14592
64 88 21655
59 454 30925
25 111 5252
188 474 27714
10 27 31927
246 449 10737
152 677 21078
171 446 11182
593 707 12126
434 471 8785
196 372 16770
275 357 10772
62 721 9459
345 414 2716
593 602 28532
80 630 31255
26 87 30076
241 349 31980
35 522 13923
416 540 1005
79 189 32197
2 54 26909
99 589 30622
343 563 28502
64 66 466
100 218 883
91 158 16664
181 301 15834
248 503 14471
89 155 6508
131 248 10802
203 302 4422
206 711 11413
143 601 26849
74 296 29640
211 230 23144
459 557 7847
142 240 21859
68 165 14206
10 57 27657
360 631 21709
106 133 6099
272 517 12874
47 273 11818
531 576 808
307 413 17475
45 122 30276
93 137 28035
54 71 14807
124 483 16908
70 336 4014
293 695 825
312 535 1057
18 201 4656
124 246 26942
117 123 20702
9 564 9442
53 457 32753
96 411 31667
20 47 19629
8 456 7226
30 175 6065
72 183 5270
164 509 6662
123 413 25204
236 255 12
1 2 16463
455 483 27175
278 532 1076
55 127 4403
431 471 9068
12 27 8492
132 186 3044
53 666 18059
92 161 20269
126 344 31560
7 20 25695
583 621 26246
308 607 23890
496 615 11845
8 36 8415
145 461 31936
20 540 24360
257 437 17209
31 235 22051
132 207 604
243 641 27601
54 91 9354
485 542 28901
46 95 20640
118 290 22995
62 78 7203
404 574 13691
85 439 14799
30 56 28643
268 287 15863
38 705 21706
29 52 25671
527 696 6387
154 644 31415
473 554 17011
69 368 17370
17 169 26489
555 692 22223
73 628 14392
129 637 19824
79 97 29697
277 515 421
44 470 4783
151 442 16605
139 141 25333
86 313 18709
195 616 29482
167 401 9471
309 586 7594
3 464 9510
272 420 21222
315 322 21020
182 475 2734
64 94 22546
317 535 29553
257 723 9849
51 489 20817
432 593 24181
1 3 22624
168 646 16702
128 290 29809
412 570 11219
269 615 13874
22 31 24457
162 553 20618
154 192 28496
39 362 638
335 622 14288
16 446 18685
49 233 23722
3 147 4451
327 378 28539
27 186 12447
27 57 13689
300 570 27697
3 14 1729
16 152 14724
71 345 3754
587 708 19795
29 112 22210
309 320 30733
11 63 3641
155 182 28031
68 349 32229
347 613 17711
382 562 7470
198 662 3616
498 525 22132
221 328 3077
122 379 18906
141 275 27907
32 38 21365
101 519 20120
62 294 22097
371 675 3393
86 514 24522
109 209 28141
17 142 12074
19 23 364
136 241 7052
175 521 335
16 591 18037
611 643 8956
7 62 5027
99 240 18654
378 519 3836
607 612 25339
104 347 20393
85 406 1880
36 266 5054
24 561 8175
16 136 20993
52 434 20263
121 210 26537
306 706 11528
188 374 26162
226 547 3754
132 368 27030
40 627 30346
333 335 22920
2 115 26567
77 206 6281
24 592 28540
99 217 31213
140 192 7856
302 372 29737
362 411 13457
23 45 30468
236 404 11252
158 543 9597
573 663 4181
184 194 391
50 159 15817
502 668 27624
326 360 19612
139 591 17633
153 176 13464
153 712 2663
69 179 32039
541 675 5903
234 618 26313
606 730 12552
371 455 12184
74 413 31411
70 91 14288
13 26 7853
50 108 11416
6 33 20345
40 167 20088
9 70 30466
111 162 13893
317 681 19630
154 260 30318
170 171 2236
64 327 28641
24 701 8733
241 326 30992
8 19 19
42 410 23225
161 552 23341
38 61 31095
29 32 16769
3 40 5202
111 407 24632
329 700 8129
569 612 26811
454 520 16858
462 497 12845
525 601 8099
122 249 10224
31 359 21709
395 512 15464
9 15 26159
490 538 832
30 252 5349
49 431 22736
329 628 31458
4 27 9343
442 512 6983
167 281 25138
31 54 24561
402 735 17195
254 502 10987
57 313 28893
30 91 32211
274 434 23722
359 657 4684
92 120 7550
28 127 26129
178 573 14535
681 698 593
100 413 26173
327 415 31053
33 412 30318
357 516 1658
461 649 4632
200 638 15505
35 48 7335
2 9 2638
31 74 11902
522 601 27097
280 725 27600
139 197 6147
316 698 814
729 730 2018
17 30 27422
146 729 15471
138 556 6226
251 378 5427
28 53 28246
25 89 15406
19 290 10967
1 5 4716
264 690 4039
2 549 1556
55 477 11022
32 74 30670
96 339 23178
188 420 3796
171 191 8584
665 672 25099
188 340 8445
29 145 497
225 356 5677
87 739 591
298 595 15229
13 200 29669
61 236 21918
302 485 7566
13 286 11106
140 401 400
111 491 12493
540 542 10000
619 702 24128
72 101 2275
134 140 4825
496 717 16953
62 201 3419
175 476 26316
247 406 2350
78 289 14236
6 8 30058
267 725 26212
10 408 6621
60 509 10563
189 688 25231
61 117 19798
5 495 1081
164 184 4663
3 25 19606
36 552 12690
347 556 18354
235 335 23894
43 201 32621
11 12 1074
212 365 3317
437 554 8022
103 150 3044
107 478 32172
627 690 19779
14 557 16403
181 193 31910
253 342 22329
10 252 21521
46 157 7968
89 133 2934
255 351 32132
600 690 30433
132 688 32653
14 44 21165
6 29 10390
194 328 8031
194 375 18165
10 455 14067
213 350 1281
398 525 958
138 237 23500
127 218 1340
292 377 23115
453 564 10581
45 56 12006
70 737 261
53 539 23197
148 256 3444
139 395 15434
98 658 24272
192 702 1964
158 265 4236
257 516 3895
362 482 26333
66 102 22758
479 719 32638
265 684 5495
7 28 15401
713 723 3808
185 656 22339
91 311 19939
452 660 939
370 376 24575
184 351 7868
180 278 7734
348 536 26573
480 544 27237
190 214 29403
234 605 23574
216 246 13353
4 463 5918
42 381 8434
1 27 21856
310 458 1412
148 609 23178
174 280 27482
3 15 25523
84 86 18959
129 188 32269
98 245 21576
141 166 22334
28 62 3548
523 727 24309
10 18 2795
50 497 17613
199 550 20382
14 71 20139
172 203 22217
391 650 785
84 116 22949
20 97 29
39 189 7514
182 349 25392
339 448 23320
15 514 11883
32 73 24037
234 548 28812
593 652 15732
105 544 26832
4 99 16282
223 312 17367
377 661 29252
18 81 12242
145 439 3569
456 673 13655
354 435 13601
90 562 20396
81 117 16193
120 637 31349
18 37 32236
381 518 9211
78 136 24995
582 691 31371
28 77 8010
448 545 12455
60 614 2569
122 470 26351
66 265 19809
318 374 15380
4 341 8601
479 485 25146
179 402 2256
115 150 22153
89 280 11599
81 156 17118
94 383 10740
109 395 31456
74 349 27602
6 7 15591
305 318 2136
30 208 13423
15 450 26005
58 256 32527
3 242 31356
182 319 30261
245 713 19249
88 562 3848
109 276 10698
10 16 3912
461 539 15874
118 384 28933
25 102 30420
53 214 26749
147 273 24320
585 599 26250
206 515 27091
103 641 30553
45 77 16351
245 510 20596
57 340 27484
576 737 4664
60 107 4712
271 325 75
538 601 16740
223 228 4539
160 427 12825
272 314 1222
21 86 3190
63 116 27510
13 43 25596
190 215 15774
379 407 16690
32 330 12762
75 99 26820
32 122 17048
379 544 23049
211 246 9567
136 174 15661
229 245 27085
45 466 15671
352 693 17142
488 524 9364
373 625 31035
4 158 4864
58 493 31662
134 400 22997
71 102 20368
61 68 2093
129 497 420
324 707 612
96 497 4149
21 76 14537
10 24 22063
352 535 16302
202 255 7833
177 198 16152
143 300 1355
154 418 31409
149 175 29888
48 130 8920
119 398 14918
34 518 17882
104 178 8459
79 90 9403
63 110 6570
208 382 28958
110 135 30536
49 237 8739
413 443 3177
146 736 11355
37 230 16636
57 226 3359
66 214 26702
47 224 21488
2 25 30959
518 588 13478
196 244 8611
27 250 17306
322 395 24056
23 150 22802
597 653 29214
163 216 19345
409 416 26890
197 315 18655
41 376 8466
101 286 9187
340 614 29311
7 367 420
11 212 22738
593 620 31247
74 80 4771
41 265 4433
35 66 13671
284 320 29924
372 628 2436
127 518 13226
31 102 30837
54 112 19100
171 329 14840
96 565 26627
272 479 3691
7 170 17716
169 536 1006
188 319 31548
273 505 20713
116 223 20749
117 157 2552
149 658 16895
240 446 12918
683 729 29128
111 121 11801
415 618 32569
294 496 16226
222 292 14685
165 200 20939
600 634 13014
167 419 8183
374 522 7549
545 657 9555
288 573 19648
338 430 2023
230 356 18218
18 26 4681
521 602 25
230 335 16114
1 58 14484
2 329 3426
376 397 12982
19 445 11990
306 456 25909
29 101 23423
119 178 17631
84 691 8827
330 372 6191
170 248 5627
448 686 11589
81 125 8798
181 357 17636
11 35 31280
136 144 9540
514 632 6718
182 520 7639
125 383 20554
408 507 24921
320 478 13317
33 107 3521
23 37 30032
65 382 4582
123 135 5112
559 627 28407
59 334 21615
14 347 10276
229 560 25122
104 568 7419
11 557 23432
273 431 7016
83 88 19709
309 474 15456
4 69 14076
432 717 10905
349 571 29026
153 214 21730
8 130 24759
11 301 22000
175 706 21427
514 570 6597
92 326 20090
1 4 3314
398 470 22086
223 602 31853
12 107 19309
502 505 19627
97 509 22803
210 215 25918
136 173 18660
44 541 10796
127 187 28321
119 150 11957
323 508 12912
1 2 1351
402 420 21037
72 117 16071
100 285 4393
515 612 24456
20 89 2844
545 709 23161
84 104 2617
130 139 4981
422 448 27042
403 535 4032
412 440 1196
293 606 26634
201 378 18611
22 237 20890
75 458 630
2 8 15471
125 622 16682
377 576 8813
317 503 30917
262 264 18427
2 4 14903
25 187 26783
8 35 13192
232 466 10862
503 551 782
130 545 18805
119 503 4159
122 177 18537
35 276 25037
223 605 9776
612 674 7172
398 597 12337
280 423 17325
117 275 5989
10 73 24794
77 143 676
143 156 31340
135 519 669
1 2 28212
133 474 7291
43 500 13049
207 669 9773
138 216 26824
380 442 31681
166 237 4448
62 191 14166
10 48 11669
82 212 7570
95 121 7672
23 191 28320
137 612 21554
101 714 20504
98 324 28619
378 542 7794
183 613 7257
527 585 13507
6 78 16454
174 312 12278
435 570 4787
34 121 28360
110 687 21537
102 173 8747
10 285 30948
325 524 14812
353 359 26000
96 307 26443
87 99 15577
260 583 25904
4 9 31658
4 24 15454
36 65 2897
127 181 28335
200 241 23320
165 266 22302
319 341 18858
57 668 14966
21 103 31746
3 24 1550
142 179 748
193 707 8851
191 241 12598
480 681 7893
183 735 5146
30 77 23298
18 248 27802
213 289 22240
33 675 9144
27 450 26084
97 207 19667
228 524 25142
142 259 12439
67 257 5121
182 355 24630
111 497 29853
477 672 17384
35 130 19840
31 173 18670
12 149 238
236 421 4736
12 689 7908
26 104 11886
76 274 21173
207 358 6504
73 137 17994
40 289 10265
78 622 24077
135 236 423
10 18 15585
25 108 3376
321 416 25017
3 17 22355
140 318 30889
639 719 22011
42 59 14213
492 615 24533
285 390 25199
386 394 31290
238 250 28382
166 483 7036
67 454 15368
15 20 30926
106 259 3504
277 296 15941
134 237 29388
287 460 29859
231 405 4991
312 607 11240
41 706 6741
317 574 4832
4 22 6857
154 612 17189
422 460 2936
199 333 1617
10 95 13466
9 10 1104
12 249 25476
318 696 29716
336 519 23151
92 310 24346
671 687 24506
581 704 7554
150 265 4688
46 600 13218
73 152 20748
63 583 31584
5 608 8488
56 537 21179
5 62 9240
86 520 13893
48 61 26471
470 693 2430
257 317 14694
323 543 10318
137 213 17370
18 330 1043
17 221 2529
387 580 21504
41 341 6345
294 593 5051
32 71 21395
170 235 31869
80 136 20305
455 491 9249
69 111 19109
93 173 19178
91 225 29956
11 27 27618
83 342 2709
26 68 11551
190 350 20414
281 480 9306
159 357 17337
380 602 22928
181 231 970
209 265 21680
72 196 24819
66 67 9339
43 172 10293
577 593 31780
32 224 8630
557 561 4691
50 82 25968
20 147 10134
106 558 25656
260 617 21355
123 183 31276
255 402 15962
29 584 7160
6 328 5350
1 2 17010
170 193 4667
372 679 12403
250 661 21213
89 105 7425
71 126 32460
173 216 16417
125 462 6098
496 504 19179
86 186 9206
297 602 950
10 284 21844
81 350 9586
130 620 1982
493 616 19862
15 16 16883
3 80 17952
196 549 11094
186 209 24984
242 322 26726
381 427 32036
113 385 24423
3 5 8447
560 628 21498
55 79 12788
1 2 25500
407 584 18101
161 438 1598
513 697 2591
19 68 7538
106 284 12233
183 520 8684
591 697 29298
50 259 29246
5 33 27691
232 577 30489
403 415 26191
694 722 4222
7 82 5030
62 286 23711
355 470 4425
32 70 13412
99 538 6941
40 595 714
50 307 9987
346 556 13216
149 455 9737
4 72 11074
5 10 3401
259 285 23660
450 602 4146
182 455 29241
166 231 13423
425 506 29661
12 76 11180
51 267 5332
530 543 14825
170 187 24424
30 158 28437
16 82 24798
169 207 12587
208 313 17842
55 267 4109
459 674 14762
244 334 11970
69 118 12957
411 424 17908
209 658 24136
18 72 29107
193 632 2703
24 266 12522
95 242 23788
13 94 18195
308 397 22788
233 464 8452
414 724 24474
402 586 999
2 71 18006
147 411 14794
68 302 15894
41 64 12606
307 476 16586
362 378 11769
70 198 266
6 60 18059
119 169 9438
186 287 3958
274 382 17016
30 184 3655
186 437 28882
78 145 28560
64 96 5987
140 254 4295
6 8 20340
147 215 19322
448 481 28344
199 352 8538
220 232 1584
122 367 263
71 720 4482
109 576 27046
231 376 4694
14 57 18343
23 65 12366
194 664 3908
188 363 429
113 466 27041
147 416 10715
197 215 20377
50 520 21048
19 46 14738
318 411 30469
357 422 11766
36 600 25928
137 523 37
207 485 26611
317 379 4083
232 317 20930
15 697 24084
304 575 7807
53 658 25608
370 442 8625
79 437 24158
2 21 29157
84 160 11884
18 341 18190
29 165 13513
61 697 10159
39 263 6193
121 280 21454
28 217 25755
5 17 11744
55 325 23712
28 431 16684
99 140 19348
132 259 16991
321 363 12498
295 595 21048
665 687 19758
80 190 13221
25 428 399
370 414 23968
393 468 6679
77 134 9897
552 666 9066
389 681 2749
21 312 20462
8 511 3595
204 315 20765
68 70 19937
17 104 27965
26 33 16000
94 508 5153
231 584 12254
25 107 21943
327 461 19581
248 266 29585
355 535 11481
60 78 25267
12 34 7974
100 603 1344
67 631 13904
205 243 15335
9 484 25721
326 358 15640
144 190 9321
451 524 29800
19 22 21174
458 462 5813
27 196 8829
138 458 10209
408 587 25360
22 87 30018
86 277 25317
44 190 5139
223 413 29082
37 218 21906
11 552 9731
115 272 27276
300 676 28267
294 316 11905
182 280 24722
158 323 22187
613 629 3091
54 193 7052
73 312 3377
652 655 29651
88 716 5954
453 465 11695
313 651 29997
553 711 12270
198 483 25526
60 126 32383
114 576 31887
119 190 22053
459 694 31333
195 381 24967
68 479 15717
152 696 15837
95 209 29931
399 451 20454
39 143 32340
106 201 23028
470 552 12853
30 260 27177
33 151 20574
148 152 9276
258 300 20590
222 562 11365
177 290 24560
10 102 8504
174 230 6186
22 81 12440
150 273 17710
178 280 30741
390 719 17616
269 302 6977
238 507 24450
492 692 23275
229 412 22093
46 47 3645
84 115 2146
299 677 15156
31 75 22518
149 236 15845
544 687 10593
455 456 1676
401 426 18620
24 88 1124
1 12 376
344 352 26538
64 76 4247
644 698 3933
109 184 9621
24 552 18334
411 684 12075
78 85 956
84 324 2148
138 177 2892
25 55 4031
260 362 13276
294 519 5469
5 15 18728
363 367 11872
113 482 17370
267 655 11021
256 736 29491
52 313 31312
75 684 22584
7 229 169
117 224 12597
76 85 8628
39 65 10932
44 77 17103
166 274 26427
209 266 12926
238 555 8554
504 606 29598
119 324 9300
59 370 15511
130 199 17448
100 112 23033
278 285 30087
101 679 24912
64 86 11281
335 467 3096
425 738 22807
12 427 31755
4 23 18805
78 150 24911
24 450 19962
35 111 20517
16 52 7150
29 46 22305
38 284 15253
47 96 26661
277 461 14526
554 662 13703
53 158 11709
9 37 4650
222 289 15208
295 415 32381
54 56 8426
36 596 9617
228 383 31884
401 610 29902
453 454 23229
271 618 32230
203 549 11015
52 76 17952
349 471 2740
88 214 22285
13 242 9035
250 580 9282
23 28 12076
179 296 30385
277 290 8443
220 354 22964
220 638 31383
64 139 20204
39 520 9930
422 565 9591
86 184 13565
33 48 1590
41 49 14484
289 582 27158
178 216 21944
298 372 4242
90 282 17341
478 664 31732
4 28 20843
129 248 17911
116 421 20937
27 182 6871
41 177 22595
164 620 8700
3 266 24892
131 557 25269
1 466 113
72 133 6343
60 413 180
322 564 16317
251 454 6374
6 116 11575
143 475 2116
262 287 12713
32 60 8273
10 184 13391
274 618 3346
158 193 27202
298 346 7254
2 57 29158
39 99 27443
65 95 4915
346 726 19727
169 354 31372
175 323 453
27 399 18194
334 509 30919
57 111 1726
258 639 32078
174 685 2475
179 415 19445
163 450 9037
96 457 19540
276 521 19343
24 341 2422
83 187 27404
26 590 6717
48 341 17629
10 64 1807
22 51 13752
261 625 27752
95 245 13135
10 48 12833
632 702 26668
35 114 15755
70 122 18311
9 42 6318
5 8 20932
32 73 13135
139 140 19866
120 459 12940
135 597 17169
228 519 18985
295 318 23773
13 91 26343
248 368 18878
240 241 4986
78 83 6894
96 450 2556
3 177 15810
15 154 25066
50 267 24070
33 273 20243
249 317 3014
254 499 1
582 602 14973
562 663 27325
243 683 26841
260 454 19718
66 189 18334
377 395 24911
153 462 23377
112 331 23580
4 51 10156
444 710 15774
167 268 17668
359 431 29081
88 485 7987
552 731 11259
25 48 23207
43 155 31401
69 453 18324
163 315 13681
716 721 13446
338 430 23331
74 112 10443
183 492 5949
279 340 25701
185 493 11691
6 29 18050
149 277 29326
33 280 15541
560 686 21000
25 81 27739
608 690 20605
195 588 13562
44 496 26055
3 441 17785
492 733 13903
63 275 6011
280 571 784
26 135 2895
375 458 17897
479 598 25643
640 727 25031
113 131 22445
212 571 9875
77 380 5335
148 181 14054
272 552 26119
609 736 12784
282 316 11921
51 144 28185
270 308 20487
461 642 8509
134 308 19548
208 688 6555
206 668 4438
275 665 14025
96 547 3864
124 576 13391
390 435 24230
122 145 8116
92 155 7855
471 539 4641
299 460 7171
4 7 2539
89 402 10367
57 91 6815
90 151 32346
284 500 10851
226 553 1803
372 610 10706
458 611 9289
5 52 12181
183 603 32477
9 55 13154
117 144 12841
285 482 23609
56 127 15550
12 26 1001
151 632 15705
56 58 17990
180 264 281
345 490 15511
449 461 4813
8 20 30248
522 592 9387
350 661 25862
602 625 9429
128 589 25155
104 116 25199
13 274 12127
122 125 11314
386 716 680
55 307 4808
13 226 19117
327 361 18518
95 474 30998
257 259 17391
394 395 24448
226 685 11001
311 570 2355
111 181 23455
49 82 4805
169 230 6885
356 372 23819
393 503 11775
639 675 10980
377 442 23034
115 178 20936
25 98 13776
15 31 13083
67 100 14978
248 386 18611
7 401 22999
299 453 14618
348 736 28604
173 192 14443
137 326 27531
117 155 222
8 48 26018
592 605 31331
218 562 19202
48 100 19154
634 683 11261
116 650 4257
319 382 23577
158 398 2083
370 466 16555
269 271 24500
336 387 14562
501 587 6499
272 588 17711
80 134 6390
74 362 19794
595 707 29537
318 365 27513
457 462 20739
193 348 18474
275 367 17990
410 739 9718
108 197 32377
13 323 3365
166 695 756
29 60 26330
308 670 23792
59 86 5219
306 613 23194
92 317 31405
49 162 28732
49 210 25365
135 291 5275
229 285 18964
403 674 9185
438 473 2410
499 704 22177
253 546 3808
97 147 17111
352 494 20921
42 69 15100
18 83 18523
524 594 17279
3 11 3310
186 581 20799
93 132 31441
286 369 9188
251 702 10297
65 208 25885
84 274 1630
18 463 21045
60 219 30709
522 734 10112
65 116 8438
119 254 23938
103 266 25558
118 142 5610
193 239 16313
36 219 27318
289 478 24662
26 361 15377
563 710 31608
15 31 10708
297 674 24929
321 707 11189
401 426 15490
535 677 18293
399 681 12862
472 661 18115
208 466 14771
409 654 5762
16 345 24256
47 317 14255
359 541 5823
29 192 28205
28 155 6573
229 424 13325
21 132 11706
3 6 30773
63 391 19566
209 283 25969
31 206 20459
82 139 27481
108 223 15352
115 717 5257
4 112 2514
320 574 28188
97 158 28410
150 182 29304
24 614 13943
337 622 7611
297 396 16711
217 255 7284
320 416 28148
426 557 30060
15 259 20613
31 145 13730
64 252 6981
170 261 4568
422 718 11798
12 15 13105
70 266 17742
69 139 3290
45 104 583
677 729 14005
54 317 22317
20 243 28024
64 245 3254
583 600 4805
66 175 29633
193 204 26657
444 566 11784
80 261 21975
44 64 8314
49 57 27432
199 202 26316
221 280 30554
576 600 21346
8 116 13184
170 259 30633
37 104 788
317 377 12395
205 282 26041
345 465 3790
552 700 24254
86 110 507
7 345 26426
76 191 11931
558 732 1501
201 236 14517
97 615 29632
22 290 14731
30 127 22498
243 309 32393
557 620 11031
120 415 20324
337 588 21637
384 648 10493
105 514 4886
175 327 26530
49 252 25182
53 99 5821
45 118 18912
18 32 21792
464 642 31684
136 150 17505
17 109 25688
32 168 7944
81 116 24042
399 666 9341
136 267 13541
135 559 23292
44 220 5687
280 299 1774
29 328 30311
92 596 29828
24 27 2533
680 710 7011
132 578 6008
44 246 3514
140 162 21468
156 213 23337
22 631 8679
46 165 25908
228 281 5327
534 622 26171
221 343 31345
15 26 27954
480 648 4504
213 361 8073
262 393 29889
86 620 8
310 584 15313
140 580 5255
54 297 30634
379 571 24013
37 293 179
521 572 31737
367 400 11683
69 610 24388
4 21 31282
84 92 22525
47 410 32130
9 43 2570
26 95 24152
86 513 1880
90 179 18300
107 432 29184
81 390 18657
359 437 20997
162 285 8797
53 79 5115
2 101 15128
146 267 15611
146 152 5379
117 251 5545
35 51 28144
388 441 12605
239 567 2080
37 78 5830
224 322 21093
208 304 16935
27 69 27696
8 194 32640
162 427 23573
293 331 7927
81 175 20407
5 9 30759
267 435 29210
103 361 31642
48 67 25023
532 564 30232
95 523 8745
22 234 31928
723 734 7313
274 531 2539
208 469 29168
215 221 29441
26 58 5298
379 384 23258
145 397 27307
9 266 29113
232 631 10272
21 115 31604
181 729 15112
258 735 3201
57 558 2510
571 632 899
49 473 2876
298 586 18535
212 258 25948
53 115 6970
117 342 24422
5 247 3121
17 93 5914
138 357 25506
53 80 9251
97 231 7141
264 281 13375
167 184 26694
65 210 16753
51 712 27548
55 378 24422
361 424 1565
3 72 20424
35 40 21895
5 13 9545
79 175 29623
2 3 19318
19 53 32577
290 547 24000
112 298 22187
409 560 25147
552 685 31319
102 185 19707
130 508 4672
144 153 14116
95 132 27668
194 200 254
389 684 15193
197 217 14508
37 57 18577
216 218 10077
1 2 23973
247 252 25872
143 209 27901
131 194 22329
59 83 32263
399 421 6386
414 522 9513
135 178 2939
130 158 1603
89 523 17457
120 710 26710
24 154 18766
164 316 1514
621 652 8455
24 334 22850
154 334 12002
47 408 29831
25 153 18787
70 450 21871
181 227 26206
47 640 24842
7 59 18056
99 511 8118
313 386 14629
83 112 14964
148 307 30438
139 324 29196
439 736 16205
41 104 7619
106 154 26167
296 316 659
21 277 26460
474 521 21792
109 322 29661
113 309 18404
281 313 21060
48 148 29766
214 253 25467
3 75 2202
19 81 16289
321 644 15925
80 502 13266
126 278 545
17 53 1585
1 97 16408
368 402 22493
30 120 12992
10 12 21651
73 178 19826
5 7 11822
6 31 4837
162 547 13892
402 573 18831
247 275 21130
201 288 18863
344 524 6358
103 171 27178
325 461 9668
100 177 10433
156 348 19826
165 681 24410
59 261 10198
12 419 31557
311 626 17039
89 116 3266
201 226 69
424 619 29757
398 603 29171
31 173 16376
39 144 20661
61 219 18449
547 569 16106
306 611 4149
74 148 11723
128 622 15702
15 210 16582
183 246 21309
4 104 23106
58 126 16603
53 82 13718
50 84 21393
108 559 8272
137 175 18681
28 512 6442
11 29 13267
307 662 25915
174 365 5147
3 396 7238
23 37 11129
239 316 21302
238 582 3722
76 232 30756
309 398 2229
55 66 13697
501 704 27518
37 193 23088
47 66 9123
4 68 25279
36 284 15714
75 103 25598
343 395 11955
230 649 20889
132 470 6502
150 363 31631
51 533 4185
363 485 13204
228 244 4682
16 231 26565
372 381 12787
126 387 12848
288 300 5737
8 21 29986
489 608 28667
183 435 10817
655 738 32004
215 373 7880
5 144 5997
321 518 401
130 159 20175
38 454 30637
206 417 7289
24 154 29365
76 458 5569
192 473 20509
494 659 30316
139 264 27438
421 723 16407
210 333 21365
220 349 19675
234 536 22468
16 20 25257
240 275 6686
72 197 25106
12 396 31519
76 591 26225
186 612 27591
289 468 26299
14 22 10919
15 113 27992
227 377 11749
70 148 8914
182 690 3484
37 245 31299
529 550 14959
147 632 8136
7 22 14968
45 57 10333
573 739 6870
89 463 16373
3 15 20100
37 222 32166
165 330 25411
556 720 28483
1 399 23480
9 161 9404
10 35 10772
28 90 22807
164 215 18648
313 428 6632
92 102 22424
159 230 20355
27 93 32716
201 208 5995
335 580 18953
454 611 20394
539 662 1598
331 447 19722
13 20 2505
21 57 20339
17 62 23673
57 556 11991
317 533 2528
585 697 16496
242 293 16001
219 258 26433
297 686 12470
504 693 29712
646 730 9070
311 551 14430
61 367 9484
40 112 19715
38 56 5901
321 323 22647
9 14 6976
151 234 27118
531 575 18873
50 438 5588
84 162 7873
113 150 13647
4 7 29301
220 460 19913
284 393 5072
33 187 1714
135 735 24398
107 145 768
67 103 28024
6 483 16661
5 500 20463
27 446 7944
1 12 21455
345 450 6807
10 126 30341
660 677 11038
247 646 13933
209 253 31079
18 92 15061
283 588 3131
423 540 1837
566 615 4588
76 124 7066
344 464 3677
34 587 6435
34 313 12848
397 650 18979
137 183 19225
77 152 24540
2 45 26258
173 202 23597
9 222 14177
5 245 2780
35 260 25515
258 606 12286
210 678 25745
68 391 14676
253 278 24960
94 317 24258
175 265 16576
54 647 16931
88 162 21481
139 280 22825
43 67 25157
2 455 19472
133 309 11329
203 465 2625
331 713 10886
720 729 12869
259 465 4175
588 677 7312
363 701 19464
212 291 28941
153 251 12915
57 335 15733
25 57 32691
186 282 5841
382 543 14099
15 318 31424
184 216 30053
27 273 30032
161 235 21320
278 411 5774
217 318 19386
21 34 3869
236 607 4292
318 604 28010
522 596 6938
130 233 32094
191 444 25350
11 376 19105
584 659 24579
60 245 18883
18 28 31169
126 220 18149
5 217 20631
101 688 30915
427 689 31880
129 583 3365
476 559 26983
185 270 16414
41 57 7102
32 122 8619
7 459 15745
214 625 9614
84 221 8893
61 235 1910
23 286 21944
298 468 463
235 309 30533
496 673 24537
328 495 11059
174 562 9170
315 615 12839
661 699 24660
352 450 2361
279 376 4157
228 369 15665
29 64 15026
150 279 25146
254 562 6437
55 359 8795
260 370 21347
32 46 25632
676 682 18958
53 335 30770
182 229 25115
319 428 22487
64 117 25634
59 164 6021
451 565 22698
79 509 6169
116 738 26289
57 437 1614
136 328 11294
145 271 11135
60 75 24553
681 725 17379
339 610 23574
167 288 19908
220 604 470
56 325 25181
649 661 21608
1 306 29787
502 530 14235
410 586 6471
23 116 1271
1 2 6708
408 412 14066
242 526 15754
431 658 19405
405 624 24266
134 167 18913
423 461 19095
261 341 3455
393 639 17520
584 711 19646
6 42 26838
56 61 6082
46 187 6620
122 722 7268
61 286 7503
299 339 10824
62 72 23284
30 715 28854
259 385 3734
163 381 16864
430 644 5335
1 48 24404
269 374 2812
90 166 461
332 630 6447
168 654 668
226 299 15347
87 106 22373
396 666 3253
19 49 228
56 312 12992
163 503 13293
48 233 7428
507 530 28661
229 316 14951
125 511 30900
231 273 27042
224 265 20682
295 329 6867
213 319 29038
3 30 27723
4 32 8073
120 199 14660
219 493 30930
118 262 27776
94 117 13249
27 272 16894
107 709 9078
11 37 19023
3 32 27877
193 330 18223
410 540 3305
44 269 11364
1 535 26377
112 310 288
394 407 8978
646 652 23888
579 645 13275
250 263 7071
79 299 3016
27 30 25624
173 382 21475
545 721 15531
135 150 177
234 580 9217
375 735 27646
62 181 12385
480 689 15711
24 33 3993
204 216 29464
9 17 26150
9 34 23463
4 45 15113
506 626 21545
154 261 11029
83 377 14916
241 346 22937
148 262 16497
224 255 19883
396 403 18861
81 116 29316
307 351 11767
659 732 5808
8 23 23347
122 152 22781
293 415 15934
312 525 17256
278 466 20061
227 238 13184
25 82 2378
136 276 27898
7 8 14471
120 502 7774
24 496 2258
407 411 2335
49 291 25273
139 438 13699
271 659 8134
474 595 28687
253 331 14789
110 224 4489
110 479 31235
64 339 5032
18 89 3235
102 103 1026
50 107 16468
74 302 21472
9 28 13584
373 668 7936
357 674 23725
11 543 7276
98 651 1636
89 566 21481
4 7 19106
382 599 14257
15 103 7859
56 73 13689
157 399 12333
493 595 746
152 499 30248
36 113 10519
284 451 15008
273 720 28571
20 213 18589
44 151 4957
79 160 31720
286 365 32309
6 84 13694
72 186 19425
79 291 17411
127 284 7689
97 335 12766
163 233 25672
590 693 12995
519 666 7794
65 192 10458
32 315 3725
224 441 32196
169 274 7485
23 344 26157
348 386 11917
12 47 9899
158 436 7772
5 15 10004
515 710 25303
326 349 7584
123 150 14538
48 126 28004
497 652 4273
41 232 3085
327 713 1217
33 61 28904
47 364 16237
102 203 17303
330 529 14106
28 254 19200
336 545 20205
461 537 3420
65 123 5636
155 447 14455
2 10 21876
13 425 21871
349 515 13032
267 413 3491
282 583 12463
589 707 28305
455 539 5531
49 485 14531
2 7 5635
235 255 27184
4 10 17605
57 295 28308
5 231 11800
323 388 16548
144 298 22416
78 739 23860
179 712 1957
53 137 17831
310 369 31892
36 166 316
185 393 28029
158 166 9494
213 216 8706
73 178 31000
331 590 27610
48 68 25574
42 140 11024
226 353 29352
219 547 4328
341 344 8552
100 131 24228
204 226 3868
35 52 13460
6 734 5313
437 513 31555
75 118 22796
84 272 21398
90 288 675
499 712 7227
538 660 10454
126 230 18876
145 314 10064
321 700 23566
208 614 4924
37 593 30585
46 78 20688
94 223 24610
191 481 15933
79 688 7853
223 258 9585
251 349 14758
322 584 14387
138 268 693
231 368 21119
45 92 18375
19 239 11566
304 490 6069
241 545 8005
172 313 1812
345 573 5775
133 452 19749
274 284 8259
218 722 31277
4 28 16615
59 111 16281
43 223 1712
5 126 6066
9 173 17424
349 471 24021
461 597 18482
284 489 26986
448 693 18829
28 71 19728
86 116 6876
105 313 18610
486 545 15646
194 195 6279
185 218 360
455 480 25641
569 581 17319
142 269 30789
234 634 25525
158 244 31385
13 106 5186
475 609 15153
1 39 28546
8 175 30503
335 364 4002
111 604 8280
241 724 15724
36 655 23230
72 375 12714
55 65 11131
352 383 30245
58 186 7864
2 3 14670
210 382 16603
371 615 29686
221 256 31950
383 410 8872
1 85 5187
283 349 7287
106 530 18497
10 698 20317
16 46 14167
115 255 28300
576 685 17481
15 359 31026
206 514 21275
46 59 162
12 40 9149
293 304 19177
32 216 22726
19 364 27435
92 382 7684
49 699 15201
96 374 13768
25 66 23382
126 178 17723
23 74 1773
217 244 22297
28 50 18963
131 508 2470
64 101 25332
25 618 1987
503 586 4934
102 532 5724
3 4 18377
295 425 30386
1 9 26954
61 214 29486
106 206 27852
73 634 28602
157 392 24744
23 45 6103
55 339 21185
28 478 5096
112 214 4120
489 578 23658
145 466 30831
360 622 7437
6 92 184
505 705 29431
97 230 5500
150 510 30856
116 236 27274
392 530 22143
76 333 30599
246 543 17747
39 74 31027
581 731 23321
99 205 23943
157 301 337
433 694 5362
61 564 19301
307 376 28002
440 499 29141
457 460 27614
363 404 16177
3 18 8145
430 490 4981
16 110 14180
55 76 5994
6 259 15987
80 195 7440
509 601 31231
41 340 19269
4 6 20526
12 168 25117
183 423 12600
73 407 29357
134 233 4045
210 284 8245
37 138 14304
181 613 14830
184 197 18647
224 344 995
360 363 21644
188 482 10914
355 367 13997
27 130 28842
540 636 12369
62 126 30172
306 408 16871
15 732 22615
59 165 12737
70 516 11154
125 340 14319
76 258 11657
204 374 30757
16 536 2896
126 171 22749
413 488 15741
111 179 29436
50 92 23066
69 223 22421
126 637 32030
21 34 20914
353 389 27041
260 673 10271
476 526 5452
174 341 18340
583 614 15530
6 48 14406
92 101 14955
205 379 24660
77 145 29882
94 473 28275
3 48 6959
1 40 24552
25 59 29958
267 375 2762
252 315 29349
12 179 27625
122 670 26265
74 175 18054
171 418 2437
91 320 30776
343 376 2502
289 453 19857
270 401 12982
2 23 13395
38 69 208
33 581 28263
416 431 3874
309 724 29897
8 97 32727
15 38 7211
175 240 9404
512 618 21755
98 518 3589
176 205 7946
279 408 5326
647 676 3349
157 193 17402
143 147 3791
104 187 32134
244 466 14411
148 153 13172
127 434 29639
33 496 21187
410 542 1878
640 735 25666
116 221 10711
27 168 14876
89 142 6961
11 417 4714
14 613 25051
399 403 13873
102 569 1040
399 479 6552
281 427 23872
18 208 11574
236 496 8353
68 237 14793
285 616 16356
136 577 5820
307 394 22918
85 103 8504
56 80 5165
88 486 23745
70 505 29969
33 345 26505
369 734 23911
440 691 15354
62 726 32577
46 526 26164
4 14 21603
3 169 12128
120 709 508
137 335 6707
524 624 10828
22 155 13048
26 112 2446
80 172 31470
27 52 28108
145 336 27110
32 410 12642
10 549 29286
227 308 28255
192 361 29620
415 535 13567
432 453 25248
22 260 14837
169 240 31967
254 290 16709
80 235 25684
50 82 4302
44 110 22179
78 418 488
108 442 10966
7 565 27538
53 302 8711
142 568 10028
148 548 14659
649 698 28591
18 435 23082
251 291 24545
271 662 21744
392 457 28152
120 214 18895
263 597 929
6 122 24847
3 549 18298
96 544 14374
436 449 26952
78 341 4003
222 597 21664
22 92 22749
159 191 9652
58 59 5029
363 498 10889
23 66 19302
58 348 11966
363 392 16502
86 90 23208
276 422 13706
171 327 7800
91 321 17032
50 100 2205
31 81 17710
130 165 4776
58 739 23879
194 373 29267
10 43 9572
704 714 25731
120 358 23117
237 737 18010
368 568 12980
106 567 13486
46 268 5574
26 57 25734
224 298 31404
446 568 1905
64 300 21537
115 588 25800
466 479 21157
8 74 27965
120 142 19703
113 364 75
78 578 4567
97 676 29536
314 332 5952
305 341 14546
14 130 15007
120 203 22790
52 125 25267
146 192 23120
69 189 7951
106 118 17523
447 629 10877
283 308 13001
300 319 19638
313 696 29822
391 495 19750
16 146 7271
15 20 19377
214 323 10832
35 64 13759
2 7 13791
159 502 31986
411 455 18270
95 664 591
23 634 25862
268 647 9166
8 92 23460
613 651 21375
1 79 32686
321 355 26317
68 77 8227
386 421 12677
58 358 14022
156 534 21421
94 468 6556
42 715 12878
162 171 8113
103 679 12983
15 66 24461
216 542 19694
215 240 30694
128 407 13637
78 567 17260
197 292 1611
40 186 32456
541 602 19347
458 478 21538
97 572 25352
60 75 455
15 495 11718
150 166 31178
388 430 19119
99 162 30391
89 486 25658
47 244 9643
488 538 18467
29 161 16496
425 700 23311
269 325 21106
26 98 21316
4 120 31142
171 225 19701
427 435 20659
76 425 4066
125 395 25097
356 570 4407
31 148 7074
57 135 11751
164 602 18848
19 167 6405
79 112 12813
90 493 22207
279 639 5729
127 716 10246
299 577 12189
106 386 21515
379 682 16405
247 372 5149
447 554 8781
9 84 23431
307 338 24171
49 213 6266
219 343 22569
69 324 11319
202 488 9562
99 130 2020
243 735 8523
448 674 26840
444 590 27579
147 148 27205
61 130 16915
113 248 23429
42 179 6181
443 537 20854
258 449 4518
239 319 3752
100 135 4107
476 657 29004
187 365 168
313 357 26403
19 180 1300
288 396 18146
289 582 1085
86 185 11199
118 604 15546
80 265 23336
684 738 8508
427 540 9684
14 372 11814
200 351 27820
428 699 5045
82 95 18234
136 223 4682
57 227 3239
308 575 20134
354 565 367
452 556 16958
376 627 31562
501 578 20472
138 553 14856
144 316 32735
6 110 20297
202 203 1215
27 81 2140
82 304 1190
23 219 13480
44 78 14770
600 738 10350
195 407 29381
99 133 20165
47 356 21480
10 662 20251
83 92 1159
39 172 2470
101 454 19924
127 444 19333
147 371 5609
61 77 26244
6 229 13443
593 708 8639
105 480 25716
113 474 3991
178 462 8468
9 71 2745
29 38 8540
10 223 16163
173 206 27255
549 667 1389
160 368 12766
87 314 17858
331 700 2921
33 720 25930
206 681 14806
28 35 15347
119 271 30894
71 375 2528
387 681 19615
55 516 10979
5 81 25489
206 273 11213
25 708 24622
148 354 14459
117 160 9369
263 503 27367
202 634 24177
90 468 8873
9 245 19084
583 644 2474
9 24 28901
154 243 5618
334 361 2473
236 720 483
3 8 25206
156 191 11064
606 635 1824
17 243 24221
62 85 13210
422 722 6343
108 117 15573
287 470 1867
19 67 15536
83 141 25254
217 472 29014
362 713 26679
339 507 31381
71 507 5659
564 717 25
214 458 9258
39 454 24968
100 555 23679
117 249 28153
294 501 15196
8 519 21055
100 271 28996
61 619 1523
142 695 21405
65 614 3401
546 589 18243
251 537 31260
38 44 3524
157 667 16550
170 364 26954
56 146 17637
321 731 5208
14 160 2980
67 380 25061
319 597 18067
182 576 20349
182 506 5372
253 428 13931
94 373 23288
206 432 27168
61 83 3885
172 423 16716
207 211 25462
70 540 5221
7 83 18199
95 442 30617
213 365 310
158 426 12112
379 381 6362
245 309 26067
276 439 31652
45 367 19891
15 53 26352
386 705 28664
59 130 3885
174 306 13911
142 162 28552
38 232 8395
83 355 8252
312 732 21357
560 592 7206
262 292 5219
95 137 3697
183 187 15158
449 510 10104
109 250 18935
112 239 9251
135 178 15857
226 257 13689
46 510 26855
51 66 24089
440 444 9477
338 539 14796
431 541 17677
109 304 1923
93 237 3950
44 131 18514
12 37 11844
61 467 26174
22 104 5996
80 474 11277
491 585 22329
51 129 29513
108 466 11626
155 400 24632
570 660 24433
111 698 23425
13 56 21548
55 134 18342
107 381 19611
239 705 17572
73 99 10812
220 738 15962
230 421 32535
321 658 4740
174 182 27798
370 475 24936
69 440 28101
408 544 10378
60 691 24209
197 199 10506
30 171 13586
97 125 25454
6 283 17168
123 518 12550
118 567 17728
2 17 18228
151 163 21226
270 478 19262
27 33 15349
159 268 7530
272 383 23702
82 734 14488
124 671 13575
304 336 32671
42 685 31002
326 426 9232
37 129 7813
26 110 2598
112 545 565
61 494 15386
129 200 23561
125 592 13068
2 144 13770
64 117 1596
365 512 17724
455 620 342
250 660 12943
272 345 18668
22 66 19369
130 351 8319
386 540 14838
387 596 10151
279 633 21446
478 512 3121
251 489 25436
335 418 19794
121 384 3391
67 159 20545
102 262 11376
73 206 16596
23 534 22148
77 707 6384
95 111 4837
197 267 16371
446 545 30614
87 225 3936
286 496 9050
8 22 15471
448 532 16398
90 353 15956
455 480 10632
2 14 22364
507 728 21614
172 709 31532
190 530 28078
273 386 30404
365 424 13995
15 33 3871
96 114 11065
388 405 20861
248 264 22009
32 480 7354
163 391 11448
436 522 3399
85 270 12761
497 514 32152
138 448 14590
611 632 19241
384 413 23648
278 716 5219
178 506 15768
6 10 15884
64 123 26569
91 570 20234
202 380 25201
264 535 10136
131 142 2878
44 57 21827
245 283 29378
473 542 22350
246 738 2786
324 672 8003
7 76 18239
45 114 2022
117 298 12065
116 189 28860
30 503 7552
41 97 14058
391 413 22331
93 298 29719
129 167 2221
38 190 21138
625 651 29454
14 42 29171
265 346 26477
155 220 23010
76 213 28708
7 517 24797
16 18 2832
54 214 19202
51 148 26108
270 413 18768
166 598 31738
182 426 31709
310 437 3484
267 479 14831
449 685 1874
240 328 14588
50 85 20566
30 159 18432
21 458 491
302 532 18084
207 302 31194
331 526 22572
11 15 27762
20 139 8237
106 594 22908
84 299 11124
586 666 25816
42 595 4517
152 544 24262
136 374 27767
10 107 4354
103 408 1957
220 499 32064
65 135 14562
90 388 28335
417 668 12657
63 365 25470
2 84 25398
161 412 13481
365 570 20822
280 512 20843
545 548 26817
94 417 12591
9 66 22336
12 112 6612
60 89 22486
51 254 20896
110 204 8602
25 659 6968
4 36 8783
202 426 16236
39 442 106
141 214 15309
229 322 6213
606 713 15928
351 457 22188
146 155 13525
29 301 1805
11 26 14159
92 706 30189
214 538 14626
63 168 14453
111 724 7760
199 429 4139
60 510 17127
324 592 20031
379 677 6933
147 172 23532
56 143 5313
222 468 13789
385 657 9441
91 147 18077
3 18 14853
154 268 12398
5 19 31438
218 334 20780
51 103 4683
456 596 11001
65 113 9588
56 117 29416
4 180 13370
345 439 25320
340 361 28125
189 570 7831
252 381 13205
214 239 4807
392 694 30121
623 689 17880
166 718 5765
70 704 9021
503 573 23676
574 577 30395
402 513 1577
480 539 7242
294 624 7856
579 646 28574
522 604 1627
14 721 21186
140 363 6455
346 424 17738
331 538 16579
279 476 3593
101 252 24273
229 625 30542
227 234 12065
255 704 8720
56 76 19055
359 560 3738
487 579 12503
8 9 14735
349 579 31462
251 605 8798
4 22 22453
467 559 19587
277 315 9175
9 20 24356
70 78 30728
355 371 32490
67 133 24541
4 6 27692
188 434 18404
10 14 25533
16 39 28664
89 638 19207
62 99 6577
9 47 24622
196 210 5177
58 706 3446
125 212 32243
17 39 11043
115 253 27054
63 157 32132
194 578 22622
36 163 9458
338 490 31120
722 728 5089
43 174 13337
3 248 861
345 403 26026
6 65 22657
219 334 25425
196 245 3536
90 372 24076
377 719 2421
98 625 13825
420 687 26072
362 366 19441
321 400 9225
90 299 21503
162 435 6119
47 268 24045
278 370 11294
326 505 1610
248 347 28742
319 615 24922
22 132 19912
32 61 31634
130 269 20570
124 505 5379
173 247 13611
34 341 21512
319 493 26
303 439 24849
524 603 14481
180 425 104
193 382 14288
39 190 8246
208 348 12496
419 427 16451
530 602 24079
45 546 26136
71 224 7130
85 184 19344
132 625 13812
218 601 28416
287 683 26021
129 169 29557
353 439 31136
26 34 9411
152 353 29501
5 79 18002
389 654 7412
236 295 25840
139 195 19494
110 467 783
33 188 13454
89 91 29754
50 63 32247
208 378 26534
28 43 15620
313 493 19239
443 668 5683
281 475 9970
86 698 15968
403 452 10233
120 182 20074
16 492 4538
300 432 2011
71 407 4572
418 699 18064
82 210 16120
254 289 32732
154 525 14673
75 637 27037
4 12 16238
86 92 17459
23 44 25049
174 267 22629
72 330 10347
146 232 5777
107 486 16614
66 581 30393
101 173 473
87 135 20811
20 31 32254
339 690 30397
316 693 25482
405 602 24655
193 417 16432
73 246 32395
22 101 19907
70 193 31334
9 364 29883
279 555 17417
476 646 2313
67 219 5803
475 738 15100
15 107 15111
145 552 6443
129 707 23115
54 158 8601
50 474 12700
17 20 3984
84 401 31358
67 88 8427
165 595 30401
7 245 18625
1 18 20165
4 11 32432
240 267 26414
56 377 24889
204 403 3940
94 261 1776
196 300 31860
53 261 28011
225 413 31778
159 647 17967
7 542 14939
2 34 16660
29 56 26432
94 618 12501
3 483 5757
168 443 20931
30 124 24758
23 634 25562
487 550 13859
355 394 165
225 310 32180
55 291 27316
290 548 7775
469 484 22421
135 632 30808
456 556 13957
201 277 12906
273 603 1378
170 475 9132
263 636 12928
187 710 7231
477 528 9571
314 360 28642
235 515 8604
197 287 31607
243 567 7736
115 171 31442
368 584 12668
41 342 30311
69 712 9186
485 577 26803
168 245 28316
295 647 2423
143 689 10501
292 631 280
27 45 1472
209 424 12485
66 362 19324
149 347 19502
317 368 32409
64 107 18426
588 690 2077
42 74 11316
48 54 23481
213 489 15466
370 410 16846
261 288 12090
370 379 19384
300 407 28018
4 5 26568
38 110 5405
549 649 22439
109 404 22286
158 162 18217
92 550 17858
122 268 15029
395 515 25273
346 665 21440
13 443 13201
347 639 20255
485 495 31369
125 374 29716
463 518 26165
246 493 15452
366 710 14986
23 90 7349
15 627 10641
547 583 21129
370 739 23642
78 96 18119
463 545 7429
57 728 16146
306 736 14597
220 244 3531
391 451 7906
337 555 1697
412 522 32034
247 264 175
106 116 20521
486 499 28747
56 270 27437
48 504 29208
81 447 11403
400 695 19961
77 123 18471
255 617 21486
50 87 29341
189 222 19987
82 93 20075
59 97 27177
67 716 22619
98 526 17011
320 391 17107
591 706 24794
453 488 18399
292 432 2184
114 129 2059
269 492 4476
118 332 8290
304 306 32457
56 174 19508
152 576 891
17 31 14195
221 392 13148
113 396 11452
37 82 29701
401 529 5749
110 577 14342
145 499 27772
265 670 28944
313 325 12382
182 487 18262
103 145 6163
113 346 21419
270 329 2989
327 488 9996
135 303 13441
4 69 9609
544 599 7340
127 324 29647
388 519 21510
29 309 15818
27 403 19431
99 368 16911
5 94 11581
5 167 8460
120 212 25835
56 166 16439
518 658 4211
168 413 28849
44 99 26947
380 566 17943
12 117 22348
399 471 30066
128 535 943
304 723 32143
57 429 10905
95 299 4388
38 193 6055
11 556 4224
335 405 14963
248 432 9161
371 600 10511
240 681 2031
447 600 17563
313 389 12249
22 141 6203
163 214 18554
56 191 1301
86 193 18897
461 531 28197
398 550 22528
279 327 27906
129 340 7933
124 606 13548
12 27 22667
95 104 15294
322 419 8065
3 367 6288
307 413 25729
17 53 22074
33 542 6062
263 344 19436
43 381 14347
187 478 30874
173 473 17538
450 611 28147
66 161 21444
55 104 7698
95 648 12159
88 432 27439
122 364 1189
57 69 15100
82 84 23985
298 690 6006
524 707 32048
466 569 9534
192 561 7674
4 330 31725
57 672 27611
631 647 18139
201 548 672
15 18 5442
278 606 15038
246 258 30422
124 213 21016
262 718 32292
137 273 25728
510 615 5198
26 127 31507
18 68 16902
351 445 2686
226 640 16343
9 42 22473
139 662 21525
91 269 14397
668 708 20245
2 45 19588
72 499 26230
52 123 18
416 453 22175
253 539 3440
68 80 7620
102 196 23823
61 643 26130
251 257 6049
100 113 23753
357 662 1584
169 304 21107
30 148 10597
237 525 9339
55 183 7878
160 310 10954
488 648 17868
215 586 17465
431 523 28706
286 450 13051
90 205 3956
467 494 22086
517 577 6277
503 632 230
626 710 1688
99 270 17541
130 447 23367
7 9 6082
154 543 30299
93 418 20854
128 338 32326
491 549 7606
609 670 7504
28 354 24944
252 286 24722
349 725 1977
500 668 23885
10 105 32
232 570 13909
212 460 22443
57 358 32370
497 516 24130
349 672 5639
256 642 18611
33 314 20852
283 418 17309
38 638 17107
133 169 1498
654 700 15661
109 578 12612
48 65 24643
2 3 18152
74 247 872
140 197 12298
189 291 31539
274 477 28542
26 298 18665
196 216 1861
206 337 5107
43 321 3188
115 230 11451
42 73 22471
94 128 5565
130 321 19317
88 96 31422
424 694 22298
219 353 26458
7 308 18647
47 354 17776
33 64 9978
64 114 272
38 62 20415
15 42 29434
339 515 1303
93 150 13262
552 633 26741
272 404 2429
32 356 20235
88 265 3482
9 24 20740
612 717 18077
418 618 5785
85 201 1849
352 365 15382
263 669 20046
25 152 16936
106 120 26400
343 466 29197
13 219 31966
168 547 30078
131 501 1435
154 474 12389
148 197 10307
299 304 16064
78 243 24123
392 484 25417
5 12 23718
79 625 17322
254 496 6788
26 58 5491
112 347 24623
592 610 27402
217 285 471
346 569 12871
330 541 2577
32 265 16002
140 606 31388
86 210 30258
437 455 14553
108 456 126
115 714 2228
212 257 10560
287 663 29683
195 213 12914
103 161 29981
356 470 32764
480 573 1148
4 12 1880
6 212 2790
9 17 16012
73 134 4431
34 46 32361
24 27 5461
190 691 31244
8 15 2633
197 521 8730
694 725 2903
65 308 5162
60 137 28383
202 645 10073
323 473 5159
66 82 19714
20 167 15330
372 545 26888
258 653 20802
69 585 1851
188 532 3217
496 574 31674
394 624 6538
244 328 6754
45 162 15071
310 455 21932
382 710 4536
36 206 20357
18 19 2822
103 115 18182
15 85 19974
275 566 25619
423 640 11852
38 234 15954
516 589 26908
12 18 12019
23 98 10515
457 516 5436
446 687 15419
1 3 17378
376 389 26662
24 51 24971
81 460 9385
182 233 12561
49 295 4418
158 725 1631
330 662 604
120 183 13054
12 178 23267
45 206 428
320 370 23529
112 180 31378
198 269 30544
127 251 12790
431 439 21422
125 305 24956
442 649 24297
67 452 4174
36 43 23102
350 529 10444
31 132 1455
32 253 6797
178 584 18956
66 455 7635
436 471 18452
179 303 27086
31 124 22619
439 606 16697
329 714 6915
265 281 12592
60 148 1893
456 678 19550
94 355 19250
287 500 8397
225 284 1481
9 101 12534
156 265 22439
390 607 26869
100 138 10042
172 305 28383
475 547 13192
6 296 22958
347 683 25189
32 153 23621
76 111 31527
277 529 23152
306 315 34
204 343 15353
31 45 26701
75 462 13853
117 149 26590
666 695 15885
53 536 4550
32 182 30526
32 84 13640
188 516 18099
48 62 16940
393 658 20612
343 519 826
138 140 5974
95 615 29176
471 678 19838
58 235 6121
73 106 13817
88 674 12485
308 442 18326
187 319 24144
12 40 11984
61 662 2534
210 246 23377
298 512 22745
7 231 3101
24 69 12331
2 100 22983
119 210 31053
91 406 8268
15 69 31983
162 346 29279
56 100 2558
9 332 32336
49 414 3684
1 712 4303
418 723 5169
96 455 15423
176 569 4387
199 255 11091
60 580 28625
4 233 23595
108 400 238
17 29 32045
91 702 26705
333 366 30532
16 457 27847
306 310 26972
263 295 8929
56 93 1835
536 585 2615
16 428 416
193 422 12757
50 169 27032
429 580 9175
254 546 28076
427 621 338
32 33 31278
174 294 12066
495 599 11949
61 252 2361
81 96 24221
267 409 5501
29 31 31483
103 259 28760
126 158 24826
202 678 31878
70 462 11806
172 603 3279
226 295 29786
114 116 6557
163 451 2307
96 110 28095
4 116 16309
270 650 23728
422 457 15999
192 512 23097
51 65 19192
167 408 32331
9 54 2052
583 734 29029
4 77 10859
232 460 15583
125 195 16033
359 476 22513
70 152 17477
294 397 21841
89 408 13375
409 657 7868
62 67 3213
67 72 710
75 469 18713
136 369 20162
132 734 21299
83 168 4524
212 568 31100
319 698 17994
415 434 110
59 155 21003
83 361 24512
252 718 21326
90 392 23383
44 490 29965
347 367 26246
8 282 14122
8 75 14022
459 672 8652
479 655 10035
207 261 32649
609 669 8300
183 737 19803
193 559 12460
28 66 24715
455 519 28210
40 628 8726
245 573 12883
169 395 31802
35 239 17872
255 592 557
269 277 18241
144 395 17199
20 239 31408
112 421 29038
519 670 24004
25 295 23167
449 570 24068
70 402 29266
35 56 30490
17 165 13035
2 139 23845
316 328 8779
118 389 15215
43 110 15688
114 472 2606
547 596 8524
19 406 7701
75 369 26667
474 600 27353
52 574 4248
249 728 3586
540 581 21209
92 498 10648
128 189 13518
6 28 28302
67 82 24941
611 689 1271
396 484 1844
518 686 21613
84 263 7754
314 370 6448
74 120 16963
333 658 17129
313 527 5315
279 739 24592
7 96 13684
54 159 25956
96 529 4361
147 357 777
150 500 27721
401 495 270
483 539 29012
214 311 23446
60 423 29853
75 145 6882
36 59 29780
112 547 15830
478 620 20528
75 148 3558
217 411 12505
294 401 26980
227 271 23917
123 255 3490
334 363 8897
201 522 15476
128 416 17277
186 568 20705
278 534 31010
117 290 1331
42 410 11665
435 611 24742
85 195 4537
460 629 3423
14 106 24939
98 206 18289
420 441 19857
214 273 15396
76 465 32046
198 466 7347
198 713 10998
536 692 27193
188 687 26727
292 552 10382
59 626 20636
320 355 17466
203 356 17499
2 33 7121
94 546 30219
82 177 22344
372 707 26513
182 418 6194
164 328 21837
253 394 9183
25 516 12450
48 61 1229
133 146 4570
51 521 21239
139 369 15424
69 215 27356
71 166 16579
80 200 26973
32 152 19077
125 633 22200
9 483 32285
358 644 5458
355 446 24445
631 738 30992
291 292 15280
545 637 29284
455 634 27381
152 528 1127
419 516 13536
384 538 24460
53 555 901
79 292 723
481 733 13275
514 699 17289
95 146 219
41 667 8180
151 399 5123
54 242 23419
91 212 329
35 41 9009
223 657 11678
510 599 28611
510 690 9873
113 149 5689
248 650 5819
434 707 2841
123 131 5615
166 318 21433
365 557 25959
126 252 4078
213 739 1895
454 516 31322
379 409 24336
114 183 18435
96 106 28752
2 3 32766
262 410 16697
200 667 19018
638 700 5409
286 382 24890
516 522 3934
128 174 21244
115 239 3706
103 283 10518
5 461 4649
33 433 27130
83 208 3446
120 363 19715
525 688 29654
45 579 29544
18 71 27438
81 708 6428
17 46 9700
309 436 1672
17 124 20368
446 735 10400
210 255 31741
102 398 9939
245 478 31586
48 225 9903
30 212 10278
81 122 15197
629 644 401
16 83 21316
343 467 1065
456 481 24682
1 72 31678
4 243 2163
91 121 21570
108 368 28492
258 414 1546
113 423 15331
156 159 28425
322 614 22655
42 122 3616
190 274 14477
7 29 30367
90 411 11270
115 172 16771
297 458 3254
9 146 3868
528 720 27655
122 287 10010
315 488 26665
214 267 15927
10 56 1445
268 616 12280
74 180 26297
60 325 24630
53 675 3101
20 73 19312
214 678 758
291 471 24088
581 658 4643
55 66 19033
183 260 11566
419 586 4353
59 253 15742
100 102 7581
196 221 17063
32 695 32485
314 476 28898
90 368 15367
45 78 24858
27 66 23672
232 349 10253
459 688 15181
335 373 21105
11 121 84
184 295 25124
66 67 26716
150 430 3269
517 638 13164
19 40 13903
178 226 27363
29 612 658
20 23 2736
25 187 28306
298 668 16417
178 600 16188
416 476 13824
99 246 17646
378 633 6386
165 412 3014
26 41 28758
37 487 7864
220 484 26392
277 559 6096
19 133 32047
63 125 25144
365 500 9670
579 685 25298
56 183 24378
67 92 17029
75 372 10610
220 462 24982
81 171 13379
61 667 7583
464 608 730
172 459 7163
124 716 25185
17 36 18637
159 610 16727
236 561 16104
404 658 606
242 564 26425
131 243 8289
195 457 24205
25 110 13158
64 77 9929
272 657 27747
37 45 25825
164 208 17395
76 172 32575
135 286 10944
181 448 26711
507 611 23543
158 289 20371
472 528 20773
103 114 26338
262 424 5195
100 272 30095
137 638 6161
9 87 8492
277 354 10071
121 673 15276
20 631 13473
218 246 4625
293 576 9987
396 632 14636
690 715 1439
471 622 15970
172 195 25565
6 12 121
287 557 32717
118 611 22743
537 650 29066
542 614 14268
183 645 25966
36 57 30292
333 465 29809
25 584 30655
3 26 5398
1 18 20064
130 377 9381
441 474 3335
2 66 31666
662 684 17377
167 650 12820
69 589 30509
71 110 30170
229 632 12829
248 289 30189
99 414 17020
101 724 11349
226 480 14829
232 350 7510
152 268 6097
340 713 14317
8 232 2882
421 526 14670
250 332 7854
227 471 6260
90 129 26333
4 658 24544
66 304 3487
520 534 19222
4 103 21578
209 344 19081
29 278 1232
115 218 3041
142 541 18462
86 170 7658
78 198 3823
84 240 3729
96 324 13937
70 241 18096
11 422 25663
111 224 15008
321 348 19869
227 278 6083
269 282 19453
447 721 13965
33 195 21815
178 508 5550
22 411 14327
32 40 20076
19 153 27981
235 519 6991
145 166 30313
576 582 430
223 547 10721
174 181 17343
160 437 5658
408 472 17457
208 383 18086
136 245 17794
242 243 22711
10 90 16010
56 106 28409
55 90 10994
32 368 20335
504 505 6545
187 445 22050
50 251 5096
138 349 32207
24 649 8493
229 235 7116
28 120 27820
305 314 7902
44 226 19041
344 357 14529
71 86 17950
18 20 26748
300 408 26775
106 494 28649
133 558 15141
143 705 26871
75 622 7724
31 108 32644
37 351 3928
148 171 23278
4 454 21563
491 646 3751
263 463 29419
77 131 2922
99 531 17837
40 41 4852
480 669 6108
38 329 11834
86 350 27008
497 567 10909
495 561 1117
146 660 15503
15 52 18519
243 295 9882
103 433 20099
334 691 14807
8 413 2370
339 715 16681
22 66 11567
242 435 31453
117 228 16847
49 67 15494
316 398 2621
57 596 19233
43 569 21840
25 35 26092
96 389 491
299 695 3189
111 180 28526
407 531 14539
370 545 31627
49 372 11480
588 644 26094
72 638 7754
435 553 18284
85 360 3734
77 117 3521
102 192 1279
168 716 28165
200 319 16032
18 179 20306
88 177 19692
54 538 7266
23 29 5416
58 312 1547
489 524 17341
21 28 22996
366 421 7296
614 710 30504
141 429 11584
237 454 29395
115 176 23092
40 48 27584
70 79 5157
1 88 17718
89 139 22117
606 637 14864
32 489 24310
586 713 22935
68 655 32104
11 514 18954
313 491 25944
519 648 30207
362 700 14239
94 537 24861
149 698 387
127 251 5593
5 142 21398
48 427 16709
437 509 23039
146 236 29461
667 696 7776
566 610 26454
9 46 24480
61 159 3226
223 442 17971
200 326 29829
280 311 15299
409 587 22001
86 205 25410
258 604 3895
162 323 10953
184 505 31792
257 693 17114
188 193 18189
401 470 32468
117 715 27683
4 12 20672
27 441 18479
282 345 18113
178 355 1473
240 260 15049
227 273 27095
435 448 21861
391 528 10445
365 639 10937
49 59 25633
92 179 9482
278 414 1738
408 554 12897
51 99 14609
14 437 21292
431 726 26149
377 607 17907
108 415 7397
5 24 12399
28 32 17053
16 23 24744
83 128 27036
243 368 8420
45 150 30453
658 701 12180
329 445 27078
72 76 18557
41 209 23516
49 177 24264
544 683 1678
565 643 16333
108 177 2076
16 94 25769
172 501 9476
95 368 19715
76 230 7681
196 359 26511
432 722 16047
18 43 23848
216 525 21004
75 692 6561
117 718 338
160 418 14744
232 308 5848
189 446 9967
20 681 509
12 224 13758
370 467 6731
157 663 4560
202 240 20311
158 172 20755
34 55 1
204 277 6526
152 291 28458
564 737 2392
8 27 1269
570 637 1775
253 682 4910
19 25 22802
21 318 30833
246 354 31733
282 459 4378
17 65 7750
422 680 13879
150 405 8344
206 555 27112
35 63 25974
53 400 3568
33 312 19123
501 713 27752
333 457 21723
190 563 17364
10 25 31693
6 136 16135
151 158 13283
125 403 5786
15 434 20793
76 279 23776
468 475 19181
27 130 30370
186 732 17008
450 538 20995
11 468 5955
388 595 23136
201 340 18861
161 164 17157
111 639 3927
20 527 23563
189 209 21194
163 242 3016
404 569 29506
107 285 3206
66 580 3162
350 628 394
1 39 25977
168 173 10126
338 362 30471
97 736 9267
161 177 18385
138 359 5413
200 210 20268
474 533 19163
567 721 6324
2 3 25661
264 306 11446
153 168 6042
466 719 19621
122 462 10920
405 678 30007
414 492 16020
80 533 24561
118 408 30271
11 79 31819
135 532 27715
52 69 7350
399 573 15185
64 76 28207
100 377 22278
22 98 20761
475 508 27726
128 193 24734
210 220 18409
238 255 29123
156 328 9908
16 51 9710
4 38 9911
8 14 25757
104 478 8504
324 555 15979
319 394 21821
