672
1000000 999999 999998 999997 999996 999995 999994 999993 999992 999991 999990 999989 999988 999987 999986 999985 999984 999983 999982 999981 999980 999979 999978 999977 999976 999975 999974 999973 999972 999971 999970 999969 999968 999967 999966 999965 999964 999963 999962 999961 999960 999959 999958 999957 999956 999955 999954 999953 999952 999951 999950 999949 999948 999947 999946 999945 999944 999943 999942 999941 999940 999939 999938 999937 999936 999935 999934 999933 999932 999931 999930 999929 999928 999927 999926 999925 999924 999923 999922 999921 999920 999919 999918 999917 999916 999915 999914 999913 999912 999911 999910 999909 999908 999907 999906 999905 999904 999903 999902 999901 999900 999899 999898 999897 999896 999895 999894 999893 999892 999891 999890 999889 999888 999887 999886 999885 999884 999883 999882 999881 999880 999879 999878 999877 999876 999875 999874 999873 999872 999871 999870 999869 999868 999867 999866 999865 999864 999863 999862 999861 999860 999859 999858 999857 999856 999855 999854 999853 999852 999851 999850 999849 999848 999847 999846 999845 999844 999843 999842 999841 999840 999839 999838 999837 999836 999835 999834 999833 999832 999831 999830 999829 999828 999827 999826 999825 999824 999823 999822 999821 999820 999819 999818 999817 999816 999815 999814 999813 999812 999811 999810 999809 999808 999807 999806 999805 999804 999803 999802 999801 999800 999799 999798 999797 999796 999795 999794 999793 999792 999791 999790 999789 999788 999787 999786 999785 999784 999783 999782 999781 999780 999779 999778 999777 999776 999775 999774 999773 999772 999771 999770 999769 999768 999767 999766 999765 999764 999763 999762 999761 999760 999759 999758 999757 999756 999755 999754 999753 999752 999751 999750 999749 999748 999747 999746 999745 999744 999743 999742 999741 999740 999739 999738 999737 999736 999735 999734 999733 999732 999731 999730 999729 999728 999727 999726 999725 999724 999723 999722 999721 999720 999719 999718 999717 999716 999715 999714 999713 999712 999711 999710 999709 999708 999707 999706 999705 999704 999703 999702 999701 999700 999699 999698 999697 999696 999695 999694 999693 999692 999691 999690 999689 999688 999687 999686 999685 999684 999683 999682 999681 999680 999679 999678 999677 999676 999675 999674 999673 999672 999671 999670 999669 999668 999667 999666 999665 999664 999663 999662 999661 999660 999659 999658 999657 999656 999655 999654 999653 999652 999651 999650 999649 999648 999647 999646 999645 999644 999643 999642 999641 999640 999639 999638 999637 999636 999635 999634 999633 999632 999631 999630 999629 999628 999627 999626 999625 999624 999623 999622 999621 999620 999619 999618 999617 999616 999615 999614 999613 999612 999611 999610 999609 999608 999607 999606 999605 999604 999603 999602 999601 999600 999599 999598 999597 999596 999595 999594 999593 999592 999591 999590 999589 999588 999587 999586 999585 999584 999583 999582 999581 999580 999579 999578 999577 999576 999575 999574 999573 999572 999571 999570 999569 999568 999567 999566 999565 999564 999563 999562 999561 999560 999559 999558 999557 999556 999555 999554 999553 999552 999551 999550 999549 999548 999547 999546 999545 999544 999543 999542 999541 999540 999539 999538 999537 999536 999535 999534 999533 999532 999531 999530 999529 999528 999527 999526 999525 999524 999523 999522 999521 999520 999519 999518 999517 999516 999515 999514 999513 999512 999511 999510 999509 999508 999507 999506 999505 999504 999503 999502 999501 999500 999499 999498 999497 999496 999495 999494 999493 999492 999491 999490 999489 999488 999487 999486 999485 999484 999483 999482 999481 999480 999479 999478 999477 999476 999475 999474 999473 999472 999471 999470 999469 999468 999467 999466 999465 999464 999463 999462 999461 999460 999459 999458 999457 999456 999455 999454 999453 999452 999451 999450 999449 999448 999447 999446 999445 999444 999443 999442 999441 999440 999439 999438 999437 999436 999435 999434 999433 999432 999431 999430 999429 999428 999427 999426 999425 999424 999423 999422 999421 999420 999419 999418 999417 999416 999415 999414 999413 999412 999411 999410 999409 999408 999407 999406 999405 999404 999403 999402 999401 999400 999399 999398 999397 999396 999395 999394 999393 999392 999391 999390 999389 999388 999387 999386 999385 999384 999383 999382 999381 999380 999379 999378 999377 999376 999375 999374 999373 999372 999371 999370 999369 999368 999367 999366 999365 999364 999363 999362 999361 999360 999359 999358 999357 999356 999355 999354 999353 999352 999351 999350 999349 999348 999347 999346 999345 999344 999343 999342 999341 999340 999339 999338 999337 999336 999335 999334 999333 999332 999331 999330 999329 
7310
1 2 4302
2 3 2383
3 4 18879
4 5 19845
5 6 27174
6 7 30424
7 8 22965
8 9 17461
9 10 415
10 11 28695
11 12 6204
12 13 19988
13 14 18148
14 15 24026
15 16 25468
16 17 18168
17 18 905
18 19 3125
19 20 7369
20 21 31286
21 22 18335
22 23 13511
23 24 6614
24 25 7943
25 26 1158
26 27 32319
27 28 13861
28 29 29745
29 30 18947
30 31 5407
31 32 6338
32 33 16099
33 34 22930
34 35 16832
35 36 561
36 37 12512
37 38 1022
38 39 8086
39 40 13989
40 41 31199
41 42 1326
42 43 22966
43 44 22643
44 45 2098
45 46 21058
46 47 4245
47 48 18117
48 49 15527
49 50 3551
50 51 19731
51 52 21651
52 53 5548
53 54 5830
54 55 9400
55 56 27599
56 57 5558
57 58 25772
58 59 29501
59 60 28896
60 61 26851
61 62 10054
62 63 19790
63 64 31314
64 65 3550
65 66 23459
66 67 4238
67 68 12492
68 69 1539
69 70 19390
70 71 13532
71 72 27458
72 73 20675
73 74 11348
74 75 17109
75 76 23403
76 77 13898
77 78 19699
78 79 5017
79 80 24182
80 81 9568
81 82 3668
82 83 15826
83 84 17913
84 85 10381
85 86 4842
86 87 21491
87 88 11562
88 89 13953
89 90 23995
90 91 22462
91 92 11857
92 93 25010
93 94 21359
94 95 1801
95 96 3197
96 97 11079
97 98 20902
98 99 26049
99 100 9590
100 101 32053
101 102 20623
102 103 10543
103 104 16372
104 105 4008
105 106 17079
106 107 26746
107 108 2574
108 109 15780
109 110 10014
110 111 13934
111 112 23541
112 113 3308
113 114 400
114 115 2171
115 116 4834
116 117 27939
117 118 11570
118 119 3841
119 120 6221
120 121 29233
121 122 15708
122 123 25291
123 124 26976
124 125 3560
125 126 24742
126 127 11225
127 128 12971
128 129 3304
129 130 31302
130 131 9570
131 132 21529
132 133 23231
133 134 26009
134 135 8985
135 136 24867
136 137 20821
137 138 6143
138 139 31664
139 140 28995
140 141 6024
141 142 5356
142 143 31898
143 144 21676
144 145 21267
145 146 26684
146 147 19222
147 148 312
148 149 12724
149 150 6855
150 151 22121
151 152 19362
152 153 3470
153 154 21814
154 155 16234
155 156 16629
156 157 12492
157 158 9493
158 159 22852
159 160 13380
160 161 31879
161 162 6185
162 163 10104
163 164 21660
164 165 30441
165 166 8707
166 167 32033
167 168 24375
168 169 1171
169 170 32725
170 171 8572
171 172 16882
172 173 20797
173 174 3717
174 175 7591
175 176 16897
176 177 11164
177 178 18176
178 179 6057
179 180 31458
180 181 22665
181 182 21713
182 183 24243
183 184 18831
184 185 8543
185 186 31474
186 187 3238
187 188 30712
188 189 8613
189 190 15073
190 191 24788
191 192 15536
192 193 6125
193 194 29175
194 195 14347
195 196 25319
196 197 15867
197 198 24822
198 199 17872
199 200 11928
200 201 27690
201 202 20961
202 203 29416
203 204 20739
204 205 3084
205 206 20496
206 207 1309
207 208 350
208 209 7761
209 210 9859
210 211 29758
211 212 3528
212 213 22506
213 214 6263
214 215 4200
215 216 30846
216 217 6766
217 218 2103
218 219 23940
219 220 30033
220 221 19388
221 222 53
222 223 18449
223 224 23384
224 225 20706
225 226 21081
226 227 5924
227 228 24290
228 229 12349
229 230 16793
230 231 16300
231 232 10158
232 233 7906
233 234 27082
234 235 31995
235 236 5983
236 237 32061
237 238 22965
238 239 21122
239 240 21546
240 241 1784
241 242 4974
242 243 23260
243 244 27602
244 245 14878
245 246 26337
246 247 2063
247 248 8918
248 249 14721
249 250 23214
250 251 14606
251 252 17385
252 253 11865
253 254 5943
254 255 18562
255 256 930
256 257 27949
257 258 2038
258 259 30921
259 260 19573
260 261 25079
261 262 10005
262 263 24895
263 264 1762
264 265 1923
265 266 10040
266 267 16573
267 268 12780
268 269 28184
269 270 28574
270 271 22880
271 272 24525
272 273 5466
273 274 7784
274 275 14732
275 276 27368
276 277 7535
277 278 1336
278 279 5680
279 280 30463
280 281 4961
281 282 21502
282 283 6731
283 284 4774
284 285 23747
285 286 26127
286 287 20399
287 288 3319
288 289 1688
289 290 25976
290 291 1285
291 292 21384
292 293 31600
293 294 14481
294 295 21777
295 296 27802
296 297 25812
297 298 28117
298 299 13111
299 300 24979
300 301 15332
301 302 6640
302 303 8510
303 304 11695
304 305 19775
305 306 23578
306 307 29269
307 308 1266
308 309 13347
309 310 31908
310 311 16211
311 312 1889
312 313 4310
313 314 22992
314 315 28739
315 316 13425
316 317 32324
317 318 5862
318 319 32544
319 320 12992
320 321 2793
321 322 16772
322 323 22493
323 324 16387
324 325 14577
325 326 24886
326 327 31144
327 328 23871
328 329 18846
329 330 9542
330 331 15728
331 332 2877
332 333 22507
333 334 9430
334 335 26021
335 336 11064
336 337 1647
337 338 25899
338 339 23359
339 340 22488
340 341 17539
341 342 6732
342 343 15361
343 344 19044
344 345 28327
345 346 21964
346 347 7679
347 348 8243
348 349 20002
349 350 6116
350 351 11358
351 352 5219
352 353 15337
353 354 30405
354 355 347
355 356 462
356 357 27330
357 358 20523
358 359 24974
359 360 16698
360 361 7337
361 362 14646
362 363 15472
363 364 14288
364 365 18291
365 366 8310
366 367 5660
367 368 10704
368 369 27825
369 370 22084
370 371 15954
371 372 9602
372 373 10455
373 374 28505
374 375 30913
375 376 6768
376 377 15774
377 378 13721
378 379 31366
379 380 28882
380 381 7078
381 382 6960
382 383 24816
383 384 13642
384 385 12128
385 386 25568
386 387 1414
387 388 11473
388 389 29995
389 390 30873
390 391 21323
391 392 25841
392 393 6333
393 394 6475
394 395 320
395 396 5174
396 397 9157
397 398 24824
398 399 22059
399 400 24287
400 401 32718
401 402 20493
402 403 22935
403 404 21464
404 405 20327
405 406 20722
406 407 5660
407 408 13805
408 409 25217
409 410 27360
410 411 20704
411 412 25912
412 413 18968
413 414 5875
414 415 23134
415 416 31963
416 417 20246
417 418 27520
418 419 23654
419 420 30965
420 421 20596
421 422 4520
422 423 18789
423 424 30926
424 425 19618
425 426 14637
426 427 20711
427 428 29013
428 429 6697
429 430 32389
430 431 32090
431 432 25549
432 433 5007
433 434 30509
434 435 24341
435 436 27843
436 437 14970
437 438 22592
438 439 26777
439 440 16195
440 441 5657
441 442 27464
442 443 24598
443 444 24651
444 445 20672
445 446 17748
446 447 2609
447 448 13952
448 449 22738
449 450 29771
450 451 29188
451 452 16928
452 453 2276
453 454 5759
454 455 29286
455 456 4408
456 457 6943
457 458 4229
458 459 25709
459 460 17431
460 461 27622
461 462 21829
462 463 5938
463 464 13826
464 465 20409
465 466 29773
466 467 29908
467 468 7721
468 469 90
469 470 25195
470 471 30912
471 472 15578
472 473 25902
473 474 12410
474 475 23343
475 476 26869
476 477 15077
477 478 9340
478 479 5616
479 480 4512
480 481 24158
481 482 26857
482 483 9831
483 484 2107
484 485 16068
485 486 17991
486 487 12502
487 488 9879
488 489 15102
489 490 6907
490 491 26843
491 492 9570
492 493 28230
493 494 1375
494 495 25402
495 496 14054
496 497 12311
497 498 29716
498 499 13533
499 500 14836
500 501 19277
501 502 4250
502 503 793
503 504 6426
504 505 12424
505 506 14365
506 507 26931
507 508 10780
508 509 10193
509 510 30354
510 511 22307
511 512 8610
512 513 17792
513 514 14339
514 515 19863
515 516 28463
516 517 9820
517 518 9255
518 519 6971
519 520 5458
520 521 14085
521 522 22582
522 523 32568
523 524 21024
524 525 2703
525 526 29435
526 527 21754
527 528 11233
528 529 1136
529 530 10027
530 531 11575
531 532 13834
532 533 22940
533 534 18421
534 535 30765
535 536 8812
536 537 11502
537 538 986
538 539 9515
539 540 29354
540 541 19146
541 542 16831
542 543 23378
543 544 24048
544 545 18433
545 546 21569
546 547 12189
547 548 16098
548 549 2036
549 550 30536
550 551 31775
551 552 7635
552 553 28157
553 554 19423
554 555 15500
555 556 11064
556 557 15882
557 558 17987
558 559 5115
559 560 15964
560 561 28811
561 562 16953
562 563 24554
563 564 11349
564 565 32143
565 566 12709
566 567 31875
567 568 2870
568 569 25385
569 570 6489
570 571 7710
571 572 13702
572 573 27417
573 574 20523
574 575 25606
575 576 8689
576 577 29608
577 578 13386
578 579 2176
579 580 25406
580 581 16340
581 582 19154
582 583 21001
583 584 25729
584 585 4781
585 586 32157
586 587 10720
587 588 13714
588 589 6655
589 590 27485
590 591 31684
591 592 31677
592 593 27697
593 594 32231
594 595 17151
595 596 23227
596 597 7533
597 598 15058
598 599 26787
599 600 27105
600 601 12290
601 602 577
602 603 22292
603 604 2456
604 605 25606
605 606 12285
606 607 26310
607 608 11533
608 609 10815
609 610 21191
610 611 2120
611 612 27690
612 613 15940
613 614 28140
614 615 20354
615 616 29124
616 617 11231
617 618 31001
618 619 17467
619 620 6678
620 621 17334
621 622 4721
622 623 7134
623 624 21870
624 625 17194
625 626 5853
626 627 16509
627 628 8998
628 629 13184
629 630 5283
630 631 18710
631 632 14550
632 633 17470
633 634 19515
634 635 18197
635 636 10696
636 637 9432
637 638 13150
638 639 3355
639 640 8876
640 641 8588
641 642 11871
642 643 21246
643 644 3469
644 645 1931
645 646 29630
646 647 23313
647 648 12804
648 649 5209
649 650 19963
650 651 31909
651 652 9644
652 653 29814
653 654 12200
654 655 14287
655 656 8405
656 657 5438
657 658 19906
658 659 13932
659 660 2941
660 661 19982
661 662 13377
662 663 24163
663 664 22140
664 665 9384
665 666 2286
666 667 22826
667 668 29950
668 669 12505
669 670 28789
670 671 13452
671 672 2614
82 89 8017
520 551 3902
365 599 4074
5 285 31113
282 665 5980
120 599 30421
65 353 21204
37 63 10759
37 514 28194
238 636 28321
99 115 11138
18 126 28609
193 362 28955
115 335 20423
502 537 28957
283 521 19926
28 525 1934
68 305 11692
3 5 13601
461 623 7043
29 67 16556
290 469 10494
17 74 4377
268 313 8525
304 329 20458
300 558 8710
249 268 26783
34 569 29551
199 338 5027
117 212 22060
30 645 23442
246 320 13702
58 65 493
102 200 13515
116 297 25752
7 479 13179
318 395 6074
14 552 30518
438 559 24534
406 488 31663
2 130 9779
539 580 18442
303 657 30190
3 74 26221
82 107 6736
102 169 1461
33 37 10041
53 60 13963
49 133 6843
494 496 27718
118 140 29509
243 594 16226
246 258 6119
185 415 12919
374 423 22673
424 509 15344
24 28 10859
512 525 26104
85 149 10375
296 630 17227
41 88 23459
21 22 4861
190 217 27578
96 543 1609
123 323 13449
21 637 777
237 544 21088
32 33 17005
42 271 11984
145 230 7932
1 19 27922
31 70 5651
507 672 25666
252 629 16474
110 369 10690
40 247 8671
513 599 6235
71 75 32221
12 596 20732
146 604 9058
62 559 30757
6 354 16190
131 543 32608
89 529 29965
182 413 11349
79 653 9279
17 29 22367
35 80 8027
24 44 6566
127 399 2812
21 34 26420
147 212 26425
290 564 27510
329 436 16755
70 202 32549
219 338 1465
315 359 17566
127 660 11856
350 368 29691
122 209 29943
45 72 12949
20 344 31997
25 611 2495
2 70 32330
526 660 16072
19 614 6377
266 371 693
303 605 30127
276 348 14899
202 216 1047
31 191 3741
176 531 20082
471 551 8003
120 257 21738
212 374 5672
6 66 29981
100 319 9711
76 320 26415
69 209 7865
134 424 6821
344 554 26133
18 74 3179
4 5 16989
5 58 23762
7 8 9233
22 652 18278
477 528 30731
88 294 30703
59 75 9124
308 553 24312
60 70 10272
146 479 28082
498 601 7426
7 20 21522
39 180 18708
242 459 19821
75 141 12348
45 165 1806
90 264 129
264 554 2422
144 345 29392
56 393 6203
17 32 1110
312 628 1491
28 161 29582
355 505 20387
31 405 14423
179 192 19497
23 231 20653
288 429 6175
209 255 17368
282 426 4326
12 22 15405
477 601 22941
183 186 7098
155 248 30125
412 481 2671
13 407 16048
394 556 15525
40 51 13569
3 344 10002
71 72 12632
415 446 4486
485 659 9013
625 669 3087
21 146 6931
83 251 16971
38 490 12435
103 355 5911
37 518 13347
343 365 26333
95 173 22730
47 367 22828
61 164 28192
194 202 23134
453 622 11165
15 74 15485
148 200 17857
16 112 10916
91 331 23241
158 643 7303
39 515 2023
5 8 24564
15 488 31031
345 451 11368
274 487 21994
77 81 6403
19 638 22370
257 483 18310
140 306 29991
443 529 14121
393 655 10505
177 322 2144
437 459 13769
59 211 5863
344 564 24601
259 441 16819
8 21 31959
153 659 4251
58 591 26836
268 602 13776
18 27 15742
276 590 15745
296 663 13126
403 656 10300
3 175 28064
94 325 15597
115 523 13801
37 378 9609
528 598 16796
15 22 30151
160 244 21910
206 501 7539
257 311 15198
144 195 4166
104 282 24238
410 562 11070
25 396 22698
86 130 9200
42 531 31625
410 544 10318
12 33 27813
111 123 21969
119 409 21535
154 355 25863
148 191 28836
404 585 25338
122 127 17140
48 216 9191
104 149 22584
428 558 21308
10 19 19272
241 255 13024
347 546 13432
13 116 20517
377 547 15487
424 464 16123
211 380 12945
15 459 23611
404 623 11982
236 560 15913
256 304 16779
106 486 26231
434 480 17703
241 445 2924
12 89 27486
369 524 30212
45 104 24677
95 380 4390
361 464 11572
366 372 27193
169 351 12219
133 652 7616
19 34 23296
6 7 2771
160 253 19033
226 416 15999
106 125 23103
157 377 25718
265 289 15968
99 307 15522
4 5 16396
175 659 11622
41 219 16648
53 102 6335
347 381 7785
13 179 11905
237 249 27663
23 630 8286
21 38 3276
377 433 27776
488 607 13412
70 73 31190
65 80 14312
298 667 3438
40 475 1556
16 18 17000
193 200 1213
191 244 13928
356 532 12660
376 563 6809
185 189 4834
125 331 23958
48 77 5519
12 33 15572
145 170 10768
234 283 19561
182 288 13265
98 107 31295
233 254 24306
1 2 19989
110 205 6389
317 377 14813
165 268 31532
444 542 18001
196 453 18219
91 112 21988
68 220 29865
329 382 11341
46 310 3469
591 663 29536
89 169 41
343 509 9716
74 101 30916
261 452 12296
244 269 2825
226 447 16227
8 672 18677
308 455 16991
187 308 10324
392 609 31401
57 75 6386
509 611 26639
41 553 15626
293 363 13247
206 365 8861
468 609 16001
24 52 30639
19 34 5321
507 568 19615
91 104 25024
96 270 24343
39 148 5774
417 604 27977
42 550 28047
8 25 1136
1 2 18741
41 47 28362
182 435 15560
41 110 9359
247 601 24898
51 269 16530
585 653 759
83 209 17535
13 382 17615
9 137 16901
140 292 7222
214 243 5447
42 86 5390
5 63 4707
173 212 12106
32 48 11003
388 625 28670
305 439 29175
334 547 32255
660 666 21253
108 196 26220
354 531 8318
601 633 32704
200 275 5556
231 235 25133
524 528 25817
2 45 8825
417 451 12036
67 92 30873
246 423 10742
30 76 19889
20 21 2735
191 277 25931
1 62 23803
359 404 994
124 129 3957
179 306 10518
312 338 30901
15 34 15899
54 569 17832
137 180 2378
5 16 27199
26 43 24025
214 632 9466
295 565 27431
53 108 15093
54 449 20769
14 151 5513
315 408 18337
131 476 11163
58 464 17633
62 345 28715
9 161 13142
202 564 11465
297 387 392
64 67 2550
138 396 14028
70 117 24729
362 642 19939
21 663 5906
18 166 29422
280 619 4500
221 235 29754
81 190 28867
295 355 19913
370 389 19160
132 207 17835
111 499 2737
9 19 9090
224 286 32142
286 495 14277
226 524 9082
56 584 14235
137 663 24459
151 459 30824
439 535 31865
38 446 25190
128 142 28484
52 328 5083
75 427 9432
117 171 14025
422 555 18679
343 532 2350
212 218 9171
145 302 7219
101 236 14614
50 283 26834
10 86 3662
30 127 6366
1 456 14327
255 334 22902
74 130 21402
35 73 18502
336 473 15033
188 531 7971
89 442 19842
264 447 14824
195 641 1401
589 662 154
130 243 24476
44 85 13375
70 108 27317
4 53 9965
449 548 12750
141 473 6139
197 605 9216
375 462 21340
386 534 21022
379 463 24451
144 399 12263
435 596 1905
198 661 18878
274 565 30382
42 96 24866
84 319 31582
150 276 29014
447 484 26300
55 104 2814
490 638 32405
124 294 4244
202 262 4763
43 156 30473
319 431 7849
105 122 5361
8 11 32599
62 165 4095
257 380 12388
96 103 27589
56 530 25825
18 45 28148
186 540 5928
505 541 19342
1 2 771
26 27 12227
152 430 26250
91 650 30844
144 505 30371
287 661 19894
263 279 14892
11 14 20543
20 54 2871
408 671 20854
156 226 24538
13 57 10516
249 446 17544
141 144 7988
438 479 12264
118 201 20493
121 614 7338
455 503 15384
157 557 12234
587 627 12960
265 277 12858
230 348 15849
53 78 23284
2 40 32626
470 670 25306
64 103 20477
77 330 11764
36 601 19044
20 567 3562
424 572 31075
10 23 20429
263 479 32734
138 427 31624
308 495 4175
162 460 30101
41 250 13147
485 546 9161
163 594 1733
34 209 23633
76 514 5429
155 490 21048
220 414 31881
316 560 29967
261 478 7090
258 442 24975
316 462 16966
461 615 8005
18 50 11086
57 204 2996
276 431 14844
266 615 3433
473 552 19017
66 201 2549
73 208 16558
24 58 12241
144 207 11123
378 548 391
85 252 3404
238 612 16844
92 97 7223
14 69 30781
348 561 12510
98 152 21760
164 180 8678
344 614 19844
146 398 9201
311 449 30469
125 424 21061
144 225 29607
429 449 3398
591 627 19778
250 362 13144
1 293 25919
70 99 11705
261 271 17160
145 182 11887
14 614 4859
465 650 7535
158 296 9708
176 350 25201
120 258 17809
90 122 17986
159 288 19561
43 517 24937
38 274 12292
279 426 18289
165 334 8885
255 312 9550
539 540 11799
79 465 11907
16 18 14819
159 191 18454
46 318 27408
63 87 12667
21 252 13625
230 248 19196
312 415 27825
77 193 22082
204 608 12755
56 545 30992
59 506 15987
56 554 13136
287 303 1144
201 380 12544
347 379 14597
22 85 13725
203 622 27068
163 535 8741
16 234 8708
22 365 6087
450 503 1110
183 212 18640
173 601 8187
42 480 30339
10 409 17859
323 386 13782
354 391 16029
147 186 11849
40 49 7451
326 519 27993
45 463 32576
543 601 28218
46 47 2098
88 112 26840
444 469 12701
14 68 11348
374 615 25330
242 311 2169
52 181 4294
445 454 26329
54 605 4343
38 632 32661
55 102 24679
43 66 24316
206 427 23915
18 636 2180
219 254 1600
246 288 14541
56 100 11555
140 643 27562
165 568 23522
130 443 11366
299 616 24315
29 118 9666
167 651 13481
204 403 13398
63 378 30318
184 222 14697
101 548 21497
7 74 25934
353 654 27769
62 353 30701
123 296 20412
133 299 23305
380 646 17072
71 183 19798
547 556 6938
94 362 26240
286 374 13472
122 587 23477
313 418 13691
10 190 26958
176 238 9064
326 456 29100
242 403 14778
374 440 2657
2 28 6034
46 113 10301
15 29 18858
29 293 12258
254 336 30007
15 144 13271
43 83 4557
412 437 27237
202 421 15954
23 134 13470
478 659 24914
261 468 15700
370 503 32611
22 63 4601
122 171 4688
481 621 28824
32 207 16967
113 155 11617
382 509 15937
89 543 22409
300 326 9046
234 591 30824
281 490 31425
306 330 14616
95 307 25790
157 319 14855
9 109 6791
192 429 17722
205 331 7198
53 101 3884
141 326 11939
57 170 17303
602 667 22118
56 284 29315
7 88 17401
95 359 26483
503 523 19949
89 221 22404
127 141 6398
270 297 29915
198 226 3795
396 470 9405
223 247 18352
121 138 8980
87 219 9625
36 148 6496
106 465 8154
65 183 26688
33 83 13310
13 73 27151
182 498 11657
132 196 6737
387 410 2076
259 380 8422
457 512 10185
196 397 4403
20 31 4546
179 460 3273
46 300 17316
1 299 13876
7 43 21010
35 72 19439
161 345 10076
39 42 11446
33 66 8542
471 642 15790
178 183 31207
67 76 24
67 92 26432
91 126 26505
400 415 19115
16 252 737
57 301 8440
436 584 6519
183 314 19834
106 557 19246
281 318 21001
5 20 23924
433 611 9936
5 307 30813
175 278 15126
216 396 32333
99 489 17483
73 247 11770
398 453 29433
83 133 12712
246 288 32106
375 600 28649
326 579 15908
106 427 12625
323 627 30857
106 610 19412
419 458 16444
135 178 20427
449 475 4124
211 238 31703
113 156 25587
9 39 21526
3 5 13355
263 270 28266
148 284 5413
600 658 10429
42 119 1037
102 147 24462
99 207 10550
8 78 10787
30 575 7272
76 524 28474
38 44 4523
1 203 8207
4 5 21864
200 250 24839
120 409 13574
251 664 11892
250 529 27966
8 15 28955
15 24 2533
408 413 18821
111 372 23260
140 477 27218
228 373 20573
28 229 30968
44 98 17646
255 275 27059
388 548 1427
365 430 30361
53 161 22811
17 659 31505
208 596 28060
43 44 29715
39 293 32637
207 427 31488
84 117 20375
422 463 5114
134 361 9821
529 555 27130
339 471 16392
84 262 25115
126 342 8754
330 406 7377
545 560 5494
189 414 22279
72 156 24028
436 558 30295
166 396 25414
345 449 13020
134 151 22300
159 274 5708
140 277 5849
313 412 15190
38 75 9047
519 630 10631
256 371 4837
9 19 10518
6 7 30859
100 112 18280
9 199 25872
46 140 20529
188 516 30353
10 258 2172
400 555 29138
197 468 20476
24 268 11412
319 374 17010
53 83 12940
8 65 22038
222 223 5841
629 654 5437
13 18 25059
32 130 16565
573 650 4240
55 576 13706
354 474 12898
36 123 11317
343 437 30306
144 382 8292
273 454 27472
154 360 14301
438 499 29852
327 459 9253
144 481 1997
125 643 3571
95 599 15891
346 493 27295
79 370 13363
17 91 31491
339 349 10009
153 157 28811
275 432 17835
377 386 8299
171 180 24758
86 175 5681
124 510 2061
546 592 3626
251 427 20522
53 385 13656
203 578 32252
176 187 20458
389 457 16035
223 245 26736
57 81 28482
127 384 14666
11 231 23867
66 178 28413
309 538 24936
228 452 32112
626 660 22836
31 56 23366
229 646 22169
31 365 24015
136 639 31862
315 346 30015
116 595 28345
27 250 31796
4 6 5704
303 453 32435
4 21 18112
206 662 7190
16 268 10318
63 452 17588
359 497 12891
57 324 24351
239 359 5058
204 490 10823
13 225 11204
45 290 18677
308 528 17142
26 71 6219
110 116 5601
13 296 5709
234 458 2826
4 302 32426
253 292 11419
176 527 13106
150 547 16873
33 39 21187
421 512 16256
1 485 23698
51 289 17545
76 77 14102
646 663 4764
217 354 14601
74 128 26978
549 606 14385
28 34 403
303 591 29937
32 36 6958
250 509 19161
311 501 16643
243 409 11689
70 637 6115
92 147 30588
54 108 23064
22 86 14372
95 119 4078
1 2 24278
18 212 15472
33 362 3765
374 599 8624
63 160 994
225 581 560
467 510 29209
113 285 27965
339 518 1795
70 353 16998
511 655 2501
43 85 15443
361 650 15987
9 64 3489
117 290 3953
186 455 31384
78 114 22507
194 604 28879
421 472 20964
290 471 31256
307 351 28563
8 23 6742
204 649 6913
286 295 16382
264 383 18475
236 262 32117
117 396 17682
201 355 21904
185 633 4218
403 563 4059
288 566 2899
294 532 22896
44 139 25079
146 493 32136
251 295 25026
40 42 19729
297 381 25782
380 522 28387
194 580 24612
42 657 23158
97 533 17556
71 264 15644
15 334 3163
6 62 3634
57 611 25509
168 332 12484
325 355 4070
351 379 16795
173 226 30173
31 81 9898
427 445 9400
235 309 12624
1 37 29181
8 12 14072
113 281 17726
216 376 31726
316 639 961
343 405 14989
481 597 27562
30 159 1294
121 283 27463
130 269 19100
70 509 27780
104 309 30849
155 487 30145
235 270 5765
5 284 14451
206 207 27087
123 354 31581
49 294 11250
277 462 4424
141 268 19436
363 496 3700
34 325 3381
89 168 32331
224 622 15676
114 196 18418
87 123 12769
128 365 3017
16 54 25545
557 646 23813
278 573 19878
225 370 8669
58 120 21955
26 572 27144
317 590 31089
26 209 32382
148 425 18999
512 563 7857
54 91 6852
5 7 7881
72 495 3603
92 160 14202
287 670 9554
125 422 9103
205 275 31066
2 24 28748
416 612 4830
24 212 32033
5 26 24739
463 595 23665
9 46 11605
58 311 27227
206 263 16087
192 500 20411
99 458 1832
132 347 5870
50 53 4907
101 134 17649
22 53 15855
72 311 25842
161 468 12122
71 212 28026
189 385 25403
127 150 11691
79 92 29223
285 294 22092
122 123 10171
258 464 1434
8 14 10770
117 164 19989
195 565 9361
3 8 20422
191 401 7257
45 98 30891
66 97 24310
66 569 11340
73 576 27697
166 356 15281
13 307 25100
387 448 3620
413 605 24133
12 507 28810
142 166 2818
92 477 1077
205 211 13423
29 31 1922
337 547 25454
188 418 412
39 46 7605
319 374 2106
263 306 9702
28 52 12600
1 25 30342
204 393 6996
79 469 18656
265 389 8313
4 7 21813
69 116 2399
45 353 11211
417 602 19817
226 498 7861
396 635 23301
296 350 17006
171 332 25595
19 192 8086
106 272 1650
11 30 23167
69 400 13970
2 3 25920
254 355 22022
82 568 22406
12 270 15828
319 521 21358
120 392 29759
33 56 244
56 59 11184
15 342 12780
221 307 18656
121 441 15999
17 298 23981
64 95 11924
80 196 4966
168 300 24255
541 649 14965
7 31 3973
48 368 28331
274 508 17422
144 271 18080
384 480 4518
207 286 10715
217 464 5020
14 381 31941
483 644 12122
185 428 8855
504 507 17104
123 630 13502
194 561 19332
92 410 3176
24 175 7910
39 464 9786
552 581 31933
57 69 20838
59 108 10949
246 331 21129
232 521 29908
204 329 30760
67 253 28449
71 143 24995
151 538 16518
11 37 15085
1 59 6353
27 48 15993
239 415 23422
2 6 15371
3 366 370
6 11 32383
305 658 21647
7 50 920
18 36 32316
508 577 24696
521 604 32304
123 158 12887
15 109 4387
141 651 28292
43 669 26424
54 632 5605
232 487 22577
93 140 3944
71 123 6106
135 472 2596
41 146 22307
153 166 4893
314 410 20194
155 278 21478
25 175 30529
191 308 1690
333 504 15153
299 403 24797
68 191 22914
249 337 23269
120 225 28021
156 336 6338
480 624 22239
84 92 11095
138 485 32301
386 542 11204
71 295 19190
9 44 12079
16 170 9181
372 638 2610
87 113 1251
145 216 8793
63 411 13709
98 434 29036
623 631 31323
77 113 12671
120 438 21894
20 264 14854
52 153 6409
188 253 13649
66 111 16464
248 643 21310
211 355 21037
228 451 18704
425 600 31718
62 364 6048
165 188 15473
158 246 2145
16 190 25403
27 30 26359
187 332 26638
74 337 79
62 271 18930
332 478 12662
78 80 16671
403 665 8096
372 494 13400
438 651 24614
339 564 7236
154 286 12893
469 508 24485
25 148 18066
40 530 18810
7 32 13467
392 540 5747
143 365 2481
3 376 18746
4 16 2190
399 591 3454
305 307 10259
219 223 32719
92 270 23504
98 125 17565
266 326 3919
341 451 764
127 227 18414
3 571 10241
115 221 27307
60 88 24014
103 445 31284
224 240 28076
395 531 5901
242 256 26301
370 596 28345
394 417 27443
79 131 26657
143 467 1034
94 244 2732
116 237 24503
35 186 10955
284 439 31316
21 136 8672
115 361 28192
10 11 4303
156 258 8570
394 563 13206
455 667 17308
8 97 29118
22 51 7096
18 355 27273
631 640 9815
25 124 3363
186 484 27388
131 415 11327
23 261 26747
108 271 14830
33 100 137
279 615 17294
9 404 31594
159 247 12063
2 112 8911
5 229 29292
67 130 7994
19 212 20919
542 571 17801
399 427 30459
540 615 27249
207 365 13275
260 322 12311
12 20 20435
141 218 9730
3 12 12618
98 432 3612
79 86 19346
63 535 14727
76 152 21761
334 466 18011
203 256 12193
64 67 9150
337 568 29739
35 50 13262
287 540 584
4 198 15177
18 254 10830
152 347 7432
117 163 17396
45 94 13217
215 229 8883
297 325 1484
74 251 9159
304 394 8795
150 563 23317
58 234 14061
30 72 31584
361 498 159
234 512 19341
210 671 6248
159 568 7660
277 361 25829
145 184 8125
60 379 14783
439 657 18029
74 98 28913
168 325 27963
324 516 9367
62 381 12617
59 364 12304
244 668 4928
6 47 21908
99 383 11541
444 631 24979
86 368 12177
256 333 30580
336 516 11938
514 543 27532
71 404 21676
159 527 15466
75 136 13384
527 595 29127
161 172 27958
159 270 29116
4 205 1138
328 379 19723
308 568 30884
275 504 10655
226 481 4970
245 464 24210
180 415 3368
11 77 5970
80 506 7269
206 483 31685
271 332 19166
247 664 31097
39 279 14801
10 26 28220
429 655 11319
277 565 11963
205 236 2270
33 188 17396
135 594 24485
239 317 20638
25 237 9290
384 607 27602
117 549 5767
170 321 28833
93 205 625
120 595 23128
122 225 30038
106 359 21402
319 545 659
41 426 12965
301 528 4368
166 322 18258
109 632 13671
463 520 12210
18 280 9701
190 596 28254
129 427 11488
60 199 18891
69 139 29471
75 121 7744
197 374 24383
233 341 21579
334 378 26711
295 602 11198
355 506 26969
251 535 3995
524 535 4053
569 587 16769
85 183 15401
132 328 27500
448 592 25159
180 315 7408
19 34 408
115 302 30003
112 156 28581
274 345 19790
95 397 17547
229 272 12005
18 102 2403
233 593 20754
182 284 10285
35 311 18932
186 382 23000
196 440 11653
334 428 14974
41 297 648
88 334 5358
109 370 23714
344 591 11803
9 31 5890
80 238 11787
34 248 11562
3 54 1872
242 518 6061
74 623 16190
184 254 28933
3 85 2139
301 413 2758
337 506 3501
145 383 5600
314 504 26881
131 316 8367
162 267 22334
13 610 1027
44 134 9558
9 400 29806
12 26 21892
97 644 24434
81 181 28616
35 262 5227
233 253 8684
590 599 1863
256 409 4717
316 457 20330
26 55 26407
57 154 28494
324 479 19342
358 636 454
317 642 3033
49 207 12258
59 118 29043
402 447 24303
149 154 17027
1 34 26631
369 527 26992
370 580 29477
101 197 10925
161 313 19911
307 364 15920
162 394 22901
574 669 28504
20 104 2257
96 341 24896
2 9 25076
114 174 3747
80 276 13134
8 36 25566
20 71 9275
232 442 14011
147 353 7430
219 301 13058
431 461 14882
31 286 25607
4 603 11444
92 551 8877
77 112 7872
280 544 11412
170 351 31653
42 307 21617
122 434 28066
343 394 25789
54 224 1943
1 648 17728
10 75 32330
69 113 2335
89 190 5839
9 396 3705
103 194 6122
178 529 6588
65 204 10876
202 375 9775
118 253 14689
37 120 21101
175 369 6987
24 374 10940
88 147 12661
307 373 27789
27 588 15434
248 276 1414
218 648 850
101 233 21986
300 306 8193
162 242 28944
295 417 21315
65 92 2254
57 568 23502
113 260 11843
182 582 22446
143 610 29111
209 374 25985
39 76 29949
239 261 2645
96 515 3507
356 615 26424
14 46 27610
421 500 5579
216 235 11895
5 438 9596
83 367 13121
21 22 15156
74 83 3970
15 93 21403
23 76 20402
20 30 11328
130 304 10372
30 583 29255
376 592 32590
146 229 5481
88 643 26900
164 655 5231
112 189 18087
35 271 21611
2 25 18834
215 345 9820
3 141 16585
306 341 5892
405 626 23897
518 645 4880
425 572 32392
310 648 24045
572 585 21032
216 585 25563
32 153 267
146 450 8216
80 314 2258
141 302 13886
36 129 7064
415 665 2602
153 531 13092
44 71 9219
188 562 18593
57 155 5691
247 292 8983
167 223 31132
35 239 15887
199 264 30668
82 103 14134
257 615 22204
220 286 19662
5 80 6152
277 377 4176
524 556 5428
2 263 22425
376 480 7742
194 668 31842
85 105 4623
173 329 27910
83 210 16542
66 445 17086
67 494 13552
12 543 20692
13 27 22835
43 356 15744
580 585 20906
536 655 115
153 204 31521
408 499 27698
32 183 16416
336 500 32467
43 119 1055
287 344 27581
2 188 18015
3 297 29553
100 120 26166
613 639 32659
9 13 12537
364 438 26784
148 191 9659
468 636 6170
8 241 13731
28 61 13588
50 185 18314
294 373 602
42 107 31761
4 10 23731
304 623 11140
511 668 11498
103 137 26897
115 557 29855
95 98 3914
91 176 11799
40 79 2022
38 41 22142
37 51 13626
25 38 30550
58 325 11751
108 110 12044
27 171 27561
60 273 25068
203 558 13399
557 577 13284
123 582 28771
199 250 219
159 340 25734
301 312 3209
355 545 27743
177 549 25614
264 301 29223
22 55 15035
415 662 967
52 230 14536
150 485 8180
184 505 3575
9 13 13863
22 29 29514
86 540 27264
243 314 28239
294 540 2803
518 661 28098
259 560 21851
65 101 2668
132 187 17982
144 172 10363
115 438 13931
304 420 13536
243 641 8632
259 418 5954
8 445 7049
274 487 31920
34 654 17897
147 241 10263
274 458 9818
207 589 19744
11 16 32684
133 160 28436
1 95 31344
1 659 8385
22 38 28142
11 68 9121
2 653 6561
50 181 5048
453 671 9126
419 570 23257
181 374 19110
206 497 24913
350 476 31255
29 35 11062
12 27 26102
68 79 6339
33 566 3908
5 389 9603
173 278 9444
4 341 5444
150 195 11444
276 619 20227
385 447 20215
415 494 1360
160 200 4711
82 503 2269
206 374 24969
298 487 3381
454 600 25112
47 59 4299
596 667 3490
128 238 20706
4 8 9907
301 433 1794
144 381 10262
13 20 28912
32 106 13337
57 309 9572
5 597 26589
104 145 18161
4 42 23314
396 437 5091
463 519 3761
77 128 27896
73 236 11666
273 357 1592
293 395 22510
477 587 23656
300 407 20272
186 382 3781
5 6 18853
369 394 12289
79 170 3555
99 310 21190
210 289 17409
50 338 21799
242 417 16126
37 192 3006
369 562 27358
12 20 14452
53 628 7277
183 229 544
239 362 17831
31 41 14721
24 64 7729
120 314 27965
54 355 12656
260 293 29168
335 562 3097
332 654 25709
484 519 339
277 321 7100
123 206 17346
340 630 19841
348 653 26895
74 464 8901
319 409 28368
15 17 29799
6 300 3550
66 136 11670
17 42 9581
320 390 14366
10 474 22933
111 134 10617
86 146 14594
74 336 30940
25 217 27650
278 282 9661
8 10 9013
32 61 13181
268 363 18049
25 88 2629
70 112 21794
233 301 30255
350 362 3552
332 545 30036
33 73 25308
31 59 6747
59 85 32373
74 337 19607
57 433 18214
40 97 28630
173 653 28284
154 215 19827
46 72 15214
39 48 17736
44 80 31414
327 652 10384
64 85 24585
317 328 31195
198 484 14654
33 182 29861
48 52 12469
99 615 1064
122 192 3757
71 197 1157
358 483 331
43 169 6750
277 558 369
11 18 27753
154 202 32451
92 244 26547
374 484 10090
193 324 17024
61 94 28782
48 671 31503
588 661 2502
263 317 26292
69 80 13678
464 598 23286
43 103 6942
69 103 23998
502 521 14968
268 598 27318
290 525 7120
395 483 2924
246 604 25549
371 504 3282
398 581 2206
226 482 22576
21 24 10102
193 206 11949
134 421 28551
42 91 3564
284 393 21439
87 142 10618
198 263 18149
463 520 30717
243 413 15861
6 343 9315
161 370 8903
136 271 4741
268 468 21858
194 651 25591
4 425 25744
43 563 21756
175 377 22153
58 115 13017
98 100 16592
294 303 25593
340 511 6814
44 179 20390
30 66 14178
181 185 13884
281 610 16200
225 266 3110
224 627 22982
24 26 30976
13 17 8857
82 121 2486
324 602 31680
480 614 16255
223 411 28493
34 78 16116
55 104 10801
471 601 18885
169 509 13634
83 187 12972
568 574 1076
37 122 28344
348 500 19000
36 113 6147
246 464 21116
6 16 30055
200 333 28361
74 80 14305
28 36 30956
106 392 27026
7 193 29611
243 265 21411
78 499 7799
102 586 14203
35 49 23331
143 299 27905
184 541 10042
367 600 6891
74 252 13004
18 284 7997
300 409 23767
255 570 11654
38 40 8585
248 606 30092
142 169 24851
97 345 8275
100 531 26056
94 321 27337
235 273 18099
17 21 27782
51 109 16376
428 513 32343
333 473 27794
129 459 1936
228 511 1356
58 361 2646
166 604 30471
99 155 26216
579 599 22192
53 126 18186
256 303 885
85 155 23579
211 443 14348
187 352 10119
127 397 29234
67 384 8081
261 329 951
77 334 31649
53 324 25245
78 106 1185
271 328 30270
49 108 787
187 398 15738
178 627 13400
469 654 20053
618 650 24045
136 667 27024
594 620 28805
305 663 15645
155 361 1602
352 399 1669
48 158 11912
387 405 8856
206 441 16146
87 551 18937
510 613 5467
647 655 21097
227 346 9333
257 627 23264
148 168 10976
11 205 23759
8 154 18697
21 330 18212
36 173 15469
60 223 6116
286 560 3229
6 83 28538
479 517 20116
363 572 25873
14 441 6173
9 20 1412
142 344 8247
3 147 28372
400 596 10944
211 302 30760
227 536 3276
84 210 23222
7 512 9328
324 371 27183
117 350 23021
333 627 11142
110 358 31097
4 23 3873
401 617 15394
512 642 20442
235 526 31605
136 640 2654
265 312 7922
154 232 6343
2 63 9079
458 670 11392
135 239 31783
230 269 5343
77 202 18806
30 577 10992
55 293 20064
9 78 2923
360 576 29947
13 145 11719
89 266 27357
100 491 5097
16 453 13070
27 135 20455
20 360 20101
90 123 1480
527 538 7517
84 459 27992
67 327 10811
65 126 15458
24 119 32429
93 144 23527
399 656 14946
150 346 27449
77 419 16518
164 443 27132
41 246 13742
261 664 32374
5 206 3609
93 138 16316
95 379 24365
96 99 17310
220 230 22644
12 46 32351
18 24 1940
581 606 22166
240 533 10217
229 296 14802
231 453 2510
42 653 3801
25 31 26299
22 347 10384
315 398 3778
244 626 26871
113 313 4363
260 414 9661
42 69 9315
32 100 10321
13 15 30209
40 52 24963
120 175 29693
410 521 11538
77 187 30269
497 639 23473
400 625 9150
1 68 14960
506 597 27519
1 115 1169
26 166 12162
259 592 10532
231 490 9621
12 362 8201
120 382 17635
205 543 16934
52 514 10373
109 378 18164
117 216 28289
170 184 15789
66 76 6139
467 542 8898
2 3 6797
87 344 8806
209 408 31733
255 641 16206
82 149 18587
294 336 243
388 638 19116
70 617 3838
158 371 27305
210 248 18342
86 175 25540
13 17 32033
167 285 17770
372 553 10878
269 536 26807
252 520 10884
89 210 23511
61 142 23394
9 222 7806
333 372 12374
72 73 12792
25 26 3740
13 41 17537
617 635 1341
281 312 29422
409 610 1944
89 187 3265
173 233 24760
364 423 17988
298 478 10716
50 330 8515
556 601 14519
325 508 24694
55 110 19018
116 340 25279
142 156 13688
429 459 6850
228 365 15509
385 486 19593
61 75 14244
51 236 7726
13 55 22785
349 546 10687
182 351 19625
7 113 28121
31 97 30303
330 436 1971
23 365 11609
12 14 23686
82 347 5191
51 476 4507
120 155 8899
420 591 14694
47 70 12694
494 546 16758
174 297 27985
346 582 16420
408 453 2858
116 154 4672
5 38 2594
121 170 6198
49 322 16092
96 343 8026
45 220 29354
83 152 28513
55 115 3774
32 84 23859
25 107 12935
117 181 31629
14 47 16533
4 148 22331
553 597 28580
244 289 28619
3 6 21913
30 46 7945
9 13 16532
118 152 12452
139 639 5739
82 275 22730
208 323 27943
304 389 21411
76 228 12119
97 469 4332
175 269 30033
72 248 13860
42 82 22730
164 340 18187
114 156 31293
201 464 14174
10 218 18453
49 141 23067
18 186 26027
90 135 25007
13 51 25699
322 393 16855
7 62 27538
126 565 3878
1 293 31736
39 71 16744
309 443 16882
289 540 21846
89 220 30124
14 29 32601
10 94 11001
154 236 17496
5 15 15014
610 671 11962
336 377 11609
138 142 17697
263 356 21596
406 557 13715
262 450 5863
57 659 8966
317 661 31433
8 160 31883
422 586 9592
18 67 3212
116 139 3824
20 445 21464
215 261 29176
47 210 6004
142 259 15762
382 498 6505
3 19 31179
9 17 5126
51 157 17963
24 426 3154
417 582 25192
299 327 15261
292 563 8754
121 343 31095
290 512 21298
550 563 1651
45 84 2192
44 315 11643
432 521 409
95 96 13485
245 322 2400
1 2 22507
116 437 19313
12 192 22185
512 601 15848
90 111 19366
25 259 31633
8 9 24710
25 53 18648
64 457 18575
271 382 5295
508 652 5365
19 23 8897
77 322 14966
312 562 15994
270 607 21310
274 478 28375
495 626 6466
265 636 12537
134 557 5269
58 170 21483
117 616 22115
69 465 14883
245 572 9373
22 52 5538
85 665 887
41 74 14782
155 199 24893
203 232 27130
41 74 7738
470 498 12156
107 642 3490
191 375 18175
361 492 11699
182 260 14163
16 219 1172
255 424 9417
121 122 7324
219 399 4124
59 61 22013
197 488 28601
236 431 32017
74 233 2159
169 627 7094
405 459 9971
97 216 8572
29 132 28093
39 71 4500
238 313 25374
3 209 14015
476 633 22958
2 400 15538
216 226 16730
574 583 19363
77 421 31164
523 615 11776
2 4 28290
245 414 29056
38 77 11535
121 212 11275
38 69 20131
88 508 25133
415 448 5275
25 54 20494
172 278 31931
237 398 22314
265 328 29048
133 393 25145
77 374 7862
318 432 32267
111 419 28033
70 287 321
69 577 18853
169 214 13864
27 344 10799
23 662 24872
199 432 29248
191 266 898
167 188 12727
31 123 11597
36 92 9630
39 333 25335
62 581 9825
10 12 22966
28 170 1586
250 395 27561
278 291 19498
67 84 28572
61 194 18696
87 258 27050
184 205 18589
589 617 8503
43 52 12097
92 581 24044
12 31 13550
526 624 12491
459 577 14284
136 614 3945
336 522 24151
109 246 30450
287 487 1382
161 219 6542
240 443 20663
31 361 5163
31 36 13524
176 224 9196
309 322 1896
265 337 6563
20 531 8030
45 391 12064
100 398 24672
64 135 13634
33 240 17806
136 579 8962
31 456 11659
50 563 11513
3 4 24106
272 348 2573
31 38 102
150 261 13642
214 279 17774
158 253 9742
37 99 3039
13 339 28439
2 13 18574
88 269 18960
6 265 14444
108 146 6319
291 349 2411
171 414 9606
44 237 18025
46 124 15893
181 285 30355
4 562 27834
327 615 6839
200 600 29843
180 246 4990
178 267 2677
226 629 4497
553 607 28030
226 387 3335
32 64 18159
100 223 29617
372 574 27723
120 166 22056
67 136 4089
26 82 27043
146 344 27602
184 560 18682
102 296 20072
119 653 2408
139 279 32481
78 238 2027
256 290 29891
86 260 23118
63 460 14340
142 502 6976
73 671 13104
42 174 27406
162 304 9363
339 455 1742
125 247 31900
614 621 22054
117 628 9979
165 230 21492
229 422 18729
316 534 20600
84 293 15440
213 457 19420
99 208 16860
154 348 7715
454 668 30995
72 125 24049
178 329 16774
121 486 2465
276 426 18752
384 502 28323
136 381 22258
240 250 14626
29 30 16283
22 29 2649
199 318 13393
8 460 32295
469 474 59
211 265 14519
16 208 14306
92 143 31585
43 193 4694
315 545 27665
452 537 31204
1 30 15563
410 522 9550
108 287 18734
73 515 3008
142 433 7685
119 154 5372
37 159 17217
4 214 21618
324 379 6899
36 42 14652
32 130 18468
118 196 13880
410 534 26262
80 87 19640
327 361 30934
327 556 27006
9 13 25641
43 110 30457
72 523 10807
90 289 14600
2 260 24191
484 548 17834
132 562 10753
222 274 2912
192 371 6556
28 42 8494
484 544 1034
11 17 25985
187 504 6801
301 461 2149
272 672 17336
168 303 21189
297 342 16796
30 85 8122
364 572 28100
605 668 24076
63 296 4735
31 37 24432
102 400 11826
26 137 2093
255 345 18208
13 94 27949
502 616 30351
598 662 26529
165 194 2145
64 358 27846
115 194 2157
335 563 23917
181 553 26945
154 242 21581
257 614 10268
347 348 2896
24 45 51
128 397 3928
104 557 29609
19 137 30509
37 423 15038
265 278 32147
135 351 6684
560 569 1979
144 162 18261
199 202 6280
124 560 28397
327 404 18026
45 189 12664
579 604 19629
87 347 5574
237 442 4759
255 346 3083
56 414 20910
13 323 17023
30 278 12787
79 84 17910
10 335 3580
222 238 18774
377 529 27184
246 532 1277
52 103 20885
193 215 31598
410 512 4077
29 185 8928
256 406 29717
30 255 2954
141 212 14052
153 394 10422
6 7 8701
136 576 30474
157 223 28497
193 221 25734
91 103 25922
190 407 12069
316 429 15525
252 471 29990
61 67 13593
294 492 32359
291 499 12651
3 4 26712
103 199 6400
113 203 26222
208 637 23673
387 459 18210
200 220 11024
6 123 29152
16 59 29531
185 497 11373
184 623 1409
12 662 13999
60 351 26108
122 587 16865
71 98 26493
265 398 1169
153 340 18326
7 25 16127
337 388 7465
254 368 31673
157 374 14555
6 42 18047
443 627 30449
57 112 2010
148 401 16227
35 284 15851
408 653 23571
8 306 31581
159 232 13913
92 393 31612
72 177 17518
4 14 18144
110 248 17505
12 241 26164
248 544 9611
348 612 2290
88 660 715
93 136 25660
266 440 7916
6 154 29197
181 246 16893
469 603 13183
395 461 29075
53 78 14548
154 512 5917
247 368 2182
26 32 3798
24 199 6798
131 213 7934
220 308 3989
35 60 19041
75 77 9185
62 271 8781
124 373 11271
171 288 31627
374 605 15826
185 321 1788
212 253 4582
17 466 6621
362 411 15100
540 561 15085
299 647 5582
250 348 8416
358 395 24847
205 548 994
95 587 20227
209 266 18214
339 580 10892
26 537 24740
17 68 26576
439 632 21659
123 145 15551
106 155 26482
514 664 14369
493 555 9228
32 465 19964
100 226 19884
90 180 1635
29 186 7159
343 348 30749
291 303 1215
38 62 2715
161 164 10901
201 620 13114
64 71 6227
1 48 4037
19 413 4389
33 71 29866
46 307 14771
104 233 20335
350 403 2682
161 518 11834
23 45 9340
7 9 25493
18 96 6343
120 152 10668
99 282 18569
411 522 27326
384 433 1705
440 445 31859
38 351 25885
33 462 14934
96 164 26484
290 427 4012
159 335 337
92 517 15182
473 579 8898
271 329 30815
37 223 28096
46 67 19697
129 314 22329
189 506 7158
38 110 15217
83 117 18953
7 186 8348
169 314 23804
315 557 21508
31 37 3122
556 663 3349
37 265 19483
138 352 7968
134 460 2429
437 518 19904
89 299 6480
122 283 24859
204 234 26696
27 192 28282
306 531 16751
147 241 16107
110 217 9564
403 408 8427
73 197 13279
125 582 4940
140 145 10311
199 224 26321
205 262 27789
151 670 306
206 237 25083
77 185 10126
33 62 15924
184 284 28529
11 370 20904
146 422 31988
28 377 18641
89 371 22954
469 540 3030
151 262 17232
310 601 22624
167 563 8824
157 376 8133
363 621 14516
93 412 10203
77 227 21211
9 403 30472
277 396 14216
329 646 17524
84 359 29412
36 136 2912
150 329 22611
4 145 3345
86 436 26530
338 529 3798
81 424 1733
432 601 2567
46 539 587
140 476 25115
33 243 22024
247 407 6427
54 261 11438
46 589 29987
58 565 8264
21 48 10677
207 362 24280
572 605 28159
65 438 15744
316 606 1382
463 483 18948
52 73 12794
23 54 23943
26 116 24732
242 544 25800
550 618 11511
72 125 20826
174 456 12195
466 493 17533
92 444 29450
73 376 20394
446 653 31711
206 533 28655
36 612 6228
24 110 168
275 441 13640
187 210 5957
171 434 23331
343 579 23823
149 621 15397
307 485 23858
152 318 31817
271 353 11379
542 661 7948
27 117 7516
82 231 25020
86 92 11976
38 104 18713
48 133 23564
21 480 24430
119 545 15669
53 92 7277
286 406 19222
179 606 17006
46 94 28186
232 275 13546
2 10 4107
127 164 31296
211 385 2142
70 609 20268
188 590 14237
338 648 31864
174 328 20989
415 519 4042
141 568 594
463 620 16029
157 184 1490
178 232 9933
63 140 30316
3 40 25148
66 499 31905
480 553 2928
356 405 25367
47 506 28490
172 270 21864
196 532 19482
447 578 16596
491 521 14526
447 466 10469
341 367 11928
67 226 6949
138 666 18287
29 63 5226
538 580 7327
549 662 28537
287 470 26410
18 107 10208
18 29 6272
303 655 11609
33 52 12823
210 631 794
3 10 13869
346 527 17364
12 88 13901
94 96 11867
189 211 21611
92 509 26663
397 422 4530
189 220 31273
44 388 4697
116 134 432
119 482 8216
2 7 29267
6 9 15648
319 458 26388
20 46 6037
4 191 12351
98 246 12795
68 644 22703
88 486 12067
26 123 6265
366 407 28778
338 552 25659
51 455 11127
29 242 20345
330 499 22706
395 436 7620
38 137 28197
133 242 29107
232 438 21144
232 319 22987
39 392 25332
197 458 23268
119 417 22621
4 90 21688
103 207 26495
99 397 2202
110 244 8700
96 461 29573
65 242 2316
22 31 25604
49 145 27810
86 554 2472
254 453 13488
195 247 32508
106 273 6766
123 304 20544
407 482 13731
5 8 4178
231 628 9833
248 552 31363
160 626 7648
107 157 15194
25 230 10439
327 403 4967
478 554 29953
13 18 28344
1 8 26463
8 258 4239
72 206 18776
81 398 26217
200 657 11880
85 141 18040
21 22 32593
235 503 7445
73 275 28022
237 521 10723
209 224 31494
335 467 14483
268 451 21684
50 588 2693
325 599 35
189 472 15805
14 20 28257
145 644 13036
636 671 25596
512 547 6005
501 601 28816
167 216 6580
203 633 28140
66 425 15607
338 655 17179
288 316 4075
63 114 495
71 184 865
273 392 30184
74 477 6336
227 290 29059
6 35 26239
58 646 9055
174 325 22131
300 403 3771
74 228 21723
269 271 31530
178 431 14456
11 89 23971
564 647 19205
59 204 28975
47 161 22253
142 275 32731
30 78 18974
103 431 19658
65 218 10045
181 521 13934
105 410 30122
42 346 5199
480 549 30229
161 425 5619
194 323 25750
6 17 4287
144 197 21127
62 63 18663
105 504 29064
57 239 26057
129 178 22140
11 45 31816
217 579 5734
291 430 31235
187 300 30815
93 405 21109
68 74 7976
43 314 11113
188 501 20998
425 469 30789
85 476 16353
220 311 3093
85 98 2276
10 27 14437
155 357 23051
58 307 9024
190 259 17260
138 174 10486
72 93 32019
206 332 28280
230 418 22471
13 118 20326
293 314 28196
100 162 7971
76 79 8122
232 247 22158
232 308 17207
95 106 20531
317 530 7633
536 644 13068
206 566 23899
17 233 12331
418 609 24528
290 298 20963
318 462 20032
374 656 23377
365 466 19035
24 151 11600
113 283 29962
204 645 25140
64 100 14818
66 498 25582
493 522 24147
305 458 14433
237 239 9426
182 347 11789
67 362 13185
16 508 1888
209 392 11002
40 92 19790
64 350 17737
343 628 8693
242 635 15931
69 128 21122
178 459 32131
316 455 5012
48 55 20595
324 462 21956
313 317 17456
82 319 2085
20 440 12971
59 522 31957
105 180 9161
33 83 2040
282 403 4478
67 212 27575
285 604 14537
96 473 17419
298 506 15052
116 414 31628
162 169 14460
160 185 28282
142 221 6303
156 267 21423
45 505 6921
9 267 23366
504 669 3420
405 518 16659
258 527 13501
140 222 25929
17 28 7470
53 101 26588
199 544 19098
40 103 21369
64 488 4272
2 26 11067
55 257 28191
5 352 14940
520 522 31961
70 187 26510
312 364 11353
422 541 5579
147 442 23595
30 40 23223
56 290 23593
132 398 5866
7 147 9502
109 150 22204
151 412 6103
283 397 25191
44 237 2506
107 592 6816
21 54 11735
362 436 15090
277 294 19668
277 352 28032
92 647 5338
49 514 21500
267 476 22426
25 193 22512
122 190 12056
4 581 18610
25 205 32161
219 293 6039
117 127 26844
78 104 29500
378 661 6462
22 472 10504
34 157 32336
102 373 8242
83 404 28035
44 453 995
16 100 29833
16 89 23135
1 102 31083
136 396 25901
528 531 4565
9 377 19129
31 100 10313
92 269 17387
50 52 24899
227 257 26783
407 429 2926
15 45 19460
179 181 3443
94 597 30292
13 200 2329
2 5 31576
2 144 7840
151 288 1467
35 43 11427
642 662 15644
66 175 26602
158 306 340
134 285 1002
566 667 8056
198 313 12264
197 402 30070
188 556 13821
139 416 32610
349 419 24685
60 71 5582
187 422 16137
183 521 18108
79 276 18841
246 507 15127
236 278 32131
63 293 6316
222 341 17443
233 273 21787
63 297 31894
230 294 2108
251 333 16101
44 435 3305
455 571 10191
105 327 13618
331 488 936
12 21 4951
135 156 21510
39 511 27440
28 625 16177
61 231 22459
183 365 18831
34 49 7950
32 105 6283
354 511 8933
9 307 15265
56 119 26230
12 167 25493
180 308 21087
25 82 22790
50 445 17857
5 435 15055
2 392 12264
167 294 25091
561 565 28689
92 605 3169
643 645 8493
204 320 28554
15 515 21935
3 311 26220
126 384 11209
58 329 22429
411 418 7334
75 478 3733
38 294 2431
559 657 23301
49 163 24479
141 272 12493
251 347 18613
5 49 2100
26 483 20223
6 7 12645
144 307 13620
276 377 32630
36 239 4159
219 419 28242
540 565 1310
40 312 1118
6 23 30602
296 408 31677
41 468 1583
219 439 2160
305 323 30620
48 79 10190
118 423 18232
54 188 6922
293 663 25561
355 446 20921
356 569 31191
46 420 27288
223 583 24748
184 394 24584
186 607 2171
77 463 17143
51 401 7714
18 131 25130
462 529 7319
26 292 13609
386 582 14534
13 655 10556
5 12 4389
120 217 21562
93 122 23742
45 427 25622
44 354 3422
8 78 13169
215 285 1830
2 21 2713
252 444 17335
225 344 4538
280 653 428
152 166 9270
54 397 4382
63 88 24147
350 562 29804
15 40 13762
215 303 30838
361 498 693
428 575 10765
534 584 25208
81 227 13903
87 274 7621
62 310 25115
28 123 3151
97 322 26857
258 300 7227
344 471 19879
26 28 32637
203 258 2155
477 597 23122
63 233 4637
23 659 30027
44 188 11103
93 106 15024
34 427 28260
23 536 31259
74 89 21361
2 643 24215
374 652 24124
107 419 694
579 614 15977
25 227 27468
54 63 22483
395 668 15578
93 158 30565
344 346 2248
256 513 32680
63 587 26370
5 666 9306
80 393 1437
46 81 28324
72 103 15224
397 560 19404
24 190 19498
4 146 26229
385 632 15000
129 635 3788
87 111 5377
204 423 4142
74 101 24678
1 44 4914
5 180 664
158 181 8476
293 351 4435
278 410 6684
588 619 4655
317 403 490
245 634 19019
103 114 32422
279 290 3584
144 540 21496
2 23 24578
101 247 6378
334 350 27821
14 16 28919
41 323 22911
82 142 16698
11 17 18917
2 610 16585
11 13 12776
178 286 28572
223 275 25689
248 540 407
15 298 3471
285 600 13190
228 429 19678
8 50 24114
59 64 11837
159 349 32730
98 511 13026
120 520 28334
13 31 12989
99 662 1828
93 167 31251
325 671 32572
81 161 28076
77 372 9234
109 203 1358
452 525 14664
21 441 24447
107 126 2611
1 201 25285
445 449 2771
51 512 8149
235 571 15091
142 544 17780
476 501 26642
601 646 16893
95 614 31446
200 203 30661
36 128 17222
260 552 202
10 112 17140
214 327 13185
91 314 22237
5 654 15766
310 483 27317
137 191 2809
246 396 7625
88 398 7828
107 212 1485
128 437 20341
27 33 5664
376 484 22618
43 305 12921
146 514 8412
24 460 10741
409 549 28334
37 373 21498
264 439 4773
112 391 23157
142 209 30863
278 479 30034
245 503 4605
45 63 2372
2 24 13190
30 65 20541
124 421 31033
315 632 31769
53 333 29230
486 489 13426
127 386 31869
277 320 30360
188 222 12801
133 353 19226
140 286 23469
110 127 1647
89 178 25701
83 227 29329
284 526 1428
375 396 23987
22 287 14070
172 457 11867
1 398 6226
161 489 22396
436 534 26389
28 61 26473
2 6 27402
312 610 702
223 669 27824
38 197 30860
40 230 3276
16 62 20330
429 615 2131
223 293 17209
102 148 25792
12 139 14789
67 82 111
105 161 18559
125 489 24468
118 436 4103
10 291 6633
402 460 581
15 220 22055
121 496 11830
119 203 6117
455 593 30919
178 340 6518
43 49 19524
21 95 20179
34 173 20562
353 417 20422
79 570 14952
142 319 5819
22 25 19262
68 457 3858
249 524 10169
181 572 10437
323 565 31788
567 620 24758
13 22 20240
215 486 13323
206 236 9345
301 380 6748
33 293 9758
104 294 13730
282 348 31522
429 500 14375
111 396 27339
320 559 24550
170 324 22384
119 143 9246
184 512 10962
153 173 7429
264 428 31878
407 424 5850
13 40 8601
249 477 30926
10 15 177
295 571 32115
379 395 2133
5 38 32186
35 203 3376
76 248 4263
58 277 13406
511 555 20794
17 24 29229
193 346 2379
320 469 8144
16 70 6979
463 647 19194
189 253 7671
72 465 14434
3 110 1303
572 587 11919
314 357 13804
53 509 4234
466 548 23382
229 412 10307
20 406 32073
16 63 20176
9 22 8004
214 621 29898
49 237 18030
230 252 30578
60 389 4955
61 168 16239
359 435 25775
50 200 27705
601 610 3859
4 529 23442
320 392 27708
5 42 16026
45 61 9712
110 414 13923
1 130 847
268 630 12304
7 188 28109
15 41 31967
471 584 12440
80 337 31928
65 604 28775
2 23 12811
83 105 21221
33 204 19501
346 463 5164
222 278 12656
38 302 11797
23 378 25765
283 300 2117
77 128 22998
502 564 14654
4 7 31820
89 311 32737
42 50 23620
108 282 6684
25 68 17632
279 319 18627
310 568 27447
5 87 31165
200 284 3469
553 647 2317
272 513 17952
342 450 7786
196 231 5898
274 307 12366
24 221 23843
201 230 30423
16 353 30196
12 14 26570
23 47 2318
20 239 654
97 383 8042
9 29 3593
513 526 5016
44 93 17304
308 372 31720
118 376 2466
190 282 3034
14 26 9582
107 481 7272
558 574 32584
13 247 8978
4 166 1310
407 502 28086
265 278 14100
328 336 3478
294 355 18113
96 391 1556
85 438 15636
171 377 9237
78 275 9244
120 456 26894
72 550 2325
155 181 16661
137 164 8340
256 432 23966
78 225 14764
142 147 5801
355 665 20054
431 594 12931
166 409 11914
21 55 30833
55 506 20679
351 655 3293
112 206 3584
18 171 21975
388 420 18473
162 501 7436
111 276 464
7 51 24711
38 124 4751
484 633 21963
152 248 14135
97 170 6959
299 477 3586
245 437 391
27 36 28215
181 341 19576
220 313 18420
61 104 20997
30 189 9256
115 347 4675
542 616 17892
55 57 17971
257 541 9600
60 128 4392
457 635 21330
494 582 589
15 18 4834
48 144 31787
31 43 229
153 223 30260
76 216 9573
79 462 28864
8 15 16602
121 212 28170
182 287 15910
108 658 25345
249 337 19631
369 415 26897
35 63 3344
130 202 5678
612 637 16400
27 106 21189
68 74 23273
228 403 23909
3 23 5377
203 343 31287
312 513 17056
624 653 8354
90 126 27981
173 344 25515
85 332 26069
32 102 25080
4 448 21806
248 628 20597
481 645 26793
3 322 16144
65 397 27452
28 75 6416
168 205 16583
21 268 10978
357 501 6555
380 423 13695
510 547 9139
72 143 23475
40 637 19551
290 479 4072
402 516 8273
40 206 10575
205 501 20803
5 14 32110
220 338 12216
38 55 22406
276 490 19594
7 92 31054
178 332 18744
416 660 2284
337 524 28468
310 375 32317
24 96 17832
52 671 21964
263 330 23140
95 363 6656
19 38 7668
133 262 17260
79 626 23569
334 655 5963
87 138 20711
487 662 6023
95 556 28907
111 333 23006
238 495 31797
76 116 17415
251 432 14224
58 548 18654
56 308 29899
8 32 26370
131 339 16623
396 551 25456
49 331 27226
8 159 6903
59 60 27131
170 280 23452
294 394 25121
31 431 4937
40 178 10900
238 572 21344
215 609 5370
340 532 16636
108 400 1458
86 428 6161
332 671 31911
9 67 31662
83 118 1746
7 216 30714
70 241 7261
188 206 27351
42 382 30885
350 591 3630
326 342 20625
115 652 11076
17 100 16631
293 339 8368
85 125 12802
119 390 27857
37 414 3548
8 25 27847
60 226 22535
69 102 1125
191 664 16417
38 544 32154
16 39 1561
18 56 11827
141 236 16113
114 252 26898
332 447 4259
274 292 31790
83 87 8390
60 86 3824
49 241 1288
137 159 11469
348 596 21907
286 581 13869
5 17 24821
16 346 26112
11 480 15918
60 84 9361
112 175 25832
626 645 4209
448 577 23811
36 299 3222
114 369 19968
91 395 20223
9 31 3062
527 546 28030
286 545 775
61 331 20087
14 188 25496
151 256 16818
567 612 189
204 258 27028
176 255 16269
118 149 5981
373 596 4454
87 100 23865
109 183 3133
13 50 28489
14 75 7061
323 437 2285
100 272 18873
79 103 32249
143 220 5178
54 118 30615
132 548 28655
226 316 11014
143 417 24553
101 375 11386
246 506 8209
141 168 27326
182 280 12141
18 154 28786
98 116 20290
106 159 19962
100 262 9100
387 600 7024
87 575 22146
447 641 25663
437 608 17436
61 65 5683
188 226 5083
19 33 19480
11 19 5702
18 118 4168
101 330 2252
154 410 3506
18 23 24088
245 259 9795
116 124 8693
445 539 7096
40 341 22353
14 143 29758
381 567 5124
251 432 5744
113 279 29031
65 194 20626
8 86 31199
1 305 11543
293 384 23261
48 72 10964
137 297 8210
248 462 14712
45 75 26563
595 652 19219
394 535 10618
168 178 29139
99 541 8077
300 457 27983
166 615 31026
75 104 19692
6 263 32280
37 41 30012
23 54 3517
52 120 29809
21 163 13305
382 573 13879
115 429 14709
242 271 24976
9 10 29192
431 491 2952
213 451 25651
153 421 32728
38 217 3117
89 413 15577
156 250 16959
163 562 29264
125 131 32617
433 606 27382
62 332 11386
164 176 22229
161 253 10023
30 73 199
57 293 1481
34 82 9145
49 285 11715
228 247 25738
169 527 22980
54 98 31640
381 413 1115
29 430 25940
36 160 8351
142 449 4988
98 102 28117
76 249 8393
18 40 21591
508 575 1844
212 442 26928
227 436 23834
29 102 17184
7 140 14320
33 95 1806
145 295 4928
41 52 19214
62 259 4385
345 380 30338
194 280 9590
95 169 27395
316 446 20367
29 245 21782
78 445 32252
99 339 21720
260 528 9915
76 389 3616
406 609 4617
477 600 27854
270 288 24694
316 606 21829
109 503 1296
125 179 25143
292 635 21186
119 464 2125
454 582 26679
21 114 19807
205 518 18408
258 470 1065
120 672 21012
136 275 32448
158 187 13529
144 175 14657
244 353 19114
318 577 27494
331 338 22986
187 240 2818
151 167 18339
343 444 25247
364 467 10506
1 198 18088
391 500 13518
163 281 30951
109 171 4134
155 172 15687
119 136 17626
406 455 21522
115 240 32575
619 627 19743
381 507 1620
379 437 17594
133 231 19113
213 594 26145
288 623 30942
149 203 22763
107 113 17096
438 635 21948
77 462 7856
302 380 21516
33 69 7719
1 11 26093
340 385 18004
138 351 14352
21 51 4570
175 278 7045
10 12 2205
129 287 19422
39 638 13333
49 271 8124
30 32 14057
190 410 19197
182 526 1291
18 303 8438
111 421 13719
601 657 10883
248 507 14860
153 444 14036
287 538 32458
19 76 7999
40 277 9945
45 56 5502
482 538 18782
25 140 20772
403 536 24906
49 233 7215
8 24 4138
178 359 26616
128 285 31523
5 6 2816
480 560 30072
30 82 23870
88 332 28210
360 477 27641
357 466 16065
100 143 16224
631 669 5804
67 133 31572
170 375 25773
40 132 21024
155 163 22473
121 213 6932
160 590 29514
378 579 14400
49 214 18078
161 348 7622
663 667 13962
152 366 4720
8 121 30521
6 116 29845
10 376 28418
356 448 16247
84 116 18434
81 140 3219
607 623 2785
51 53 10661
343 498 18257
1 484 26438
62 129 7982
2 22 19831
93 520 3914
491 597 14961
18 66 7493
6 21 25995
411 540 13313
198 237 8996
53 305 147
82 479 26567
384 601 8138
76 382 14342
422 434 28816
357 568 16325
156 624 31199
147 177 1761
31 69 4862
151 524 29313
55 276 29496
4 19 18798
121 230 2656
36 47 5956
225 490 5543
4 6 23906
132 265 23740
639 641 20947
490 646 28978
10 142 19384
234 507 16019
98 295 14803
322 666 17332
15 163 27455
26 107 32288
61 79 23423
457 593 30390
99 208 27239
240 570 2769
224 448 15757
20 165 3979
108 546 19528
5 66 21762
9 570 6237
395 495 28074
9 21 9459
89 124 512
12 265 10851
18 619 29519
167 475 8444
411 486 12349
153 435 21974
477 637 29780
223 265 9287
9 47 18383
4 5 29594
382 538 1867
9 14 3090
8 28 4910
78 455 1898
12 34 5344
284 359 24643
236 427 7214
328 547 16712
14 373 16750
68 70 32754
396 466 2362
238 472 30761
102 130 3295
23 27 5433
76 346 30418
365 497 2524
131 378 17608
532 621 23611
10 14 2375
275 358 19515
32 64 9412
1 206 2418
200 657 12980
34 131 31637
501 552 16656
445 501 23357
75 384 26943
36 561 21082
23 64 5992
237 388 8873
23 97 18833
19 102 13831
78 324 25120
51 463 20350
274 482 24978
102 196 9556
517 660 2437
150 339 19341
172 663 8041
30 40 21404
116 422 20341
143 315 12599
12 19 8371
50 80 7564
108 172 4412
455 490 10561
578 626 24066
254 532 17166
5 15 15281
181 660 31702
3 177 28312
64 290 4728
79 213 19857
350 443 8413
82 378 24676
36 186 28912
34 176 1051
190 292 23420
123 644 24636
348 539 27682
439 531 3564
104 281 11500
15 513 11868
65 650 16677
23 38 24604
176 198 10878
245 534 6943
91 118 1193
22 55 2456
347 667 749
1 425 2044
230 362 22629
111 631 8385
321 641 16102
159 371 10434
564 641 22976
38 491 10054
354 386 2261
306 671 279
11 144 13757
80 171 62
22 54 2033
5 16 23086
55 91 3628
80 581 21641
22 157 6794
297 366 11464
348 563 7182
75 152 359
54 198 31633
85 346 15213
15 70 15176
209 616 27993
48 89 8039
241 245 22762
58 403 19339
471 556 24375
3 276 21482
47 309 5901
629 646 4738
353 632 13202
165 282 28605
268 310 22943
36 81 2877
179 497 3148
338 663 7383
234 540 2465
121 149 20189
29 39 22132
406 439 2638
40 237 25803
125 375 641
173 389 16998
325 520 4452
177 324 9537
5 105 30319
78 95 2595
116 262 6609
222 513 32152
194 393 25222
222 268 8685
6 322 18771
12 13 9480
158 249 27619
363 648 12071
165 553 19059
67 301 28658
258 349 24529
52 90 24938
514 609 13978
119 149 12436
153 253 20470
157 629 2539
182 506 28499
139 514 23562
304 456 31675
39 653 3339
232 301 29409
70 92 12167
49 347 13052
21 77 2623
91 283 30723
116 131 20949
270 488 7664
4 5 22050
46 170 23814
154 204 11530
191 622 5722
385 551 8920
187 360 13836
79 308 31884
232 266 32240
55 549 29349
59 517 1691
287 383 19270
361 671 15883
171 584 12493
205 652 29289
32 281 24107
293 479 23696
17 222 3245
125 417 29029
71 492 18156
40 41 21022
443 481 29466
52 225 21256
39 45 6901
354 623 3448
481 631 16889
123 345 7389
16 266 2732
214 466 20532
73 150 4638
40 145 4174
594 646 21740
320 638 20644
290 613 13162
385 446 25521
533 537 21183
200 649 19716
60 242 14111
94 194 31378
25 72 5980
187 211 31717
109 148 9350
23 611 10561
53 504 24672
71 93 1497
314 566 13251
54 69 20383
97 166 21071
315 445 29791
313 653 10999
182 348 22308
241 427 15693
188 501 16913
286 474 14743
97 153 24628
141 419 26136
85 504 30731
162 430 28171
233 559 10915
123 380 3912
568 579 1181
24 213 8586
145 507 1413
61 109 16074
309 315 14132
17 20 30261
268 419 21051
279 521 31642
146 262 3462
100 104 17265
375 436 26298
194 280 32704
241 379 15868
120 354 3208
418 634 23325
344 645 6796
61 239 11108
6 24 23939
512 644 3693
531 540 16149
384 580 11735
69 92 10817
3 19 28335
119 485 31471
108 507 23783
87 408 3035
233 473 20527
49 66 20779
125 360 18188
220 288 30780
3 8 24587
23 86 13715
412 484 16976
273 628 20475
527 539 32257
10 21 9254
12 20 16953
59 75 24187
30 363 2429
72 121 4306
144 263 24310
125 140 10309
18 224 28125
76 335 11120
18 25 31181
117 578 9125
134 366 31239
212 391 13316
97 210 10948
431 478 14210
217 332 20269
16 469 23349
480 546 25486
129 400 7298
83 139 29406
57 70 27402
204 224 29624
569 602 31838
13 281 20560
130 146 13286
8 10 23060
115 126 27522
43 80 13548
55 251 31174
111 372 3940
9 43 6376
14 115 5146
70 367 23992
180 367 13898
505 523 20533
120 643 7758
172 412 32670
47 65 23662
406 541 10772
222 290 30547
86 356 21540
127 647 14577
559 580 1746
267 344 6102
278 328 27391
2 393 5138
41 51 12091
341 366 9781
82 181 8551
568 570 17438
383 543 14259
195 502 21129
132 140 31958
62 655 27549
155 220 407
30 48 497
152 298 10753
187 279 25785
23 440 30421
9 17 21792
349 502 23575
344 495 1521
144 197 23498
26 257 22056
5 277 2104
443 522 11263
142 453 21339
548 589 22920
44 671 14648
226 253 13574
223 563 29014
256 393 24180
82 286 30613
71 612 22783
18 28 30474
267 414 31331
250 356 437
431 567 2917
212 409 5668
173 328 7134
350 399 20579
365 544 21023
59 71 21964
190 202 12423
20 634 9099
156 518 15789
117 401 30207
67 275 31336
67 653 4917
91 212 28309
313 404 27950
72 152 8317
354 567 24767
37 268 21520
258 333 23576
101 230 18051
255 274 1118
217 325 4080
30 649 5092
106 293 14337
24 48 13015
66 245 11221
434 541 2690
288 548 29335
81 334 22393
403 644 2959
594 619 22851
315 616 7047
47 143 15965
4 11 18645
51 382 8629
145 396 11392
158 546 27361
240 254 25639
95 109 29892
250 549 25522
56 141 22114
216 378 30464
144 230 6157
303 376 17166
116 605 4920
7 306 21312
162 550 17797
53 572 10972
370 388 4086
146 286 15320
263 324 16715
97 340 23426
161 363 30435
128 176 8886
1 13 25033
330 379 27283
59 148 26035
140 190 6130
149 327 26129
15 17 30486
80 421 31113
303 346 22074
302 603 13941
469 521 10519
177 576 27441
377 522 6267
130 216 27495
19 329 18547
238 318 14233
41 48 9424
194 464 13971
10 29 30432
256 259 4241
126 633 14511
145 211 2618
293 469 22842
26 42 4548
356 393 16977
107 196 6865
358 443 15381
42 232 30197
271 531 4961
217 227 5850
330 359 32639
142 151 18557
200 258 30952
27 36 12545
170 443 22036
266 325 20228
334 404 25720
98 513 22650
445 553 9031
357 401 10110
325 336 4759
14 33 15257
44 235 1262
461 518 22120
383 603 23150
6 7 28850
246 365 21519
18 125 16708
252 276 4785
347 622 24882
313 351 10474
2 3 20817
57 69 14289
64 246 21246
9 31 11846
5 15 14991
15 85 16224
115 358 11275
13 26 20479
138 356 8946
280 485 17604
194 402 19518
84 96 4304
39 69 9701
263 310 31519
236 435 6533
40 53 4957
20 148 28674
125 148 4220
173 204 6710
20 31 8835
257 396 28430
74 563 28222
14 325 14759
198 284 17635
389 500 21050
290 603 710
94 260 4877
6 551 10155
140 198 22168
272 512 99
298 645 24217
18 64 27815
384 502 7131
117 322 15742
79 92 23760
69 136 10120
37 54 32083
53 450 8709
540 613 23594
2 6 5748
76 669 11047
309 362 19991
278 381 13550
77 171 25037
143 150 32723
411 519 26097
50 52 22349
371 432 28485
251 407 19941
9 84 12056
9 28 18364
103 489 5154
101 129 8691
272 418 27336
114 115 9622
20 169 13005
278 371 13535
201 264 6555
193 546 6129
38 70 4001
286 592 2638
7 107 5245
81 166 15551
247 269 26865
21 78 30566
178 183 9935
312 469 30249
470 549 7770
218 295 3526
120 323 5593
115 670 12839
345 368 29514
95 513 9930
1 99 16757
348 557 2147
1 6 14544
185 469 2816
14 297 18936
31 544 19024
613 653 27302
239 424 29157
71 149 26468
280 464 24965
100 198 2939
90 148 21988
290 418 24011
434 515 6238
10 30 19589
173 306 22671
217 389 15110
177 510 10453
100 485 19527
307 400 13087
216 542 18839
54 291 11677
7 25 30878
172 176 28457
212 289 25818
367 496 20864
150 283 24594
204 584 25506
526 557 6771
12 28 22778
532 631 32346
75 223 12821
62 137 17651
483 498 25109
241 287 20528
31 32 16418
143 397 3020
62 225 30342
79 213 14934
73 185 26938
110 339 29814
163 165 19464
210 591 4072
409 489 25752
185 297 28898
584 648 20217
144 324 17379
9 21 7043
359 503 5918
158 541 21298
207 483 4598
161 214 27585
106 616 28233
174 239 1834
12 46 10887
317 551 4702
62 109 31930
54 258 1358
85 170 11785
50 139 15006
76 666 875
155 445 8090
59 64 892
9 127 27967
41 88 4779
162 183 16763
142 610 22084
536 572 23539
92 124 25603
46 117 1000
70 261 18222
409 669 17692
30 487 9576
211 316 20414
104 112 7359
1 3 27593
556 577 8610
58 317 10844
2 26 32447
3 4 24561
120 185 29180
18 209 2175
89 570 2309
70 113 4846
307 362 9516
380 591 17247
106 577 16772
51 52 29756
81 177 1924
120 139 3082
34 70 15766
13 14 4722
467 502 30810
110 225 30975
30 33 648
152 204 31872
91 176 30900
199 225 2574
478 604 28005
78 399 24362
198 241 24375
188 583 15982
287 468 11782
123 275 6852
28 41 23889
144 385 6431
348 482 8537
74 494 19758
30 218 16805
70 131 12162
97 437 5873
133 398 3090
29 87 9142
15 47 7733
264 281 19918
107 444 19293
54 154 25815
35 379 52
171 604 13421
57 93 11259
473 525 12882
79 261 17453
165 431 14355
271 304 11990
35 255 29911
485 487 31778
523 542 12117
130 648 2064
11 18 22822
62 76 837
47 153 11243
11 109 3710
313 507 24063
353 664 5647
208 258 16310
165 186 872
77 403 4938
230 251 14498
230 319 270
70 457 11903
26 85 30338
249 602 1889
13 38 23120
521 553 2591
183 242 6247
153 331 19916
68 184 28839
218 482 31685
11 30 30691
279 441 32672
126 208 11802
376 398 21714
5 239 15931
28 34 28718
305 616 15062
19 476 6018
110 458 18554
85 133 25595
255 449 29116
236 523 15398
161 294 10778
140 495 22681
21 513 7214
235 340 29353
11 13 5364
156 650 7876
15 258 277
6 9 7233
227 356 21098
369 537 8896
202 287 4918
194 221 31092
326 485 14801
309 360 32497
356 415 19125
60 478 18510
28 76 20516
72 178 13499
225 323 30185
495 665 20192
51 260 31974
36 294 10140
353 454 3426
5 10 3579
167 370 88
410 623 13958
183 577 22328
139 267 6190
58 190 5851
308 539 3969
19 156 26006
14 114 18684
56 68 30119
4 190 6529
59 178 15493
126 212 22626
88 90 3245
432 510 4229
10 66 11004
83 461 1672
52 193 14793
24 37 12272
108 412 9000
383 496 23493
384 388 22827
291 513 1835
209 223 7672
407 620 14553
130 528 24327
172 232 21627
97 550 21996
5 24 13157
183 218 26234
131 138 543
131 144 25887
623 644 31405
402 568 25023
225 241 8621
77 523 4753
4 131 16530
41 101 22419
36 418 429
356 597 23224
155 364 25289
219 252 23013
51 63 14710
68 132 32586
1 8 20577
138 285 8642
98 456 18249
327 485 10820
93 342 26483
225 603 31871
57 81 7339
167 301 28733
20 24 18218
187 336 30247
222 617 13575
229 554 15857
266 410 20982
134 247 27943
48 652 4739
247 410 32008
69 94 23564
187 628 31543
305 529 15650
424 517 31783
122 316 16929
161 659 24459
76 88 8218
140 580 26169
86 342 25702
468 507 22074
616 622 24951
286 335 21757
73 645 16838
59 587 2285
19 200 4080
106 274 19155
355 503 12126
183 259 1228
312 493 17160
298 618 8131
132 235 26684
140 547 24997
44 56 2409
100 154 11726
18 54 29020
57 422 1630
118 251 16764
105 348 18552
336 384 3551
127 289 13980
5 216 14412
9 263 19349
70 332 16269
295 537 21940
10 141 10908
116 213 19794
143 163 3981
68 77 2769
52 427 1094
10 13 16263
406 438 7010
299 387 12902
371 570 31190
121 481 3132
64 88 8745
159 538 18646
9 85 22630
300 531 31097
70 393 3601
93 124 14945
27 197 10171
21 101 24657
246 266 13850
65 608 17490
88 96 31393
88 536 816
142 203 21521
476 633 21350
101 462 2435
4 200 3940
24 64 27338
37 539 2943
91 571 29517
286 390 5610
9 15 6304
79 114 25737
158 233 16518
43 536 1914
109 303 4650
97 333 2219
409 591 1192
166 355 32725
19 338 16702
38 67 24497
48 478 14786
77 105 27724
45 56 17451
181 299 29624
484 621 12881
226 419 22931
134 210 18738
83 330 6940
239 279 15706
368 444 29896
194 213 580
165 310 5022
63 297 22731
466 592 3006
18 131 11522
255 290 31449
47 302 3603
6 9 6287
148 412 27377
80 274 20455
250 308 21759
395 434 9312
16 257 26109
122 204 27214
104 186 6359
42 78 3446
117 173 32048
31 308 4656
87 94 15289
117 374 31865
228 453 30131
214 433 9650
458 471 13364
49 270 5382
320 556 27652
3 16 30636
113 656 8488
258 599 11643
237 307 377
80 104 21394
318 572 28636
5 7 6654
423 626 500
368 582 21154
21 43 28768
48 168 22223
61 442 32231
378 615 28238
83 629 29733
186 433 7631
4 259 5259
55 57 31724
17 101 21210
296 623 13135
454 650 27228
66 201 32155
5 64 29064
78 91 30237
430 655 2008
550 627 29816
234 318 10224
162 657 32460
389 568 7287
195 250 8193
82 129 8228
187 222 23106
177 579 25069
4 336 22217
435 457 3172
113 312 11144
56 187 7070
8 237 25693
128 258 20282
116 587 16588
352 368 28257
125 284 6261
11 359 29144
18 148 26554
440 551 3193
333 490 29534
64 84 1200
128 203 3325
24 546 29136
198 401 7078
28 365 18005
601 663 29455
277 610 11381
80 173 2313
149 622 11409
8 13 3144
87 383 27992
61 65 4252
13 141 11206
26 38 17445
60 181 23876
144 190 15927
429 505 22665
621 640 17368
17 672 29212
72 629 10023
132 139 16252
85 284 32273
516 630 16473
47 72 8724
148 436 3947
21 46 3595
31 305 1219
20 238 4143
156 553 29098
335 553 13784
194 257 25198
547 585 9120
51 120 11437
141 486 2032
354 642 4344
70 422 20270
108 356 27880
41 66 2040
90 267 30464
61 80 19248
116 398 20457
112 377 20175
7 105 27881
15 483 23475
33 420 3507
134 509 32222
564 620 9168
420 589 17387
107 210 23644
189 384 3488
22 141 27851
53 95 4831
143 224 27113
199 603 17263
179 334 23650
165 188 13647
397 546 2152
52 247 23184
167 284 1618
236 432 30953
212 232 26703
272 428 11393
110 411 19840
214 347 27820
164 193 32020
518 638 25730
356 573 1083
553 638 19099
35 77 26637
381 387 2657
4 132 22710
346 444 22182
263 404 1417
221 237 28810
320 559 18884
305 331 24277
60 68 30766
66 180 20813
170 468 8149
152 448 18614
45 333 20116
300 308 10097
144 628 9776
2 11 22536
44 81 7970
29 267 3578
244 283 8306
213 492 6823
23 489 13865
64 119 13110
166 366 14406
77 240 9658
17 193 12862
83 641 11021
392 565 24422
9 119 4123
291 338 10972
415 658 11401
89 131 25041
326 511 22022
151 272 15673
63 81 1699
468 540 9293
437 451 4613
408 553 7016
110 302 22608
301 458 19232
74 244 14106
435 537 31151
59 216 22476
159 359 17673
361 449 14382
228 522 30250
2 7 13605
225 302 30341
439 593 18618
150 156 22176
220 320 25609
55 162 319
4 5 8883
97 190 14501
327 358 22739
2 44 25559
240 326 32186
25 186 4080
204 524 1236
30 95 28119
46 135 9092
67 608 3838
113 188 7646
180 220 17394
313 453 19846
70 84 21991
362 657 32022
193 304 28799
97 517 14308
6 551 895
3 22 8443
164 185 15412
200 468 5531
84 216 1200
458 464 7857
64 311 19238
267 380 20973
224 449 15894
4 60 3730
361 560 14848
341 663 19213
28 75 27611
395 497 16374
222 259 14211
118 653 29195
220 256 21460
55 67 16449
127 254 22077
369 632 31746
176 264 9693
548 559 301
29 210 4749
292 634 4223
26 64 9841
38 184 10841
68 387 18646
49 602 8499
60 182 32652
50 75 25106
42 407 6146
75 393 22236
206 235 21445
235 280 6497
107 557 27706
101 193 16240
132 590 28582
23 253 10068
281 603 11747
97 146 10635
162 246 13647
224 238 16272
206 219 20699
86 109 22810
125 208 7754
81 114 4119
105 352 16372
483 569 328
79 198 28592
6 229 4694
336 353 24753
39 41 12200
30 212 31868
129 141 23409
32 41 11071
26 71 5284
568 584 4654
46 573 30674
36 58 4790
70 373 21797
48 189 27555
250 352 7663
236 648 14736
243 392 20867
67 128 17971
298 481 17499
12 32 11881
71 230 3503
128 644 29964
18 53 26383
122 445 11512
366 663 9886
486 513 3789
411 625 2041
68 98 8013
97 109 248
222 327 4454
469 534 14021
212 487 23372
227 233 7425
69 436 6190
2 13 11243
181 362 22633
365 625 15303
30 116 69
371 600 17145
155 330 22949
126 143 16780
15 32 5932
26 252 24609
13 327 18376
198 582 373
429 585 12194
144 180 3333
182 201 14303
27 158 24180
171 213 14528
1 2 22721
248 304 23033
190 334 28018
189 667 13144
12 593 18233
430 545 19485
7 277 1216
59 187 8585
312 384 23460
15 111 3470
72 110 25791
6 55 19622
29 354 2648
326 416 3650
62 358 26062
527 627 32073
53 124 7639
290 514 5790
320 490 22388
523 579 433
127 385 23322
16 74 887
25 542 31950
63 321 7780
26 106 28957
9 375 4677
529 538 21050
62 135 17665
276 411 32683
26 74 14761
262 350 2116
32 266 11622
225 324 16746
45 257 18977
139 320 24528
457 461 11522
49 174 9513
7 428 21258
10 21 21384
204 349 26747
643 666 25192
148 162 2006
178 402 14984
506 542 15235
126 664 21800
22 279 8589
535 536 20552
16 667 29430
394 468 11508
6 23 30857
13 151 19913
234 380 13624
6 329 15151
135 441 21101
526 624 2
17 23 13518
45 99 27807
20 380 8294
46 58 1933
169 360 2362
502 584 14906
176 314 10661
176 617 11661
156 195 18970
281 330 7472
300 556 24091
274 618 31202
61 128 18563
361 370 21048
155 333 19831
123 597 30351
58 645 666
78 251 30750
174 478 32349
10 215 19562
137 213 11636
328 348 21900
209 254 8679
71 254 9478
10 24 28976
17 25 21016
44 108 24416
53 294 32221
78 606 13138
47 178 28303
114 521 13375
65 89 22721
108 304 2913
168 397 18559
194 509 9313
13 23 30084
104 620 15810
330 382 29962
48 453 13963
71 281 230
431 480 22742
377 555 16105
47 401 31006
353 491 25790
143 176 20563
455 660 5054
155 434 2844
175 250 9580
157 289 13023
159 242 11422
34 48 25947
144 296 30846
4 143 22002
479 559 15838
192 236 24583
58 121 160
6 82 5101
142 214 14876
382 411 12381
204 657 23240
322 404 30837
267 601 29841
74 118 23205
151 311 26786
15 551 30485
392 581 11925
416 584 21616
30 593 1081
175 456 2068
137 414 23667
6 296 21267
536 568 2279
1 55 18322
335 616 11630
234 434 611
347 490 23934
197 404 29417
341 448 8979
200 614 8113
272 360 27575
321 413 24642
458 486 17344
34 196 13576
190 662 12506
207 245 19573
94 356 13428
11 48 28837
46 78 21422
224 457 6949
48 81 17880
161 453 21686
199 368 27555
1 4 25884
8 65 16526
59 88 15191
552 662 25918
350 623 28899
116 542 31929
5 639 27337
305 420 12228
319 606 29093
502 537 4300
127 247 13813
118 355 8233
34 558 10309
265 442 9111
616 619 25888
358 554 13626
252 463 17085
169 394 11662
9 20 25326
120 186 10505
150 156 5562
130 250 13659
130 226 27036
47 612 31640
266 287 3188
323 617 21415
6 8 11385
48 68 25289
325 444 27345
126 212 2596
217 300 14757
262 512 19333
59 599 15805
71 87 14814
289 329 4109
253 289 22571
538 616 5571
426 484 17602
65 249 9638
237 340 2107
375 646 26608
57 82 9839
241 538 23017
67 654 30019
278 285 12520
92 159 4155
8 12 4238
9 11 20745
72 185 13897
69 74 21640
55 193 28811
192 443 4344
319 574 575
44 226 11593
398 546 847
330 398 29392
137 217 30056
532 578 10703
83 369 12347
121 600 18056
346 363 2793
84 387 20440
201 460 20577
43 114 10631
570 663 10960
31 200 15321
85 221 22144
11 132 7939
235 532 9900
14 26 19594
168 212 18238
74 132 12728
33 118 15467
132 533 9650
71 658 32167
178 574 2765
282 347 15219
329 541 5684
288 454 30693
156 484 10755
347 487 10243
88 101 11610
16 33 10305
251 284 11039
65 281 30922
359 526 2912
50 104 1625
411 665 17560
198 398 19144
14 398 14659
11 419 23715
35 169 27524
134 217 10084
16 25 5067
609 643 3618
308 491 18623
205 534 14542
76 85 5590
58 88 20582
197 355 27485
266 281 2199
87 217 3559
347 642 5577
348 639 25682
89 647 9358
63 166 2798
365 480 9191
3 12 14176
83 198 17885
222 325 3160
391 534 4701
52 416 19776
50 119 22115
26 449 16730
35 165 11718
26 210 21267
418 479 28755
72 117 25465
335 405 31475
34 331 13066
27 143 13325
480 491 30813
7 55 22121
6 520 4692
172 470 4155
352 533 1750
124 552 27680
33 223 71
34 171 22575
313 569 2863
76 185 888
328 339 17106
3 12 17532
608 628 14002
78 79 23423
180 192 27682
228 244 14802
324 531 18043
13 33 4961
492 658 9619
158 535 29214
1 11 32128
283 508 23343
39 93 23513
65 141 25570
4 5 3552
11 589 26836
30 50 14446
42 378 977
7 67 32108
14 42 27987
17 495 5181
53 181 15534
505 521 20851
100 558 1605
147 494 20368
463 489 14693
12 53 3537
295 323 26514
246 526 15159
17 59 23914
377 387 21306
28 31 14703
212 253 32505
187 450 1874
19 133 10434
35 182 26264
401 538 10559
27 121 31151
41 75 15536
46 65 22221
31 68 21502
106 284 1583
367 634 10372
83 173 20881
225 536 2788
210 348 22263
190 258 1094
100 229 1313
36 88 24263
533 542 29245
316 637 21776
131 162 28083
255 529 21066
88 198 21540
114 185 8926
8 574 6384
185 498 3024
8 104 15067
211 279 16788
418 534 434
171 212 30885
261 642 248
372 654 6480
153 308 2
6 45 19818
134 326 8721
376 603 31217
88 137 2380
51 124 4033
86 225 17820
20 76 17895
97 358 15588
187 386 5433
115 518 27656
51 75 60
119 658 30909
342 586 9084
272 605 6683
144 161 2530
340 632 29287
455 609 7606
237 327 7822
599 609 6719
4 6 4169
53 309 27464
125 289 19942
167 214 16118
2 356 32544
33 612 941
302 508 20629
409 420 28407
38 295 16312
234 611 19371
294 535 24400
45 167 31945
83 177 10472
48 229 12222
473 513 2482
71 82 29717
54 579 6611
28 34 10177
124 574 25362
126 610 11894
26 74 22620
318 628 4061
183 309 12704
42 105 11136
36 63 22505
246 376 694
244 290 31686
4 146 30734
14 28 25693
256 562 8404
61 224 4029
476 531 12495
99 146 27983
190 221 29007
396 508 24941
25 30 27667
305 540 28046
218 466 18366
88 444 23178
73 109 5841
27 159 10970
114 321 23392
112 220 30955
159 440 4348
11 635 18907
61 88 31628
172 337 22317
83 278 5383
114 227 29285
285 289 3413
15 479 31624
51 223 14006
447 541 32750
15 40 16001
199 425 2288
388 565 1319
35 55 31311
286 544 6572
190 426 11887
70 122 7200
104 279 21178
1 15 26552
167 292 28865
110 590 12441
215 357 8444
7 35 2679
73 90 10801
76 319 25740
72 354 23795
33 34 15515
114 581 23731
106 185 28156
77 112 20561
446 568 25309
116 471 12865
79 111 23875
331 489 15506
45 139 23148
5 33 18297
35 81 3743
43 139 28986
50 76 28824
335 552 7287
318 508 4863
44 227 20051
99 213 28606
109 312 18416
164 494 7178
99 389 28454
112 557 28021
42 426 18575
10 27 14192
233 491 31032
580 606 17914
322 498 4243
159 167 25973
112 296 19335
1 34 28889
87 357 10153
5 6 22202
91 638 2566
621 634 6877
10 35 32519
456 566 23886
168 462 16725
67 515 12601
117 350 21449
174 531 23796
410 602 7876
109 122 18934
468 527 15247
129 591 18101
104 135 30858
271 543 5535
218 360 14166
68 518 27561
251 664 8770
183 290 17963
276 662 26775
203 581 13057
166 474 18854
153 389 5930
148 337 17565
284 504 32600
166 376 22414
173 176 25395
239 265 25131
32 405 20283
613 614 4394
128 553 29324
64 128 15694
58 63 25845
252 484 30078
213 231 28443
392 514 3454
137 252 416
35 168 4894
223 500 10636
171 556 2556
58 63 32616
31 95 21035
225 339 7107
162 415 14438
200 425 22305
159 243 28302
60 662 21636
113 217 8606
212 570 23819
14 75 7794
57 306 14432
226 618 2269
256 261 16612
180 382 8454
216 523 17378
441 506 274
476 546 7471
120 141 12660
66 257 15098
98 155 31872
173 191 8642
29 50 6684
10 427 29097
128 649 12951
317 371 9621
440 488 25621
13 40 6637
249 388 30738
387 569 11209
297 524 24293
314 365 17134
295 519 25937
144 461 10231
81 144 31870
300 312 30058
294 318 26359
575 637 3514
20 150 15740
25 244 6494
3 60 5319
192 450 30591
397 419 10653
5 77 4341
225 237 27323
6 175 28811
495 508 4224
92 156 13493
325 566 16486
39 410 11852
42 481 3746
212 598 7399
393 520 6795
37 393 17636
166 352 4757
77 447 25670
20 216 13053
56 65 8946
390 617 24194
20 44 20460
342 615 21177
228 242 24739
172 466 16864
74 231 2168
3 80 23104
277 487 11769
90 410 1909
88 462 20611
373 658 5178
133 240 27737
30 88 21389
50 57 25669
122 127 11848
58 203 16219
116 121 28282
561 655 28291
432 597 29737
56 157 8397
17 117 14155
15 336 16059
282 339 10512
44 385 17416
128 576 15056
41 390 11411
316 391 6979
250 521 21623
318 576 10957
71 126 21629
104 110 19959
84 544 23396
319 551 12668
304 459 6574
253 607 21867
23 100 22788
37 40 23881
223 394 6465
24 46 16707
146 164 23749
16 371 8392
171 205 31399
173 191 12582
484 573 10454
145 281 8954
316 591 18770
324 388 28570
113 460 11512
197 224 23489
163 521 17313
118 337 12062
245 351 25731
248 480 14495
133 157 19213
321 502 17800
228 344 25531
65 208 17846
154 282 24980
56 156 417
250 278 8276
132 212 5884
18 38 24678
352 451 30462
295 446 16706
6 12 28093
341 383 21454
91 353 23585
105 387 453
26 59 22102
327 423 10338
232 515 22224
407 555 29620
310 560 14895
106 305 5485
136 156 21172
1 44 11529
370 606 8697
303 495 28828
259 445 15924
131 658 11437
273 364 9257
558 621 22247
2 13 18835
23 94 645
37 57 15284
652 672 22210
6 15 1096
146 190 1725
104 212 780
457 481 1925
228 444 29852
445 462 11346
3 193 3930
42 261 14871
83 94 1418
58 114 15077
231 448 26620
11 148 12001
541 640 26322
18 93 31678
79 324 22081
31 397 31986
79 94 15199
405 406 9758
99 325 2403
62 186 5742
168 351 12763
141 277 5834
1 35 19140
183 492 5691
182 306 25487
80 485 7892
612 665 15980
1 2 17134
304 420 5503
285 378 30123
193 545 27587
442 536 29427
4 37 14277
164 531 6757
114 123 2698
40 77 15867
59 116 16173
411 619 12363
6 103 20511
81 484 10154
111 647 13586
265 484 8869
268 444 14577
83 648 12161
148 484 6520
41 307 7111
60 512 2625
36 339 29193
41 259 29545
162 283 7003
466 622 2074
220 395 18240
110 260 11155
195 525 14320
459 660 7058
5 18 2632
27 388 3362
313 333 22467
172 186 25921
132 175 30285
9 26 2267
231 264 27853
332 498 30722
109 250 17590
173 234 5753
157 435 12
443 645 14313
63 65 30864
25 58 20556
353 381 6165
65 70 6531
101 119 823
25 107 9487
278 512 18138
376 641 15700
51 99 11845
371 485 15368
416 417 27320
101 179 9101
65 335 30399
326 432 26470
262 671 28355
259 444 29709
5 139 17789
353 609 16598
463 465 5717
198 315 5787
156 363 12506
426 510 19558
309 516 8148
34 149 5984
401 422 13212
439 443 15774
81 139 19138
59 135 5034
154 265 1317
431 461 15068
231 464 3339
153 175 10975
219 549 32475
285 396 15088
140 362 906
636 664 12223
83 92 15060
23 118 22776
18 188 27100
11 51 5597
116 631 22470
34 365 14972
199 235 9576
10 97 22367
47 82 3629
550 672 25549
19 75 12206
165 391 20213
27 84 700
20 24 5786
401 528 27599
448 512 16918
17 77 521
1 7 5843
247 369 13149
11 147 6018
95 468 4468
5 63 29121
235 469 9828
234 449 30195
105 305 344
25 416 9062
498 534 2744
51 290 18213
48 518 27764
1 37 13842
178 366 18048
102 316 23305
120 158 20635
152 273 14406
79 95 16898
81 190 10052
43 132 11418
36 199 9420
98 105 15536
3 249 24302
185 342 20330
419 658 6422
3 49 24947
532 553 24200
1 2 17558
67 387 30167
128 454 9783
2 405 10301
129 344 2542
65 75 17888
252 491 17078
94 489 27741
72 159 31340
341 423 1852
63 135 19081
24 74 23062
41 46 6757
211 212 12942
238 369 13931
62 147 13428
77 533 12532
558 595 7337
82 513 26831
28 242 26522
18 20 23203
9 19 3696
249 288 31141
85 496 6722
29 69 347
257 305 12016
8 14 21864
228 270 30578
17 36 25998
413 484 7099
45 56 31595
29 55 11392
71 231 9378
52 130 19334
56 68 26468
18 30 22343
157 280 26784
239 531 5893
39 394 29241
157 301 24746
6 17 11548
273 280 1030
335 451 13834
203 207 32585
235 340 17766
569 591 11980
24 400 16766
33 184 24194
26 34 4082
112 121 28078
60 112 9809
211 308 9643
223 558 773
374 437 2799
114 184 12061
35 116 23437
451 458 32417
9 120 12511
229 370 18536
6 7 25123
235 380 4018
81 202 25649
87 260 26862
281 419 1683
232 329 4216
176 277 10399
58 179 1328
340 536 24940
93 403 21047
91 144 11196
258 291 23101
83 205 801
225 226 15389
156 538 4632
202 249 7102
424 577 10438
207 305 2931
82 470 17049
48 79 20807
387 436 29961
205 261 8455
162 486 19480
43 350 28380
129 146 26994
303 587 2008
162 447 16698
11 12 29890
338 367 7134
113 206 8451
209 219 9873
86 214 8840
106 192 25657
243 414 8429
187 274 20211
332 410 2388
477 528 32379
29 78 18865
556 639 16921
60 115 2417
239 484 23780
42 63 3787
201 221 2426
56 317 1817
413 536 9851
204 418 3590
93 327 32617
372 460 25215
14 235 7619
85 357 2466
5 178 31853
24 119 32544
105 645 27584
262 551 20425
91 334 32480
2 489 26186
125 156 2857
140 212 15156
68 384 10442
40 367 20716
52 151 20462
92 116 14617
382 526 12287
58 130 9375
118 207 18156
195 244 87
38 117 7287
79 395 12277
307 428 27118
38 275 26084
238 484 28908
128 189 12801
68 216 25575
365 457 31349
364 575 6586
81 413 31014
61 329 24942
385 452 23919
1 24 15858
167 312 9507
74 457 10618
155 293 28941
113 567 20159
3 38 22623
231 377 31326
100 133 23506
129 230 28925
324 659 25713
48 175 26375
251 268 817
467 545 7447
70 91 15858
237 319 12403
72 442 27515
262 306 4385
1 6 17286
494 539 22388
142 146 10504
192 564 28981
15 30 9256
77 657 25254
376 485 20137
426 665 12818
7 14 28853
326 510 5294
376 377 1356
83 85 10737
417 438 9404
193 234 3764
552 638 14576
17 248 25514
89 129 12931
3 47 6946
376 531 1739
468 548 4104
85 165 24156
3 585 7325
527 592 22714
150 417 12648
332 409 29994
234 358 23875
64 83 23016
495 629 23960
266 624 10798
36 197 14887
33 98 12482
123 412 12782
72 151 10261
233 323 26378
217 456 10777
36 59 21926
35 49 8518
292 346 18010
250 617 16792
8 597 9856
6 80 27496
3 12 4463
265 584 13161
14 51 27546
130 288 29234
187 272 19715
516 618 802
70 180 10890
91 95 3447
22 36 17907
412 432 9205
66 339 31423
182 192 1649
113 479 4660
113 382 11799
40 42 29465
9 45 22604
250 297 21015
31 53 19824
87 297 3526
594 645 30710
191 280 11712
228 235 21892
120 594 7775
193 294 12068
348 362 19172
54 228 9889
228 252 13890
353 552 22183
16 237 14018
72 133 20554
35 49 4913
13 63 31729
6 37 99
61 438 7394
195 507 29739
52 556 15842
31 66 32533
30 36 29340
42 364 28810
108 150 27863
35 105 292
352 532 13730
109 450 11613
413 623 14837
526 654 24283
265 644 6019
259 504 3335
21 72 433
373 574 11706
89 407 32738
123 626 13592
90 93 32163
189 323 4088
144 224 31324
156 506 1643
459 472 27019
221 329 23611
180 477 21945
487 631 25472
153 437 26531
402 669 6550
162 289 24662
271 371 24859
146 178 12327
281 326 3011
64 142 28113
5 106 15644
226 303 22562
27 174 19361
161 444 4599
117 463 14241
376 432 15227
63 480 10223
91 197 15594
150 350 10842
465 653 22079
461 635 19018
27 64 9365
5 533 31275
43 77 6447
107 311 23652
140 653 10068
5 190 16135
19 58 1420
10 13 10630
65 328 5087
12 47 15883
125 139 7202
275 557 30792
7 373 632
264 308 4569
72 88 27538
28 126 6286
163 219 11092
30 474 7478
38 278 18916
142 386 25029
71 73 26190
378 481 9191
403 410 1355
454 535 7518
36 487 16329
37 158 9671
10 384 6202
177 595 6539
56 196 20197
210 474 22573
606 624 11432
100 104 24633
272 351 14566
75 335 22908
22 404 31391
395 520 20045
3 21 3553
326 550 31498
20 95 19979
532 541 1826
25 594 27303
58 137 15670
297 515 16320
145 366 65
304 492 3062
155 370 22980
75 481 28108
115 382 8546
25 626 16093
53 65 30843
16 80 16126
17 385 13475
196 330 23152
134 207 27137
249 560 32181
4 7 8966
145 380 11948
231 269 1270
68 92 21998
202 210 14640
154 460 5292
254 438 334
320 356 648
412 573 28768
24 196 3085
2 466 28147
112 143 13785
10 186 30637
19 40 4510
109 318 7322
425 575 2422
61 119 31108
32 511 6987
39 597 8165
154 221 318
420 626 22880
5 12 25931
131 413 14266
65 163 28072
196 570 26058
57 541 31880
14 103 18402
88 396 14669
3 253 14995
92 513 12879
110 281 13541
400 469 28088
322 519 20304
55 118 25912
232 401 17187
133 293 31597
373 638 28182
239 423 19286
68 150 21558
33 254 4407
260 365 3703
204 309 10658
308 605 7815
77 261 3765
553 636 20668
58 505 9381
346 527 15151
159 219 24102
34 473 5475
425 580 5732
282 481 9744
528 653 16756
352 410 27867
49 73 5520
1 217 3122
510 618 24191
104 204 23422
99 226 6638
578 666 1122
89 224 5803
125 476 11727
200 505 27139
226 658 3592
171 216 30124
34 354 22772
80 147 15875
212 287 29257
374 579 17295
437 612 9078
87 583 17404
87 492 25437
71 85 1548
170 188 4662
32 171 28990
1 2 30257
98 247 32011
138 391 21938
181 266 19725
159 385 21056
19 132 26227
430 468 13177
47 73 8329
135 427 13230
76 384 5434
141 233 10220
148 199 14300
82 196 7077
210 454 10153
213 524 15414
17 59 8357
205 287 19188
70 212 26863
41 68 19598
7 22 4517
118 355 25317
340 363 10728
9 412 15018
407 581 26535
57 128 18526
126 630 7470
295 419 18566
67 268 25524
51 68 9530
46 98 608
190 241 5974
209 275 5751
10 273 9193
32 571 11442
123 531 1736
231 246 9454
262 400 16710
249 443 12469
283 467 28797
119 170 21074
68 195 20663
142 536 17767
14 43 31690
199 304 31559
13 52 3723
169 439 9342
86 128 1451
129 312 28231
399 532 23695
85 95 30192
210 610 22791
22 74 19787
75 142 1266
358 492 4805
5 182 13098
106 418 25788
114 474 8026
63 212 11041
292 669 20607
234 431 9112
446 574 29766
24 456 7052
18 97 32141
435 556 8424
188 254 31398
223 336 32131
62 112 26676
258 308 23136
434 486 19384
7 80 16196
235 543 11560
472 597 6231
116 347 10533
44 79 20181
8 332 23981
109 477 8938
166 456 29019
329 361 9301
120 233 31123
25 474 13419
363 640 7724
20 23 14215
30 90 6516
8 51 21776
8 194 10663
80 110 11419
273 322 17708
3 4 3032
69 108 30006
568 634 17471
194 511 12953
83 294 4288
204 427 3832
110 240 23270
231 270 26772
51 172 27686
27 254 29025
136 189 854
13 532 559
9 41 12156
142 627 6415
556 577 2167
227 368 3632
34 526 13105
3 7 3309
26 87 25178
547 581 18124
99 418 1500
35 366 13454
264 491 27272
172 423 7592
17 40 30890
187 649 6338
119 241 23436
390 404 22540
221 408 29961
52 307 27261
93 96 26562
80 636 14185
425 580 1941
169 287 27626
372 385 29537
306 312 27149
1 36 19522
101 241 6089
127 461 15814
161 646 16420
150 185 10187
161 375 8977
53 77 1539
533 602 24818
475 544 31322
244 548 13506
255 256 30375
406 442 31822
62 251 14199
183 443 28682
70 377 25807
78 366 13409
128 670 3893
292 375 11419
78 120 11885
70 666 15264
142 298 5275
159 612 31050
14 69 17367
463 637 25351
156 319 3408
131 467 17644
332 461 10386
123 193 5271
15 262 22154
331 609 18797
159 388 30559
36 318 30225
194 564 2872
114 479 5425
466 485 13702
465 486 12275
129 318 22382
241 291 20143
69 264 354
294 580 5299
10 69 9488
10 269 3658
255 489 26668
225 414 9274
35 68 3522
85 255 27250
9 297 28428
154 265 10147
164 267 15886
161 367 4603
7 367 7005
153 413 24885
526 637 13782
6 45 4284
23 37 1599
405 427 3229
4 22 4604
470 506 6763
43 137 18274
222 455 11119
100 634 19280
142 243 30647
14 89 17169
189 538 23007
40 160 5818
324 335 29095
5 44 10108
2 551 10171
56 186 21159
115 137 22322
601 649 9546
183 375 12716
34 61 11704
14 443 31006
301 332 12126
317 428 30381
54 57 29352
59 73 14365
38 60 19945
203 619 9674
207 208 9598
38 80 293
20 26 20656
6 56 24605
206 449 24052
237 267 21519
24 424 27805
323 516 11014
539 600 2854
12 555 12403
210 654 4235
5 23 3754
575 602 3198
164 274 1218
214 585 32078
163 414 7341
70 409 19422
249 421 31652
153 245 27906
66 195 23347
528 637 17679
267 294 17299
408 661 21908
82 111 20499
4 8 9833
382 454 11447
475 549 4757
309 449 10333
407 408 30403
447 546 14596
61 309 573
148 190 14351
268 655 27805
64 326 31378
605 612 25021
115 143 19986
12 26 25228
93 156 23612
13 32 29898
52 297 6266
77 286 5349
13 373 12411
29 106 17510
257 450 5374
121 302 5292
552 579 8835
33 45 240
141 160 18869
215 498 7102
218 526 26015
67 212 21358
44 156 16914
348 623 11837
23 372 16073
105 265 10776
4 12 3106
41 129 13628
62 97 17549
8 35 19496
155 263 12804
42 535 32427
139 326 28959
81 200 16609
55 84 27560
11 148 20100
47 94 25273
95 203 21982
17 42 1227
37 109 27958
409 507 26170
490 545 20636
68 157 13105
31 54 24401
63 346 10236
290 538 5960
369 427 22821
121 325 12914
215 265 9973
304 525 23757
48 202 28718
1 4 2929
32 64 17937
361 555 7192
122 214 6162
103 215 25033
56 227 6093
44 517 28334
198 406 1552
130 146 5191
128 244 16407
91 177 2673
173 261 20568
238 525 17142
408 546 2149
2 103 29357
3 49 20942
251 423 6730
39 231 531
28 38 10345
66 613 8704
188 215 31626
145 344 21250
47 381 26091
16 24 23908
324 496 11906
32 44 2157
13 220 12684
508 592 14805
17 32 2153
228 585 3086
486 587 21438
162 620 9039
74 581 13328
120 313 6001
48 236 31834
28 81 23786
47 50 1868
336 513 16791
208 214 9006
16 41 25108
107 175 4517
148 165 718
119 156 28614
374 547 1043
13 134 20542
111 226 19151
5 360 13433
349 386 32697
360 590 13063
147 545 1304
215 385 18615
107 309 1896
99 197 24353
17 164 10123
40 59 20113
232 490 32073
564 581 23185
482 562 10055
76 362 12169
79 174 22984
16 21 3368
459 569 28614
59 229 23707
127 255 31314
319 361 17074
96 389 14392
229 490 7562
15 521 21586
149 207 6749
160 561 21278
121 477 31599
14 342 18536
317 612 3947
237 656 21545
197 302 4736
18 33 4587
83 128 1819
212 423 10324
297 392 22301
328 487 3746
45 376 4051
119 354 31807
526 533 6688
140 306 23229
1 138 15762
446 480 3278
87 182 22628
159 456 32025
90 121 20373
7 384 15874
76 79 8598
8 12 8117
105 107 2888
145 274 5142
303 425 8763
30 173 4206
407 443 30831
249 485 27357
249 342 7426
8 219 1538
28 545 27284
362 612 1883
38 53 24395
163 262 25923
100 125 947
282 351 24481
452 643 31990
446 481 666
144 268 7203
69 82 13549
44 158 24432
44 297 7103
11 16 15303
51 503 23553
273 475 29691
69 151 1462
337 568 4214
131 142 20419
143 213 1342
33 491 19213
18 555 3495
345 530 27157
245 647 3084
426 435 13907
205 223 8544
9 220 24310
461 562 888
38 88 1243
109 645 10847
224 645 21977
29 304 3096
333 368 15794
10 258 7050
325 589 15685
310 572 27288
295 308 26845
315 351 30868
251 304 13485
33 344 11650
85 337 8919
140 210 6128
165 626 10385
33 597 1612
241 305 18506
368 476 22010
3 125 31957
65 348 8610
62 218 13835
7 11 9571
20 36 24929
248 260 2805
359 371 22875
295 360 10461
125 188 11513
15 124 26435
166 584 3164
517 528 16904
164 388 23133
49 560 4904
192 262 31441
300 507 16795
81 93 932
12 25 28709
101 187 2842
62 552 9429
469 660 30677
47 287 27951
148 641 1902
185 300 3110
228 302 18118
4 164 5754
251 555 858
335 394 22297
3 31 24377
10 500 14471
143 212 14713
279 543 4485
70 98 6964
39 208 25195
65 258 23925
42 124 7667
131 392 22176
4 73 21345
153 420 7741
57 87 18769
26 303 27685
192 520 8083
11 541 21639
144 288 13272
155 549 13380
86 93 6180
133 164 6536
497 526 15162
67 250 25269
19 191 17024
68 514 16882
330 515 21008
56 223 24066
522 556 27368
42 73 31022
160 272 28802
478 653 28004
15 449 7736
52 121 30939
386 592 2615
531 539 22749
1 310 5882
31 38 6278
86 518 13694
56 372 22422
440 588 27055
181 287 12714
42 109 28606
147 226 26745
147 494 31836
53 59 5097
45 570 11035
174 320 28946
49 292 5459
95 545 1420
186 232 4457
52 271 16034
240 264 3396
77 260 3128
28 136 10325
106 598 17797
49 67 28803
171 213 31218
89 357 17104
205 261 15045
170 474 7066
148 308 31317
73 627 27583
138 281 25598
37 121 7954
68 82 7186
34 134 13793
154 272 14708
101 445 30333
79 132 4775
75 91 7423
51 409 13938
270 489 24262
20 593 11363
21 64 25690
486 586 29668
86 105 22461
215 596 14489
448 574 7761
510 548 26935
146 281 7389
322 433 23075
1 639 18770
318 591 28528
64 135 8543
539 557 538
181 287 11778
93 467 25227
131 515 23428
30 434 3795
26 401 27311
494 657 32022
199 234 27423
15 25 19228
336 666 22517
438 538 18957
64 149 26464
423 519 18871
26 31 12975
51 52 18678
88 183 24551
117 161 22806
11 131 14112
350 416 8256
30 287 23816
27 57 2904
392 538 6497
323 412 31192
23 257 27483
343 647 3716
30 47 1805
30 245 26125
11 352 32391
32 88 20740
127 453 7723
138 441 24742
60 90 14159
274 603 11876
260 312 1371
43 156 21568
121 414 22749
200 470 8267
48 305 4420
67 527 14316
256 560 31053
13 573 12217
277 644 9021
353 384 8968
490 523 14716
187 443 8834
41 289 11577
18 51 29533
3 4 4114
3 4 8458
140 555 1783
99 448 24953
121 161 29645
106 284 20546
18 73 107
4 5 8014
221 268 28943
186 496 7138
169 223 23910
220 648 23820
100 511 30378
171 334 11495
91 186 9869
50 444 20539
9 38 26090
230 609 18511
167 495 31608
251 264 6427
215 240 12771
302 555 4627
23 64 21032
520 572 8767
146 477 6653
66 383 28773
265 427 20397
538 643 22120
61 373 19388
406 591 2859
321 471 9752
262 453 18590
76 367 30676
155 426 9147
115 562 9118
207 637 10901
637 662 9836
240 246 16599
232 343 24334
13 16 11582
81 100 22193
43 524 27371
6 273 11637
75 269 10155
427 575 13726
17 25 29828
14 18 19726
174 576 8231
30 650 30729
87 551 2836
146 510 29039
303 451 5013
73 169 9201
72 406 3044
383 572 7409
51 501 5897
35 102 21767
113 562 22873
115 166 29536
63 313 12196
130 536 18554
340 508 11370
203 369 29155
133 345 31924
225 473 15366
373 391 7777
481 525 14381
239 513 4107
3 20 27710
581 635 26321
142 566 20196
280 445 4255
43 247 15897
646 660 2519
28 544 5969
77 489 866
27 56 24506
183 522 29332
343 579 20553
163 265 22115
97 667 27780
249 395 13801
361 538 23642
99 121 2598
195 291 24670
41 462 31092
188 379 13625
347 379 5439
140 198 26178
280 416 15051
