559
1000000 999999 999998 999997 999996 999995 999994 999993 999992 999991 999990 999989 999988 999987 999986 999985 999984 999983 999982 999981 999980 999979 999978 999977 999976 999975 999974 999973 999972 999971 999970 999969 999968 999967 999966 999965 999964 999963 999962 999961 999960 999959 999958 999957 999956 999955 999954 999953 999952 999951 999950 999949 999948 999947 999946 999945 999944 999943 999942 999941 999940 999939 999938 999937 999936 999935 999934 999933 999932 999931 999930 999929 999928 999927 999926 999925 999924 999923 999922 999921 999920 999919 999918 999917 999916 999915 999914 999913 999912 999911 999910 999909 999908 999907 999906 999905 999904 999903 999902 999901 999900 999899 999898 999897 999896 999895 999894 999893 999892 999891 999890 999889 999888 999887 999886 999885 999884 999883 999882 999881 999880 999879 999878 999877 999876 999875 999874 999873 999872 999871 999870 999869 999868 999867 999866 999865 999864 999863 999862 999861 999860 999859 999858 999857 999856 999855 999854 999853 999852 999851 999850 999849 999848 999847 999846 999845 999844 999843 999842 999841 999840 999839 999838 999837 999836 999835 999834 999833 999832 999831 999830 999829 999828 999827 999826 999825 999824 999823 999822 999821 999820 999819 999818 999817 999816 999815 999814 999813 999812 999811 999810 999809 999808 999807 999806 999805 999804 999803 999802 999801 999800 999799 999798 999797 999796 999795 999794 999793 999792 999791 999790 999789 999788 999787 999786 999785 999784 999783 999782 999781 999780 999779 999778 999777 999776 999775 999774 999773 999772 999771 999770 999769 999768 999767 999766 999765 999764 999763 999762 999761 999760 999759 999758 999757 999756 999755 999754 999753 999752 999751 999750 999749 999748 999747 999746 999745 999744 999743 999742 999741 999740 999739 999738 999737 999736 999735 999734 999733 999732 999731 999730 999729 999728 999727 999726 999725 999724 999723 999722 999721 999720 999719 999718 999717 999716 999715 999714 999713 999712 999711 999710 999709 999708 999707 999706 999705 999704 999703 999702 999701 999700 999699 999698 999697 999696 999695 999694 999693 999692 999691 999690 999689 999688 999687 999686 999685 999684 999683 999682 999681 999680 999679 999678 999677 999676 999675 999674 999673 999672 999671 999670 999669 999668 999667 999666 999665 999664 999663 999662 999661 999660 999659 999658 999657 999656 999655 999654 999653 999652 999651 999650 999649 999648 999647 999646 999645 999644 999643 999642 999641 999640 999639 999638 999637 999636 999635 999634 999633 999632 999631 999630 999629 999628 999627 999626 999625 999624 999623 999622 999621 999620 999619 999618 999617 999616 999615 999614 999613 999612 999611 999610 999609 999608 999607 999606 999605 999604 999603 999602 999601 999600 999599 999598 999597 999596 999595 999594 999593 999592 999591 999590 999589 999588 999587 999586 999585 999584 999583 999582 999581 999580 999579 999578 999577 999576 999575 999574 999573 999572 999571 999570 999569 999568 999567 999566 999565 999564 999563 999562 999561 999560 999559 999558 999557 999556 999555 999554 999553 999552 999551 999550 999549 999548 999547 999546 999545 999544 999543 999542 999541 999540 999539 999538 999537 999536 999535 999534 999533 999532 999531 999530 999529 999528 999527 999526 999525 999524 999523 999522 999521 999520 999519 999518 999517 999516 999515 999514 999513 999512 999511 999510 999509 999508 999507 999506 999505 999504 999503 999502 999501 999500 999499 999498 999497 999496 999495 999494 999493 999492 999491 999490 999489 999488 999487 999486 999485 999484 999483 999482 999481 999480 999479 999478 999477 999476 999475 999474 999473 999472 999471 999470 999469 999468 999467 999466 999465 999464 999463 999462 999461 999460 999459 999458 999457 999456 999455 999454 999453 999452 999451 999450 999449 999448 999447 999446 999445 999444 999443 999442 
3994
1 2 28296
2 3 28928
3 4 15484
4 5 12943
5 6 4909
6 7 895
7 8 11255
8 9 30324
9 10 31422
10 11 29773
11 12 8007
12 13 5783
13 14 19037
14 15 6809
15 16 32047
16 17 22975
17 18 31880
18 19 23155
19 20 24268
20 21 25764
21 22 4835
22 23 8067
23 24 28536
24 25 10825
25 26 5432
26 27 28667
27 28 1007
28 29 13963
29 30 444
30 31 11210
31 32 11441
32 33 1786
33 34 4756
34 35 19475
35 36 18343
36 37 26089
37 38 31895
38 39 14045
39 40 21768
40 41 31681
41 42 2902
42 43 31500
43 44 4990
44 45 2715
45 46 15961
46 47 2192
47 48 10117
48 49 2061
49 50 19372
50 51 14556
51 52 21012
52 53 2371
53 54 11163
54 55 15257
55 56 31360
56 57 13650
57 58 4537
58 59 15260
59 60 3997
60 61 12746
61 62 30503
62 63 20502
63 64 1062
64 65 15754
65 66 6674
66 67 3595
67 68 27231
68 69 28121
69 70 5758
70 71 19974
71 72 29432
72 73 16818
73 74 31810
74 75 31242
75 76 21301
76 77 32606
77 78 1620
78 79 30667
79 80 22092
80 81 4169
81 82 22343
82 83 798
83 84 7695
84 85 20238
85 86 24338
86 87 3247
87 88 22218
88 89 31700
89 90 19987
90 91 28914
91 92 25199
92 93 19165
93 94 14676
94 95 7004
95 96 16112
96 97 16732
97 98 21516
98 99 27090
99 100 11245
100 101 21639
101 102 25193
102 103 25698
103 104 21391
104 105 32494
105 106 18828
106 107 7473
107 108 31412
108 109 16395
109 110 24790
110 111 19636
111 112 31820
112 113 14874
113 114 26722
114 115 32291
115 116 5122
116 117 25131
117 118 18642
118 119 24619
119 120 15392
120 121 30325
121 122 79
122 123 3556
123 124 8876
124 125 12013
125 126 24779
126 127 25602
127 128 31191
128 129 23575
129 130 905
130 131 13903
131 132 10137
132 133 26652
133 134 5600
134 135 31065
135 136 6293
136 137 28190
137 138 25404
138 139 13415
139 140 14914
140 141 23496
141 142 16485
142 143 20402
143 144 24652
144 145 20777
145 146 15364
146 147 4818
147 148 6456
148 149 12994
149 150 14435
150 151 26487
151 152 13896
152 153 8669
153 154 21108
154 155 13401
155 156 2718
156 157 20257
157 158 14869
158 159 25714
159 160 9635
160 161 23396
161 162 24466
162 163 28266
163 164 3242
164 165 15040
165 166 6763
166 167 28755
167 168 14289
168 169 19945
169 170 11608
170 171 13206
171 172 22056
172 173 9661
173 174 19339
174 175 11565
175 176 7446
176 177 9501
177 178 821
178 179 19987
179 180 9976
180 181 29948
181 182 12619
182 183 14329
183 184 9482
184 185 32437
185 186 25226
186 187 10811
187 188 26763
188 189 24738
189 190 17849
190 191 15122
191 192 1820
192 193 4330
193 194 4910
194 195 12555
195 196 7786
196 197 8858
197 198 3475
198 199 4280
199 200 31500
200 201 24824
201 202 32746
202 203 12965
203 204 9903
204 205 13588
205 206 23759
206 207 30093
207 208 8560
208 209 2463
209 210 25341
210 211 24782
211 212 19081
212 213 8448
213 214 27412
214 215 19227
215 216 15408
216 217 4517
217 218 17050
218 219 22897
219 220 7868
220 221 23703
221 222 14399
222 223 27212
223 224 14090
224 225 21074
225 226 15717
226 227 16666
227 228 13343
228 229 14803
229 230 16607
230 231 1520
231 232 14
232 233 28146
233 234 9977
234 235 28028
235 236 6172
236 237 25842
237 238 697
238 239 7483
239 240 12323
240 241 22103
241 242 29797
242 243 8171
243 244 9524
244 245 29431
245 246 20805
246 247 32324
247 248 896
248 249 25428
249 250 30890
250 251 20451
251 252 9081
252 253 41
253 254 31280
254 255 22663
255 256 8756
256 257 31043
257 258 28991
258 259 1407
259 260 14610
260 261 24210
261 262 14808
262 263 24419
263 264 14495
264 265 16256
265 266 25230
266 267 17411
267 268 10938
268 269 21633
269 270 32722
270 271 31901
271 272 24567
272 273 26348
273 274 17524
274 275 1107
275 276 27713
276 277 27401
277 278 871
278 279 4827
279 280 22212
280 281 107
281 282 32453
282 283 16249
283 284 266
284 285 19584
285 286 10258
286 287 20522
287 288 2403
288 289 25446
289 290 13765
290 291 2338
291 292 11403
292 293 13056
293 294 12804
294 295 4217
295 296 27271
296 297 9290
297 298 26288
298 299 14882
299 300 29392
300 301 26345
301 302 19105
302 303 20508
303 304 7091
304 305 6919
305 306 21555
306 307 10988
307 308 26872
308 309 19805
309 310 21761
310 311 11850
311 312 26050
312 313 31121
313 314 17136
314 315 32283
315 316 21942
316 317 1731
317 318 4720
318 319 32671
319 320 351
320 321 29283
321 322 1534
322 323 31468
323 324 8657
324 325 7493
325 326 5869
326 327 28827
327 328 12173
328 329 28407
329 330 23399
330 331 30657
331 332 6309
332 333 17234
333 334 3503
334 335 14369
335 336 8737
336 337 22095
337 338 6312
338 339 21663
339 340 30880
340 341 8732
341 342 19867
342 343 23032
343 344 13379
344 345 25455
345 346 10037
346 347 1457
347 348 21446
348 349 14363
349 350 15823
350 351 31053
351 352 29424
352 353 3041
353 354 20723
354 355 11715
355 356 16430
356 357 18312
357 358 2587
358 359 15151
359 360 30075
360 361 30255
361 362 23739
362 363 18632
363 364 22658
364 365 21731
365 366 10114
366 367 14610
367 368 1543
368 369 109
369 370 31453
370 371 26197
371 372 3203
372 373 13677
373 374 10430
374 375 845
375 376 6670
376 377 22189
377 378 411
378 379 29731
379 380 16770
380 381 11695
381 382 25273
382 383 13212
383 384 6878
384 385 6536
385 386 31146
386 387 6289
387 388 17128
388 389 8177
389 390 24853
390 391 3999
391 392 32279
392 393 5276
393 394 31413
394 395 7455
395 396 687
396 397 19140
397 398 10916
398 399 15192
399 400 11822
400 401 1288
401 402 22490
402 403 26868
403 404 10727
404 405 6009
405 406 22000
406 407 31665
407 408 17133
408 409 28658
409 410 7210
410 411 2905
411 412 31026
412 413 30888
413 414 28085
414 415 2292
415 416 2544
416 417 2305
417 418 22317
418 419 22076
419 420 31048
420 421 22698
421 422 9571
422 423 29009
423 424 24362
424 425 10468
425 426 14684
426 427 2222
427 428 31604
428 429 6174
429 430 23965
430 431 2908
431 432 21854
432 433 21449
433 434 165
434 435 2405
435 436 27157
436 437 7272
437 438 30908
438 439 30860
439 440 11942
440 441 20454
441 442 13547
442 443 12603
443 444 26910
444 445 28205
445 446 32588
446 447 14269
447 448 9455
448 449 19444
449 450 13444
450 451 9645
451 452 18070
452 453 26584
453 454 5261
454 455 18351
455 456 635
456 457 5551
457 458 4281
458 459 17246
459 460 15129
460 461 29721
461 462 15091
462 463 22917
463 464 2654
464 465 24663
465 466 14920
466 467 6289
467 468 31317
468 469 23649
469 470 26791
470 471 4934
471 472 12546
472 473 6962
473 474 32229
474 475 28594
475 476 5006
476 477 10087
477 478 27652
478 479 25183
479 480 9380
480 481 22536
481 482 20661
482 483 27085
483 484 8730
484 485 1958
485 486 8219
486 487 24095
487 488 9684
488 489 16806
489 490 27858
490 491 10517
491 492 19941
492 493 23004
493 494 28976
494 495 14906
495 496 12280
496 497 8796
497 498 15819
498 499 2911
499 500 7151
500 501 13196
501 502 12603
502 503 18759
503 504 29129
504 505 31358
505 506 7457
506 507 29860
507 508 3785
508 509 381
509 510 15464
510 511 3906
511 512 5588
512 513 9958
513 514 24266
514 515 10627
515 516 5916
516 517 13882
517 518 28054
518 519 25611
519 520 23291
520 521 6000
521 522 11697
522 523 14780
523 524 21537
524 525 2192
525 526 25307
526 527 9701
527 528 31986
528 529 5501
529 530 14388
530 531 31414
531 532 9258
532 533 16914
533 534 4607
534 535 31736
535 536 27843
536 537 6769
537 538 11429
538 539 4603
539 540 1304
540 541 7576
541 542 11517
542 543 10447
543 544 22858
544 545 13878
545 546 1482
546 547 4022
547 548 17635
548 549 13756
549 550 22150
550 551 27866
551 552 1977
552 553 1462
553 554 10078
554 555 6460
555 556 534
556 557 860
557 558 9853
558 559 30957
31 186 9088
10 19 32379
286 407 11188
462 465 13507
151 250 32108
48 239 24766
14 132 3157
501 513 26070
165 182 3963
168 391 1693
40 54 4537
22 296 8614
53 114 20741
128 401 18603
1 6 29820
35 157 32292
6 25 12088
5 77 25825
159 213 31317
40 528 2629
22 216 15028
14 16 32557
187 286 30548
16 117 31921
52 233 19302
30 248 10555
182 288 2909
15 139 1964
286 515 13993
239 537 32131
38 63 22500
43 94 32323
7 31 29594
230 372 6546
171 181 10730
6 21 14011
51 248 18874
4 9 925
38 106 21559
12 52 22070
27 128 26058
176 188 18242
155 175 13785
88 102 29094
182 186 28899
69 70 21920
75 236 10460
13 17 12279
28 34 1492
58 351 29850
156 520 21834
313 411 22903
191 256 8384
21 37 18792
232 248 9317
169 472 136
13 98 25847
79 325 19038
300 335 20515
110 134 12169
299 350 21779
23 227 9215
182 204 19178
31 301 18433
6 18 22870
58 271 23876
7 17 31628
40 79 32525
53 101 12354
242 333 18217
296 372 2437
172 355 8971
258 509 9594
175 533 889
525 559 13682
57 344 5767
196 278 10968
19 20 11994
191 260 31189
456 505 11365
175 243 12238
333 557 31259
449 472 28679
451 470 20815
518 559 21249
175 381 16060
134 322 13693
200 398 11873
120 405 18979
202 492 23230
171 389 19775
246 424 12563
10 37 7185
112 199 24492
270 506 14756
280 289 9318
240 281 2349
13 486 24809
8 117 19026
270 274 18257
203 396 15868
268 356 27963
43 299 23157
117 143 3181
200 515 11266
349 378 32664
186 233 31550
18 247 28384
381 557 9437
69 132 29487
344 410 18079
93 193 2182
130 408 5023
49 393 18106
168 369 22084
49 406 21862
44 87 28785
80 167 15106
62 151 6868
132 474 20563
293 325 19045
98 101 6322
227 275 3944
240 348 21729
130 301 922
161 352 10592
54 196 1356
99 132 29322
272 295 7062
156 356 12248
252 470 1012
402 472 7456
15 201 9183
136 438 27563
21 206 31041
124 182 26229
19 161 15067
82 91 29688
57 281 13812
131 473 11593
138 289 10473
322 537 30073
14 137 29298
282 312 28019
15 491 31679
228 416 8144
233 544 22457
204 246 7507
45 403 15366
35 438 19986
72 117 18594
66 288 17526
1 2 6451
138 537 13972
17 162 26456
351 434 14219
104 314 10151
20 31 11764
5 13 4888
81 84 9605
208 258 3338
77 134 18795
9 84 23082
11 455 25105
243 323 14052
14 326 27729
27 192 7199
143 302 6458
101 284 30588
235 341 3313
70 150 22604
346 394 22618
345 419 9461
7 41 15502
1 42 25734
59 137 6211
467 469 5797
392 423 16052
169 354 2078
482 494 13486
236 287 7352
79 200 15300
131 341 14111
136 162 31971
113 251 19973
158 231 23226
289 297 27078
144 264 18857
51 60 18480
106 197 20032
136 377 19522
152 271 17520
325 327 15872
55 220 8440
219 488 17068
12 332 19388
100 207 28674
188 421 19717
20 37 32073
174 301 8404
193 558 27486
302 325 27354
6 135 6398
248 420 19116
25 27 11000
237 492 839
313 461 2067
12 29 23055
221 426 30410
200 455 20672
148 151 16172
116 458 31503
202 406 7552
277 444 31727
229 262 25219
13 81 32689
56 73 25684
247 359 8061
98 310 28522
42 205 20436
195 297 18732
218 236 7964
13 61 7681
202 478 27234
96 518 29425
169 507 7640
135 150 30515
85 284 25530
318 319 27697
5 11 8094
88 164 23286
44 98 3420
298 367 1016
299 504 8717
176 413 29378
1 166 13014
28 29 28907
157 239 14459
75 86 19537
222 374 6125
118 559 4773
202 504 30538
4 19 6297
84 232 9231
179 220 27989
42 121 14957
226 269 19207
181 209 26360
19 347 15256
71 416 4917
251 368 5372
273 546 25251
310 325 12947
53 499 26976
196 216 31116
59 268 18035
226 246 21589
206 473 7011
49 57 30069
161 165 1954
19 75 27755
112 407 10742
3 64 30557
258 352 745
54 68 4803
347 520 15072
140 181 9296
11 33 4976
8 129 20677
134 209 32516
41 82 9337
172 409 19191
165 213 17583
271 404 18348
97 177 29726
61 79 14149
50 60 24369
417 513 22292
261 281 29921
483 523 24785
45 446 5960
90 348 14393
270 370 15156
172 380 28335
176 410 12383
384 412 10723
197 345 21533
30 133 7100
211 457 28323
192 209 26864
76 120 32555
81 149 26892
145 470 21926
32 72 26083
59 82 6328
10 15 14739
168 378 19767
46 69 12716
135 193 12384
123 190 17171
112 251 18559
243 313 11704
347 429 1985
118 516 69
28 110 19295
104 191 19259
332 477 30068
11 242 4170
216 316 27145
290 519 26045
112 302 26698
116 221 12115
4 106 7901
1 2 1251
76 251 1739
54 141 13454
104 226 4742
521 524 4478
81 97 9963
54 283 16724
262 383 12883
325 504 18905
92 228 6670
379 488 3473
1 21 12506
71 108 318
243 285 2366
60 239 32115
4 511 19659
94 261 30409
219 220 23978
302 321 27733
4 70 31249
68 154 20336
364 384 29026
29 79 22765
57 374 18734
39 45 32594
29 346 1105
108 422 24245
3 19 10455
348 500 11840
70 113 12667
123 235 10390
81 190 24014
189 481 25481
236 486 24695
27 31 18651
155 163 19712
151 206 1289
27 110 28462
286 550 8787
13 74 29663
47 124 30068
78 464 4052
236 484 20168
55 100 11008
12 41 24030
162 170 5927
266 432 11936
244 442 3831
246 426 28302
108 226 14055
296 337 3537
141 536 11122
77 146 8964
204 504 24725
155 281 2569
11 23 17556
341 354 21832
265 463 19567
429 544 9758
226 493 23187
222 262 11380
94 141 24746
67 160 14003
73 556 17300
29 57 12932
35 66 29937
62 328 5163
256 366 30662
17 48 7516
420 453 11806
345 426 15826
1 2 27581
20 56 5914
63 178 28215
4 131 23113
125 310 5392
39 54 4509
126 438 5291
279 469 16690
46 161 30004
169 198 29013
134 156 2765
45 168 31260
67 179 18075
137 243 6988
23 64 22672
442 502 23729
300 517 10248
200 534 12916
162 427 15748
49 55 15901
117 335 25140
33 209 4147
191 243 2577
110 116 22465
82 152 9127
386 435 17452
33 196 13553
263 360 21272
37 77 20175
18 23 10063
120 166 26867
83 544 9960
176 284 13925
496 530 20002
26 27 1774
97 403 12717
7 9 25601
169 426 26193
39 46 22530
2 3 15681
17 18 17658
177 374 19316
194 396 27669
164 276 22480
224 476 22915
13 36 24351
255 351 24717
208 244 11771
2 287 16899
295 453 28719
108 531 2890
25 242 21067
129 375 18099
4 498 15699
125 151 17894
239 499 7640
5 76 13694
144 485 24280
276 289 21808
126 149 5689
10 124 12820
115 261 9145
91 146 10469
25 141 1197
156 243 21584
6 95 11750
344 400 28592
57 420 10890
36 291 12491
2 420 22995
215 271 15204
451 482 16102
267 377 10176
163 225 15684
8 99 12664
11 26 8580
5 333 5667
152 386 18775
77 100 962
87 150 28417
6 49 17660
24 129 23505
191 546 11640
510 542 25151
166 547 13064
108 208 19373
118 301 12387
65 152 12048
163 362 5265
19 340 15586
124 203 20068
175 287 16934
374 527 9613
179 375 18291
47 163 31532
36 249 4666
110 123 10741
265 542 15805
482 548 567
152 342 28283
397 484 14440
247 510 7675
366 493 7433
450 532 30264
24 38 11007
24 186 31517
68 74 30124
155 434 9681
64 81 21106
19 21 26826
341 366 20841
26 122 9434
424 532 18283
49 493 14002
8 225 24517
85 160 16785
120 131 30250
216 500 1817
244 345 27071
143 332 17794
67 96 16474
16 431 3232
170 483 23879
324 480 3960
128 256 20785
106 382 31574
106 168 28928
173 502 7846
224 275 32717
59 212 30974
199 474 23610
64 91 31509
22 228 23501
266 311 6305
37 81 24362
7 75 10064
7 143 16431
241 281 11607
24 51 5995
98 300 1870
107 211 2153
463 500 81
200 307 23737
56 84 26783
229 500 17354
73 238 13866
6 70 8683
18 452 6106
65 147 785
84 148 28527
214 273 5681
28 436 12101
118 398 7246
8 124 28779
63 447 656
26 48 2758
30 109 249
144 552 23607
39 104 8090
392 405 3337
293 353 592
110 129 20226
76 159 24433
99 378 8690
456 495 8181
17 88 25501
210 416 26621
28 117 10821
258 424 15559
9 180 28745
88 354 14700
225 326 15507
4 61 22015
329 342 1732
264 436 15594
26 85 26471
234 344 6287
92 337 912
117 408 14241
56 366 24753
216 499 28855
141 202 14470
39 66 24051
22 133 20081
174 420 28648
33 202 32411
137 257 758
211 518 5288
122 142 9436
197 234 15089
171 344 8240
5 146 21627
145 275 16885
343 505 8993
123 336 12692
143 312 2217
129 337 11734
9 55 19654
16 19 8635
238 419 27439
10 12 23103
77 104 21580
63 426 16998
55 171 4152
109 246 32046
23 89 9978
293 391 3380
29 295 25162
216 316 2098
255 390 15422
110 240 10399
487 539 27566
293 349 31249
9 38 18999
311 444 27964
144 240 6431
85 291 26269
15 226 16776
39 112 26419
4 85 25014
260 412 20691
29 47 7259
416 445 4092
291 339 21
10 165 13109
414 483 19634
341 446 15451
96 137 10450
226 234 21096
86 117 22005
8 443 31389
278 558 27174
140 281 13840
14 72 23993
44 51 23827
319 532 8406
16 18 25579
55 382 16333
45 148 27855
260 505 11872
2 67 14636
253 451 29066
391 469 16541
25 319 23657
103 130 32282
235 244 16475
203 442 29764
401 422 6502
89 93 4072
35 58 14217
32 39 31742
105 118 31369
215 231 15573
402 555 14668
19 145 4148
66 145 12014
423 469 11911
184 316 5903
270 278 11646
47 225 20486
5 17 32420
261 278 13570
126 535 25817
361 444 15171
71 332 20914
84 97 1254
79 266 30762
194 351 24836
15 366 5168
395 438 25619
14 322 32499
133 323 13506
11 67 13813
296 317 10445
169 268 3923
200 336 10875
481 492 32711
5 240 27336
16 394 10051
145 216 27999
33 176 24383
10 15 21240
134 256 21007
63 77 15289
110 184 17627
19 285 32413
45 229 17938
313 482 5151
6 320 28772
2 55 16782
393 408 30389
190 255 8156
103 442 18306
115 237 21445
16 192 22185
279 359 1693
310 492 4764
267 490 13867
6 8 18019
3 10 5978
4 106 15349
227 535 23205
84 504 27352
124 341 29319
68 91 27908
275 391 23390
62 154 26745
409 489 8571
4 11 9747
362 408 19798
45 164 15985
41 245 18208
8 34 11290
173 308 31275
137 152 15902
35 54 21980
67 209 26845
120 458 3366
97 204 23244
106 253 30398
3 228 6467
114 302 32648
39 83 19896
314 441 3564
152 195 26105
1 39 20502
27 512 19012
427 456 2124
5 387 16967
47 93 20962
26 82 15990
20 427 24177
444 448 11569
63 241 7771
1 366 23478
53 160 30920
248 273 12498
17 511 30359
67 434 25544
252 442 24834
194 269 15348
104 206 8159
106 409 30214
142 195 27843
167 391 12786
129 333 1915
34 213 22755
8 60 19852
241 457 19666
147 354 14783
58 65 31644
11 160 12774
230 412 11677
10 190 30805
87 360 11327
16 51 25551
269 348 14082
166 290 31692
129 292 15841
40 51 4201
88 161 3627
351 434 11361
81 155 6939
1 457 9440
19 24 24029
162 435 24077
132 226 197
287 522 27803
165 204 14294
368 470 23502
64 123 23798
300 491 23719
50 370 12386
131 522 20025
33 50 3643
227 278 14432
13 403 4159
26 95 18752
1 2 32534
7 183 31584
176 526 14515
69 121 3391
24 299 22969
42 119 13484
218 489 5610
179 362 18253
19 196 20483
237 254 16156
63 269 15252
323 424 23745
306 552 13242
345 406 779
111 123 1983
59 90 3585
62 338 23306
75 551 11583
154 168 26609
24 476 31890
320 335 3389
224 309 1818
113 140 7305
199 455 24668
240 508 29628
16 139 23554
18 288 5718
272 300 30781
116 321 19270
150 270 6157
44 52 19064
54 146 465
138 177 20847
236 273 3056
368 385 6263
21 102 17536
81 361 10842
257 267 554
4 87 7841
181 300 31688
185 262 15034
12 314 4459
171 288 6312
30 224 11467
349 514 12806
110 118 22602
308 480 9339
81 380 13082
31 66 16635
229 271 3623
390 540 2404
149 477 4291
53 67 14423
31 102 5469
505 547 23906
203 551 19865
246 527 3027
32 81 31403
55 213 9416
13 62 29123
390 466 30048
483 530 3556
280 293 18454
87 285 26504
213 471 13478
32 411 32725
275 312 31767
43 82 20568
494 506 9913
30 54 12663
153 468 30779
12 36 6429
107 399 12829
166 277 8277
33 301 5941
152 186 22979
45 501 17149
24 41 7231
34 494 15832
195 230 19460
110 430 21414
168 465 12847
100 212 9262
171 551 25977
118 247 15689
184 202 30842
229 285 23770
145 486 24797
83 213 19697
254 277 10299
56 89 13999
200 528 17059
209 316 22722
196 425 12284
169 210 21648
295 297 9403
31 41 20851
348 442 11174
106 188 6026
111 446 21920
21 207 3085
69 72 28075
101 210 14127
355 461 5797
5 180 16357
22 362 1393
115 455 9268
198 440 1408
58 216 29911
65 131 28416
8 400 4430
21 445 32023
36 76 24003
31 285 22511
4 85 15944
379 448 31114
36 268 23373
154 473 9611
116 194 24937
56 388 19328
23 351 8912
7 549 10313
99 327 19204
57 281 9909
148 557 17826
127 156 10350
15 16 8031
30 426 22467
82 312 5262
20 38 14332
234 417 17097
158 212 11568
30 449 7054
48 168 30174
229 545 21494
5 32 24504
56 427 12744
14 207 11863
53 556 20637
221 410 1500
492 559 22988
105 119 1192
161 486 16468
427 454 24234
56 111 28171
16 169 4608
32 257 426
127 324 32718
119 165 21913
190 497 9640
212 470 5510
173 336 13017
20 434 15654
126 139 4718
38 127 1214
415 544 3536
138 228 4154
22 42 13649
86 441 15355
314 559 4856
77 459 11952
550 557 8557
67 138 31179
135 270 25568
3 12 6772
77 218 7465
7 22 11015
79 394 21422
81 479 6528
4 23 23712
16 68 20839
6 19 25773
108 132 2068
15 110 9548
113 246 20579
99 141 32023
242 470 22324
428 474 18168
21 80 15435
15 30 24351
427 465 29543
35 132 5607
285 403 1961
39 249 12353
178 303 4013
51 287 21056
175 275 10966
63 95 7118
202 284 4288
153 280 10429
195 494 8667
5 18 23730
117 252 5263
40 395 14483
350 377 23689
24 86 14983
88 205 20983
39 62 19108
305 494 31963
1 45 17887
56 214 19652
154 252 9698
18 133 32651
1 2 24524
178 414 6631
374 388 11526
340 496 10994
14 248 22708
54 200 12280
29 517 12658
88 180 24612
224 321 12883
41 105 32749
57 70 10082
35 102 10827
7 248 20752
136 181 21020
316 324 10073
37 95 10308
320 355 10373
417 494 9070
92 223 26826
19 65 11383
64 254 12104
82 152 32485
292 500 8710
102 148 12027
94 339 9726
2 134 3920
115 127 31077
401 483 28138
4 19 32162
481 511 25932
112 136 29624
16 281 22528
40 73 26897
147 487 11645
179 339 3053
267 546 7546
212 298 26074
50 62 21261
251 400 24579
85 129 813
64 127 18499
256 342 19045
208 316 7984
13 95 21476
434 447 5790
243 485 42
76 119 9553
340 439 3071
336 451 16334
62 465 10363
54 462 28561
147 213 6985
89 130 30995
217 255 27240
137 223 22108
77 389 22808
115 133 20253
48 109 9141
11 94 14470
4 138 1707
112 128 13904
190 458 16591
11 110 951
88 104 31679
428 452 9812
4 18 25870
9 241 17946
251 470 22898
33 112 3296
25 141 24365
155 395 13637
44 61 24413
213 555 9159
90 286 9734
76 133 22122
353 462 16108
189 357 30275
356 495 22929
47 114 13246
234 447 2303
246 325 8576
353 388 1055
53 192 19241
308 334 4550
16 22 7275
45 81 6098
198 507 8751
161 488 26329
36 94 4796
69 118 25695
233 539 11038
232 431 13206
150 174 8001
125 393 263
168 374 26489
130 218 12223
22 89 29037
7 31 26323
7 32 29603
148 202 29779
61 121 10784
73 100 14094
199 443 26575
51 230 21164
137 172 31671
22 94 27144
482 483 14887
29 123 2521
275 286 22870
67 86 25096
108 267 3642
12 383 30269
21 418 16757
165 196 7825
116 307 7595
53 91 5993
19 107 28584
24 549 3033
504 544 9751
270 546 2101
407 485 435
152 237 10887
18 174 2118
157 366 17700
11 71 23501
214 536 2987
188 240 1173
37 127 23801
97 263 22579
242 426 23810
346 387 16546
83 249 26517
309 496 3568
16 43 362
215 254 569
73 336 24339
179 280 15083
48 164 29091
164 372 19327
68 90 14118
80 193 7473
70 385 24903
72 205 17500
152 166 20145
181 462 18307
60 99 25611
302 399 7469
55 468 6055
453 552 15650
232 236 3895
192 308 22186
42 264 4389
210 298 24793
94 321 21347
42 69 6933
37 173 28621
234 377 844
84 284 2675
37 209 5283
10 13 4197
174 216 7295
71 415 30164
121 277 27951
88 455 4271
174 439 31913
309 515 10488
113 320 25372
202 391 10890
43 202 58
67 116 7183
12 352 8074
29 523 11593
98 485 4906
95 169 25350
31 36 14781
171 181 12626
410 538 3971
330 450 17604
302 489 5065
1 136 25083
39 55 17201
126 388 11939
39 100 31874
23 24 31136
31 456 10504
32 59 16429
481 508 17059
25 38 19464
134 332 8469
63 183 27415
241 242 9532
143 467 31482
201 212 13353
264 318 25474
15 64 19808
96 181 12570
40 68 11939
63 369 23664
34 344 15631
111 220 32520
451 473 7805
94 363 19588
24 76 24417
117 422 14010
42 46 154
95 179 14077
146 188 9716
2 12 24857
4 15 10573
292 420 13556
19 319 24471
243 451 10715
206 251 13356
110 155 15061
288 448 13366
89 305 23967
536 550 1814
16 36 22043
94 167 29192
107 161 22094
2 38 13442
45 49 24399
221 277 6135
13 61 29104
74 94 18697
228 388 23619
12 136 18767
315 360 28237
79 206 20534
236 322 3722
40 256 5803
280 515 19078
54 207 7308
19 294 27194
226 495 18459
305 321 499
124 193 7896
398 480 28900
14 50 5273
217 264 17662
218 285 22713
145 476 11475
88 461 29357
80 305 1727
22 33 13932
143 246 18565
200 376 28255
116 187 32026
209 428 23516
393 518 32359
71 290 12381
174 295 28439
117 453 12521
272 296 23764
213 422 8812
45 473 28032
265 321 14583
93 96 6734
7 290 23828
14 416 20929
62 146 442
128 515 30206
195 309 19078
13 52 7931
237 541 13631
145 495 24681
49 199 10960
40 153 8553
130 158 6974
9 311 26740
165 354 25924
76 85 26616
225 511 5534
77 115 10394
19 92 21285
108 466 29728
275 519 25673
438 541 12395
83 97 28564
69 120 15368
232 341 15410
20 28 9799
378 412 6329
186 300 23258
233 351 32163
206 255 7516
21 51 20020
38 91 2914
16 277 5578
2 21 23517
395 448 6341
82 137 18669
109 503 22406
5 9 3460
184 275 1850
29 301 12896
20 225 22382
5 216 7753
164 228 27801
3 420 2967
8 32 5922
3 5 14691
39 327 19342
24 147 30975
25 48 3030
15 130 10367
71 492 6935
44 46 20854
375 550 19483
145 245 3903
67 209 20589
16 366 8802
83 178 28911
345 525 16117
97 190 23092
13 149 16911
34 330 30215
94 205 7840
43 228 30950
1 5 3150
41 156 9564
296 519 25383
68 150 8316
9 34 9546
102 361 23027
27 233 5076
235 400 20318
5 8 24236
225 344 9712
98 218 5906
93 532 1677
139 159 6898
190 512 10205
51 243 17258
92 543 20238
85 126 19212
15 82 6967
229 286 12475
127 368 30873
418 495 25144
83 322 28730
102 372 17849
84 206 32130
222 383 23583
7 386 30445
42 146 15784
332 425 14311
220 233 12591
72 73 26991
9 53 8793
99 166 21530
247 343 21818
43 251 24963
107 203 30307
198 427 11345
200 266 7248
212 282 1369
204 266 2982
172 295 31115
42 56 8664
246 401 30623
13 327 16893
22 528 1477
6 95 3573
34 518 22215
3 11 10818
88 222 19293
13 261 21783
145 165 22426
78 182 18823
13 34 11717
26 29 19935
177 240 18173
63 302 30865
221 525 14188
30 96 14648
244 491 32514
115 310 7064
48 211 2281
236 338 6322
181 219 6961
143 250 11837
18 116 25961
291 491 28449
218 548 30744
121 160 24523
430 507 2138
178 297 18294
26 356 18960
124 189 15282
284 510 12376
209 274 7644
1 2 22353
280 358 6720
104 412 2903
93 98 1814
23 387 8504
274 410 21921
50 85 28690
151 542 12823
319 410 2263
2 5 32537
11 18 4274
232 319 8162
111 195 15037
141 352 4223
39 98 4802
19 47 11684
162 175 28167
218 443 22013
65 341 14418
19 114 19727
328 492 17063
138 164 3077
33 94 1642
304 548 1785
97 167 19186
276 291 28054
410 452 5297
2 6 9268
187 221 3184
21 62 11952
216 495 29277
102 344 6319
107 368 991
429 464 7957
338 402 19549
53 402 3277
29 42 30856
37 41 28993
63 310 16581
82 370 8453
349 469 10949
257 489 25002
139 319 2937
10 107 18362
51 229 10706
163 229 14908
161 470 30749
83 535 20828
20 27 23764
170 460 28175
114 463 17723
136 280 1727
27 112 2855
90 165 18794
243 344 25781
66 118 28090
114 504 28651
300 335 29180
11 41 17773
24 37 5123
35 69 9424
34 540 13145
384 485 4659
30 65 31818
316 337 28705
119 324 21426
14 33 4590
275 290 2451
185 323 16910
21 23 27864
224 341 5390
50 112 1240
73 340 27966
296 471 1395
480 499 7217
207 323 6367
108 527 26260
11 19 26238
103 165 9235
91 92 24663
17 20 6208
190 517 26886
56 93 17083
11 145 25145
399 521 5129
278 450 14371
31 68 483
103 387 6237
13 68 12505
21 58 17205
302 447 8871
239 490 23643
96 389 24457
262 490 23651
133 233 13937
301 357 22180
320 366 17134
81 109 16209
57 326 14627
4 213 19424
312 389 22307
15 245 31776
44 99 6278
176 502 25737
65 431 13336
299 550 683
134 396 21746
25 83 19144
342 517 14171
198 252 18942
43 259 10046
53 103 14991
102 534 8485
263 395 20506
138 546 22506
243 555 24566
333 420 28839
220 291 28135
80 157 13194
15 63 8154
4 45 2965
35 331 15226
84 174 18550
17 55 9907
88 202 31987
17 431 135
298 374 22959
15 124 22966
43 200 22303
184 382 27944
188 253 13075
374 389 1579
4 5 1311
318 325 5840
375 390 19140
58 203 27408
42 129 5932
3 43 30089
53 123 23508
172 287 30957
128 178 22142
64 73 23925
99 539 26166
8 30 25593
179 374 11353
154 268 12419
44 218 16353
17 77 25710
248 485 10327
333 363 17520
164 366 9029
30 148 16680
215 508 12791
97 130 14593
9 388 26354
103 168 132
334 347 12646
45 364 14974
16 94 19077
248 506 23415
36 184 15245
82 370 27761
105 270 1238
226 277 20205
103 353 3418
37 167 30879
9 12 32608
5 18 26468
25 36 25170
3 125 32327
98 225 27376
7 425 8903
238 249 29271
94 184 23962
131 153 6545
225 363 1167
10 115 8885
42 241 7033
357 417 18870
121 333 14360
134 326 13939
219 515 22901
150 215 20137
265 436 23872
224 510 2519
59 192 7683
93 299 16947
29 297 23366
84 444 9530
16 18 26879
6 21 11148
121 223 21984
4 8 13070
158 501 20579
82 150 18309
284 313 8349
29 125 9516
110 122 8519
158 322 24051
1 2 19581
265 295 5474
259 381 16668
31 252 20573
142 347 11214
27 500 11580
260 458 19236
78 246 19945
114 131 26697
370 432 8465
228 257 9781
402 495 22660
31 265 1900
116 258 2641
61 170 3758
203 260 1872
26 71 31002
143 166 11533
410 531 20664
30 201 12882
186 328 3184
47 164 29895
336 528 11969
144 301 29531
184 539 26345
300 368 13434
5 18 12342
245 249 10295
76 177 22964
207 450 30188
60 112 21631
9 114 25108
25 60 12628
14 433 25651
157 234 26176
59 280 28212
17 476 23417
158 444 7558
223 500 27341
346 366 25557
403 445 32542
369 421 30789
63 131 27117
21 79 25440
190 195 25316
220 490 1866
7 61 2515
166 169 29393
9 337 15788
186 398 26992
90 476 15193
261 413 9062
218 354 19834
87 129 12388
338 526 29310
195 284 27787
5 394 20617
268 285 27307
33 387 10018
139 179 26628
33 121 15530
66 369 7412
62 504 6655
4 179 23387
70 316 20705
114 135 13983
107 404 6635
1 7 14988
507 534 23873
95 354 19852
325 355 17740
406 535 4078
82 307 23815
205 242 11560
225 536 986
332 344 30052
257 555 16117
108 166 1205
179 187 13468
210 337 2756
39 40 30705
538 556 16601
64 368 19484
188 262 5511
42 75 15325
142 361 23658
133 201 24301
54 417 13746
15 311 30904
73 400 13432
122 160 21599
64 540 23556
42 103 28662
299 495 11162
18 27 15743
260 269 28000
57 395 2587
35 85 10364
93 176 3157
295 369 16253
171 298 16542
150 246 15272
190 204 10072
11 44 23243
175 240 14844
17 54 30868
193 498 5429
275 354 11687
266 521 29722
94 97 19948
3 183 15553
245 274 7362
307 435 6367
49 86 26913
136 267 30011
133 466 7374
74 420 22801
264 314 28977
27 31 25286
21 46 16746
5 6 26992
92 488 9400
184 260 23333
44 129 27984
35 287 32272
375 469 10039
1 28 20151
73 206 4028
1 81 24571
3 11 2467
39 193 29110
16 37 6943
176 271 30983
22 129 23088
156 264 8619
181 277 8452
88 426 29172
458 520 18271
385 552 17204
127 411 16194
235 341 16072
332 488 8773
204 529 5114
90 522 19042
123 142 13679
145 204 19485
32 222 11500
83 499 24914
2 42 2701
292 453 23313
65 226 12480
45 419 22091
64 126 20646
252 269 580
33 278 25260
319 349 6399
12 44 21873
112 137 2338
22 216 8544
52 293 3591
336 490 31097
48 545 24043
17 316 582
48 96 32651
182 505 24052
48 368 3965
75 330 2300
313 364 4914
189 243 1255
368 417 14946
31 51 14097
107 131 29003
18 123 16250
426 517 13593
9 10 28671
304 430 2364
101 233 1688
35 150 1960
211 215 28009
41 206 7979
35 87 6602
35 178 31329
36 163 16277
316 472 3819
36 206 85
240 428 18420
16 136 5676
126 396 28713
462 468 18577
177 357 16053
49 186 19760
16 40 2007
10 106 8588
76 491 23854
57 90 31293
222 328 13016
410 454 10974
121 359 13799
249 484 30211
18 316 13803
53 401 5838
179 199 9845
304 510 7683
440 521 7900
289 336 31398
6 28 11712
237 241 19080
100 285 8937
199 260 26963
120 376 28056
259 315 13545
170 173 9842
276 295 13376
51 151 9083
237 379 18940
8 22 23012
8 552 28275
2 168 9375
29 56 9437
47 50 6119
151 342 3559
122 152 10566
53 70 11744
10 300 28870
171 265 18220
198 275 29506
87 106 6611
134 137 3870
54 140 32573
42 511 7110
280 287 17784
147 221 25034
59 94 28577
38 265 5231
219 337 10562
43 77 14093
152 344 22724
28 532 10130
236 487 24910
165 239 13568
371 399 24215
3 6 967
51 118 1443
187 546 23358
142 513 27494
326 373 7861
390 424 20141
464 541 31182
133 516 13560
380 523 31519
368 385 16887
1 117 18768
99 425 16364
122 325 7726
155 345 25384
131 175 4203
21 133 32082
166 264 16385
240 331 9536
41 261 629
61 103 24200
6 10 882
109 398 6163
222 487 17252
54 252 31575
409 551 16682
72 106 3589
21 49 15604
131 183 9806
160 336 12775
144 149 13831
232 418 12569
152 326 2909
331 402 1035
132 267 26065
327 480 13735
21 44 13492
65 335 10344
16 388 4193
9 11 1343
214 221 4573
60 85 25162
179 247 9395
248 524 20860
237 429 23832
82 94 26309
41 45 20673
335 511 606
4 150 31478
233 271 5953
7 9 25789
83 97 3830
260 432 12344
1 21 9026
167 396 21132
43 79 23379
44 289 18921
164 537 7548
51 69 1414
117 195 18347
139 553 5049
268 493 20502
33 184 3693
5 6 23757
29 33 14492
26 77 23613
52 377 24490
65 117 16838
94 478 27043
78 233 28908
311 458 5582
153 301 26321
252 506 26394
60 181 9465
140 313 2119
44 553 4484
128 526 18402
101 460 16483
116 225 7777
207 249 13880
63 414 6927
59 455 218
319 393 9344
284 532 19129
11 365 16324
39 79 9615
22 304 7580
71 113 32302
139 143 3918
29 511 20030
92 258 19708
228 243 586
23 190 13695
162 218 31096
10 11 29750
5 239 20915
105 533 21325
24 30 11829
107 147 358
129 279 8114
349 376 18347
183 314 7320
65 184 10669
31 254 23836
181 351 15014
55 60 16900
364 534 11245
23 66 32383
26 90 18114
24 432 23648
6 91 14274
176 231 28560
107 220 23702
76 112 14502
38 187 13507
91 92 24532
20 519 15525
41 274 10417
86 527 26105
136 508 21645
180 315 9087
122 300 11336
262 388 9631
30 40 11239
6 14 1048
346 451 6501
145 202 13596
104 293 32099
115 516 27752
353 490 20426
127 480 23869
65 389 899
170 180 28739
292 411 17350
58 173 23222
244 310 31414
1 7 13945
368 533 27715
369 541 21211
16 70 8581
72 379 1073
194 494 24595
1 2 19610
207 507 17919
335 442 25218
105 156 11900
19 106 27068
111 215 3169
24 104 14931
274 339 16128
70 144 23644
543 548 23305
201 249 628
63 388 17521
75 259 21671
119 171 6044
132 559 23548
298 354 3893
193 500 25301
169 536 8566
162 254 14564
92 265 19157
529 535 2407
112 302 13649
109 192 26852
319 408 29388
133 456 31650
202 421 9785
158 192 10381
37 82 2701
63 149 17483
321 422 6063
387 430 3751
57 161 25813
169 357 20643
149 238 9499
148 191 29644
146 234 1587
62 142 7077
72 133 8823
203 515 12357
239 308 28372
263 291 30078
11 145 25145
416 417 19492
55 87 22419
2 6 9036
226 325 11392
169 176 32162
349 506 11840
44 71 21275
16 290 21378
59 81 4538
338 397 23855
88 271 8220
261 398 4405
9 16 6917
7 85 10755
45 234 8999
13 308 6716
282 416 727
109 273 14268
119 123 19315
222 392 4628
143 353 22683
97 111 30718
82 110 31636
232 432 19582
60 314 31595
13 89 6052
60 64 9908
32 161 2095
28 218 31219
226 516 12933
8 63 27157
235 558 3765
322 483 17543
31 78 23172
4 5 24263
202 524 26028
4 175 3458
68 264 15837
62 103 8101
29 71 32034
6 85 29665
103 295 30894
244 540 16276
61 121 1862
44 174 21535
241 331 24003
134 422 11263
135 227 25944
62 251 23378
27 190 17062
97 450 14221
28 542 21964
247 521 14470
29 461 6886
264 388 18725
107 243 20416
37 139 2136
206 218 28327
328 441 27427
159 489 14239
4 22 22230
25 384 30826
352 364 14043
374 425 22806
18 177 21398
216 330 30237
407 470 22606
27 46 21047
133 148 5141
358 402 31077
69 85 9770
142 157 23531
23 108 82
90 330 17194
312 509 2568
173 249 7069
377 490 17833
23 314 30308
368 393 13536
57 296 27171
87 139 27636
222 533 11812
24 394 23504
24 40 15344
44 54 26847
405 410 17125
254 317 30989
105 114 5751
386 484 19851
249 310 19219
27 99 19753
72 155 16098
64 131 27238
65 288 8924
127 155 7302
296 535 3571
290 403 1353
291 449 1846
320 369 25882
96 118 5433
23 105 32211
66 71 4144
106 204 2148
74 345 375
237 362 31748
7 11 5757
63 337 9646
218 470 26193
320 494 1308
411 558 20541
512 522 8324
61 456 24376
40 430 4789
25 122 12558
300 516 3956
7 96 12694
41 103 2079
159 174 22866
87 332 3846
185 464 23613
15 494 8699
148 249 8386
5 27 13566
51 54 16397
168 362 15386
169 251 2099
59 108 8144
214 388 19940
400 553 2455
114 448 7847
205 336 24163
88 168 26059
263 416 6963
207 240 9622
414 430 11274
341 350 21341
89 101 20464
34 462 125
285 325 15551
309 343 4986
65 77 3056
393 429 15272
16 201 5538
4 13 20268
10 17 20878
35 413 13883
67 98 11697
139 274 14297
2 6 6333
272 516 15239
107 193 21191
295 307 12457
67 88 161
2 17 6026
5 89 3802
141 336 28986
123 179 14187
126 190 29383
45 162 2416
137 362 3458
185 232 13433
26 32 327
446 534 8546
413 454 3843
238 349 8366
38 409 20719
69 157 15060
497 522 2869
104 161 2317
228 273 17156
93 554 32116
204 513 25392
174 257 14236
74 244 31995
128 379 32497
1 17 6297
3 26 20087
14 168 23685
114 434 5566
64 262 25550
95 327 306
137 327 15066
112 447 20488
21 55 30548
55 58 2164
331 407 2884
132 178 19189
24 60 7296
22 23 11217
35 323 8431
19 46 26142
10 200 5476
239 320 32231
2 63 10223
269 498 3917
358 397 28667
357 398 9915
79 475 7570
3 30 8826
7 11 13976
216 325 22612
42 54 21480
20 73 6659
54 380 10636
114 491 18841
270 525 19599
334 370 2859
4 17 28182
135 282 21351
60 79 30402
2 13 10966
267 328 24207
175 221 3062
39 161 7332
46 65 22145
77 140 26581
104 139 31853
253 384 3016
9 22 23943
3 84 8183
18 192 19651
30 53 17668
21 430 1682
215 276 546
205 238 472
50 194 16248
223 255 3422
330 501 31691
136 301 10707
223 287 2777
155 173 5300
202 276 14109
36 127 4797
69 415 23809
31 251 18598
22 24 20133
474 500 26462
360 421 22203
353 432 11527
74 97 22075
3 210 20055
51 67 3019
216 552 21550
101 154 25907
196 220 26496
64 68 6716
189 324 31211
329 506 3524
1 533 17283
51 70 23790
29 242 16072
174 268 28088
59 78 12729
180 197 1375
20 97 32643
301 326 17492
91 126 68
100 115 10424
206 475 1228
113 180 14730
10 118 2669
56 91 3098
156 189 1851
176 463 16988
16 128 12607
78 86 15401
41 156 17300
110 358 20115
5 362 6756
200 341 15321
342 452 6973
335 356 11169
222 256 20798
322 461 22136
369 559 31999
3 98 18642
53 103 9801
352 396 24828
36 59 4604
17 57 18618
287 484 26799
407 456 30350
147 335 27376
212 347 3034
53 353 22060
255 257 31830
2 293 10667
79 159 8339
203 337 23844
170 485 30855
95 393 25294
50 85 17488
475 520 3330
125 338 2222
340 470 13253
167 196 25070
99 547 20691
6 29 823
39 57 18692
392 496 14703
316 327 20514
79 92 4159
30 303 20613
6 8 7391
285 374 4629
23 416 17825
45 150 5249
515 546 28293
312 529 16072
283 425 4666
436 470 14957
400 409 19533
9 10 6889
39 184 1151
307 382 25143
72 331 5237
186 533 6548
210 286 14401
115 379 8641
62 219 12150
6 18 8304
30 73 30655
11 294 6302
97 183 19253
92 111 23050
6 102 23532
32 82 6155
2 288 29546
374 489 12912
16 128 30722
36 465 6960
198 228 13136
6 40 23057
26 124 23623
8 199 2967
118 415 11405
350 422 27348
147 302 31773
26 28 3564
125 180 20323
452 532 2934
28 144 17231
197 254 21238
231 305 8215
41 153 11560
76 443 26266
227 302 10454
168 505 13730
12 395 16232
19 77 15226
46 99 18558
244 404 23958
464 549 30239
18 41 9014
453 547 7027
387 408 4434
85 90 32252
152 282 21806
159 299 30150
133 359 10344
541 545 15119
102 273 5219
143 147 79
5 181 29774
186 218 28073
12 287 7239
256 432 20267
205 380 12612
12 16 22898
29 491 20677
81 231 24697
25 91 30852
28 125 19146
377 394 32147
151 225 32592
224 390 8112
144 189 5733
63 224 12471
94 99 18179
295 317 12664
201 230 28449
185 186 31831
64 100 17048
129 189 27530
441 489 11818
149 472 11206
123 339 25733
2 8 28094
84 150 26960
329 455 14282
27 203 21164
2 99 1665
178 197 29608
213 449 1586
396 440 17049
41 141 18561
474 479 9313
7 17 16535
23 121 25082
55 145 21915
65 101 32743
260 280 20082
333 516 1886
391 472 2817
183 451 7997
134 146 15966
1 216 10033
93 519 31407
16 265 29079
32 353 10926
44 112 18679
20 295 24079
6 346 13366
21 45 25906
167 299 30920
139 334 28138
19 74 15496
330 337 30277
69 212 28940
47 181 19345
198 438 28800
18 41 15130
13 127 30839
36 83 26444
355 410 2354
144 183 12103
12 33 12358
116 170 4098
200 394 31665
43 164 11665
29 38 20154
232 276 6186
83 106 9260
452 486 13306
30 74 468
4 24 15345
34 67 3911
19 37 30472
380 501 30291
419 466 13484
365 433 32183
57 173 20567
68 517 16107
28 34 9599
6 292 32288
1 3 21601
50 496 6086
147 402 19790
38 468 14642
17 222 7051
38 81 16960
11 14 10724
36 57 19457
61 489 2676
239 286 29917
56 151 30817
66 76 19621
47 60 9593
185 281 7054
89 451 16105
285 357 21778
7 112 15244
146 280 25636
43 46 19337
2 83 12345
64 102 29749
92 412 21268
63 205 21612
102 334 1375
414 445 3304
23 121 23660
137 233 9535
336 406 7612
36 147 20873
2 558 15637
4 58 1505
84 190 8279
220 399 7229
21 123 4171
94 187 17999
40 454 24608
18 257 26738
338 352 23897
262 297 7118
194 243 6222
111 451 17712
20 69 6552
45 312 15193
208 380 13050
365 514 12961
274 295 23209
38 233 23884
281 468 30204
143 350 14047
198 521 13553
165 171 5713
312 547 12805
54 544 13821
5 27 597
111 113 12683
124 186 20477
209 276 22871
39 81 3382
107 145 30721
4 55 22687
183 218 4637
8 22 23471
55 204 4428
43 118 21074
278 507 797
232 521 5901
333 361 27012
9 48 4425
200 264 24017
134 152 19343
26 110 18535
78 165 21981
98 304 32424
10 268 31838
151 248 1483
139 186 21801
61 95 21656
96 236 18383
400 502 1861
254 379 2022
188 303 24547
146 321 6103
172 321 29465
24 94 23433
67 290 21544
175 290 6862
79 83 17509
308 396 8603
171 414 10669
206 403 104
38 45 11401
347 426 22871
21 82 10731
301 558 14064
122 184 28121
103 264 12169
210 306 17243
274 428 9414
28 403 7045
5 82 20645
5 7 12415
37 213 6682
33 82 27335
42 65 26918
105 165 15922
169 288 30441
132 365 335
118 495 28713
213 550 15668
16 350 16696
381 500 27883
3 6 6217
204 252 27376
174 390 10128
60 89 12410
278 326 700
122 146 23951
21 178 11193
316 325 4626
347 424 4270
139 366 16194
409 434 29114
247 254 5743
75 245 28381
123 187 25803
110 298 28431
41 386 21919
110 118 14197
120 381 2893
92 393 30252
110 173 5355
131 234 17966
54 64 18773
82 332 23090
5 97 20999
86 294 6818
110 203 32552
2 286 9968
5 338 11133
91 236 25843
163 220 21069
231 506 10524
75 91 21078
111 491 6301
119 529 93
103 304 17106
17 102 28939
72 213 8599
146 302 5386
204 523 18509
273 455 13226
189 398 6065
280 499 20334
11 118 24803
84 201 23884
103 220 3113
72 118 17045
230 502 10310
173 361 5814
435 550 19854
15 99 32076
15 39 3065
35 259 25165
36 344 15833
66 147 17707
356 452 8463
9 526 24894
35 104 5833
22 172 12512
47 89 28203
3 319 21998
215 533 14462
35 490 11709
59 315 26036
12 30 3999
11 142 24153
342 497 15492
45 82 3159
335 506 11108
25 57 22034
117 242 29041
67 164 1986
205 272 22086
137 460 5402
70 112 904
374 496 4509
41 49 31927
1 163 18482
80 114 30496
86 439 2764
219 339 4918
90 559 14667
84 86 12208
133 337 10979
5 206 25667
223 311 10145
4 314 29912
85 292 2026
26 287 3973
35 374 28178
82 438 14003
18 276 29266
270 380 9785
118 131 5059
31 50 7514
163 530 24886
153 485 4317
1 380 8949
118 124 12219
160 183 27350
356 555 10781
147 319 25124
435 508 7580
167 259 1359
300 504 15101
80 150 19297
181 479 30954
20 106 2975
125 185 17480
35 41 24049
69 109 27206
181 425 17113
107 422 16696
96 117 9765
19 214 11473
85 370 23460
59 193 20326
34 192 6011
231 475 23862
378 467 11257
361 398 26611
119 266 5366
193 549 26616
22 39 7453
99 204 5622
403 530 17338
364 482 8958
304 318 2524
59 68 22057
187 289 1002
189 240 24155
4 87 2310
76 81 3023
330 403 11206
62 64 30818
156 380 24622
49 76 14056
210 234 24831
67 134 16618
186 467 6817
111 358 22423
99 442 11357
116 540 14301
296 303 165
258 430 10963
11 21 9108
9 36 29446
213 319 27379
9 164 11340
73 417 17762
136 482 14107
333 465 11894
120 482 2464
58 73 25580
28 197 4105
123 531 7236
219 320 29374
96 291 14682
97 116 29823
43 46 20956
222 364 29593
293 549 688
37 299 16572
74 269 21921
74 256 17169
209 336 15599
136 208 5276
13 26 15254
177 424 13086
164 222 24684
235 394 24801
162 290 20059
16 239 11837
338 342 13935
1 16 12222
96 157 30824
285 304 28191
29 62 9487
14 23 29865
112 401 27016
72 291 22416
174 455 3404
207 283 28512
75 513 13463
59 437 10148
16 41 5997
91 148 28220
103 404 24959
248 252 24104
9 16 2459
12 14 31670
16 73 12144
44 385 4423
32 214 1214
76 362 17206
288 381 862
89 250 5755
393 457 17304
398 410 14626
265 462 16064
199 466 11447
174 292 14367
452 546 21030
85 400 31366
161 284 5074
19 395 8990
82 131 21953
197 255 25178
247 263 15669
67 292 526
70 386 6160
223 257 11291
60 108 455
79 242 28465
47 236 9949
75 118 26518
101 436 2328
49 279 20464
125 291 13802
8 273 8838
23 368 19917
46 64 28023
212 282 22138
417 477 7374
20 34 27467
4 434 21389
29 233 17953
43 515 2293
49 521 8358
262 298 4536
42 82 24780
31 90 5346
154 515 13515
102 328 14993
146 179 531
44 238 14040
28 407 10220
101 105 15715
17 96 25021
89 138 31411
314 551 24108
117 165 30218
175 367 14228
92 123 19300
36 185 12171
2 488 3850
108 486 12906
64 237 29866
69 219 2323
18 139 4590
36 163 3691
12 232 22801
134 340 2883
64 548 16867
325 352 22181
330 363 6192
281 551 20923
323 541 7317
14 16 7636
230 339 8478
317 481 20521
322 323 7496
83 104 14962
174 498 27957
36 43 28787
5 17 7737
33 141 20990
87 90 24330
59 96 24101
255 500 29750
53 84 16268
220 555 427
67 110 11036
46 261 8315
33 125 8589
67 522 9243
46 49 14707
379 387 13519
438 470 6879
276 394 3338
34 510 5805
135 258 17887
108 311 4887
351 508 17113
64 222 13348
112 275 2010
168 368 525
244 443 9165
3 4 10417
498 539 29005
8 20 4776
237 269 19089
126 332 26524
71 284 63
249 393 10475
234 263 31473
26 163 6342
11 173 32144
432 526 5952
5 125 4820
179 374 32276
206 342 23182
207 463 3844
37 354 15227
112 140 4638
351 408 1240
91 367 6226
89 188 22264
11 111 19480
256 311 19575
171 529 7443
35 47 26096
41 80 13567
511 514 14394
289 313 21317
236 348 24980
416 545 14855
132 134 25681
125 422 4747
230 401 17885
24 184 26693
36 231 18221
44 390 24821
160 398 18438
185 442 32152
175 461 30870
160 504 17169
239 279 30031
61 497 31452
47 50 22285
261 302 6961
132 397 13807
10 13 9041
66 225 10083
88 334 9214
102 299 28761
8 134 5449
87 291 2714
364 427 21053
22 223 18611
193 451 26640
358 387 26107
186 295 10719
4 6 14483
23 53 31520
236 495 6520
235 509 21071
111 460 31484
21 88 25221
218 271 8259
221 547 30199
32 98 2199
219 271 7309
27 146 30638
510 514 14611
42 44 8245
92 294 31924
13 19 26693
137 549 21434
154 409 6021
421 477 30670
346 432 3369
4 5 6953
211 384 28689
120 183 15733
283 497 13743
171 414 1618
83 279 27774
14 17 19125
20 264 32056
149 555 31140
152 339 8708
81 357 25077
181 243 13650
38 56 26139
119 149 16939
62 155 5160
40 49 32272
1 116 1931
236 511 6343
201 493 18229
42 179 10406
58 68 20009
62 103 31285
192 528 26019
45 60 16456
78 485 16218
59 181 7639
232 405 9096
37 168 21827
16 280 22975
29 46 8396
204 276 1203
17 81 26204
45 225 18560
124 309 11508
337 457 4119
390 452 1127
337 403 29143
170 210 35
55 143 23674
323 541 3115
12 282 11488
278 288 20388
184 460 25183
7 130 4725
2 45 10911
371 499 17392
218 541 16176
4 100 24187
48 73 24146
184 265 2223
176 224 21935
25 67 3698
58 80 28920
169 449 11502
9 381 30622
6 164 17010
24 136 3105
57 149 20386
189 253 1197
2 293 27017
3 7 2040
219 341 21597
408 438 10915
1 2 3357
6 21 18573
223 227 7246
318 480 13008
77 159 13958
1 3 22119
25 555 32639
98 276 2225
5 22 19179
58 457 32329
63 515 585
6 198 26085
214 303 31068
73 187 1091
210 394 794
211 220 20303
43 63 5936
47 101 13820
102 275 23658
84 109 20364
103 209 1697
335 353 26686
8 203 14074
58 240 6807
155 202 933
57 63 11202
215 533 2127
60 194 1721
186 306 29454
120 387 17724
513 551 31086
82 263 1719
190 348 4068
35 178 13481
124 533 12761
249 378 4406
1 92 4866
99 227 22488
87 191 17097
47 52 8561
196 411 12527
144 556 29750
105 231 11948
31 41 15647
221 268 2558
499 506 13278
23 27 18657
354 459 11165
36 117 26792
100 372 25056
12 15 27058
234 279 19043
344 534 27176
47 101 29137
44 379 12946
382 486 10917
130 182 27992
296 451 7827
364 538 24215
26 257 25671
19 274 25547
1 98 11365
53 325 23353
387 442 18950
1 115 24874
61 105 6700
120 338 9548
58 193 27363
14 137 1235
124 260 19971
2 3 9787
201 344 3283
309 424 6575
38 356 2305
432 457 3462
101 228 3237
194 250 2131
2 9 11850
205 428 25213
233 258 20275
224 304 30554
103 497 10584
137 516 19006
233 537 12236
45 264 13825
1 3 32650
185 214 15852
191 409 6112
18 222 19716
66 108 22764
7 113 11568
159 236 11244
167 173 20919
117 456 3145
342 362 18677
28 271 14760
21 234 22375
46 70 31342
37 56 29279
51 198 21359
61 180 6898
109 195 17600
178 252 2572
137 226 17646
88 465 17572
6 240 11008
293 423 7053
12 263 19728
15 132 23637
12 31 7261
264 291 8487
301 319 18728
86 215 19392
121 439 18362
263 559 23494
64 355 15711
7 261 2852
5 26 14145
52 87 31553
385 537 26208
413 550 21536
86 129 17191
119 155 4820
50 557 16450
34 41 30411
2 28 26561
23 330 5594
25 30 11957
26 73 11539
330 392 19143
9 83 22730
261 431 12912
104 481 2135
350 528 31719
190 225 21107
3 6 22490
40 182 21830
133 335 15500
199 512 6523
329 532 19190
80 107 4601
13 82 23280
7 104 23061
174 198 15508
147 418 21071
246 312 27743
34 77 16385
272 491 1205
140 276 11913
14 332 29389
349 464 4297
135 249 11838
6 139 6181
238 537 14747
464 478 29242
274 450 22496
32 229 12543
10 325 30116
203 232 6431
301 374 5702
110 130 164
6 14 29838
290 296 23620
58 138 17280
159 185 9209
24 337 26447
89 201 26538
212 425 26543
438 507 21260
109 507 5117
116 377 3079
154 224 9970
64 122 22842
243 425 31450
222 405 26240
58 435 24719
295 321 23425
79 527 15007
16 409 23721
60 103 27493
188 427 2343
271 278 16392
173 225 10429
179 531 7057
7 147 4747
356 486 3231
56 474 29209
375 488 32094
13 31 586
4 13 8396
30 62 11774
158 309 29042
15 551 21653
389 412 21789
129 147 17543
94 217 5686
102 173 26833
4 8 11985
30 294 13800
208 517 10886
19 346 10607
98 118 31659
4 15 15336
9 28 21913
134 189 1549
179 207 16629
8 183 9121
153 175 50
237 558 7118
5 26 18898
335 544 23413
16 96 11015
155 281 10230
122 221 24776
286 313 29011
410 447 28273
61 325 8393
58 197 140
5 132 32043
1 454 3925
45 172 4260
163 339 2064
165 556 13230
148 232 21842
107 380 3932
302 322 15818
31 87 7498
60 61 3627
252 275 30166
470 485 11846
135 299 11621
44 53 27254
116 140 10215
93 347 12782
76 213 13784
142 494 8069
258 379 4205
10 40 9751
200 397 29358
47 204 31380
95 103 11181
188 533 9551
1 11 10781
41 336 20788
331 332 15343
60 118 19174
131 185 7365
45 418 31479
153 284 1112
23 192 19898
4 132 16935
29 50 16476
169 323 9734
44 471 32327
104 453 3431
53 261 27389
91 445 31601
4 51 29678
182 299 13894
55 255 25334
145 226 3585
37 428 30083
174 195 16985
84 140 1431
18 33 491
106 193 26909
354 428 19086
344 476 8525
422 518 5200
40 231 22297
120 516 14561
356 372 17102
17 119 1943
25 475 19568
129 204 31322
329 451 16259
188 367 6666
114 425 10298
415 495 24905
102 216 10554
79 146 25263
16 24 8321
73 75 13253
4 322 5900
177 464 12392
106 334 2634
236 258 8801
240 324 28555
7 11 18254
127 454 12512
233 291 9009
2 33 8239
219 228 6217
6 421 18531
45 199 27900
345 391 28162
217 283 20211
202 473 18321
32 99 3778
230 422 19338
68 186 20910
194 221 13523
3 94 24432
303 343 24566
20 48 4100
78 406 12939
407 418 16866
65 146 11149
48 290 15166
169 430 22171
15 61 31001
414 504 30034
122 147 17735
234 256 6456
227 506 2237
102 254 28155
159 236 16834
251 253 26353
99 249 24021
7 282 13332
96 278 1384
104 359 8698
64 261 15300
62 127 9583
373 487 8103
82 278 7869
64 212 10630
399 538 10702
280 292 2680
108 131 26530
303 530 23340
158 392 25299
229 295 11393
110 512 21533
18 40 21397
69 364 27943
22 61 2411
12 62 16121
153 238 14958
137 160 7912
77 417 15492
148 228 26595
51 116 8812
5 88 28504
325 379 6551
161 387 19513
400 486 15303
349 481 29635
129 400 4106
344 502 787
12 138 12025
91 213 7601
122 327 11322
8 11 26770
42 450 7095
435 477 9804
51 213 21267
305 377 9320
69 469 30768
23 33 21267
94 134 5106
5 336 22440
348 464 19588
248 423 32704
14 395 11454
40 184 32207
23 81 1671
67 95 6518
38 535 7236
1 41 19729
86 93 25014
169 193 30510
30 160 24275
70 168 8680
16 208 8057
3 28 15203
376 490 12568
24 59 16858
424 482 2971
189 386 11004
17 257 30011
160 488 394
195 378 2310
350 471 9593
5 61 5689
337 511 6657
340 362 8899
5 230 10849
101 140 1412
181 480 14653
205 331 23856
479 530 6122
521 548 11992
165 323 6650
49 108 17282
191 416 3817
53 98 32351
70 494 11968
24 28 28030
425 488 10237
145 184 21768
19 26 11309
115 452 31091
1 15 26102
66 363 1828
16 137 32387
85 316 13946
175 393 4491
28 81 16706
125 238 30324
42 132 31473
235 445 27196
90 132 28491
103 276 14636
295 545 25396
10 473 22660
194 202 480
146 221 16287
2 4 29854
267 342 3395
206 256 11762
263 291 28948
69 205 24767
46 108 14954
107 305 675
311 494 9458
129 205 25822
204 557 20711
17 136 29020
10 159 6089
17 30 434
442 484 28627
14 68 9263
54 98 8099
37 88 1883
257 282 28889
242 409 15982
187 371 11148
78 161 12710
29 257 15849
67 191 25484
123 206 23135
92 323 20609
288 342 23581
328 415 8242
63 430 13522
45 146 14524
57 414 22507
41 316 4517
4 36 22212
64 323 30977
140 203 32396
350 554 26455
32 328 5061
22 28 3862
125 258 4267
257 271 6858
22 31 25318
8 18 6481
81 182 23121
113 245 31149
112 382 7618
105 379 16474
180 318 23568
114 237 24112
30 289 24268
120 200 21800
4 46 29038
209 244 12714
148 397 2779
89 202 24373
32 547 8340
238 490 5486
173 409 20979
314 461 5891
215 239 32566
