757
1000000 999999 999998 999997 999996 999995 999994 999993 999992 999991 999990 999989 999988 999987 999986 999985 999984 999983 999982 999981 999980 999979 999978 999977 999976 999975 999974 999973 999972 999971 999970 999969 999968 999967 999966 999965 999964 999963 999962 999961 999960 999959 999958 999957 999956 999955 999954 999953 999952 999951 999950 999949 999948 999947 999946 999945 999944 999943 999942 999941 999940 999939 999938 999937 999936 999935 999934 999933 999932 999931 999930 999929 999928 999927 999926 999925 999924 999923 999922 999921 999920 999919 999918 999917 999916 999915 999914 999913 999912 999911 999910 999909 999908 999907 999906 999905 999904 999903 999902 999901 999900 999899 999898 999897 999896 999895 999894 999893 999892 999891 999890 999889 999888 999887 999886 999885 999884 999883 999882 999881 999880 999879 999878 999877 999876 999875 999874 999873 999872 999871 999870 999869 999868 999867 999866 999865 999864 999863 999862 999861 999860 999859 999858 999857 999856 999855 999854 999853 999852 999851 999850 999849 999848 999847 999846 999845 999844 999843 999842 999841 999840 999839 999838 999837 999836 999835 999834 999833 999832 999831 999830 999829 999828 999827 999826 999825 999824 999823 999822 999821 999820 999819 999818 999817 999816 999815 999814 999813 999812 999811 999810 999809 999808 999807 999806 999805 999804 999803 999802 999801 999800 999799 999798 999797 999796 999795 999794 999793 999792 999791 999790 999789 999788 999787 999786 999785 999784 999783 999782 999781 999780 999779 999778 999777 999776 999775 999774 999773 999772 999771 999770 999769 999768 999767 999766 999765 999764 999763 999762 999761 999760 999759 999758 999757 999756 999755 999754 999753 999752 999751 999750 999749 999748 999747 999746 999745 999744 999743 999742 999741 999740 999739 999738 999737 999736 999735 999734 999733 999732 999731 999730 999729 999728 999727 999726 999725 999724 999723 999722 999721 999720 999719 999718 999717 999716 999715 999714 999713 999712 999711 999710 999709 999708 999707 999706 999705 999704 999703 999702 999701 999700 999699 999698 999697 999696 999695 999694 999693 999692 999691 999690 999689 999688 999687 999686 999685 999684 999683 999682 999681 999680 999679 999678 999677 999676 999675 999674 999673 999672 999671 999670 999669 999668 999667 999666 999665 999664 999663 999662 999661 999660 999659 999658 999657 999656 999655 999654 999653 999652 999651 999650 999649 999648 999647 999646 999645 999644 999643 999642 999641 999640 999639 999638 999637 999636 999635 999634 999633 999632 999631 999630 999629 999628 999627 999626 999625 999624 999623 999622 999621 999620 999619 999618 999617 999616 999615 999614 999613 999612 999611 999610 999609 999608 999607 999606 999605 999604 999603 999602 999601 999600 999599 999598 999597 999596 999595 999594 999593 999592 999591 999590 999589 999588 999587 999586 999585 999584 999583 999582 999581 999580 999579 999578 999577 999576 999575 999574 999573 999572 999571 999570 999569 999568 999567 999566 999565 999564 999563 999562 999561 999560 999559 999558 999557 999556 999555 999554 999553 999552 999551 999550 999549 999548 999547 999546 999545 999544 999543 999542 999541 999540 999539 999538 999537 999536 999535 999534 999533 999532 999531 999530 999529 999528 999527 999526 999525 999524 999523 999522 999521 999520 999519 999518 999517 999516 999515 999514 999513 999512 999511 999510 999509 999508 999507 999506 999505 999504 999503 999502 999501 999500 999499 999498 999497 999496 999495 999494 999493 999492 999491 999490 999489 999488 999487 999486 999485 999484 999483 999482 999481 999480 999479 999478 999477 999476 999475 999474 999473 999472 999471 999470 999469 999468 999467 999466 999465 999464 999463 999462 999461 999460 999459 999458 999457 999456 999455 999454 999453 999452 999451 999450 999449 999448 999447 999446 999445 999444 999443 999442 999441 999440 999439 999438 999437 999436 999435 999434 999433 999432 999431 999430 999429 999428 999427 999426 999425 999424 999423 999422 999421 999420 999419 999418 999417 999416 999415 999414 999413 999412 999411 999410 999409 999408 999407 999406 999405 999404 999403 999402 999401 999400 999399 999398 999397 999396 999395 999394 999393 999392 999391 999390 999389 999388 999387 999386 999385 999384 999383 999382 999381 999380 999379 999378 999377 999376 999375 999374 999373 999372 999371 999370 999369 999368 999367 999366 999365 999364 999363 999362 999361 999360 999359 999358 999357 999356 999355 999354 999353 999352 999351 999350 999349 999348 999347 999346 999345 999344 999343 999342 999341 999340 999339 999338 999337 999336 999335 999334 999333 999332 999331 999330 999329 999328 999327 999326 999325 999324 999323 999322 999321 999320 999319 999318 999317 999316 999315 999314 999313 999312 999311 999310 999309 999308 999307 999306 999305 999304 999303 999302 999301 999300 999299 999298 999297 999296 999295 999294 999293 999292 999291 999290 999289 999288 999287 999286 999285 999284 999283 999282 999281 999280 999279 999278 999277 999276 999275 999274 999273 999272 999271 999270 999269 999268 999267 999266 999265 999264 999263 999262 999261 999260 999259 999258 999257 999256 999255 999254 999253 999252 999251 999250 999249 999248 999247 999246 999245 999244 
3057
1 2 18011
2 3 4955
3 4 14210
4 5 15493
5 6 24644
6 7 1824
7 8 7412
8 9 14899
9 10 3185
10 11 1331
11 12 17454
12 13 25704
13 14 8553
14 15 12750
15 16 2327
16 17 3522
17 18 13404
18 19 26160
19 20 21886
20 21 22563
21 22 438
22 23 18150
23 24 28240
24 25 7443
25 26 17396
26 27 3913
27 28 8463
28 29 13663
29 30 27830
30 31 13896
31 32 25983
32 33 25606
33 34 29718
34 35 20583
35 36 18339
36 37 26710
37 38 12857
38 39 21256
39 40 11751
40 41 31571
41 42 30499
42 43 7401
43 44 20383
44 45 15448
45 46 21712
46 47 26607
47 48 28592
48 49 20737
49 50 20352
50 51 2082
51 52 12173
52 53 15431
53 54 26706
54 55 7160
55 56 3686
56 57 12525
57 58 13844
58 59 4566
59 60 26780
60 61 25372
61 62 90
62 63 9940
63 64 2935
64 65 7498
65 66 4301
66 67 17089
67 68 12571
68 69 7264
69 70 11974
70 71 21863
71 72 30904
72 73 30491
73 74 31004
74 75 6415
75 76 12034
76 77 5298
77 78 4666
78 79 24136
79 80 31457
80 81 30394
81 82 21108
82 83 17637
83 84 17001
84 85 23111
85 86 29851
86 87 1605
87 88 23564
88 89 29781
89 90 28878
90 91 13527
91 92 24590
92 93 19814
93 94 31124
94 95 5340
95 96 11834
96 97 108
97 98 20264
98 99 29295
99 100 31700
100 101 24808
101 102 23828
102 103 6339
103 104 32206
104 105 19540
105 106 22017
106 107 20141
107 108 830
108 109 10943
109 110 16846
110 111 31842
111 112 5136
112 113 25271
113 114 12767
114 115 24193
115 116 26616
116 117 17515
117 118 4024
118 119 27220
119 120 18859
120 121 12305
121 122 14794
122 123 18259
123 124 14927
124 125 31622
125 126 25228
126 127 489
127 128 26928
128 129 23348
129 130 26062
130 131 23419
131 132 21428
132 133 21049
133 134 2123
134 135 23463
135 136 8593
136 137 28102
137 138 21885
138 139 1737
139 140 4413
140 141 20420
141 142 4021
142 143 24004
143 144 2215
144 145 19646
145 146 26218
146 147 2815
147 148 7716
148 149 8443
149 150 26321
150 151 24749
151 152 11692
152 153 234
153 154 23215
154 155 3154
155 156 20038
156 157 2244
157 158 2412
158 159 9090
159 160 15297
160 161 20332
161 162 3944
162 163 28140
163 164 2213
164 165 8346
165 166 16274
166 167 4248
167 168 11369
168 169 8760
169 170 17206
170 171 32365
171 172 16870
172 173 26892
173 174 27670
174 175 20982
175 176 2572
176 177 16536
177 178 27837
178 179 29798
179 180 1748
180 181 10814
181 182 27408
182 183 13785
183 184 17013
184 185 22440
185 186 8486
186 187 15068
187 188 5851
188 189 9319
189 190 89
190 191 25392
191 192 2389
192 193 21210
193 194 2717
194 195 3531
195 196 3726
196 197 4178
197 198 22033
198 199 24096
199 200 19134
200 201 1139
201 202 28372
202 203 26272
203 204 8737
204 205 28638
205 206 2842
206 207 23681
207 208 11689
208 209 7693
209 210 17791
210 211 14526
211 212 26608
212 213 11901
213 214 20891
214 215 27231
215 216 9840
216 217 30995
217 218 24278
218 219 32250
219 220 13046
220 221 4537
221 222 7549
222 223 24186
223 224 6484
224 225 12104
225 226 6678
226 227 4895
227 228 32086
228 229 31146
229 230 25329
230 231 7878
231 232 3320
232 233 832
233 234 11264
234 235 25707
235 236 25302
236 237 29057
237 238 25832
238 239 13548
239 240 27876
240 241 6372
241 242 30040
242 243 27151
243 244 11103
244 245 4096
245 246 5018
246 247 12999
247 248 23556
248 249 32242
249 250 26984
250 251 29875
251 252 25983
252 253 10240
253 254 31488
254 255 26344
255 256 5926
256 257 636
257 258 1147
258 259 18928
259 260 4327
260 261 18666
261 262 16730
262 263 24850
263 264 26495
264 265 24933
265 266 21090
266 267 4308
267 268 22765
268 269 3902
269 270 13738
270 271 18111
271 272 9511
272 273 14567
273 274 1266
274 275 3682
275 276 24331
276 277 17679
277 278 28214
278 279 30618
279 280 18840
280 281 21263
281 282 6787
282 283 12816
283 284 5470
284 285 21125
285 286 30474
286 287 514
287 288 4659
288 289 15934
289 290 5235
290 291 29255
291 292 10536
292 293 32346
293 294 4211
294 295 26509
295 296 12988
296 297 13738
297 298 15777
298 299 30950
299 300 32079
300 301 32349
301 302 32133
302 303 12675
303 304 6105
304 305 23004
305 306 242
306 307 8126
307 308 13531
308 309 22514
309 310 25238
310 311 21854
311 312 14742
312 313 14640
313 314 20432
314 315 15639
315 316 19836
316 317 4240
317 318 13249
318 319 26961
319 320 32228
320 321 10328
321 322 6310
322 323 16427
323 324 18945
324 325 11841
325 326 13157
326 327 10430
327 328 11029
328 329 27353
329 330 19813
330 331 7590
331 332 27874
332 333 2086
333 334 163
334 335 18623
335 336 27233
336 337 11148
337 338 31235
338 339 3116
339 340 695
340 341 26352
341 342 13796
342 343 7326
343 344 23141
344 345 17694
345 346 27382
346 347 4306
347 348 15551
348 349 30056
349 350 5968
350 351 2652
351 352 12703
352 353 23184
353 354 25533
354 355 23460
355 356 7002
356 357 233
357 358 20823
358 359 20270
359 360 28915
360 361 16312
361 362 25944
362 363 29726
363 364 26767
364 365 2528
365 366 18220
366 367 5115
367 368 9769
368 369 12735
369 370 1227
370 371 13747
371 372 17031
372 373 9299
373 374 28997
374 375 20959
375 376 15981
376 377 24481
377 378 20894
378 379 7241
379 380 13840
380 381 10327
381 382 19421
382 383 1707
383 384 26829
384 385 17072
385 386 19552
386 387 24762
387 388 26907
388 389 12952
389 390 21874
390 391 14691
391 392 2239
392 393 18193
393 394 27936
394 395 25941
395 396 21823
396 397 29909
397 398 7496
398 399 20159
399 400 14488
400 401 17468
401 402 14834
402 403 29275
403 404 4659
404 405 22113
405 406 25059
406 407 11691
407 408 23574
408 409 17792
409 410 28016
410 411 17027
411 412 12376
412 413 25763
413 414 16273
414 415 13255
415 416 17111
416 417 8830
417 418 11574
418 419 24438
419 420 9005
420 421 5015
421 422 28382
422 423 31207
423 424 23263
424 425 26538
425 426 20581
426 427 20051
427 428 15320
428 429 20043
429 430 4893
430 431 26772
431 432 29462
432 433 3789
433 434 13857
434 435 3116
435 436 13220
436 437 22371
437 438 6374
438 439 7305
439 440 3528
440 441 1925
441 442 11283
442 443 23176
443 444 18045
444 445 31125
445 446 9363
446 447 6967
447 448 17187
448 449 4035
449 450 25832
450 451 23519
451 452 23926
452 453 2094
453 454 4290
454 455 22338
455 456 13245
456 457 23627
457 458 32464
458 459 33
459 460 18755
460 461 12171
461 462 31958
462 463 1281
463 464 2827
464 465 4408
465 466 6656
466 467 16687
467 468 3264
468 469 5536
469 470 27510
470 471 16130
471 472 4587
472 473 2678
473 474 32560
474 475 12128
475 476 14185
476 477 19061
477 478 28940
478 479 31363
479 480 20763
480 481 29766
481 482 22045
482 483 19965
483 484 20447
484 485 2212
485 486 29254
486 487 19450
487 488 17343
488 489 13246
489 490 27656
490 491 16326
491 492 20073
492 493 17885
493 494 29337
494 495 31631
495 496 6623
496 497 8006
497 498 2614
498 499 17259
499 500 10096
500 501 4962
501 502 29369
502 503 27037
503 504 2791
504 505 1820
505 506 23662
506 507 20
507 508 26114
508 509 20107
509 510 24355
510 511 17204
511 512 14374
512 513 3537
513 514 26494
514 515 8665
515 516 22096
516 517 8515
517 518 3732
518 519 1689
519 520 8015
520 521 20682
521 522 4022
522 523 17994
523 524 16433
524 525 21128
525 526 20622
526 527 22468
527 528 7419
528 529 24767
529 530 12140
530 531 14568
531 532 12701
532 533 26351
533 534 3034
534 535 9442
535 536 32548
536 537 2623
537 538 15734
538 539 32682
539 540 22834
540 541 4382
541 542 27905
542 543 6865
543 544 10155
544 545 28202
545 546 947
546 547 14202
547 548 28850
548 549 29265
549 550 9425
550 551 27047
551 552 16084
552 553 27190
553 554 25986
554 555 16566
555 556 14210
556 557 10966
557 558 14047
558 559 22827
559 560 30149
560 561 20843
561 562 13897
562 563 15279
563 564 32045
564 565 14993
565 566 22527
566 567 11609
567 568 22795
568 569 29863
569 570 8175
570 571 21805
571 572 15327
572 573 12664
573 574 23757
574 575 23266
575 576 13076
576 577 31514
577 578 6499
578 579 25321
579 580 17131
580 581 12311
581 582 14376
582 583 2986
583 584 32438
584 585 2763
585 586 27923
586 587 20497
587 588 28998
588 589 14349
589 590 2481
590 591 29513
591 592 27046
592 593 16658
593 594 20342
594 595 22983
595 596 10
596 597 19597
597 598 15441
598 599 29579
599 600 26370
600 601 31515
601 602 1410
602 603 7074
603 604 23795
604 605 25311
605 606 13488
606 607 4336
607 608 20936
608 609 28265
609 610 6966
610 611 27692
611 612 5349
612 613 8925
613 614 4031
614 615 14124
615 616 8028
616 617 4433
617 618 10770
618 619 2403
619 620 20068
620 621 30582
621 622 28975
622 623 19880
623 624 8711
624 625 21371
625 626 12186
626 627 5432
627 628 21530
628 629 28462
629 630 25079
630 631 7167
631 632 23410
632 633 9829
633 634 29655
634 635 25107
635 636 12117
636 637 27804
637 638 16082
638 639 32386
639 640 24367
640 641 21983
641 642 32726
642 643 3917
643 644 21126
644 645 9963
645 646 14014
646 647 27316
647 648 17712
648 649 12432
649 650 9254
650 651 30132
651 652 21444
652 653 31321
653 654 22910
654 655 17359
655 656 11342
656 657 111
657 658 3934
658 659 25611
659 660 14151
660 661 2235
661 662 13849
662 663 32573
663 664 19652
664 665 21323
665 666 29845
666 667 11143
667 668 18925
668 669 10743
669 670 2394
670 671 6432
671 672 6833
672 673 4932
673 674 16872
674 675 31827
675 676 3000
676 677 11400
677 678 31822
678 679 22731
679 680 30873
680 681 28495
681 682 26360
682 683 4621
683 684 10830
684 685 26110
685 686 29385
686 687 25926
687 688 31205
688 689 5046
689 690 11114
690 691 12359
691 692 2935
692 693 4987
693 694 27105
694 695 10702
695 696 13662
696 697 12950
697 698 5477
698 699 28423
699 700 26531
700 701 2615
701 702 26224
702 703 2642
703 704 10166
704 705 23647
705 706 24599
706 707 22343
707 708 29794
708 709 14333
709 710 29591
710 711 26615
711 712 9727
712 713 10328
713 714 560
714 715 20341
715 716 7914
716 717 29612
717 718 12598
718 719 30102
719 720 24626
720 721 11544
721 722 17509
722 723 22516
723 724 22164
724 725 7607
725 726 29301
726 727 23609
727 728 29610
728 729 18702
729 730 26606
730 731 6042
731 732 26463
732 733 4262
733 734 27710
734 735 12193
735 736 3494
736 737 15097
737 738 23816
738 739 14384
739 740 25708
740 741 24979
741 742 29632
742 743 12995
743 744 7626
744 745 2673
745 746 2421
746 747 4853
747 748 8832
748 749 28845
749 750 19693
750 751 27718
751 752 6303
752 753 16477
753 754 7927
754 755 11547
755 756 17029
756 757 18872
89 556 28538
149 475 19465
5 476 6804
467 707 16230
112 448 21903
5 83 5219
136 197 13716
34 38 16919
1 436 5452
188 215 7474
79 253 24254
96 118 31949
324 563 300
122 278 30183
53 216 12290
145 253 16212
168 506 10485
135 197 20026
421 521 28390
147 223 16259
347 422 29731
73 237 15555
21 40 27158
137 213 19325
34 685 9617
299 401 27609
647 675 3626
29 676 10277
179 589 13417
296 349 18607
54 109 15798
330 390 22498
31 122 9805
7 433 4268
187 604 14487
7 55 17812
352 471 22213
150 240 22794
9 355 7804
439 459 4053
63 335 22507
397 591 27825
594 716 22706
26 134 28788
98 592 22613
300 656 7252
128 341 30516
53 376 31790
5 159 14915
169 191 23757
26 28 19698
389 406 13998
275 717 18441
36 321 20406
233 559 22368
97 184 14023
111 538 12734
722 748 4680
461 603 15682
130 745 22256
220 261 16421
106 642 28279
111 213 28854
685 709 11775
85 100 26843
69 208 19021
262 488 16513
150 294 19497
83 321 12225
50 457 29062
319 634 25758
465 734 30778
52 60 428
1 4 5485
201 288 20996
142 283 26896
620 702 29770
113 150 7925
173 426 25014
333 546 14173
27 429 5975
139 407 12058
451 499 5904
219 264 925
463 505 17153
1 2 27002
44 46 4432
18 58 3156
12 258 3992
60 168 25903
127 678 29795
36 528 12428
54 367 25209
205 430 24558
104 551 21745
20 405 6798
6 8 15420
331 550 3941
23 124 29610
31 33 3807
84 399 13339
64 188 11472
144 491 21458
114 692 7037
672 696 19621
461 596 5853
312 756 30986
109 653 9051
4 5 3492
5 22 9665
641 661 22624
32 33 537
41 572 3915
63 469 3483
3 362 18586
160 474 17415
249 284 25251
678 757 27400
190 272 32190
170 390 11868
503 657 823
38 163 22022
80 87 23525
7 185 5043
288 627 15870
390 745 5901
414 585 11584
123 194 12486
22 92 14728
37 714 23147
424 624 1898
7 8 3437
310 525 2924
81 663 32224
145 256 27632
546 600 7640
159 279 1777
131 232 21625
178 221 28701
596 697 8203
69 107 12538
25 58 31921
303 542 30730
20 245 29082
359 551 1334
6 21 9413
305 626 20710
12 83 22950
236 494 30856
14 28 22871
165 569 13954
81 121 792
138 255 25780
10 14 14918
121 127 4127
301 491 8987
503 725 18763
129 359 12748
327 365 28795
226 427 2015
253 293 3544
588 732 2520
303 625 9496
447 602 2955
456 507 12619
115 336 31661
10 36 24783
55 79 10114
10 33 4773
297 576 5563
77 125 19861
75 271 9178
140 519 16100
137 569 5052
224 667 4492
321 478 7961
14 284 28721
420 475 1298
458 602 4941
215 316 27185
130 525 10823
395 584 23904
337 358 2419
243 330 29886
214 263 8230
6 249 19303
261 373 8554
64 618 17790
131 284 20217
311 605 29218
9 27 18809
573 597 15120
239 243 31299
11 136 24611
104 398 27150
70 76 4337
253 328 30032
245 738 24879
394 547 6728
316 417 25779
201 426 26075
1 52 1561
202 234 7114
358 627 14207
135 480 27643
260 338 32475
10 190 10686
347 655 10188
77 133 23379
1 3 8954
444 458 26406
140 248 24416
660 720 29049
534 665 17434
628 634 30826
213 742 29063
28 98 13734
335 425 9952
258 265 5151
158 639 9619
280 405 28062
182 529 15879
51 265 5908
516 587 27027
22 45 21474
68 746 965
53 244 26530
19 117 26967
130 198 31508
54 101 3424
129 326 13364
71 269 1443
256 342 2730
16 105 13579
25 135 22803
347 655 10161
144 163 16598
335 475 30214
480 619 31095
60 100 11501
62 179 26036
20 553 22260
328 439 6091
110 376 26347
74 134 7092
133 292 32382
89 473 14655
104 456 27564
147 640 14666
112 116 20009
308 311 24723
476 510 12818
465 616 6100
113 228 8053
69 613 27682
73 154 13983
90 749 972
260 622 32566
22 585 9005
244 266 9333
2 3 14894
13 469 822
473 736 32360
135 195 16010
420 624 7978
82 425 5642
231 501 30666
69 362 1322
416 484 6669
207 299 21811
3 4 28048
265 302 21426
191 194 17004
239 313 23929
1 343 25746
63 64 29323
281 528 19091
140 507 8580
134 528 13770
449 737 22884
551 713 21292
95 147 9916
177 340 29473
193 330 7602
136 149 5171
520 563 17505
162 170 3964
106 721 18796
66 93 1817
43 113 16621
104 128 5638
136 726 5635
59 376 32310
508 634 27049
196 465 31935
199 393 18336
477 581 21876
33 230 141
267 574 24133
348 438 9377
88 267 10296
339 438 7261
1 7 9953
43 93 17749
352 397 14484
220 280 22273
59 73 212
453 591 14326
91 602 29611
36 355 26147
1 26 3043
70 217 13542
43 84 16228
60 135 31246
346 515 11296
106 580 24365
263 728 32081
95 132 32454
4 393 31738
6 89 19763
38 46 28385
5 317 7011
187 202 11655
298 570 21945
71 93 26308
118 151 2994
101 534 26384
47 197 23837
6 465 29599
4 6 12302
57 189 26333
92 183 7886
528 567 28656
256 512 28538
90 107 31298
323 492 12045
41 230 9027
89 168 18435
233 358 5097
472 594 12517
347 508 24726
329 661 10580
22 31 3425
158 187 31852
88 247 19976
29 683 30106
223 580 24551
40 395 12602
267 472 16840
84 333 17562
14 37 24692
96 701 28970
17 260 24637
104 111 17679
489 681 19206
17 30 16208
78 186 26481
32 99 22600
24 42 10546
57 91 16185
668 740 21443
6 263 17410
232 251 24554
50 294 20585
584 633 18892
585 669 5763
67 109 28810
115 124 16913
412 571 29073
309 494 6391
107 236 14633
303 388 6928
418 621 12010
25 247 27662
82 184 16414
18 324 12845
39 140 25394
261 666 10966
518 592 22223
42 48 4754
109 490 9264
43 64 12245
437 450 8129
406 646 26762
146 598 5188
307 376 22634
132 520 17372
29 733 29310
1 610 18388
3 71 25189
373 421 25342
146 196 12845
112 310 25593
328 748 16355
188 227 3011
357 619 23082
297 410 25189
72 545 32111
484 635 18067
140 272 13211
1 9 9879
265 519 5718
193 330 32748
133 150 30768
18 243 20546
99 475 21322
425 448 24048
89 175 23648
278 640 30457
288 494 3898
150 210 19760
1 191 17899
259 342 15135
93 739 32368
40 304 20666
177 388 27275
62 122 22542
5 262 21483
103 523 24929
17 175 21244
3 34 9094
129 168 24830
65 664 26700
67 267 32303
25 38 9816
456 496 2857
667 701 8386
8 629 8394
317 560 14930
206 589 13367
27 156 27955
64 109 15586
64 84 22892
257 277 28824
65 113 27529
558 719 3579
37 408 2611
365 444 10240
101 355 21680
262 720 1343
9 591 5494
32 74 31807
67 162 29538
558 627 20990
262 284 28975
47 541 4707
257 344 15928
194 546 12902
91 346 3252
120 195 6667
88 555 24813
10 509 2179
489 586 27166
445 522 12045
19 109 16628
274 453 28536
280 505 12536
312 549 29004
195 301 18749
368 697 19711
261 435 9771
363 475 28370
2 201 2371
184 190 6942
25 44 13608
188 322 15412
24 100 29529
91 292 26155
288 321 30295
13 42 22311
263 282 17973
24 25 15105
5 41 24256
54 90 12125
153 237 28093
481 548 387
22 276 1271
24 402 29093
27 149 26384
48 125 32593
478 495 10061
185 593 28994
1 59 29656
6 15 32457
551 578 24372
611 753 19338
563 667 10446
41 42 22081
371 471 11761
158 478 8642
35 236 9101
174 583 19330
56 109 20104
68 408 1337
62 408 29595
340 472 3975
59 80 30948
453 468 29091
532 671 692
507 753 20086
83 426 581
310 416 29111
287 691 2137
86 348 4062
45 241 1775
88 490 18955
265 582 21656
5 283 25394
317 477 2320
524 553 17966
63 640 32285
27 32 5254
176 737 12529
131 410 1031
58 67 16249
128 140 25992
279 294 6752
42 278 22893
195 575 4017
98 225 1728
126 160 23388
21 111 12294
7 65 16906
65 190 19723
507 584 12290
95 104 29540
104 452 14610
261 287 24405
157 598 30647
487 553 27996
10 746 30962
574 585 22678
9 90 28566
124 480 11433
277 341 9458
50 561 6670
67 128 22044
268 722 20930
44 145 13389
26 564 18884
117 257 25617
77 716 24056
245 531 27190
230 292 14651
191 200 18105
214 365 24786
80 435 23849
105 185 12407
32 713 1851
5 7 8108
205 407 6519
184 319 22831
7 8 2896
13 28 5006
78 157 11020
36 322 18003
73 90 6960
298 564 22858
38 617 6786
217 374 21440
215 440 6329
124 408 28632
42 102 10603
83 188 23105
99 655 21473
92 145 24821
185 601 23001
625 685 29642
323 622 10333
370 514 12281
33 219 3378
458 494 19439
76 434 20626
229 618 11000
59 400 17970
415 588 14506
687 728 6587
11 182 31261
114 340 23104
516 634 5965
327 513 25948
129 390 2370
38 42 7670
9 31 10693
322 638 9190
42 97 10195
274 459 22762
145 652 28688
45 289 13482
210 526 31459
185 496 3265
119 614 14848
110 671 22275
92 405 7567
127 338 23414
3 84 27953
476 635 6334
524 631 2962
116 145 6374
10 116 15176
71 563 28109
87 110 12841
133 163 21408
16 78 17517
19 281 23851
203 539 17193
44 627 24810
32 477 25098
417 572 28434
187 360 9821
11 545 14358
44 58 5572
1 80 18523
30 109 9509
483 724 10502
343 478 22713
6 384 7989
66 702 11340
2 3 14845
443 500 18172
294 566 29961
90 252 16424
6 28 14504
214 498 25422
53 298 16812
234 416 32504
26 626 19052
72 202 28445
127 283 31686
386 614 19833
377 496 2033
305 413 4801
15 19 10881
119 270 2505
473 689 28654
39 220 20980
20 26 27765
4 247 24705
466 686 15670
677 687 2195
274 749 8147
327 665 8205
558 639 27651
12 481 27539
238 263 6097
360 386 9805
342 738 31361
631 639 19013
14 32 2901
390 711 17521
394 401 12445
34 85 3022
32 480 10468
22 33 13585
67 729 31503
429 455 9440
7 31 31692
47 97 139
99 215 9637
9 361 445
161 287 3727
195 339 27553
149 738 210
1 9 8301
85 262 30355
259 262 19538
13 33 15990
435 691 22334
53 96 13575
36 275 24824
203 379 4590
193 305 892
410 431 6424
37 100 1443
24 25 24414
7 8 7282
535 598 3925
64 204 25524
320 463 1598
569 667 26272
84 323 2654
22 29 30652
34 82 4898
222 268 17213
6 77 28883
133 168 2453
141 164 25806
145 264 22511
196 292 15483
74 92 29378
141 696 4217
277 495 2761
11 46 14003
31 32 20227
250 280 4448
296 491 3717
95 247 32282
28 626 29500
316 336 3982
281 675 31490
425 625 16762
535 689 18055
89 326 18922
165 324 11775
478 514 23544
370 477 22935
239 475 28545
107 691 28697
509 584 15999
47 66 22607
115 368 29716
542 562 6658
550 697 21097
257 350 12707
202 573 11236
9 44 13827
174 591 16751
284 471 4525
209 260 15036
365 618 22964
336 443 20178
62 333 2578
617 713 8768
110 212 13305
87 650 11722
640 710 1175
205 389 31604
100 320 2879
262 395 302
351 411 23550
177 245 10127
440 493 10232
150 195 28773
494 550 14118
26 477 1025
12 119 26451
150 593 32140
516 605 610
1 33 28098
74 165 29248
49 159 2279
607 722 8985
143 227 8156
5 7 21667
42 49 11661
51 83 16798
4 194 14651
9 42 28887
134 199 25423
100 265 17745
8 9 30131
160 593 2917
52 54 4584
5 16 24310
155 263 26193
570 753 27397
44 149 363
77 137 15700
49 129 13542
72 119 18645
145 582 21480
43 691 18449
436 541 16081
53 585 3287
249 355 29792
625 698 31948
181 378 4876
286 475 4784
455 714 9962
35 42 19068
335 364 8058
214 251 29343
92 237 9766
338 707 1799
162 166 6510
357 567 2747
533 749 31202
20 209 23334
379 389 28030
31 41 17521
433 561 29451
378 394 16504
65 240 17033
455 648 21052
578 657 30934
36 81 28131
125 149 23558
154 218 24997
4 292 4910
340 598 20018
56 401 26510
246 385 32125
342 376 24159
275 296 23788
34 283 428
153 566 7257
325 585 21507
65 494 1394
320 369 32227
3 39 5966
446 635 5421
90 141 24668
306 703 15872
204 384 1262
58 163 8659
208 313 27412
86 113 9378
62 417 13442
12 59 10625
217 426 5554
323 387 28422
411 722 17801
276 489 24891
451 718 17178
78 332 535
485 643 5999
98 218 2738
467 520 5972
206 283 30389
24 134 3473
7 51 6315
26 651 12331
237 444 28996
226 258 25457
23 312 7339
53 80 9224
95 403 4216
196 669 3381
216 328 27111
23 36 25359
9 404 32606
295 380 24678
39 45 6506
6 502 22139
228 339 30382
65 665 229
192 757 23431
89 100 23094
464 602 14671
86 158 20016
2 16 17025
447 716 27836
350 532 22571
100 121 19670
337 554 29304
39 113 12592
21 273 18741
70 75 18488
497 691 25238
35 46 8127
422 629 7607
327 425 10370
67 322 7035
41 94 52
178 554 25567
302 521 14568
118 124 7909
289 661 2780
104 137 32652
394 513 23075
556 742 25763
126 734 19356
254 741 1621
96 173 23854
68 120 6331
734 746 9040
138 170 27354
1 62 573
11 14 1753
43 400 869
131 463 847
97 521 22526
271 576 24314
20 85 16313
248 462 14149
187 197 30483
546 750 16217
162 487 4786
115 375 24762
303 344 21966
64 182 12186
186 437 12188
322 472 11363
385 617 12334
264 477 31029
259 289 32584
86 124 1337
78 342 16409
241 746 2340
74 169 25313
33 50 22337
152 383 16859
369 417 18127
271 719 6417
267 731 13727
84 259 223
172 216 3127
138 251 8532
147 158 12253
138 190 26796
39 668 11105
38 41 14746
218 643 25208
254 363 22050
114 134 11525
13 43 21027
80 675 3756
403 551 9461
6 15 13431
220 472 5015
1 259 17792
7 217 13673
530 549 13524
435 447 21348
294 708 29203
287 400 26190
233 323 25457
74 318 4701
31 121 20264
455 558 16190
549 563 4992
683 750 24975
104 285 5103
621 682 18197
263 674 26372
88 162 18789
24 27 25622
17 122 17073
337 396 246
199 427 3838
66 599 20239
227 305 22507
95 121 9399
279 387 29645
187 383 27299
237 704 20693
308 324 28345
125 133 19314
305 466 21687
66 146 31541
262 278 4712
251 504 984
17 388 10333
51 627 24640
132 321 18782
172 358 31631
108 275 12829
63 106 20635
38 129 24519
116 544 17003
52 89 28549
199 341 142
51 155 2578
15 315 8285
209 330 9710
408 707 12426
64 245 28632
182 237 32400
467 659 7312
60 109 7645
120 677 6161
126 432 3783
73 91 17864
130 564 14259
732 750 8820
101 307 19701
13 262 25512
27 191 21584
512 696 31278
129 131 14110
108 744 29631
176 619 25227
133 382 28103
163 271 22380
145 559 28202
349 370 21389
363 505 22608
568 736 31892
4 223 9179
3 708 14539
95 127 18384
336 347 15467
370 652 18471
59 319 21057
135 598 19696
68 552 7363
463 482 29078
189 654 2288
7 614 24550
113 399 32395
134 425 7654
692 749 4505
88 272 1695
77 204 10022
321 360 1376
152 747 13242
88 123 10287
23 187 1035
187 452 18782
73 108 28873
17 23 14716
89 117 1181
14 199 18972
313 725 1967
571 649 12073
128 226 9804
53 134 12223
67 145 4231
346 527 24768
70 367 3820
69 659 29347
229 297 11416
9 229 18724
55 130 20821
516 751 28392
692 706 1679
95 603 20533
55 145 14395
101 616 20286
571 602 7936
111 180 2499
559 608 13134
129 257 23280
507 669 8479
15 610 5560
181 453 17045
155 418 29486
9 541 15290
16 24 3456
40 188 31750
418 433 19359
96 148 14970
361 549 10940
354 663 1898
35 153 10790
88 357 23386
432 581 4904
185 591 11376
8 56 14835
46 52 7270
299 305 30152
512 613 20239
123 515 15821
297 394 32184
28 75 25945
37 47 30240
159 665 11678
283 389 29616
166 395 7158
402 562 14394
113 188 2879
12 20 1395
250 568 5129
252 336 10960
382 630 31365
431 662 21413
31 314 8820
97 117 12169
9 107 26763
461 511 874
154 428 32256
417 479 15327
382 530 20033
24 135 18841
284 429 24581
16 93 30459
303 466 23093
430 566 4674
385 664 10843
22 88 18895
100 358 3488
21 584 99
323 680 16000
108 301 15731
564 572 6323
55 135 16869
378 496 29193
221 281 17348
2 7 546
152 626 29660
512 622 19533
170 267 17979
2 6 26097
23 31 4863
261 343 31055
57 78 5898
46 100 22398
605 659 13413
38 223 7660
109 703 8316
66 389 13007
46 113 641
52 521 31046
394 738 28302
555 634 26909
289 520 14944
167 301 32624
33 35 28361
40 341 5280
258 281 9505
42 44 22874
234 491 609
3 386 24476
345 593 18868
413 720 30206
36 51 16019
59 409 2731
196 547 21206
81 517 6347
90 268 30523
65 200 7756
188 590 25931
204 632 4433
8 12 28596
123 671 5036
273 392 25182
418 534 2094
21 601 19955
221 571 180
420 465 21142
224 608 3384
237 691 11238
43 243 4946
380 718 29881
5 441 21227
100 159 25354
102 466 26635
25 660 11526
750 751 17172
198 365 28235
174 310 1985
6 86 20653
210 622 22718
24 42 32287
63 67 6336
100 102 2450
484 673 27484
442 738 6885
171 462 3855
238 299 20035
374 378 22328
456 468 29050
169 276 26612
227 316 10806
39 245 12059
24 49 9757
247 378 15560
424 482 21062
248 604 25405
105 170 18820
477 752 14589
210 560 16752
185 206 2414
97 329 19518
13 26 16236
24 38 22985
7 9 12933
127 468 3147
43 69 19171
269 303 17858
82 312 30985
121 459 22777
146 225 21998
100 188 5536
374 457 13598
4 35 2305
8 669 21988
116 520 21813
216 503 433
91 260 32482
204 488 5429
178 706 5603
14 23 32486
19 98 14204
231 299 30962
151 752 10451
590 721 32193
202 650 16111
242 400 32156
37 86 1393
376 496 276
132 582 10165
133 194 30513
1 19 6186
311 469 16296
49 169 24573
388 405 24692
281 490 30057
33 49 5038
124 143 331
26 95 17788
143 580 11470
583 728 871
52 233 30285
149 535 5504
578 704 14512
235 339 20242
284 524 4862
190 265 26592
1 127 17878
67 125 12310
122 264 31489
216 554 118
103 725 20336
50 352 13679
337 412 29239
23 210 7965
174 216 19291
79 271 26973
69 99 29602
66 336 26242
35 148 25238
219 329 11339
282 381 10877
154 521 26154
83 107 29182
237 273 28925
186 239 10651
88 612 5060
446 570 20305
249 284 17917
406 431 31999
307 480 16304
5 15 3681
113 435 22599
88 356 29117
682 747 20686
120 357 17047
243 498 23346
19 316 12303
223 274 21387
35 382 30891
52 164 417
78 695 955
59 72 10281
109 448 25761
67 196 29803
41 147 28323
708 744 23630
258 697 7
165 580 29191
547 717 25005
482 618 31696
43 219 5228
518 708 891
389 647 14293
171 186 25790
114 447 28195
370 478 29318
327 351 20367
89 475 27314
194 453 13113
45 167 27915
199 604 24161
15 21 21845
18 29 6835
84 325 448
1 2 23233
95 185 1586
37 48 12
33 375 25111
37 235 6188
107 196 20927
499 585 3822
349 700 5485
167 475 29063
413 539 22440
307 346 814
6 125 2417
15 339 7609
198 221 26205
334 542 14605
152 496 11222
91 306 2696
96 242 13791
319 516 2477
53 145 31035
378 461 22964
584 727 1479
1 300 12241
70 619 11609
558 573 23633
110 655 27287
454 696 12505
231 603 111
103 673 10345
292 577 22084
382 426 1532
4 13 7658
16 140 9426
7 45 10242
21 561 455
6 602 16473
349 641 10060
291 351 20306
102 217 11733
187 229 7823
4 61 222
4 6 20041
55 67 7376
83 125 5657
515 521 5233
256 310 10018
155 257 27815
104 119 16098
704 708 21421
24 53 263
90 122 29968
487 660 21539
120 185 15891
489 751 4123
63 333 24128
333 445 7824
145 497 15963
425 611 3274
61 486 7145
179 190 19393
140 188 527
190 340 18004
141 409 2164
32 36 24286
437 483 10087
83 324 7319
13 295 7296
5 27 9870
169 365 23911
415 628 27933
190 638 32410
372 507 25633
71 189 21047
153 381 16229
6 112 26429
89 669 4091
321 491 3010
231 474 15477
493 742 5388
114 208 26435
152 261 1681
192 214 15775
10 38 19789
50 173 11980
6 429 14057
355 435 32403
30 355 9385
80 176 22339
158 728 18466
87 163 16037
183 668 3105
192 493 28313
46 216 13898
37 331 23903
41 47 24148
444 670 2739
1 5 7674
71 78 15945
497 582 26863
55 201 6480
101 565 24182
290 506 32759
338 339 11891
94 193 16698
241 339 27147
596 625 21076
353 393 23598
102 396 16560
34 59 24741
27 29 30765
5 6 12403
7 13 29969
175 351 20655
70 210 16385
363 391 19740
276 347 30669
19 83 14895
25 49 6
44 45 12866
24 456 31881
142 376 12321
12 200 24958
370 458 23866
72 275 23696
137 321 13330
125 145 1851
182 343 18386
29 347 31617
317 728 10240
172 233 23408
14 347 17356
19 114 28982
107 113 29297
4 50 4282
18 213 28314
25 192 9458
288 508 12498
2 33 8814
31 445 14683
7 180 17871
339 575 5137
563 624 24612
1 253 16662
88 456 19557
193 348 17277
295 355 20611
616 698 29493
19 24 29118
32 293 25052
327 704 30542
250 256 14916
179 653 18298
134 346 4301
133 173 19118
9 231 12010
442 746 23869
82 100 3680
70 222 25538
65 142 2343
193 239 8033
68 131 18675
110 259 13924
61 194 19919
97 228 23256
122 179 1359
2 639 23612
12 31 29766
555 581 4706
109 214 29443
11 245 16138
143 469 125
42 335 4336
32 117 19199
8 710 11824
240 534 19756
163 430 25943
121 142 21619
26 311 11134
114 358 592
9 14 13112
646 721 27625
45 57 31553
35 200 29671
199 582 1326
24 27 26785
43 391 17293
122 247 25834
20 312 3129
10 667 31788
157 546 18122
241 736 27275
135 217 30826
203 273 26699
265 479 1404
161 350 27568
55 192 22223
62 172 9993
189 221 21335
107 218 30895
94 393 8353
136 251 24854
163 709 11138
217 289 30538
255 386 26539
308 572 20070
22 79 20522
330 554 24301
63 267 19453
141 420 23818
207 286 330
42 192 293
18 573 9938
246 545 14926
177 362 22200
347 496 6756
135 249 5822
218 337 6675
158 456 2419
543 652 9971
41 110 22811
335 383 22637
268 458 14379
322 736 14391
306 602 7348
125 188 20864
248 514 29457
68 692 17959
225 374 14770
153 288 2966
244 352 6881
86 337 14605
78 131 31431
140 413 3973
209 454 24364
11 627 10108
258 553 25497
461 551 2879
8 359 26601
91 148 1169
149 274 8305
111 590 6842
174 350 30270
346 384 14957
229 411 2852
11 224 21250
291 446 2187
12 149 27889
374 388 28993
44 210 27547
465 570 19896
38 479 24763
413 720 1915
44 380 8732
49 377 29631
334 706 16993
268 390 13912
631 699 13320
159 342 7547
33 223 18925
59 65 11290
202 731 2799
88 149 2995
46 345 30360
554 742 24557
238 258 30405
238 355 17761
231 582 24265
3 4 29266
269 708 4738
158 243 19271
14 65 20560
141 453 5834
294 600 12026
211 369 8884
4 9 15582
165 443 29383
173 202 24574
142 210 17298
199 302 11976
450 672 7631
3 85 1970
415 512 13747
559 659 16892
376 394 12017
57 75 31792
182 528 26972
41 328 23875
475 585 876
166 358 9054
275 517 5906
574 596 10168
392 555 10909
151 722 8460
1 43 12964
265 566 30344
600 621 9002
225 637 29521
41 585 15737
48 668 12011
181 375 21868
391 450 6438
3 22 1050
491 689 22626
84 234 30497
137 158 8003
277 306 4866
199 296 23345
155 532 17489
178 223 12089
308 404 28324
206 248 10015
119 464 14720
400 445 31952
161 635 23229
284 513 15981
65 135 15126
336 638 11682
139 230 15580
67 167 24851
8 87 22027
26 29 5880
632 651 26158
506 607 21569
17 46 1493
406 739 28132
136 579 20622
202 747 533
113 125 11158
345 626 17823
125 422 6859
24 506 28057
175 241 8833
61 209 30756
142 289 20540
91 267 14079
281 538 7565
249 504 21772
437 462 18305
108 112 11295
209 247 14941
195 275 12972
303 327 9371
473 662 8496
89 98 30061
25 756 15724
29 114 18990
5 8 3525
92 108 27521
246 487 8554
393 639 17941
487 690 10763
316 559 5194
342 572 27215
650 691 1318
186 187 2113
303 463 25178
266 540 13679
248 591 23111
106 249 26231
39 58 29769
538 596 4647
100 216 9393
85 143 13450
619 648 17192
196 425 11379
94 235 8578
198 227 2655
65 205 31270
101 110 7630
214 432 13449
437 454 2654
65 112 25472
593 614 78
43 123 13389
68 109 27698
34 612 5805
60 265 8191
128 729 1374
174 738 11198
169 466 21450
19 336 26239
151 211 4320
227 246 6242
37 51 14403
429 599 23770
122 425 25172
146 168 16495
282 434 14530
528 643 24487
41 257 30888
37 99 29926
154 184 3164
102 681 24930
114 131 5761
83 244 24952
391 570 29946
169 554 22284
102 368 7623
97 98 29882
269 319 4356
514 752 11008
2 172 17010
77 713 5288
247 615 8788
404 512 21016
352 521 8339
13 49 23388
93 235 30297
469 484 24320
47 297 421
127 451 22543
229 283 23434
159 391 12249
1 19 23828
34 86 4176
126 365 20493
191 751 4625
94 709 24590
198 252 15746
294 534 21927
62 66 30849
49 101 2185
394 702 667
40 714 5863
37 252 8136
325 429 8084
66 128 5658
97 199 18829
229 320 15590
58 528 7906
239 344 7241
93 119 31296
656 682 4635
414 706 19859
290 686 11700
313 671 11632
151 265 1538
189 564 8261
29 89 17896
13 171 392
156 181 6376
488 748 10330
144 276 5744
230 607 15960
148 650 21617
602 678 7819
235 336 31244
750 754 32192
203 694 4462
123 728 21677
53 304 1076
157 289 22945
119 124 12280
236 709 6850
160 585 26828
235 302 19200
493 497 7632
122 176 25410
382 748 14376
182 189 9851
77 212 18170
116 384 12970
295 520 11074
493 595 25073
23 700 19607
621 631 9798
26 29 31801
22 154 3948
158 177 7683
500 612 7738
122 466 1805
29 40 14674
117 412 20527
22 313 22231
155 233 11929
175 184 3020
25 83 20287
25 388 32027
24 28 16848
430 634 30581
288 329 18023
366 497 2696
26 315 23868
238 697 14662
171 628 23041
32 231 29738
139 441 1203
270 574 29633
30 72 4083
10 48 30947
238 435 29018
165 375 17756
110 488 576
18 683 6905
311 363 20447
148 393 2095
143 351 14315
6 366 4321
5 77 27377
70 174 9953
19 64 16403
97 382 14668
82 555 32259
353 454 13007
74 221 27468
214 577 24178
630 745 11330
417 720 10110
637 737 16186
174 202 21661
71 76 22483
305 412 1859
142 616 116
22 108 16377
468 675 21841
91 171 15664
68 148 28311
33 162 3482
84 102 14214
344 607 28737
311 677 3752
20 275 27598
683 690 12136
267 320 13255
118 165 8111
202 253 19877
368 473 15446
54 146 16659
41 473 5520
132 172 17853
40 539 10387
20 248 9830
2 271 13867
34 409 17489
72 125 3586
62 204 5912
167 704 13495
74 182 1156
462 609 24355
385 605 18695
100 604 26459
59 219 13545
18 33 12365
47 189 2883
553 740 29454
211 485 10070
398 408 15661
97 631 502
178 283 2480
334 339 5099
174 287 26239
252 421 13208
25 253 5736
434 671 15197
286 369 9226
378 521 21332
15 276 29759
125 491 29830
608 613 9953
168 178 29876
288 628 2813
36 148 28977
428 746 10199
600 636 5268
251 392 28227
27 41 17954
87 91 7746
8 44 9028
115 166 23273
164 371 612
14 16 23284
187 197 31742
743 756 11930
154 391 25047
133 605 17271
14 18 30091
201 423 13740
136 621 26361
334 431 10631
111 393 30769
94 137 27460
71 141 26611
308 596 31444
306 743 17631
24 42 1962
242 627 23270
265 503 17656
28 682 22939
173 631 30953
582 636 28022
66 419 18870
444 528 7978
506 678 8619
1 186 13207
75 199 8053
172 261 19457
325 553 31314
84 226 31127
2 14 6651
175 180 10348
198 237 28762
342 432 1388
180 319 30573
35 56 8188
604 737 8174
60 735 21311
86 124 3463
364 657 19509
38 403 17352
511 600 6456
45 55 29463
209 264 25720
60 98 30540
78 312 7818
392 526 25023
401 507 16173
226 269 9959
25 108 12738
42 497 19435
144 211 20533
35 296 19109
33 488 19020
329 676 25359
244 410 20622
521 745 18193
429 538 8517
183 265 2597
95 541 31559
29 128 4177
85 229 19848
80 81 28774
55 512 2982
132 278 27521
384 510 12018
463 486 20551
46 448 26776
39 123 27215
68 598 13560
77 314 3766
367 550 10584
295 679 31959
46 60 19563
480 486 13973
102 498 24419
8 302 13760
323 645 138
364 721 3191
187 343 20891
53 187 7319
545 689 6984
69 134 13977
152 227 5305
8 89 10858
356 432 20703
345 552 13603
181 522 11511
272 447 19624
294 517 17045
671 733 9887
275 562 9469
198 535 2616
222 393 25804
336 637 5305
371 658 17932
51 426 9943
33 68 5199
34 124 17720
4 323 23914
266 270 24758
272 408 26331
178 550 19260
124 127 15117
655 750 9299
394 751 748
9 45 21689
195 293 21898
536 657 21143
398 522 2761
525 704 28723
235 340 16191
132 318 30001
22 714 26322
77 123 18107
7 44 22719
97 132 32049
441 443 31496
140 362 1578
1 241 27773
42 182 26600
329 526 5085
8 234 30619
129 133 8124
168 669 26110
103 135 5692
23 126 32301
73 681 25782
165 575 24787
31 654 16091
454 757 31226
30 111 23050
13 14 31259
114 162 31936
46 340 19282
147 239 17259
43 162 25012
477 480 13073
183 487 29243
392 562 1926
405 584 7626
405 410 28192
184 652 1581
455 538 24371
41 192 8494
483 660 22454
219 275 522
649 684 8671
82 528 19442
176 561 30367
409 579 8283
99 171 23353
63 129 12872
184 289 1397
60 97 17361
14 18 5659
37 709 17819
47 210 27825
76 195 10235
301 336 2234
380 407 15342
165 373 11246
6 15 22083
137 438 3601
18 491 20853
57 203 15999
103 341 6958
238 461 6282
453 462 16498
538 628 18228
44 161 30676
143 149 2542
185 265 2897
203 598 3944
16 117 19356
233 433 7311
28 111 29957
168 297 9549
291 311 12860
191 608 18866
86 396 17316
121 158 9596
57 270 20976
44 347 22850
84 204 10560
19 103 31671
693 754 5626
178 425 1714
81 113 28425
360 446 9984
108 333 4441
4 608 26418
533 588 16032
593 688 19680
197 203 1485
151 361 32022
200 578 9661
72 183 10224
176 325 19209
40 62 9347
431 454 12291
77 169 7595
382 590 4666
35 625 17754
79 673 13090
415 452 1910
41 58 16824
583 724 30313
41 141 10543
149 751 31471
42 95 25867
113 248 32208
69 142 13631
434 679 7542
8 196 27936
218 523 23216
22 603 11850
14 103 20217
103 276 15564
82 509 17434
20 92 19517
360 499 14340
315 443 15745
65 165 18742
417 580 21344
213 611 1800
300 492 30798
46 411 32434
544 693 23018
79 598 26858
187 243 28444
223 270 25965
13 214 994
291 401 2255
160 176 12838
411 504 30307
548 757 20792
42 415 8997
13 55 28089
156 553 32731
189 625 23075
206 458 30708
60 130 27693
206 235 16335
133 437 5564
165 655 10342
368 468 18467
106 141 26523
21 30 1755
373 501 19349
19 400 19200
282 644 29930
116 378 27441
209 610 18068
82 562 13225
247 391 3036
53 594 18599
40 247 13247
289 452 24960
30 70 15995
406 486 29941
93 261 25926
18 416 8094
460 752 28000
461 594 29573
187 192 20215
11 207 3153
414 504 11680
235 511 17801
156 263 25419
352 365 22743
21 26 24572
110 130 2138
99 173 12212
504 544 23900
5 151 25929
93 189 32275
38 195 17445
75 363 15666
303 370 7196
81 729 23662
17 73 12769
307 477 5967
221 644 5050
193 451 32221
284 326 11655
301 361 32523
163 353 8254
45 602 20716
140 295 8285
391 555 14618
315 528 15371
389 651 8661
294 315 13532
356 539 30918
211 398 25204
414 694 6757
164 493 10877
122 368 6513
77 294 20394
211 436 5134
245 357 31938
223 336 4171
1 456 20965
6 34 6219
218 256 10630
239 382 4687
108 270 6101
480 606 11067
86 225 8841
209 281 10883
152 298 10314
97 168 15481
58 460 13878
85 524 15471
101 290 28450
218 579 23097
137 299 31670
68 165 11998
31 89 2931
28 99 680
183 491 3642
381 638 15059
68 414 19194
25 642 12164
97 481 9092
106 229 6862
27 30 32450
381 390 30713
60 88 18871
285 487 5696
1 2 5399
333 545 25790
347 624 22624
566 747 9547
279 343 9389
211 480 21103
105 127 24772
531 556 10430
587 597 21772
302 636 32301
13 16 10602
120 281 29263
96 501 20542
213 371 6260
8 69 235
562 676 6426
283 553 10683
6 22 31292
41 254 29689
281 430 22105
12 81 26260
19 611 22610
495 695 12974
296 704 26213
546 564 4830
150 673 4343
44 69 12566
328 485 10733
97 709 4193
54 570 28601
66 81 20222
96 275 884
334 711 2689
114 125 913
64 300 4862
672 739 11536
355 406 15212
82 592 25406
13 39 17604
32 634 609
454 556 28292
463 747 31712
82 149 29346
34 36 31438
49 726 27663
75 98 17880
279 457 11866
521 718 20486
284 363 14876
231 340 31710
22 474 3368
89 255 3254
520 530 24248
31 137 12387
118 560 14096
47 123 32647
170 526 3921
41 214 23848
126 205 4457
82 432 20059
59 139 31082
354 394 18719
105 165 20650
66 85 9671
7 187 4223
359 479 24705
57 506 32115
52 104 16595
46 302 3386
84 530 23343
337 579 14559
121 562 17648
350 551 2519
168 188 19789
37 46 19463
315 649 11833
17 203 26581
5 397 32285
143 207 20185
537 578 18413
17 98 27358
17 77 8472
67 599 29211
191 384 27948
330 571 13559
290 501 19794
72 73 14522
128 176 3569
311 544 4074
213 276 20239
237 589 11351
369 602 13392
22 40 12275
257 531 12193
200 343 22803
107 672 1520
145 172 23466
232 653 3972
343 629 7321
9 301 32202
132 656 9520
127 474 11963
605 639 5228
315 695 23075
240 429 8349
195 221 16236
160 466 14195
543 569 31430
45 94 17320
2 69 24250
202 247 26305
117 327 11142
18 600 23191
191 314 20450
102 570 425
322 443 5875
280 286 15977
97 239 21912
15 79 18690
21 25 23899
58 69 14402
83 366 17827
10 15 7606
11 146 3076
201 548 15894
124 155 12983
555 719 26256
81 669 28839
45 107 29849
12 242 18578
148 169 10566
63 134 1326
21 34 8805
340 364 13913
176 464 8901
9 251 28594
668 735 109
146 347 17204
442 461 27324
264 667 21167
480 524 5025
110 176 26919
26 589 28266
3 157 27017
398 403 31713
