31 43
-5 5 -11 -5 4 4 -14 5 3 -18 3 2 -15 -18 4 1 5 -9 -16 -9 -16 -16 -8 0 -5 -17 0 -19 -10 -14 -16 -17 -2 -1 3 -7 -4 -6 -18 4 -16 -19 -1 
5 -1 2 -6 -11 4 -10 -11 -20 -5 -20 -9 -5 -17 -11 2 -10 -18 -17 -17 -15 2 -2 1 -10 0 2 -6 0 -12 -15 -4 -14 -3 1 -17 -13 -19 -11 -20 5 -7 -6 
-15 -3 -6 -4 -16 -20 5 -3 -11 -11 -8 -8 5 3 5 4 -14 -18 -19 -7 -16 -6 -6 -4 -5 0 -12 1 -11 -7 5 -6 -7 -4 -10 -13 -16 3 -6 -5 -7 -6 -14 
1 -15 0 4 0 -18 -16 4 0 -18 -12 0 -2 0 -1 -10 3 1 -6 -14 2 -4 -11 1 -1 -17 3 -10 -20 5 -18 3 -8 -5 5 4 -10 -11 -1 3 -1 -13 3 
-1 -7 -6 -2 0 -12 -7 1 -13 -9 -4 -17 0 -20 -11 -15 -7 2 -8 2 -16 -20 -12 -16 -18 -16 -12 -5 -3 -1 -10 -1 1 2 2 1 1 -9 -18 -10 -6 3 1 
0 -1 -5 -3 0 -5 -8 -16 0 1 -19 -4 -17 0 5 -20 -12 -14 -19 4 0 1 -8 -2 -1 0 -13 -13 -18 -19 -10 -14 -17 -12 3 -5 3 -7 3 4 -10 -19 1 
-1 -20 0 -15 -14 -16 -1 0 -10 0 5 -7 -6 3 -15 -6 -9 -19 1 5 -12 4 -7 -5 5 -11 -14 -18 0 -7 -17 2 -2 -8 -5 -6 -5 -2 -19 2 -20 3 0 
-19 3 -11 5 -12 -4 -7 -20 0 1 -11 -14 -1 -4 0 -11 -11 -15 -14 -15 -12 2 -6 1 0 1 -6 -18 1 -6 -2 -6 2 -17 2 -8 -15 -6 -3 -17 -1 -9 -13 
-11 -14 -18 4 -17 -9 -6 -14 2 4 -15 -8 -9 -2 -19 -1 3 -16 -5 -13 -17 -13 0 -8 -4 -1 5 -18 -7 -15 1 -20 4 -18 3 -4 -15 -8 -11 -16 -3 5 -18 
-19 -4 -4 -3 -9 -20 -10 -7 -19 -19 -2 -11 -3 -13 -11 5 -11 -8 -15 -11 -12 -1 -13 0 -12 -17 -8 -16 -9 -12 -20 -4 -1 -10 -13 3 0 0 -17 -6 5 -16 -7 
-5 -14 3 -4 1 -10 -10 -2 -10 -13 2 4 -19 -2 -16 -12 -16 -2 4 -13 -13 -18 -2 5 5 -11 -20 -4 2 5 -3 -17 -5 5 -9 -20 -10 -6 -16 0 4 -20 -9 
4 0 -7 -12 0 -5 -1 -5 -11 4 0 -3 -17 0 1 -10 -1 2 -13 -14 0 1 -5 -9 2 -7 -9 -5 -7 -4 -11 -7 -8 3 -20 -8 -6 1 -19 -7 3 -20 -9 
-16 -2 -8 -15 -10 -18 2 1 -6 -7 -20 -7 3 1 -5 5 -18 -19 -15 -11 -15 -1 -18 -18 -5 0 -10 -6 -17 -6 0 -10 -13 0 -13 -15 -15 3 -10 1 -20 -12 -19 
-16 1 -4 -5 1 -15 -11 -14 -8 4 -9 -5 -1 -9 0 -15 0 -14 -12 -12 -4 1 -1 -18 -16 3 -9 -6 -8 -14 -6 5 -2 -14 -6 -6 -6 2 -2 -14 -9 5 -18 
4 -16 -5 -8 -20 -15 -2 -15 -3 -18 -15 -5 -18 -2 -5 -14 -1 -5 -9 5 0 1 -17 -10 -8 1 -8 -16 -9 -3 -2 -15 -6 -7 1 -17 -17 4 -19 -19 -3 -2 -8 
-9 -9 -17 -5 3 -9 -17 -12 -17 -9 -17 -14 -20 -13 4 4 0 -14 2 -5 2 -8 -6 3 -20 -12 -13 -18 -1 3 -5 3 -12 0 -17 -11 -16 -8 4 2 -3 -17 -1 
5 5 -4 -6 -17 -13 -16 -17 -17 -3 4 1 4 -19 0 -9 -9 -1 -18 -1 -9 -12 -15 2 -15 -3 -3 -7 -2 -11 -1 0 0 -14 4 5 -7 4 4 -12 3 1 -13 
-1 -4 -8 5 -17 -19 -3 -2 5 1 -1 -20 -7 5 -19 0 -7 -2 -18 -18 5 -5 -10 0 -9 3 -17 -5 -15 1 -18 -17 -2 -20 -17 0 -14 -17 -3 -8 -15 -16 3 
5 -4 -7 -1 -16 -19 -8 -9 -4 -1 -18 -19 -14 5 -20 0 1 -1 -3 0 -10 0 -4 -2 0 -10 -11 4 -14 -19 -9 -7 -5 5 -9 4 -5 2 5 0 -1 -13 3 
3 -8 -6 4 -4 5 -20 -20 0 -3 -11 -7 -15 -7 -20 -16 -11 -17 0 1 0 -4 -17 1 -13 -16 -2 -19 -14 -10 -10 -14 4 5 -15 -13 -10 -13 4 0 -10 -15 -2 
-3 -8 -11 2 0 0 3 -14 -2 -2 2 -11 -6 -3 -20 -3 0 -19 -14 -19 -10 -10 -4 -11 -11 -12 0 0 -7 -19 -1 -11 -13 -3 -5 -13 4 -13 -5 -5 -20 -5 -6 
-17 -16 -19 -10 -5 3 -18 0 2 -19 -10 -1 2 -18 -6 1 -14 -20 1 5 -20 5 3 -8 -9 -13 -9 -6 -6 -17 -8 -19 -17 4 -8 -6 0 4 4 4 -2 1 -17 
-7 3 4 -2 0 -20 -13 -20 -17 -16 -19 3 -10 -4 -13 -5 0 -13 -3 -15 -5 -14 -17 1 0 1 -15 -14 3 -16 -12 0 2 3 -12 -11 5 -7 3 -7 -2 -17 -10 
-18 -11 -14 -17 -8 -10 -16 -20 -5 2 -13 -6 -14 2 -11 -17 -1 -2 -17 -17 -18 -10 -8 -4 2 0 -19 -19 -9 0 0 -14 5 -8 0 1 -15 -17 1 -20 -9 -17 1 
-13 -17 4 1 3 2 -13 -3 0 -13 1 -9 5 -13 0 -9 5 -5 -2 -6 -19 4 -5 -9 -10 -8 -3 1 -4 0 1 -4 0 -13 0 4 -10 -17 -14 -15 0 -19 0 
-20 -1 -19 -10 -7 4 3 0 -12 4 -18 -8 -6 0 -1 -11 3 4 -16 -9 -8 -4 1 -15 -5 -8 -6 -15 -7 -9 -5 5 -2 -20 -18 -8 -15 5 -18 -2 -7 -19 1 
-9 3 -19 -14 -14 -5 -19 -8 -18 -17 -7 -3 -4 0 2 5 -19 -6 -2 4 -12 -13 -15 -13 -11 2 0 0 -8 4 -9 0 -9 -8 -4 -7 -1 0 -5 -15 3 0 -2 
-19 -15 -17 -11 -18 -17 -15 -13 1 -19 -12 -1 -14 2 3 -3 -14 -15 2 -19 5 -4 -5 1 -7 -17 -18 4 0 -6 2 -4 -5 -13 4 -14 -18 -15 -20 0 -9 0 -14 
-5 -17 -20 0 0 1 -15 0 0 -14 -18 -17 -16 -4 3 2 -7 4 0 -11 -17 -12 -3 -15 -16 -18 0 -17 0 -14 -11 -1 -9 2 0 -7 -18 -19 -10 -13 -9 -4 3 
-5 2 1 -13 -1 0 5 -8 0 -14 0 0 -3 -9 -19 -8 -4 -4 -15 -3 3 -4 5 1 -4 -15 -4 -7 -1 3 0 -2 0 -10 -15 -3 0 -13 -10 -17 3 -19 -2 
-15 -11 -8 3 -14 -13 -17 -13 0 -11 0 4 4 -3 4 -1 3 -7 0 -8 -4 -4 -15 -8 4 -9 -8 -14 -9 -12 -6 -13 -8 4 -9 0 -14 -1 4 -20 -6 -1 -1 
