49 41
-4 0 -2 -3 -11 0 -7 1 -15 -19 1 -15 2 4 -7 -19 -7 -2 -7 5 -17 -19 -12 -1 5 -15 -17 5 4 -18 -10 -17 -17 4 5 -18 -2 -11 -16 -18 -13 
0 -4 -4 -13 1 -20 -11 1 2 -10 -10 -14 -10 -6 2 4 -1 5 -16 -16 4 -8 -10 -7 -5 -2 0 -1 -3 -4 -12 -18 4 -8 2 1 0 -9 -8 -14 0 
2 -19 -11 -4 -4 -19 -8 -10 -3 -3 -1 -17 -14 1 -9 -16 -19 5 -13 -17 -14 -5 1 -20 -13 4 3 -14 5 -6 1 -14 -12 -11 1 -9 -1 -16 -14 0 -3 
5 -4 -11 3 -9 -4 -16 -18 -19 5 -6 -1 -20 5 -20 -14 -20 -17 -17 -6 3 0 -10 -3 2 1 0 -10 -11 -14 -2 1 -18 0 3 -20 -13 -4 -17 -19 -19 
1 -7 -14 -18 -11 3 -14 -9 0 0 -5 -7 -2 3 -5 -15 -1 -15 -4 -5 -2 -14 -17 -6 3 -4 -11 -17 -10 -4 -20 -9 -15 -11 -2 -10 -8 -19 -2 -11 4 
2 -15 -3 -2 0 -3 -14 -10 -17 -11 0 -11 -20 -6 -12 3 4 -8 -2 -20 -1 0 4 2 -12 -13 -19 -16 -18 2 -20 -14 -4 -1 -2 -3 -4 -12 2 -6 -14 
2 4 -13 -11 -18 -8 -1 -2 1 -20 -8 -10 2 -19 1 -5 2 -5 -1 -7 -1 -6 -10 -2 -9 -18 5 -5 -10 -19 -14 -3 -20 -2 -19 3 2 -3 1 -10 4 
-8 4 -6 -18 2 -16 4 2 0 -11 2 3 -20 -1 4 -19 -18 -19 -10 2 -12 -11 -10 -16 -3 -16 -8 -13 0 -20 -2 -18 4 -17 -19 -4 -8 2 0 3 -7 
1 -12 -19 -10 -18 -5 -10 -9 -2 0 -19 -5 2 -13 -13 -9 -1 -10 5 -12 -10 -19 4 -13 -12 0 -3 -19 0 1 -17 -7 3 1 -14 -20 -11 -8 -2 4 -6 
-7 -15 0 0 1 -19 5 -2 4 -10 -7 -20 -7 3 -10 4 -4 2 -13 -11 -7 -6 -2 -1 -19 -14 2 -7 -2 -2 -17 2 5 -1 -3 -10 3 -13 -11 1 -10 
5 -7 -18 -8 -13 -1 0 -3 -6 -20 -15 -3 -4 -3 -9 -2 -19 2 -15 2 -3 -7 0 -15 2 -4 2 5 2 0 1 0 5 -7 0 -14 -6 -7 -1 4 -20 
-9 -20 -7 -8 1 -6 2 -8 1 -6 -7 -3 0 3 -6 0 -8 -9 -8 2 -15 -20 -20 -18 0 2 -7 -1 -4 5 -8 -12 -8 -8 -8 -11 0 -12 -13 -13 -7 
-7 -19 2 -10 -8 -10 -4 -9 -12 -5 -11 -10 -5 -13 -2 -20 2 -9 5 -20 -7 -3 -8 -1 -14 -1 -5 3 -7 2 -14 -17 -5 5 0 -9 -2 -10 4 -14 5 
-15 -15 3 -6 4 -16 4 -19 2 -10 2 -11 5 -2 -15 0 -10 1 -3 -12 -15 -11 -3 0 -4 -8 0 0 -4 1 0 5 -1 -1 -13 -5 -15 -20 -13 -4 -7 
-12 4 -13 -16 -3 -14 -1 0 -17 -12 -16 -17 -14 -13 -12 -12 -19 5 -11 -8 -15 0 -2 -17 -15 0 5 1 3 -11 -16 -7 -16 -11 2 -2 1 -5 -11 -10 -11 
-3 1 1 -4 -12 -2 -11 -7 -4 -6 5 -10 4 2 -1 -15 -11 -12 -6 1 -6 -9 -7 1 -20 5 -12 -2 -5 -5 -13 1 -17 3 -17 0 -7 1 -4 -8 -13 
-6 -3 -1 -5 -10 -4 3 -15 -6 -9 -13 -17 -14 -20 -16 2 1 -13 5 -10 -10 -14 -19 -5 -16 -5 5 5 -3 -9 5 -13 -14 -20 3 -2 3 -20 -19 -6 -19 
-1 -12 -5 5 1 -8 -3 -7 4 -13 -15 0 -10 -2 -9 -17 -18 -15 -12 -4 1 -15 2 0 -16 -3 0 -3 -19 5 3 1 4 -19 -20 -14 -7 -7 -9 -2 -12 
4 -15 -8 4 -2 -13 -18 -6 -11 -15 -2 -16 0 4 0 -1 -16 -14 -18 -20 -20 -20 4 -5 -9 -1 -15 -18 3 -7 -15 -6 -10 -19 -9 -6 -4 -3 -7 -18 -17 
-11 -8 -9 -16 5 0 2 -11 -16 -1 -7 4 -4 -4 3 -14 -5 -6 -8 0 0 -8 -16 -7 -10 -9 -12 0 -19 -5 -11 -12 -17 -13 -15 0 -10 -17 -19 3 -9 
5 -3 -13 -20 -1 1 5 -19 -2 -8 -12 -4 -19 -19 -5 5 -8 -9 -16 -14 5 1 -14 3 -8 2 1 3 -5 -12 -17 5 -10 3 -20 -3 -6 0 -17 2 -20 
-3 0 -8 -9 1 3 -6 -6 -11 -16 -6 -12 -16 0 -3 0 -18 -5 -16 2 -16 0 -19 5 -10 -17 -15 4 -17 -10 -8 -14 -12 -4 -11 -10 -5 -9 3 -12 -11 
-5 -10 -16 -14 2 -11 -7 2 -16 -16 -19 -6 -1 -11 -5 -2 5 3 -6 -20 -16 -6 -2 5 -17 -12 -18 -15 -11 5 2 2 -6 -8 -10 -4 -10 -13 0 -1 -2 
-2 -14 -9 0 -8 1 -20 -1 -12 -7 -16 -16 -1 -19 -3 -13 -16 -8 2 2 1 4 -12 1 5 -12 -16 -17 -14 -8 -13 4 -18 -7 -20 1 -18 4 5 -10 -13 
-4 5 -4 -6 -16 -10 -13 5 -19 4 -10 -12 -1 -11 -1 -8 -4 -18 -15 -16 -8 -9 -5 -14 -19 -2 -8 -9 -13 -3 -10 -12 -4 5 -2 -10 -14 4 -13 -5 -19 
0 -12 -12 -2 -4 -15 5 -14 -7 -2 -10 -11 -20 -7 0 -10 -7 3 -19 0 -5 0 -13 4 -7 -3 -14 -10 -13 -6 -1 -20 -15 -5 -10 -17 0 -6 -19 -2 -15 
-7 0 -3 -2 -16 -16 -2 -4 0 2 2 3 1 4 5 -19 -9 -5 5 -6 -16 -1 -15 -5 -6 -8 -7 -16 1 -5 0 -1 -6 -11 -14 -20 -4 -16 -19 4 -6 
4 -9 4 -6 -7 -19 5 -6 -20 -1 4 -1 -2 1 -13 -15 -9 1 2 4 -3 -14 -17 -14 -17 -16 -12 2 3 -19 -19 3 2 -16 -11 -11 -18 -11 -14 -11 -6 
5 1 -13 -6 -7 -14 1 -1 -5 -6 -8 -7 0 4 1 1 -4 -16 5 -7 -20 3 -10 -20 -1 -9 -3 -6 -6 -1 -1 5 -3 -17 -8 -14 3 -20 -8 -19 0 
-16 -6 -15 -12 -7 1 -11 -19 -7 -12 5 0 0 0 -16 2 -13 3 -19 -20 -11 -20 -1 -3 -13 -13 -6 -2 3 -8 -8 -20 1 -1 -14 -11 5 0 3 -10 -1 
-9 -6 -17 1 -16 -1 -13 4 -13 -17 -20 -8 4 -7 -12 5 -11 0 1 -5 -4 -14 -7 -19 0 -1 -9 0 -12 2 -4 -20 -11 -1 -3 2 -7 -6 -1 4 -4 
4 -10 -2 -5 -18 -4 -14 -7 -2 -20 -10 2 5 -5 -11 -16 -20 -6 2 -19 1 0 -12 -4 -7 -17 -18 -3 -9 -17 1 -4 -14 -6 -11 -12 -19 -10 -17 2 0 
-3 0 1 -9 -12 -10 -1 -19 -11 -11 -3 0 4 -8 -15 -9 -3 3 5 -18 2 -14 -14 -15 -8 -15 -12 -14 -6 4 -6 -19 -2 -5 4 -18 -17 -13 -5 -14 2 
-5 0 -20 1 5 -8 -7 1 -15 -14 2 -9 3 3 -13 -8 0 -17 2 -14 -7 4 1 -6 -14 -14 5 -19 -8 1 -15 -15 -12 4 5 -19 -7 -6 -14 -10 -9 
1 -17 -18 -4 -12 1 -12 -18 5 -19 -17 -20 -14 -8 -4 0 -8 -17 4 1 -11 -3 -11 -13 2 -20 -18 3 -12 -18 -1 -10 -13 -5 0 -6 -13 -14 -5 -15 -15 
-6 -4 -9 3 -7 -8 3 -9 -18 -16 -19 4 -2 -9 -6 -12 -14 -5 -15 -8 -12 -4 4 3 -4 4 -14 -1 0 0 -2 -3 -19 -18 -16 0 1 -11 5 -4 -1 
-18 3 -4 5 -11 -13 4 -12 2 -16 -12 -16 -10 -1 -17 -11 5 4 0 -19 -4 -14 -7 -11 -10 -3 -1 -7 -6 3 -9 2 -4 4 2 -13 -16 -18 1 2 -3 
-13 3 2 0 -12 -7 4 -10 -12 5 -5 -15 -6 -15 4 -14 -16 -18 -20 2 -9 -5 -11 5 0 3 3 -14 -15 -5 -8 -7 -4 1 -9 -17 -4 -3 -7 5 0 
-11 5 -17 -9 -7 -7 -14 1 -7 -19 2 -15 -15 3 0 0 -18 -11 -11 -15 3 0 -19 -13 0 -4 0 -1 -6 -3 3 -15 -4 -8 -18 -16 -11 -2 3 -20 -8 
-18 -15 -10 -6 -17 4 0 5 -12 -6 1 1 0 1 -15 -20 -5 -6 -1 0 5 -16 0 5 4 3 -16 -8 -7 0 -14 -12 -6 -19 -5 -20 -9 -8 -17 0 -13 
-9 -9 -13 -2 2 5 -10 -8 -14 4 0 -11 -3 3 -11 -16 -1 3 -19 -1 3 -14 -16 5 -15 -15 -20 2 -19 2 -8 -3 4 -15 2 -5 -2 -7 -14 -4 -5 
-3 0 -2 -1 0 -7 -18 3 3 1 -16 -18 -12 -5 0 -15 -2 -12 -13 0 1 1 -6 -13 4 -19 -17 0 -18 3 -4 1 -6 -13 1 3 5 -20 -15 -20 1 
-20 -13 -17 0 -11 1 5 0 3 2 -4 -14 3 -4 -8 0 5 -15 -6 -1 -6 -16 -5 -13 -12 -6 -1 -17 -7 3 2 -13 -4 4 -2 -13 4 2 1 -2 -18 
-11 -15 -5 0 -7 -20 -12 -16 -1 -5 -2 -9 -5 -4 0 -14 -19 -8 -9 -18 -6 3 0 -13 2 3 -5 -5 1 1 -20 -16 -10 -6 -14 -14 -9 -8 -5 -2 0 
0 -11 -16 -1 -13 2 -7 -4 -12 3 -6 -19 -3 -2 2 4 -6 -2 -10 -7 -20 -8 -6 -14 -4 1 -17 -8 -14 5 -6 -8 -3 -15 -15 0 -12 -13 0 -14 0 
-14 0 -14 4 -17 -6 -4 -11 -1 -1 -1 4 -11 -5 -13 -12 -2 -13 -20 0 -15 4 -7 -5 2 -11 -8 -12 -19 0 -4 -3 -13 -1 -2 -5 0 1 -13 3 -9 
-15 -16 3 -18 1 -15 -13 4 -18 -13 -17 0 -11 -8 -12 4 -6 3 -13 4 2 -13 -7 -15 4 -3 3 -8 -14 -12 -8 -14 -11 2 -17 -8 -4 -16 -3 -4 4 
-2 -1 4 -16 2 5 0 -4 0 2 -16 -3 -11 1 -12 -18 1 -20 2 0 -18 -11 0 4 3 1 4 1 -17 2 -20 2 -6 -5 0 -17 2 -4 -1 -14 0 
-17 -20 -11 -19 -17 -14 -19 -4 -8 -20 -16 -13 3 0 -18 -11 3 2 -18 -16 -5 -7 -8 5 -18 1 0 -15 -13 -7 5 -4 -11 4 -19 -19 -7 -12 -12 -12 -1 
