180
137 142
115 58
31 97
138 66
103 70
46 138
112 98
116 92
3 136
61 165
26 4
14 88
100 133
97 135
67 32
2 59
153 20
6 140
156 140
44 130
18 122
74 58
81 49
125 132
52 88
15 131
22 32
20 111
169 12
71 10
145 32
105 70
151 105
47 126
91 9
142 133
141 103
13 132
53 119
116 143
137 122
129 52
163 67
160 72
82 99
116 109
76 168
25 123
163 161
43 87
128 13
93 146
85 64
38 163
104 26
160 28
32 98
51 43
89 77
97 164
149 50
16 47
113 95
109 133
44 60
34 58
104 161
116 97
4 161
54 1
70 166
163 15
14 107
2 146
49 112
94 96
162 53
6 127
144 146
76 7
70 73
43 85
169 77
92 76
7 18
33 20
16 168
78 27
16 7
63 71
135 93
162 80
77 60
49 109
68 10
112 104
169 65
163 139
147 22
78 159
68 42
98 92
102 129
31 97
87 56
82 91
158 69
20 99
99 42
48 62
13 20
69 8
47 137
127 113
90 85
134 68
70 110
101 54
40 59
151 81
146 109
61 19
157 86
69 127
168 162
102 18
79 35
144 141
129 25
120 81
106 102
111 155
141 160
5 136
148 136
21 118
61 82
27 61
55 20
36 41
10 134
164 150
82 168
27 20
153 39
11 83
149 73
78 162
67 108
138 152
166 70
118 122
34 82
160 50
131 127
118 44
147 118
129 41
24 108
133 86
105 166
121 0
59 169
148 31
6 16
87 138
102 79
75 40
6 151
155 167
1 24
92 116
121 38
43 95
133 51
33 1
50 162
29 17
116 8
144 120
