388
96 79
274 291
97 42
215 330
330 169
187 273
312 184
59 184
48 345
152 48
5 204
197 3
31 136
117 23
208 190
270 23
321 119
286 334
144 73
96 307
209 186
107 168
237 223
214 275
299 62
80 74
333 30
106 30
117 152
281 314
16 319
87 257
323 267
227 65
204 122
297 18
271 70
302 122
50 231
291 266
229 151
138 321
126 159
72 267
4 50
162 233
147 15
153 23
304 268
291 18
193 212
0 123
46 244
274 319
25 217
149 305
167 333
130 173
197 137
120 302
18 258
291 179
285 11
268 221
313 53
298 56
134 292
136 182
192 97
14 40
243 176
168 68
173 224
240 30
184 313
104 295
269 169
64 107
221 142
125 290
242 23
98 294
329 289
118 203
331 304
298 39
140 258
273 330
83 143
101 17
59 250
171 170
130 171
190 295
248 113
339 76
50 306
149 238
308 168
188 82
279 270
83 225
180 179
210 117
217 307
72 172
308 256
237 312
209 255
72 226
250 67
195 286
127 273
18 283
116 108
285 344
46 47
264 7
294 109
138 136
334 7
197 36
185 93
279 283
25 130
302 220
207 17
316 113
63 180
282 213
129 90
129 287
347 222
30 267
51 305
270 332
207 116
25 154
32 194
40 164
280 39
0 41
319 10
50 195
47 181
336 8
191 254
17 20
237 55
283 346
227 257
132 63
260 234
11 344
59 170
257 92
236 291
283 289
253 19
309 61
279 141
124 248
73 79
248 112
233 263
41 129
134 129
59 250
245 204
171 276
183 11
96 77
158 213
42 76
303 164
158 227
287 287
318 93
116 126
138 309
235 66
36 167
0 65
99 241
38 115
94 216
179 93
179 245
98 310
110 282
339 320
280 153
70 97
231 347
240 126
220 125
155 319
98 39
329 244
125 137
234 230
207 58
113 21
86 246
63 162
306 187
50 52
207 108
58 339
250 270
237 252
277 338
40 315
37 231
48 74
192 316
106 249
274 1
143 75
151 82
199 344
190 75
40 115
104 66
285 218
268 139
119 195
153 338
244 174
96 254
102 336
236 228
162 286
148 37
190 110
188 144
312 341
342 203
312 270
318 341
284 58
95 300
173 88
157 196
29 79
316 232
27 50
254 71
2 167
60 241
102 75
12 16
111 284
95 89
172 132
325 143
183 302
93 266
157 335
308 332
76 222
308 304
219 247
245 35
282 200
38 135
3 189
84 314
80 22
260 327
298 286
66 66
65 11
194 318
157 219
46 346
145 52
288 0
137 20
325 306
165 174
86 130
292 249
103 25
75 342
233 311
199 196
180 5
208 284
124 10
78 105
95 298
75 13
336 211
91 68
267 198
289 9
297 194
31 143
9 339
87 9
251 275
118 1
31 135
34 30
105 140
100 44
72 180
68 208
329 218
35 264
14 290
20 204
154 211
170 322
206 119
10 119
233 5
241 226
268 342
24 252
221 306
38 305
180 276
166 54
342 203
314 279
98 230
143 235
218 26
322 230
227 306
38 35
187 15
263 274
138 37
98 335
114 250
54 147
156 162
202 198
260 311
156 114
292 182
62 160
147 81
27 336
135 42
268 174
154 316
279 282
117 80
75 143
102 143
110 147
323 166
132 73
278 186
232 277
314 74
68 221
276 333
144 44
335 144
179 151
205 307
258 309
213 219
81 299
240 61
279 276
77 144
227 287
108 85
156 31
239 2
62 30
326 115
15 73
21 148
309 343
208 102
208 48
327 258
82 43
269 164
101 319
30 301
