119
87 146
118 18
23 50
46 145
145 137
61 9
53 138
10 107
41 118
38 94
118 82
23 135
70 111
136 2
39 48
135 7
138 32
144 3
36 69
145 73
78 13
17 140
44 81
14 55
100 99
38 126
88 75
70 62
0 24
117 94
26 102
22 57
27 119
90 110
118 119
41 31
60 130
100 126
30 39
123 113
13 85
101 110
28 25
89 100
106 128
61 113
119 86
111 23
64 141
23 132
69 146
83 38
9 20
67 42
55 44
51 109
119 129
105 60
131 12
94 6
81 36
109 115
70 87
116 100
144 139
96 6
70 71
110 139
94 114
83 111
73 78
109 59
10 102
40 108
102 52
0 36
34 86
11 143
41 115
63 138
139 10
136 89
59 16
100 47
66 82
4 50
80 69
68 62
123 74
145 96
122 120
25 17
77 69
99 84
43 139
56 31
53 107
75 108
48 65
96 55
108 116
24 20
20 15
15 85
40 92
29 95
20 102
8 7
25 86
85 64
66 77
32 126
56 51
78 87
110 91
0 118
93 64
67 9
39 143
