258
147 180
27 167
98 63
49 137
111 286
151 288
35 271
228 74
26 242
9 70
265 202
32 69
66 55
232 128
167 103
115 252
282 192
51 261
193 181
182 167
175 222
276 141
152 108
205 272
72 23
43 186
186 93
262 147
192 263
68 46
252 30
136 120
258 39
63 99
165 118
213 251
156 73
230 67
93 48
240 236
224 292
123 259
193 244
11 235
188 132
28 170
125 64
71 273
266 254
211 256
181 144
94 225
94 7
39 226
203 61
158 281
211 205
288 112
266 169
89 41
41 182
55 28
213 28
238 288
101 75
278 244
178 239
271 10
164 67
195 196
211 120
181 73
89 204
18 70
58 211
139 285
118 26
217 184
33 188
176 116
37 277
176 271
14 85
23 49
97 123
146 110
60 144
94 194
8 28
290 26
215 174
197 207
97 38
173 236
292 268
259 234
50 93
283 257
247 291
193 188
103 263
6 58
193 103
127 282
255 266
203 30
35 9
208 157
135 266
47 133
101 283
280 227
106 3
226 42
84 196
70 12
238 64
158 288
196 158
75 111
87 258
204 196
198 200
120 179
139 199
94 80
250 5
280 55
261 69
4 60
214 161
70 22
15 194
186 182
206 127
130 124
116 4
282 57
231 107
277 156
250 82
60 2
127 277
110 154
222 275
181 20
25 60
220 267
108 180
46 105
86 72
143 112
121 213
257 39
16 163
200 57
116 35
253 74
261 35
18 163
276 97
226 233
190 251
17 95
160 102
259 291
53 101
267 247
163 245
177 187
236 68
44 77
158 5
185 291
27 24
252 246
66 6
29 187
228 115
37 259
101 115
6 103
249 29
68 2
101 72
115 69
125 252
265 255
5 158
31 215
135 153
190 17
253 155
242 164
113 205
30 32
192 6
259 281
196 156
50 203
225 224
127 44
156 69
251 125
161 145
283 107
136 37
285 2
219 134
273 209
230 238
90 92
199 268
208 17
162 146
232 201
40 230
4 240
130 288
269 237
146 81
200 137
93 27
218 79
270 290
52 90
47 226
223 171
175 1
50 72
191 248
47 10
161 178
6 108
166 16
56 291
200 200
284 243
31 124
208 162
67 13
169 22
178 83
190 235
16 37
61 48
247 75
159 223
173 132
31 186
52 214
87 173
171 76
143 81
189 136
234 150
289 233
122 181
