141
59 126
99 134
94 73
24 114
89 117
107 92
64 22
37 51
99 121
117 101
10 42
38 154
6 96
132 6
120 106
61 156
137 51
117 49
45 88
86 98
49 131
84 32
155 46
102 44
92 71
33 49
53 136
59 108
15 11
133 38
154 23
95 15
126 132
111 6
20 80
29 153
153 151
18 142
124 2
125 122
116 21
91 129
152 136
53 124
113 77
7 5
48 107
45 114
77 44
118 85
7 110
127 63
109 102
145 101
91 75
47 129
33 12
106 117
112 46
81 138
120 57
4 30
109 7
29 121
21 36
136 24
34 125
116 48
28 120
60 31
122 93
120 76
44 52
82 97
68 96
112 46
107 60
6 100
29 111
30 116
13 123
83 142
29 120
18 17
72 62
85 138
75 65
36 45
16 5
99 36
36 66
47 20
58 138
13 13
32 46
73 8
139 16
135 121
49 66
13 67
48 90
35 153
91 65
20 150
46 59
67 52
1 120
118 148
139 67
125 14
64 23
92 113
102 134
116 90
74 48
9 143
146 39
94 92
123 38
117 81
53 57
18 149
51 61
42 9
95 148
70 118
42 8
63 13
38 57
84 127
56 17
136 109
1 117
138 149
6 36
145 31
51 75
80 53
112 78
94 84
54 23
