90
53 83
42 88
83 117
89 84
107 25
5 124
31 122
21 77
105 71
23 89
78 62
120 72
2 72
106 86
6 71
7 96
27 107
4 17
103 71
120 37
77 12
104 79
66 6
83 94
34 84
62 9
93 0
31 119
106 54
19 33
103 33
57 112
68 96
63 56
0 30
75 16
47 115
113 21
105 102
93 22
80 74
75 60
80 73
14 38
73 97
45 27
59 34
101 63
57 95
20 99
29 57
76 106
92 58
40 110
117 60
30 111
64 9
89 90
41 83
97 58
40 103
38 54
106 93
24 94
9 126
4 78
69 73
60 48
36 46
97 33
80 11
75 16
68 90
77 121
117 57
1 70
29 74
54 16
95 72
46 2
72 59
86 93
10 88
38 0
93 9
55 31
108 60
95 66
54 108
82 80
