88
71 11
78 207
99 11
90 123
71 60
15 180
27 196
13 191
113 138
111 29
142 209
197 53
126 152
80 100
180 90
110 109
50 137
155 106
155 169
128 14
45 121
72 123
174 7
54 9
57 99
9 201
82 16
206 104
61 54
29 95
123 191
171 106
6 163
156 118
180 19
131 95
71 19
5 56
195 157
169 27
207 13
173 18
60 47
180 200
154 202
148 152
59 6
24 18
47 2
128 84
70 89
28 125
22 165
204 71
67 114
122 162
180 0
53 17
128 171
115 1
203 188
31 30
88 9
86 70
134 163
15 205
27 11
52 74
28 131
97 5
49 134
151 81
84 144
50 101
194 12
42 171
72 178
176 70
2 51
1 40
118 81
23 60
91 47
91 59
120 79
24 92
64 41
154 85
