108
15 125
98 3
91 9
42 136
82 5
142 35
93 44
14 83
39 47
96 81
114 46
127 2
43 7
111 16
82 12
124 108
20 94
67 48
119 67
35 111
3 44
32 85
57 94
43 96
49 93
14 86
26 1
27 8
118 63
39 128
125 73
35 82
101 19
21 23
10 104
142 84
104 43
109 95
19 78
21 93
105 50
123 107
39 132
47 18
103 22
70 115
86 135
7 19
116 103
8 133
127 22
126 88
25 75
106 91
112 128
105 114
41 72
109 26
102 129
21 43
124 133
47 125
32 56
61 85
140 60
4 78
127 31
133 113
135 77
35 36
73 29
96 83
113 26
77 96
93 70
19 58
36 15
48 23
84 23
105 19
137 57
21 8
25 140
14 96
80 107
24 124
0 83
52 107
96 72
88 58
45 38
82 79
32 46
2 125
71 103
63 135
64 80
103 77
99 73
24 74
134 45
108 100
105 42
27 92
6 63
26 47
7 12
83 3
