195
46 41
44 54
182 21
190 16
80 43
22 175
119 35
92 153
155 103
168 168
50 184
112 18
83 137
58 103
182 118
24 171
188 58
159 51
3 73
3 186
29 188
83 18
72 33
102 40
108 125
55 166
182 13
79 196
82 116
92 192
143 164
139 46
185 39
184 192
93 48
101 111
56 124
154 74
141 105
123 34
97 69
100 6
91 86
29 81
41 169
82 124
82 16
5 100
143 68
49 158
120 181
177 127
22 178
145 159
3 118
91 172
52 61
176 47
187 96
116 86
110 14
132 151
36 51
110 111
128 84
18 175
134 51
196 95
194 179
175 35
128 105
34 150
105 126
1 7
94 112
24 11
112 102
36 130
27 189
156 50
25 112
185 19
144 194
56 109
82 123
69 130
130 5
160 11
123 102
16 50
115 102
185 161
137 22
149 158
187 69
51 33
42 164
126 124
139 101
113 80
22 66
177 143
56 196
55 105
134 1
170 102
15 72
86 24
191 51
92 101
71 158
66 37
71 133
49 114
67 21
69 111
23 79
128 14
180 195
134 34
143 134
11 17
36 65
118 26
169 8
180 106
110 123
24 187
143 15
54 140
56 105
78 2
71 158
29 143
81 93
56 198
117 50
100 132
196 1
0 65
61 199
195 43
0 143
110 60
90 93
109 5
62 68
32 179
156 40
189 72
17 199
63 47
159 133
146 58
68 63
38 55
147 21
123 66
109 28
155 31
195 75
182 185
81 177
47 133
158 154
24 163
22 26
66 31
13 1
133 185
102 155
158 102
108 54
111 95
114 185
127 134
72 24
1 85
120 87
15 135
162 177
6 52
133 157
20 168
80 139
91 174
168 131
135 127
120 129
174 177
33 93
60 100
99 37
57 115
70 138
