101
88 132
193 89
32 51
39 8
165 81
214 217
1 23
220 205
215 209
214 65
193 48
181 175
36 66
63 215
78 218
118 47
12 148
172 196
154 132
54 214
80 168
23 99
160 113
49 2
31 156
104 217
81 211
60 199
85 141
175 127
22 2
206 168
220 57
149 136
167 142
62 171
154 198
40 55
41 78
23 206
42 103
142 52
32 26
29 38
130 6
61 210
66 49
142 195
120 19
96 71
162 166
50 131
85 149
190 91
103 23
78 117
108 16
177 140
43 60
70 104
130 18
53 185
103 76
128 3
8 12
20 51
163 29
112 46
156 93
169 44
72 219
119 61
93 1
94 175
3 61
171 108
68 64
81 61
136 206
31 26
219 185
69 17
23 183
70 168
108 138
137 197
109 80
215 1
124 174
200 181
12 123
166 180
167 48
168 60
162 24
126 35
208 100
162 139
150 43
94 64
207 1
