225
131 112
103 183
25 42
176 154
20 263
147 66
65 216
83 242
21 51
245 242
118 172
133 176
239 111
45 239
233 56
43 93
187 147
251 75
87 233
96 37
202 255
164 123
27 109
262 86
224 249
195 190
65 42
13 44
121 15
94 242
38 152
69 1
47 122
210 100
82 88
261 0
122 122
204 147
37 102
7 33
56 197
43 81
93 85
227 43
146 68
97 65
180 16
76 89
71 3
263 94
122 123
156 40
35 204
123 125
20 63
136 8
190 239
154 216
260 204
155 172
137 157
119 121
197 9
188 42
94 243
62 24
203 76
105 59
46 198
195 2
117 53
80 182
248 156
85 55
49 65
178 150
193 45
201 244
144 72
32 1
55 139
37 69
100 232
19 132
246 210
239 118
181 76
8 203
37 71
83 149
241 52
80 229
157 100
209 119
17 78
144 177
250 189
79 192
92 198
185 157
138 155
65 141
16 223
211 65
167 248
118 222
247 125
43 216
54 127
158 24
143 185
125 258
97 248
236 132
56 209
221 23
191 89
170 142
198 94
210 114
108 44
144 26
247 183
180 186
186 8
62 2
101 127
128 16
94 156
14 23
15 78
124 156
88 142
163 50
113 6
180 253
134 215
105 65
108 230
107 107
69 20
0 131
146 10
167 10
26 66
58 119
142 176
16 3
146 57
67 200
81 29
238 29
171 151
197 100
30 196
95 142
104 85
214 105
50 222
102 184
135 33
112 21
124 1
133 240
68 89
167 67
212 73
82 215
156 203
151 92
249 208
172 255
173 258
57 264
77 26
13 33
145 80
83 71
49 48
123 140
88 23
116 66
49 171
241 92
211 160
138 236
95 67
135 67
169 137
180 113
203 211
175 27
43 28
128 215
62 122
21 18
21 146
82 209
161 94
44 166
25 139
128 52
182 118
249 159
86 4
3 166
263 244
98 6
101 25
124 261
192 221
60 192
121 21
207 9
19 168
73 152
179 147
174 250
115 191
112 151
89 20
233 189
70 161
43 78
61 109
