258
111 87
68 154
222 102
198 148
235 158
110 56
72 69
148 66
111 133
59 93
10 158
2 214
164 47
141 5
126 97
99 93
85 112
175 137
83 8
13 58
175 20
164 1
41 85
137 44
83 118
208 68
68 119
82 119
167 143
100 104
201 59
125 186
44 206
25 154
212 220
61 108
111 177
209 93
59 113
231 57
158 101
186 93
9 74
227 69
123 117
148 240
88 107
43 67
126 174
228 229
65 70
238 103
163 194
117 209
174 123
144 200
109 95
99 151
2 209
231 29
104 111
111 121
84 123
164 210
30 2
97 153
183 212
82 216
205 65
7 182
71 105
16 214
46 114
117 34
46 102
112 42
176 120
167 146
84 108
166 204
40 65
222 160
71 18
193 122
166 168
18 197
233 70
119 64
231 166
134 174
215 221
171 139
221 226
218 37
2 80
193 53
149 150
187 202
227 182
139 107
119 53
12 3
204 190
40 87
7 155
101 236
75 87
72 233
120 27
229 205
72 81
44 38
160 41
75 138
64 18
12 100
88 138
7 139
133 33
31 216
117 227
232 182
45 206
191 29
92 181
225 53
70 117
183 34
167 96
221 131
31 162
88 113
54 59
85 225
97 197
140 174
6 182
167 29
224 139
117 134
165 176
52 52
132 126
98 94
169 42
111 153
28 211
49 189
96 228
97 184
104 192
113 53
179 56
97 48
113 239
16 221
34 227
104 155
184 154
230 61
21 32
201 38
170 113
149 210
48 28
104 88
185 75
27 170
130 127
223 172
154 6
36 185
162 56
205 121
126 127
47 2
111 222
196 69
117 180
2 232
237 150
133 21
207 73
92 200
29 132
231 104
239 173
78 198
149 108
46 15
172 86
19 212
103 33
198 192
134 210
81 149
15 118
75 118
106 234
22 88
199 191
155 39
234 41
223 219
222 50
209 193
130 237
121 145
4 235
79 120
28 19
221 184
147 127
81 236
43 99
200 151
133 180
240 178
175 87
155 95
127 122
218 6
75 28
175 10
207 48
115 108
211 74
200 147
86 79
218 40
199 94
175 204
203 17
114 149
78 232
128 237
97 130
50 21
106 45
184 54
89 138
109 27
156 182
118 30
116 210
127 81
156 135
165 48
6 148
143 119
226 28
0 218
71 14
131 185
106 116
238 16
145 151
218 100
