196
114 169
73 130
68 98
7 55
133 142
27 42
138 102
60 71
31 48
12 123
168 121
159 131
51 47
99 10
119 164
112 129
104 86
109 128
123 92
127 91
121 143
116 37
29 67
14 90
26 150
15 31
2 15
81 118
13 115
160 68
172 75
121 171
99 40
57 117
118 126
6 105
71 172
129 82
126 141
27 136
41 114
65 0
150 41
70 97
70 41
54 57
64 134
163 129
25 107
158 129
54 75
46 83
27 135
90 131
146 22
25 45
81 157
61 34
106 164
118 89
11 26
138 127
51 152
7 137
71 84
83 4
15 101
170 149
49 108
109 157
22 6
37 65
112 1
28 20
158 87
41 150
70 23
169 40
87 157
75 50
42 110
139 22
159 31
21 119
91 21
140 87
73 130
124 146
154 60
73 145
158 39
139 100
19 152
160 163
135 154
35 105
108 36
60 169
165 122
2 162
55 13
81 139
41 163
72 92
12 9
79 95
1 24
17 109
106 143
105 88
90 22
99 130
18 126
154 42
141 120
165 137
119 139
23 39
85 23
78 27
135 7
15 62
70 90
78 0
155 142
151 154
102 33
71 130
167 90
119 81
127 62
51 10
27 145
38 121
30 92
166 42
139 70
71 121
170 18
165 160
10 115
51 169
18 90
93 7
143 73
122 27
69 134
21 163
40 76
139 114
89 37
117 63
108 65
75 89
6 53
94 138
97 56
88 28
71 69
33 14
152 84
168 160
62 121
96 15
26 118
53 47
101 159
160 150
118 171
8 113
129 141
157 50
40 56
118 99
49 109
136 165
37 156
41 80
135 130
48 62
45 67
0 70
16 148
40 60
134 106
75 56
52 31
162 47
33 134
142 76
169 10
61 95
19 7
24 111
49 0
137 73
