168
90 35
1 10
26 67
117 34
37 122
115 10
93 80
13 106
138 89
72 16
48 84
113 84
122 42
112 16
129 74
78 106
38 128
84 22
15 56
19 74
108 111
33 138
3 103
93 140
62 119
69 89
109 29
145 6
97 127
143 132
146 40
86 28
69 121
52 20
16 74
99 145
121 73
30 33
131 45
46 92
101 113
29 139
143 79
72 40
75 63
33 43
21 138
42 62
1 42
55 25
86 18
81 86
136 0
84 95
10 108
133 113
103 27
149 85
92 54
20 44
153 138
22 109
5 60
66 44
55 83
78 130
40 6
132 134
13 85
43 60
77 0
82 28
112 102
133 128
143 32
40 95
40 37
110 79
39 94
3 148
30 139
75 94
70 42
54 21
12 19
97 69
0 63
143 1
147 124
99 113
65 7
28 30
122 123
116 52
47 72
16 14
76 10
105 91
9 111
123 129
11 13
134 110
45 145
51 89
113 46
100 133
60 9
110 126
126 65
66 11
22 80
129 15
10 39
46 44
132 132
96 103
66 84
82 8
85 112
134 41
45 37
57 45
69 104
137 26
145 56
127 101
23 90
84 111
49 15
152 54
31 45
104 131
101 142
92 72
93 39
82 80
137 33
135 57
120 35
90 19
75 62
60 129
24 21
66 141
94 76
16 56
32 131
135 56
36 104
45 138
112 50
58 35
133 1
140 36
18 40
33 68
147 74
58 46
16 69
151 111
35 152
56 43
86 92
69 113
86 51
136 136
62 0
70 141
