165
193 252
265 12
162 168
57 240
64 114
85 158
23 106
178 58
187 99
56 99
241 86
228 157
164 161
71 134
2 96
134 69
138 18
174 138
198 171
146 82
109 56
200 256
150 83
96 22
55 65
71 15
75 8
138 170
234 253
33 26
129 151
144 199
191 220
196 209
179 45
45 45
155 153
205 232
106 210
123 63
126 114
119 44
202 171
191 105
256 16
236 49
237 143
164 81
47 23
219 121
149 128
36 202
13 267
156 9
211 150
255 31
48 93
217 59
159 184
101 39
21 158
154 74
153 159
59 4
179 192
261 190
179 253
219 1
140 22
46 274
216 228
223 209
252 269
147 121
233 85
39 121
146 107
24 11
192 83
252 10
189 172
231 117
178 218
115 231
166 114
269 202
29 115
236 252
145 50
182 270
39 272
18 45
141 69
80 170
83 9
79 195
138 16
255 109
165 135
122 100
265 88
17 53
218 57
46 248
252 26
254 224
233 197
230 124
210 219
118 77
92 60
178 131
167 87
178 222
186 231
145 246
204 138
23 39
235 7
55 18
163 162
64 18
19 33
13 89
44 177
164 38
87 20
34 78
56 168
233 4
168 205
53 86
64 7
50 94
91 219
271 91
119 146
160 86
3 211
89 103
70 168
33 20
50 248
75 50
231 269
142 185
148 160
5 20
112 212
73 88
245 58
16 94
80 268
77 36
205 170
137 63
161 52
133 261
262 31
272 69
188 180
75 159
190 34
64 96
59 142
