184
235 19
95 138
31 122
202 99
170 79
158 60
71 50
228 237
179 178
176 52
46 143
56 220
169 3
177 84
137 70
160 187
156 16
171 130
162 39
175 62
38 224
27 159
86 22
86 206
209 107
187 153
234 133
94 33
98 225
172 11
53 16
173 89
86 5
92 231
140 153
102 193
69 155
207 187
15 123
73 19
145 98
44 248
183 208
113 201
223 26
154 216
194 194
90 141
230 37
121 69
219 234
61 37
134 43
217 93
47 199
176 2
60 217
84 254
48 192
43 79
89 44
36 233
201 179
196 33
18 198
29 232
72 28
84 36
216 223
104 146
168 68
82 230
13 60
151 28
36 5
150 47
246 185
2 49
151 157
93 226
14 229
246 227
187 17
35 252
33 173
193 175
163 154
201 18
183 23
113 4
149 51
20 233
214 134
130 225
45 30
232 164
135 31
203 13
81 143
242 113
181 44
187 75
121 94
6 213
223 25
109 45
61 69
213 3
12 125
136 245
62 184
254 58
156 55
112 126
220 68
225 73
228 23
194 191
56 1
201 139
157 153
173 214
133 152
228 131
156 172
138 170
180 210
14 254
95 21
81 23
227 189
97 78
237 207
216 172
36 221
44 142
0 15
103 254
15 237
157 121
2 197
145 129
171 183
213 79
216 195
109 247
157 112
183 207
4 88
17 245
178 46
150 189
135 152
99 234
173 234
174 242
42 32
189 190
243 21
107 14
3 239
89 8
249 51
252 160
79 217
21 66
141 21
201 125
39 117
0 161
231 26
156 7
247 51
191 108
18 125
182 159
76 111
58 113
25 192
160 150
108 31
31 124
149 22
86 52
