348
269 91
264 285
213 296
78 250
83 135
65 92
74 1
57 144
146 308
230 161
182 184
195 312
73 210
35 143
191 98
70 245
86 230
106 149
113 134
170 9
255 161
91 129
71 32
146 137
235 113
253 39
51 167
302 128
259 232
116 220
211 219
174 295
218 39
133 127
257 287
78 32
69 232
165 71
315 108
224 71
23 172
31 255
120 157
7 239
295 58
297 297
21 236
44 63
185 78
203 24
177 203
208 219
240 43
143 206
78 221
171 30
131 102
70 246
97 1
8 271
15 288
34 155
50 167
266 100
235 35
282 11
229 263
248 152
181 170
53 129
59 279
311 19
6 29
315 140
191 289
147 221
250 134
14 46
149 135
254 39
269 199
186 321
282 157
200 206
15 273
271 189
190 195
27 314
237 226
42 124
76 140
257 100
197 116
259 177
154 120
142 256
30 220
229 214
99 230
94 199
226 288
48 42
299 75
209 50
238 137
170 19
107 62
98 54
50 294
223 256
298 210
186 162
270 219
186 113
164 95
260 152
170 75
193 182
243 165
111 168
7 279
129 204
205 155
21 195
80 268
167 317
103 305
308 150
142 137
240 310
62 14
232 268
108 94
198 92
273 211
126 39
32 294
297 280
88 155
220 128
35 298
67 169
52 89
266 147
173 12
276 319
156 169
123 156
55 257
95 282
169 11
30 296
231 16
19 319
59 126
313 25
8 272
11 187
134 30
266 45
88 162
70 253
86 138
76 79
284 297
220 13
284 247
323 91
134 111
195 68
171 48
321 241
38 47
214 49
195 144
218 26
101 133
306 11
317 111
313 30
173 0
64 312
85 313
92 159
41 245
320 71
134 273
104 168
230 77
270 143
150 171
199 216
38 207
307 178
44 191
244 53
8 35
204 132
216 252
314 37
182 312
196 137
294 97
114 136
74 228
221 298
223 47
272 207
126 263
307 153
199 118
286 243
197 199
4 280
245 303
230 4
223 74
117 266
95 73
83 7
204 182
180 122
107 81
299 188
114 44
148 170
315 3
283 144
62 18
104 137
137 108
81 24
319 274
80 45
172 107
54 257
168 49
63 18
317 171
22 310
5 132
171 97
318 244
155 238
25 270
196 10
120 194
234 71
235 268
253 227
25 68
192 163
92 167
133 111
146 267
102 43
251 234
92 275
79 136
30 126
26 78
143 32
212 209
112 255
182 72
136 135
302 109
133 260
98 242
224 304
252 187
23 52
133 158
210 72
227 319
23 159
303 137
307 203
7 233
230 4
216 302
180 302
236 60
193 18
1 209
102 46
309 125
125 279
157 180
27 255
320 141
47 322
74 229
186 154
184 158
297 139
238 10
274 244
161 275
204 74
302 60
76 80
252 143
0 112
30 116
317 253
309 119
46 98
238 277
13 78
23 28
53 192
314 292
95 184
208 225
29 238
92 254
154 283
46 119
139 287
137 162
173 246
218 167
172 225
112 305
87 226
217 304
198 202
78 120
93 111
206 226
257 282
59 145
147 207
94 36
95 250
284 11
199 132
248 162
285 287
195 201
190 247
101 20
152 86
302 318
96 28
297 37
20 162
