116
166 270
71 282
275 222
4 303
304 157
180 55
24 108
119 290
164 122
155 111
221 23
221 26
93 202
77 282
295 72
255 46
180 310
279 226
136 57
53 4
12 67
17 116
109 177
41 19
300 51
169 307
279 59
26 207
233 210
46 220
238 175
299 249
145 209
206 283
209 23
194 172
121 110
305 260
71 235
201 41
16 218
59 27
210 222
0 227
282 202
21 182
294 55
1 180
173 7
125 53
238 50
83 30
263 302
193 280
280 196
272 139
55 24
152 281
140 186
231 165
311 11
306 286
137 170
259 15
81 32
75 113
120 192
249 258
39 291
172 32
7 114
198 273
240 86
201 285
55 69
126 22
114 61
28 110
222 158
30 170
11 267
177 158
245 10
228 177
23 4
200 42
275 167
146 27
85 66
86 213
105 120
262 5
98 104
276 197
237 100
69 302
100 34
38 236
207 136
91 226
168 299
5 256
62 32
204 98
45 212
54 291
300 98
223 194
63 204
49 204
29 212
149 282
189 203
267 140
109 65
167 149
