97
193 263
280 306
33 60
29 49
174 271
192 327
279 50
308 61
310 35
116 131
240 305
17 104
112 246
60 175
335 190
104 4
61 316
95 273
254 74
294 125
144 104
247 32
105 147
282 168
77 249
281 110
32 54
206 155
118 5
174 189
217 318
92 141
216 300
170 88
127 152
177 91
15 55
120 93
90 233
288 200
6 192
174 272
140 67
115 309
67 248
333 4
122 286
159 201
171 208
42 341
186 318
242 250
223 116
96 290
107 262
38 266
333 120
20 191
27 147
198 98
253 8
291 306
46 21
89 42
196 181
285 276
194 185
184 46
240 60
81 102
275 129
69 16
344 39
46 165
82 59
72 275
8 131
131 45
224 94
168 105
303 104
77 217
142 4
207 185
302 115
324 64
265 37
71 317
70 89
103 181
275 199
176 95
139 231
265 310
119 323
156 337
229 11
