335
336 5
368 118
207 22
361 311
4 196
239 305
229 270
130 76
0 139
107 108
137 143
170 111
169 8
163 303
159 37
56 263
315 295
349 248
274 3
37 128
353 191
289 69
27 137
227 347
353 104
152 64
125 87
252 215
334 143
125 163
112 205
223 137
177 77
171 212
102 209
207 85
304 301
185 218
113 74
366 38
79 97
197 42
27 161
344 282
134 317
262 219
112 215
281 184
72 191
74 42
104 220
183 201
49 148
44 347
122 183
97 259
101 202
275 19
358 279
301 349
307 60
93 368
75 147
339 24
275 29
221 339
154 288
364 124
4 289
342 281
121 150
120 257
175 138
341 229
77 255
292 355
202 305
147 52
61 43
73 362
330 287
329 198
93 189
283 86
65 204
202 231
324 272
202 301
345 123
181 55
278 199
21 144
327 35
195 190
127 82
182 221
37 116
345 60
33 370
155 288
141 240
289 265
130 29
52 93
167 71
308 250
60 119
119 240
299 8
147 371
227 159
63 114
196 37
110 315
359 28
9 57
362 11
318 340
83 317
30 148
197 87
356 68
315 325
138 232
20 114
364 205
187 279
263 20
35 142
228 129
205 179
312 113
33 123
366 331
95 35
371 7
164 187
253 104
7 276
187 143
87 190
232 207
133 130
59 227
187 371
322 42
193 215
165 369
235 353
368 34
106 244
135 268
146 267
191 99
200 71
346 113
173 292
207 197
127 316
122 215
50 300
36 108
33 232
128 236
38 357
153 249
264 72
184 346
44 230
284 83
62 79
198 347
300 80
296 95
95 284
289 49
121 32
332 29
83 157
360 146
356 106
249 241
277 371
71 337
78 138
203 43
53 224
352 48
346 209
28 274
239 91
335 132
313 52
263 8
322 219
89 96
92 198
299 213
126 61
71 146
321 57
186 188
258 17
176 312
166 133
343 186
350 126
254 28
176 320
300 266
130 267
313 357
361 55
308 353
93 222
361 16
79 276
122 280
287 228
125 248
212 298
148 285
56 266
7 258
200 336
333 134
31 286
169 361
273 66
43 334
363 341
288 159
66 283
66 30
333 159
159 354
75 321
263 237
65 354
180 193
139 320
306 352
44 323
68 189
275 191
101 151
277 143
186 192
37 157
94 58
245 127
115 261
73 134
157 369
209 61
117 193
315 307
364 93
27 189
48 163
115 302
97 60
157 24
299 102
195 296
80 289
45 312
173 306
1 324
62 90
252 134
281 247
251 247
171 275
236 59
25 238
105 150
348 174
293 340
100 121
130 326
254 66
31 78
16 299
347 181
5 279
262 102
173 86
67 62
90 221
17 346
164 139
69 209
350 248
95 195
361 14
153 0
368 205
154 173
321 47
367 115
3 216
111 165
41 250
266 301
345 348
107 306
197 340
151 21
266 234
57 76
305 255
120 226
35 295
137 156
183 283
286 15
335 217
39 355
8 343
26 276
34 158
90 175
167 132
71 191
56 5
134 28
277 15
111 303
278 151
42 228
191 217
338 117
90 83
218 324
