164
106 21
50 82
32 72
113 171
56 36
143 9
121 130
5 97
32 96
57 112
100 62
175 47
100 63
133 36
170 20
29 24
176 70
148 50
41 67
176 64
188 134
86 177
160 159
156 186
129 175
49 106
35 159
88 138
53 91
103 116
168 189
151 19
16 35
156 42
151 147
26 39
158 87
152 184
104 49
57 33
164 41
39 60
40 123
96 149
11 98
55 185
48 34
7 50
30 166
24 188
87 109
60 29
156 162
51 144
80 81
73 72
36 65
104 135
50 150
70 131
25 70
82 94
109 167
138 135
182 80
6 50
104 32
127 146
149 16
130 94
69 55
152 184
158 69
56 34
155 12
158 148
38 78
153 61
61 123
152 44
167 41
18 40
39 148
147 83
2 97
108 133
166 28
160 25
78 136
69 141
153 40
113 177
49 160
75 117
148 101
111 188
171 183
28 27
98 37
172 42
95 115
133 56
2 42
117 83
134 142
132 169
165 164
180 100
140 102
82 129
88 94
102 73
111 166
72 162
85 6
88 26
154 189
188 79
85 39
10 132
140 139
52 153
128 27
15 12
147 79
182 140
97 184
69 119
120 117
59 47
131 152
44 165
18 20
49 67
100 53
40 12
168 77
189 112
131 102
43 188
125 145
25 26
31 141
4 140
85 20
144 141
71 10
20 170
124 74
71 18
121 161
72 79
170 144
39 72
119 104
103 75
25 164
184 53
135 99
138 100
87 77
144 56
113 113
155 122
