402
202 302
237 352
54 269
288 207
29 314
4 231
163 264
105 251
84 40
302 2
13 191
125 328
344 303
276 207
171 192
153 125
290 67
150 267
202 227
62 290
48 118
328 217
143 198
10 91
317 308
60 163
329 272
6 117
29 83
182 287
16 237
127 296
106 35
331 295
14 276
77 11
89 203
234 137
250 217
45 171
165 250
118 172
292 49
25 44
227 263
282 110
126 200
266 75
93 222
39 200
298 198
189 115
75 72
130 229
166 173
351 76
73 271
255 15
279 113
204 10
142 32
71 109
151 301
129 39
354 59
271 187
351 312
249 45
221 103
7 133
297 8
272 272
63 239
176 164
286 110
175 70
322 162
38 199
85 264
318 190
171 160
166 283
139 313
26 81
49 54
202 315
214 216
247 302
160 150
300 154
286 174
231 33
263 177
334 24
242 224
317 271
263 243
309 260
320 50
335 303
34 202
246 341
208 299
229 151
324 112
228 25
193 222
272 217
62 20
276 88
133 162
287 191
218 141
108 55
68 235
161 220
296 223
15 262
145 279
197 337
96 20
275 289
193 290
161 1
169 168
268 348
346 146
303 4
239 170
26 59
285 259
232 127
163 293
55 247
236 301
32 91
82 287
342 166
137 241
35 338
261 157
281 132
345 24
115 225
224 77
128 116
65 24
123 169
31 35
120 239
249 304
337 145
100 337
285 109
128 13
25 158
323 7
260 354
218 167
64 87
312 96
61 171
230 276
134 225
200 223
326 330
284 350
193 12
288 142
287 314
296 48
196 292
322 238
72 268
61 341
136 29
256 245
142 347
119 88
126 331
258 23
342 17
29 277
116 347
12 125
84 55
292 247
235 304
145 58
302 1
254 88
263 259
130 285
303 140
132 124
295 275
85 140
180 26
232 46
149 198
42 128
146 166
116 226
119 238
22 242
17 153
85 173
325 73
319 168
75 279
225 84
56 342
225 14
163 135
113 125
8 161
36 165
118 186
100 140
128 295
100 303
54 1
194 40
149 284
91 297
338 182
330 192
214 275
122 232
168 220
340 34
22 245
297 333
11 144
132 267
197 55
187 189
104 84
145 353
271 95
107 138
197 148
355 79
128 251
209 168
106 12
54 157
175 242
29 192
111 215
92 289
146 336
318 24
221 315
111 147
60 242
249 25
88 198
120 194
159 260
236 340
122 7
149 285
335 66
168 126
338 319
160 43
132 288
207 60
6 56
302 327
288 210
354 51
78 198
149 101
243 64
169 329
7 153
91 331
24 147
194 306
181 184
88 197
291 250
197 304
105 213
84 186
282 270
243 80
176 79
182 164
311 243
18 247
222 207
290 19
141 308
235 306
184 27
332 115
351 39
244 214
66 42
267 201
15 170
27 168
5 325
292 203
259 139
41 301
66 24
100 261
88 173
47 212
70 179
225 56
311 257
225 68
88 13
169 279
102 107
125 46
166 65
137 141
241 258
137 133
285 304
271 277
302 187
2 241
312 52
125 14
167 258
14 290
312 20
132 103
104 92
215 44
227 46
66 55
46 175
125 253
104 116
29 214
114 253
132 24
221 259
322 131
220 198
152 10
154 71
106 204
176 229
280 180
343 32
0 157
129 303
167 202
165 82
353 293
244 352
18 35
150 103
42 300
6 48
31 279
37 304
338 183
163 83
240 295
318 324
173 67
208 157
2 20
320 233
78 191
278 310
306 160
18 120
191 241
76 244
96 140
325 329
324 100
133 20
15 1
254 237
87 253
243 57
50 247
36 46
90 25
101 17
142 108
122 251
255 133
266 326
45 174
303 177
216 199
165 243
140 121
204 319
