178
128 207
196 99
58 174
87 54
24 32
147 77
155 174
37 96
93 194
83 65
108 79
171 101
59 39
0 212
115 5
229 167
112 148
183 137
38 207
214 25
222 11
101 136
179 146
227 46
58 105
9 169
209 140
140 121
55 1
29 93
133 50
39 98
3 95
200 62
206 123
28 136
209 30
215 82
73 43
34 153
78 146
64 124
86 25
217 92
108 151
70 107
217 105
37 24
154 64
104 25
11 98
121 122
17 168
97 62
54 113
74 42
65 69
201 146
100 5
64 183
202 160
202 30
136 81
48 199
155 175
116 187
139 213
93 231
39 147
10 57
73 44
74 137
51 195
100 226
2 31
138 73
26 38
179 221
90 81
168 103
17 29
183 196
216 226
159 48
194 39
60 174
59 189
44 77
13 146
152 189
208 73
15 123
202 25
167 129
77 67
141 129
145 200
216 171
186 90
9 181
123 130
189 123
82 106
150 15
46 123
126 162
15 186
126 148
20 175
7 73
187 70
39 181
29 41
134 185
191 190
9 117
217 133
134 200
16 197
201 135
126 87
159 218
189 98
145 61
48 81
75 214
19 42
157 202
140 65
226 29
65 124
112 193
172 152
103 22
229 124
165 196
6 220
49 157
205 201
182 46
101 79
187 23
70 63
25 177
198 134
156 79
192 150
21 208
212 179
207 77
15 105
114 54
189 12
197 10
20 39
230 30
51 153
54 197
58 14
81 121
220 50
188 209
170 139
10 51
154 191
56 52
96 83
223 126
195 213
90 1
36 109
33 158
66 224
46 111
137 197
6 211
45 188
193 57
