84
19 95
54 85
106 32
96 120
90 118
16 83
123 52
88 5
86 11
110 48
97 43
12 80
79 108
68 121
112 60
56 33
109 4
41 39
79 8
94 29
52 38
80 107
23 61
64 56
73 66
32 116
16 123
1 10
95 108
80 72
122 71
95 34
75 23
31 19
93 87
108 82
104 79
80 95
69 47
84 116
72 75
39 22
63 15
28 80
109 8
83 40
46 38
99 71
16 12
14 26
31 33
72 14
85 44
112 40
106 78
9 85
42 10
96 7
114 70
39 117
23 20
37 24
17 15
75 95
1 119
51 75
9 70
34 58
52 25
96 105
20 2
58 116
63 71
79 51
26 103
32 78
76 24
4 104
82 77
24 24
61 68
18 15
60 74
4 46
