143
45 128
151 65
90 40
63 70
109 145
135 109
70 34
10 147
128 75
64 145
42 107
151 48
53 75
42 7
7 43
148 103
110 107
0 27
148 65
118 40
49 161
140 22
41 69
98 136
12 83
82 136
136 11
80 86
102 113
53 47
123 115
31 149
56 22
85 57
23 67
110 132
152 36
51 42
88 112
124 72
29 119
108 59
43 97
102 102
70 50
158 117
91 6
128 66
79 66
121 152
85 114
159 109
107 76
48 48
132 29
146 12
136 112
53 4
49 160
100 75
141 45
29 13
92 152
112 47
123 65
121 131
41 122
77 68
133 35
82 45
120 2
106 19
4 20
99 80
5 107
143 90
19 61
29 144
5 85
98 59
49 13
70 72
151 92
56 148
138 120
111 60
60 62
1 130
37 64
64 98
24 128
88 142
9 96
68 58
67 105
128 143
116 96
18 36
80 134
43 34
39 47
57 46
89 125
107 29
128 137
101 84
109 30
72 99
35 109
88 46
80 105
92 150
108 76
53 49
143 17
108 142
58 55
81 11
138 23
132 127
112 130
69 122
0 97
26 71
27 160
134 129
74 87
135 37
114 71
5 27
60 50
137 139
38 90
147 86
135 96
64 157
133 62
62 157
22 5
29 104
131 109
57 155
41 105
