188
183 147
249 207
205 77
144 330
45 29
31 14
15 20
150 223
305 12
60 1
88 190
319 268
219 137
319 84
147 145
66 271
155 2
101 215
241 297
156 82
185 204
120 192
246 207
132 191
91 302
309 236
65 193
101 155
285 67
6 74
257 297
296 197
92 33
85 112
106 94
262 26
130 83
137 48
318 51
82 308
126 143
136 51
158 74
104 153
237 158
88 241
73 74
292 47
121 119
300 195
31 234
89 79
331 311
89 296
87 183
302 205
321 208
120 43
113 64
302 139
239 115
318 131
229 303
235 14
199 62
205 25
74 12
224 282
199 122
7 110
299 97
252 172
77 295
198 266
166 252
27 316
216 167
205 79
322 271
328 216
171 124
15 85
186 46
277 200
238 72
214 256
59 139
81 153
283 328
67 299
114 251
168 214
249 4
286 278
99 124
204 30
41 224
305 51
274 280
286 257
175 181
258 222
98 320
167 91
192 90
180 314
107 136
43 85
311 305
120 47
207 267
116 156
174 140
77 55
69 247
311 270
95 125
45 223
239 107
175 46
12 154
150 139
61 168
325 42
201 208
292 232
110 94
278 21
23 175
87 157
331 210
174 246
176 37
105 133
130 88
267 275
110 84
280 329
244 274
312 319
141 176
13 133
172 192
195 309
135 224
320 72
309 286
118 117
155 109
329 83
109 248
225 224
79 172
100 163
18 97
196 214
248 331
253 46
176 75
198 163
148 172
116 176
210 51
279 207
258 59
32 262
273 295
194 267
135 33
97 313
104 213
192 78
193 188
70 321
131 45
308 52
257 96
110 37
267 74
153 298
4 129
219 319
145 63
74 233
319 205
251 307
114 251
140 325
