93
93 7
40 25
95 18
74 90
94 93
16 21
11 85
52 51
94 56
44 58
35 45
83 65
84 53
7 101
45 64
101 27
43 3
1 6
103 88
43 43
50 7
14 36
80 52
27 50
42 105
6 102
31 69
63 33
76 53
35 75
60 98
99 49
80 59
38 51
34 84
75 61
39 95
18 3
51 75
12 66
65 74
79 85
52 55
62 22
88 39
56 21
44 15
96 14
36 103
94 86
89 30
84 6
4 46
3 43
91 17
46 77
11 99
15 78
87 106
10 38
96 52
47 109
70 32
3 24
45 32
81 88
4 28
76 31
34 27
89 20
33 30
43 89
95 29
15 27
83 102
105 105
77 19
14 89
98 60
68 40
38 76
55 32
106 8
45 95
104 30
28 70
28 90
58 15
38 79
85 34
78 84
101 73
7 44
