97
53 135
203 6
218 202
159 136
127 108
62 50
198 14
64 210
112 64
172 303
252 64
269 27
26 41
62 287
20 26
261 9
140 291
205 153
6 178
58 259
71 13
62 255
158 291
10 154
274 204
250 53
192 215
141 80
138 7
118 129
292 291
20 89
226 89
85 229
283 144
136 56
248 238
9 185
32 50
88 104
182 167
74 34
196 8
171 269
231 29
247 272
186 185
287 198
207 26
303 136
264 258
58 278
123 231
205 47
100 262
203 52
166 247
20 157
96 12
245 201
261 167
107 207
59 125
256 38
296 212
226 294
209 215
301 179
210 152
216 277
111 103
135 89
134 237
227 188
220 284
69 64
140 81
288 83
145 65
241 90
28 120
152 118
86 55
300 159
60 85
111 53
307 189
171 99
120 94
105 116
229 178
288 96
217 143
28 139
82 187
127 257
248 243
