106
29 16
103 48
21 34
46 73
29 45
20 82
6 122
7 93
115 124
60 49
95 119
58 13
93 104
69 19
107 62
92 122
117 38
104 38
66 86
11 30
131 51
54 90
122 30
119 99
48 40
34 124
71 60
64 70
23 5
12 21
43 119
110 72
106 127
117 67
127 130
82 56
101 17
5 28
11 51
114 115
15 91
68 65
2 45
4 118
128 66
86 80
83 22
39 84
57 110
11 111
14 18
53 77
127 108
79 83
77 98
96 1
80 64
87 45
7 126
102 127
56 0
6 1
1 99
32 106
70 63
29 10
119 29
114 131
9 112
31 71
24 118
102 120
47 28
58 33
27 86
80 103
121 31
96 6
119 81
73 62
49 47
31 24
68 16
121 33
78 64
126 32
35 60
62 26
56 66
33 119
26 45
124 0
13 38
33 85
122 0
108 84
6 106
57 77
63 98
56 2
12 116
15 98
120 103
75 66
119 51
73 25
