107
51 154
152 94
22 75
97 55
158 23
0 145
47 151
86 13
196 54
101 122
10 171
45 179
114 169
157 14
134 157
31 84
72 189
75 146
29 0
32 18
120 131
25 201
200 182
113 187
130 86
12 88
63 157
90 55
116 80
73 43
143 197
73 174
185 139
152 102
83 137
23 65
61 41
132 194
77 152
24 182
200 166
22 173
19 9
203 165
70 204
163 47
62 39
133 71
173 203
42 1
94 70
148 22
58 166
128 4
97 89
100 71
149 16
90 58
88 52
141 127
200 188
80 178
184 93
17 34
57 81
106 49
82 15
15 135
182 103
158 152
48 41
50 1
99 52
60 97
115 125
14 27
51 193
144 0
168 13
89 34
89 185
46 101
97 112
95 78
67 99
41 32
78 44
201 1
138 174
177 197
167 118
3 58
193 79
195 128
132 184
201 52
20 44
33 180
125 143
75 54
193 104
109 157
3 119
39 5
179 193
60 87
56 146
