253
191 143
350 358
27 100
58 128
177 144
151 62
103 144
330 158
287 176
161 119
221 78
164 175
125 162
88 75
359 206
212 180
20 85
299 134
23 132
13 349
120 258
241 21
276 361
94 178
234 223
281 92
352 6
186 157
176 326
343 9
264 12
93 285
207 68
44 7
147 278
273 168
76 198
62 127
95 174
330 250
359 176
329 247
106 220
126 257
239 69
92 170
66 230
294 270
101 40
290 217
241 82
263 66
277 230
145 62
15 234
18 3
134 46
107 235
339 116
144 187
270 71
68 3
137 276
163 93
357 61
329 193
16 265
135 79
53 341
332 155
332 203
313 93
308 304
177 361
308 298
60 316
70 0
294 0
318 70
147 15
359 304
176 31
93 229
89 170
22 275
109 285
74 236
245 27
1 96
40 149
200 46
66 219
18 41
80 188
304 360
7 231
79 323
257 130
218 191
340 256
303 259
68 298
326 226
304 325
19 125
316 138
43 181
29 129
307 100
240 179
360 190
256 131
54 152
278 71
330 144
30 172
117 271
119 298
159 187
271 352
272 115
156 56
54 205
199 214
275 215
123 255
209 168
312 151
299 313
340 118
217 186
149 39
347 18
181 354
330 236
330 128
139 274
238 308
312 79
110 205
168 152
213 245
167 298
15 268
286 328
199 78
236 146
250 293
249 80
201 78
333 249
309 345
309 202
132 146
1 260
67 127
82 181
286 280
2 329
283 46
84 223
359 79
218 1
281 189
31 34
140 121
226 210
67 141
204 323
191 185
330 219
17 303
327 308
129 62
67 115
267 52
308 124
259 166
191 182
190 35
86 318
350 339
293 228
202 83
203 98
27 270
154 255
298 266
309 291
304 327
197 10
218 87
342 258
88 315
48 136
344 36
301 13
119 134
260 145
264 281
127 189
40 153
13 74
192 211
11 361
273 272
44 92
41 226
126 268
54 85
224 181
20 348
37 131
210 316
93 303
162 40
26 273
253 269
264 215
61 239
346 134
273 109
217 195
52 110
165 244
37 37
283 360
338 342
308 357
325 173
316 40
224 79
163 155
16 234
18 242
335 54
257 82
195 13
71 289
194 51
95 53
285 322
349 105
258 23
140 121
166 2
175 278
41 302
250 105
135 341
63 182
338 363
336 45
