249
129 200
230 21
127 102
216 224
215 57
181 81
214 114
196 131
11 163
244 66
133 209
75 225
185 143
85 94
42 233
250 222
37 160
25 178
52 24
211 161
0 164
180 23
175 25
200 142
91 102
108 239
104 205
162 150
222 65
142 17
42 63
87 202
82 107
154 192
116 141
56 248
56 24
222 69
60 169
208 216
240 54
50 96
45 229
187 21
214 16
7 71
214 231
184 17
188 152
195 183
92 221
71 101
182 111
55 109
101 246
28 43
9 226
89 170
243 16
38 246
88 55
130 51
21 148
189 145
47 72
129 86
51 229
5 156
199 80
78 95
32 137
124 145
231 247
165 61
11 2
40 28
45 198
89 82
236 195
114 148
126 133
77 166
58 80
212 164
198 48
53 73
120 193
80 111
245 243
82 208
173 96
115 188
69 166
110 129
118 182
131 151
133 33
45 31
184 155
210 218
16 77
171 154
147 207
136 113
152 1
52 113
72 141
105 98
131 114
51 205
204 127
36 122
65 196
191 105
47 20
153 246
36 198
228 29
150 182
156 159
79 46
159 130
77 177
228 218
240 178
182 169
37 14
22 100
182 212
45 132
251 197
75 248
143 140
177 231
180 66
173 68
167 92
147 156
43 213
94 80
155 191
129 228
186 30
187 207
243 159
37 191
181 182
174 36
225 65
116 108
61 19
69 10
55 42
136 203
127 216
217 52
161 160
199 121
235 47
248 137
37 53
2 204
229 145
8 13
197 111
18 84
147 146
166 215
176 25
159 83
224 90
235 69
57 89
59 209
27 157
74 155
119 108
144 149
70 236
48 176
248 118
3 162
15 22
138 240
202 107
102 203
3 188
179 172
152 151
23 148
178 137
179 133
50 10
67 99
121 26
161 73
65 117
96 188
68 151
59 232
92 71
26 40
156 97
225 189
34 237
62 206
61 250
201 235
173 122
10 185
81 80
69 96
121 96
199 72
160 6
151 169
63 137
124 163
138 65
197 52
34 195
20 199
64 176
179 224
73 41
119 145
163 125
179 213
135 7
98 55
211 2
28 81
90 2
222 189
154 88
39 17
25 57
133 26
110 67
44 190
126 33
165 17
83 125
11 212
100 239
235 201
134 27
185 106
170 33
