129
172 16
196 140
86 4
64 188
243 80
6 250
153 99
102 34
50 181
159 75
227 246
64 171
227 149
84 185
190 116
202 31
188 196
217 244
200 221
68 188
131 160
248 195
82 226
156 26
152 210
40 248
138 219
28 137
265 209
258 68
101 92
164 144
242 62
211 118
79 276
89 231
113 122
149 89
5 105
30 259
5 69
190 161
171 111
273 32
105 264
152 11
223 254
101 153
107 218
159 145
126 184
61 22
167 208
215 15
199 112
43 20
269 67
63 45
23 186
254 122
73 3
114 246
106 17
109 51
34 120
221 230
174 133
140 43
170 181
10 136
280 169
66 272
119 39
245 85
178 270
204 42
72 280
219 136
145 217
205 201
26 151
115 231
233 88
16 36
267 236
14 136
240 105
47 12
38 139
100 159
217 82
109 204
186 175
54 185
166 2
4 243
158 2
255 29
85 252
144 21
4 150
44 155
77 137
45 180
149 44
186 211
121 242
223 1
95 211
57 11
170 162
229 187
35 133
220 147
232 152
12 170
127 6
206 23
234 157
44 199
148 140
57 93
28 202
114 56
224 219
175 267
148 77
232 212
120 123
