96
126 95
87 11
131 106
118 132
49 101
38 172
111 101
120 147
118 175
83 126
80 142
69 17
172 52
71 26
85 134
162 118
70 23
125 108
6 104
58 14
120 129
19 16
160 173
115 137
14 56
135 134
94 62
160 30
64 154
169 2
53 74
137 175
108 170
171 118
74 14
144 23
172 181
37 126
171 110
78 127
19 63
91 84
99 88
46 109
18 171
131 7
11 82
79 34
32 22
31 163
18 128
142 9
74 36
14 83
93 168
97 6
82 19
21 24
72 53
31 133
157 89
17 169
128 31
131 93
119 31
141 53
125 165
36 87
11 27
162 170
83 20
16 128
55 87
164 166
30 77
80 87
154 84
140 48
181 111
84 63
161 159
52 73
125 108
80 77
79 0
180 142
137 171
68 160
81 170
137 22
158 50
69 15
178 6
143 107
20 70
30 161
