93
26 85
58 44
96 63
181 61
36 129
145 54
51 168
133 135
197 151
30 157
62 231
105 99
226 45
47 1
195 9
141 215
140 69
98 200
68 69
157 180
31 138
119 199
76 224
196 96
92 221
61 16
158 215
86 54
31 116
69 146
8 140
63 204
230 127
101 116
137 117
174 0
52 162
171 62
19 113
39 155
22 40
75 138
10 9
17 97
126 175
101 33
132 128
156 224
27 122
117 88
90 139
112 213
206 153
141 91
157 10
96 133
60 125
74 77
151 93
204 181
150 217
107 101
142 160
60 127
15 78
204 139
168 20
235 31
138 224
116 118
146 79
101 42
230 43
177 19
20 172
161 86
59 179
27 120
66 13
143 28
160 52
200 187
83 118
211 201
151 154
198 210
221 181
4 30
55 66
207 46
74 45
54 56
127 12
