57
0 1
1 2
2 3
0 4
1 5
5 6
1 7
2 8
8 9
5 10
7 11
6 12
1 13
0 14
4 15
14 16
7 17
15 18
8 19
1 20
3 21
0 22
11 23
3 24
7 25
23 26
13 27
25 28
25 29
2 30
26 31
26 32
14 33
10 34
33 35
8 36
19 37
32 38
34 39
36 40
33 41
38 42
22 43
26 44
11 45
1 46
46 47
41 48
9 49
18 50
36 51
25 52
17 53
8 54
25 55
55 56
15 57
35
58
9680 -936 -8282 -1422 8906 -8196 -3652 -6010 -5744 1824 5566 2780 -5078 -1850 -2864 9040 -7714 -994 6926 -4670 1420 2160 1352 -7338 -2550 -9290 6516 9890 -6160 -6046 5970 -9792 1786 2076 498 -8552 -6950 212 -9016 -2572 1846 798 -6512 -4586 860 -7678 -7236 -7504 -828 6586 -5752 -2678 -7456 -7746 5966 -8100 -1246 -1284