54
0 1
1 2
1 3
2 4
1 5
0 6
4 7
0 8
7 9
8 10
0 11
8 12
10 13
7 14
6 15
8 16
6 17
1 18
1 19
7 20
15 21
12 22
5 23
5 24
24 25
3 26
26 27
25 28
7 29
7 30
9 31
0 32
17 33
33 34
13 35
14 36
24 37
8 38
4 39
6 40
23 41
1 42
5 43
42 44
6 45
29 46
44 47
22 48
3 49
13 50
12 51
14 52
51 53
7 54
12
55
2790 1166 -4342 9534 -2524 684 9436 4546 9782 -4364 1474 488 8362 -9436 -8240 -1994 -8954 -4826 -9500 5024 -7024 -1280 2906 7082 688 -3606 6850 -6536 7040 -5232 -8080 -4414 -2050 -4708 9120 5978 -2096 5630 -348 1802 -6122 9402 -7024 -2012 9856 -4730 7122 9388 6280 4970 -1170 -2714 1090 -3898 -4620