99
0 1
0 2
2 3
0 4
3 5
1 6
3 7
2 8
1 9
7 10
7 11
1 12
0 13
0 14
14 15
11 16
14 17
14 18
14 19
18 20
19 21
21 22
18 23
10 24
4 25
10 26
10 27
0 28
3 29
13 30
5 31
7 32
19 33
1 34
33 35
3 36
6 37
18 38
7 39
14 40
33 41
40 42
0 43
10 44
4 45
20 46
23 47
47 48
32 49
28 50
8 51
46 52
27 53
10 54
33 55
6 56
37 57
44 58
42 59
40 60
28 61
4 62
15 63
20 64
56 65
2 66
19 67
30 68
62 69
51 70
1 71
57 72
12 73
47 74
32 75
15 76
34 77
23 78
56 79
0 80
12 81
28 82
61 83
18 84
61 85
43 86
25 87
0 88
6 89
17 90
42 91
56 92
75 93
16 94
52 95
94 96
65 97
24 98
94 99
53
100
-7360 -5578 -130 -1318 2332 5822 3638 -4242 6850 1188 2200 -5764 7988 -2340 -9606 6754 -978 9124 -9466 3628 3760 -5196 -1734 2230 -2564 5382 -1330 9078 -4700 1850 2568 -2400 6968 9636 -3348 -5824 -4642 6970 7278 -5718 -9662 -5926 -7046 1308 3292 1244 7320 -6332 7450 234 -7040 -3458 8182 3196 -6756 3454 -1218 5382 -9166 -7932 2446 -7244 4324 5902 -9078 -3102 4100 -3036 5990 554 -5684 1132 852 -5370 3308 5032 348 -270 -2024 7336 5830 -5170 -2318 9630 -2012 9316 8886 6160 -5450 6372 -8106 1826 9074 654 -216 -8052 -6150 4518 -2646 -7550