61
0 1
1 2
2 3
3 4
2 5
4 6
4 7
5 8
6 9
0 10
9 11
11 12
12 13
13 14
7 15
13 16
11 17
17 18
17 19
1 20
6 21
17 22
20 23
7 24
18 25
12 26
11 27
1 28
18 29
14 30
8 31
17 32
11 33
27 34
11 35
5 36
30 37
28 38
6 39
37 40
17 41
3 42
24 43
31 44
3 45
39 46
29 47
24 48
28 49
35 50
0 51
7 52
42 53
53 54
50 55
48 56
13 57
45 58
50 59
31 60
18 61
31
62
2548 8894 -5862 -3340 -3754 7688 2952 6022 -906 -7494 1842 7438 -6726 4948 594 -1094 4304 -5792 -2364 5018 -2278 -7450 2596 -1792 -7038 -9150 140 5142 -4204 -4878 4740 4800 -7052 -376 -9956 6274 -8230 -8312 8594 7114 -6870 -1922 -3110 3914 -2002 7488 -3888 8268 -712 -3450 7380 3158 -9882 -5772 1580 -5636 -3456 822 5110 4460 198 -2248