96
0 1
0 2
1 3
0 4
3 5
0 6
1 7
6 8
6 9
1 10
10 11
9 12
4 13
7 14
8 15
12 16
1 17
0 18
5 19
6 20
19 21
21 22
19 23
14 24
10 25
8 26
24 27
23 28
17 29
4 30
29 31
8 32
21 33
32 34
17 35
28 36
24 37
15 38
8 39
19 40
35 41
20 42
26 43
31 44
12 45
7 46
3 47
19 48
28 49
27 50
26 51
47 52
17 53
10 54
41 55
20 56
22 57
55 58
40 59
12 60
38 61
9 62
45 63
7 64
62 65
9 66
31 67
47 68
21 69
6 70
59 71
45 72
27 73
11 74
23 75
24 76
32 77
32 78
57 79
17 80
2 81
52 82
1 83
64 84
67 85
53 86
77 87
83 88
55 89
7 90
40 91
36 92
0 93
72 94
58 95
40 96
12
97
-6292 -3436 296 -1450 -7498 -5860 -6908 -1680 4320 -1324 -8090 6978 3090 -308 7870 -4924 -58 -7524 7168 -5386 -9248 7838 -1574 -2166 -2570 1476 -7366 8866 -1256 -2146 7298 8266 -5070 -8500 1172 4304 818 140 -1572 -7800 9330 9966 9888 -998 -5014 -1886 -9050 -3062 6608 2550 7272 -6936 -6310 -956 -8944 5328 -6588 1980 -3654 5092 4444 -510 9682 276 -3466 6396 6376 1686 3024 1070 -7658 -4116 3834 -7262 -7714 1758 -152 -5222 684 2224 1576 -6822 -6298 3262 -5076 7046 5248 -7746 6160 -7052 -4074 -3128 7944 5178 6682 -2688 -6674