100 100
33 91
1 86
78 4
97 17
89 68
10 98
73 81
82 29
11 51
30 64
5 19
29 50
75 26
15 78
88 1
74 75
83 23
41 81
13 10
14 42
55 43
72 77
36 57
64 73
34 69
37 65
83 62
75 58
20 33
100 32
32 62
92 83
43 62
72 43
57 6
33 70
43 16
53 48
82 8
9 51
80 19
92 94
72 17
25 86
31 83
95 40
83 20
4 84
51 79
99 37
52 53
63 35
23 99
8 86
89 53
79 27
41 46
56 77
93 62
92 18
8 70
63 3
83 100
97 89
30 35
74 99
80 11
43 56
73 100
39 43
56 93
76 16
77 45
21 65
83 58
72 85
36 10
4 76
34 77
21 92
39 63
75 38
72 69
9 47
59 60
11 10
48 59
91 94
14 54
44 34
97 15
67 20
61 13
45 26
73 42
37 86
60 26
43 83
57 82
51 41
