100 4950
13 88
71 29
16 93
90 42
6 48
92 88
50 91
85 48
78 45
97 58
36 48
96 99
30 4
71 42
29 45
48 58
6 61
64 2
25 47
85 61
1 67
10 8
73 64
64 15
43 77
82 5
1 80
100 59
17 61
58 62
75 2
61 67
33 5
93 19
10 21
73 77
67 3
86 16
3 18
89 21
88 62
47 24
5 27
65 78
40 21
100 72
42 67
61 80
80 93
19 83
93 32
32 22
35 27
95 78
86 29
72 94
56 86
88 75
62 22
7 86
81 35
39 38
42 80
83 81
74 32
19 96
60 97
13 22
16 27
35 40
34 81
37 86
56 99
30 46
90 97
7 99
20 38
39 51
23 43
96 33
41 97
99 38
16 40
34 94
37 99
78 100
69 51
8 41
11 46
71 97
30 59
84 36
29 100
4 43
64 57
96 46
55 8
76 67
15 57
50 51
91 52
8 54
94 57
11 59
85 8
1 14
45 57
3 60
77 9
22 73
79 55
82 60
15 70
18 75
12 1
31 14
91 65
75 57
24 11
68 17
100 6
45 70
86 71
58 9
42 1
80 27
47 79
19 17
98 81
63 60
82 73
54 11
21 63
53 15
72 28
75 70
88 9
93 87
65 25
51 90
86 84
70 76
83 15
47 92
19 30
60 31
5 95
53 28
39 93
74 87
13 77
32 90
49 30
90 31
35 95
7 33
9 79
28 92
69 93
41 31
2 39
23 98
97 47
14 49
96 88
13 90
6 50
9 92
41 44
85 50
2 52
78 47
27 1
71 44
38 96
29 47
6 63
22 7
66 50
57 1
15 4
59 47
100 48
36 63
94 4
80 69
52 7
87 1
54 53
3 7
89 10
22 20
66 63
24 66
98 15
43 79
82 7
1 82
40 10
61 69
80 82
93 21
54 66
86 18
31 82
72 83
28 13
5 29
79 15
65 80
40 23
81 24
42 69
61 82
74 21
19 85
93 34
95 80
67 18
53 83
72 96
70 23
28 26
46 80
65 93
68 98
21 23
7 88
20 27
60 99
13 24
35 42
76 43
53 96
50 27
69 40
30 48
90 99
4 32
23 45
96 35
41 99
57 43
76 56
15 46
50 40
69 53
8 43
11 48
71 99
84 38
4 45
96 48
57 56
31 3
91 54
75 46
94 59
11 61
52 62
43 13
84 51
45 59
61 3
80 16
79 57
98 70
73 13
33 62
46 1
65 14
26 22
67 60
86 73
58 11
3 75
79 70
21 65
95 14
40 78
88 11
74 76
93 89
46 14
65 27
49 19
35 84
68 32
26 35
70 78
42 16
83 17
47 94
60 33
21 78
62 79
37 22
14 38
13 79
35 97
92 79
9 81
41 33
44 38
2 41
34 30
20 95
4 87
78 36
13 92
57 98
29 36
6 52
8 98
85 52
2 54
17 39
36 52
29 49
98 4
43 68
1 71
59 49
100 50
36 65
77 66
94 6
52 9
10 12
12 58
31 71
3 9
89 12
47 15
24 68
65 69
40 12
100 63
58 66
77 79
42 58
61 71
74 10
19 74
93 23
54 68
95 69
86 20
31 84
72 85
70 12
89 25
47 28
88 66
46 69
49 74
68 87
7 77
40 25
39 29
61 84
19 87
60 88
35 31
95 82
34 72
67 20
53 85
72 98
37 77
56 90
9 15
69 29
14 93
46 82
49 87
90 88
62 26
83 85
96 24
13 26
44 93
16 31
34 85
37 90
50 29
71 88
62 39
83 98
25 93
38 32
76 58
59 91
8 45
94 48
27 58
11 50
43 2
87 45
4 47
45 48
80 5
57 58
98 59
31 5
91 56
75 48
52 64
84 53
87 58
45 61
3 64
89 67
22 77
61 5
79 59
63 51
82 64
12 5
31 18
72 19
33 64
93 78
26 24
86 75
58 13
89 80
42 5
28 70
5 86
63 64
82 77
21 67
95 16
40 80
53 19
72 32
56 24
14 27
93 91
46 16
32 81
51 94
35 86
26 37
67 75
9 70
28 83
60 35
44 27
62 81
81 94
53 32
20 84
74 91
32 94
71 22
35 99
48 38
92 81
9 83
27 100
4 89
78 38
55 54
96 92
71 35
16 99
57 100
48 51
6 54
92 94
50 97
8 100
66 41
85 54
2 56
36 54
38 100
10 1
29 51
73 57
64 8
22 11
24 57
98 6
43 70
17 54
91 3
77 68
10 14
54 57
73 70
12 60
86 9
3 11
88 55
47 17
68 76
21 1
40 14
26 79
67 9
12 73
70 14
9 4
28 17
88 68
65 84
63 11
49 76
68 89
21 14
62 15
7 79
81 28
26 92
39 31
42 73
19 89
60 90
32 28
51 41
95 84
34 74
53 87
37 79
56 92
9 17
69 31
27 34
7 92
48 93
81 41
20 31
96 26
41 90
2 98
37 92
27 47
71 90
30 52
84 29
87 34
20 44
23 49
64 50
25 95
57 47
76 60
15 50
59 93
6 1
91 45
11 52
84 42
87 47
1 7
3 53
77 2
22 66
31 7
91 58
75 50
94 63
52 66
24 4
65 5
10 69
68 10
3 66
89 69
77 15
61 7
19 10
79 61
82 66
21 56
12 7
72 21
75 63
88 2
33 66
65 18
49 10
7 13
67 64
86 77
70 69
47 85
19 23
60 24
5 88
95 18
40 82
34 8
53 21
37 13
14 29
74 80
32 83
70 82
9 72
62 83
81 96
34 21
39 99
56 39
14 42
55 43
13 83
99 86
71 24
29 27
48 40
6 43
69 99
41 37
2 45
59 27
36 43
29 40
48 53
66 43
85 56
24 46
84 97
18 2
59 40
17 43
77 57
54 46
73 59
89 3
24 59
43 72
40 3
77 70
61 62
19 65
10 16
51 17
54 59
73 72
12 62
70 3
89 16
47 19
46 60
79 8
5 22
82 13
26 81
100 67
58 70
42 62
61 75
74 14
93 27
35 22
67 11
12 75
53 76
72 89
70 16
9 6
14 84
47 32
65 86
49 78
68 91
7 81
81 30
26 94
39 33
23 25
83 76
74 27
41 79
13 17
32 30
44 84
92 17
37 81
56 94
9 19
50 20
69 33
71 79
30 41
90 92
62 30
48 95
4 25
23 38
96 28
25 84
13 30
44 97
16 35
2 100
34 89
37 94
50 33
8 36
27 49
11 41
30 54
71 92
29 95
87 36
4 38
45 39
55 3
25 97
99 46
38 36
57 49
98 50
59 95
17 98
91 47
8 49
94 52
52 55
64 65
77 4
22 68
82 55
75 52
94 65
33 55
52 68
24 6
10 71
68 12
67 53
58 4
3 68
89 71
77 17
61 9
79 63
63 55
82 68
53 10
56 15
49 12
7 15
86 79
70 71
83 10
60 26
5 90
21 71
81 85
53 23
32 85
51 98
49 25
90 26
35 90
7 28
92 72
83 23
69 88
60 39
44 31
2 34
62 85
34 23
20 88
37 28
97 42
14 44
55 45
96 83
71 26
16 90
90 39
6 45
41 39
11 96
43 48
59 29
17 32
36 45
55 58
38 91
29 42
73 48
6 58
22 2
66 45
85 58
43 61
1 64
59 42
17 45
77 59
80 64
10 5
73 61
47 8
98 10
1 77
40 5
100 56
58 59
61 64
74 3
19 67
10 18
31 77
72 78
70 5
89 18
88 59
65 75
63 2
68 80
21 5
7 70
40 18
26 83
58 72
74 16
19 80
93 29
13 6
32 19
16 11
53 78
72 91
70 18
69 22
14 86
88 72
5 37
49 80
90 81
62 19
39 35
23 27
83 78
96 17
13 19
16 24
2 89
35 37
34 78
53 91
92 19
37 83
56 96
50 22
55 100
27 38
71 81
62 32
48 97
20 35
96 30
41 94
44 99
85 100
38 25
57 38
18 46
92 32
91 36
36 100
8 38
11 43
45 41
64 54
22 57
25 99
57 51
59 97
91 49
94 54
84 46
87 51
45 54
19 1
63 44
82 57
72 12
75 54
33 57
52 70
93 71
10 73
68 14
67 55
86 68
89 73
47 76
5 79
21 60
95 9
40 73
12 11
72 25
56 17
74 71
93 84
46 9
65 22
68 27
7 17
67 68
9 63
41 15
60 28
21 73
95 22
81 87
53 25
56 30
97 31
13 74
32 87
90 28
35 92
7 30
48 31
6 34
92 74
83 25
41 28
60 41
25 20
44 33
30 98
34 25
20 90
4 82
78 31
55 47
29 31
25 33
66 34
11 98
2 49
1 53
59 31
4 95
17 34
96 98
29 44
73 50
66 47
24 50
1 66
59 44
100 45
77 61
80 66
10 7
73 63
12 53
31 66
3 4
89 7
68 69
26 72
58 61
77 74
42 53
61 66
80 79
33 4
93 18
32 8
51 21
95 64
12 66
89 20
56 72
47 23
88 61
46 64
39 24
42 66
53 80
72 93
92 8
37 72
14 88
49 82
90 83
62 21
48 86
20 24
39 37
83 80
60 96
13 21
25 75
44 88
16 26
2 91
76 40
37 85
97 99
8 27
27 40
11 32
30 45
90 96
84 22
20 37
4 29
23 42
64 43
96 32
41 96
25 88
57 40
15 43
78 99
8 40
27 53
11 45
71 96
29 99
45 43
3 46
18 61
59 99
33 46
52 59
45 56
86 57
3 59
89 62
19 3
98 67
40 62
31 13
72 14
75 56
93 73
10 75
51 76
7 6
89 75
28 65
61 13
63 59
40 75
53 14
72 27
14 22
88 8
74 73
49 16
67 70
26 32
9 65
41 17
60 30
5 94
44 22
2 25
62 76
34 14
20 79
39 92
37 19
14 35
71 17
90 30
29 20
48 33
92 76
9 78
50 79
69 92
27 95
25 22
44 35
85 36
30 100
78 33
23 97
97 46
96 87
55 49
99 92
57 95
48 46
6 49
8 95
25 35
11 100
85 49
87 95
1 55
59 33
78 46
45 98
17 36
36 49
77 50
80 55
38 95
54 39
73 52
31 55
22 6
24 52
98 1
43 65
1 68
100 47
17 49
58 50
61 55
93 7
10 9
73 65
31 68
88 50
47 12
5 15
46 53
65 66
49 58
40 9
26 74
42 55
61 68
74 7
19 71
93 20
51 23
35 15
95 66
72 82
28 12
88 63
46 66
5 28
65 79
21 9
62 10
81 23
26 87
39 26
42 68
41 72
74 20
60 85
13 10
44 77
32 23
51 36
16 15
34 69
53 82
37 74
56 87
97 88
9 12
14 90
7 87
48 88
20 26
4 18
83 82
96 21
41 85
99 26
44 90
16 28
57 29
34 82
37 87
78 88
69 39
8 29
11 34
30 47
90 98
96 34
22 48
25 90
38 29
76 55
15 45
11 47
84 37
87 42
64 58
22 61
38 42
98 56
82 48
18 63
31 2
75 45
94 58
10 64
26 8
86 59
89 64
77 10
61 2
80 15
47 67
19 5
79 56
40 64
12 2
56 8
33 61
74 62
51 78
49 5
68 18
86 72
70 64
89 77
83 3
47 80
19 18
5 83
21 64
95 13
81 78
34 3
53 16
39 81
37 8
14 24
13 65
51 91
7 21
83 16
69 81
60 32
25 11
2 27
81 91
34 16
20 81
39 94
37 21
55 38
99 81
32 91
76 97
29 22
48 35
6 38
92 78
9 80
69 94
41 32
11 89
85 38
62 91
20 94
59 22
4 86
64 100
96 89
29 35
73 41
6 51
50 94
91 95
94 100
85 51
24 41
43 54
87 97
59 35
4 99
17 38
77 52
38 97
54 41
12 44
75 100
22 8
65 55
68 60
1 70
58 52
77 65
42 44
61 57
80 70
19 60
93 9
51 12
31 70
72 71
28 1
47 14
88 52
46 55
65 68
68 73
7 63
42 57
74 9
19 73
95 68
67 6
34 58
53 71
70 11
9 1
5 30
90 74
7 76
26 89
39 28
23 20
83 71
96 10
41 74
60 87
35 30
76 31
14 92
29 77
62 25
48 90
20 28
23 33
83 84
41 87
44 92
85 93
57 31
2 95
76 44
15 34
18 39
92 25
78 90
36 93
8 31
29 90
38 31
57 44
59 90
18 52
17 93
75 34
8 44
84 39
87 44
45 47
79 45
82 50
73 1
31 4
94 60
52 63
65 2
26 10
89 66
61 4
47 69
19 7
5 72
79 58
53 5
14 13
74 64
93 77
32 67
35 72
68 20
86 74
9 56
28 69
47 82
95 15
62 67
53 18
39 83
37 10
56 23
14 26
13 67
32 80
71 8
16 72
48 24
92 67
6 27
83 18
69 83
60 34
44 26
62 80
20 83
39 96
4 75
78 24
23 88
36 27
13 80
90 34
92 80
50 83
69 96
8 86
25 26
66 27
11 91
85 40
2 42
20 96
4 88
36 40
38 86
57 99
29 37
31 46
50 96
91 97
66 40
43 56
84 94
87 99
17 40
58 41
73 56
12 46
47 3
88 41
68 62
100 51
58 54
77 67
80 72
51 14
89 13
28 3
47 16
46 57
65 70
68 75
40 13
7 65
26 78
81 14
83 60
19 75
93 24
13 1
32 14
51 27
16 6
95 70
53 73
37 65
90 76
62 14
26 91
39 30
83 73
41 76
60 89
25 68
99 17
44 81
32 27
16 19
35 32
76 33
34 73
37 78
9 16
50 17
14 94
55 95
8 20
27 33
90 89
29 79
48 92
6 95
4 22
96 25
25 81
99 30
85 95
2 97
76 46
50 30
91 31
94 36
27 46
30 51
84 28
87 33
64 49
3 39
22 52
15 49
59 92
100 93
91 44
54 98
86 50
3 52
98 60
82 52
40 55
31 6
72 7
75 49
93 66
65 4
68 9
26 12
86 63
58 1
60 10
5 74
82 65
40 68
72 20
56 12
88 1
14 15
93 79
51 82
49 9
90 10
70 68
83 7
28 71
47 84
44 15
21 68
62 69
34 7
39 85
23 77
97 26
56 25
14 28
55 29
13 69
76 88
29 13
6 29
69 85
85 29
62 82
39 98
59 13
23 90
97 39
71 23
16 87
57 88
29 26
92 82
11 93
24 32
1 48
87 88
78 39
17 29
36 42
96 93
91 99
84 96
43 58
1 61
100 40
17 42
61 48
10 2
31 61
65 59
49 51
40 2
100 53
26 67
58 56
42 48
32 3
51 16
12 61
56 67
88 56
65 72
62 3
7 67
81 16
39 19
32 16
16 8
34 62
53 75
37 67
69 19
14 83
71 65
30 27
7 80
81 29
48 81
39 32
4 11
83 75
60 91
13 16
25 70
44 83
16 21
2 86
92 16
69 32
14 96
55 97
11 27
30 40
84 17
87 22
6 97
23 37
22 41
44 96
85 97
43 100
76 48
15 38
59 81
78 94
50 32
91 33
8 35
94 38
11 40
52 41
87 35
45 38
22 54
66 97
24 100
82 41
15 51
18 56
75 38
52 54
10 57
54 100
45 51
86 52
98 62
63 41
21 44
56 1
75 51
33 54
65 6
10 70
51 71
70 57
89 70
19 11
63 54
21 57
40 70
72 22
37 1
56 14
14 17
74 68
93 81
32 71
16 63
90 12
49 11
35 76
7 14
48 15
28 73
69 74
5 89
81 84
34 9
37 14
78 15
97 28
14 30
13 71
71 12
16 76
35 89
29 15
48 28
50 74
8 77
41 25
25 17
11 82
85 31
44 30
30 95
2 33
20 87
59 15
4 79
78 28
23 92
64 93
17 18
38 77
71 25
29 28
92 84
18 98
50 87
91 88
11 95
84 85
43 47
87 90
59 28
4 92
45 93
17 31
36 44
38 90
54 34
73 47
31 50
75 93
1 63
58 45
77 58
42 37
61 50
52 1
93 2
63 96
54 47
12 50
31 63
72 64
47 7
65 61
40 4
81 5
26 69
42 50
61 63
74 2
93 15
32 5
51 18
35 10
53 64
72 77
56 69
46 61
49 66
68 79
21 4
62 5
7 69
26 82
23 13
41 67
60 80
13 5
35 23
92 5
37 69
56 82
50 8
69 21
27 24
71 67
30 29
62 18
48 83
20 21
6 86
4 13
23 26
96 16
41 80
44 85
76 37
18 32
92 18
97 96
55 99
8 24
71 80
84 19
29 83
4 26
45 27
96 29
22 43
66 86
99 34
85 99
38 24
57 37
98 38
15 40
59 83
78 96
17 86
36 99
75 27
11 42
52 43
84 32
10 46
45 40
3 43
22 56
66 99
82 43
91 48
58 100
94 53
52 56
93 57
26 3
70 46
3 56
63 43
72 11
33 56
74 57
93 70
68 13
35 65
67 54
86 67
70 59
28 62
47 75
41 1
5 78
63 56
53 11
39 76
56 16
14 19
74 70
32 73
16 65
35 78
48 17
92 60
9 62
60 27
30 84
62 73
81 86
4 68
99 76
16 78
90 27
6 33
25 19
66 20
30 97
84 74
59 17
4 81
78 30
23 94
17 20
36 33
38 79
73 36
6 46
91 90
94 95
11 97
52 98
84 87
87 92
100 31
17 33
3 98
73 49
12 39
75 95
88 34
33 98
24 49
65 50
58 47
42 39
61 52
93 4
63 98
10 6
95 50
47 9
65 63
40 6
7 58
39 10
74 4
19 68
32 7
51 20
35 12
34 53
72 79
70 6
37 58
56 71
28 9
46 63
49 68
90 69
62 7
26 84
23 15
96 5
41 69
99 10
32 20
16 12
76 26
53 79
37 71
69 23
14 87
8 13
27 26
11 18
30 31
90 82
29 72
6 88
23 28
64 29
96 18
25 74
99 23
85 88
38 13
92 20
18 34
97 98
94 29
27 39
11 31
84 21
4 28
64 42
25 87
38 26
24 91
15 42
59 85
18 47
78 98
91 37
75 29
33 32
52 45
84 34
10 48
87 39
45 42
3 45
22 58
98 53
63 32
75 42
51 62
67 43
26 5
28 51
47 64
5 67
63 45
21 48
72 13
74 59
90 3
70 61
28 64
47 77
41 3
60 16
21 61
20 65
74 72
71 3
16 67
35 80
76 81
48 19
92 62
9 64
27 81
25 8
2 24
62 75
4 70
78 19
55 35
71 16
48 32
15 84
6 35
8 81
27 94
11 86
85 35
2 37
43 38
78 32
17 22
36 35
55 48
96 86
22 100
98 95
73 38
91 92
8 94
94 97
11 99
52 100
84 89
1 54
17 35
58 36
3 100
80 54
79 95
82 100
54 38
73 51
12 41
88 36
33 100
5 1
24 51
65 52
100 46
42 41
61 54
19 57
93 6
51 9
95 52
53 55
72 68
56 60
88 49
46 52
7 60
51 22
16 1
95 65
34 55
53 68
72 81
37 60
69 12
27 15
46 65
30 20
23 17
83 68
41 71
60 84
13 9
99 12
25 63
16 14
2 79
76 28
34 68
37 73
78 74
69 25
14 89
8 15
11 20
90 84
84 10
87 15
6 90
64 31
22 34
85 90
57 28
2 92
43 93
15 31
18 36
78 87
97 100
36 90
8 28
11 33
52 34
84 23
29 87
87 28
64 44
22 47
66 90
18 49
100 88
59 87
17 90
91 39
75 31
94 44
52 47
10 50
54 93
45 44
86 45
12 96
89 50
47 53
98 55
72 2
33 47
74 48
51 64
67 45
26 7
70 50
19 4
5 69
63 47
21 50
40 63
81 64
53 2
56 7
51 77
35 69
67 58
70 63
9 53
83 2
2 13
81 77
39 80
37 7
23 72
56 20
14 23
55 24
96 62
32 77
71 5
35 82
9 66
50 67
8 70
41 18
27 83
25 10
44 23
85 24
2 26
62 77
20 80
36 24
55 37
99 80
71 18
38 70
57 83
76 96
15 86
92 77
6 37
18 91
50 80
8 83
94 86
27 96
84 78
1 43
87 83
59 21
4 85
64 99
17 24
15 99
54 27
94 99
100 35
86 100
17 37
80 56
79 97
63 89
54 40
72 57
88 38
5 3
65 54
68 59
42 43
61 56
19 59
93 8
35 3
95 54
72 70
65 67
20 1
39 14
95 67
34 57
53 70
37 62
50 1
27 17
71 60
30 22
7 75
20 14
6 79
60 86
13 11
99 14
44 78
57 17
2 81
76 30
15 20
18 25
37 75
78 76
97 89
50 14
36 79
84 12
48 89
87 17
45 20
22 36
25 78
99 27
66 79
85 92
98 31
2 94
43 95
15 33
59 76
78 89
17 79
8 30
11 35
87 30
73 95
45 33
3 36
66 92
38 30
79 31
24 95
82 36
40 39
59 89
100 90
75 33
94 46
61 98
52 49
93 50
67 34
12 98
86 47
3 49
88 93
79 44
21 39
40 52
72 4
42 98
33 49
93 63
65 1
51 66
68 6
26 9
9 42
62 53
95 1
53 4
72 17
14 12
13 53
51 79
16 58
90 7
7 9
83 4
41 7
60 20
2 15
34 4
20 69
39 82
37 9
78 10
23 74
14 25
55 26
71 7
76 85
6 26
69 82
41 20
27 85
25 12
11 77
44 25
85 26
84 67
87 72
20 82
59 10
78 23
23 87
64 88
97 36
55 39
99 82
57 85
76 98
29 23
91 83
27 98
24 29
84 80
1 45
87 85
59 23
45 88
17 26
77 40
80 45
98 99
12 32
31 45
91 96
66 39
68 48
77 53
42 32
79 99
54 42
72 59
47 2
46 43
65 56
49 48
7 51
26 64
19 61
93 10
60 62
51 13
35 5
34 46
53 59
37 51
56 64
28 2
5 18
49 61
90 62
81 13
39 16
23 8
41 62
60 75
44 67
16 5
35 18
76 19
2 70
34 59
56 77
97 78
9 2
50 3
69 16
14 80
8 6
71 62
30 24
90 75
62 13
20 16
6 81
64 22
41 75
44 80
76 32
50 16
91 17
55 94
8 19
94 22
30 37
29 78
45 22
64 35
22 38
25 80
66 81
24 84
43 97
1 100
17 81
91 30
77 95
75 22
94 35
80 100
84 27
10 41
54 84
73 97
45 35
86 36
89 41
66 94
79 33
24 97
82 38
40 41
17 94
58 95
75 35
61 100
33 38
52 51
93 52
10 54
54 97
67 36
12 100
86 49
89 54
46 98
79 46
5 60
63 38
21 41
42 100
32 55
65 3
51 68
68 8
67 49
70 54
60 9
44 1
21 54
62 55
81 68
39 71
51 81
90 9
35 73
48 12
92 55
6 15
83 6
69 71
60 22
25 1
20 71
4 63
78 12
37 11
36 15
55 28
71 9
16 73
90 22
76 87
29 12
48 25
6 28
69 84
8 74
27 87
11 79
85 28
30 92
2 30
43 31
1 34
59 12
23 89
17 15
36 28
55 41
22 93
99 84
29 25
73 31
91 85
94 90
66 28
11 92
43 44
1 47
59 25
45 90
77 42
61 34
38 87
82 93
54 31
12 34
31 47
91 98
88 29
33 93
24 44
42 34
61 47
19 50
95 45
5 7
46 45
65 58
68 63
7 53
26 66
39 5
19 63
60 64
32 2
35 7
34 48
53 61
56 66
14 69
49 63
90 64
62 2
7 66
48 67
81 15
20 5
23 10
83 61
41 64
60 77
99 5
44 69
16 7
57 8
76 21
37 66
78 67
14 82
55 83
27 21
30 26
71 64
84 3
29 67
87 8
20 18
4 10
64 24
99 18
2 85
76 34
43 86
15 24
59 67
78 80
97 93
50 18
91 19
36 83
55 96
8 21
11 26
84 16
87 21
6 96
45 24
64 37
3 27
22 40
66 83
85 96
38 21
79 22
98 35
82 27
15 37
18 42
100 81
59 80
10 43
54 86
22 53
66 96
79 35
24 99
65 100
98 48
63 27
40 43
42 89
10 56
54 99
95 100
67 38
86 51
89 56
28 46
81 57
72 8
14 3
74 54
32 57
35 62
47 72
60 11
44 3
53 8
39 73
23 65
97 14
56 13
13 57
16 62
90 11
92 57
50 60
25 3
44 16
85 17
2 19
62 70
20 73
59 1
78 14
97 27
55 30
96 68
99 73
71 11
16 75
57 76
76 89
48 27
92 70
6 30
69 86
8 76
27 89
66 17
11 81
30 94
43 33
84 71
59 14
4 78
78 27
64 92
36 30
38 76
57 89
15 92
54 20
73 33
31 36
8 89
11 94
24 33
87 89
1 49
45 92
58 31
3 95
61 36
79 90
73 46
40 98
31 49
72 50
75 92
67 93
19 52
93 1
63 95
21 98
56 55
47 6
5 9
46 47
65 60
7 55
26 68
39 7
42 49
60 66
44 58
35 9
53 63
56 68
97 69
14 71
7 68
48 69
20 7
6 72
39 20
96 2
60 79
25 58
76 23
34 63
78 69
97 82
36 72
55 85
11 15
30 28
84 5
4 12
96 15
99 20
66 72
2 87
98 24
43 88
15 26
91 21
75 13
11 28
84 18
29 82
73 88
45 26
64 39
66 85
15 39
18 44
59 82
91 34
58 86
75 26
61 91
33 29
52 42
10 45
54 88
67 27
12 91
86 40
3 42
89 45
47 48
88 86
82 42
21 32
100 96
42 91
51 59
67 40
86 53
88 99
21 45
40 58
72 10
14 5
74 56
13 46
32 59
48 3
60 13
44 5
2 8
62 59
20 62
39 75
97 16
96 57
55 19
99 62
16 64
35 77
29 3
48 16
6 19
69 75
8 65
25 5
30 83
2 21
20 75
4 67
23 80
97 29
17 6
36 19
99 75
57 78
29 16
6 32
91 76
8 78
27 91
66 19
11 83
24 22
84 73
43 35
1 38
4 80
100 17
77 33
22 97
80 38
15 94
91 89
75 81
33 84
66 32
52 97
24 35
87 91
45 94
86 95
58 33
3 97
89 100
77 46
42 25
61 38
80 51
19 41
63 84
54 35
95 36
72 52
75 94
88 33
33 97
46 36
65 49
7 44
26 57
58 46
61 51
19 54
93 3
60 55
63 97
34 39
53 52
37 44
88 46
14 60
46 49
49 54
90 55
26 70
39 9
44 60
76 12
53 65
56 70
69 9
55 74
27 12
30 17
29 58
48 71
20 9
6 74
4 1
96 4
41 68
25 60
99 9
44 73
57 12
76 25
92 6
78 71
50 9
55 87
8 12
27 25
71 68
6 87
4 14
22 31
25 73
66 74
38 12
98 26
43 90
15 28
18 33
91 23
77 88
94 28
52 31
10 34
54 77
73 90
31 93
24 90
58 88
75 28
61 93
52 44
10 47
12 93
86 42
70 34
89 47
47 50
46 91
82 44
100 98
74 45
93 58
70 47
28 50
21 47
81 61
97 5
74 58
32 61
90 2
35 66
48 5
60 15
30 72
20 64
39 77
4 56
97 18
96 59
55 21
71 2
16 66
57 67
90 15
48 18
69 77
8 67
25 7
66 8
30 85
84 62
43 24
59 5
4 69
78 18
23 82
64 83
17 8
22 86
99 77
57 80
76 93
29 18
73 24
18 88
31 27
91 78
8 80
94 83
66 21
11 85
84 75
87 80
1 40
59 18
45 83
64 96
3 86
22 99
79 81
98 94
82 86
54 24
31 40
94 96
88 22
33 86
52 99
24 37
65 38
100 32
58 35
3 99
77 48
42 27
61 40
19 43
54 37
53 41
72 54
56 46
75 96
88 35
33 99
49 43
7 46
67 97
26 59
83 41
19 56
60 57
51 8
95 51
37 46
56 59
49 56
90 57
48 60
39 11
23 3
83 54
41 57
60 70
35 13
76 14
37 59
78 60
69 11
14 75
90 70
6 76
23 16
41 70
44 75
57 14
2 78
76 27
59 60
18 22
97 86
36 76
55 89
8 14
84 9
29 73
6 89
64 30
3 20
85 89
24 79
98 28
15 30
100 74
17 76
91 25
36 89
77 90
75 17
33 20
52 33
10 36
54 79
73 92
3 33
22 46
79 28
24 92
98 41
63 20
100 87
61 95
93 47
54 92
95 93
67 31
12 95
86 44
70 36
89 49
5 55
63 33
49 98
21 36
81 50
72 1
42 95
74 47
93 60
70 49
28 52
47 65
5 68
21 49
62 50
81 63
20 53
23 58
56 6
14 9
55 10
74 60
13 50
90 4
35 68
76 69
48 7
92 50
50 53
69 66
41 4
27 69
44 9
85 10
30 74
62 63
39 79
78 7
97 20
55 23
13 63
16 68
57 69
29 7
15 72
48 20
6 23
18 77
69 79
8 69
25 9
66 10
11 74
85 23
84 64
87 69
1 29
59 7
4 71
78 20
45 72
36 23
77 24
80 29
38 69
15 85
73 26
18 90
75 72
94 85
66 23
11 87
10 91
84 77
100 21
45 85
64 98
3 88
61 29
79 83
82 88
40 91
75 85
88 24
65 40
49 32
68 45
26 48
70 91
61 42
79 96
12 42
53 43
56 48
88 37
5 2
46 40
49 45
68 58
26 61
67 99
9 94
41 46
35 2
53 56
37 48
71 46
48 62
23 5
83 56
41 59
60 72
25 51
57 3
2 67
37 61
78 62
97 75
71 59
30 21
29 62
87 3
23 18
64 19
96 8
85 78
38 3
57 16
2 80
76 29
15 19
18 24
17 65
91 14
55 91
11 21
84 11
73 81
6 91
45 19
64 32
3 22
38 16
43 94
15 32
1 97
59 75
100 76
17 78
80 97
33 22
10 38
54 81
73 94
89 38
47 41
88 79
79 30
24 94
63 22
68 100
21 25
40 38
58 92
75 32
61 97
33 35
74 36
19 100
10 51
12 97
86 46
89 51
5 57
46 95
63 35
49 100
72 3
93 62
13 39
32 52
51 65
35 57
34 98
67 46
70 51
9 41
69 55
60 6
2 1
39 68
23 60
97 9
14 11
55 12
13 52
32 65
35 70
76 71
48 9
50 55
41 6
8 58
27 71
85 12
2 14
62 65
4 60
36 12
55 25
71 6
38 58
57 71
76 84
15 74
6 25
92 65
50 68
91 69
94 74
11 76
85 25
30 89
84 66
43 28
1 31
87 71
59 9
4 73
100 10
36 25
77 26
3 77
80 31
38 71
98 85
54 15
75 74
94 87
24 28
65 29
100 23
19 34
79 85
63 77
54 28
40 93
88 26
33 90
46 29
65 42
68 47
67 88
26 50
58 39
42 31
63 90
34 32
56 50
88 39
5 4
46 42
7 50
9 96
41 48
60 61
44 53
35 4
76 5
34 45
53 58
37 50
97 64
69 2
30 10
48 64
20 2
23 7
41 61
99 2
44 66
16 4
18 13
97 77
50 2
69 15
8 5
27 18
11 10
30 23
87 5
6 80
4 7
25 66
66 67
38 5
57 18
2 82
43 83
98 19
15 21
1 86
18 26
59 64
17 67
91 16
36 80
75 8
8 18
94 21
84 13
10 27
87 18
64 34
31 86
38 18
1 99
17 80
91 29
58 81
77 94
75 21
61 86
93 38
73 96
31 99
3 37
89 40
88 81
79 32
5 46
65 97
63 24
82 37
100 91
33 37
74 38
93 51
51 54
35 46
95 97
67 35
89 53
47 56
88 94
63 37
39 57
42 99
83 100
74 51
13 41
32 54
51 67
34 100
92 41
9 43
28 56
60 8
30 65
2 3
81 67
39 70
4 49
23 62
36 1
55 14
13 54
16 59
90 8
50 57
27 73
11 65
85 14
2 16
84 55
20 70
4 62
78 11
23 75
36 14
96 65
99 70
38 60
29 11
73 17
18 81
8 73
94 76
66 14
52 79
84 68
43 30
87 73
45 76
58 15
3 79
22 92
80 33
79 74
98 87
82 79
15 89
73 30
12 20
31 33
91 84
94 89
88 15
52 92
65 31
10 95
68 36
86 90
58 28
3 92
77 41
42 20
47 98
79 87
95 31
40 95
12 33
74 93
65 44
26 52
42 33
83 34
63 92
51 1
21 95
95 44
13 96
90 50
81 1
26 65
39 4
83 47
41 50
32 1
44 55
2 58
37 52
27 7
71 50
62 1
29 53
48 66
20 4
6 69
23 9
44 68
57 7
76 20
15 10
18 15
78 66
8 7
84 2
29 66
48 79
6 82
3 13
38 7
57 20
24 72
43 85
59 66
18 28
17 69
77 83
10 29
73 85
86 24
31 88
89 29
22 39
43 98
17 82
58 83
77 96
33 26
52 39
10 42
51 43
73 98
67 24
12 88
79 34
65 99
63 26
21 29
40 42
81 43
58 96
42 88
74 40
32 43
95 99
70 42
9 32
28 45
21 42
62 43
81 56
20 46
74 53
32 56
35 61
6 3
92 43
50 46
69 59
44 2
85 3
62 56
20 59
39 72
4 51
23 64
97 13
55 16
96 54
16 61
57 62
76 75
48 13
15 65
50 59
69 72
8 62
85 16
84 57
1 22
87 62
4 64
45 65
78 13
64 78
17 3
96 67
22 81
11 80
52 81
24 19
84 70
87 75
1 35
17 16
3 81
82 81
40 84
12 22
75 78
94 91
88 17
33 81
65 33
68 38
26 41
67 79
86 92
58 30
42 22
80 48
19 38
79 89
82 94
95 33
40 97
53 36
72 49
56 41
88 30
33 94
32 98
49 38
26 54
70 97
28 100
19 51
60 52
51 3
21 97
34 36
53 49
72 62
56 54
13 98
30 1
90 52
92 98
39 6
83 49
2 60
76 9
34 49
78 55
97 68
55 71
11 1
23 11
64 12
22 15
25 57
99 6
44 70
85 71
57 9
2 73
43 74
15 12
59 55
78 68
97 81
17 58
91 7
8 9
52 15
84 4
29 68
87 9
6 84
45 12
64 25
66 71
38 9
79 10
24 74
43 87
82 15
15 25
94 25
80 90
86 26
47 34
79 23
24 87
65 88
98 36
63 15
82 28
68 93
61 90
33 28
74 29
93 42
10 44
54 87
95 88
86 39
89 44
28 34
5 50
63 28
49 93
7 96
40 44
81 45
39 48
58 98
74 42
93 55
13 32
32 45
51 58
16 37
35 50
26 1
37 96
88 98
5 63
39 61
96 43
99 48
76 64
48 2
6 5
11 56
85 5
30 69
2 7
20 61
97 15
55 18
99 61
29 2
15 67
18 72
6 18
66 5
85 18
84 59
43 21
1 24
87 64
17 5
77 19
22 83
38 64
31 24
91 75
94 80
33 70
66 18
52 83
43 34
84 72
10 86
58 19
22 96
61 24
80 37
19 27
79 78
72 38
75 80
88 19
33 83
52 96
26 43
58 32
70 86
89 99
42 24
63 83
82 96
40 99
12 37
72 51
65 48
49 40
7 43
26 56
67 94
9 89
83 38
60 54
44 46
21 99
34 38
53 51
37 43
97 57
13 100
30 3
90 54
48 57
39 8
92 100
83 51
25 46
34 51
37 56
55 73
30 16
71 54
90 67
48 70
6 73
64 14
96 3
99 8
1 79
59 57
17 60
91 9
55 86
75 1
8 11
52 17
10 20
29 70
73 76
45 14
64 27
66 73
85 86
38 11
24 76
98 25
43 89
1 92
40 20
91 22
77 87
54 76
12 79
88 74
47 36
79 25
24 89
65 90
63 17
82 30
40 33
100 84
77 100
42 79
61 92
33 30
51 47
67 28
12 92
53 93
86 41
47 49
5 52
46 90
63 30
49 95
7 98
81 47
42 92
83 93
74 44
13 34
51 60
35 52
37 98
9 36
69 50
60 1
62 47
81 60
39 63
4 42
97 4
14 6
96 45
13 47
99 50
57 53
90 1
76 66
69 63
44 6
85 7
30 71
84 48
4 55
23 68
64 69
97 17
36 7
55 20
99 63
38 53
57 66
76 79
6 20
18 74
50 63
91 64
85 20
87 66
45 69
22 85
80 26
38 66
98 80
73 23
12 13
31 26
24 23
100 18
45 82
58 21
77 34
89 88
19 29
63 72
82 85
40 88
72 40
75 82
88 21
33 85
93 99
67 83
70 88
42 26
28 91
63 85
53 40
72 53
37 32
14 48
74 99
7 45
26 58
41 43
44 48
2 51
34 40
37 45
14 61
48 59
6 62
23 2
44 61
76 13
15 3
59 46
78 59
36 62
94 3
11 5
30 18
48 72
6 75
22 19
25 61
66 62
24 65
98 14
43 78
18 21
17 62
36 75
77 76
94 16
80 81
10 22
84 8
87 13
73 78
31 81
79 14
43 91
82 19
1 94
100 73
73 91
12 81
86 30
31 94
72 95
70 22
28 25
47 38
79 27
5 41
82 32
49 84
81 36
26 100
58 89
42 81
61 94
19 97
93 46
32 36
35 41
67 30
12 94
53 95
28 38
46 92
49 97
21 35
42 94
16 41
92 36
37 100
50 39
27 55
62 49
20 52
39 65
4 44
23 57
55 9
96 47
16 54
50 52
85 9
84 50
43 12
1 15
4 57
78 6
22 74
55 22
57 68
98 69
15 71
18 76
91 66
75 58
94 71
11 73
52 74
24 12
100 7
58 10
61 15
80 28
98 82
82 74
54 12
91 79
75 71
88 10
33 74
24 25
67 72
100 20
61 28
63 74
82 87
21 77
95 26
56 34
46 26
67 85
26 47
86 98
28 93
19 44
60 45
63 87
21 90
95 39
34 29
13 91
46 39
49 44
44 50
76 2
37 47
78 48
14 63
55 64
71 45
90 58
29 48
6 64
23 4
64 5
25 50
85 64
76 15
78 61
97 74
36 64
55 77
11 7
52 8
73 67
6 77
45 5
64 18
3 8
22 21
85 77
38 2
98 16
43 80
82 8
1 83
59 61
100 62
17 64
36 77
77 78
75 5
94 18
33 8
52 21
10 24
73 80
45 18
86 19
3 21
79 16
24 80
65 81
63 8
82 21
1 96
40 24
58 78
77 91
80 96
33 21
51 38
12 83
31 96
72 97
70 24
89 37
28 27
47 40
68 99
21 24
40 37
81 38
42 83
61 96
74 35
19 99
60 100
13 25
53 97
70 37
9 27
5 56
49 99
62 38
83 97
96 36
41 100
32 51
16 43
35 56
34 97
92 38
69 54
27 57
71 100
39 67
4 46
97 8
55 11
96 49
48 8
6 11
92 51
50 54
27 70
11 62
30 75
43 14
1 17
87 57
4 59
36 11
77 12
22 76
98 71
15 73
73 14
11 75
52 76
43 27
87 70
100 9
45 73
64 86
17 11
3 76
77 25
22 89
80 30
19 20
98 84
82 76
40 79
12 17
72 31
75 73
52 89
93 90
10 92
49 20
68 33
26 36
67 74
86 87
89 92
61 30
47 95
19 33
5 98
79 84
63 76
82 89
21 79
95 28
12 30
53 31
72 44
56 36
33 89
65 41
68 46
67 87
26 49
42 30
83 31
9 82
41 34
60 47
44 39
21 92
34 31
37 36
14 52
13 93
71 34
7 49
48 50
92 93
6 53
39 1
25 39
2 55
76 4
34 44
78 50
69 1
55 66
27 4
71 47
30 9
48 63
6 66
64 7
25 52
66 53
2 68
18 12
17 53
36 66
8 4
94 7
11 9
52 10
29 63
73 69
3 10
22 23
24 69
82 10
1 85
91 15
77 80
61 72
80 85
33 10
86 21
70 13
79 18
24 82
65 83
63 10
40 26
58 80
42 72
93 37
51 40
54 82
95 83
72 99
89 39
47 42
88 80
46 83
21 26
62 27
39 43
42 85
83 86
13 27
32 40
34 86
53 99
92 27
9 29
28 42
69 43
5 58
81 53
23 48
83 99
99 43
16 45
92 40
50 43
8 46
11 51
84 41
4 48
23 61
64 62
97 10
55 13
96 51
38 46
76 72
73 3
91 57
8 59
94 62
85 13
30 77
24 3
45 62
64 75
36 13
77 14
22 78
38 59
15 75
54 3
18 80
12 6
31 19
66 13
10 81
86 76
58 14
3 78
89 81
77 27
42 6
79 73
82 78
95 17
40 81
12 19
31 32
72 33
10 94
49 22
86 89
70 81
42 19
19 35
60 36
5 100
63 78
82 91
21 81
40 94
81 95
34 20
53 33
72 46
37 25
56 38
14 41
88 27
26 51
70 94
41 36
60 49
62 95
34 33
20 98
37 38
56 51
14 54
71 36
16 100
90 49
48 52
92 95
41 49
44 54
2 57
18 1
59 39
78 52
36 55
55 68
71 49
30 11
29 52
25 54
85 68
24 58
43 71
1 74
18 14
17 55
91 4
52 12
84 1
73 71
45 9
31 74
3 12
66 68
43 84
82 12
100 66
61 74
10 28
67 10
12 74
86 23
31 87
89 28
5 34
65 85
63 12
49 77
82 25
68 90
40 28
26 93
100 79
58 82
61 87
19 90
32 29
51 42
35 34
67 23
12 87
53 88
56 93
9 18
28 31
47 44
5 47
46 85
65 98
21 28
83 88
74 39
41 91
51 55
35 47
92 29
9 31
28 44
30 53
71 91
81 55
4 37
23 50
96 40
13 42
99 45
76 61
6 2
50 45
69 58
27 61
30 66
2 4
43 5
1 8
20 58
87 48
4 50
23 63
36 2
55 15
22 67
99 58
73 5
18 69
94 64
66 2
11 66
52 67
24 5
84 56
43 18
45 64
64 77
17 2
77 16
22 80
61 8
80 21
98 75
82 67
54 5
18 82
31 21
33 67
52 80
45 77
86 78
3 80
89 83
42 8
80 34
79 75
63 67
21 70
54 18
40 83
95 19
12 21
56 27
75 77
88 16
74 81
93 94
46 19
51 97
68 37
86 91
70 83
28 86
63 80
21 83
95 32
53 35
39 100
37 27
56 40
46 32
32 97
49 37
7 40
67 91
70 96
83 35
28 99
69 100
41 38
25 30
2 46
62 97
78 41
55 57
96 95
99 100
29 41
48 54
92 97
6 57
25 43
2 59
43 60
78 54
17 44
36 57
55 70
29 54
73 60
64 11
3 1
98 9
43 73
1 76
18 16
77 71
80 76
33 1
10 17
86 12
89 17
22 27
66 70
65 74
98 22
1 89
58 71
42 63
33 14
19 79
51 31
54 73
95 74
67 12
86 25
31 89
72 90
70 17
46 74
5 36
49 79
68 92
21 17
58 84
42 76
61 89
74 28
51 44
67 25
70 30
56 95
88 84
46 87
49 92
62 31
7 95
39 47
23 39
41 93
32 44
44 98
16 36
35 49
76 50
92 31
37 95
9 33
50 34
62 44
20 47
23 52
96 42
13 44
99 47
6 4
69 60
30 68
84 45
4 52
45 53
64 66
36 4
77 5
80 10
38 50
57 63
15 66
73 7
31 10
66 4
11 68
52 69
24 7
43 20
1 23
17 4
3 69
22 82
61 10
79 64
98 77
54 7
31 23
75 66
94 79
49 13
100 15
86 80
58 18
3 82
47 88
19 26
5 91
12 23
53 24
33 82
74 83
46 21
65 34
32 86
51 99
35 91
67 80
86 93
70 85
89 98
9 75
83 24
28 88
41 27
60 40
63 82
21 85
62 86
95 34
34 24
53 37
56 42
74 96
13 86
32 99
90 40
7 42
60 53
25 32
34 37
13 99
71 40
90 53
29 43
6 59
25 45
76 10
59 43
78 56
17 46
36 59
55 72
11 2
29 56
64 13
22 16
24 62
43 75
15 13
1 78
91 8
58 60
94 13
52 16
54 62
12 65
45 13
3 16
24 75
63 3
82 16
1 91
21 6
40 19
100 70
58 73
80 91
33 16
74 17
19 81
93 30
10 32
51 33
95 76
67 14
86 27
70 19
89 32
28 22
65 89
49 81
68 94
21 19
7 84
39 36
42 78
19 94
60 95
13 20
51 46
16 25
35 38
95 89
53 92
70 32
56 97
9 22
28 35
69 36
14 100
5 51
46 89
49 94
90 95
7 97
81 46
20 36
39 49
23 41
83 92
41 95
13 33
44 100
35 51
34 92
92 33
37 97
50 36
69 49
27 52
11 44
30 57
71 95
29 98
62 46
23 54
55 6
25 100
57 52
76 65
18 60
50 49
11 57
85 6
87 52
4 54
64 68
36 6
3 58
80 12
38 52
57 65
98 66
73 9
18 73
31 12
91 63
75 55
52 71
24 9
65 10
68 15
87 65
100 4
89 74
77 20
98 79
63 58
82 71
54 9
31 25
33 71
52 84
10 87
51 88
68 28
7 18
67 69
28 77
47 90
19 28
60 29
5 93
63 71
82 84
95 23
40 87
53 26
37 18
56 31
74 85
93 98
46 23
32 88
49 28
35 93
60 42
34 26
20 91
53 39
37 31
23 96
56 44
97 45
74 98
