57 166
10 34
35 33
52 49
43 46
17 3
33 54
23 25
9 26
46 20
12 52
15 23
44 38
54 6
26 32
13 44
11 44
10 54
2 4
37 35
14 42
7 3
35 19
41 35
44 22
50 38
53 9
30 50
43 7
15 55
5 32
3 44
25 11
36 41
41 37
8 52
46 36
1 46
56 16
57 45
21 25
20 35
48 51
22 32
26 48
7 44
13 5
42 29
8 27
44 35
35 32
34 9
43 48
31 37
57 1
4 38
44 28
1 23
8 47
25 42
5 57
17 4
14 5
52 53
21 29
50 10
41 7
38 54
44 12
26 6
10 19
44 21
16 14
20 5
19 49
45 13
41 46
55 17
21 31
3 25
23 37
27 19
21 49
53 47
30 33
28 45
39 20
51 3
26 47
53 31
52 11
19 8
34 27
50 23
33 7
42 19
54 48
17 29
47 42
51 24
5 36
22 52
22 6
3 57
46 37
35 34
38 33
23 14
26 31
55 21
30 10
34 29
42 21
10 16
46 3
2 12
22 45
51 26
12 53
21 1
2 30
13 36
49 35
35 36
7 29
44 48
34 22
47 19
28 15
53 44
16 4
19 30
12 46
14 52
50 48
55 7
52 54
50 2
25 37
18 31
26 44
2 44
35 56
24 56
34 33
40 46
2 7
11 19
3 36
12 48
33 25
35 22
13 22
53 3
16 18
26 28
18 24
30 53
37 13
18 42
30 7
51 5
23 32
20 54
12 50
51 41
1 22
