55 92
35 51
1 49
25 50
11 14
2 11
20 47
14 40
37 42
14 49
26 23
6 20
52 51
33 47
36 9
2 41
9 1
15 53
11 16
9 28
16 6
25 18
54 8
16 33
52 10
49 2
33 15
1 10
55 45
36 41
7 23
28 55
1 46
28 18
40 47
1 12
33 26
48 17
25 40
26 41
18 46
19 29
48 10
32 50
48 46
24 46
53 54
14 53
6 15
45 13
22 11
31 32
33 14
53 47
48 23
23 12
40 28
29 28
24 41
35 41
42 19
42 28
48 34
11 49
26 40
7 45
7 54
2 12
49 8
54 4
11 42
26 24
29 23
15 24
49 35
6 30
49 44
27 16
16 50
8 30
18 13
38 28
6 23
6 32
27 9
16 43
44 4
19 14
7 15
45 8
8 16
5 26
17 37
