64 98
8 64
14 22
33 27
6 57
34 12
55 22
46 41
56 21
29 34
17 23
26 62
15 62
5 39
60 48
17 44
7 21
25 36
8 50
48 31
34 14
63 29
22 21
8 4
63 47
24 3
52 28
16 17
1 37
63 49
61 24
41 21
24 14
44 26
64 4
10 42
45 9
3 58
19 63
59 20
35 62
28 41
53 6
32 41
61 19
46 15
2 33
57 42
29 35
55 17
12 28
42 8
50 21
36 31
50 30
42 26
5 34
53 1
11 38
21 6
3 55
14 9
58 9
50 14
2 1
54 57
9 61
21 35
59 19
63 44
18 63
48 27
33 48
35 54
47 19
9 11
25 7
63 55
25 16
26 17
61 48
6 32
36 12
19 5
8 5
28 17
8 14
42 16
46 16
31 6
43 35
10 59
30 16
34 44
45 44
29 57
20 54
54 56
12 59
