50 157
26 21
13 33
16 29
2 48
25 50
45 28
43 3
4 39
49 16
7 10
15 32
11 7
3 24
46 13
6 4
33 22
44 31
15 25
47 2
36 2
22 12
16 42
14 26
49 2
5 32
43 25
7 14
48 15
27 47
25 29
44 42
20 8
47 4
1 37
14 1
12 13
3 10
11 2
41 3
4 27
24 5
27 22
3 37
26 11
25 13
4 45
15 11
19 36
20 19
12 24
11 4
4 29
36 27
41 23
45 39
45 48
10 26
1 23
10 44
22 9
21 11
45 11
35 46
26 43
29 42
4 22
23 35
19 13
25 8
30 31
33 30
9 39
6 15
49 29
2 42
15 27
6 33
14 16
18 32
14 25
4 24
4 33
1 9
18 4
39 2
5 34
25 19
8 33
15 38
27 3
3 18
35 50
15 47
35 4
26 1
34 36
35 13
27 30
2 10
20 46
17 47
29 12
6 10
39 22
31 18
26 31
40 30
3 11
7 27
1 41
7 36
36 17
47 26
46 3
9 18
20 48
46 12
29 5
31 2
38 17
43 49
36 10
16 41
17 6
18 38
34 40
47 46
37 45
28 42
43 33
49 37
7 31
35 47
45 24
34 24
9 4
20 43
43 17
49 12
41 29
28 44
1 29
41 47
16 36
39 31
36 14
48 43
42 9
40 39
3 20
5 26
17 28
12 41
2 18
9 33
24 15
50 43
