83 110
79 24
24 33
35 33
11 51
29 32
65 61
31 38
19 18
74 73
14 40
26 69
79 26
53 71
10 54
39 35
74 66
76 63
48 1
22 46
35 74
23 54
79 74
35 83
70 50
10 29
30 41
45 69
56 14
73 30
49 39
17 80
43 16
42 18
72 6
81 73
48 24
56 71
22 69
6 27
17 73
12 31
74 15
16 1
59 36
78 58
11 32
73 16
66 4
70 29
22 73
56 75
72 40
59 77
24 9
73 57
5 59
80 62
6 33
38 47
33 60
69 34
82 62
73 59
18 68
48 69
66 20
9 59
44 7
50 23
48 25
13 25
38 24
20 18
72 83
70 65
61 7
6 46
7 45
10 7
25 5
30 28
60 29
2 76
74 28
2 21
20 57
76 25
31 66
51 44
59 58
53 17
45 31
55 41
47 37
12 64
47 3
58 70
15 44
8 78
31 43
54 45
76 29
49 12
78 11
61 68
45 81
19 62
46 55
43 10
29 2
