94 86
65 61
42 75
10 70
82 56
57 11
38 71
7 28
12 91
57 77
76 47
60 5
80 90
13 76
46 27
77 87
52 67
51 77
25 4
16 1
24 69
32 91
5 46
30 45
20 10
4 11
65 60
49 70
81 68
54 51
34 57
65 90
56 11
92 7
86 21
22 18
22 2
30 58
32 43
13 39
7 41
59 33
93 83
22 68
83 54
50 78
90 59
42 19
80 57
78 5
7 18
48 34
87 8
87 26
19 1
15 49
47 17
66 15
3 50
41 34
26 79
77 72
42 51
59 67
6 39
72 94
2 60
94 33
20 13
23 64
36 3
90 38
78 18
7 31
91 76
91 30
16 61
11 19
75 40
88 34
62 79
36 5
45 26
2 55
65 13
6 55
84 66
