18 143
7 17
17 3
3 13
14 13
8 9
10 6
11 5
9 17
15 5
6 2
18 1
1 15
13 17
7 10
9 1
3 15
14 15
12 18
11 7
2 4
13 1
1 8
15 7
6 4
1 17
15 16
8 4
14 17
5 14
11 9
15 9
16 8
7 5
18 5
16 17
7 14
14 1
12 13
9 5
11 2
5 16
4 18
9 14
1 3
15 2
16 1
10 15
16 10
7 16
18 16
17 2
12 15
3 12
17 11
9 7
11 4
9 16
10 8
1 5
15 4
6 1
13 16
2 13
16 12
17 4
5 2
3 14
10 1
8 13
1 7
13 9
15 6
7 2
11 18
16 14
12 1
3 7
5 4
3 16
5 13
10 3
17 18
8 15
10 12
6 8
6 17
5 6
3 18
14 18
10 5
13 4
8 17
10 14
1 11
11 13
12 5
14 2
4 1
7 18
12 14
14 11
11 6
2 3
16 2
9 18
11 15
2 12
6 3
6 12
12 7
3 4
14 4
8 12
10 9
11 8
16 4
10 18
15 17
6 14
18 13
10 2
9 4
8 14
11 10
6 7
18 6
6 16
4 7
17 10
8 7
5 8
10 4
11 3
5 17
9 6
10 13
11 12
2 9
13 6
2 18
13 15
16 11
18 8
