69 103
69 56
41 49
62 26
34 28
7 65
61 45
22 19
45 21
19 11
51 9
6 41
67 27
68 13
1 8
61 38
17 53
30 4
60 32
4 52
44 42
3 10
29 38
28 18
35 60
59 27
1 12
42 29
27 40
16 19
17 48
29 22
2 56
66 13
67 42
50 35
28 59
2 49
32 50
66 52
26 43
33 3
4 31
21 47
62 2
39 9
17 43
45 13
5 68
41 55
35 48
54 46
1 18
6 8
40 10
5 61
5 6
51 3
67 21
52 2
27 12
26 1
22 43
11 22
38 6
31 64
3 2
24 34
50 53
29 30
24 43
12 23
66 58
50 7
16 48
26 58
5 20
42 21
57 3
26 15
69 50
60 56
55 69
52 6
47 19
53 35
28 24
10 18
12 46
67 9
49 37
32 51
10 57
17 26
57 25
67 20
28 1
47 14
3 20
22 33
20 45
54 47
46 9
2 18
