83 154
80 56
7 26
30 55
5 1
42 66
12 25
66 14
29 59
49 7
23 52
38 80
61 45
55 59
7 74
12 61
72 20
79 35
19 48
44 56
83 5
68 4
29 52
66 80
19 32
26 80
2 25
34 60
34 78
16 42
72 52
29 63
27 38
81 73
73 69
55 63
56 62
20 17
49 32
3 19
57 54
60 16
51 13
23 31
55 38
24 69
42 20
71 65
12 70
32 48
3 12
29 40
41 5
23 33
45 57
34 57
59 56
36 54
44 37
61 83
53 45
1 71
62 57
50 37
65 19
34 50
59 49
37 46
17 43
40 8
56 68
32 34
83 6
4 15
13 48
67 83
7 41
61 76
59 24
25 65
8 79
52 27
47 40
81 72
10 30
65 30
17 45
8 42
69 55
12 67
77 68
32 45
55 10
12 76
21 79
50 60
68 53
12 30
27 12
67 30
45 36
72 62
39 59
23 51
75 43
83 56
66 49
57 67
45 47
82 11
82 75
54 68
52 43
58 59
12 71
61 55
43 49
80 13
69 77
16 59
31 41
65 18
48 11
40 62
6 14
40 80
79 29
51 55
79 38
62 31
25 46
36 76
56 24
82 43
42 80
77 40
2 16
63 2
38 67
31 6
18 6
12 11
58 63
42 46
17 1
27 75
76 59
59 25
54 38
12 32
68 64
19 25
63 4
21 53
57 27
