86 152
6 18
72 18
52 49
18 81
56 74
82 38
71 38
70 82
8 18
28 30
58 31
60 28
72 57
52 33
15 14
42 32
7 65
21 73
78 6
25 34
74 48
76 45
54 24
22 83
25 61
63 45
25 27
62 76
70 68
51 57
76 56
24 58
1 74
82 81
8 52
29 84
31 81
37 67
5 25
27 31
33 81
30 27
24 78
73 62
8 36
5 46
65 42
22 25
72 38
74 72
58 39
30 29
65 81
10 35
54 5
68 31
85 56
56 84
32 59
41 7
80 23
43 59
55 33
35 9
33 76
44 76
28 34
28 52
85 58
51 56
12 19
29 44
33 60
4 24
41 73
8 70
30 79
25 10
48 60
19 79
46 8
38 13
66 29
36 58
20 71
22 13
80 82
2 1
11 13
1 75
48 71
65 32
31 73
22 70
72 19
5 63
26 31
7 27
70 10
32 56
60 72
27 78
11 6
81 3
73 54
9 27
75 27
28 40
14 50
2 30
29 23
77 17
78 71
34 13
58 77
30 3
65 55
62 56
71 4
48 66
26 8
12 55
74 39
49 19
77 1
13 29
12 73
4 5
4 69
69 70
69 15
8 60
70 23
11 56
2 62
43 81
68 25
38 76
67 57
79 22
55 9
73 79
12 75
56 72
44 6
9 70
57 9
5 35
39 67
51 32
50 34
15 76
