99 4851
86 72
18 17
78 68
79 33
97 81
71 29
89 77
16 93
90 42
36 71
42 2
28 67
29 32
47 80
48 45
40 41
17 94
58 95
63 61
9 90
50 91
75 35
21 64
40 77
81 78
87 9
33 38
34 3
52 51
44 47
45 12
72 29
64 25
54 97
74 75
93 88
59 32
78 45
79 10
24 74
70 41
43 87
89 54
90 19
36 48
1 90
47 57
48 22
7 21
59 68
46 98
5 60
70 77
71 42
79 46
17 71
91 20
36 84
63 38
83 16
77 85
69 81
75 12
80 90
40 54
60 32
25 11
44 24
64 2
2 27
22 5
14 1
73 87
74 52
25 47
66 48
20 81
45 25
12 77
31 90
37 21
32 55
97 35
3 28
89 31
43 64
68 8
55 38
1 67
47 34
13 78
59 45
99 81
18 7
79 23
24 87
65 88
90 32
35 96
76 97
9 44
28 57
68 93
29 22
21 18
60 9
5 73
92 78
52 5
58 85
77 98
50 81
10 8
42 77
61 90
62 55
81 68
8 84
27 97
54 51
73 64
19 93
53 6
25 24
39 71
11 89
10 44
56 11
2 40
43 41
3 5
22 18
95 88
67 26
86 39
32 68
78 35
23 99
24 64
43 77
17 25
36 38
55 51
28 34
96 89
88 85
7 11
99 94
5 50
92 55
6 15
17 61
58 62
77 75
83 6
9 57
40 44
41 9
81 45
25 1
58 98
62 68
8 97
73 77
74 42
66 38
39 84
86 16
37 11
32 45
4 63
24 41
70 8
84 92
89 21
78 12
51 58
36 15
35 50
96 66
1 57
34 91
59 35
5 27
65 78
17 38
82 18
68 83
28 47
88 98
48 25
21 8
26 86
5 63
92 68
50 71
69 84
42 67
62 45
80 93
33 18
74 19
25 14
20 48
93 32
66 15
30 92
31 57
32 22
51 35
23 53
97 2
35 27
55 5
1 34
87 74
66 51
67 16
12 80
13 45
59 12
4 76
86 29
78 25
24 54
65 55
98 3
16 50
56 86
35 63
36 28
9 11
76 64
89 34
1 70
88 75
48 2
47 37
99 84
5 40
65 91
38 74
63 18
58 52
50 48
69 61
29 25
61 57
80 70
81 35
8 51
7 86
26 99
18 95
19 60
93 9
85 5
30 69
31 34
91 85
10 11
42 80
83 81
8 87
60 97
11 92
12 57
86 6
52 93
72 71
78 2
23 66
64 67
4 53
24 31
16 27
32 35
31 70
36 5
95 91
55 18
28 1
88 52
53 94
59 25
45 90
46 55
37 86
38 51
57 64
9 24
28 37
69 38
15 67
40 11
81 12
26 76
27 41
4 67
18 72
92 58
58 65
30 46
90 97
91 62
82 93
62 35
7 99
81 48
54 31
73 44
74 9
19 73
93 22
66 5
60 74
85 18
30 82
31 47
20 38
32 12
23 43
24 8
51 25
77 27
84 59
75 90
95 68
96 33
41 97
87 64
88 29
99 38
4 66
37 63
70 11
16 40
17 5
97 20
36 18
76 54
22 83
28 14
47 27
34 94
80 24
26 53
5 30
46 68
57 77
98 78
77 55
90 74
69 51
42 34
61 47
80 60
19 50
20 15
11 46
91 75
51 2
63 93
95 45
87 41
20 51
60 87
52 83
72 61
4 43
23 56
44 79
32 25
84 72
56 53
76 31
96 46
22 60
47 4
88 42
34 71
53 84
45 80
5 7
92 12
37 76
86 81
56 89
3 83
49 50
76 67
15 57
61 24
26 66
27 31
19 27
39 5
98 91
31 1
63 70
91 52
42 47
82 83
29 77
8 54
94 57
54 21
20 28
52 60
31 37
72 38
32 2
23 33
51 15
83 84
75 80
35 7
87 54
25 79
99 28
72 74
46 22
64 70
37 53
56 66
2 95
3 60
77 9
28 4
68 40
61 1
80 14
26 43
86 94
18 39
78 90
79 55
58 32
70 86
89 99
90 64
69 41
42 24
15 70
81 15
8 31
18 75
19 40
20 5
79 91
12 1
30 49
31 14
23 10
83 61
84 26
29 90
75 57
21 86
95 35
40 99
41 64
87 31
60 77
94 70
52 73
25 56
99 5
4 33
64 47
10 76
56 43
16 7
76 21
68 17
34 61
25 92
45 70
86 71
65 48
38 31
57 44
89 76
77 22
69 18
7 43
47 79
80 27
67 94
59 90
19 17
18 52
79 68
17 93
63 60
82 73
84 3
48 80
21 63
95 12
40 76
60 54
12 14
53 15
4 10
10 53
41 77
87 44
1 4
88 9
34 38
53 51
44 82
85 83
45 47
64 60
65 25
37 43
51 90
10 89
2 85
43 86
49 17
22 63
3 50
97 57
68 30
15 24
80 4
26 33
67 71
86 84
59 67
18 29
97 93
71 41
30 3
90 54
36 83
28 79
7 56
94 24
73 1
19 30
60 31
11 26
6 60
71 77
31 4
72 5
63 73
83 51
84 16
29 80
75 47
94 60
40 89
81 90
87 21
41 54
73 86
6 96
33 50
53 28
34 15
44 59
72 41
65 2
56 33
2 62
3 27
22 40
66 83
67 48
26 10
13 77
46 25
86 61
37 56
18 6
97 70
98 35
43 99
24 86
78 57
36 60
15 37
55 73
61 4
59 80
19 7
79 58
70 89
30 16
91 32
36 96
77 97
28 92
48 70
40 66
41 31
52 40
53 5
25 23
44 36
45 1
64 14
10 43
2 39
62 90
96 3
14 13
33 63
73 99
74 64
93 77
66 60
12 89
46 2
86 38
65 15
78 34
23 98
97 47
2 75
98 12
3 40
22 53
14 49
15 14
7 10
67 61
18 19
59 57
78 70
79 35
24 99
98 48
17 60
90 44
63 27
9 56
55 86
28 69
29 34
83 5
94 14
41 8
6 50
92 90
44 13
58 97
9 92
50 93
84 6
42 89
21 66
34 5
74 41
25 36
93 54
44 49
39 83
85 50
45 14
64 27
10 56
97 24
3 17
76 1
14 26
74 77
66 73
85 86
86 51
59 34
4 98
78 47
79 12
38 11
98 25
43 89
82 17
28 46
1 92
88 97
7 23
27 1
40 20
59 70
92 67
71 44
38 96
77 87
83 18
28 82
69 83
75 14
21 43
41 21
44 26
72 8
64 4
2 29
62 80
14 3
74 54
39 96
85 63
31 92
4 75
78 24
32 57
51 70
96 78
1 69
67 51
18 9
99 83
59 47
65 90
71 21
90 34
63 17
76 99
77 64
9 46
28 59
36 63
40 33
26 98
60 11
92 80
52 7
58 87
42 79
62 57
8 86
54 53
17 72
74 31
19 95
20 60
93 44
35 39
14 16
96 55
53 93
59 24
86 41
79 2
24 66
70 33
17 27
36 40
9 23
96 91
29 1
88 87
48 14
99 96
57 99
63 30
49 95
50 60
21 33
7 98
41 11
81 47
27 76
33 7
73 43
19 72
93 21
39 50
85 17
30 81
8 99
54 66
74 44
20 73
67 5
86 18
59 1
72 83
32 47
23 78
51 60
89 23
16 39
55 30
96 68
87 99
88 64
47 26
71 11
16 75
57 76
63 7
49 72
9 36
29 14
69 50
15 79
21 10
48 27
40 23
81 24
60 1
92 70
6 30
58 77
50 73
61 82
62 47
54 43
27 89
74 21
19 85
25 16
93 34
11 81
12 46
85 30
31 59
32 24
4 42
51 37
24 20
84 71
43 33
35 29
95 80
55 7
87 76
67 18
53 83
99 50
4 78
59 14
78 27
45 79
70 23
56 88
36 30
9 13
76 66
47 39
48 4
88 77
92 47
65 93
38 76
57 89
58 54
49 85
77 67
68 98
42 46
15 92
61 59
21 23
7 88
81 37
54 20
27 66
73 33
8 53
19 62
93 11
11 58
39 40
23 32
54 56
95 57
60 99
11 94
52 95
13 24
32 37
64 69
24 33
89 13
16 29
36 7
76 43
96 58
47 16
34 83
53 96
99 63
45 92
37 88
38 53
3 95
50 27
61 36
4 58
40 13
80 49
73 10
18 74
19 39
6 20
79 90
30 48
50 63
90 99
83 60
8 66
54 33
94 69
73 46
74 11
19 75
93 24
66 7
39 53
31 49
4 32
51 27
24 10
23 45
84 61
83 96
16 6
35 19
41 99
1 26
34 60
13 37
53 73
59 4
46 34
65 47
56 78
17 7
36 20
76 56
77 21
68 52
22 85
14 81
15 46
9 3
80 26
26 55
67 93
5 32
92 37
46 70
70 98
98 80
58 44
69 53
15 82
61 49
62 14
54 10
27 56
73 23
18 87
19 52
93 1
12 13
71 99
63 95
84 38
96 12
33 72
12 49
99 17
44 81
4 45
32 27
64 59
65 24
45 46
16 19
22 62
68 29
88 44
14 58
34 73
99 53
45 82
5 9
92 14
65 60
37 78
46 47
78 79
58 21
98 57
50 17
68 65
22 98
42 13
55 95
61 26
80 39
8 20
27 33
79 80
39 7
98 93
30 38
31 3
90 89
63 72
91 54
83 50
29 79
54 23
95 24
41 53
20 30
6 95
52 62
31 39
4 22
64 36
84 51
75 82
35 9
1 16
87 56
33 85
34 50
74 86
93 99
25 81
37 55
65 37
56 68
97 69
77 11
22 75
68 42
69 7
61 3
7 32
67 83
27 10
59 79
18 41
58 34
71 53
42 26
28 91
61 39
7 68
48 69
94 36
27 46
40 65
73 13
20 7
39 20
6 72
30 51
91 67
83 63
94 72
21 88
41 66
87 33
34 27
52 75
25 58
53 40
13 4
64 49
10 78
16 9
3 39
74 99
26 22
67 60
46 37
92 4
37 68
78 69
97 82
70 65
57 46
3 75
49 42
69 20
36 72
42 3
61 16
7 45
26 58
11 15
99 69
71 66
30 28
63 62
91 44
9 91
83 40
29 69
48 82
21 65
95 14
40 78
87 10
60 56
33 39
12 16
44 48
72 30
4 12
64 26
10 55
56 22
88 11
34 40
99 20
66 72
46 14
37 45
32 79
65 27
97 59
57 23
3 52
77 1
98 24
22 65
89 55
14 61
2 87
7 22
59 69
98 60
89 91
90 56
91 21
63 39
9 68
83 17
28 81
42 16
47 94
75 13
94 26
29 46
40 55
55 98
60 33
5 97
6 62
11 28
31 6
23 2
84 18
29 82
75 49
21 78
95 27
81 92
87 23
34 17
86 80
93 66
44 61
39 95
45 26
31 91
65 4
56 35
3 29
22 42
15 3
74 89
66 85
26 12
85 98
13 79
18 8
32 92
38 23
78 59
97 72
98 37
71 20
89 68
24 88
36 62
15 39
61 6
94 3
27 13
18 44
60 10
79 60
5 74
30 18
63 52
77 99
82 65
69 95
75 26
29 59
21 55
94 39
61 91
95 4
33 29
53 7
45 3
64 16
10 45
56 12
3 6
62 92
54 88
88 1
74 66
34 30
93 79
66 62
86 40
32 69
51 82
97 49
98 14
43 78
57 13
14 51
96 90
7 12
47 48
26 25
67 63
13 92
70 68
90 46
63 29
36 75
77 76
9 58
82 42
29 36
47 84
48 49
94 16
91 11
80 81
60 23
33 6
6 52
44 15
58 99
50 95
42 91
34 7
53 20
20 72
44 51
93 56
39 85
85 52
37 12
10 58
23 77
97 26
2 54
3 19
89 22
55 29
74 79
66 75
67 40
26 2
86 53
13 69
32 82
78 49
79 14
71 10
89 58
17 39
63 6
16 74
82 19
90 23
1 94
88 99
48 26
5 64
92 69
38 98
63 42
58 76
9 71
83 20
50 72
29 49
61 81
21 45
80 94
41 23
81 59
27 88
33 19
6 65
19 84
93 33
25 15
72 10
85 29
44 28
64 6
30 93
10 35
56 2
62 82
22 9
20 85
66 52
39 98
93 69
13 46
31 94
72 95
59 13
78 26
51 72
35 64
96 80
28 25
7 2
88 76
13 82
18 11
79 27
65 92
16 87
57 88
63 19
91 1
49 84
17 52
28 61
68 97
29 26
69 62
48 39
36 65
40 35
21 22
60 13
92 82
44 5
69 98
42 81
2 8
62 59
54 55
73 68
74 33
20 62
66 29
39 75
31 71
32 36
78 3
97 16
43 45
35 41
95 92
96 57
1 48
47 15
67 30
12 94
53 95
59 26
4 90
78 39
79 4
24 68
98 17
17 29
90 13
76 78
35 77
36 42
28 38
1 84
88 89
48 16
47 51
40 12
99 98
46 92
92 59
38 88
9 61
50 62
69 75
42 58
75 6
61 71
21 35
81 49
54 32
33 9
74 10
25 5
39 52
30 83
31 48
10 25
42 94
43 22
74 46
41 98
20 75
66 42
86 20
59 3
72 85
32 49
23 80
24 45
70 12
43 58
16 41
17 6
89 25
84 96
99 75
5 31
92 36
76 91
9 38
77 56
69 52
7 77
80 61
27 55
73 22
6 32
39 29
71 98
30 60
62 49
54 45
74 23
19 87
20 52
66 19
93 36
85 32
12 48
31 61
4 44
51 39
84 73
89 2
35 31
95 82
96 47
87 78
88 43
34 72
53 85
59 16
13 49
5 8
37 77
57 55
49 51
22 97
9 15
77 33
48 6
46 82
38 78
58 56
50 52
90 88
69 65
42 48
15 94
8 55
81 39
73 35
18 99
19 64
39 42
85 9
32 3
51 16
23 34
43 12
75 81
35 8
95 59
96 24
41 88
87 55
1 15
52 97
53 62
13 26
72 75
4 57
64 71
70 2
16 31
89 15
2 96
35 44
76 45
55 22
28 5
68 41
87 91
34 85
99 65
46 59
92 26
86 95
5 21
3 97
50 29
68 77
69 42
29 6
15 71
61 38
62 3
7 67
8 32
81 16
80 51
73 12
21 2
19 41
79 92
30 50
31 15
91 66
62 39
75 58
29 91
94 71
95 36
54 35
20 42
60 78
11 73
12 38
31 51
32 16
72 52
51 29
64 48
83 98
24 12
16 8
84 63
96 37
87 68
88 33
33 97
34 62
53 75
99 42
45 71
46 36
64 84
38 32
56 80
57 45
49 41
22 87
28 18
68 54
14 83
69 19
61 15
80 28
59 91
18 53
79 69
58 46
30 27
98 82
91 43
42 38
61 51
62 16
81 29
54 12
73 25
93 3
20 19
60 55
12 15
39 32
4 11
23 24
51 6
75 71
94 84
96 14
88 10
60 91
52 87
25 70
99 19
72 65
44 83
64 61
37 44
10 90
56 57
2 86
14 60
88 46
34 75
26 34
67 72
5 11
37 80
97 94
3 87
49 54
90 55
8 22
26 70
81 6
18 66
11 27
30 40
63 74
23 1
82 87
84 17
48 94
54 25
94 61
95 26
41 55
20 32
60 68
33 51
6 97
44 60
23 37
64 38
35 11
2 63
22 41
88 23
34 52
74 88
53 65
44 96
45 61
86 62
46 26
37 57
65 39
56 70
97 71
2 99
3 64
68 44
69 9
80 18
67 85
86 98
98 72
30 17
50 32
63 51
82 64
42 28
29 58
48 71
94 38
19 44
52 41
31 18
84 30
29 94
21 90
96 4
87 35
52 77
53 42
25 60
45 38
64 51
10 80
2 76
76 25
3 41
22 54
68 21
14 50
67 62
86 75
18 20
78 71
79 36
97 84
98 49
38 35
89 80
82 41
42 5
61 18
59 94
19 21
5 86
17 97
83 42
75 38
48 84
94 51
95 16
40 80
60 58
33 41
25 37
4 14
44 50
72 32
10 57
56 24
2 53
88 13
74 78
93 91
45 51
85 87
46 16
86 52
24 77
57 25
43 90
49 21
68 34
14 63
55 64
15 28
7 24
47 60
26 37
67 75
80 8
78 84
79 49
98 62
90 58
17 74
91 23
82 54
83 19
28 83
29 48
75 15
48 61
94 28
60 35
11 30
52 31
44 27
56 1
75 51
21 80
62 81
41 58
54 77
81 94
34 19
74 55
20 84
25 50
44 63
85 64
39 97
31 93
37 24
10 70
97 38
2 66
43 67
57 2
22 44
15 5
66 87
13 81
59 48
32 94
78 61
79 26
97 74
71 22
17 51
82 31
28 60
7 37
47 73
94 5
60 12
6 41
52 8
58 88
50 84
29 61
21 57
61 93
40 70
73 67
52 44
25 27
93 45
72 22
45 5
39 74
64 18
37 1
10 47
2 43
3 8
62 94
74 68
93 81
66 64
67 29
12 93
13 58
86 42
4 89
32 71
97 51
70 34
3 44
16 63
90 12
89 47
43 80
35 76
49 11
36 41
7 14
48 15
67 65
47 50
13 94
46 91
16 99
63 31
91 13
36 77
83 9
28 73
29 38
49 96
48 51
94 18
77 78
75 5
80 83
69 74
40 47
33 8
6 54
52 21
25 4
92 94
44 17
42 93
62 71
81 84
73 80
74 45
33 44
20 74
25 40
39 87
34 9
86 19
31 83
37 14
43 57
89 24
68 1
96 69
66 77
26 4
13 71
59 38
70 47
71 12
89 60
16 76
35 89
76 90
82 21
9 37
28 50
1 96
55 67
48 28
63 8
40 24
92 71
58 78
77 91
9 73
10 1
21 47
8 77
74 22
39 64
44 30
64 8
10 37
2 33
62 84
22 11
54 80
95 81
74 58
67 19
12 83
13 48
59 15
78 28
23 92
64 93
98 6
43 70
16 53
51 74
89 37
36 31
96 82
40 1
46 81
92 48
38 77
71 25
17 54
58 55
91 3
9 50
49 86
28 63
29 28
21 24
61 60
81 38
41 2
27 67
60 15
6 44
52 11
44 7
58 91
10 14
2 10
61 96
62 61
8 90
54 57
73 70
74 35
20 64
66 31
11 95
85 44
13 25
31 73
4 56
97 18
24 34
84 85
3 11
43 47
35 43
36 8
95 94
96 59
87 90
47 17
67 32
53 97
24 70
65 71
16 66
17 31
90 15
76 80
9 27
82 11
28 40
29 5
88 91
68 76
40 14
5 56
92 61
38 90
49 99
50 64
77 81
69 77
42 60
81 51
54 34
33 11
19 76
25 7
20 41
11 72
93 25
31 50
32 15
43 24
35 20
54 70
67 9
86 22
59 5
32 51
72 87
23 82
64 83
70 14
84 98
16 43
24 47
9 4
96 72
28 17
55 34
88 68
34 97
46 71
5 33
65 84
38 67
57 80
63 11
76 93
49 76
50 41
69 54
15 83
61 50
21 14
80 63
52 1
19 53
93 2
50 77
63 96
91 78
83 74
62 51
54 47
94 83
74 25
39 67
12 50
11 85
32 28
4 46
72 64
51 41
23 59
84 75
95 84
87 80
47 7
34 74
53 87
99 54
64 96
37 79
38 44
17 21
58 22
76 70
9 17
82 1
68 66
69 31
22 99
40 4
81 5
92 51
6 11
38 80
98 94
30 39
50 54
91 55
82 86
15 96
42 50
62 28
7 92
8 57
48 93
27 70
73 37
74 2
93 15
20 31
11 62
12 27
31 40
4 23
51 18
24 1
83 87
84 52
75 83
94 96
96 26
41 90
87 57
33 86
52 99
53 64
13 28
72 77
78 8
44 95
45 60
65 38
16 33
57 34
2 98
36 11
22 76
28 7
68 43
47 20
45 96
46 61
78 93
38 57
57 70
3 99
77 48
69 44
15 73
62 5
80 53
54 1
26 82
73 14
18 78
79 94
11 39
30 52
63 86
29 93
95 38
74 15
87 34
20 44
13 5
4 36
44 72
72 54
24 14
32 18
43 27
16 10
35 23
76 24
1 30
88 35
25 95
53 77
99 44
45 73
37 69
97 83
58 12
76 60
3 76
50 8
17 11
15 50
7 46
80 30
67 97
27 24
6 1
91 45
83 41
62 18
7 82
48 83
94 50
73 27
19 56
20 21
60 57
39 34
52 53
31 30
23 26
83 77
84 42
95 51
96 16
41 80
1 7
60 93
87 47
34 41
33 76
13 18
99 21
88 12
93 90
64 63
65 28
10 92
56 59
57 24
3 53
49 20
22 66
68 33
77 2
80 7
26 36
67 74
86 87
92 18
38 47
78 83
79 48
98 61
70 79
49 56
50 21
90 57
89 92
42 17
82 53
15 63
55 99
47 95
48 60
61 30
73 4
79 84
5 98
11 29
30 42
71 80
63 76
23 3
29 83
75 50
48 96
41 57
60 70
33 53
12 30
53 31
45 27
24 4
35 13
68 10
14 39
33 89
20 50
85 99
86 64
37 59
38 24
65 41
58 2
3 66
77 15
89 69
69 11
15 40
61 7
80 20
8 1
67 87
27 14
18 45
19 10
79 61
98 74
71 57
90 70
63 53
36 99
9 82
17 86
82 66
28 95
29 60
8 37
21 56
95 5
94 40
40 69
54 4
20 11
48 73
44 39
23 16
64 17
84 32
29 96
75 63
10 46
21 92
62 93
87 37
88 2
25 62
99 11
85 76
45 40
37 36
65 18
38 1
97 50
49 10
68 23
14 52
15 17
66 99
86 77
13 93
38 37
78 73
79 38
97 86
89 82
16 98
91 12
90 47
36 76
82 43
28 72
50 11
47 85
7 49
40 46
60 24
5 88
11 19
39 1
92 93
63 66
75 40
21 69
40 82
87 14
34 8
6 89
53 21
52 56
4 16
45 17
10 59
56 26
2 55
3 20
22 33
74 80
34 44
67 41
26 3
86 54
46 18
32 83
38 14
51 96
57 27
97 63
24 79
49 23
90 24
55 66
15 30
1 95
26 39
5 65
70 82
30 9
71 47
90 60
91 25
82 56
83 21
9 72
28 85
77 90
75 17
94 30
40 59
6 66
52 33
64 7
10 36
56 3
62 83
22 10
81 96
34 21
74 57
93 70
66 53
45 30
86 31
31 95
65 8
2 68
3 33
89 36
35 65
68 13
14 42
55 43
1 72
7 3
66 89
67 54
59 50
99 86
78 63
24 92
16 88
17 53
63 20
90 37
9 49
91 2
8 4
94 7
41 1
5 78
63 56
50 86
75 30
61 95
87 4
73 69
52 46
93 47
44 42
85 43
39 76
31 72
51 50
2 45
3 10
22 23
54 92
95 93
67 31
59 27
32 73
38 4
79 5
70 36
98 18
89 49
16 65
71 1
90 14
82 10
55 56
28 39
1 85
48 17
46 93
92 60
17 66
91 15
77 80
83 11
28 75
48 53
94 20
21 36
40 49
60 27
33 10
6 56
92 96
25 6
62 73
25 42
66 43
39 89
12 72
67 8
31 85
37 16
24 46
70 13
89 26
35 55
14 32
47 29
88 67
67 44
26 6
79 18
24 82
65 83
71 14
16 78
90 27
57 79
36 56
9 39
28 52
60 4
92 73
58 80
42 72
61 85
8 79
73 59
19 88
53 1
66 20
39 66
93 37
30 97
31 62
10 39
23 58
51 40
2 35
43 36
89 3
22 13
14 9
95 83
67 21
86 34
59 17
4 81
23 94
64 95
98 8
43 72
56 91
17 20
35 68
76 69
1 75
88 80
48 7
46 83
57 92
58 57
9 52
83 1
50 53
29 30
15 95
21 26
62 27
7 91
81 40
27 69
73 36
6 46
19 65
93 14
39 43
85 10
30 74
50 89
91 90
42 85
83 86
2 12
54 59
73 72
66 33
39 79
52 98
86 11
85 46
72 76
78 7
32 40
24 36
31 75
43 49
12 62
70 3
23 71
35 45
84 87
55 23
28 6
87 92
47 19
59 30
46 60
92 27
65 73
71 4
17 33
76 82
9 29
49 65
77 47
69 43
29 7
15 72
21 3
80 52
81 17
26 81
5 58
18 77
6 23
38 92
58 70
50 66
61 75
81 53
54 36
8 69
73 49
74 14
27 82
25 9
66 10
39 56
85 23
93 27
30 87
20 43
75 95
35 22
87 69
88 34
33 98
67 11
25 94
59 7
72 89
78 20
70 16
65 50
56 81
16 45
35 58
36 23
9 6
22 88
88 70
34 99
99 79
5 35
92 40
65 86
58 47
68 91
69 56
61 52
62 17
21 16
7 81
8 46
80 65
73 26
19 55
93 4
11 51
30 64
31 29
10 6
91 80
42 75
83 76
43 3
8 82
94 85
41 79
74 27
11 87
13 17
86 1
32 30
23 61
64 62
24 26
10 91
16 22
55 13
1 42
47 9
34 76
99 56
5 12
92 17
64 98
46 50
56 94
97 95
38 46
3 88
9 19
14 97
15 62
40 6
27 36
73 3
6 13
38 82
79 83
71 79
91 57
82 88
42 52
62 30
48 95
8 59
73 39
19 68
20 33
60 69
39 46
12 29
85 13
31 42
84 54
75 85
41 92
1 19
34 53
25 84
99 33
44 97
72 79
64 75
70 6
37 58
56 71
57 36
16 35
3 65
77 14
22 78
28 9
69 10
36 13
80 19
67 86
46 63
37 94
78 95
57 72
98 73
70 91
49 68
90 69
36 98
42 29
69 46
61 42
7 71
54 3
27 49
73 16
20 10
79 96
30 54
31 19
23 15
84 31
29 95
75 62
94 75
95 40
96 5
87 36
60 82
66 13
12 42
13 7
53 43
99 10
52 78
64 52
96 41
55 3
25 97
53 79
99 46
5 2
3 90
37 71
86 76
97 85
98 50
49 45
22 91
68 58
69 23
42 6
55 88
61 19
15 52
80 32
8 13
27 26
19 22
79 73
71 69
90 82
63 65
9 94
82 78
83 43
48 85
94 52
95 17
8 49
54 16
60 59
20 23
11 54
52 55
31 32
4 15
23 28
43 6
84 44
96 18
1 9
88 14
33 78
34 43
87 49
46 17
64 65
65 30
38 13
37 48
57 26
2 90
49 22
22 68
77 4
15 29
80 9
86 89
18 34
59 72
38 49
78 85
70 81
30 8
98 63
89 94
58 27
42 19
61 32
28 84
81 10
48 62
27 39
73 6
31 9
23 5
21 81
95 30
94 65
41 59
60 72
33 55
72 46
45 29
65 7
56 38
57 3
68 12
14 41
34 56
25 87
66 88
26 15
86 66
37 61
78 62
32 95
24 91
98 40
38 26
89 71
15 42
55 78
47 74
80 22
26 51
67 89
18 47
19 12
11 8
71 59
91 37
63 55
9 84
83 33
28 97
29 62
75 29
48 75
40 71
20 13
33 32
6 78
52 45
60 49
44 41
23 18
10 48
84 34
62 95
96 8
88 4
34 33
53 46
45 42
38 3
51 85
57 16
43 81
89 48
68 25
14 54
15 19
7 15
26 28
13 95
79 40
98 53
70 71
89 84
90 49
17 65
36 78
42 9
63 32
28 74
91 14
48 52
40 48
19 25
60 26
6 55
11 21
52 22
63 68
9 97
84 11
95 20
73 81
34 10
25 41
93 59
44 54
45 19
85 55
39 88
56 28
76 6
3 22
23 76
74 82
46 20
18 1
38 16
51 98
49 25
90 26
35 90
82 22
55 68
28 51
27 6
59 75
19 2
18 37
92 72
17 78
91 27
63 45
77 92
83 23
28 87
82 58
29 52
21 48
40 61
80 97
41 26
6 68
52 35
44 31
72 13
64 9
10 38
2 34
62 85
81 98
14 8
73 94
74 59
20 88
12 84
85 68
78 29
23 93
97 42
57 6
43 71
89 38
49 2
24 58
14 44
1 74
88 79
47 41
67 56
18 14
79 30
70 61
71 26
65 95
17 55
16 90
36 68
90 39
91 4
28 64
21 25
40 38
60 16
5 80
92 85
6 45
52 12
44 8
50 88
21 61
61 97
41 39
87 6
33 35
74 36
20 65
93 49
11 96
85 45
86 10
10 51
56 18
97 19
3 12
22 25
54 94
12 97
13 62
86 46
32 75
79 7
24 71
97 55
98 20
17 32
35 80
36 45
82 12
1 87
88 92
48 19
5 57
46 95
58 69
77 82
83 13
21 38
27 81
33 12
52 25
19 77
25 8
72 3
44 21
30 86
2 24
22 2
54 71
74 49
39 91
12 74
13 39
86 23
32 52
78 19
4 70
24 48
67 10
3 25
16 44
51 65
35 57
72 88
97 32
96 73
1 64
88 69
67 46
59 42
99 78
65 85
71 16
16 80
57 81
63 12
76 94
82 25
77 59
68 90
29 19
69 55
15 84
48 32
80 64
26 93
5 70
92 75
52 2
50 78
10 5
81 65
8 81
54 48
73 61
27 94
20 55
93 39
85 35
12 51
30 99
2 37
43 38
89 5
84 76
35 34
95 85
96 50
14 11
87 81
47 8
66 58
67 23
12 87
13 52
53 88
59 19
78 32
32 65
64 97
65 62
70 28
98 10
17 22
35 70
76 71
82 2
96 86
28 31
36 35
48 9
99 91
5 47
6 12
92 52
58 59
50 55
69 68
42 51
15 97
21 28
8 58
73 38
74 3
39 45
85 12
44 11
91 92
10 18
83 88
2 14
8 94
41 91
20 68
66 35
12 64
13 29
31 77
72 78
78 9
43 51
16 34
89 18
35 47
36 12
95 98
55 25
99 68
92 29
38 58
17 35
58 36
77 49
49 67
69 45
61 41
7 70
40 18
81 19
30 53
50 68
91 69
42 64
62 42
81 55
54 38
8 71
73 51
94 74
60 81
66 12
11 76
12 41
85 25
30 89
32 19
4 37
23 50
30 4
84 66
16 11
43 28
35 24
75 97
96 40
87 71
88 36
67 13
25 96
59 9
53 78
99 45
5 1
72 91
37 70
65 52
56 83
17 12
57 48
76 61
9 8
22 90
68 57
69 22
3 77
77 26
80 31
46 75
6 2
92 42
38 71
5 37
57 84
50 45
42 41
15 87
61 54
80 67
7 83
81 32
8 48
27 61
93 6
20 22
11 53
12 18
30 66
91 82
51 9
23 27
2 4
84 43
43 5
94 87
96 17
41 81
87 48
20 58
52 90
53 55
86 3
13 19
44 86
23 63
24 28
65 29
89 8
16 24
35 37
36 2
55 15
1 44
47 11
88 49
53 91
45 87
5 14
86 88
38 48
56 96
76 74
77 39
50 22
49 57
9 21
89 93
15 64
69 35
42 18
7 60
80 44
81 9
79 85
39 12
71 81
90 94
83 55
29 84
62 32
8 61
54 28
48 97
94 64
74 6
19 70
11 66
12 31
52 67
85 15
72 45
4 27
24 5
83 91
43 18
84 56
96 30
41 94
1 21
88 26
33 90
87 61
53 68
99 35
72 81
37 60
38 25
56 73
17 2
3 67
49 34
76 51
77 16
69 12
14 76
68 47
27 15
79 62
58 39
98 75
49 70
90 71
91 36
82 67
28 96
62 9
7 73
81 22
54 5
8 38
79 98
11 43
12 8
39 25
31 21
63 90
23 17
84 33
29 97
95 42
96 7
87 38
33 67
34 32
53 45
99 12
44 76
72 58
45 41
24 18
64 54
10 83
56 50
25 63
70 18
22 57
47 1
14 53
45 77
86 78
5 4
97 87
58 16
57 51
89 83
90 48
49 47
69 25
14 89
15 54
7 50
26 63
27 28
18 59
19 24
79 75
30 33
90 84
82 80
83 45
84 10
29 74
75 41
54 18
21 70
41 48
6 90
12 21
72 35
44 53
64 31
84 46
43 8
35 4
76 5
96 20
41 84
1 11
87 51
33 80
74 81
34 45
93 94
99 25
44 89
53 58
37 50
38 15
10 96
2 92
76 41
77 6
49 24
22 70
43 93
80 11
67 78
26 40
86 91
98 65
30 10
70 83
17 77
91 26
36 90
82 57
42 21
28 86
47 99
8 28
40 60
73 8
60 38
20 2
6 67
31 11
75 54
33 57
34 22
53 35
93 71
72 48
44 66
64 44
37 27
56 40
2 69
76 18
49 1
22 47
14 43
15 8
66 90
26 17
86 68
59 51
58 6
89 73
50 2
49 37
69 15
36 67
16 89
61 11
7 40
47 76
27 18
18 49
59 87
19 14
79 65
70 96
30 23
63 57
9 86
83 35
29 64
21 60
94 44
95 9
41 38
87 5
6 80
12 11
52 47
44 43
45 8
72 25
4 7
10 50
56 17
62 97
22 24
14 20
88 6
74 71
93 84
66 67
99 15
85 80
45 44
25 66
37 40
32 74
78 41
38 5
98 19
3 47
57 18
68 27
14 56
15 21
96 95
80 1
67 68
26 30
18 26
17 67
63 34
36 80
9 63
55 93
28 76
42 11
75 8
91 16
94 21
82 47
40 50
41 15
5 92
92 97
52 24
11 23
72 2
9 99
84 13
75 44
21 73
62 74
95 22
73 83
34 12
74 48
25 43
53 25
64 34
10 63
56 30
97 31
2 59
3 24
76 8
22 37
68 4
43 60
14 33
74 84
67 45
26 7
86 58
18 3
13 74
38 18
78 54
98 32
43 96
16 79
89 63
35 92
55 70
1 99
47 66
7 30
27 8
40 27
5 69
92 74
6 34
30 13
71 51
17 80
63 47
58 81
77 94
83 25
28 89
40 63
81 64
41 28
80 99
25 20
93 38
30 98
64 11
37 42
10 40
3 1
22 14
54 83
34 25
74 61
66 57
67 22
12 86
86 35
31 99
4 82
32 64
23 95
37 30
98 9
3 37
49 4
90 5
78 31
16 56
96 85
67 58
13 87
18 16
5 46
65 97
71 28
16 92
57 93
63 24
91 6
9 53
82 37
28 66
69 67
21 27
41 5
5 82
6 47
58 94
50 90
10 17
2 13
61 99
33 37
93 51
66 34
11 98
45 11
20 67
32 41
23 72
97 21
56 20
43 50
89 17
22 27
35 46
14 23
55 24
96 62
87 93
66 70
67 35
13 64
99 67
32 77
86 48
79 9
24 73
65 74
89 53
90 18
63 1
36 47
82 14
96 98
35 82
1 89
47 56
29 8
40 17
92 64
6 24
58 71
77 84
50 67
9 66
29 44
75 11
69 80
21 40
81 54
19 79
93 28
44 23
39 57
30 88
62 77
54 73
95 74
67 12
12 76
13 41
86 25
72 90
70 17
43 63
96 75
47 33
88 71
38 70
57 83
58 48
76 96
77 61
69 57
15 86
61 53
48 34
80 66
81 31
60 8
18 91
52 4
93 5
50 80
91 81
2 3
61 89
62 54
8 83
81 67
27 96
19 92
93 41
12 53
23 62
97 11
43 40
89 7
3 4
36 1
55 14
96 52
1 43
34 77
67 25
53 90
59 21
4 85
45 86
13 54
64 99
70 30
56 95
17 24
76 73
9 20
28 33
88 84
48 11
5 49
6 14
46 87
38 83
98 97
58 61
49 92
50 57
69 70
61 66
21 30
7 95
54 27
73 40
20 34
66 1
93 18
85 14
30 78
31 43
23 39
51 21
2 16
43 17
84 55
54 63
20 70
66 37
67 2
13 31
53 67
44 98
78 11
4 62
72 80
89 20
56 72
35 49
76 50
36 14
22 79
28 10
96 65
88 61
47 23
17 1
99 70
5 26
65 77
37 95
57 73
17 37
77 51
49 69
68 82
69 47
15 76
61 43
62 8
7 72
26 85
73 17
18 81
19 46
79 97
50 70
91 71
62 44
66 14
39 60
52 79
85 27
32 21
23 52
97 1
51 34
43 30
16 13
35 26
55 4
96 42
1 33
34 67
59 11
72 93
46 41
92 8
37 72
65 54
56 85
17 14
16 49
3 79
49 46
77 28
22 92
69 24
61 20
26 62
46 77
92 44
6 4
98 87
90 83
82 79
61 56
62 21
7 85
81 34
73 30
93 8
39 37
12 20
11 55
31 33
91 84
84 45
35 3
96 19
87 50
60 96
53 57
13 21
25 75
24 30
65 31
10 95
16 26
77 5
1 46
47 13
14 65
34 80
45 89
86 90
5 16
46 54
38 50
37 85
97 99
58 28
3 92
49 59
50 24
68 72
7 62
80 46
47 98
18 71
19 36
20 1
79 87
11 32
71 83
31 10
63 79
84 22
48 99
41 60
87 27
20 37
60 73
11 68
74 8
4 29
72 47
84 58
76 17
95 67
96 32
87 63
74 93
53 70
25 88
99 37
45 66
46 31
64 79
37 62
38 27
65 44
17 4
57 40
76 53
49 36
50 1
69 14
14 78
15 43
61 10
67 90
18 48
59 86
70 95
30 22
71 60
90 73
91 38
42 33
28 98
7 75
48 76
94 43
8 40
40 72
19 49
6 79
12 10
30 58
71 96
63 92
51 1
23 19
91 74
84 35
29 99
21 95
96 9
41 73
87 40
33 69
52 82
53 47
99 14
93 83
13 11
44 78
64 56
57 17
2 81
76 30
3 46
22 59
68 26
46 44
13 96
37 75
5 6
18 25
97 89
98 54
3 82
89 85
70 72
58 18
42 10
15 56
47 88
8 17
81 1
26 65
59 99
79 77
39 4
30 35
71 73
91 51
63 69
83 47
29 76
75 43
21 72
40 85
87 17
33 46
6 92
52 59
53 24
12 23
4 19
32 1
45 20
44 55
64 33
56 29
35 6
76 7
96 22
68 3
1 13
88 18
33 82
22 36
93 96
99 27
66 79
45 56
46 21
86 57
32 86
65 34
51 99
97 66
2 94
43 95
49 26
56 65
35 91
68 39
69 4
15 33
14 68
1 98
80 13
27 7
86 93
59 76
78 89
79 54
98 67
70 85
89 98
17 79
82 59
83 24
9 75
62 1
29 53
42 23
28 88
40 62
20 4
52 36
72 14
63 82
44 32
64 10
75 56
21 85
95 34
41 63
73 95
93 73
99 4
45 33
85 69
31 98
65 11
37 29
56 42
57 7
2 71
64 46
97 43
76 20
68 16
15 10
74 96
7 6
66 92
26 19
67 57
13 86
59 53
32 99
18 15
79 31
78 66
70 62
71 27
89 75
50 4
91 5
36 69
90 40
55 82
61 13
7 42
48 43
94 10
27 20
59 89
30 25
71 63
58 93
63 59
24 51
83 37
84 2
75 33
94 46
81 76
60 53
33 36
52 49
72 27
64 23
37 6
10 52
3 13
62 99
54 95
88 8
74 73
34 37
66 69
85 82
86 47
4 94
32 76
51 89
24 72
70 39
3 49
89 52
97 56
57 20
38 7
90 17
55 59
96 97
98 21
47 55
80 3
26 32
67 70
13 99
59 66
70 75
30 2
17 69
36 82
82 49
9 65
75 10
48 56
21 39
47 91
41 17
92 99
52 26
6 59
72 4
37 52
10 29
42 98
21 75
62 76
81 89
87 20
73 85
33 49
74 50
53 27
66 46
39 92
20 79
85 59
31 88
37 19
32 53
23 84
56 32
65 1
43 62
89 29
22 39
14 35
55 36
26 9
86 60
13 76
59 43
79 21
24 85
70 52
43 98
89 65
98 34
63 13
36 59
55 72
28 55
29 20
48 33
40 29
19 6
5 71
6 36
11 2
92 76
58 83
63 49
77 96
83 27
50 79
75 23
41 30
81 66
19 91
93 40
39 69
85 36
2 38
62 89
54 85
20 92
67 24
13 53
59 20
32 66
4 84
51 79
24 62
97 46
70 29
90 7
35 71
55 49
96 87
1 78
7 9
15 13
5 48
79 34
71 30
91 8
9 55
83 4
49 91
15 98
48 46
21 29
40 42
41 7
80 78
61 65
5 84
6 49
52 16
44 12
50 92
2 15
8 95
81 79
73 75
74 40
34 4
25 35
66 36
39 82
12 65
86 14
51 56
24 39
97 23
3 16
89 19
43 52
35 48
95 99
87 95
1 55
88 60
67 37
59 33
4 97
78 46
79 11
45 98
70 42
65 76
24 75
17 36
63 3
90 20
82 16
9 32
28 45
88 96
48 23
21 6
80 55
5 61
58 73
69 82
42 65
54 39
25 12
39 59
44 25
30 90
31 55
10 32
23 51
43 29
84 67
22 6
95 76
74 53
20 82
66 49
67 14
86 27
13 43
4 74
97 36
43 65
89 32
35 61
55 39
28 22
88 73
99 82
46 76
92 43
57 85
58 50
77 63
9 45
29 23
15 88
61 55
7 84
80 68
73 29
6 39
19 58
93 7
44 2
85 3
50 82
10 9
42 78
62 56
8 85
94 88
27 98
54 52
19 94
60 95
11 90
12 55
86 4
31 68
4 51
51 46
24 29
97 13
43 42
84 80
89 9
36 3
95 89
96 54
55 16
47 12
53 92
13 56
45 88
79 1
65 66
70 32
36 39
76 75
49 58
28 35
68 71
82 6
40 9
26 74
46 89
92 56
5 51
38 85
79 86
49 94
90 95
69 72
42 55
61 68
62 33
7 97
54 29
27 75
73 42
74 7
19 71
93 20
25 2
39 49
85 16
31 45
2 18
43 19
83 92
35 15
95 66
96 31
41 95
1 22
87 62
33 91
13 33
32 46
72 82
45 65
64 78
70 9
56 74
76 52
36 16
96 67
28 12
1 58
88 63
34 92
99 72
92 33
37 97
38 62
58 40
98 76
49 71
50 36
68 84
42 32
15 78
62 10
8 39
81 23
27 52
26 87
71 95
30 57
31 22
63 91
91 73
62 46
29 98
75 65
94 78
54 42
60 85
52 81
13 10
31 58
4 41
44 77
51 36
43 32
16 15
84 70
95 79
1 35
88 40
47 2
34 69
87 75
46 43
64 91
37 74
38 39
17 16
57 52
58 17
77 30
50 13
9 12
69 26
61 22
7 51
27 29
18 60
59 98
79 76
90 85
82 81
7 87
48 88
54 19
40 84
20 26
93 10
60 62
85 6
12 22
11 57
4 18
23 31
51 13
43 9
75 78
94 91
96 21
41 85
88 17
33 81
13 23
25 77
45 55
64 68
65 33
10 97
16 28
57 29
3 58
76 42
68 38
69 3
28 2
34 82
67 79
46 56
5 18
86 92
78 88
57 65
98 66
50 26
15 68
27 42
18 73
79 89
11 34
71 85
30 47
90 98
63 81
23 8
82 94
83 59
84 24
75 55
21 84
95 33
40 97
41 62
87 29
60 75
94 68
33 58
12 35
53 36
52 71
32 13
64 45
65 10
84 60
56 41
35 18
96 34
87 65
33 94
53 72
99 39
25 90
45 68
86 69
65 46
37 64
97 78
57 42
76 55
58 7
77 20
68 51
69 16
9 2
15 45
61 12
3 71
8 6
26 54
59 88
18 50
17 91
91 40
63 58
82 71
42 35
48 78
54 9
8 42
94 45
19 51
20 16
31 25
72 26
63 94
51 3
64 22
84 37
75 68
87 42
1 2
33 71
34 36
53 49
93 85
72 62
85 81
64 58
65 23
37 41
51 88
57 19
2 83
3 48
38 6
49 15
68 28
14 57
80 2
26 31
13 98
59 65
79 43
97 91
70 74
98 56
89 87
36 81
55 94
61 25
15 58
7 54
81 3
8 19
48 55
94 22
19 28
92 98
11 24
31 2
82 84
83 49
84 14
75 45
48 91
81 88
34 13
6 94
4 21
45 22
72 39
56 31
2 60
76 9
22 38
68 5
14 34
74 85
25 80
26 8
45 58
46 23
37 54
38 19
32 88
89 64
49 28
35 93
69 6
55 71
61 2
80 15
47 67
7 31
19 5
79 56
70 87
30 14
91 30
63 48
77 95
83 26
28 90
48 68
94 35
40 64
41 29
33 25
6 71
52 38
72 16
10 41
84 27
56 8
62 88
22 15
87 32
33 61
73 97
93 75
99 6
44 70
86 36
65 13
10 77
56 44
97 45
2 73
43 74
89 41
22 51
68 18
51 78
14 47
23 96
7 8
66 94
