8164
12274 24161
97557 57896
32180 78882
88917 2001
40217 89458
71747 3557
30984 26534
82668 27645
53985 23741
26376 84680
3460 56825
39195 56466
2205 29343
19153 92683
99028 1550
14076 46673
13349 93140
27351 21985
41503 73172
98612 97423
43474 45467
18191 35306
66725 12455
10835 25697
79174 70954
17358 44388
14968 13010
35233 39134
38013 26801
70474 40372
39898 90552
26848 78187
91676 38110
61069 75897
10960 18408
71938 11233
27569 86027
30207 73419
6014 30086
97837 11396
52633 29764
88048 5260
67164 36113
8244 16026
16624 42294
21409 20024
94033 14528
81052 8914
65088 47955
42612 72933
56105 75627
62299 98018
88705 40463
16639 98550
59964 59089
66548 69270
76761 18098
53368 92032
38243 5797
71672 69615
90229 29664
45942 9977
91224 68425
82115 14218
71888 5875
7136 1081
87819 22013
91361 97739
16093 49975
27366 98826
98304 5931
21502 77690
92168 91633
51578 30950
22460 21116
34352 19799
91209 83674
10938 82249
4452 45494
78409 87360
78685 54704
36642 39302
71359 15756
14450 83043
41850 55224
88040 77562
55042 99015
80320 39974
2916 23721
62948 24799
11408 17336
40207 91759
44249 16476
89494 94047
24319 49292
48131 16579
97188 18458
24642 34354
22740 4866
5357 70041
29531 73975
74048 86334
92564 37789
63681 51755
98632 56981
97807 33323
8058 17115
61700 32059
58637 57035
23211 2875
67714 69750
57024 211
13656 72209
83956 12319
94042 26278
64515 87699
68155 6886
7759 55238
84733 6801
68972 50316
30818 86366
9140 21176
9888 16841
23423 12332
71114 34467
68797 64637
62698 31836
59613 18085
87802 97078
38752 29131
94718 95013
39209 24424
18867 46705
43818 2150
53859 33024
42395 3851
76611 63867
15041 31454
92424 30478
43230 91685
94443 77570
88640 13575
15850 313
92210 38531
45 40222
59361 24751
84761 59350
90616 4002
51436 34128
34837 73648
17846 32533
52516 13637
89276 56651
47896 60744
28542 38550
24062 85835
85241 56772
88633 74640
91043 27151
27781 24634
59939 4217
11217 35961
71026 81411
2705 17650
15885 83721
73130 81624
49261 2137
46526 92466
14301 15428
35690 11707
32727 92886
84323 94011
55150 89404
9702 2606
52992 49932
81211 35880
77829 32048
79362 37384
80720 80673
82842 23254
38375 46171
96282 61326
36552 7947
58699 9038
32490 49495
55805 13478
9802 18027
65359 314
48422 58810
72050 49783
98211 89120
83770 12635
85078 58555
93638 73531
90730 11116
61461 27012
14453 4664
24353 40326
53939 92547
68920 56667
46530 34124
33015 72515
21166 6418
8490 948
2988 731
26721 92885
8445 95331
90627 8819
88355 43042
86253 6084
8430 4741
53896 63837
59910 39832
20862 80341
81451 87924
68429 8500
3074 17566
5967 7912
74145 1948
33326 81970
41746 91393
11998 81603
69107 76434
88928 65496
98255 21643
18991 39747
64194 4054
59849 75835
84852 55795
19082 89330
33833 84102
57885 4899
68247 38771
57384 35414
71510 46714
70717 97683
17887 51389
65180 88121
78695 68674
45985 29389
64354 92994
11133 30385
18828 55166
96702 22530
55493 14382
77276 70572
97950 92441
37272 69079
54138 70378
3901 3249
56328 89649
88909 48995
49547 63272
78050 39128
8056 21915
18154 24224
74716 70990
12889 17921
73831 57971
53092 91718
50678 69981
25139 43216
92035 26833
32408 866
86940 20742
30884 11269
20036 6406
98035 66713
88104 23814
31384 92786
89010 99862
35608 36644
33159 29450
7884 93917
41611 6908
27257 5805
49029 52202
30359 87514
50674 38751
2707 54911
33889 27951
26786 75664
55438 83305
90040 94332
80821 55159
7365 63404
39548 19075
27186 70791
29376 37292
85887 84585
54788 23927
23861 12379
37687 73822
31821 24672
25034 9318
36669 76529
50113 86276
34591 52294
58713 61985
71649 79947
76913 52664
12344 29780
12236 64586
3253 36218
14513 98973
75960 29783
87450 13704
61729 91520
50604 24909
52850 72694
17624 18936
88234 99482
78067 54357
64565 13495
20205 50306
41947 78021
30281 33093
71029 35559
23907 96692
60344 73858
81853 69174
41754 99164
45848 7009
89844 26429
30043 68293
78234 48814
17366 52521
28544 25428
19085 53667
72127 10149
79928 30685
76812 43258
28248 51400
24775 74501
38174 33821
22950 12873
65027 88867
75752 95931
47983 28881
12841 27781
73704 91690
94925 94027
86296 68255
80075 19751
11626 15019
58603 74644
75025 83382
63314 18085
7524 31362
39992 75707
76309 59754
53906 38533
34084 10447
68072 90091
78395 72304
50881 99364
97554 14141
18749 56277
66346 65717
15811 8082
65680 69346
83984 73387
56497 65543
4460 36742
95006 97440
69773 60765
22429 67999
82622 28766
973 92421
30382 78695
16085 79057
35573 37896
54325 60458
42183 1842
81480 34358
54877 52333
77792 33096
19241 65396
21723 74919
61422 96175
71436 90526
37975 38935
87714 14427
77938 53169
74863 1194
48430 74046
60578 32097
52472 41673
91369 23025
8489 65387
92175 87147
62322 95918
44112 83933
95679 6029
35094 91528
60599 70391
33995 43816
10568 67149
30037 20343
22484 61248
68497 86414
71701 9245
49569 11330
28183 48224
59306 24506
5153 80781
70059 54840
32197 60911
95630 41296
95184 7916
54509 80302
96230 98778
96437 32676
89275 832
91145 87036
24457 71854
89792 2497
9861 5260
87245 11003
82652 81758
43266 37606
3146 20143
53333 30930
65905 19754
23405 85187
31838 6860
66760 59779
32218 20031
34180 62418
94422 15937
91569 53339
3856 37624
82664 87630
17027 56796
30524 5019
69141 71557
23884 88972
15624 91652
45535 91557
60764 38579
83124 13177
94442 33702
86243 24325
60175 96696
75074 29444
78081 55148
70440 23319
70918 24849
85614 54236
18106 67651
74989 1609
47157 90143
5071 8691
93351 84210
32311 37466
39177 20194
96858 39920
37259 40286
11559 24592
31224 1990
90706 81216
883 85981
77599 51313
4273 18320
23347 18570
23068 85789
9793 67828
7007 64875
40790 19279
39853 43633
70153 89861
30407 94220
32357 48846
2306 31113
54910 40697
9312 9852
45031 62279
92832 71003
89201 26857
40268 77238
59621 98167
93531 47873
45469 42552
89172 4253
40364 68596
84431 81984
61420 43624
50619 21674
58226 65510
110 35583
61321 92772
46670 89636
23022 87874
27632 1703
65114 80037
55280 59483
33640 20204
88718 83341
61784 49740
80868 32577
54605 95914
5488 35030
39909 10332
524 5988
26993 60218
74831 9382
6472 59195
60118 90271
89842 36375
45993 8825
76498 75306
87140 46127
6526 5744
50935 9569
21322 66702
39272 76553
92231 51895
50761 71504
59686 48831
41791 36737
82541 438
12677 22047
8835 56936
27304 54858
28208 8264
85516 89945
75744 49572
28156 5548
84483 39390
99759 84564
80996 26573
8432 84495
37287 63972
57017 35120
27719 62646
38085 95682
51645 11112
11111 25782
7340 34092
59842 21014
13372 93721
83510 85274
10699 18143
84078 63023
74772 84237
31295 67312
39826 92361
20336 79483
76616 82189
55617 11377
70832 43485
61569 77882
54921 12268
46581 26813
93529 91335
69470 85107
58910 24310
36895 82914
33890 69464
36408 24919
66013 17488
85503 76623
29770 66144
74640 84931
54138 46018
26686 89662
85934 1136
86122 95195
1964 98467
57428 4858
52188 22106
86138 60800
76287 52518
65386 57886
56982 34085
39341 12017
65419 15681
6091 58001
96738 52781
36501 40313
33689 97164
65435 27538
3374 41523
96858 14479
39685 94487
20628 1743
19707 15172
11267 66103
52391 15064
31912 95412
89311 19744
78053 69662
14928 61062
56750 37986
35569 52176
50158 82096
79785 24946
36943 21948
7395 88894
11598 47652
46932 25945
32047 97491
52086 52964
68955 54148
3203 90125
69874 49753
49682 50292
25325 17943
99904 30910
65258 83541
89292 5354
66211 65772
3655 89075
80309 20740
77853 41873
87094 94720
97350 48144
85580 85848
89808 70434
66195 19677
53908 32252
59251 97405
63760 49590
91021 96807
40723 90507
14519 7585
58509 81201
48570 87880
88079 41397
24365 99747
31630 49168
89316 73102
94452 47138
2431 44336
91889 47319
4416 15682
28915 89886
46310 79604
87856 17799
13245 22768
92660 80020
27360 61287
89348 25017
90790 37754
53656 47335
25577 9886
47291 50413
76769 82714
89267 34961
35020 23674
90103 74241
34484 31491
74681 95072
63373 49031
15956 92035
17544 84520
54498 5783
55675 99233
22924 66242
24428 69703
48447 85709
25934 4669
24970 44976
22445 51211
7189 14849
17766 66914
65522 27807
50189 5669
66009 12682
27393 92120
40595 82293
39524 84525
72390 30821
60065 44679
39733 3887
77420 55101
34358 67542
52004 64396
94329 95432
30689 29486
485 25757
69749 89466
92160 41328
60902 72110
50131 24342
51092 7109
8775 60309
94287 3124
42911 85422
78553 6985
82444 44512
25538 98036
60274 20979
91098 71410
10940 63304
85667 77048
1727 16105
5203 29031
74389 49016
21988 51479
97635 31713
13221 85068
85113 51927
4155 75817
64576 97958
45979 12788
92083 37652
70568 85384
72414 61970
45222 30606
83104 18486
12749 52881
39725 66362
63795 97591
39294 53875
44323 92457
29147 55100
42109 42155
27316 50023
53195 68991
94419 47854
13588 71207
17268 64147
89495 78605
22131 63315
13210 16660
41039 56589
32046 23456
11750 74480
64057 33258
75180 73092
94218 73091
1950 98744
45984 95279
18397 3644
49733 83687
2218 85155
64225 82350
5160 58024
42040 80845
23183 63273
34532 5384
61012 52356
53805 61318
50289 71554
22310 81501
9140 10065
6399 26932
36910 24549
96598 26646
65967 93708
68964 25747
893 49716
13399 31923
40545 27919
60106 57720
33800 7971
29308 73834
36128 10690
30991 67422
93951 53858
35917 19928
79020 89029
64464 14367
84758 53381
29703 55565
54595 31067
97104 67367
21700 43051
86316 25321
86383 7687
43868 27665
17952 77070
58277 3105
51395 19663
96415 22347
99160 25847
80370 94656
44736 49652
73349 24241
62684 6844
85853 43662
13662 22454
31098 70300
23760 88938
10270 42790
51788 73697
13357 32577
12133 22930
27921 8189
13815 78909
11080 19427
60541 95379
13648 1232
4125 94621
206 97147
55392 28668
38662 32414
97983 29511
33351 6862
13739 99538
21996 51910
87049 52323
63723 51300
54922 53716
94623 4841
64910 45235
5102 7026
33060 26298
25976 17252
60983 45960
38776 79117
17332 92486
98147 46183
49336 68518
50062 60275
362 5503
90345 51829
25401 20937
95509 15921
43254 54436
75534 95478
64840 56850
70431 47081
25771 92652
83581 37271
78021 29440
5031 52081
85606 44481
33784 6583
32169 53899
4366 697
52298 19600
80793 29858
40969 9070
93246 63794
94678 3954
52318 68803
3225 13573
46700 79187
91279 32211
74778 72309
63110 30255
60644 57561
41081 99512
51399 36349
57832 79242
73260 57924
91517 46990
14759 61894
80324 17043
85177 20985
69406 71395
6179 72085
21186 14582
58309 25179
55470 1122
32688 11992
64191 74000
56849 60953
38125 50640
31731 4133
21664 99130
89414 91060
39506 19988
15465 95486
94907 89587
48695 21812
6190 89159
75509 67162
66253 1416
63739 55454
90551 40560
32349 46430
60259 57935
68852 5169
59981 54874
49674 22499
96236 95620
77111 10489
12672 61112
2827 15739
69589 31080
26356 58861
90380 30850
85641 3964
35653 99000
83334 11049
26354 16340
73070 77831
32240 15773
17055 66803
27348 63535
52516 24164
75135 50053
714 92813
11288 25501
1000 65938
90492 6034
94571 7742
64841 9359
58226 26592
57979 72698
9184 11673
31568 66837
49525 36117
69584 67213
90307 8099
1559 62712
2989 50436
79180 2283
79622 98645
20387 48252
7257 6037
47220 77380
63711 11481
56523 8338
12181 86806
52010 18876
24985 17949
78028 83410
44042 83339
32056 64332
29127 23512
46754 42961
66214 54548
13615 36158
29289 90685
72732 39223
32244 65547
25176 33559
30482 86656
82789 23009
52261 83933
30430 87152
60982 38563
76751 90738
27475 76134
29431 84458
47819 12000
25338 26080
50168 13978
67856 1847
58633 5130
4372 18100
56332 26823
88778 95770
30952 2789
19489 87056
61155 16759
52857 69054
33477 36245
78053 35105
11241 38831
32965 27562
20675 31063
6052 55651
58462 36450
77803 1170
69400 52367
96313 51700
80393 60283
83776 18269
25879 20770
91006 24163
6724 55287
58380 73762
81380 3766
45449 82941
43640 7219
28068 70880
82480 73358
40497 9161
68872 89946
78368 14784
46552 84855
93072 45233
57228 36941
52765 64977
31656 79884
86280 41794
57754 80185
77210 12735
24728 8892
50152 21495
79083 70213
88809 22050
80505 99688
82439 7814
20272 7354
49324 98718
76389 88878
36522 24910
31666 95071
7745 60275
44100 39246
80626 48369
90045 17247
60804 18724
14890 25869
1550 24485
10798 68548
93451 90685
56260 15675
3076 41459
62916 50148
34706 94926
77541 92645
34448 2978
52547 15172
567 97103
26196 23546
51529 10433
3865 59753
78254 78641
24561 16859
65897 8324
35091 97868
1881 68283
14428 25724
1205 84239
55782 7550
73209 34172
23899 80104
38523 95656
53331 19810
25370 73912
25632 79851
57303 90275
44702 64809
99599 20298
32023 5663
53255 35303
23377 62736
16314 12198
92147 38665
90178 16187
98907 99774
37146 2089
3303 45461
24762 36993
71672 68843
27917 43602
40933 10985
51866 91259
5650 65447
38396 3455
7098 84029
12345 68052
73925 30693
34680 88060
27757 39609
61188 76183
77011 17454
34811 19808
69768 900
83725 29518
85438 66041
96616 1379
30311 91894
21638 5841
17717 56806
74303 7158
98590 23210
10335 15921
43820 46526
19589 62237
39897 39435
50092 92966
88559 89689
93628 32997
57801 10586
65751 86420
80522 87533
21275 90793
58053 14692
43486 96268
17786 58699
82464 94070
89008 21687
4688 28422
18117 61146
17825 67374
91317 72878
54524 21020
74740 81803
6280 59831
17554 73060
27026 59636
79139 93998
49238 60380
27106 46120
53093 58882
35416 80909
24166 89015
4798 12278
62544 68933
39048 44227
4072 21015
769 92048
85974 85660
50064 89259
44012 87140
99755 42449
53630 64128
75122 48059
84158 42498
29432 7439
54687 61766
31613 25255
31190 44217
27929 14069
68510 69952
76926 90537
81721 56466
27980 7951
35971 70498
96153 14579
62289 54562
35874 6520
38452 3174
51503 86420
87583 70354
55472 75042
46913 63262
26994 93316
85989 84536
494 51704
46967 47590
14897 86693
70328 55412
5922 12662
46038 86153
711 89235
99770 18330
60661 44072
34751 92741
38306 12820
89459 55088
52225 88049
67656 83221
19369 64974
73877 13149
86315 15805
65224 9277
12676 54911
93596 11126
4810 61195
31025 78915
87202 3376
81880 28540
88991 22187
65249 8544
65288 58669
6147 3151
32099 180
94610 38036
71183 14662
91532 30859
38608 18425
7549 7650
79116 4987
42526 93956
135 87309
72512 44112
93908 35776
66367 70747
23747 30764
76616 73169
96146 96267
75137 18874
21894 46807
84733 95857
46267 50637
33970 35898
84170 61850
71468 99746
57298 9037
3332 10478
1528 80906
39075 95716
9901 84162
72087 97802
19056 90246
95218 54437
16611 92466
87647 45581
87029 47769
54102 95158
87849 52378
82433 85849
12377 35003
66026 90774
74887 6909
34846 49338
38613 825
84440 122
84544 55235
97348 63888
90935 8771
54554 51383
88427 33691
44088 28340
79489 86859
61505 80944
60148 96090
32822 85596
38943 18916
87819 199
42883 25261
607 66116
62676 11038
20999 86005
22202 87364
91090 40370
93699 87972
15888 72690
88525 20782
89904 60208
16182 89801
76992 58944
23096 13273
17353 70483
68297 36531
85475 28719
87686 31763
97317 85249
58711 36448
71998 88851
59857 58220
61200 74634
18692 29647
90645 25877
97543 14661
83534 1052
31979 76922
31774 27249
21870 97414
66797 74658
1102 71958
96288 41927
33318 93663
59836 80734
47942 80109
3827 65767
40147 97577
25069 70463
75475 40448
40989 99938
98395 5849
28381 77098
67581 23902
31552 12605
62535 47987
49357 59175
10146 55161
70574 20556
63696 17895
12427 70325
4388 33986
91603 44854
413 95993
75837 12249
38383 30810
55674 16792
71335 30422
1309 39048
46402 35585
63078 51052
38994 71551
18341 33715
73924 66047
3236 66313
29593 96775
10341 81731
94035 66297
99413 11381
53271 60146
1995 39491
69117 15368
77741 1731
51979 56403
1516 8245
12243 67631
89422 29602
51304 54751
16748 81498
55408 2063
74111 60445
44519 25922
35829 439
98878 65089
92342 45016
59636 88359
40442 93589
8246 65627
23826 61968
18363 54431
95494 79432
36402 91693
57190 20905
58712 97086
23684 70330
81809 52452
45582 66073
5104 3319
82998 80669
72715 42096
13461 97769
11953 92825
52203 11053
71180 45670
63303 15372
32852 14250
2447 80637
49031 72666
24114 29638
56172 76545
15987 872
5334 21492
40077 89752
5186 6928
3844 9083
59038 85680
1360 10373
41552 74571
7048 26649
28202 42701
24962 65284
5669 42915
5358 27149
41766 21124
23076 41666
912 54557
47636 17491
87764 3731
73758 6357
13745 40998
17804 38736
64369 14018
45483 12979
43858 29382
46329 68572
84485 74024
41482 49401
30023 45719
38929 92900
10070 65229
29440 52306
33789 80214
36101 34990
80341 23263
85978 82760
70895 5165
56667 7337
41274 30484
33618 25998
22337 81882
63130 92669
92583 84205
39752 7018
12025 16057
47531 80032
8461 69471
69118 16165
97620 61058
14492 63844
25987 63896
66313 63060
17939 54759
1306 89741
7158 51732
2353 51986
72530 14498
35265 85437
4031 77538
49712 29973
82747 89626
59914 30484
67402 96572
7358 44521
96829 57938
48877 20547
49242 82609
28136 73154
41207 51939
23481 4907
94498 3115
31326 95111
12244 87484
30819 2350
8880 28127
67995 51895
25163 55545
65930 21840
45746 869
27786 20156
55648 13939
2638 85771
90934 72359
30953 58093
28385 83061
19308 29208
86028 390
35589 89027
12972 12354
46766 85749
89337 69752
27174 85854
65264 20561
8891 9449
39604 49763
43527 23418
34767 1394
76274 74105
57067 57066
56814 94056
36851 91842
20335 56654
39861 47837
32407 40206
84261 31824
92596 64494
83735 37849
79630 45130
76212 72534
18929 47861
38671 20352
8892 68833
18981 27020
78165 6268
92267 1651
92061 385
15773 28044
80601 88303
97824 95858
78246 27567
3187 37558
12529 26397
60453 18567
13988 70420
8977 86350
84618 47497
12214 38778
94807 80943
46815 11550
98070 38769
5418 61084
58996 92631
54294 13556
4185 91560
82370 55207
90401 64316
66041 76594
88816 85467
67145 7923
43954 94205
22569 82673
21949 93255
13593 61978
1970 5123
35486 11248
27916 54452
82965 17984
3666 31760
76932 89999
62765 59761
25905 20634
94090 42327
39558 35078
55289 38043
97696 68030
93787 75654
8252 1473
43717 7054
43321 78429
40911 42548
37544 27920
68484 68816
97229 47800
6913 6375
14772 81159
1009 12018
66161 35798
16246 76288
68152 47737
9143 4515
23229 49995
75817 38777
65527 8815
99249 20574
21435 73015
39349 5294
15015 53742
34139 74343
33271 64533
72757 92656
3753 89980
88888 6491
30332 23188
51039 87050
12177 62287
94110 80843
80533 29391
80252 24171
25298 55601
82441 54004
68309 91181
51775 91326
62001 8647
29487 13917
42586 55237
79997 88670
94160 43176
50387 55086
87479 41202
38163 88934
12190 6337
75703 69265
41582 85902
39398 35829
85265 18548
63658 8700
15853 89238
37446 39418
72948 11300
40762 64422
78295 44794
1080 66169
18617 42047
82414 51550
31587 51648
99582 89279
57463 64398
4171 56863
42411 95807
71408 15129
18199 4898
10150 31837
30983 75284
15252 25180
20809 46811
39145 12075
84772 68300
73221 48395
38699 98647
86642 46604
94912 61250
97214 57520
22916 50721
72845 85569
16367 68841
55859 99888
93074 40726
63892 95776
98316 25085
3065 74478
52850 3031
28304 41952
30855 95779
431 14593
70335 19017
27790 35004
94328 49197
52198 77822
21577 12744
43118 28601
26909 63615
30024 82666
22073 26593
60217 58688
92528 65951
94248 44111
65152 43261
8976 52915
56794 76419
40356 19852
81851 16258
96450 12164
63842 79305
1413 57597
68233 11171
50902 3931
765 71355
41621 97138
14109 20337
74929 22448
84347 71681
53723 96253
25412 33203
35923 49218
80644 26059
49138 65598
66238 53101
41658 63485
92495 30820
87605 97017
39725 48742
84767 70631
41477 27498
52281 90361
41422 21942
21122 94871
59323 66516
82476 16912
89409 45032
40830 11538
11560 86336
6213 47032
23513 52556
38484 4306
78297 17848
37005 79715
14382 24292
39867 60452
46632 80404
89565 64699
65926 47277
59682 59362
87121 68955
48648 49391
52776 76473
64225 70379
53408 26260
54515 29283
61323 17501
47047 12918
3411 86001
50253 82568
66841 87419
16473 31601
36333 43921
52545 63371
68829 98988
30569 43177
770 47165
76565 18602
76493 15707
89635 98061
23157 68359
91482 84460
57354 44494
56732 82856
30404 40269
30940 43969
90855 99959
53486 19996
43256 65237
13122 74699
93595 19400
36998 28857
48254 46338
63819 4283
11954 44891
96078 54524
59856 21691
44740 18680
49748 10803
29614 68392
44157 62016
23949 30514
15055 41981
86488 44170
8188 98394
81391 28546
79123 16736
68706 67811
71702 66071
38330 5880
97624 70031
75171 90800
85718 10711
16776 58931
82320 57587
17914 30992
70402 335
75742 30916
87140 600
121 39526
45448 37692
87612 73034
75539 76343
13976 87736
31375 58104
30833 10005
31910 44681
67666 95602
16686 59999
82915 89935
51404 91720
23877 46334
34482 51604
27251 31100
27485 35281
9116 14331
95012 41294
53858 91426
36897 7697
31064 17308
93649 34187
48249 90011
2973 95637
7428 16481
61173 92261
95988 56143
57772 56406
67456 42604
98158 71291
97515 13366
79791 8795
63584 42424
94819 70658
22542 77538
89464 30881
50322 28405
15801 99368
26970 84386
40041 94402
34512 60752
3039 37308
89758 50226
40069 15506
91483 97029
53934 37550
54261 91882
98609 10403
86675 71473
67718 92779
58015 36378
65305 40001
26120 39126
39234 2638
15750 71977
38728 50451
46265 71805
26004 54619
7066 22029
40123 29082
80957 52092
30627 63189
75314 74909
89727 48773
29 95476
16360 63473
37264 27201
71293 84265
16432 22941
38835 7145
70341 56160
54436 26245
81046 59556
66429 26706
78008 82063
62103 90275
69637 49812
54292 37173
91514 6545
91566 95998
60478 92730
4897 87513
240 22130
81726 15068
45563 19576
3687 60715
89563 50688
43862 12756
40087 73396
99656 89632
83042 7272
6810 21724
25344 6730
86813 69778
96384 60822
64553 33813
26563 33530
23603 57139
78740 72138
19932 18580
57814 71463
78122 5981
35248 63952
61625 65452
5795 83947
91301 91794
61604 32430
26961 14791
71495 85186
23242 53163
1743 525
20982 75031
85446 50659
59630 35773
12300 43798
78803 25695
62159 60258
45534 55332
32458 93394
54275 77076
50743 41858
90176 4553
49146 35803
20149 74579
64637 65513
10411 82506
79196 98762
17274 20294
10869 87469
80755 92966
81192 20763
25676 35739
55469 28739
45305 42650
72444 92935
53048 8229
30564 34377
25622 74263
79067 64900
32961 57844
95808 29379
64471 97217
4374 15508
57609 16687
88370 77678
46572 66818
86265 70901
61728 83394
709 47010
76933 9404
9602 70164
59526 91698
76553 86222
47692 42176
27711 28526
52695 22144
44884 4103
98928 95610
86587 12410
90891 39300
89536 11108
55265 86797
55186 73500
80855 78555
21146 1676
842 50972
2204 13918
13487 11954
30403 37428
2862 54086
41552 55508
82858 19905
96781 8744
62131 60587
83047 11074
17170 9833
14773 76373
11495 67060
8346 37784
75434 81072
26182 61479
84722 94305
56864 77365
94478 65954
47509 61129
19200 65893
52276 2262
74827 75065
33579 11957
75409 87047
65080 95207
53101 96966
50663 2110
76122 91631
32734 37950
95082 44471
67272 84269
67890 45045
18316 54814
54348 44710
26458 74322
54123 76696
95725 93878
36302 20772
75377 26834
26240 68079
77267 30273
7551 19369
19106 87772
60287 25593
90497 7154
51184 68205
54149 34397
64082 90454
51508 48661
99004 65809
51821 76584
4886 73912
38239 44030
28750 51278
46974 66051
77982 59792
93504 81194
45430 52481
11025 46525
53800 82071
10728 68186
32900 99747
63261 68978
34691 99338
65248 27704
91823 42377
59447 77379
98132 20403
45391 10716
13263 94849
24858 35195
65915 23123
378 4079
59776 74209
43284 6340
30948 27781
52696 27473
27961 53248
66963 80443
29042 30896
14564 15733
60967 13698
54865 97785
92083 76490
77241 59818
19746 56869
11307 7792
39545 22832
59105 93422
2657 38028
74797 32295
74821 90844
35202 41522
81046 92207
4804 35898
6291 23334
41040 3888
9529 68309
84806 71958
74155 76823
9421 86976
10349 53926
48720 1029
92239 15538
52223 99620
90018 96820
74266 60793
94258 7177
52201 67473
90649 84195
73411 43323
14051 53804
49687 16543
59778 14920
89759 91480
54729 43951
68404 19384
65515 79119
95974 92605
73518 98141
87383 50152
78459 8072
35374 30410
5201 66358
85077 37032
66719 85334
31404 20250
94523 2887
88128 74586
94594 65207
23067 63964
31812 43929
61725 83812
30912 31991
29459 41500
97928 36152
72134 23509
14255 57562
46833 94805
74735 84659
6764 54429
32003 44428
16915 17136
69779 94692
84413 92927
72189 87123
48909 92123
91917 94353
18202 77288
29350 55501
37582 74036
30334 96271
4028 71650
55107 24384
10136 25694
28812 67380
43486 24249
83314 44851
39769 87528
23807 80291
64911 53029
14075 44420
44108 24409
87637 96115
44647 16485
6693 91872
78762 87679
28501 67279
81418 20987
55665 34430
79465 23839
75138 73013
56982 35914
5963 30498
37800 20410
45461 44596
37663 61371
42080 91375
48996 13553
59949 89812
16822 92872
39566 37260
44041 98547
42520 31369
28326 4877
9353 25101
97491 44128
31556 31576
59464 25131
80596 72695
1938 83074
55915 66738
63386 86811
54818 85326
9697 14458
82054 82421
70066 57030
90994 19631
59751 18074
13707 52146
14569 16963
88941 73577
44604 97940
76933 23013
44322 51821
64020 96866
36583 55978
27410 40347
98300 20263
26605 61559
56624 84215
233 21913
63033 70672
91283 7973
58284 75441
82963 3851
10371 18778
26523 45948
39616 33768
90031 63537
77429 25740
56978 79626
74185 66815
76084 58514
3992 51599
15501 12944
19362 52057
72272 88412
76823 22186
82969 65066
72241 52607
56057 26692
69780 42470
42408 71086
15714 80460
94892 20391
1032 22590
2392 76683
13769 37761
88754 85907
17254 42848
7799 78808
74616 72685
18222 8945
17920 50485
28243 19130
44889 93413
49617 74971
48759 85518
12058 40799
82554 53428
770 23220
84397 56192
86737 48621
76620 94582
3892 67572
28009 84951
40835 39037
71899 45917
18156 18835
71106 15572
24846 82761
63689 30756
44876 17655
13023 63960
2182 11163
76729 8159
8769 81444
87128 4246
14148 46687
64727 22740
52030 45654
50995 99906
41878 23579
76456 23097
53911 3317
8383 99493
66422 58008
77034 12091
43784 7592
39273 68923
13094 52237
89434 33118
681 44115
9428 60870
85719 34629
53212 55307
47107 22667
7146 19012
89630 35343
9733 61862
80171 40583
82110 70619
72294 26060
69032 41961
22292 31368
56472 73314
79284 58619
11080 35133
33490 30855
95428 99040
26498 22849
96720 58103
58806 81078
45773 21434
38495 12607
99538 85025
19340 62987
86804 40673
51446 90691
69169 42788
39262 30390
50407 38888
39936 52599
51086 52943
35707 81931
84221 72470
57758 96387
76006 84814
97181 25465
76250 16025
29807 74331
11578 61577
99070 49245
24001 8158
68882 93522
6252 38718
20945 56676
66729 34791
40804 72806
995 22247
23377 51493
21412 98850
9931 41665
84643 75444
81882 2369
62903 89345
36338 97401
95385 96753
18466 65861
27648 15115
32120 73064
43288 78840
36583 90449
90305 52409
36067 98904
63025 72378
92293 5178
55953 64167
70260 93112
88200 9585
46 55881
86523 37130
53615 46625
30181 42271
47805 79841
97649 2648
54102 33527
90186 76419
4843 96252
94600 1050
84040 81017
11631 69251
94641 40086
99407 20171
51694 62847
45478 33771
29499 23552
7428 94389
73149 12214
3600 25887
51693 36515
91269 90070
35959 34749
23942 13264
82538 83377
11072 83094
4757 18824
22691 63788
59239 60518
30388 40647
9184 39499
56865 86469
32273 35054
99466 47171
20189 95767
29036 21761
6193 1840
93061 39286
40120 54437
60613 16393
18324 58973
25190 75954
85511 80523
51197 26352
97133 67129
85448 2546
49634 34572
54273 30355
60273 45650
11090 50155
98298 49861
14284 68850
67145 75962
49466 65354
18617 12685
28969 77291
66212 88446
67705 28638
67810 60135
74063 93
40128 26757
82185 76091
34461 68312
23570 94570
97474 18186
13279 30494
31825 22947
10981 51951
7879 61550
63696 44527
94758 61064
11135 92474
68625 19892
49452 65614
12522 30627
36066 18171
9527 33945
24656 35206
82805 22842
93499 78935
66914 3672
8600 22473
67304 6587
21584 10266
34095 44808
29522 45192
16865 15137
12588 36932
41910 40322
49037 44304
68360 70786
9090 9585
57365 348
28127 26652
74574 51607
16697 20193
66457 14845
81408 58234
41906 70457
41324 3345
76093 21160
47367 52217
85811 94982
77310 51042
75206 75757
65836 400
88498 17378
39790 35876
79013 91022
19016 81481
85191 99468
81545 5025
14092 72585
5969 488
66204 8027
48764 32190
3451 28869
97152 75575
70778 79971
62566 70840
29307 59082
87973 55562
42206 13138
71243 79156
34604 53394
11476 36837
26002 83592
17484 34026
70281 29425
27973 97726
2433 84684
72069 35629
67901 68642
64936 50519
73663 81710
73949 64797
67126 38193
43776 27425
45538 89267
7290 49077
98095 59546
24763 55980
1975 14764
4580 6263
37506 40811
49603 88757
67158 34049
38391 46881
61694 64022
54428 62243
94368 23642
73206 81867
74298 62890
63737 55133
69133 89947
3508 11504
97828 94456
40959 13834
20239 46609
12075 80985
13811 2724
69710 26140
48627 52484
76384 11627
51983 14791
12321 46137
5358 8983
42897 94801
27108 4564
52000 86252
14132 58833
8451 17302
97100 55968
30730 96517
53319 81003
99823 35025
87119 9413
73193 42201
87477 62516
78877 46727
28708 38575
8059 71847
7588 3951
73127 44428
6886 19496
69824 18364
88758 45436
82501 75352
85088 68871
83838 40258
49501 34962
27446 13822
70994 89356
67350 28396
5470 41521
66691 47927
33422 10815
85806 56951
41983 89069
62782 73116
60269 15947
80087 22591
49572 57813
69390 3200
97874 53471
3283 47268
18045 12915
18117 44099
22836 97539
3115 91894
62285 99073
54747 8709
92130 90602
16440 62712
86680 14966
58211 33750
8087 23235
1801 42582
38127 17548
62368 27965
22914 61888
20710 63217
71142 37896
36955 44774
98159 22009
24738 98010
5556 11470
30439 27532
83066 93703
98470 20265
76993 18018
82136 70089
40941 73228
1962 30513
29260 70857
66930 54328
71131 39771
89445 39490
83966 63134
3117 76648
59106 91013
18985 4477
25262 82334
34055 48516
70404 5757
93962 5618
86028 19388
41443 84758
99820 79930
36782 16989
66343 89574
26629 76850
1957 47326
98523 35069
6637 61878
44105 94358
89840 18982
1925 29459
42578 44574
5484 85242
46133 25825
31967 22041
38124 5795
48201 74085
5373 77440
36272 36664
71125 75869
76660 69321
38569 66004
28595 43237
13009 2967
41915 75368
47718 43466
36928 41785
16158 93292
81106 8566
2288 23987
64359 33941
9397 11071
15577 11005
45387 50628
10279 61931
51518 84025
40640 72509
14780 30901
63404 92731
32752 4820
51661 30142
78549 93232
48208 700
33662 32347
63462 67635
62499 67893
177 53138
26298 73088
99291 18566
78006 67733
17111 27889
44819 56037
25843 14006
39879 6531
49220 59917
95088 20544
57256 65275
46647 37237
35652 23277
49116 46457
18490 7813
53164 49828
56335 76002
11526 12444
33352 37135
99113 79074
98098 1959
19521 25466
51943 46703
4871 5671
1124 97386
78324 22006
59090 17436
2493 55627
7347 36538
42923 18111
33361 1903
95351 50644
33372 28871
97466 44489
25503 9916
15571 75663
71606 99088
8946 38444
53241 24047
23211 9140
67065 90857
69974 79595
44446 70223
61491 84893
34626 28048
85495 5702
84853 78360
26077 96878
1521 2348
89478 87657
53441 36065
50117 78807
75475 52328
35941 43764
12605 92673
36443 72890
16007 99534
44225 1988
343 60129
85552 12630
22116 88471
21193 21007
93673 97895
71630 22003
47260 63782
31132 14000
51064 48868
30155 19801
56506 82761
28129 75488
59353 82890
17860 18977
34152 60969
71965 20703
88012 88871
63674 9715
15916 57428
98336 68002
97206 17984
90475 25734
9537 62146
69136 19567
15397 97846
58248 63318
32104 8330
21842 36765
25179 7932
12744 40806
90869 45858
37067 76851
78779 45534
47549 43385
51221 46700
70368 16177
91789 21303
52861 98727
53789 99470
6160 27155
88003 79192
46617 26115
87004 29858
72917 56337
54415 2722
82142 71232
70660 84939
90295 25349
98245 24175
65391 89206
89746 59242
28727 54828
31960 51103
48472 58251
96366 24066
54545 2109
9715 88087
96495 93559
9839 1691
28086 16154
39230 95646
3489 85038
86896 56165
75788 65272
14217 94609
34179 35701
45348 68040
4514 82973
10519 99292
67086 85130
91690 61771
77931 74235
93826 65205
98911 19188
71914 43788
86958 36122
61545 35675
34808 21245
42249 56753
11468 88375
12125 92791
31306 57332
28717 20926
14967 27857
7019 86189
2237 33552
16261 27194
94318 90317
11363 27621
78781 25822
49560 15951
62452 55133
11945 31883
5270 90667
26666 39500
5360 22085
66531 20446
18163 61410
98533 43811
99224 75226
97253 98294
23660 56428
76683 35481
79170 69157
95139 44193
60353 3878
98175 89062
8025 19011
21756 15963
68716 78257
63775 90471
30055 60499
2588 42887
11488 47997
64845 61973
66897 98699
40225 88191
44106 29161
51406 6467
65624 88298
3877 25183
41068 88656
28424 56542
23024 71198
71929 34800
38872 22440
56132 35940
25035 58725
74244 67467
52293 80284
22023 38755
26460 28280
63939 16105
59972 52423
44966 1419
44450 23422
64517 81959
29636 50360
54571 96207
63934 7560
57605 66745
98692 56357
92560 30814
86919 7203
47712 16111
63572 32022
11010 93949
56682 19471
84311 20794
29892 7851
56589 51284
82468 36284
55465 98322
43301 86703
84762 53263
46488 73222
644 31126
2339 79449
97864 79163
38472 26214
12189 84327
45994 98114
59783 50261
47070 75037
46265 80377
73806 65101
81466 93738
25203 64753
8413 3889
87768 70143
20095 90113
9485 70079
92805 86059
99566 98249
97113 8348
57693 82073
94322 67462
71659 47076
30036 22776
71725 72261
39183 55702
31625 68142
77443 52500
27360 44103
1493 62050
51605 41340
45655 68690
697 4303
27253 59312
68117 30282
65223 72298
94973 99645
66558 55834
93308 7017
24623 69832
72282 22823
38584 12816
80937 7047
86599 33098
7087 1566
53152 25825
59832 12804
21328 57174
60464 78352
20096 80989
68292 80169
5678 65223
89002 8597
46220 87960
46850 39357
17488 19035
15821 3978
55713 54733
85347 78190
54279 46995
62838 71948
68614 69885
53475 49268
16831 52333
90650 78105
89857 79248
26447 5776
19771 93493
79383 79632
41427 98356
55424 89415
10941 41439
81185 68132
56800 51717
10246 39804
53299 84064
31766 74059
73103 60731
81292 77619
68998 74383
18305 62972
20857 57458
4297 68696
35907 89851
20250 89717
238 24819
71910 65406
85926 75430
77549 96358
26927 12718
37387 3425
96293 37700
35738 29484
7804 30774
31059 33905
92873 23638
32604 12014
9653 59616
99170 830
36188 47792
57422 83547
20747 9286
5007 31713
7534 83577
25285 80054
73476 84905
78643 76266
8205 58228
71022 33421
30747 97280
54180 2661
27389 26664
39354 18803
25548 69685
43919 31982
66601 83296
82399 45122
41325 18043
72863 78565
79866 66533
27212 81268
85089 12948
44291 40292
71008 88591
78025 45547
58736 48423
44272 20369
36791 7555
10330 15330
98438 37308
21098 48378
25516 99355
12322 92942
43956 99502
26210 55807
59696 68478
12100 38424
35419 82765
20637 61893
33144 5943
37824 98937
28850 60467
14792 1780
32975 88824
4166 14369
33434 93795
51937 20146
72052 26863
50580 62041
65965 11010
70667 72144
5138 3793
5979 38469
10551 62007
58099 95413
14139 2480
38026 4922
61697 96720
2799 66026
70102 25607
57269 10261
96399 95628
57410 43066
97407 81727
37775 96756
67139 3454
69158 55721
45760 48712
27021 33554
80188 21159
38118 13204
70081 34701
8743 12636
70021 56752
8952 41630
10552 211
3626 28266
5457 52440
93114 31904
89835 20944
51354 40622
72358 26166
49869 46654
16773 4858
79540 48856
74220 18332
10367 92415
60418 44953
59025 12018
64343 2492
61278 72929
14146 69582
80847 19657
86000 74330
2035 13722
21285 26365
58846 40704
88747 34684
12580 19757
69096 48475
84681 7815
51365 77916
57101 63760
40747 7943
9600 54207
82235 29790
24900 56867
63063 83674
49987 24461
23282 65959
81424 68064
62629 69710
52234 27588
67664 35898
93334 23872
14386 91212
46449 23515
3929 29971
16532 46526
2547 70368
32372 83501
20041 36716
71035 35190
73706 72768
87680 46619
27096 98951
81831 51962
8197 84080
28680 21152
42942 60084
98231 55514
69354 88676
51457 14343
75995 93207
83378 51664
76043 13872
83450 41349
72321 96358
123 68773
5008 34826
19460 43647
73178 3164
42599 16301
28893 81255
32379 80198
22514 55116
88536 68921
29150 78116
19222 93691
76242 97477
27348 40739
85368 49302
67813 48068
64443 50788
25903 18639
78113 37741
19348 72764
94465 62169
41373 89506
84491 56537
48439 566
82759 65490
59625 80886
31002 41758
39102 34162
63801 49150
43744 97690
93045 34040
50036 12735
35413 24445
37439 71335
14837 31543
46471 99021
16248 64967
98449 63061
52373 82483
14247 71296
19810 24275
2186 27007
55115 68859
6289 4981
57644 81474
41908 3508
19349 54221
72352 40156
74633 5220
85893 27224
28492 44341
48885 6520
99933 37049
55063 70159
97325 21090
73763 55363
97025 53646
28009 28580
1070 14832
18362 29441
82062 30859
57283 90471
32280 45320
57034 96592
72517 6723
95570 66370
48511 11816
29823 99020
57818 30428
95017 89279
4075 606
54298 93927
42992 47444
79523 67134
22808 30640
63227 7034
87584 27166
28962 38518
70544 53702
91930 22555
57239 32532
75332 93705
46657 84818
70262 82541
55236 45294
95927 59571
60963 80493
71724 37078
77302 8195
33697 12373
45382 22101
39509 98929
87505 41552
25426 91015
72875 93589
49055 93903
23347 20826
9691 85206
41092 19675
27404 66880
86409 97131
6028 88769
14671 18031
46537 81781
23059 91446
52437 81741
39635 98502
55972 65668
15711 55549
7228 96674
19747 67047
94522 56018
11415 92973
9826 6382
91826 44710
81951 2531
16342 81180
70753 41244
99420 98916
96582 73322
20078 36992
87847 11714
68973 18656
34930 45956
69515 2155
77193 89084
43001 11736
82437 84774
84025 42853
7775 20647
63572 41506
8697 24246
42243 13176
9600 80796
70221 63060
55983 67843
74670 22082
75420 77078
93030 68470
7659 70726
28351 41490
98108 19023
28577 84823
16264 63654
49587 4875
22515 3308
30363 58103
40875 39822
56519 60878
54519 9824
88983 25281
38241 36978
71880 39169
54802 24272
85709 66378
41590 19550
44164 94919
32659 63853
50491 18432
56707 6783
68235 71166
61035 37149
65875 82903
82740 9221
18442 25417
36436 42069
7925 21264
40868 93487
11346 84558
80970 35207
14505 48321
83257 34532
53457 69147
63168 62827
20891 58613
67082 11519
77606 86774
3963 82600
51821 67071
29044 31008
1136 96423
69451 70906
88914 54356
16226 92898
58463 41379
48902 20091
69384 28516
78784 27960
13458 81834
24684 4773
83525 93373
81147 92170
17365 41868
88176 59275
1788 68935
60981 56350
34366 18103
34187 10908
24923 5759
60926 42951
71980 61771
19682 95306
29237 52377
44155 7694
37872 46226
51483 41173
67506 67070
84979 46512
18284 47327
4149 21605
51400 40911
73274 59026
36602 16987
36880 27557
87541 84550
65609 89822
34022 85422
78032 69002
7194 35343
63113 65743
81803 869
96252 69731
99838 92127
41356 52369
32969 72224
59944 18921
35756 7427
64669 49899
91720 9206
49673 77001
83025 35094
42163 51652
23384 25729
15995 63986
92746 61086
8445 80528
74206 45846
29742 34589
18049 14201
303 22186
75003 37209
76905 76231
64525 76148
48584 9785
29201 63119
38975 56233
4688 84861
44886 59525
48155 7279
84549 65917
2185 63771
74093 17529
85923 38300
79739 34739
64675 92144
29710 87915
16574 88571
62587 46502
55394 96188
26981 31644
74360 95209
74034 7730
74965 13035
70020 57239
53393 52925
80586 41646
64579 95065
97579 23670
4257 92824
22191 83720
88539 58805
15480 63918
16410 95678
88875 20134
12474 98783
81338 51572
99991 37697
79245 74516
23918 13851
3964 10332
6055 97986
40703 56621
62180 330
30680 20982
44608 84921
93922 7143
50805 20056
82589 70233
52106 64096
32722 96882
36655 4186
79473 32355
72722 55086
63513 21352
40496 12170
12734 42650
90768 1142
59285 72243
8537 69094
7509 6054
87947 8937
13981 56183
42597 43225
56065 92076
97119 73052
11403 10246
93631 93866
61436 90942
66438 49263
71460 64217
1135 21970
82389 80323
25843 55132
11564 22483
62652 18456
74116 79576
38197 25944
88544 59479
27983 74236
28606 48486
94228 15950
92609 13506
69264 57354
6082 68919
61900 16786
14611 29066
3226 77715
21822 93840
55342 61996
31986 93535
45217 47639
71481 39962
68736 79707
85680 34756
15259 66061
54928 77360
13638 52696
81090 43240
63880 77658
92447 93645
39414 97640
5642 69825
733 86860
35320 55273
43377 99205
21914 23144
31762 23552
48594 7594
14085 33737
39734 37612
73399 89486
70481 23566
38904 33310
23843 87553
92333 30168
13715 8516
42956 72565
11059 60008
32830 56878
78242 47495
43034 70866
58766 39856
67796 31586
78636 86490
8687 13862
63715 31320
55408 22208
89197 66704
2304 604
70160 1567
80059 13977
43372 38170
99587 96102
65082 13633
33026 35410
30655 24841
96799 81930
70137 59446
2074 96560
12474 85756
42025 39935
40911 93373
31333 92346
63107 45754
30411 47681
52815 54316
55679 56552
52812 54889
71838 66707
80382 68548
38290 60437
11404 69301
84835 14803
52361 56093
30651 46770
80072 14478
25219 16920
28036 3072
98468 15972
77228 83647
1819 31345
28878 45650
96074 93668
2047 3198
54014 16076
78298 25650
80217 89975
21360 33242
13261 11959
76080 22603
66321 85366
75225 70953
13161 83586
55923 2075
22810 9178
45060 2380
59243 99365
24221 12878
884 63850
32523 69210
67425 68576
89332 7507
2608 98905
52590 15108
26986 28392
44885 76229
53611 87885
51895 51733
50203 39651
39696 22440
89488 48398
69603 97013
39948 14468
58053 88354
29430 69653
80556 71344
40201 42419
70816 87944
21823 44352
34536 66927
21366 69826
12970 57301
61605 92910
63613 14680
56784 59570
1234 50457
60100 72372
41720 18351
57559 15037
23594 16214
7758 25756
27241 61054
96431 17444
94403 50904
16611 8212
14657 71609
51460 55583
30342 55258
83323 4036
99593 30754
72602 48006
88504 22369
44585 63819
35341 59298
34947 50506
88484 13249
88062 69133
55574 27841
52724 30485
49128 609
41813 92742
57505 74097
53384 92329
29770 65657
15602 24676
17233 64570
34118 94457
46146 91306
50537 17656
42487 73610
54036 3823
7567 58212
6538 38314
69433 53175
13569 80916
25359 91708
31268 55832
66734 81587
21468 29233
89665 92306
58291 3000
36550 74593
33603 84704
2098 21684
3637 33963
91397 79473
85524 96579
58419 12109
76151 5484
35905 37083
67226 58509
78803 36436
46236 23775
43538 65008
22307 98172
83657 40331
59724 29699
28486 94517
92770 82032
51292 13285
63278 28535
35436 72728
27420 75719
93922 52372
18695 48607
82777 10024
80939 52395
20753 6926
73147 63924
40753 52335
55260 68251
2320 95498
71024 1636
7261 9022
90034 68350
74284 72855
95160 17577
4590 21088
73034 42621
75656 15823
12957 22283
64364 13531
61122 59774
96782 9250
61291 1695
52102 13616
14602 9908
52087 75454
34408 51928
46002 85786
61417 22624
53841 5916
49059 95243
40317 62651
66475 5569
18406 10992
97550 28424
45047 85900
8087 49057
80776 22703
43314 57802
3540 61142
23482 24783
66520 89975
38653 39636
17051 81133
64727 69094
45024 61775
59273 86802
63411 54077
17772 79583
45276 69540
66633 13977
96376 85339
24892 79830
31719 51381
28953 14769
34334 8587
45553 99772
64842 69931
23377 35472
88286 66206
58830 3639
48084 57244
49288 61765
90905 71698
42275 34515
26451 71494
99020 98376
38995 27345
25813 12068
35839 79265
97152 71809
73166 92013
59976 61776
23267 59687
36904 1572
66629 95556
80462 4919
44790 89662
21151 79272
9576 26504
71972 52829
32098 51850
82084 33682
16375 78834
54878 16117
53058 39127
10238 41154
48749 50543
87980 52193
42273 23555
89083 9448
62737 54059
18346 84977
63381 98314
57680 20507
64706 6523
44777 35033
81909 84593
44583 64591
10612 23894
82382 79219
67807 20662
50143 63317
72484 73694
93848 96205
86892 21869
1859 23878
49420 68141
66603 62723
46922 23346
35899 20693
74606 34713
76789 5920
71405 98528
64771 14725
38278 42988
15074 238
4357 87421
12300 79117
70421 21395
98900 17749
6332 76833
50662 37914
66995 11605
41134 14823
49885 25434
49124 21883
58407 59109
35 16604
64657 96228
6772 13228
24228 43856
45367 93155
54388 52458
47331 93006
99689 55622
60784 30464
39230 19388
14616 14737
39033 23714
9077 26879
6556 95786
2731 80115
49355 36600
34930 98125
78206 60295
40009 70943
17408 5471
94776 86072
69382 40311
8860 30567
82050 47085
5681 83705
48502 48781
29220 23416
81881 27179
13984 3566
5208 27057
29950 60184
62110 4144
10904 37793
7464 71943
52049 19697
20371 48404
53655 82408
78334 64180
26824 17221
12592 20818
88228 82567
99162 95232
15015 15228
46969 73232
63294 60993
68944 1931
57062 94221
35491 99279
89708 60860
67475 25545
90393 45404
9711 67056
76836 49710
18277 62499
68183 2393
95758 24559
31657 86631
22367 14908
17559 58782
36931 91376
19693 97149
29527 61346
73523 25969
15354 72400
91725 66670
85317 76769
54137 71674
5542 72569
14435 74138
45627 41532
96583 72419
55821 55454
79595 58182
38112 67797
2361 3726
20000 40477
42846 35192
48327 29237
91418 75684
63773 13998
99219 7394
29041 71297
4185 16481
44820 2384
32323 83291
91442 59744
54518 24892
14548 10257
5208 54058
11578 99086
48576 50412
28112 39758
78640 28976
12164 19633
51539 97163
99118 64479
93580 34651
78778 27972
45259 54620
30443 55793
67411 71554
41297 74056
23003 32428
4889 1024
73423 99772
71058 90552
87673 51594
1782 65606
45107 24596
96885 14372
56357 42246
39771 35391
35616 24491
44562 84637
95129 80798
77949 86743
91168 73128
22203 9135
21629 35085
99677 80624
44181 33521
35158 11943
65124 59979
22734 90019
21199 80572
65813 81646
51114 9384
95565 77268
27231 95502
81316 67516
3779 33061
1611 39946
58446 27187
97526 71897
71839 64348
51537 51032
88107 15104
7322 86363
37892 53374
88527 39227
81332 65433
25648 50052
34084 94580
17334 72998
50768 73411
12629 68783
28678 51312
25237 76077
88916 25766
73790 43786
53167 83983
52179 81429
5171 28803
31036 2218
63935 49367
74945 83662
54037 5750
67250 83033
90970 56752
64660 5297
61294 35356
87616 38870
67594 96236
68914 96122
55699 83989
22985 14738
2627 28183
87097 35513
12773 59516
81795 24528
54827 13342
89984 68232
79481 86408
90176 50110
44917 60474
32530 59380
26670 44601
96131 91586
11049 24583
65200 28904
61708 68914
79484 47403
67802 27381
33222 7216
86151 90466
9670 70896
19589 37872
6256 2399
86090 51267
98301 74960
54039 6623
43089 48871
41273 36039
76418 67072
76128 97399
81729 42949
2704 79944
34931 97456
43187 38590
61124 34223
79061 71311
46239 50906
868 55808
40930 69065
83289 89670
88592 34271
23659 22547
92453 19614
82614 90721
76754 27596
82880 4488
89501 85771
61108 9371
85106 11486
14102 21993
79018 49817
44703 33160
90763 19789
85948 99154
3662 60078
38837 25080
86219 26968
36610 40666
95447 45929
74327 19179
92710 33991
1698 70649
24003 52891
99038 51344
69766 80979
69370 62561
18157 22859
31053 29429
28216 84305
30145 91939
49372 74655
22830 74211
70657 90283
89582 49740
26193 91372
62124 78229
54605 56007
96754 41717
42279 4129
1100 64818
42664 46372
86837 41819
93191 26938
19760 70434
96717 28662
51299 47247
83954 86947
36398 5434
91727 44649
31757 51823
69752 67623
5844 58752
7182 30169
25666 9575
72894 14833
6055 64518
86386 91488
5415 8180
69078 9055
55598 27213
10628 43339
2248 44061
75539 93796
19463 98794
20429 11440
4623 86655
23141 94976
24952 31258
50482 61130
51670 38777
46101 40087
21019 78469
65587 74034
66636 9482
25661 50138
82014 9828
90753 40378
84283 49092
9293 39396
77746 83795
41819 19670
92842 11170
15652 88458
19664 98011
30741 49061
18932 13333
15535 27570
99044 72114
57596 55783
48831 51947
52341 35465
7144 41801
34873 78243
54086 97901
38156 45262
34558 13042
74394 19292
53263 11784
21469 29352
3584 14482
1194 88709
90559 24882
32104 58932
73140 51980
25749 5662
47281 72949
19870 15982
22470 925
24212 95518
35389 89493
91651 46369
43387 59740
46625 64556
63620 44001
73108 90325
81775 92743
5999 81671
95864 49762
90650 22386
6729 20321
62691 55296
99540 88073
72210 28169
46444 44264
26655 73570
53224 61213
13473 29282
62461 98973
58753 57597
58875 84476
23804 18625
3736 57454
70280 88322
57136 93904
11742 85294
54287 15942
29458 47833
58308 70803
69631 38967
78933 59547
24426 85512
15075 25885
10642 66319
50544 67231
9632 89356
98663 67919
83780 2267
92320 93614
45105 11685
63049 45401
74485 76006
9027 78569
23764 23379
24939 66932
77004 76602
51687 6185
39554 2626
96429 37201
67413 56769
50057 8291
93033 36458
88678 11683
6969 42522
41627 84560
33279 30112
21761 67933
25987 80513
50768 57201
32497 92480
25544 52526
64636 16659
83542 93537
61151 37751
16960 87965
69002 38373
37929 5778
11209 60653
75070 49874
39573 69576
32229 25143
97123 35749
35976 34425
7535 22525
80067 2495
41773 70929
43644 45160
80053 83333
38850 58555
14876 64895
45498 17128
73960 26127
47262 29638
31917 32875
10872 35015
62265 40717
68443 72726
53655 67644
63663 96778
28177 28297
86481 26332
24432 95509
60328 80635
40895 7085
52194 11424
85113 90228
98156 97126
36831 62500
21408 24592
50170 70499
64731 91133
29212 31363
23567 21968
84360 41418
64686 84933
81415 1831
20877 32269
53720 34211
98809 28370
93577 87409
20854 60866
12251 19668
83291 15648
75156 75867
56138 54983
75569 10196
71972 15801
45886 73123
19182 85787
25644 50410
23586 46847
23507 5514
25512 28618
60996 22434
36292 26905
84497 41113
66725 90050
33620 57786
58920 10867
47467 46301
59392 95581
14215 64548
55577 78217
43620 15249
56110 71668
59635 7705
89365 31518
62264 28068
36312 44334
55707 26593
14914 87781
96609 6296
11789 49017
51767 27556
7586 45171
51816 73102
66291 24409
83609 31664
7833 66752
31816 45396
49351 15438
38331 28175
86157 42109
98602 19034
34983 15527
91401 4276
56755 99951
33412 48799
75970 19307
2897 12782
60205 54230
47492 71531
57872 27612
75139 96575
34416 91665
45768 78734
64988 65170
88254 1264
86509 86915
38615 25749
64702 74315
39221 43131
54864 88605
74278 39551
82605 53277
17440 99882
62725 15308
83445 33313
43126 12262
45799 81603
99357 46346
83575 10333
40640 27333
67326 48565
6239 48687
86176 61863
98283 80890
44055 46181
49653 55074
92882 39248
60661 11568
85955 93840
53274 80417
49219 41868
64897 978
37741 20127
48777 61635
88082 93420
18086 4672
69607 13107
81925 21309
9419 56418
59193 69414
66249 64867
1972 10663
7268 7658
43084 89918
75877 64817
4458 57965
76268 48988
31021 82341
71285 69915
91223 13658
81270 31266
45479 82105
69020 2714
86770 90807
96659 15705
44920 83953
33752 74862
87145 88983
90994 73317
3437 44692
78548 38039
8024 40804
14183 64432
52846 72210
24195 43576
98163 8334
97041 10068
1597 73256
77643 29555
13564 93886
88107 92959
88592 67075
66746 42935
7272 88978
93957 17842
39146 55930
52271 60480
99472 13757
23353 30156
23454 11362
48980 55245
67211 66789
11133 15452
49795 43505
54012 14784
94508 48203
57937 89185
8231 76558
16386 56187
79302 48404
61247 76307
21518 34135
43222 17517
87427 14180
78024 84927
54688 79241
31956 92954
16272 23465
78713 88940
93090 4750
47218 56305
72350 51741
90613 20525
79477 49547
90360 73896
82846 6048
73258 8875
25974 57416
84069 65942
42421 99134
61329 58504
78085 72638
15080 85073
10695 84770
91652 86585
32726 94728
60356 87748
89145 4406
6416 87609
64023 12289
41883 6723
52076 25355
57704 33456
68842 27596
98444 24225
90584 50582
1278 83410
56365 33116
41895 56815
22594 6020
10360 10034
94300 97503
53100 20725
5615 91934
9894 91285
54991 62847
51625 23408
67785 29982
40060 53579
6972 7869
58938 1105
59245 45801
17893 62416
95466 22676
44875 63092
74245 93387
61041 56591
46762 91319
47017 7637
30741 53026
66205 64143
87336 9002
15497 72436
77255 34365
86866 51711
1929 59137
46817 32282
41066 47728
24035 70752
60653 18755
13897 82696
78773 15205
27306 9764
50488 69569
14762 49772
80899 94759
89718 58720
48917 77292
43964 73710
4083 77586
23327 60248
80801 23281
93152 26405
53351 72083
95660 3142
90203 36703
64004 35736
35598 97049
20929 8552
48379 71063
47555 94372
3919 29778
85151 75778
14025 11896
43288 89316
27006 10770
49118 665
76805 54435
21297 86196
96652 35996
50285 47870
71973 9483
90755 42258
8828 38833
74696 88796
28942 5156
91331 50568
91998 62730
58815 24525
37888 25675
33305 18828
5853 50366
5837 41811
14434 95780
40040 65098
36229 10296
55133 59445
59119 55716
46458 19222
25535 19218
90031 11103
49609 72953
76662 83688
68078 89415
26135 76894
18773 95200
54782 56798
20572 8920
81933 92597
87471 99317
59687 97570
26398 37386
94407 10695
13302 94145
34277 45826
39991 20694
68527 90903
24709 61067
93856 30177
79148 94800
85415 39017
96592 9424
14400 38720
74006 22868
23051 58802
65584 76109
17626 91495
58883 58639
42202 32309
65395 57077
64086 36410
7196 73838
96040 80821
68109 39581
23748 32141
9652 13366
57256 10387
59168 78974
63746 13246
78561 71327
26659 13823
93418 91027
97769 65330
17309 40825
20406 21822
8696 54691
74130 35498
39611 32298
68694 12722
30073 35026
66661 64298
73159 31204
49761 84760
46000 43655
37961 19720
30010 20071
4765 82136
459 76845
11457 97051
4621 64041
76696 78467
21323 90736
54157 26234
21911 62818
59485 55169
44066 60941
8077 3500
91176 38504
43707 2634
98614 98486
41135 92245
62271 99830
80723 11817
27302 55990
31838 14276
38370 41772
51064 28015
68384 79412
33897 60723
48982 73668
87434 53212
53013 78470
24871 80769
67532 31604
12788 22036
66709 32734
30262 98524
18916 40593
20976 95058
22762 98803
59620 29566
64947 40778
55257 29886
53667 15606
7120 30813
30038 91353
93646 71686
22683 95962
64632 9400
42382 49635
27135 90149
72914 98866
57331 21843
95344 92774
15950 27226
96345 42246
70520 55524
96498 6469
65985 26297
20352 64416
42653 56641
11593 23847
3933 45881
46914 96108
91716 32423
53814 75359
69225 80042
98173 30786
35104 46343
11277 25870
82683 24901
12055 63579
9749 13089
25378 36544
93968 91984
75795 44345
26373 98908
63930 24012
42205 27114
65689 55435
95407 21780
84633 14826
76154 59962
22634 7172
47776 32609
85429 39705
62013 55029
47658 30137
33013 55858
25235 53355
16187 35550
33393 63204
77912 72676
9975 9761
9282 49819
47148 80253
74798 28249
16719 25159
41653 27541
55401 77661
48856 82602
35475 59504
28433 7114
88859 3172
30874 90552
78708 21263
2260 61019
32859 54926
47739 93858
74198 95910
58491 60819
43908 16242
36186 10229
13539 29809
40289 95941
76996 56450
44640 51783
29907 93687
85914 86948
55328 5096
37633 36457
88850 86746
95158 33159
14348 33648
85290 48915
32127 22577
35405 16919
60503 6095
55470 25374
45289 69734
39674 48560
93924 13360
69109 23919
18707 23470
69902 26238
98688 27224
47632 13929
682 94404
45712 26662
79003 72882
49554 41330
95486 60145
59055 30404
70462 5070
48545 35801
38752 54874
20715 15286
19803 8504
83087 81057
91853 98069
37651 30896
27650 6623
78450 1697
6047 86362
33686 42250
64203 56168
45238 5524
3708 84744
36575 22969
29376 4729
70188 19446
9390 54353
65897 8248
99351 30282
52691 33890
80545 91351
90753 59721
25418 83511
74542 89694
87070 54076
5856 96825
53290 19715
83871 71632
13482 49689
76105 96214
64208 27092
66428 67463
23761 69095
6182 83252
26440 63187
13528 84917
35069 13806
72126 9030
26259 45212
27586 84674
45027 32246
49383 60852
39183 17957
21467 91359
86189 5646
14044 84223
53319 50597
21755 70639
77753 38975
21140 61116
33855 93809
60923 69488
58239 42877
78757 98274
89256 90407
35717 57795
36606 50132
87924 67846
13863 34575
79843 31292
30648 68165
34603 7337
135 82198
69088 30504
5186 22965
83493 92676
68220 71916
50109 19287
6524 73681
97657 3285
2240 73814
16167 65460
96005 98481
98800 31061
85615 2780
57485 39573
9716 28374
87718 80006
19395 98304
60525 81498
66471 48855
83654 9997
17901 80488
48539 96152
25241 65687
21334 31300
4812 41047
65664 63824
24742 59658
18623 77863
23666 84519
45574 35941
57456 94168
80109 59815
58656 29414
9468 45112
31831 10072
59033 56477
23902 19695
28257 58689
24262 29353
94842 56682
81518 15250
22362 69796
59084 8256
98796 83228
59988 72438
42204 6253
94876 7336
20720 94647
96874 50634
63020 86253
7575 69164
20097 42975
89927 98896
3842 69219
20824 54489
61195 64013
19412 26447
81455 91987
19092 65469
11853 91412
47019 97912
37221 63806
60260 93307
76925 45863
32516 8684
43130 96187
24723 33485
82492 93462
62530 94632
76342 44889
30217 11504
94001 25076
49998 52162
670 82908
17137 67987
49736 68787
37938 56641
59977 51773
39457 58207
89240 31054
12896 65626
81160 23751
22275 23919
1171 24236
25747 68143
89900 74152
15360 82279
69350 17689
37773 77745
6580 37547
20826 62729
99386 90021
11054 83308
55806 32378
68946 74080
62010 96257
17761 53071
86686 17154
86638 21215
53886 17221
83339 97921
33562 64249
57266 24358
35287 16893
44833 87948
44668 49720
78449 89908
27872 24823
96491 73631
53164 13516
93733 64644
24568 6272
64656 24400
22715 17336
13503 17903
6644 53352
27569 21912
87891 29115
76875 33983
11793 84650
92561 50697
68110 75571
16993 60048
66489 25621
26682 72704
11943 4130
76826 87606
65449 64052
66854 4910
7054 71770
87515 41271
22771 31784
91524 55983
11790 94156
3759 94984
88716 12552
77898 39687
3670 85073
93651 26243
61882 72500
38900 27143
4474 21859
34521 60832
92304 96172
88722 60577
83906 87674
79118 74202
37012 67805
49755 82017
39800 24773
32665 21458
28680 3649
52777 64858
39290 64363
96534 34224
85709 27975
45338 247
71137 96855
49012 49898
95185 79480
78548 2474
97395 97205
3125 8927
61116 12099
41976 53732
55947 18316
85973 42398
60563 62707
99560 88096
37635 13700
30522 78965
57912 585
6692 95561
78501 58939
10407 16917
56336 11122
97033 80149
32226 94190
41826 41970
12883 50917
93579 40914
92874 75509
50014 25449
33264 48312
20543 1812
27541 80244
13891 16579
51622 19981
23632 38458
8245 36806
19717 84737
92965 5467
14450 43675
50917 17947
36547 23119
7555 40393
76498 6076
72976 97163
23614 55890
95334 97408
61959 18311
36284 78076
77988 79775
68843 31893
35436 39482
46843 24658
81981 2787
43232 15146
72209 50713
72085 46861
24990 55250
72800 92570
39316 51051
37779 725
63175 92264
12939 51995
59922 62585
89962 49490
18499 87045
70437 70171
57696 38482
50027 5471
57138 56068
77938 65335
27860 588
51675 87138
68515 41306
92360 4000
4840 68354
60371 73949
227 82758
17127 19963
26887 17814
497 44559
49051 80484
86149 28117
76418 80531
62981 12089
93818 76292
71286 34043
3782 37542
94637 23884
45574 75099
33114 72659
75416 39461
43918 16089
82983 8262
47907 35475
10777 36581
27777 52279
30016 25165
32466 3072
81380 94151
12948 73365
58585 11280
28378 15601
10911 34955
90555 359
69691 41307
83528 86078
96375 64868
79698 74265
42191 31547
63808 84694
23834 44455
3081 70631
15974 54815
58638 25404
7714 76112
52357 79618
3790 99158
55697 70940
65555 37714
26437 33050
5786 68047
36464 56186
67493 30407
23251 96157
21431 19361
50405 34946
36521 25681
47140 99918
1371 93400
48189 76989
76142 72090
20944 96851
19596 18689
38108 173
65522 25343
94861 37544
19156 39252
39805 28911
43267 64225
33578 11210
4539 34680
58594 88121
82941 47256
71562 24759
41277 65971
83918 79953
84730 63741
96546 14951
90234 53810
11635 71298
73096 29527
28177 97034
88791 9601
28291 66512
97216 42067
91159 33696
41625 97426
12042 69293
26574 27909
1361 77738
13233 8502
5386 16465
91927 5455
97058 87592
35353 8106
50253 25914
73281 55547
68788 75412
23053 74814
36345 49210
9287 84860
51459 43110
37536 31858
94967 24666
24147 38435
50753 79267
45435 25949
20594 19682
58237 12092
22886 92422
1690 54773
30852 55046
91109 92375
46943 43421
27959 89441
97287 53986
60929 3110
92775 19156
62532 27384
49713 30616
55291 12550
96730 70882
52264 66717
49832 18018
4549 64245
70903 50084
74460 89885
98675 59765
2915 38304
36969 56642
73068 71958
37302 98284
48871 77448
18498 51127
86320 97069
50119 1910
69929 57518
68199 10534
69645 17462
16811 79127
93573 66195
77504 40591
35268 54976
73315 28008
2375 67721
81822 73461
5842 14814
6080 89758
75297 5897
79765 90969
44144 15828
22216 34439
41324 45907
96092 268
44900 27937
43763 62617
52696 5108
71195 24882
80239 68427
38910 75727
31059 31534
83656 63667
91859 20936
74809 20496
23559 2553
25126 47122
13998 71855
58906 266
58742 85893
13888 85937
47974 10172
17043 60683
84699 17790
10840 76667
63327 85682
33347 72772
75563 26021
63187 10631
62101 5210
51450 23884
38904 8026
57436 13392
16924 86491
52813 16361
36512 64331
31334 72355
27533 19956
67712 39083
95282 65477
38080 91168
28916 39602
16315 74911
76045 39377
19576 11225
47333 22623
5406 1597
96452 98752
8709 33115
53605 81741
26574 67158
16060 62493
40149 56718
99061 82663
84540 13171
87478 12198
52797 73324
51429 96982
72593 36035
7516 24566
28636 38573
36437 16790
79025 83669
36173 24896
37617 68645
62579 58826
88372 77701
38440 50797
8409 9117
68615 3607
91482 41462
85700 23695
44828 18623
56558 1653
61991 45681
75265 89667
43268 63160
54739 20629
64030 35770
87374 8900
17705 55636
55795 91337
21752 68971
10694 15281
54818 40337
69127 37384
85585 88814
40778 45257
98860 61758
49487 48314
22175 38064
26619 4292
89869 87750
20104 57736
21972 23427
38300 13359
26283 85974
30336 85972
4312 65667
23726 69856
42722 49262
36754 14058
55849 11122
98214 32463
41039 75485
45837 51223
43012 53194
76184 58387
7010 75382
40104 17164
81681 38534
17891 8633
43439 20518
28347 35776
82589 55676
90912 10674
72812 16376
17934 66651
59697 99003
77721 86824
71597 39238
31218 85659
98932 45747
20421 36446
67443 31605
9228 41981
26696 37247
56784 40164
63174 12173
3445 47979
75694 37576
43457 14919
3011 18648
42170 43283
46256 83634
70961 66193
19919 71010
85924 50924
63999 32563
91287 93986
81237 84842
96424 95981
82121 66526
91915 91879
61444 71331
82776 25925
35341 93826
34653 66956
6591 71386
19938 25715
51501 90792
97508 35593
43897 67381
8170 27186
92375 30218
3455 76113
25634 282
54318 63714
87869 96145
18131 12412
86133 10701
79677 53451
89877 20969
31398 14284
76273 16984
46242 74698
97175 18548
22523 38708
82307 93253
26849 64351
86827 57999
57860 74547
11635 4749
97063 84755
93791 10738
26120 2032
76985 43103
75187 58457
18705 52851
47808 8163
53950 39934
47357 92960
2570 67370
49590 87279
32096 70992
31676 66086
63699 52174
49020 81555
60377 85666
14940 64466
10688 69732
80584 47654
26976 62853
83978 10153
14142 1243
94600 32013
85898 79750
97265 36399
53578 75272
33735 13741
16924 33680
14329 13125
53589 12595
20758 75879
9209 93742
70473 54727
12590 48149
98833 49688
50420 4403
16422 82382
52138 12373
96051 63091
97508 90386
13433 36486
14772 79377
47437 88465
40440 79699
79652 55939
45323 94033
12741 91101
67650 90118
47413 6069
61874 20007
80567 16016
12207 25185
21560 34197
93998 6243
29649 94700
24915 22346
24751 45353
40824 7188
33185 6459
50931 16774
4317 12793
50727 26313
21596 56008
99136 99761
87255 10282
90442 54183
62759 9321
78590 1216
58255 86231
18167 25730
82504 94090
96308 67470
25873 72984
18434 61225
66080 97579
18379 21228
84727 37199
4071 28738
62645 17649
61373 39271
36027 12200
64626 57169
36951 13961
63544 62720
31756 35235
58260 15196
82415 37055
39357 94457
6351 99936
48703 87309
73799 19976
86397 58158
67289 42442
53748 81191
82647 50
60599 68734
44394 51461
79641 88012
90257 39702
1853 26557
53722 1863
31734 43508
85173 94219
71419 52796
3854 6076
70674 28116
16509 1095
72518 67315
68951 93532
75723 19738
53825 20292
16257 4635
45689 26246
83817 62494
59737 30652
190 88245
72029 77176
75470 52337
72150 16246
24235 90918
68737 46863
47393 90001
91710 48750
60941 33695
28006 92430
7510 5955
11019 28960
91514 79046
78009 22425
66700 69799
70645 56457
73509 41206
91895 724
38410 61780
25152 43346
55714 20784
18329 12753
70645 72208
15980 11346
32759 45508
20639 65792
78887 67886
10139 64464
23495 96989
60515 12367
6841 12494
55969 2840
6825 26181
7790 82851
82345 70004
251 7848
19144 31315
91190 84889
27726 51241
58154 29169
99236 1959
28706 24859
91391 54352
15086 47996
94502 57947
28230 7425
71814 74830
64532 83900
49317 771
8111 5448
40919 19303
40240 93835
38864 80219
88174 16443
10373 71268
4064 45982
80523 47299
57548 90853
23148 15366
7035 45306
80901 91040
25232 72683
48386 89521
47121 91167
99658 67787
31311 5614
44896 40400
36937 55149
24238 23222
38565 34182
82885 14640
78701 81118
55061 39869
19725 341
41418 69387
34778 29244
9412 1128
53035 76401
21694 35221
63838 59218
4651 47619
88284 17797
62847 28194
54849 63388
9649 24257
84961 59959
49728 3415
97208 50693
75495 50171
75870 31020
61743 14701
52836 75312
70971 37428
11450 80392
39317 46089
21433 84791
41963 71688
40691 32618
60807 38919
15870 65253
26899 45113
60917 28789
2058 34372
65041 88089
69994 93160
21602 644
96129 49192
76370 61391
10083 25431
43506 73924
76759 19817
92836 6183
2131 97759
92125 78278
55597 54169
34941 94463
58550 99871
53083 26203
92115 9873
88515 73651
10695 98885
97836 1827
3721 65026
28370 15947
77890 82621
47973 50654
29303 52947
53460 67112
13357 27055
66286 32523
18903 5731
21551 51868
57773 75006
13595 57982
58863 75702
85724 19680
34404 58558
85926 86510
43245 52779
89079 48004
12840 59930
36803 86613
40636 54941
71569 65533
71801 77502
71395 7221
95496 86715
62663 52713
44450 69344
16008 30483
54233 49282
1755 37419
44884 76677
34066 28828
41001 12665
18035 56775
16843 20059
36754 92957
47983 61769
46047 29590
94380 75708
32999 6276
4500 64422
90110 10031
2624 47009
8004 53267
24882 41410
88149 75881
72254 94361
20870 97708
30469 65152
53711 71338
69857 8770
69592 9923
71596 80769
84765 87714
87140 31857
35166 90774
88657 54038
14294 44644
37807 26937
14523 55821
28464 42137
87576 3578
64882 7221
23797 1058
98285 48432
29187 2225
75003 90838
91328 47151
74228 67141
59811 79193
33397 15416
89142 57887
54759 98504
26917 75408
97279 20160
42451 9740
46993 44547
21227 99971
55069 37768
90079 35794
32587 85801
50133 25248
99311 42948
97713 1479
53258 71602
22458 97196
54433 8358
16338 59433
38524 61196
96411 83974
11383 2966
66735 27579
21694 85278
48808 53126
75830 86247
60781 52922
71933 97184
82522 25633
15574 84222
63537 60890
93467 39144
55600 68045
28518 82637
85804 63152
97959 88722
90152 36016
97289 3154
65283 69035
72940 2767
18401 27924
69471 92301
73746 59380
43809 11035
94864 73088
6813 30213
16441 58977
35025 16799
99402 16368
31719 23785
4644 19060
26920 59880
17250 91289
97499 20559
17144 57136
66145 82232
36020 17568
76688 35842
69831 64526
69449 89905
7792 68893
26154 133
22241 4647
98017 82123
94634 26288
38438 28884
21501 4377
14276 31756
53845 97306
52756 95699
40147 34596
18477 28330
84552 86615
8957 87680
9740 1247
3268 99079
37947 77714
42130 43776
68920 3892
55525 69212
43096 90714
21124 34495
75109 51220
79283 66515
18738 27883
14859 97983
17449 76407
61436 79759
22777 15198
80862 81759
57381 20445
62049 28142
4931 35935
98952 3628
35953 51448
46816 50510
86054 72640
14249 13386
61944 87959
31339 2103
52463 42237
19 88878
12782 43971
97760 87884
25577 20570
88176 90621
88284 61913
36604 3488
47566 87612
23077 17842
98542 40058
30183 93324
45390 91243
71511 5692
27092 52940
74366 69956
82913 39290
60862 10031
61605 61445
15145 51078
98480 30160
42095 83927
75092 2778
64825 45906
86425 98696
47725 88358
2624 66961
39837 70378
46547 14608
2579 88812
50201 46753
55934 90533
31992 71914
14123 35794
93367 42124
47270 54491
77227 41023
43367 50116
37163 85720
4674 8054
22297 37179
64497 62783
43708 69743
92304 60399
63646 23294
77049 6785
93709 36295
45966 63484
77827 79433
12209 31788
82319 52756
16883 92633
20005 35945
92921 50185
70055 31896
40768 86720
75098 35918
11482 47656
96870 62904
14388 37458
46956 40838
5588 8901
60963 47241
293 32392
83288 6961
20937 26331
51526 46289
867 70031
89421 47273
37265 30123
34484 7858
35451 70860
42974 98263
37431 75937
25730 55803
77671 72691
48089 58316
47501 86439
40713 66100
82217 37763
75103 21416
56820 20563
90253 3734
60060 85620
47400 97281
40898 11536
72288 2704
27860 33611
32674 15624
94468 84707
30728 13725
5587 99021
49118 53510
70762 91180
84258 96986
89722 52050
67975 5167
23405 8099
93115 30225
91598 87593
84714 22344
42337 5585
51910 38832
16200 460
78754 14021
58805 81579
56000 68605
23597 91412
89332 31525
71681 12120
39134 1130
29908 54046
50950 35717
92464 4585
59896 98123
51145 26027
53443 79783
42641 28833
433 67711
53089 23389
97824 24603
80689 72637
64679 90082
26515 65006
53366 49998
88916 2033
60730 55908
86143 65099
61252 56358
58222 74064
91618 52143
69333 70763
62922 22284
30764 87121
86684 1206
6176 40565
72455 82892
54856 40364
83080 4825
60839 67860
71075 14673
79758 64228
88735 87426
99733 97054
36973 37122
85050 19098
15025 219
61872 81726
28825 68890
38495 5784
1637 16278
30580 61131
42425 51200
24037 21566
81224 66364
43638 42273
62145 88829
90335 36195
18069 52884
11307 41734
28520 82783
44890 60070
37592 25464
48775 36311
76800 84024
89566 95722
6068 36412
73175 44346
7559 67120
97154 15678
83043 2125
84594 17690
69305 67513
73155 93039
11196 7957
79793 68765
10391 90898
10611 1232
76583 55536
49150 92582
11607 57319
24744 89397
6409 90635
73394 73388
66797 56762
7988 58798
12811 77771
5532 70902
22750 38289
58735 87951
6627 15369
70143 57009
5553 8728
56447 86689
52912 93935
98589 13350
51143 32524
46129 13659
9592 14144
90326 25722
91417 37636
82376 75214
84712 35976
66164 65666
37814 39281
55211 67516
56203 57763
75351 92724
77456 22105
63145 65890
38973 22039
6334 62941
93841 52798
31055 24733
80850 59799
84848 18324
44054 79038
23548 86005
35774 2927
98256 71056
69478 40861
64127 6979
90572 31123
51673 7692
70602 85279
46357 54649
66842 12087
6225 74019
87172 5894
78333 29133
3825 52738
67629 7867
55034 33192
29691 25320
31563 62483
87629 50346
20846 21749
95503 55803
42517 83589
85811 5683
38508 11706
58294 80467
18812 292
9400 52460
54297 43083
97277 3715
74158 69099
1595 41021
37555 13953
46724 66670
77344 5227
81747 29615
70809 57572
8406 33996
91879 79729
47859 97411
2849 96935
14934 4893
48870 21513
46953 76420
51779 82987
42184 49840
84563 24396
26012 74672
36269 90093
36122 78988
11872 95865
31092 46190
64962 39563
19057 29001
66008 69748
22916 66211
83253 96313
90303 99573
27256 61395
63318 42352
49552 95906
51179 44201
80854 71404
74866 41002
29032 72296
98759 2161
64355 62587
56911 28944
42213 56473
22479 40079
70709 99987
93761 61764
62591 65491
71704 81873
31682 85987
58483 6327
85949 19372
49964 11678
91554 94194
12058 78588
66027 22298
97119 41149
66505 59635
67201 30954
30810 41586
34059 48380
90993 68211
80566 460
83979 5283
87619 97028
15457 23784
95421 45606
55709 14853
99877 88395
99537 65561
40528 46535
14537 73443
74144 65774
26926 49461
14038 44129
24458 55827
56552 51577
47021 74473
49626 720
42672 14813
42842 90088
1259 43182
48303 67623
68005 139
38495 17138
41384 39003
54779 23479
79393 88774
84404 58224
37934 33632
56726 23704
61803 91787
87000 34346
22256 85949
18380 51046
29860 9573
86562 51307
55052 36502
55962 48752
61473 16309
51571 65429
57171 19284
78940 96873
22459 86160
2892 85737
63673 3465
68995 43134
74293 81403
32409 50944
9728 27535
92940 59834
50965 43309
26587 84191
3088 80854
80366 24440
92848 14587
17589 63335
12665 12088
9735 48584
42821 71294
73872 22298
56119 67703
31336 30256
79484 81078
93507 39421
76760 99461
4754 85887
26252 43270
78158 16687
8895 63245
60970 35616
11199 24626
46918 88739
75749 87494
90275 58954
80949 33552
29392 1667
34406 69465
9642 53425
24397 83234
14222 35973
43051 48786
84686 56295
40690 93442
61143 18293
90153 86026
9326 30833
90639 18606
44822 20342
88502 81531
45112 99005
65143 47265
18219 67183
51665 11218
35512 63010
82248 15566
20339 51505
8989 71165
15287 1857
42999 91538
60593 62064
75231 78711
16959 84859
46203 59061
1843 65420
93052 89635
91128 61670
74338 58139
10406 92462
43812 17261
84147 40767
96898 32918
54648 76210
6615 50272
30957 83606
50764 98700
41476 22018
77473 76124
76382 19664
37950 94760
66773 5838
49650 38705
16495 78650
86358 40027
78694 15177
41666 66322
489 35190
32264 17654
75915 66099
83177 81535
9797 93405
76761 49481
29219 81307
85041 58830
16772 22157
78364 24403
46078 40662
93148 11122
87872 46657
81712 91522
41825 87403
64873 62382
97222 84178
9022 89531
95082 76746
29007 89305
14373 38861
26318 88544
3131 21822
98854 96058
73107 72295
86970 48334
94996 42750
79769 47576
21212 18211
49650 77026
57069 33626
60583 15514
28618 32105
96938 70518
52473 11065
81545 28619
67740 11885
29687 21008
15119 97970
75972 82202
3894 60143
15104 40688
65403 48714
51042 29977
68039 75649
21644 39362
1775 56652
59883 34050
3759 44905
94378 70538
98860 92376
87889 27482
75224 58827
73303 73223
41691 97808
70644 83825
53646 17421
28336 32692
46845 9759
55279 28948
757 39105
28067 54272
4716 90370
5399 90348
47189 18440
70789 73854
35297 48428
32634 77738
62001 99714
39522 61093
6063 3162
36327 83864
56348 40023
38394 94837
53035 70011
44846 82936
63211 84608
54895 56124
17454 57960
22208 95304
20260 1312
46231 40400
85257 55396
79694 8412
97427 50248
63582 92843
79334 69553
9941 32982
25669 68129
34045 68439
35300 53389
18509 61644
28768 65566
12416 87105
16459 66289
14675 31704
52860 62917
71518 30117
11257 3270
5976 22710
99682 35557
65931 70164
3760 34646
74427 6723
15080 40540
43769 16777
98373 13866
33539 50312
569 33822
81804 89569
6235 77175
50998 71434
51200 91126
76786 22809
5636 2724
70958 45452
64540 78898
6500 5464
68085 1327
43033 1727
45217 84201
63843 5422
59864 58950
31585 26147
2554 13828
55149 20791
49856 50801
36276 60887
92316 38863
79511 14149
71214 65303
60668 14455
21005 11329
73578 46340
93444 46401
30344 69735
18558 58457
30844 30524
23673 32704
24778 70405
39636 65946
83662 24940
12059 36908
92773 23882
19873 52346
53774 9333
36103 95066
58925 80979
29504 87248
45299 30693
7502 59376
46833 5329
51238 5257
92450 25503
89213 77965
1778 36758
94058 6237
32238 57033
73433 72937
44703 5005
12608 88658
1432 68157
7489 73424
97830 84228
1465 99468
42218 97986
73447 22600
28256 56376
53352 65499
41362 52281
53127 5871
91429 62504
3263 84775
29860 94537
3470 55527
95824 91140
85690 85599
79433 33476
72251 79088
91820 45968
89439 7421
43784 53343
35448 49741
15407 61736
97897 35452
73773 72147
33456 89962
94089 28364
98697 95831
51280 29704
87892 17201
5468 98118
96127 29150
40542 20546
29159 43742
56346 86372
91197 59841
69149 54954
41528 52962
57522 13154
45499 51813
63006 78773
48770 90672
11952 43165
81408 27287
18050 62963
81841 68269
4678 50690
34225 5822
92625 79585
746 95298
68558 5790
90948 27363
96486 86024
94574 15501
59774 14327
77264 17618
48009 90553
25066 59646
61551 5692
3986 50605
68433 43697
26208 37766
43145 53082
9847 27667
797 98234
82745 91853
51502 33080
36362 36440
24041 19880
73128 43547
94426 71162
77072 82042
45364 4782
47203 18996
36610 71941
99459 16639
16608 83795
30681 79535
40147 80451
71557 63505
80711 63688
58256 69484
47117 58754
52319 64564
9170 80440
92151 5833
48311 90156
90475 3403
54898 47110
34696 34279
68377 67838
67079 41693
92369 51756
26220 74903
45516 88175
95221 63225
68170 13631
61278 81315
1173 47960
17023 58396
40891 74928
97167 97502
89133 61307
77708 62063
22931 42225
96078 19319
8840 60059
25612 30648
21436 30096
65896 35101
93959 47571
42742 55249
73003 93525
2963 76329
81913 1157
86710 47057
31235 58759
63061 7196
51567 68384
24288 96029
92529 20766
70715 13908
91244 56791
46586 84841
85632 23667
75842 79702
26860 76302
86759 89721
8521 2730
26117 28442
43831 4553
17612 15793
97995 81230
73528 35445
39272 27474
22164 20176
35148 66288
3784 66012
74441 54280
6027 47840
57431 94536
746 55785
85022 30774
2549 38798
40555 16155
31532 27847
82114 99947
42228 52207
39756 67234
30235 2523
19849 9548
60880 53703
95503 67428
1056 15290
60107 24423
11362 15597
49610 15580
1168 39529
48449 47693
35142 70809
69922 63854
99971 55527
91714 45083
40864 30474
12402 17297
942 9349
68690 65233
10339 8594
75954 79729
54996 52758
60008 67926
53021 64049
79854 2104
20620 14607
51324 68182
74095 83748
52260 64447
48532 37404
30660 50568
81775 68867
43417 74454
38792 69486
30087 86990
44004 9046
10978 44756
706 39162
20183 32298
99316 77975
50070 81588
19634 18463
58404 57002
53163 92221
85476 1919
78781 72740
15281 27474
2567 37968
88370 41569
86194 4824
99322 23973
97587 15480
2005 56210
86665 94040
15859 7691
39248 55900
70486 38771
6705 66531
84461 1889
56616 40278
60306 14507
5692 9128
18187 19856
86875 9863
7018 17756
31647 10867
24477 44896
38720 71787
89454 54214
50970 37994
47565 10078
2761 34189
5377 69172
16918 61618
99581 70972
48783 41538
76324 40439
43127 72949
80584 72507
16318 84793
28989 15030
52969 9528
52413 56419
25047 10937
98171 33269
96630 71398
40469 15835
15338 23968
22870 74998
76599 44053
91464 75366
32867 30891
39066 91572
69771 59249
23779 59583
68151 67670
14019 72135
46848 56355
52328 5948
45826 41655
33028 7069
34520 43342
43867 43897
22182 99296
62215 25102
37783 66686
13750 11660
86601 58146
59070 87749
74709 97810
81875 71398
81631 23581
91016 66765
67688 41148
92148 19948
41166 11614
34240 90464
86538 22328
52685 62839
26911 57145
86571 37309
38709 74323
52380 89648
25337 57153
36604 25730
15743 55969
50919 83923
51957 33067
37659 72931
69452 40816
14680 76330
70008 93553
63784 48066
43553 18179
73860 57835
72562 44919
25340 83656
5783 73712
26613 14350
82840 33243
37438 67193
53235 50381
54940 46595
46472 39326
79271 15045
49562 33090
99822 13319
6515 58692
28537 75334
73580 97545
5060 61409
62138 56221
51237 27598
48545 70696
3929 14751
75928 66635
46225 34240
83504 38021
95897 47192
64966 20049
11281 67830
13299 15398
32617 67160
67327 17634
55676 72784
46006 34164
64716 40959
39351 19208
57345 19830
860 14296
27281 51855
87960 45906
66270 18305
29284 20203
27080 20892
89994 84183
39907 48327
33336 65560
16463 23604
32779 16661
14555 31191
74097 72933
96565 65369
38999 45344
56598 17197
91822 14399
50979 27656
94492 96035
22732 84233
57624 86823
442 83492
27388 68584
70478 55199
34874 34723
81052 11612
5857 7481
74104 31545
95716 28854
58831 40809
26175 93390
51036 71157
75735 15607
65173 99038
56883 9807
14326 75889
49947 86220
85183 86885
76306 26862
43188 6323
90735 70759
91602 15791
51939 64016
75964 23822
17883 50016
76175 48094
95235 74556
18788 13092
23908 64159
57396 78634
72238 92822
22581 78249
27553 61068
56395 67018
78620 85430
83888 81643
47486 31283
61585 11055
39683 10215
72670 88124
30125 25904
1837 68918
93685 80719
70157 41854
49633 8924
53076 26016
2585 27288
38557 88254
28929 69728
79167 75069
32656 42779
32593 94235
61548 69474
12660 75546
42405 85714
26859 88661
24917 10922
91086 15451
1166 15866
12673 7508
77900 48361
71684 10013
88530 51117
42840 51518
91683 76962
57422 734
32645 519
96156 72408
40942 72785
85739 97402
24732 19103
76935 61466
75371 26017
20333 4011
56227 13928
78073 84196
48607 48760
41472 43188
38570 6304
53365 42192
81084 34605
33050 50096
23362 12802
96597 17825
32957 5185
29331 17709
10637 64146
88445 31843
69898 92209
48448 59480
79553 16018
12662 54032
31127 5125
78717 46919
76877 98616
55335 86068
75421 39950
32932 90906
90826 47721
14924 93565
30630 43772
22035 42402
51263 19519
84884 18207
21099 65345
39628 41198
63434 38684
8718 9674
71080 85542
57601 16156
76621 12695
20819 2124
98889 38054
64696 72321
32776 62733
27595 22770
26318 80160
99542 92794
21584 33595
7477 77121
93121 85592
57458 98319
82538 44828
41305 41830
52556 43821
32522 86509
94517 10039
33812 94060
77391 21354
1462 29906
69704 37931
48400 37002
73328 96847
99404 41639
15773 48677
15166 44866
9224 11761
86688 59710
4576 47480
82029 84327
85587 25697
39347 58634
88304 65567
85435 53563
2218 73322
51757 60205
12327 31140
72810 2307
47111 98944
10158 37883
26806 87515
40413 7233
43653 57822
46386 50170
45750 43537
57637 93947
90547 59478
74672 82626
17281 90134
46659 43760
4898 73343
57899 10728
16542 30073
31697 33641
35208 17228
57883 8568
42832 56378
76902 10898
65894 50965
13015 32559
36382 82902
5632 3372
18900 42957
42446 8344
76922 80447
4555 69785
90763 97635
92415 54176
46727 55428
45362 30849
64642 51440
53050 77063
85343 29281
38194 61349
50579 65529
92351 82065
16132 6911
46129 11418
75358 99016
33040 13191
55255 6849
96840 70808
23370 89158
80579 79406
12830 18820
89774 1213
55142 66879
87716 51200
24581 7822
96023 25592
32442 99818
3116 53682
27441 83779
90750 47867
86165 91356
91469 32360
3705 80662
80225 25700
78687 64722
53513 70476
34455 62965
25988 43864
57397 59465
5463 23977
87739 56371
76134 63192
68385 39222
78631 73173
80760 88880
83570 60307
82641 43632
64532 53950
98493 16299
11946 42266
35586 55622
31919 52738
96137 27116
93942 82590
14666 1210
7542 6810
3321 29892
30324 56875
87246 1207
85011 30849
34299 626
77126 43320
51513 92309
87669 18694
4913 21224
30178 4692
15839 74824
24775 69472
45388 45059
25556 77290
17384 89573
97590 34168
85636 16050
31716 44654
44799 61433
12995 95768
64333 38348
29018 3309
7760 62318
69486 55903
74900 48550
16353 33653
13844 12010
33526 48595
96832 27956
81157 88238
69327 44728
50155 24711
72319 73415
34153 93712
7006 48212
16598 5700
79494 67740
98241 25160
60235 42256
98209 94544
43279 79426
27341 66905
81356 83419
23984 7009
94081 2850
32927 11175
56575 98804
13682 2601
85045 91980
99294 50675
86850 87269
97035 1031
22797 94956
91436 30338
46161 93506
44834 16946
40227 85869
26114 53513
24216 43933
60114 29997
37781 81364
83496 60553
71516 97351
68220 21924
25821 84322
35483 88682
49298 36294
626 65825
60157 26668
2892 85921
51646 61827
91099 36547
33799 334
27929 39223
31513 79560
3557 98151
48968 88305
64602 80926
55049 95176
58277 40440
17497 47910
37635 19071
81396 5762
56311 70052
52714 49172
74550 51067
77860 10574
72877 42470
46383 6222
74721 90510
30907 58833
94446 1754
12118 95814
98869 31463
210 13382
7251 23162
35642 52666
8389 49023
37354 89272
70078 61905
51427 36389
12827 43546
66242 34213
59802 21777
79747 83698
32362 93008
29826 22957
41371 1036
54172 47188
20396 60370
42026 82142
69057 57814
41871 2776
13285 42437
27059 99558
61900 79422
55816 87271
36453 14853
4114 15027
53752 80482
3397 99280
13602 65724
30387 73587
33260 16812
24085 81575
52620 67824
52009 23166
22726 22544
88872 14452
93477 23240
4109 68652
31720 22090
80939 79781
97737 76302
39145 28354
90746 6117
57007 99209
12993 61805
71696 80259
49405 93332
52803 91542
45894 55088
55970 14605
88528 6970
63755 14626
20984 67984
57274 20923
9388 35013
62389 81835
90129 52095
3980 68517
43916 19487
28802 29789
8489 41397
50546 76444
98277 87899
10577 54126
47946 47460
47462 16148
84716 18688
88722 74286
69963 65112
84101 6009
60721 19105
49200 19222
24379 84070
5734 49633
75142 2688
75504 3397
45034 54958
57013 47832
29866 14182
3230 23496
10572 21555
42056 77286
18515 22060
27795 57854
462 59304
84750 1828
42666 63079
22725 41720
78614 41627
53601 419
65099 46656
34405 35755
93681 2114
66846 65413
11941 96112
31277 64460
45680 84635
21287 51979
36512 68225
45328 46436
51693 29485
89148 49858
35105 48506
8052 36252
47583 56346
10069 44031
6736 56486
9608 66547
66955 15197
50622 89879
69634 55305
69823 27650
47253 97856
73884 28392
54816 50270
48331 17048
86802 46163
58355 80924
84500 35146
45453 71486
44405 35125
56634 66311
27501 76889
9866 51589
97638 53555
88113 66960
24498 91013
66610 52136
18952 9268
13998 24772
7868 60324
61904 97762
98387 59231
59366 78176
72337 67201
18029 90428
10062 80963
82432 93720
87688 28066
3770 74854
4521 91612
31504 58397
23710 61449
50640 34152
67945 56150
13560 74980
85279 32383
78440 33827
12795 44039
61081 62937
96800 39438
96880 91752
79667 6058
75399 30990
64944 58886
11185 81111
17073 39233
11583 20648
88206 33640
93187 3981
52065 12995
59825 24915
98344 8669
24745 42823
67399 86080
79431 73844
12243 81197
17182 32455
75196 55349
60916 31244
42209 269
4502 71654
54687 83382
13147 12505
48370 19029
60301 66915
39669 35840
82608 36096
39918 26693
33377 14422
25365 94617
50892 51921
47964 66903
18956 99622
19867 6897
48831 94977
22658 10014
91236 31387
33071 90630
64878 38499
55526 4299
51349 83751
34680 90388
29357 45728
83091 19705
60739 34022
55852 33227
49599 23465
89170 15411
66890 75089
70932 44777
12758 14671
35881 23576
77275 60667
36573 68240
95453 47202
35796 52321
78153 23492
76817 49477
29574 69679
48760 61956
6759 1142
97669 26779
68758 19446
24729 59624
96358 66931
91332 40153
10375 1475
83395 82720
29363 87189
80284 92792
71397 73451
35383 14536
65742 65483
84153 70764
79993 69591
74182 25032
92446 17545
32718 94836
53911 9622
55648 94358
81274 16215
58072 51414
31677 20522
69747 57520
70663 47635
19573 89600
41208 69167
42584 58329
45279 57573
21850 94453
41945 60466
42283 47319
88953 98215
66092 35471
80529 58468
68816 32637
55693 77794
4787 32620
33474 51895
67723 5097
91334 2046
15229 34336
41368 95994
84644 93745
23636 35208
36956 62534
66423 47496
53033 58439
40548 92902
17881 8257
71091 29837
17547 4596
46546 70450
74262 530
37076 99336
76111 90464
69328 23710
99496 99818
96939 39984
37941 63386
42717 85089
17583 23847
51708 86270
83194 83615
48005 77014
8101 36020
34665 63832
78 35787
92285 74176
27656 57835
81526 85708
86300 85613
3512 66231
26377 81679
59686 46173
51338 60217
49722 89324
93949 32378
33173 5200
52564 33647
92408 36422
70857 96208
72528 63642
13884 40816
86979 81752
26293 34434
3418 87916
60790 13485
51863 8710
65981 61931
36349 5796
69747 15742
38204 80298
86210 46527
95355 88229
8805 19967
90043 60845
90729 1843
63117 80786
15871 50382
28072 41046
33499 68287
80786 47080
68039 69833
34776 85480
29880 44824
1931 89361
49783 74048
35116 84045
35325 33518
19581 19919
3666 91663
65201 94916
18856 21886
49023 28847
21297 7194
90471 31137
6844 5111
82397 89436
78087 45115
40926 514
19636 14067
56841 235
56268 65753
85357 90488
6743 32804
30041 25086
45331 24826
28207 76370
57979 25967
17246 57864
30187 8860
16996 18268
25929 66503
33673 50299
54795 60265
40853 79368
34103 32918
6736 18118
83458 39884
64574 77404
53122 68220
90649 20363
61383 62504
25493 54218
69393 70501
55352 26576
83674 89796
85539 57501
44558 50617
69396 2602
55623 33617
82035 56167
60214 93470
14516 77074
17040 99340
22215 32230
78430 86002
77832 10326
82468 48287
71509 24568
8218 31853
66825 45089
1182 12975
24112 31761
37485 48714
36941 92097
53108 31652
24888 78329
96001 18304
58091 78091
20124 9589
89469 74085
34149 85537
97555 77572
94104 74559
7611 33726
90076 10360
17762 20438
82058 35020
93301 35320
48517 68966
23067 2595
66663 40445
87212 26906
95128 29320
98457 37251
55869 49085
65742 1317
49460 6082
85380 3795
26757 57798
75521 95297
22881 76955
70788 48594
56151 82603
20477 89901
12178 73889
15151 1333
14443 20641
2538 72443
81157 51174
2172 32726
51205 77549
55230 9810
96877 29924
4954 36209
2723 33100
21792 912
13777 59040
74849 96655
20701 14147
83031 92209
25543 74834
55125 28672
44695 18332
44144 1454
93645 65642
5928 53153
99476 88235
69455 19189
39051 24240
87213 11386
64593 22731
72422 89288
89465 5715
63452 9037
26650 44712
84757 32308
46882 97159
96848 52901
93522 50152
26086 18023
64498 95653
17635 23701
13212 75380
40143 91336
9506 38434
94399 22397
36714 66584
86573 81518
62886 55965
29438 20990
56036 76916
85726 13265
49209 95638
26803 42024
8973 28830
2541 66137
67749 36540
15719 20243
23538 62500
95857 64015
95894 32597
93786 51000
27671 8683
40758 544
8546 37982
87585 98835
1417 89789
46258 65202
18383 62525
97449 24330
59430 97624
211 39263
60071 87095
30053 17166
50190 99741
75318 15146
894 63997
4182 5124
41091 29758
2501 91223
83140 84242
94845 26707
30742 41547
7157 30666
15609 36712
97294 60333
36277 57454
54489 38305
86008 6203
45075 84657
50530 44897
4730 22113
74863 66345
88190 58264
98276 72283
49921 22420
71830 56508
19020 21381
49992 85934
39076 52486
98701 39506
31030 23589
88819 16579
6509 36729
30817 31912
60365 6958
27179 91311
19036 55969
79201 9368
92638 17570
11813 57490
35280 19370
75393 96940
54695 22053
17954 18233
92602 68099
81317 18521
36645 29026
48137 67638
70165 23465
7975 91066
378 16360
38821 4580
36103 73590
25437 71462
47174 69576
81579 74169
74921 15543
75662 21195
19260 66185
14630 15016
42938 57356
57350 7171
24384 74794
67944 83046
61980 36608
482 59478
31190 84168
39506 9130
6100 60406
47459 28159
56046 42972
61257 8128
50399 94525
20927 48781
91977 70988
57609 7348
95813 68150
9452 51952
70670 92000
61341 11586
31147 63272
56621 17473
58142 93210
4769 400
24746 38777
28293 31881
33857 82997
4365 86629
26132 52226
14247 80951
7645 45468
12424 94044
15259 19766
39181 57049
36196 87644
5688 15437
52452 38797
42610 32054
67396 63359
9558 53418
4370 77936
21954 62011
58801 94952
42873 18301
80272 84446
98273 84284
25436 7087
90696 34117
56771 89407
37451 39803
40247 48953
68868 53129
60370 3047
55194 36853
51376 6814
29988 69080
94565 10407
74126 38882
14277 31934
87920 55209
60089 23719
531 87126
8003 83218
8610 45669
72119 14439
83366 62141
16866 95322
91955 44063
91362 46666
65076 84412
93220 46749
26718 25271
39749 46200
6305 43179
35507 36158
28249 42324
80086 27400
30985 11474
32309 79091
77436 90319
29553 65529
36714 7149
20001 23794
5555 51985
77440 68937
18456 37952
4794 58110
28144 59114
14576 30415
61857 36885
43479 57892
58075 29998
30266 90902
29706 44341
61639 26068
42360 91369
87375 95242
1817 78809
92191 5558
88621 61795
38893 23699
34589 45310
64011 28364
91677 1311
79096 61709
86278 510
62578 25917
49471 24105
93143 74523
51252 11710
44086 48175
57036 84600
64833 49845
58331 86875
62234 74170
59859 77479
48002 48248
352 7504
95802 80425
18202 36054
90090 50651
95582 74799
6459 77341
11091 49601
40476 86669
76761 85182
94228 36889
79836 34191
27372 43416
78241 39695
95987 1441
41284 90469
41708 41824
78827 19011
23453 89997
66802 29868
42525 82751
61012 1466
84256 1186
75133 47011
94884 92318
68627 56244
83873 17447
27990 40505
41603 45752
11844 67193
51016 52783
45031 98768
48325 687
71356 53249
93608 93763
16624 45897
80074 60650
51295 12112
64061 81006
10116 15616
71170 83598
72219 98403
19495 3951
82745 91504
14015 33591
49559 7338
76135 15447
3212 30670
61362 51211
87072 72557
97355 45561
56469 32179
92278 45694
89692 93497
74238 97518
5619 25035
2780 48039
33824 79302
26718 80667
51029 58390
26871 54772
62698 77560
34276 68787
38339 91659
5526 94152
17332 87944
10861 5515
77353 45698
96147 99319
76747 35038
86871 85650
65200 10796
47435 43189
511 84989
83690 92793
48076 63031
41277 67702
71154 34491
18114 15452
41669 54143
45157 60923
64136 4236
74206 51788
62436 7640
40754 13367
28192 39196
69724 29428
45386 65930
52279 69636
57002 35239
27488 74343
1000 2836
26557 81488
58002 84906
1001 21136
53180 89802
75520 65242
47395 66811
92360 98101
8404 90067
84636 58927
19443 29971
82886 41012
58385 67417
97164 14969
64422 18066
24286 34264
81367 65734
86545 92104
5929 14592
95448 25187
950 82108
19803 26282
28456 33840
79276 77018
31337 20603
20399 25319
54694 72231
33905 32797
48614 81911
67306 15147
38560 82814
5471 71881
89423 69997
81947 49326
90605 16576
95358 91738
2126 52137
30410 95046
58639 75294
729 39627
40071 80427
29207 43522
18587 79143
27176 97249
36082 73878
62623 1347
79504 26380
89361 25745
54204 61407
70044 75399
6148 55395
19188 53035
775 24124
52217 37922
70278 15534
87204 12380
79106 94198
36942 46432
9860 63599
6406 61793
89587 94520
19641 45978
72450 37677
10389 18633
71757 44797
56849 54337
96106 1530
89906 39430
22153 15072
4749 59371
38017 78005
56246 88554
90257 10838
68993 68297
76102 38917
70222 47110
24968 45391
42968 31213
48900 14303
51377 51625
21258 31168
36004 47722
55525 68303
30946 99171
86347 60158
32724 5144
15866 55901
17034 25232
83760 22505
92182 87910
24785 8862
28185 73304
62921 26603
8514 25394
56458 9459
3226 83921
87990 28757
27448 5232
75240 54476
67168 86832
12365 19998
77855 87827
32758 9806
50270 11340
49437 30059
87717 1003
82947 95905
64612 75701
56460 91557
33269 76450
2590 19257
11851 49358
42497 85190
98807 61643
38080 1264
33376 75826
46775 87084
58963 10851
70980 98475
56205 62424
53275 58222
72310 12927
60515 92155
71885 15467
8103 34694
82466 62831
48143 98336
65303 43308
81803 83313
99485 14855
74392 66206
1882 74407
97441 42638
16066 50133
82514 53520
79202 85238
88765 55619
32711 3332
14078 60414
24699 22825
34305 31166
398 37551
31329 96233
60961 92081
54425 65515
3249 44280
78292 85871
80123 64105
61219 69231
29974 58539
47037 41587
98477 82357
28330 41453
34244 30941
37139 409
69023 32110
42415 89457
12409 93554
10038 31209
63244 76022
75519 32474
20655 55057
22174 20063
66986 3625
96448 20056
85319 24260
19204 98062
881 93990
63489 21984
27977 47791
6588 48352
43843 69590
11827 73069
43313 98706
76306 57349
87125 19443
9212 62085
25619 9139
82909 43676
67125 23909
28546 85488
2320 20290
28097 93847
7100 50316
64031 32400
1889 30093
93993 40054
25709 15811
26958 97080
70948 23295
30669 80274
7570 18821
10855 66833
82462 54073
97102 16637
44412 43246
24704 94462
41865 75199
21960 86567
2093 30491
74811 4021
23876 4185
74562 87544
13550 65400
81392 24859
32614 14615
33302 89124
27911 30668
84493 64370
89340 22200
40311 29003
75839 21779
73076 54610
3480 22058
89505 27502
52104 67432
13726 6904
78513 78329
70040 49674
29155 17012
11468 17654
12094 63713
19833 72806
6675 10448
47572 98017
37106 18369
14017 31266
17217 79593
59685 72014
42663 20256
8356 38557
9330 65952
93766 59414
95092 14761
75799 14337
71500 21258
63973 61934
80047 6796
71877 96677
54943 18937
40241 45040
7495 50850
94138 71668
89339 53632
25774 93796
35137 12378
74390 38505
7502 97470
44608 27052
83682 68407
25895 17961
52116 58540
23340 89226
84782 10524
87847 41295
85169 36827
71171 56998
75153 93464
28712 93884
82512 434
88210 79582
4185 5945
51891 4309
73485 15450
73933 60002
30404 46217
85468 69886
61264 88491
10588 66320
52531 25109
42086 86779
89125 40317
3500 19998
11565 56029
42527 10144
70651 65892
42723 85364
62379 25910
38525 3518
45625 4351
64432 8160
19087 51810
86459 54549
58762 74235
7710 99970
12164 86829
24829 73620
25029 86235
41651 2112
33511 27178
93168 97684
12916 26163
59894 11660
56434 80406
49827 70929
4622 64890
83807 86953
45334 19658
44804 55653
69714 74092
10833 18654
61592 83716
77082 20942
68508 56296
17845 88379
34190 8020
7938 74085
42991 10240
17484 74403
34564 87597
70231 29895
53731 23305
62790 75020
48876 40129
39802 33100
26053 59708
69488 19175
25802 20213
92873 14346
39236 55177
32852 98717
13464 80288
94162 75559
23936 72703
32494 45277
70220 66826
86470 10643
58295 36111
55207 41565
24710 31743
21527 47839
78958 32431
28366 29009
8569 60918
29278 49968
49594 32453
83176 61887
70840 98914
43781 35191
52219 36121
22842 41560
64911 672
31279 79156
13972 43187
95912 56591
44331 17285
44678 94435
66514 51530
6651 69206
9650 44960
98846 66973
64958 28817
89909 29377
4956 61506
93077 63694
88967 91181
63043 7772
66525 29386
30160 46836
55569 93884
64752 395
21982 29957
19464 13411
34720 61930
11673 30138
66702 23941
41214 19646
92653 66377
45117 55603
30175 28703
34432 2925
66218 67424
92710 74625
44582 89933
14569 15041
24433 80388
57959 63419
47164 88366
78461 72577
91296 77865
55676 34671
49539 75492
33954 75195
10537 75809
66660 15699
40030 46134
83992 42374
22219 81512
47409 97298
43766 69208
86130 77883
21304 41080
74461 34085
41832 46883
57119 12426
97882 40276
70511 34909
65448 90456
53567 91579
26782 70507
41920 53429
66820 11330
51539 42857
5299 29843
40010 27003
1366 42731
87397 23739
17317 39871
15578 47849
7908 29754
29758 92496
66470 13672
9294 50802
31030 24605
19870 82426
41791 15308
47103 43513
15872 32520
97608 4639
96611 41365
73535 41183
91959 36023
38306 56080
47692 42326
6808 70496
99704 94988
76609 32038
53200 76641
36275 20548
94889 53436
37855 64806
81362 43520
20586 50920
93700 43903
16812 62726
79059 75535
52961 59388
39591 49315
4784 55972
79708 7061
53941 41403
43118 30623
97919 27560
76953 42456
5136 4838
32929 74627
59729 41271
20185 73740
30553 27929
24126 77924
11320 57997
60200 30385
61438 21182
90861 95653
38716 98148
61530 52599
79432 15619
93495 42312
34302 38461
55543 99274
91009 1852
9231 60621
64674 59624
52704 97966
32589 87914
26923 47346
2287 38151
38600 9492
73522 42127
5803 84203
26446 24424
12384 60864
43998 31532
63054 29107
82732 35560
85224 49615
44011 91810
19063 81590
18160 12894
14945 77971
29993 56677
44704 38035
4448 40829
25911 42389
78126 53407
66248 58025
80444 5297
82392 98993
35918 43087
40504 2025
27431 17598
41446 92058
35651 99258
57145 50144
64660 43059
48873 52470
26008 4109
67961 33427
45433 68979
40948 41984
68619 13211
39740 25997
98278 84016
56344 65236
8164 31245
23072 308
27126 6033
32903 13237
92931 84724
71195 78133
72859 5957
5282 365
94768 85914
9324 9131
4038 17729
69425 84154
47563 63870
18664 9356
16931 3764
93904 46443
10151 96413
1924 30975
39263 21307
62536 43646
21437 26140
10943 3120
63581 77394
20255 43649
90423 6531
71371 99913
84810 69589
88275 64339
73119 74979
87603 63686
6533 55751
33982 47154
59246 36304
21953 746
75415 58327
19625 26192
34084 98251
5207 56381
31588 26910
80344 13634
70941 56669
60712 37093
85476 47905
13957 94744
98883 49785
80211 87882
69724 45420
51871 46884
10585 5201
25363 67484
79354 75703
67832 95323
48714 20803
85604 10230
66489 51050
35169 26866
62391 69896
66122 82632
42527 29242
93693 20918
85412 70699
92554 96091
28059 91728
49594 62421
70106 18886
41820 4768
70641 88807
34327 69095
53111 71812
51902 73299
76814 24568
35627 9146
75203 7518
75484 63112
63522 66147
70805 49253
53237 98456
8916 77321
99151 39845
2628 84333
83510 39040
36704 8558
66385 64638
52203 20348
72302 71627
68548 48786
6761 29925
43063 29880
32522 961
62918 67994
11224 28501
27651 27560
15028 11953
57308 16983
93369 98572
91990 86130
64115 92430
87441 59505
14419 77006
37778 97626
92288 31785
19819 60793
55356 3100
30395 3479
42757 23548
21835 57420
27878 31208
55894 48304
9515 88172
33674 72532
52650 47244
53299 77414
47727 41488
34078 49193
1809 70066
26340 23913
41588 35423
14807 59176
24621 95861
60731 85742
89386 90101
77060 23607
84216 79052
53921 54005
42138 19195
91443 97369
42904 63492
84772 41900
86063 87465
12236 30558
21929 81198
46587 46413
48976 5282
69989 96003
88456 80263
45186 94665
27467 90118
55295 23327
22851 26348
12338 52969
85560 26205
71686 37705
80742 79804
72830 51235
81495 35351
43123 77128
29136 86942
99498 39327
56527 46443
8371 22633
94855 29921
96043 10074
65813 56284
49684 89372
93917 11765
90825 11720
60629 54288
51531 28724
46235 35480
33462 64995
53223 97531
35292 83628
27846 21080
39858 68063
76171 69363
15280 59060
52085 96220
49726 60036
81115 61976
7012 7026
99907 49576
50598 5993
30378 53187
89371 90447
37499 59171
71774 44631
23176 357
64863 88744
26684 23505
66537 90088
44965 81424
85942 73192
89680 58383
40210 90904
70619 28674
15414 95249
61785 7244
63302 19156
20719 36831
4168 42190
23748 45425
33984 59602
90108 25012
54659 67222
63786 78399
93853 97360