3144
143 4315
292 5245
4438 6739
5684 8937
14769 18556
5227 10159
22009 23997
19417 22018
29023 31959
16581 19114
15580 20432
23305 28080
34724 36313
46354 51368
10148 14110
40973 46083
46906 48357
10348 15123
41846 43728
22946 24833
51515 54601
64007 68127
47361 48760
61725 63178
34231 38387
62450 67037
16515 18185
3727 5070
60436 65367
29921 32962
9053 10719
69475 72071
85449 87469
1585 6443
53183 57203
67065 71691
55774 59229
39588 42285
9526 11530
27771 29336
139133 143889
110761 114076
147537 151259
60242 64331
8862 12449
113345 118461
122035 125171
35870 37379
75599 76951
25393 27999
164638 166979
70367 75227
78271 80357
141727 143846
188942 192788
6957 8336
116081 118319
89386 92150
145166 149643
96879 99902
46911 51095
64982 68491
140340 143938
183032 184568
153889 159064
35980 39305
108471 111260
25040 28770
208898 212248
107198 108648
41022 46137
40139 44502
87147 92128
220206 222776
79969 84898
206636 208590
222573 225266
898 3706
45920 48468
27334 30071
222386 224882
81257 86243
73431 76483
175521 180573
132073 136080
185953 188163
277790 281058
36243 40143
76118 78414
7894 12642
128617 130707
40340 42991
241505 245544
29774 33047
20431 25539
142662 146672
30982 34323
113514 116126
139913 143929
97855 102270
197169 201399
246465 249670
19822 23003
49959 54811
330164 334299
152702 157040
234825 236387
279219 281398
231685 234837
244002 246591
215153 217703
165451 169863
221932 223521
42412 45232
86345 87939
150907 155005
315195 317644
104173 106985
13362 16373
27011 31282
373371 378134
167492 171148
386695 390585
182419 184329
8097 10169
184587 186915
148423 153773
301755 304264
162456 164234
147131 151756
245705 248066
115920 120796
234135 239201
261538 263823
201291 205208
266373 270591
315921 318870
299405 301373
108912 112148
91354 93546
427704 431900
15776 18193
38664 42645
74294 77594
294721 296720
405977 410874
108769 110585
200320 204040
473325 474928
166178 168006
90839 93202
207782 209712
13800 18009
424998 430187
399420 404557
60997 63160
167550 170732
128340 133210
26038 30748
398617 403219
490018 495284
283669 286181
193160 198393
95094 97822
230587 233173
191281 193546
483738 485489
48024 52936
69210 72482
214617 217471
463816 465094
215203 218618
434988 437251
54241 59494
380499 381799
483101 487822
75508 77329
438798 441717
203538 208207
114256 118217
297454 301621
284701 286244
427664 432976
209182 210765
53566 55226
193951 196049
563345 565533
270407 273908
547114 549510
101140 105107
30978 35428
541397 546282
550993 552903
522893 526229
514711 518429
548174 549895
570942 573440
122836 127386
211997 214293
1846 6498
38554 42535
55030 59948
351167 354525
353267 357916
413284 416741
437884 441752
496966 499998
443460 448101
262821 266826
427575 432009
282481 286786
608129 613273
443717 446807
266571 267983
20112 24251
604515 609048
47161 51212
282323 285010
466347 470646
244194 245809
439162 441155
380743 385398
502046 503674
589645 594132
733882 737929
743890 747658
99370 103768
65811 70967
676321 681327
81299 82921
690125 692897
594639 596329
279908 282112
713799 716869
484816 486799
479853 482386
444989 446398
251338 255676
98181 99930
71546 73586
420941 424364
281931 285407
748650 752090
241386 244758
471979 473956
121270 124293
773903 778463
346302 348065
750555 752205
809593 811305
628296 632643
91564 95420
257334 260615
386327 388681
747304 749653
673871 677288
180964 183338
381523 386372
550134 552807
183370 188199
627597 629381
240042 242488
270042 273346
1496 3168
470521 475025
308225 309690
788245 790266
351680 356489
685097 689263
827194 832376
159945 162879
813622 817276
120189 125491
65271 69534
759710 763902
220698 223564
23373 25174
269763 271490
430104 434225
726626 729407
469615 473314
599648 604083
531222 534942
67723 69989
651502 655535
138355 141299
124427 129281
501207 504338
444430 448869
833409 836252
230592 233799
731720 735236
812174 817374
626004 630587
404889 409272
908637 912208
346392 348845
165705 169720
82441 85502
211191 214717
836622 839613
779362 781095
587426 589589
792597 795384
218773 222882
116133 117666
513901 518588
637109 638505
783165 784782
497715 502467
127380 128805
998440 1002415
1022867 1025436
1026668 1031234
461549 465813
944001 948869
981215 983316
540723 545089
391145 394359
291076 292639
107593 112022
323722 327722
735382 737590
602916 607131
1013932 1015529
499939 503457
692577 697602
1076432 1080985
722592 724990
170360 173187
517633 519153
559422 564774
4142 6352
97632 102652
365323 367621
425613 431007
474399 478856
160605 163630
995843 998033
259558 264397
758505 763859
545835 550756
346956 348984
73386 75119
380878 386148
353538 356588
37151 41208
591336 596408
367250 369195
756158 761244
1098221 1100259
536038 537488
670091 671510
416285 419271
228757 232333
828216 833477
104236 107490
1133182 1136735
1018024 1021952
463909 466590
518209 520578
25980 30562
925787 929045
455267 457549
1066693 1070408
575586 580197
940665 944290
266828 271221
374009 378318
539621 541257
139460 141524
72141 77008
318969 324098
1005154 1008522
1136756 1140330
1162261 1164442
418958 424115
517962 520238
1016202 1018998
437558 441641
675877 679559
20267 25516
796654 799491
1057181 1061639
215172 219432
921669 923189
162112 164888
360157 363414
871229 874643
1021427 1023546
967951 969791
1236313 1237714
727858 731586
884640 887184
1265069 1267600
944997 948584
1239438 1241107
1085614 1088044
1251549 1254712
1315419 1320264
1238473 1243552
662764 667599
725118 728888
1183650 1189013
100505 103162
1181051 1183747
169700 171717
854707 858980
28674 30764
1322060 1324868
158167 161187
486069 490621
911187 913597
595433 599871
813273 816196
1356583 1359803
1251423 1254100
1254111 1257317
110808 115136
621388 624072
887444 890034
1101306 1105284
690419 693054
550425 552082
758069 760738
962192 964055
295273 299748
1133634 1137437
686758 688405
1221638 1224561
325800 328510
782717 784278
272659 277748
959730 961599
1245677 1247870
109305 111487
742310 747060
1253734 1257626
1032581 1035874
807234 809201
137181 141641
1044352 1046292
1050329 1054072
1459429 1461991
1379375 1381890
155377 158270
659481 664543
902874 905549
964643 968391
220889 225686
1193202 1198160
729817 731616
1124889 1129837
448370 453530
150671 153316
450149 451911
299762 304646
931141 935019
1185555 1190127
118231 121763
806174 810560
155973 158855
566512 570233
1083315 1087980
38374 42941
1473979 1479354
266855 271204
381559 386966
326870 328372
1255355 1258091
1471501 1475319
520918 524313
426404 428476
1215522 1219594
1241709 1246920
1158405 1160023
1061671 1064176
474729 479714
917124 919841
551054 554225
425683 430240
846829 848858
515644 519219
949655 954541
218092 221457
696116 697997
449992 452323
1281804 1283503
1413606 1416637
601224 606034
1107196 1109690
1228466 1232275
1498347 1501075
923438 926312
986207 991407
736378 740504
966769 972133
1390447 1394652
496769 499339
1580343 1584810
823568 826419
5000 8549
1106770 1109943
795608 797527
1228945 1231143
1534974 1537149
303282 307954
1197935 1201037
685513 688296
172177 174695
361014 365790
1370161 1374566
396709 401652
882246 887050
48895 53772
1704410 1707063
472332 476948
244158 247995
1428758 1431866
563256 567320
357679 362156
609209 611185
964697 968292
637703 643073
1603975 1607557
102068 104606
1118632 1120610
4357 8886
790407 794186
403320 405025
1177621 1181514
868179 871616
1552151 1556554
1018693 1024033
1362183 1363830
204021 205671
1083192 1087848
1749479 1751131
542213 544543
51821 54039
367303 372445
1549840 1552173
1626776 1628386
1561932 1565454
1196531 1199709
967175 972121
1191192 1195423
1439305 1443621
48078 50054
407912 411388
1411873 1416444
1073945 1075978
1784290 1788960
1492983 1494382
1324536 1328951
1501020 1502565
574147 578161
325081 330282
216203 221109
1235687 1239616
1030197 1033342
1601461 1604915
695212 698447
531207 534437
515310 518352
810780 815785
692558 696241
976880 979220
1086852 1088862
294584 299512
25603 30203
1171083 1173675
169880 175205
1641477 1645115
1791049 1794289
1822682 1826493
574762 578184
1202939 1204743
974126 977563
389676 394185
1476964 1482258
702272 705063
1847725 1852368
679113 683316
1258300 1262834
1912747 1916701
1116230 1118427
1011461 1013541
278486 280237
1085973 1090638
1752155 1756893
1414482 1418296
477893 480731
924515 929090
1367557 1371152
83816 88811
62420 67466
864530 868886
1687211 1690815
906623 911503
1530695 1532664
723540 726425
1500612 1504995
1216879 1219882
1596625 1599603
1211634 1214279
1290322 1292308
1543219 1547202
552754 555244
1551545 1555195
1876623 1879268
1967613 1969173
490338 495468
382158 385152
971261 973975
310245 315065
422894 426813
252002 255361
764229 766254
872924 876302
314756 318337
417539 419395
1361599 1364140
790032 794346
1965536 1967025
743208 745430
977942 982753
143083 147922
738548 742806
655959 660898
2054841 2056672
1112439 1114549
1110264 1115528
1451427 1456479
979513 983827
1087784 1091154
1422408 1425539
591231 593951
2003906 2005896
1417452 1419139
431849 437041
875907 880875
77630 82454
2116607 2120940
41990 43979
1341378 1345262
1776850 1781618
602719 605189
1100698 1104568
351521 355667
1459692 1461809
2109173 2113007
655059 659011
1594477 1596990
1949027 1952030
290374 293523
81529 85733
172883 174747
1920541 1922643
861128 865350
1924741 1926643
1448243 1450594
447416 449624
2077272 2080322
1475553 1478253
2111437 2114164
1173021 1174750
2091258 2096467
735571 737369
1030766 1033630
1212582 1215680
467554 469163
1941955 1947148
1837902 1842541
329193 331992
396841 400870
1606571 1609045
1159828 1161641
286387 289526
740221 745353
1671276 1675124
1431091 1435732
1902692 1904738
2077825 2079828
81549 86621
157941 162850
699504 704415
1691073 1695714
1176389 1181401
1235093 1238770
1632976 1636714
831461 836306
43402 47805
2173582 2175057
1816276 1818169
1802694 1807520
1502235 1505040
1057554 1060787
1429955 1433352
2041369 2043216
1658632 1661893
1083941 1086569
2268576 2271558
2134178 2137930
1776337 1780525
2192737 2194747
1076191 1080257
1858945 1861850
1390204 1393914
308804 310330
1961384 1963705
225278 230234
560617 564603
957278 959757
1539291 1542280
2346248 2347579
884932 887091
460056 464452
1052747 1057936
1798150 1800226
2001530 2003345
15733 18329
1235824 1238123
2120276 2124841
1146287 1148613
947649 951238
1918755 1923814
749426 752173
1333262 1337236
2332583 2336550
1454628 1458238
1380723 1383348
397802 402407
1994680 1998327
772659 777083
1420778 1425779
323026 326783
1157305 1160766
509140 514032
1692449 1694378
168659 171940
728846 733797
1619066 1620845
789879 793776
2245821 2249595
1708624 1711929
1279395 1283713
2413116 2417420
1811764 1815269
2058135 2062320
2415909 2419207
2399945 2401866
1990378 1995411
2308004 2311557
2349189 2350742
804339 809737
1164676 1166680
2041677 2043929
1919857 1923733
1109297 1110716
477192 479333
1816683 1818404
842863 846548
1326881 1330275
1423089 1424767
1114164 1117236
2058106 2062421
2530104 2532366
2262994 2265994
568205 570894
1404725 1407279
222378 226181
1877807 1881149
616405 621139
1307030 1310026
693066 697522
1315526 1318770
543831 548950
1854308 1858363
1363464 1365439
1334757 1339973
1649205 1653364
2522709 2524212
2230958 2234100
1415430 1417243
714691 718678
711785 713336
1980495 1982923
522566 524315
580718 583384
980776 985389
466715 470795
1649821 1654412
2365927 2368800
1404040 1406731
2569328 2571729
2643312 2647234
478590 482669
246301 249946
164828 168431
1918597 1923637
1435611 1437208
2660858 2665625
2378224 2380232
1408843 1413926
2559165 2560833
2089659 2092237
2572067 2577074
2269271 2272721
830136 833941
40070 43807
1424291 1427506
1002334 1006435
2407597 2411292
1165532 1170023
1400602 1404610
1462123 1466633
2277724 2281088
1481469 1485401
2295003 2299707
203369 207844
656315 659485
2486949 2489231
119967 124723
2421650 2424694
67084 68609
1878128 1879431
1211474 1213340
1733061 1735532
2101692 2103570
1626611 1629118
1520793 1523889
349437 350791
2454286 2456635
1215900 1221116
97743 100648
1764493 1769879
2651677 2655982
2742664 2747893
2600073 2601953
554791 559986
234358 239106
1106173 1109811
2737583 2739464
1365034 1367609
887126 891328
1122117 1124206
1831133 1835496
1150459 1152011
641364 645563
109578 111574
54111 56026
2369361 2373395
1748181 1752966
1360998 1363519
598577 601796
2484853 2486699
12772 16100
2511057 2513148
13322 16387
2843090 2846762
2089594 2091798
1944571 1948710
2137125 2138942
2065108 2068653
878157 883052
2566493 2568762
245679 247691
1521787 1523765
477680 482193
1834935 1837891
1777687 1779058
2515283 2520431
1495558 1498163
42224 47376
2741198 2746074
318719 320194
1074889 1079663
1443086 1447604
2326478 2330993
2622540 2624345
2136623 2138907
595589 599351
674112 675928
2269851 2272570
2874382 2879628
1258584 1262123
1675872 1679084
1336621 1340066
792775 796867
2478868 2482825
760527 763089
2384553 2386074
2571467 2574295
2783024 2787660
1311660 1315992
1385039 1390365
932253 935618
2725937 2728708
1226603 1230320
4936 8765
1161483 1165861
272577 275619
2991008 2994831
484535 488068
1450115 1454177
50513 53814
2834954 2838771
953567 955200
73071 74974
1535579 1537385
2209876 2213869
2233840 2235737
2342634 2345999
47837 49284
2864875 2867015
2205161 2207819
1669794 1672476
646333 649567
792300 795549
462335 465727
1650998 1652639
2391007 2394016
1635455 1638091
139526 141933
453742 458502
902335 903881
2655065 2656670
827320 829820
2722629 2726074
2649547 2653085
652210 655419
2711958 2717134
2144226 2147616
846686 849203
2867883 2871528
2574178 2579472
3032505 3036207
1071156 1073102
1378089 1381593
1881687 1885477
668459 669970
2675440 2678652
2312934 2314247
1305675 1310117
857635 859799
1345870 1347895
709347 713132
2129937 2134076
2948287 2950065
1933281 1937485
1665199 1669475
1137384 1139756
1111140 1115876
3065766 3070883
3013398 3016736
323005 327102
3153074 3156358
2472520 2476838
2604247 2608721
1509954 1512240
1810339 1814272
1200907 1203161
3026120 3029874
1306513 1311130
1217289 1219032
359765 362605
2136887 2139050
1388456 1392444
3181594 3185278
657731 659807
2690801 2695914
1773860 1776908
320197 325330
238881 242591
1572742 1576506
2477040 2478396
2222284 2226813
74268 77272
1181935 1183409
2061484 2063592
2191391 2195499
1378568 1383592
1298540 1301126
19712 23753
2789353 2793108
1673220 1678285
2403407 2407633
2945191 2950178
982571 984961
2740644 2742848
1979161 1983769
207790 211547
2467888 2473171
505523 510453
1475317 1478871
544827 549530
126199 128571
924886 928183
1627219 1630156
2010379 2014735
561592 564328
1881083 1885063
2709015 2710371
703088 708234
2678798 2682750
3098089 3101394
411341 414613
839703 842304
1277378 1279451
2689620 2693941
1621309 1624223
1247589 1252274
3067032 3070632
1375994 1379955
1689923 1691787
3028981 3032876
3345026 3348306
2482015 2485996
385408 389097
2880095 2881815
503679 505477
3332735 3336787
3243791 3246028
131838 135486
2863643 2868690
106549 108020
219679 223360
1444027 1446274
3081457 3084847
3407756 3412422
553631 555690
1076044 1080407
3206432 3209080
2155537 2160770
1063032 1067003
963646 966094
2551100 2553963
722565 724446
1692149 1694762
2931512 2935993
1301901 1304474
2543872 2549215
489540 493327
3154038 3157369
85742 87544
2442122 2447094
2823713 2827926
1561145 1565500
805553 809352
3203620 3208869
1530664 1534779
1153799 1157853
247304 248717
1586860 1588942
811887 815208
2084935 2089358
2946006 2948079
2895206 2898813
1382466 1387514
2454404 2458391
1443119 1445094
1276110 1277720
485654 487870
2355949 2357929
3208027 3210691
1940525 1941916
1785116 1787462
1522772 1524747
621073 623754
2212740 2217027
2075474 2079929
353737 356502
810258 812919
2991930 2993845
1480460 1484293
511647 517017
3066773 3069008
3368801 3372872
1843797 1845398
2538562 2543988
196957 199941
2911808 2916327
3468047 3473394
609895 613584
922975 927320
1751309 1756637
2772358 2775408
3364421 3367566
840137 844812
706387 708344
1212917 1216131
788451 791560
1482424 1486182
113341 115631
2679013 2683080
1493741 1497829
1519532 1521165
1065296 1068172
1028988 1031516
2319629 2321679
1985293 1988448
1483793 1487706
1000253 1003792
1213011 1214655
1934596 1938353
826147 828474
2782305 2784324
7198 12334
3564281 3567508
3318316 3323710
2322183 2324577
44414 49037
2638094 2641357
2685142 2689062
1690134 1691843
2853928 2857175
2232443 2234514
2513418 2518533
3211966 3214831
312860 315154
1302054 1303989
1138698 1140188
831272 835090
326466 330821
1767831 1772973
898251 901511
939944 942266
1636298 1638583
1748274 1752314
523914 525142
1218858 1220563
1154165 1155444
549233 552006
2596664 2597987
2074306 2077325
2423156 2427807
1018962 1020611
3079806 3083163
3696409 3701133
2086504 2091778
2121973 2123835
1716006 1719566
3140689 3142886
1663241 1668008
808367 809718
296853 300325
1789952 1791617
2309305 2311995
3458627 3460011
1002430 1007402
672710 674872
3256932 3262098
3264611 3267138
3268769 3273080
2546558 2551651
3149144 3154151
1526554 1530384
3602234 3604063
2192421 2197144
2822722 2825752
92836 94732
1348357 1353388
3387570 3389808
3302109 3306058
3387166 3389846
614157 616496
3210781 3212310
1753008 1754319
249215 254450
1057820 1059351
3583521 3587401
3612034 3617103
1264489 1267053
1140008 1142237
1630182 1635563
3407510 3411426
888878 893911
822252 824079
3541274 3542656
966566 970863
181039 182820
3349866 3352301
2387974 2393244
1574455 1576324
483569 485123
1053007 1055654
3369681 3373907
3902468 3906522
2874337 2877991
2487126 2491827
3884049 3887852
265 3133
1978640 1982563
2648139 2649439
605322 609887
787785 792438
3485415 3490476
1158699 1160110
470372 474418
598886 602790
991085 992632
2802756 2807854
2910917 2914141
3879697 3883441
2493114 2495951
767015 770569
1629151 1631701
2705820 2707324
1998486 2001931
3562250 3566891
2402891 2405920
2493088 2497647
2685283 2688017
1267675 1270350
102557 104680
280733 282626
237379 240135
3284227 3286535
2586490 2588740
446674 450900
1305184 1309956
109080 112914
279916 281976
3082413 3084726
861637 865045
1260019 1264482
957333 959884
3167548 3172133
3467216 3471633
1396932 1400277
311605 314963
1721149 1724584
3244549 3245985
96538 101426
3845107 3848040
1744618 1749109
4048075 4051702
548749 553580
2885510 2889239
3388152 3389776
1735967 1738342
265747 269028
3570994 3575039
124776 128904
2869970 2873573
3835282 3839880
3691403 3695633
2426611 2430493
3009658 3011608
475643 479859
3676311 3679210
3525513 3528697
1945955 1948897
724823 728787
3346864 3350229
1679403 1683881
3306407 3308157
412221 416445
1192766 1197874
23076 26279
2495734 2498817
869256 873833
1519313 1522038
2263056 2266638
3467331 3471461
653663 658474
2433768 2437268
133570 138741
2546197 2550536
1126983 1129100
598150 601310
190030 194777
97504 102821
3624799 3628976
1534071 1539137
1966072 1970406
499443 502435
1071924 1074180
4028315 4032644
3771859 3774988
704882 706186
401625 403830
2734714 2736844
2431741 2434371
261598 264430
847788 851431
704673 707495
2117023 2118553
2465741 2470379
1697039 1701033
3328288 3332885
1554296 1556677
296083 301316
2225648 2231017
1857252 1860857
3053735 3057209
2607891 2612769
3590680 3592383
1195757 1200485
500705 504858
3918357 3919769
1515880 1517866
1913442 1916439
4165134 4169867
1583311 1584834
379652 381015
3390630 3393427
1372291 1373994
3868444 3870678
2297815 2300449
4021155 4023617
615131 619192
3489036 3491932
1438406 1441095
335679 337547
3162387 3164846
3140481 3144959
3044690 3046263
49439 52744
3351655 3356476
1941198 1942866
409462 412022
3653012 3657189
203587 205697
4152606 4155666
3927170 3932244
499423 502023
4029290 4030833
1196185 1200850
1155358 1159291
3205273 3209663
1454307 1457540
3479023 3483527
391686 393893
3473884 3476755
1591325 1593502
1387446 1391911
1196855 1199380
184115 188751
4261457 4264477
1049383 1053434
968573 971657
2436844 2440393
2884679 2887418
343184 345412
2742229 2744501
2774033 2777635
377213 381755
2576207 2579867
3127747 3130983
2956918 2959668
3895382 3897275
735154 737764
157821 159684
2189666 2192585
795553 798371
2821278 2822933
3493734 3495384
1021197 1023689
373272 376370
3091138 3093400
307276 309821
421591 426172
869400 873771
2271127 2276099
1536003 1539938
2784574 2785893
1800853 1803391
3597964 3603208
2607465 2612114
508689 510983
898507 901148
462569 466350
3371827 3373947
417999 419364
2715042 2716684
3284026 3285353
1366100 1370367
3946354 3950085
346602 348648
1373788 1378301
3866037 3870919
2314897 2319259
4523776 4527302
1484605 1486596
1108425 1111253
851472 855036
2956921 2959512
1196259 1198049
4411261 4415260
2107738 2110761
2734060 2735699
4362806 4367076
130482 132828
1686685 1689663
2103814 2107652
3060275 3064094
3388236 3390178
741548 745273
3531666 3533545
1031499 1033400
3265181 3266976
274250 276469
1439750 1443145
3178983 3181979
4643943 4647646
2260204 2262287
2183412 2187031
1970118 1971781
3812587 3814992
3711269 3713102
3694303 3696314
4391265 4396637
846794 852024
3594521 3597821
2011989 2013883
255190 258724
21763 24119
1457323 1461915
3094451 3098126
356949 358588
271744 276677
2536826 2541467
4591142 4593786
4636972 4639178
3771415 3773428
4169492 4172337
1425523 1428705
3190031 3194696
4741895 4744647
1248723 1250536
1512696 1516828
2738730 2743649
751368 754543
2624966 2627635
1122563 1124199
3087744 3091715
4387564 4390535
4062364 4064623
876 4258
4065766 4070781
2963142 2965097
1428755 1432653
4360355 4361777
1164716 1167131
4103675 4107764
4733675 4738572
661811 665006
1581891 1587322
4258492 4261794
139626 141803
3975820 3979115
3534506 3539365
1420093 1423567
4338109 4342946
1998683 2000937
1226881 1231560
2486167 2490972
3967499 3969511
2282737 2284763
1503828 1507077
1617041 1620791
3784951 3789764
2268545 2271693
1650930 1652329
968328 970239
421176 425846
2778228 2779744
3076041 3080740
1508738 1513623
2229379 2233847
2296982 2298248
570566 575073
1363785 1366718
2829187 2833831
4193489 4197101
257481 262165
2279317 2284048
2995226 2997418
3190729 3193378
2717353 2722284
941209 945147
3354470 3359582
4487649 4489045
1703746 1705035
620346 624565
4909792 4913240
3678183 3682199
2803153 2807731
2594915 2600218
796523 800245
2427387 2432044
1804377 1806470
3026758 3030305
3164575 3169407
2856592 2861740
4564650 4568968
4931981 4935996
3769288 3770688
1303081 1306716
89822 93930
679466 684225
2983723 2987183
2426913 2431011
2448380 2452205
323072 324926
3430138 3433026
2545387 2550045
3615821 3621089
1260838 1262757
795948 798661
3373970 3378812
4282995 4287194
3516691 3519881
262208 266427
1602379 1606486
4467918 4469445
4488059 4490810
5007718 5009580
2630799 2634336
2900735 2903301
622892 627881
4195165 4200011
3685481 3689814
1307224 1312387
945116 948926
5000874 5004870
3479980 3483969
1968924 1972416
700639 704079
3401764 3404737
3247740 3252601
2483525 2485025
1959614 1961108
442371 447481
4724314 4728331
1215537 1219819
4768148 4773282
3050447 3052320
3704765 3708447
2627447 2631551
4581299 4584710
1518760 1524036
2036229 2037879
1822973 1826896
435160 438425
4025860 4029118
2384698 2388241
4289355 4291472
1120130 1121427
1554374 1557627
2870433 2872446
2191446 2195727
4386774 4390286
2647357 2649458
1857109 1861056
1714598 1719797
1363923 1366113
2013088 2018157
1274302 1276113
2175128 2180471
3294470 3299634
3190576 3193165
642089 646342
4559423 4564331
914011 916301
500295 504036
3108742 3112274
1211715 1213974
1953275 1957656
3057890 3059768
3264367 3266685
805209 807315
3740911 3744210
3511234 3515501
1563997 1567451
2874174 2877588
3095167 3097804
1016336 1017758
3545129 3547097
2827711 2830616
4781395 4786212
3265300 3270024
1737550 1741655
571391 574260
4925680 4927739
1907016 1909331
1042555 1047046
2797952 2803005
1874021 1875713
4119895 4124915
4441218 4443065
3495232 3497109
1236173 1239073
1889424 1894274
3993541 3996823
1727377 1731734
1354681 1357604
1158114 1161014
1430285 1432806
2151325 2152779
5185911 5191111
2542147 2545856
5205072 5207603
3838226 3841276
2575479 2579289
910409 913978
4296182 4300011
3542738 3544675
4685450 4688354
4223509 4226368
3680833 3685719
2305620 2308129
1322384 1326758
158156 159965
4451364 4454040
1715399 1720636
570518 572678
4061769 4064884
1827357 1830885
981249 984222
2246030 2248149
5212878 5215964
4225550 4228036
4954696 4957501
4000146 4002588
5299314 5301931
2591178 2594900
1158957 1160294
2470944 2475276
4750881 4752819
665888 670093
2403647 2408439
1952110 1955853
3615791 3617078
1328946 1330431
1834139 1836537
3414802 3418941
1941225 1944261
1516597 1518408
2600982 2605071
4951151 4952748
5342140 5347175
141775 143489
988668 990241
3119718 3123845
3283984 3287943
4055109 4060161
5282309 5286273
4272110 4274272
2574085 2578512
5323141 5325981
4710887 4716089
2822369 2824921
4661542 4665901
3704940 3709482
4539526 4542977
3715727 3720071
5357764 5360881
1860247 1864223
5266772 5269845
1516229 1520255
4196689 4201994
4204420 4205987
1660030 1662910
3969060 3973513
3108876 3114049
4414169 4416141
487099 489524
40078 42512
4510887 4514245
79756 83054
2627789 2630726
644659 647154
4302115 4307259
3407124 3411991
602950 607930
2390944 2393713
2737091 2740831
1392937 1396222
1477713 1482359
3657999 3661076
3925079 3927096
924348 926066
1356161 1359820
634613 639583
3976320 3980723
3949616 3951496
2764760 2768124
2309831 2315000
2596091 2598255
4280789 4284446
1868934 1871009
4802433 4805974
1723543 1727253
4922908 4927368
2636275 2640473
1497352 1499417
3153544 3157177
4457474 4461942
4752897 4758119
4043672 4045952
5530515 5532113
4626715 4630867
2435286 2440203
3817046 3821624
5159456 5161321
3616661 3622024
2932144 2935288
4004205 4009043
2551312 2555469
5276325 5277903
4956467 4959172
3404572 3406301
4991829 4996676
1853171 1855492
2919986 2922186
2374260 2377099
1203256 1208125
3426683 3430093
2741989 2746786
1062475 1066967
2207118 2210193
621267 623377
1583501 1587971
4027635 4031888
4540121 4544953
3337149 3340862
1793463 1794881
1781026 1783621
1586321 1588135
1728942 1732225
719688 722697
2639156 2642003
2103326 2107860
1051868 1057169
2876911 2880595
1056301 1057901
2089574 2093606
1993063 1996152
2195172 2196911
1471603 1476339
956148 958211
2698269 2702834
488218 492577
267112 268967
5209916 5215247
551640 555444
5134554 5138280
3731479 3733663
1421411 1422812
4599192 4601807
3621605 3625030
1491957 1493697
689500 693545
988968 993588
1094080 1097683
1354382 1358410
3217500 3218912
1485469 1488754
3722992 3725742
4282749 4285670
3614363 3618565
4351610 4356041
5588772 5591755
5394642 5400026
4466102 4468512
4285715 4290944
3024827 3027388
1507821 1509942
4620563 4625388
433594 436058
4030096 4035130
2584716 2589879
1663669 1665776
1724984 1728949
148569 150676
5359778 5361757
4055780 4059668
208371 212675
3546993 3550848
902543 907794
1502618 1506394
5907706 5909245
2514488 2519070
3457853 3461030
5067119 5070811
1292098 1297244
1973389 1977932
2493387 2497147
2860479 2865373
4339754 4342652
5517598 5521827
2935854 2941044
5714850 5718910
2993037 2995201
361284 365867
1005827 1007555
3111437 3114172
1546308 1548052
1845728 1850389
2031285 2034907
5433351 5437398
1080428 1085364
2130631 2135083
4691754 4696628
4502189 4506339
1524952 1529769
3971585 3975452
4172319 4176474
733138 737176
3269937 3274134
4031507 4033343
5869967 5874130
3226022 3228360
1329748 1331800
5288032 5289334
2819796 2822631
3893918 3895771
3466284 3469954
3308606 3310567
3022336 3025641
131801 133705
3040750 3043631
5896035 5898788
3497311 3502547
2046578 2048061
2505626 2508269
4774981 4780189
4598981 4603845
4738698 4741568
4405965 4409022
3812474 3815343
2186861 2189265
2234050 2238392
4365036 4370045
302462 304230
121376 124400
1340750 1345876
3491993 3494091
3290350 3292634
1965819 1967896
4056994 4060056
39798 42390
5380560 5382219
2865242 2867232
1354355 1358849
3032765 3037375
3113337 3115794
2950520 2954550
1276845 1280158
558456 560854
2258227 2262006
3128841 3133049
4867661 4871675
1574266 1578861
2324810 2328462
1598524 1600459
6165944 6167630
348156 351944
4226564 4228892
3167997 3169938
6164989 6167096
4722233 4726161
4927655 4929462
5088850 5092525
4732865 4736434
1654789 1658549
2967237 2969068
2136741 2141717
6254701 6258001
5227253 5231775
4769365 4772891
5435258 5438987
3783644 3787823
958575 962609
2516889 2520538
3628932 3633246
684754 687177
6286950 6289692
1129088 1130627
2948610 2953047
6139696 6144594
6032289 6034222
2690147 2694336
395105 398526
4923108 4925076
1574096 1579142
634748 639998
6332301 6335827
5256783 5259865
2964608 2966638
5243851 5245999
4694161 4698014
1255285 1257825
328891 331986
5887494 5892386
3661754 3666705
5516791 5521299
1749297 1752549
5681146 5685733
4204659 4209157
2919032 2921216
4968629 4972592
538427 543140
2280849 2284901
102638 105457
3803334 3804726
2085669 2089788
1391595 1396494
5827153 5831288
5405442 5409396
854514 858115
2162863 2167131
3239833 3244838
1862562 1866811
4395146 4399729
1570968 1574053
2175489 2179783
5370856 5375320
1014989 1017176
139160 143873
1217134 1220350
3376403 3380791
5500302 5503214
505387 506804
1441499 1446449
1058402 1060547
5692164 5697059
63695 66044
1564022 1568913
2103436 2107883
5419984 5424372
969341 971616
3454402 3457187
2163483 2166280
1973442 1977509
4086191 4090928
4376258 4379146
1839508 1844000
3704858 3708469
1611535 1613913
220192 224030
521852 525064
606711 609415
3725267 3728059
5506427 5507930
6461020 6465306
1927881 1929309
2147834 2149493
4380423 4382269
1975926 1979774
1033232 1037842
3697494 3700328
1366441 1369120
540687 544584
2414690 2417997
6371818 6376381
2095345 2099823
3667344 3671774
67442 69354
2518063 2522597
1634178 1636250
1574610 1578580
3310866 3315496
1715890 1718964
6025841 6029351
224075 227140
5137774 5139921
2946919 2950425
6076439 6080360
2370977 2373078
5042307 5047343
1107665 1109829
86030 90222
3202253 3203927
6057230 6059157
4510815 4515322
3252328 3256937
826778 830693
407809 412534
3993452 3996438
3922532 3925462
1296783 1301575
6598704 6600500
6186995 6189641
6021442 6026127
983626 986496
6533446 6536851
2917538 2920584
5118336 5120638
5582761 5584725
2304704 2308835
1268185 1270933
1728295 1730246
2471938 2477153
1641944 1647305
213946 216673
2821744 2826124
2547735 2552151
388768 392206
6144879 6150053
1819777 1824695
3498941 3503249
4148665 4153230
2748714 2753851
315728 320440
3099867 3104904
1990568 1992581
3132002 3135937
1019865 1023820
2067755 2072202
6697106 6701986
2653106 2658059
3974422 3979082
5347490 5352137
4358207 4359819
662122 667036
1508947 1510903
3336661 3340043
1118800 1123892
6602863 6607672
4015039 4017938
2871866 2877027
828263 832567
6454275 6459200
3556675 3560373
4323125 4328044
6607193 6611375
3862998 3868029
2561721 2563514
6458765 6461682
1720663 1724191
6540524 6545623
5172977 5175637
5567001 5569349
5656293 5657751
1913675 1915489
3324037 3325658
3465244 3469561
1624267 1628905
4236321 4241542
1040297 1042166
1557067 1559008
5315480 5319909
2901243 2905377
2080534 2085343
5126284 5128269
5175609 5177421
4992504 4993826
446304 451460
560112 563128
2720813 2722785
5172815 5177497
6290790 6294145
363441 364983
3184930 3187103
4596346 4600291
3558328 3562974
6600414 6603316
1763854 1767780
5275023 5277444
6356089 6361015
3518927 3520950
4430400 4432188
3779090 3783062
6658031 6661461
89433 93904
1204062 1205365
3202253 3204837
2597994 2602842
444804 449359
5623801 5625235
5153678 5156903
4985523 4989824
4436169 4440533
4935238 4940296
3049647 3052187
5730091 5734226
1659754 1664364
2581520 2584529
5121483 5125406
5163425 5167600
2043650 2047249
3508119 3513488
4970990 4973312
2900398 2902942
4125050 4126489
3487533 3490648
213245 216144
5383060 5386231
902171 906274
1798315 1801939
6905727 6908851
5411180 5415551
6744137 6748245
6973947 6978890
6518346 6520381
6004627 6008074
6447087 6451799
4207743 4211215
836932 839374
6517642 6520795
2424346 2427552
2182113 2184750
2828636 2833156
4213692 4217721
5098615 5100226
2350365 2355439
3253334 3258276
5858082 5862306
2352291 2357143
3772228 3774820
4482865 4484340
3453047 3457458
2064678 2067322
6502026 6506586
3177492 3178891
3964997 3969452
3407475 3409548
6468380 6470396
1986906 1991832
4423372 4427959
3051569 3053162
713716 716559
3179743 3184156
2893189 2895536
6660037 6663827
6891133 6893393
6543056 6546415
1472793 1477405
2735568 2737681
765848 768332
5236053 5238442
4299897 4302383
7036368 7041643
3504716 3507812
3403378 3407562
5434717 5436606
3163866 3165521
6849038 6851966
4300618 4304223
6783862 6787119
4151527 4156250
4806247 4809267
686555 690983
6645629 6649373
2880890 2883248
536629 540474
440128 444016
1810064 1813474
2445520 2447607
2372318 2375370
6722895 6725309
6038524 6041591
5417117 5419197
4277267 4280518
4718101 4721964
114876 119553
6799828 6802185
4492389 4494545
125690 129054
2819992 2822557
2801973 2803574
4873880 4878200
7036113 7038924
17855 21396
4865644 4868917
7269491 7272452
6477973 6482303
3235425 3238462
6768691 6771969
4004271 4008964
5138944 5140704
315008 318469
6758198 6760167
3285582 3290527
6591434 6595761
20354 24087
1545995 1547503
6055619 6060123
4128967 4134087
2247034 2251697
5695951 5697470
639682 642685
5327126 5329192
6122850 6127983
3280740 3283155
2483060 2484583
5345111 5350113
5585830 5587908
319168 323951
3831332 3835283
3977684 3982049
227473 229126
3655161 3657192
1356188 1358661
5425693 5430526
4469069 4474128
3076844 3081849
5406689 5408746
2361801 2366885
40645 42291
2058912 2063455
1646008 1647588
7235995 7237878
2820432 2825126
2820261 2821958
7057411 7060719
1839532 1843074
3347876 3352763
5940950 5944161
3210193 3215481
1738328 1740789
5957461 5961234
62861 68119
565046 570086
4862540 4865307
3483825 3485707
3066690 3068440
3664408 3667713
2543619 2547946
696696 698045
1947812 1951027
556170 559184
3434507 3439672
4406548 4408935
6785514 6790082
1307676 1309628
1830124 1832749
6233879 6237880
6817042 6821148
5856314 5861289
4490197 4494697
5883333 5886587
6353496 6358052
1041927 1045059
2743496 2748152
554301 556983
4028681 4033430
7024447 7026885
5600664 5603496
5078146 5081597
6247899 6249675
3770434 3773595
1817415 1821023
5850767 5853201
4563471 4565989
4769909 4772386
7281170 7283232
4677401 4680646
4203794 4206063
3393281 3397221
2484221 2486546
2652359 2653763
945387 950335
3737096 3742280
5485749 5490498
4016595 4020916
3173106 3176737
2154389 2157373
1164958 1169734
5794458 5796815
5410841 5415757
4087541 4092662
6513140 6517089
6390876 6395228
7169840 7173645
5578514 5582741
5402200 5406102
2989607 2992771
2312476 2313993
3286482 3290614
6066801 6070112
3861293 3863252
4658473 4661192
499365 500622
7545475 7548895
6342537 6347088
6995917 6999508
3801147 3803711
215554 218853
1386038 1387959
6703070 6708481
1913380 1916504
6713904 6715688
599818 601522
6853865 6857385
4019345 4021393
2856780 2861127
6214736 6216169
1433865 1437124
7596796 7598419
632223 635015
3258263 3260358
6745498 6750692
223446 227608
3528268 3530062
1528881 1532971
4206016 4208526
1879285 1882785
3060231 3062589
285153 286663
3127962 3132342
208552 211428
6053433 6055457
2825538 2827034
7170454 7175318
5741894 5746714
2095159 2099976
5714967 5717402
5156262 5159099
5670786 5674853
3821289 3822584
3327889 3333162
6236493 6239969
7327889 7329613
5477927 5482784
2856601 2859097
3056210 3058764
6464219 6466780
7494194 7497029
3590334 3594332
7780416 7784319
2763485 2768524
1760992 1762392
1659713 1663113
59315 60965
4437184 4438783
7393664 7395297
2011410 2014071
5383195 5388544
4081672 4085960
5295836 5298130
5399547 5404746
1210017 1211772
799007 803214
4080197 4085133
1200232 1202333
4437762 4442999
5499996 5502417
3376793 3380388
7162444 7165497
4123650 4127500
6373584 6378344
4854659 4855927
7565439 7567030
4307547 4311446
5432556 5435883
3306039 3308713
2985120 2987470
5684006 5688563
595943 598646
4900085 4904458
87196 90390
884645 887129
2114743 2117810
5520381 5521854
7363085 7365733
3293317 3297078
1600256 1604962
5152995 5157738
3935283 3939545
7442932 7447363
690803 693199
6978857 6983206
789291 793732
7440667 7442059
4881763 4885047
330745 332490
139141 143958
7869581 7872772
903013 906267
2593974 2595249
3677738 3681275
2922299 2925979
1085998 1087956
7818275 7823182
1548907 1553481
1180079 1182386
1412318 1416562
7900863 7905656
3526108 3530064
3726352 3731048
2339664 2342045
1911757 1914248
1921004 1926017
2817939 2821825
3435952 3441147
2678934 2681404
3176943 3180688
2944292 2946475
2430824 2433358
40423 43509
2639995 2642084
7224451 7227938
180495 184550
1926738 1930186
7052251 7056729
3325946 3327486
3140351 3142476
3501725 3503448
4436088 4437911
73777 78478
3283219 3287811
1001076 1002855
1015251 1016483
719979 724430
671274 673577
5590620 5593842
1299718 1302596
4939635 4942582
326435 330395
620925 622551
5594249 5598183
4954072 4957154
6470556 6474658
3187036 3190513
1346799 1351685
6097860 6103213
5129009 5131116
2974523 2976877
2838278 2840949
2377871 2380803
1153003 1157445
6697796 6699424
7738223 7743266
1236922 1240134
1043942 1047565
5223361 5227368
1006185 1009536
3992694 3994464
3639477 3643546
905519 907273
4137222 4138633
3261111 3265890
5518313 5522564
6153126 6155507
5009905 5013873
5658666 5661009
1192991 1194291
4958149 4959817
1676124 1677754
2879475 2880932
2592759 2596935
5686383 5690300
208284 210078
957518 959932
2745447 2748747
318797 323405
8181209 8183821
3658175 3661096
399282 402180
6100181 6104674
2523706 2526872
7162793 7167465
3700578 3705679
3036422 3038214
7486724 7491720
1111883 1114061
7260527 7262678
6251154 6254121
659549 664111
4719312 4720923
6404620 6409635
115099 118368
4891551 4894426
159765 162489
2692444 2696747
5764508 5767239
5355994 5358053
6768788 6773608
5348878 5353204
5855920 5858889
2044338 2047740
2324799 2327294
294345 297787
3976335 3978010
7716345 7721086
6850202 6855184
2259678 2264299
7230697 7233838
4495367 4498245
8054189 8058022
8188414 8193025
1872308 1874895
5697209 5700910
960692 964990
5377665 5382553
6579439 6582656
5237536 5240681
4632663 4636321
601323 603966
5992844 5995334
411284 414129
2307580 2311680
7520659 7523320
5090223 5092341
7141639 7144811
979053 981847
8184276 8186291
2860384 2863995
1370256 1374003
2706558 2710015
1070563 1073819
573066 576332
7208378 7210797
4985650 4989919
7502245 7506613
2346448 2347935
3087942 3092099
3310306 3314553
5868724 5873145
618645 620655
1411629 1415222
8212274 8214018
3427508 3429873
3381680 3384066
5821185 5824922
5805424 5807769
2721767 2726296
2186512 2191678
6244158 6247921
1209602 1211470
264898 266594
8285881 8290166
6338281 6342896
4331597 4334842
7252758 7257694
1098752 1100742
7686428 7690952
3836361 3837676
4295927 4298347
8218897 8220594
2825699 2830217
7382041 7383692
6857761 6860503
4669641 4671580
4102173 4105997
5596779 5598847
5926134 5928170
2433240 2438434
7183495 7186047
3718884 3723304
3758775 3761561
8495843 8497401
4832707 4836424
2965303 2969093
917824 921183
1420098 1422139
6880854 6882972
8368198 8373392
5979922 5984371
4956545 4959605
499937 501458
6846996 6849281
3580611 3585340
1835093 1838547
4713202 4714950
7642610 7645545
4207789 4212169
4575594 4577045
6879152 6884237
3700883 3704927
188626 190692
7253226 7254697
7160366 7161941
124207 127956
8573100 8575682
4161378 4165877
2025090 2027641
6765338 6767075
7343725 7346804
8028604 8033557
2949866 2952801
5924730 5926705
7838409 7842490
6375251 6377397
7602425 7607012
5402304 5407390
3470871 3473236
1835091 1838428
8495177 8497828
5870830 5875569
1386872 1391523
3739615 3743177
1990517 1993995
101400 104600
2998168 2999869
6676981 6680062
8186814 8191434
327197 329904
3565486 3568343
6062826 6065517
5682794 5685984
7098335 7101208
5395281 5399878
83655 85375
1994216 1997639
5673322 5678353
7704272 7709186
5296269 5300132
81349 84196
7787791 7792912
8106849 8111498
6866497 6869459
475347 480196
1763403 1766907
373449 375563
5234331 5236251
8220036 8223428
459385 462351
4444717 4449162
5795364 5798025
8618991 8622754
5846285 5848953
3528815 3530814
6832017 6835910
4549387 4552037
5950170 5953694
2429698 2432274
6018984 6021534
2280281 2281737
1820978 1823048
6451797 6456152
8431491 8435837
6719226 6721068
5431444 5434290
7633029 7636752
1417032 1422385
5971957 5977071
8422441 8426034
8439858 8445164
7188014 7192658
1796721 1798390
208577 212681
3296183 3298569
5244361 5247468
7225477 7227017
8666011 8667556
5536807 5540231
4048303 4051503
7292902 7297456
6410001 6411950
4770261 4775094
6997232 7002428
2776071 2777811
2305569 2307885
1542526 1547877
4052144 4054431
2158688 2162580
5906493 5908052
4689607 4694699
4664074 4666596
137414 142299
1119149 1120578
610046 613129
2375616 2380827
1822153 1824536
57518 60317
3584020 3587690
7665072 7670199
3261454 3264863
6001551 6002985
2794634 2797179
5489442 5491825
8911182 8915118
830549 835782
2654835 2656223
8967309 8969748
8733610 8736263
1962257 1965378
5678627 5680112
290451 295605
3100183 3103141
3232376 3233872
8093075 8097946
217941 220705
5580044 5582269
3686251 3691425
1814471 1816980
8249515 8253130
2695015 2696634
7733961 7736796
3365140 3369944
2404180 2408156
8925076 8928617
5042586 5046098
7670575 7672080
3631865 3634383
1024770 1027481
2378523 2383337
7440988 7445086
6626003 6628444
2670526 2673006
6492845 6498019
4812245 4815820
4866880 4869236
6681160 6683471
3216669 3219494
8601057 8604842
1143054 1146085
3964706 3967742
5780361 5783429
4666787 4671379
7512295 7514235
8680819 8682593
3434032 3436597
2349181 2354144
2476967 2479492
5370650 5373265
1092936 1095164
3041775 3047036
1518861 1520235
700809 703413
5424681 5429794
3665897 3670689
3564332 3567391
7488025 7492638
4563257 4568241
3996608 3998461
7620644 7621993
1026147 1028403
7096317 7097947
1189262 1194365
3377379 3381143
8935591 8938047
1797955 1803143
7707328 7710892
2147736 2150259
8784251 8786359
7951918 7954163
2212125 2215369
3305554 3309498
8611335 8613364
201580 203664
5913607 5916657
3272200 3273682
8483070 8488334
5640292 5645392
1841142 1843574
7640444 7644270
678586 681482
3152672 3156237
8915333 8919779
8918339 8920034
7494764 7497928
4886156 4889826
3880154 3881749
3259168 3263871
1113701 1115281
6776966 6778973
1866276 1869517
6854064 6856458
8837780 8841204
3490772 3493262
7638215 7641419
2575377 2578700
5373175 5376009
6724000 6728113
7409973 7412099
8831985 8837099
1201563 1205287
2633106 2634935
1490866 1492488
2136614 2140124
7578346 7580265
3431344 3433550
4117987 4121639
1901929 1903927
5931000 5933031
9078938 9081674
9157829 9160562
5549298 5553338
6146523 6150064
6158777 6160362
7424540 7427100
8453445 8457870
7103373 7106716
4324525 4326370
314077 317720
9082831 9088109
4357907 4362013
2134858 2138819
4560199 4564998
4053917 4058519
1900289 1903493
4294965 4300312
5046857 5051822
2693519 2696549
3325209 3327528
1093908 1096894
1266264 1270036
7860813 7864708
3295515 3296912
8163255 8167296
1392015 1395314
7423257 7426720
1542887 1545174
7915094 7918082
2812156 2816216
7018212 7021703
6881267 6885684
5885205 5888602
7258613 7260432
4083595 4085459
376210 379897
548796 551227
622356 624364
7334055 7335434
1969428 1971284
3976133 3981222
8206298 8210530
8459946 8461363
6074960 6076613
1837134 1838625
515747 520646
7714744 7717091
4316597 4319551
8623064 8626750
9447472 9449377
5462283 5464033
5060055 5065095
2578629 2582461
8722157 8726700
5730815 5735286
267206 271554
3426360 3428723
8044446 8047996
5892558 5895426
2759894 2762553
8356434 8359654
9450391 9454666
8084197 8086559
5748662 5752513
3657152 3658916
6337449 6339864
2606147 2608593
5960623 5964574
2449543 2451724
8823721 8827153
506910 510127
480607 482879
2812201 2815449
7341075 7343740
4299046 4302158
850166 852742
5019250 5021984
5024864 5029247
7619549 7624134
1780411 1783638
1919478 1923576
1621869 1624023
161619 166833
5374230 5376749
6858400 6860369
5682917 5685495
361229 365899
5145216 5146723
3264955 3267653
2140576 2145268
8459732 8462930
7137729 7140737
9049074 9053616
1273521 1276335
4936883 4938271
392601 397640
6558448 6561097
1951316 1955176
9302544 9304419
9118087 9121893
6383667 6387119
6551494 6556490
2874191 2877627
112237 115109
6614464 6615951
8100853 8105568
112339 115378
5716966 5718780
8284041 8287645
8851848 8854855
3080538 3085166
8972528 8974612
4858815 4861612
327625 329150
3820121 3824744
4414293 4415948
4406733 4410088
1673367 1674898
4146014 4149525
5860633 5864029
7237146 7240824
2393487 2396817
2756673 2759079
7077489 7079487
808878 813096
7344267 7346424
2086714 2091881
6567687 6569874
8192464 8194867
7809650 7812826
8560209 8563241
3839921 3843949
9286522 9288143
6752341 6755414
3459997 3461353
3368748 3371256
3042590 3046792
126875 131901
1788087 1793339
6393763 6395900
3057182 3061243
5187798 5191999
5024646 5026508
3574831 3578120
2756745 2759866
757152 761212
7616603 7621903
7231820 7236408
2407209 2410438
9687074 9692156
4141977 4144095
3693162 3698027
1685841 1688542
1295824 1300188
4769701 4774404
4392018 4395831
2682192 2685989
7763379 7768069
9325096 9327347
7932213 7934484
1424010 1429175
5031187 5032538
814419 816588
2662013 2664274
5979368 5981955
4275540 4278689
2810016 2813555
3853632 3854889
5634344 5638972
3184812 3187139
5971269 5975303
2331131 2335326
3821945 3825093
7415180 7418601
7445648 7450154
1539338 1541316
5514092 5518199
2227525 2232184
4901289 4904771
8404361 8407562
4739215 4744456
7590077 7593209
7077299 7079023
8164334 8166022
2750510 2755572
6740903 6743333
6946106 6948330
1140121 1142125
5145117 5147177
1596510 1599375
5516775 5521754
8740538 8745094
9768469 9772920
3452367 3455640
7147266 7150889
8306553 8310799
9173099 9175331
3576510 3579953
9283296 9286605
7769571 7774766
6079003 6082728
7045565 7047340
9171121 9173181
2733181 2736526
2547159 2550049
7655714 7658920
2849175 2854217
3903797 3905056
2146104 2150732
6742790 6747742
1963214 1966301
1632418 1636930
4102145 4104478
4930743 4934581
4498716 4502864
6292468 6297184
30571 34283
3455628 3460909
2158276 2163220
836541 838133
6023198 6026461
8199995 8201623
4275885 4279342
6253505 6255008
5095168 5100218
5511416 5513597
4740442 4743839
7354989 7359225
9676903 9678768
1137656 1140789
810644 812435
8513641 8516464
141945 147071
7032212 7034470
6798236 6801809
5458682 5463972
6435523 6439011
6159923 6161689
4321274 4325675
6790893 6795714
4832532 4835344
2679340 2682327
6648588 6653740
4376621 4378150
8517437 8520533
6263944 6268012
2485536 2489363
3766354 3771174
786617 791534
10041478 10043142
2719622 2725038
5976898 5981249
8699704 8701062
5263435 5264961
3094551 3097087
7524677 7530024
2459630 2462984
725758 728067
6392781 6395688
4940590 4945880
3125138 3129796
3024954 3029959
1066679 1068673
4954047 4957914
4016319 4021330
2791052 2795814
8157190 8161202
9683597 9688403
5151578 5155360
1571445 1573599
8131245 8133723
4498065 4499367
3786031 3790440
4841666 4844701
2588765 2590787
3667872 3669870
9344336 9346517
8742509 8746746
4347737 4349380
245901 250786
5006516 5011465
58806 60465
2296307 2299187
6695999 6697564
3868844 3871170
749114 751408
3293387 3295352
6728352 6732376
6441191 6444389
2654551 2657290
1296824 1302060
3576287 3580926
9265796 9268768
4162820 4166123
4835098 4837068
6591183 6595106
1380433 1383084
2930105 2932009
4062059 4065534
312511 315008
10219577 10222372
3015997 3019659
7025976 7030249
4668533 4670577
3561293 3563470
7742013 7744565
8700149 8703661
944057 949241
5976842 5980699
9696840 9700292
1553269 1556404
3540500 3545255
51583 53367
5004824 5008807
4091429 4094551
732504 735229
3374388 3376227
3315612 3318940
634321 637414
5517854 5523023
1216013 1218533
9055549 9060096
6694511 6696252
4264594 4266647
6325435 6328048
9143466 9145991
4167042 4170840
1142217 1146638
8441118 8446036
1747759 1751168
1460522 1465342
1347569 1351621
9570619 9572919
180809 183572
4142131 4144421
4669412 4673373
6351043 6353522
5135889 5139403
6478154 6481001
4961076 4962618
6517309 6521659
7494966 7499447
85953 89633
1980609 1983727
6972159 6975314
3940595 3941902
5882404 5885027
329570 334028
6449581 6451272
6831238 6835184
3725187 3729350
2606970 2608709
3886931 3890432
801735 804377
8886005 8888258
7722286 7723660
8854433 8855866
6517403 6520354
1537484 1539442
6493694 6496778
3430278 3433943
4864264 4866558
3340347 3345457
10063312 10065700
2382976 2385772
3669425 3671079
3538020 3541754
4799225 4801645
7015265 7017431
6265352 6266883
699891 702806
760022 762705
