879
15 933
954 3269
2127 3908
675 3463
4238 5264
1065 3023
7369 9575
7070 9226
4644 6830
4372 5133
5461 7877
7959 8907
16378 19181
17987 19046
14964 16079
25788 27530
16728 18782
7689 9264
21503 23230
3922 4936
15676 17160
35100 36008
25791 27758
11278 13352
12333 13624
22425 24480
26338 28405
23161 24093
21846 23279
28124 30767
25026 27671
46278 47162
5988 8107
42828 44593
11965 14207
39489 41189
52324 53161
43147 44560
34839 37202
37649 39842
62189 63012
30319 31717
23201 25409
12229 13737
32670 33707
25650 28124
59175 61587
19936 21002
50646 52191
36750 37705
49160 50538
18190 19608
11988 14397
21339 22995
1765 4434
23531 25649
89944 91824
66567 68608
41981 44466
21104 23335
91905 93720
29058 31548
40196 41275
16927 19097
60035 62734
84081 85309
2559 4418
2286 4504
68466 70645
8434 10519
57607 58904
70799 72859
16222 16899
32262 33638
4197 6453
30127 31580
112778 114161
23096 24875
26862 27899
14148 15029
24763 25557
35946 37240
38021 39241
87846 88493
134645 135587
34142 35164
103130 104733
118550 119912
52359 53507
24781 27067
45761 46958
24705 27299
59571 61930
44776 46487
144701 147066
151666 153266
13059 13795
129925 131808
75875 76704
11365 13721
45981 48178
110917 111961
166180 168242
67192 68210
33916 35936
86745 88017
180 1754
19380 21671
154940 155824
56031 58708
16547 18782
66601 67954
32895 34725
1896 4242
61701 63565
11933 14318
16185 18168
6411 7862
145992 148035
134086 136789
28331 30042
83537 85667
160196 162532
199369 202089
98047 99889
213253 215310
68104 69186
169135 169935
144171 146297
52415 53802
211202 211928
220892 222631
212062 213153
124000 125249
190507 191490
52462 53798
106000 107033
133855 136187
14528 16965
70071 72054
171031 173146
62019 64449
126701 127800
87670 88706
215795 217355
152263 155026
47505 50030
197650 200183
18891 20417
43339 45160
94783 96091
199488 202016
127960 130394
215551 216972
82561 83646
45428 47646
201826 203433
266455 268761
139819 142200
137471 139771
184464 185190
119576 120417
115504 117533
239065 240211
67040 67854
130452 131911
246121 248322
4387 6471
108349 110415
28684 30371
117515 120113
173032 175070
174464 176435
43632 45225
62126 63929
74564 76094
232008 233211
189715 191852
117485 120097
76644 79045
140786 142026
15903 18316
270813 271801
269321 271007
61453 62266
296162 297882
8079 10175
33084 34373
226388 229225
115569 116964
189188 191802
183868 184706
323942 326528
15984 17291
37507 38970
336293 337926
6223 7751
80544 81337
129428 130378
22100 23438
278896 280604
111092 112407
96724 98811
328435 330656
108676 111405
39757 40679
330085 332048
105591 108077
11412 14063
249639 250708
339203 341703
189430 191640
8791 10069
108310 110928
147306 148400
56137 58287
54558 56125
96650 97534
360783 363194
3987 6183
380351 381442
272058 274642
205955 208154
343427 344957
40136 41372
158363 159628
51675 53516
1087 2174
205191 206677
293541 295382
35982 37879
97220 99576
393107 394580
100548 103095
251053 251719
93257 95564
269029 269983
50678 53177
237770 238970
27797 29470
377380 379053
84007 86516
286956 288369
133612 135885
107289 109341
109590 110722
276371 278004
402561 404151
257143 257800
13020 15590
94199 95209
315835 316828
287178 289668
183034 184351
359883 360727
125518 127535
402028 404559
410466 411922
204944 206588
282747 283594
145728 147905
234216 236347
124114 126596
193349 194528
336581 339159
48235 50075
220656 221433
457092 458416
197400 198305
377095 378287
88990 90528
48366 50099
377816 380128
426083 427785
294260 296469
422858 424191
187797 189116
6714 7379
350214 351353
292211 294304
306160 307308
25653 26433
202752 205100
411112 412341
206161 208263
171975 174650
380991 382610
30499 32979
436661 437673
218653 219717
117963 118734
225313 227941
114853 116340
198301 200295
143087 144710
265527 266496
32060 33081
447700 449639
321290 322946
90911 92749
458422 460496
123955 125304
168121 169356
503826 504802
365363 366445
317510 319567
60237 62350
255889 257715
95851 97466
138638 139330
487649 489784
345270 347276
145715 147418
509734 511582
331310 332420
1446 2956
175243 176167
259619 260976
55648 58142
524248 524992
454887 456622
50809 52488
294329 296574
529709 531098
105168 107309
390486 393013
297073 298055
29275 30488
492986 495409
482016 484453
427968 429649
571551 572592
384670 386736
444086 446496
568105 569828
85298 85992
496779 497989
21795 24213
49435 51613
319764 322422
372398 373830
563628 565346
494419 496943
45236 47432
532480 535185
139497 140427
122273 124948
36183 37718
217558 219721
82508 83405
280822 282773
156867 158668
209159 211408
558284 559867
215675 218354
547130 548874
47149 49565
338201 340011
320769 321755
599744 601764
599033 601039
348833 350817
143832 145839
71599 72424
359818 360813
611922 614200
50818 53369
68361 69113
352271 353555
23703 26035
477350 478900
538015 540696
95207 97582
562919 564995
45430 47910
403195 405524
473111 474594
406090 407508
469121 470697
109435 110933
90703 93292
587926 588763
215408 217793
394254 396356
243683 246113
377298 379284
221603 223496
178793 180005
245715 248104
604275 605551
158093 159422
491141 492775
488149 490183
232811 234582
32607 33987
652357 654954
288031 289984
49355 51059
204569 206659
81560 82731
132105 133751
612755 614465
436619 438973
171305 173938
495146 497811
30565 31622
457018 458619
579761 582116
541852 543653
448141 450459
305257 306691
390332 392142
584988 587782
148850 149867
65549 67059
454629 456456
517090 518360
245128 245843
63363 64330
704626 705746
725705 727042
520763 521625
282111 283414
652139 654305
403681 406281
48753 49474
188217 189968
737959 739019
507066 509374
654440 656100
171854 174076
738344 740942
352547 355115
133101 134697
604651 605649
634516 636217
199527 201684
90876 92848
208089 208894
131425 133785
366354 367913
482315 484128
289604 290762
692796 693950
95014 96680
548171 549939
289529 292194
335612 338185
201730 202933
749251 750268
770471 772006
417520 419098
487673 488444
568652 570427
663731 665622
459642 461438
340645 343207
768974 771357
533720 534971
156495 158941
229551 231947
83983 85772
576849 578029
142059 144063
102615 103709
583659 586238
732661 733896
102341 104818
170183 170994
725971 727541
108099 109382
130915 133708
764859 766660
610108 611904
182828 184394
15203 17117
163890 165598
31410 33522
99819 102378
351212 353237
634938 637183
705487 707378
259040 259780
489264 490540
345011 347422
542301 543982
752189 754646
673601 675388
365906 367047
23071 24369
836603 839312
694673 697466
662101 663349
269626 271558
297646 300026
399868 401232
28521 29401
126907 129222
817882 819192
49491 50993
445658 446953
171371 173867
325107 327482
420353 422501
525676 526545
290381 292492
298558 299311
747348 748125
642846 644484
718653 719465
716959 718185
336706 338983
46001 48101
739196 740901
76799 77907
200809 201787
442083 442799
120444 122314
398902 400407
874867 876468
188522 190897
105477 107935
411604 413200
532107 533908
171442 173749
405029 406248
514881 516657
521825 524138
3578 5252
241118 242127
485035 487023
800476 802108
120350 122351
335023 336241
926735 929296
613957 616454
269984 271066
811452 814135
734259 736970
387290 389924
451979 454114
796242 797125
933282 934267
530718 533437
937174 939276
348598 350810
809414 811935
509704 512072
395343 397481
458879 459548
384240 386038
475441 477720
449682 452197
935968 937485
115085 115940
401587 403056
693717 694803
532117 533865
866897 868644
178330 180404
748583 750941
363077 364119
334217 335924
231505 233241
352822 355313
247920 249151
401526 403158
430213 432736
472511 473279
533042 533700
425226 426634
755128 757070
391625 392309
354951 356517
420993 422133
952285 954048
363047 364936
607431 608759
276177 278216
926993 928840
259430 260904
426701 428203
356975 359217
197994 199291
719128 720512
802285 804470
965280 966411
949569 950711
449079 450712
944145 946775
712340 713250
91091 92614
530828 532783
1000270 1002396
812425 814770
342223 343772
872381 874187
29475 31929
98116 100300
51301 52458
687235 688919
693407 694153
834023 835702
550967 553247
762508 763937
788181 788969
693397 695977
769030 771093
149284 151725
747272 747968
973036 974077
342206 343236
503836 505460
861351 862012
273763 275246
475817 477509
796386 797856
696613 698744
514305 515556
583514 585370
988927 990863
1051750 1054064
663816 665600
693294 695891
335663 336696
468950 470932
538224 540539
589022 590609
354395 357101
1069492 1071476
698561 700136
815017 817394
855958 857101
22175 22958
989815 990936
45564 46601
430591 431480
528509 530963
575926 577368
325879 326961
1050924 1052340
898068 899038
232367 233657
196835 198435
154929 157290
95259 96996
700960 703085
973982 976070
145511 147573
890016 891118
80080 82551
248509 251081
263818 264664
148543 150392
126111 127071
236916 239138
777226 778304
810461 812001
986491 988639
20853 21704
680909 681604
191779 193432
874 3513
921281 922163
973811 975252
140534 141789
870953 873160
698984 701508
781575 782428
420897 422665
1101149 1101937
437246 439481
1054393 1055576
755342 756847
107639 108673
1090401 1092656
433195 434392
297265 298868
233904 235521
840907 843232
968298 969643
731023 732915
565781 566775
153387 154381
459597 461169
185105 187409
585821 588432
1189310 1191333
1043834 1045529
3799 4760
1163269 1165665
611543 613163
723181 724622
473780 476327
1198138 1200611
316922 318877
489892 492438
618912 620400
159860 162314
904642 905507
1068641 1070471
967739 969677
426010 426903
443230 445596
1197354 1199717
835658 836726
644292 645913
772218 773828
187347 188338
562241 563871
1222082 1223160
1126866 1127991
1206411 1207280
882191 884096
450831 453128
1185331 1187735
548851 551381
722065 723469
739053 740217
1182796 1185205
985740 988289
1067749 1069575
955602 957644
111237 113471
1183764 1185170
161573 164118
437898 439387
487900 490163
1242978 1245395
16432 18774
394971 397031
172210 174171
1172462 1173717
933517 936068
654249 656770
696969 698023
844915 847212
935225 936479
1202472 1204029
887693 889441
642446 643801
643491 644411
470293 472415
908457 910154
1039613 1041720
754379 756235
975917 976949
942322 944217
29910 30982
435601 438024
1063421 1065701
1266998 1268672
1180190 1182585
295843 296964
1068983 1070699
1035730 1038192
626721 629292
893675 894715
474001 476626
226809 229053
1088648 1090315
1009242 1010594
1045228 1047092
522502 523189
1261 3945
416669 418904
624104 625168
1014602 1016116
1026002 1028190
1224011 1226669
604242 606836
982252 984544
273516 274295
541466 542579
1278313 1280249
504248 506333
666375 668148
807919 809921
470115 471742
371726 372440
432485 435282
1222611 1225095
961732 963075
104513 106790
400933 401843
1089052 1090791
840950 842717
96679 97358
756970 758308
787507 789407
765188 766815
1066458 1068700
1374771 1375529
62542 63456
677570 680094
937266 938051
1371888 1373327
1268245 1269455
966350 967271
196704 199082
29383 32030
1325342 1327458
58692 59742
375346 376320
1339219 1340382
657869 660315
1160237 1161626
446314 448125
728913 730068
799013 801301
890531 892311
203404 205147
130498 131392
145022 147442
529169 531718
573330 575286
1124976 1127702
567687 568581
1067132 1067983
1208869 1211275
277105 279723
1126376 1127980
807757 810133
337903 340740
879195 880295
363550 365145
1298304 1300004
277544 279464
740318 742727
1095633 1097078
548398 549625
382693 384854
1303330 1305072
1134769 1136890
335846 337970
926111 928044
1289319 1290430
801269 802816
1031786 1033472
1222317 1224011
841443 844144
1073007 1074599
730371 731383
1214945 1215952
716163 718298
1309370 1310890
297736 299320
1387068 1389527
1021999 1023178
473307 475583
678189 679509
622725 624310
26343 28175
651526 653703
528525 530185
1466163 1468809
64569 66000
606048 607673
334937 336720
591533 593190
1475876 1477915
272466 274006
35415 36109
1314724 1315580
248372 249251
1497484 1499772
667019 668815
257631 258781
856886 857947
735502 737218
1476353 1477425
998856 1001011
173815 175412
891179 892598
925194 926057
528216 530300
1462838 1464399
330726 332228
302272 304832
