6861 2074 14
3005 4143
787 5293
982 4457
1476 4888
1612 2097
2277 3930
1885 4070
3354 4351
2930 5884
2066 2949
1020 5986
2281 6529
3253 3375
2126 5221
420 3808
442 1709
791 2739
918 5380
6609 6686
2446 3665
4456 5374
3608 4026
2971 4224
1623 6787
476 5458
1760 5675
4245 4305
188 5593
3504 3905
354 3545
685 4393
1409 5179
141 905
2829 6771
4334 5222
1809 1928
1368 6712
553 2226
4869 5121
1898 3136
1337 3244
2922 4871
3057 5538
4028 6381
3333 3884
356 3770
4377 6087
3988 6643
2350 4485
2396 4733
1971 3739
772 5224
2324 6754
1639 3361
15 2059
3307 5226
613 1147
67 850
893 1866
1462 5460
3963 4821
6094 6790
1284 3149
3995 4751
277 2875
2927 5219
3138 5812
2147 3676
1731 2157
850 3050
5809 6027
235 3511
1860 3466
3530 3906
1484 5251
1503 3028
305 3384
609 2377
627 4199
5988 6821
1705 5059
2975 5836
3441 5720
1545 2792
463 2359
1217 2200
770 1558
1543 4387
578 4532
5203 5298
713 2933
3281 4459
2904 6712
3358 3888
2417 4436
3962 4620
3335 5396
2786 6179
712 4116
5333 5627
2145 2171
1653 2666
2862 4916
3695 5856
2921 6563
931 2062
1024 4065
5007 6008
1677 3970
545 4486
2244 5218
657 3186
3094 6444
3025 4505
3788 5395
5045 5485
137 2267
506 2867
3072 3118
1207 3157
1328 5107
1747 3387
1878 1935
4378 5061
1976 6467
3077 5185
395 5771
2462 2992
3730 5426
548 5029
3041 6715
2552 2746
4793 6391
1132 2979
100 151
646 3036
1489 1821
156 5550
148 4096
1959 2073
5193 6846
1152 4779
441 2239
3629 5070
5249 6299
255 6076
28 5006
3958 6355
5285 6197
902 4452
405 3093
727 3085
2183 2400
2278 4835
2420 4089
2154 2671
2520 4362
5644 6369
1039 2027
946 5460
3527 3740
1068 5698
4211 5471
204 4479
1875 6104
1873 5378
79 720
4282 6615
1594 1977
1120 1321
4266 5133
3737 5008
4153 6197
1553 3702
1668 4349
3897 4915
3524 6376
3292 4968
956 1876
1027 5195
431 1340
3350 3424
2741 5716
1522 4977
696 1494
1060 4909
4793 6404
5904 6709
619 2852
2597 5124
2737 3902
1337 2598
4616 6614
234 2747
1368 6693
1175 2488
5788 6703
462 1876
2484 4762
185 3131
3326 3843
4131 5629
3481 6191
1566 6157
4995 6719
1323 4210
962 2355
983 6043
1698 3078
2689 3028
1344 5100
3485 4167
2068 3841
5151 6043
533 6587
16 3988
135 1758
383 3033
3000 4406
2843 5255
29 3583
822 2117
1670 2186
2599 4733
1771 4608
670 3870
3381 3432
6037 6723
4557 5189
839 1621
4483 5357
1170 2988
1775 4729
3578 4093
1970 2965
1550 3996
1344 3804
644 5690
57 951
171 5191
2207 4794
3723 6421
1476 5254
644 2772
2003 4256
1654 5973
5066 5552
1241 2636
69 2471
439 2268
5422 5972
1743 2927
4601 5853
995 1152
3176 5955
3015 3831
2084 4119
1167 6050
4917 6013
3285 4904
292 5059
3938 6828
1559 3309
1747 4381
1563 2236
3427 5521
3019 6481
3242 5910
639 6475
585 5817
1853 4377
11 6651
2212 6147
3552 4239
750 5269
3174 3525
4280 6810
96 4864
498 6040
2960 4670
272 1173
4219 6661
1101 3192
2873 2908
459 6821
1304 1661
21 1011
5355 6416
2 3608
1027 2794
1226 2060
801 4282
4641 5596
3899 5919
5799 6472
2952 5838
1450 2189
1861 2386
60 3311
512 5102
1502 5126
2434 5119
4853 5297
1946 4142
2208 6821
822 2420
2557 4801
1439 4872
466 760
2688 3242
2365 3649
985 2783
3226 4876
2401 6667
341 481
3841 5010
3375 6051
70 6729
2367 3079
217 2198
543 5509
1896 3488
3228 4691
2362 4740
511 2054
461 771
1881 2088
434 2162
557 2369
2791 3552
2455 3016
1999 5196
622 2020
1437 1773
1728 6819
1790 4692
1979 5677
3040 6438
50 841
1619 3170
2609 2910
1407 5830
4590 5765
725 3726
4536 4641
3136 5783
619 5150
1769 3378
470 6563
4425 4592
767 5500
872 2462
631 5806
729 4701
849 5317
1087 4632
3403 3587
1961 5240
893 4332
1386 3234
1106 5136
2113 3777
2311 4140
3571 5790
4542 5539
251 1799
2438 4588
239 5839
3749 4455
2411 6549
1441 5017
4429 5562
1541 3254
1537 6292
4104 6006
1672 4909
4271 6821
1460 2294
3549 5115
2106 5952
1601 1653
5831 6732
847 4877
1351 3423
1274 6332
5282 5922
1085 3471
1322 4811
1728 5271
2503 4001
6417 6733
6058 6117
930 2699
1264 2214
4657 5315
2631 4951
5231 5870
66 5825
768 5920
1958 6473
1511 5558
1709 3028
678 2057
3952 5243
866 1132
4167 6278
729 4322
2291 4770
3552 5358
3280 5726
3855 5112
96 3434
4079 4732
1387 1483
119 5926
990 6638
649 3355
4384 6520
2453 4093
5153 6852
3114 5085
3067 4549
3132 5640
1139 3104
1896 3098
543 4479
1216 4762
3852 6483
3830 4610
1428 6726
4661 4687
3349 4641
1400 5278
2013 6237
357 3878
1239 3694
3853 5333
990 3934
4152 6771
2356 3510
2935 6118
2575 4770
1003 6678
293 4659
1070 2130
3427 3824
481 5901
2827 3106
5453 6741
2487 6214
2163 3493
4470 5013
375 3635
135 1363
3008 3702
3165 6203
366 1546
234 942
1111 2339
3098 5378
3615 4296
1823 1973
2410 5304
321 4203
1319 4356
444 1520
995 2361
1290 5314
3658 6598
475 3463
3428 5736
4764 5783
2114 2933
2396 4953
2421 4096
3658 4545
3735 4882
5073 5356
3571 3857
321 3335
3486 4089
1390 6665
2477 5940
4694 5933
669 3159
603 1346
1180 6680
2985 5084
4454 6702
1761 6743
3232 3535
1970 5439
1086 2771
662 832
2716 3958
759 829
41 5738
998 3187
234 2195
1956 4849
1293 3786
5258 6501
53 3281
559 6800
2418 3971
2397 3009
2903 3572
2738 3351
2006 2551
668 3204
218 4333
2987 3316
2281 2893
3650 4160
1876 2686
1884 3490
2137 2725
2485 2772
3408 5101
3324 4983
942 4312
4077 6008
2896 4509
3197 6265
1475 5937
2844 5548
3942 5640
1868 5485
3454 5964
614 3620
6222 6672
1022 1726
1986 6799
4804 5026
1152 1163
4627 6082
4112 4741
3464 5094
1646 2299
3127 4262
2190 6416
3417 5442
1908 4929
662 4173
2916 6452
3069 6820
2909 6824
2561 4759
681 6713
3436 5810
1910 2319
3804 5843
5279 6346
3709 5049
768 6719
2453 3863
481 5577
1437 4289
1273 4795
18 4772
2724 5651
1968 6265
748 2032
1052 5029
4281 6316
4324 4963
2544 5587
3672 6257
96 544
1203 5129
2479 4308
228 2430
921 6196
3715 5570
1617 4964
1019 3739
1861 5881
1299 3442
3807 4532
1667 6272
3787 4846
3353 6851
2934 3632
6448 6741
4705 4954
5096 5344
1863 5740
563 1276
2291 3317
3239 5794
4566 4854
4473 5994
550 5353
431 2000
1573 4074
5056 5170
445 1545
156 5134
1936 3356
1140 3029
1252 5968
2258 5049
1424 4644
918 4368
1510 1733
4307 5323
1765 2708
2933 4032
2422 4503
693 1991
1670 3704
1426 2605
2561 4766
895 3525
2912 3569
1293 5020
1339 2603
701 1295
1211 3343
394 3287
537 1402
714 4160
4755 6053
1629 4192
1630 2803
3387 4821
403 5090
1064 3646
3495 4532
4305 4671
1445 6562
3122 4005
3600 6332
1358 4976
3931 6428
1521 6557
1641 4532
3441 4072
19 2723
479 2764
3051 4458
2582 5308
2959 3584
1081 1248
3053 4490
2175 3516
1706 4703
1400 3978
111 1910
1671 3644
5932 6717
4114 4736
3503 4936
3399 3852
771 4412
3626 3791
1940 2204
3068 3422
2629 5096
284 3255
4741 4792
1446 5663
408 5704
2427 6418
4286 5591
34 6633
956 2197
4509 6194
216 3579
1539 5876
3787 5151
5804 6190
3685 4038
1178 2055
3307 4422
2367 4127
490 6003
1996 4521
494 2141
6 1545
4378 5641
1509 1967
1688 4881
2844 6180
1064 3949
3417 3918
274 5564
646 2908
4052 4951
3719 5000
619 1042
4215 5746
406 651
1091 2873
4063 4429
1366 4858
1248 4653
1532 3165
1668 3540
14 5950
731 2320
2195 6297
864 2309
1569 2850
1366 3721
3119 6561
3858 3918
2996 5004
519 2401
3305 3668
597 2320
848 1945
1284 4505
5244 6260
1908 5579
25 6509
3318 4804
2472 6721
4758 6040
76 3860
2917 4089
1941 2280
1034 2324
2636 6367
668 845
658 2443
2610 3907
1490 4612
3383 5657
1494 2895
485 3318
1137 6115
131 3886
2877 5485
22 2908
4871 5524
497 5734
1451 4045
2793 3561
2462 2722
3922 5373
1124 5298
2975 3642
156 6263
775 3789
4596 4811
3243 3634
4274 6296
2185 3062
1118 2878
1079 1757
4765 5818
2820 4624
1428 3013
4490 6046
1376 4074
3170 5354
3330 3928
2185 5352
3695 3936
1820 6387
1436 5307
2519 2742
1073 6299
402 6366
347 1224
2893 2934
1128 3781
164 1645
1980 2807
5768 6474
5671 5969
286 1955
432 4506
580 5651
337 1720
1067 5252
806 2293
1829 1963
1068 3347
562 1639
3165 6369
2272 5150
2617 3140
242 4930
2135 4963
2420 4056
1800 3110
2169 6069
1308 3428
863 2063
5859 6464
3970 5143
4482 5920
1206 6303
4251 4816
658 791
6097 6371
223 5473
2591 6850
275 2788
3592 5881
468 985
79 3506
365 725
3298 5448
316 6130
1120 4948
1623 4081
715 3102
3345 3873
1176 6017
6145 6225
3032 5546
4203 4663
2394 5880
376 3781
1839 6540
3534 5951
1497 3811
521 4617
1478 6730
1013 4337
3794 6426
1678 4317
779 4117
191 1421
1227 2375
902 4029
473 4607
677 5623
56 1993
2696 3990
189 4490
1548 6412
3575 4760
3674 6236
1079 1581
2043 2326
1647 5720
3723 4293
541 4749
1097 4460
3465 4045
1534 4191
716 2230
4300 4681
3339 4629
4968 6474
1750 2718
254 4842
920 4471
5124 6156
3772 5990
1193 6531
1251 3833
3079 4559
1462 4199
1413 3127
1608 2762
2104 5253
964 1258
3396 3398
4494 6582
3026 4921
5354 6020
419 4283
2856 3038
604 6259
497 6128
3009 3927
875 1570
2178 5728
1147 2352
168 2303
1005 6693
3744 4920
362 956
4181 4690
1320 6363
1486 2060
1879 3394
290 674
4672 6809
860 2841
4582 5304
4741 5790
1569 5970
1355 5388
1750 5802
4559 5876
4010 5490
3753 5049
2984 5387
3330 6074
5166 6343
109 3430
243 2252
193 3339
1829 4241
5063 6219
4052 6016
871 1988
4181 5017
587 974
1377 4514
2434 2976
3562 6522
3929 4735
399 2038
516 6051
138 3979
468 768
5394 6195
1745 4538
1268 2727
2542 4100
1070 4922
5074 5395
4452 4712
4600 5955
940 2232
2267 2769
4357 6727
1022 4536
1313 3040
3022 3403
854 6461
1723 4517
2931 6015
3113 4794
3211 3986
460 6190
1505 4698
2409 4348
4182 5500
642 5820
4596 5390
360 2418
1219 6668
375 2767
624 2174
613 3270
1035 1326
1383 3309
1257 3085
2383 2664
2589 4996
6062 6339
2212 3217
1040 1660
298 5025
524 5930
2066 5068
218 5098
755 1886
1887 4926
1616 2964
99 1523
5191 6386
4417 4539
592 3788
1843 5717
1239 3300
898 3002
3468 4648
1161 5355
2670 3040
18 6595
4659 4853
912 1109
4227 4532
1886 3599
1285 6721
778 4932
521 4740
1879 2276
1674 3952
1546 4906
1459 6533
5629 6822
3518 5165
1971 2534
475 2379
239 1446
2184 6073
365 1973
1816 5680
1513 5806
1539 5134
3126 4745
2904 6312
2954 6252
4074 4976
2843 4642
1566 3264
2153 4947
956 2739
1567 4542
1645 2887
4387 6711
4332 4513
1727 5076
1130 3252
3314 6006
2446 6784
4102 4437
3161 3278
2234 4436
849 3201
2107 6111
2412 3801
5171 6102
794 1726
6139 6442
725 1721
2015 2193
1042 4138
5335 5491
1123 5146
3862 4830
822 5892
100 1391
3862 4127
3664 4630
1712 4833
2559 3967
158 6248
1601 2751
708 2243
3210 5473
3068 4893
401 5057
682 6357
382 3607
3717 5552
3735 5254
6778 6834
1689 6460
1376 2038
1166 1314
1339 3571
911 6437
2001 5858
2092 3572
1125 3810
1877 4953
1610 4001
6072 6801
1317 6699
929 5657
1336 4154
3763 4169
945 2913
1280 4729
723 4279
4123 4940
5676 6831
3575 3852
485 5579
398 4648
0 2171
2552 4184
1804 6184
107 205
566 1042
3123 6303
533 847
3995 4772
1596 4579
1539 1744
604 6001
1644 2306
1647 2032
2129 4761
2420 3108
4740 5303
3046 4972
2112 3958
3792 3923
31 4378
476 4283
4026 5637
232 1517
1385 2196
40 4082
1377 4764
3584 4429
2910 4583
1255 5482
1063 2645
1612 3605
74 6319
4285 5544
57 2646
2661 5302
2936 4172
5891 6300
720 5474
260 3366
4648 5209
262 3733
697 1209
2224 6695
6146 6653
1997 3656
2312 5324
5684 6719
696 1461
1537 5394
813 4651
814 6382
414 1620
563 3421
5394 5730
2049 4138
1581 5606
4499 5951
2836 5068
122 1823
5160 6591
1707 5422
3101 5660
2143 3842
2560 4578
1891 6599
2054 6074
1136 4065
2329 3621
1667 1867
264 6802
68 760
2431 3454
4360 4531
1425 5942
2548 4508
506 5041
3561 6528
2254 2802
679 4433
3328 5997
891 6595
2078 4954
2925 3355
5322 6136
3439 5505
3898 4994
2861 5675
853 6503
5711 6353
2504 2625
1970 3231
3095 6324
4294 4449
2225 5483
3141 3566
1589 4439
1234 3143
3477 3636
2373 3753
2588 3446
1752 1920
2563 6279
2994 4504
531 1312
789 5096
3617 5684
5502 6752
4702 5118
2301 5550
942 4328
2869 3904
2018 5030
874 6221
6133 6663
911 4033
2958 4915
3172 4459
3723 5570
1696 2979
2434 3268
5303 5888
1735 3630
592 5188
527 4350
2099 6076
3511 5106
2521 6269
641 1167
3599 6152
6297 6442
373 6143
2099 4410
3093 5490
2554 4232
1606 5316
1008 2534
5270 6782
3105 4167
5146 6129
4131 4870
3406 5437
1167 6365
525 4139
1816 3312
3452 4331
2268 5002
861 4552
1118 2734
3194 3891
1707 3221
1164 5292
830 1470
2660 6579
2008 3510
759 6065
3503 4324
3303 4756
5816 6053
1575 5924
3899 6835
4164 6087
1069 5789
1517 2880
270 1041
3831 5091
4618 5267
648 3854
1724 5137
1821 6809
165 6006
1425 4003
454 1281
162 2229
1793 3984
1786 3319
3441 6860
3232 6805
1719 4479
570 4020
3331 5559
2413 2820
1697 4212
665 696
3706 4171
945 2881
723 5555
2334 4646
772 3544
812 5719
2627 6109
468 700
929 4715
843 6648
456 5882
1255 6477
1635 4754
322 6494
5656 6210
1329 6560
1399 6278
2396 5687
1881 4394
3227 4975
2190 6593
3751 6124
3676 3984
1139 4169
153 3237
3961 4233
3515 6549
877 1574
3558 4557
4903 5749
2087 4287
9 2773
361 4641
3091 6276
2814 3986
127 4765
421 3625
2070 5689
4871 6200
3614 5102
3575 6080
1738 2879
579 3100
2195 3241
481 3725
1684 4960
2904 5088
4283 4483
4597 5669
1619 5286
4481 5746
1669 3978
3412 6330
2604 5003
608 6504
6334 6797
1728 6195
2876 4478
606 2775
508 2250
3555 4393
831 2105
2816 5221
2379 4928
1289 4644
3222 3464
2696 5078
404 3302
487 4050
917 4351
2423 4649
3458 5976
4194 5132
2351 2429
1758 4880
198 3737
4830 5166
708 6749
2732 4518
1261 1340
1686 1960
3006 3909
916 5203
1128 5516
1374 5668
2549 3771
4288 4429
746 2919
1677 6836
1670 3260
3561 6732
926 6811
246 4745
3236 4222
1602 3435
726 983
3772 5442
604 2733
1063 3505
2006 3134
2200 4891
3456 4384
2441 4614
3293 5225
4037 4694
787 1944
1652 4526
4459 6731
2345 4591
2348 4423
386 4517
1393 4051
5942 6734
887 4433
1299 4404
2275 6437
4160 5101
6350 6496
1482 6461
4197 4943
1206 3111
5497 6560
679 4695
3083 5884
394 5271
4065 5070
2370 6650
316 5095
165 4108
4145 4978
5246 6348
5567 6774
570 5583
161 438
2855 4761
3709 4383
759 5853
1248 1907
1078 2117
479 1917
3144 3329
784 2857
416 2660
1197 2456
2783 6794
650 1037
44 102
2550 4460
5248 6722
37 4288
5143 5765
4793 6003
671 6721
5386 6325
3898 5798
1212 3675
3879 4940
1132 6304
2247 3483
537 3111
1156 6001
624 1994
4764 5734
1083 5359
4740 6687
2667 3383
1945 4941
3274 6291
2717 2786
1758 2119
4598 6174
116 2906
2465 6115
224 3754
4440 6317
391 4489
3075 5483
1923 5022
1773 6287
1350 1497
4969 6591
2669 4791
679 4007
5089 5251
1607 2280
2070 6098
2049 5722
202 4381
2435 2470
3732 4127
5278 6859
1912 4821
769 4992
149 5660
1684 5611
2303 5082
1273 3899
4689 6165
3821 4501
299 2577
2759 4466
677 2759
2056 2554
1937 5375
1337 3497
785 6052
1411 5001
2469 3661
2961 6325
5058 5670
287 5068
2932 5243
1238 3900
3049 5450
2989 4588
2981 3543
3877 4341
1796 5443
563 1057
6547 6808
4321 5960
2769 5564
366 6755
1636 2050
2549 4472
2819 4388
5300 5773
1486 2396
4768 6045
2604 4393
1229 5752
2937 4007
6144 6630
316 6202
363 505
368 2273
5261 6743
635 2237
661 4514
67 4343
5854 6396
3785 4207
4201 4905
2311 6733
1121 3947
3070 3633
91 2777
1355 4313
2318 6466
583 1966
3953 4571
4461 6136
475 4274
4234 4803
4209 6520
5006 5139
5843 6709
2853 5364
915 6349
2945 5352
642 3104
4736 5387
3682 4175
353 704
3209 5502
229 2320
135 307
2904 4004
1763 6181
1181 3678
1826 4985
4035 4872
3877 4839
1126 4754
2486 4207
4613 5934
3979 4478
3126 3530
1183 2355
5109 6735
581 1089
203 6569
4137 4249
1163 2696
1046 2084
3082 3280
1172 4456
1418 3063
5158 5799
295 2374
2321 4174
1315 4954
2794 6854
1016 4341
2138 5406
1754 4632
2 5963
2272 2341
1535 3405
3929 4274
1257 6631
509 6018
2361 6583
140 1230
6366 6530
1764 4446
2061 4733
300 5295
4717 5443
2232 6095
1511 5794
701 3230
103 4977
3700 4506
6515 6648
704 3060
4779 4818
2788 4559
135 6403
2057 3351
2088 3301
1165 4529
3160 6295
1612 5477
14 116
3015 5326
1839 2336
2830 4002
1467 1817
286 4103
3258 5142
2177 3204
1452 6571
4142 5035
23 5991
2655 6664
5446 6823
1014 6710
2178 6796
2474 3667
3233 4050
2264 3389
4075 5567
3246 3338
1268 2357
1066 1666
34 5796
4309 4442
951 1467
4764 5154
3343 6508
404 3790
359 6214
1691 2569
894 2223
1497 6368
822 4656
2509 3228
1189 3803
342 2639
24 6251
715 4307
4386 5796
1717 3146
1763 1948
4444 5172
305 4453
2120 3984
516 3734
552 1042
3413 4775
5090 5328
2784 5621
3941 4599
1714 2766
2455 3086
571 6540
4147 5731
2329 3590
1529 3546
4499 5635
3394 4000
1447 6720
693 1351
4544 4717
3936 4237
1748 5466
5077 5953
2119 4293
4789 5327
3123 6542
2411 6016
1333 2416
852 5026
1784 4074
450 4227
2104 4295
4427 4715
1224 3003
1673 2316
4803 5822
2063 5084
1920 2083
897 6652
2681 6414
6565 6609
943 2318
3891 6307
3032 5517
1023 6280
1462 3341
3291 5393
1169 4519
361 2666
1779 4494
3224 3799
2008 4663
2091 6099
1351 2042
1613 3680
4023 5541
3295 4842
227 6163
1608 4639
4486 5223
1862 5170
1679 3758
3918 5081
4891 5845
3661 6225
2782 5300
1265 4038
1184 1718
912 4706
128 2718
363 6050
4345 5187
1338 2216
4239 5616
1443 6390
5997 6424
802 3799
1221 6357
3862 5756
157 6816
294 5098
1742 1891
2381 6480
1079 4659
2386 2620
176 2103
2075 4734
2450 4675
63 3197
939 6083
1308 3405
2367 5277
5663 5966
2974 5304
2391 2817
3226 3535
3291 6071
4724 5327
22 5491
416 2449
1824 5398
1160 2298
3156 6701
2226 6133
186 3123
127 6593
800 1716
1049 2288
3574 4011
1869 4462
1145 5171
1802 4891
1763 2257
5373 6521
141 3300
2167 2837
3442 3443
3000 3813
167 4121
2841 5960
2324 4193
1094 5525
1537 4410
2797 5688
737 3039
1007 4337
2365 2688
1269 3116
3670 6740
5922 6335
3433 5051
2052 4340
610 1695
2237 4705
315 538
570 5188
5073 6627
4786 5125
2428 3465
5383 6306
113 2905
710 3913
3749 5654
67 1378
2809 3140
358 1182
54 5633
2123 2422
2459 3665
2494 6083
2024 4998
6385 6435
2029 4077
4164 4471
739 3760
4945 6032
278 5388
1121 6345
4759 6411
1526 2053
4464 5370
3832 6135
4899 6325
342 5234
4198 5284
1968 4037
4503 5900
1252 2903
1326 5251
5005 6819
4617 5234
527 5588
1755 1820
743 5268
1017 1042
4632 6742
2055 3979
2209 2589
27 3767
3380 6383
1049 6155
393 6330
828 4430
4890 6489
1415 6321
248 5632
3838 3977
3056 3950
2310 4416
1767 2303
3597 5806
4515 6666
780 1295
920 5921
921 2954
4190 4287
1592 6858
355 569
733 2525
1934 4874
5210 5646
2770 5157
511 4943
2092 3440
1210 3208
2449 4745
2503 6125
1464 6422
3422 5641
2698 6252
368 3210
3491 6596
2875 4866
2336 4930
2581 4172
0 4243
6609 6718
2283 4851
4769 5676
3101 4401
4851 6793
1729 6508
3960 6828
3696 4420
1840 4930
3757 5035
3021 6329
729 4922
1969 4384
994 5529
663 5145
5188 5635
913 6088
3699 5966
4087 6408
439 5587
189 1232
643 1151
2140 4829
2717 6159
3274 5080
1059 2464
33 62
2163 5679
1581 5312
2455 6193
700 1054
2841 6675
1104 1576
3501 5491
105 3758
5112 6100
322 1124
81 5524
5083 5195
1012 1746
1037 4426
2418 3342
2441 3166
1252 5446
2276 2730
1809 2229
2954 4223
3917 4061
93 3289
4949 6020
2350 4577
3342 5660
4445 5887
4224 4408
1476 2441
4250 5868
1408 5749
1422 5602
1365 3118
3052 3129
2912 4690
2758 5728
4521 5679
1292 1302
409 3215
440 746
343 5109
2513 5970
2514 2676
2645 6613
197 1201
215 1728
2148 5706
5760 6293
3043 4118
1117 6378
2405 3824
2220 4535
1130 4465
2664 6441
1024 5093
859 4913
1560 6373
356 3329
3951 5567
342 1942
2300 3185
3942 6519
1398 4256
5645 6413
1739 3198
4458 6048
2859 6165
2320 6686
393 2901
1864 1964
1812 6333
1866 4354
1911 4775
5095 5152
3453 3526
2653 3715
3573 4511
239 3865
1471 4664
1047 1307
1748 3944
1786 2135
646 1258
120 4186
271 2101
2443 6615
3096 6761
2823 5769
1447 6202
728 2940
836 2417
1708 2110
1956 2834
1763 3918
761 1008
735 5166
1237 4498
1827 3804
2341 4901
5293 5608
1025 3027
1503 2373
1943 2498
1396 3321
925 6514
3267 6658
527 2572
796 6150
385 6682
1833 3599
992 3692
1863 5905
4911 5480
3258 3854
4729 5916
1656 6785
2670 3716
510 5970
3215 5319
5118 5167
1233 2053
4806 5551
3460 5358
6187 6820
2057 5072
2828 5520
3195 4671
2985 6327
2370 2639
798 6098
3742 4531
706 3508
2840 3664
1572 2470
2662 3956
3598 5646
1808 2701
2335 3929
2398 6489
2575 3987
2010 6549
2347 3553
474 5153
3520 4782
4779 5085
1795 4290
1144 4147
4923 5405
1431 3793
971 2832
3096 4350
3150 3173
3028 6537
3869 6035
3857 6049
60 2831
3720 4149
1482 5895
626 666
941 3305
2920 6365
2307 3672
3109 6626
1343 4265
2283 5479
1876 5293
3743 4458
752 6531
572 2522
795 6325
1649 6795
4435 5467
3035 6837
257 5223
5776 6030
710 5369
1408 2782
4782 5659
727 4440
2186 4275
2218 3299
5275 5864
641 6749
4920 6302
3896 4543
1475 5314
3242 3762
1692 2783
514 4935
1063 5878
731 5148
1335 6340
1811 4235
1502 2990
1625 2299
581 6080
205 4728
4067 5170
1562 6472
1423 3119
112 2955
1714 2665
1852 6855
989 1615
2244 6791
586 6636
2970 5580
2048 6500
2595 5289
971 4439
1524 5244
3532 6593
1703 3794
6609 6802
1754 2794
3149 5830
1537 4689
193 3764
1400 1449
1756 4300
1514 2116
352 3998
2540 4009
6042 2637
805 173
5769 197
6307 223
6249 3309
2166 988
4484 3556
1570 657
4931 3155
2023 153
2493 2118
3968 931
6239 1787
4843 3790
