7642 695 19
5012 5069
4166 5279
1725 6113
6041 6063
7 4036
152 4217
424 2820
868 1532
3090 7447
689 3774
770 7135
442 2270
4084 4575
1389 7436
258 5687
173 2477
2119 4477
4359 5616
4547 4840
2098 2872
1393 2819
4049 4825
2218 5799
899 3938
3054 6353
1614 1630
436 953
202 6543
2675 3539
6170 7243
31 5230
817 3028
5139 7634
5588 7208
4545 5927
2754 4096
6420 6716
751 2260
411 2231
3582 4428
369 3115
1661 2619
104 543
4796 6452
3558 4381
1044 7170
1880 2245
368 7628
209 2126
345 1850
312 4616
424 6961
3495 6484
727 5442
2622 3834
3538 7566
1503 5222
2122 7545
3275 6890
6302 7582
123 1271
2161 7537
5845 7120
2746 6361
550 1604
2731 6225
125 3372
3813 6251
2469 4791
2658 2953
3063 6909
2898 5490
4364 5347
3929 6173
4317 6734
3541 3982
1230 4300
662 1546
5578 6640
4109 4319
870 2809
956 6815
908 4790
1955 5024
6045 6710
1913 2733
3487 4159
1573 5361
2376 5744
4399 6880
5715 6725
784 6777
2196 4914
4849 7452
672 2043
1930 2682
448 5217
450 4212
2788 6768
171 3891
2885 5778
361 4664
1018 1259
4117 4900
3416 6844
2683 3661
583 3898
0 3869
5873 7415
822 3018
7134 7220
4683 7555
3131 5475
1714 3419
3179 5056
3710 6380
714 3449
683 7418
1445 6806
1674 2796
3478 5338
896 5784
2196 7443
4373 6674
4670 6522
627 1958
3917 6080
321 5915
2053 7247
1146 4461
2613 5032
3563 4757
1986 7039
393 4598
749 3898
446 3009
2981 3917
3107 3729
2419 2810
340 5789
4775 6684
520 4895
546 719
4574 6700
360 487
94 5260
1050 3506
4827 5146
2841 6909
2837 3256
2096 2957
2996 7299
4925 6755
655 4702
2388 2888
681 5481
81 345
3153 6814
2128 3789
140 3548
327 6249
6432 6654
3628 3697
211 4941
436 1790
2057 6152
634 1246
1567 5462
2638 3156
2019 7059
65 6959
2622 5488
1822 6837
5219 7104
2971 3322
3146 5242
113 3393
627 6963
1833 5692
1208 6316
4058 5155
506 2953
4632 6529
991 3835
206 4093
3917 7436
733 3288
592 5745
4763 5933
6105 6463
541 3533
3069 6532
4079 4533
2444 7423
6152 6566
5637 6199
816 7500
2054 3281
747 837
965 4690
1959 6756
1239 7136
6442 6995
176 6679
1072 5828
5212 6217
1040 7088
4619 6096
4557 5601
6751 7483
2417 2461
740 5098
452 5763
4095 5346
2025 4889
5847 7441
5662 5761
3931 7297
3655 4687
1272 3003
515 7549
3490 3547
1840 6503
617 5424
5893 6390
2586 5540
1021 5035
2690 4756
2240 3649
1317 4233
109 375
1838 4136
398 3947
81 3189
1050 7304
4578 6876
1576 5579
4613 6751
6103 6685
883 2735
3653 5286
706 1846
1046 4031
1046 4766
5035 5986
6497 7099
464 2757
2333 6123
1581 7013
2304 2323
1198 2030
4453 5712
283 5202
710 1353
2783 3372
618 7225
1506 6360
2837 5281
6888 7501
1749 7509
4270 7481
739 5371
1789 3357
405 5423
1695 4801
5411 5536
677 2310
6310 7200
366 6786
2635 4000
1294 2067
2074 4201
343 2922
972 1294
3563 5377
5695 5888
1089 5479
1785 5892
884 1421
930 5825
3118 3205
4904 4932
4444 7429
3218 3651
645 2186
2826 6753
1775 2852
2680 3077
3715 6005
3516 7619
103 3523
857 6370
1331 6411
304 5010
2588 4263
1479 4939
1890 7401
1110 5917
1732 4614
1538 2049
357 909
1223 3609
109 6481
887 4206
78 876
198 3530
43 1962
5450 5513
55 865
1194 2974
1796 2396
3854 6632
1579 2657
320 6494
1431 6948
1414 3160
707 4710
319 7387
353 679
5360 6014
2546 4534
1643 3744
520 1334
2387 6406
4642 6024
829 6073
2617 7348
1588 2955
1599 5260
3067 6668
5658 6504
3299 5998
3005 7145
5359 5985
703 1619
4047 4318
3775 7091
41 3848
202 6774
1152 5897
303 1840
2202 4664
3187 6758
4844 6103
6143 6698
81 7167
2120 3982
2236 3590
4643 5230
327 2608
4290 5839
2836 7166
4720 5185
73 7380
988 4563
5658 7049
5190 7013
3323 5848
2891 5080
952 3694
888 4477
751 5983
1241 5277
506 1011
4271 6424
1823 6813
5733 7166
5076 7264
5011 6283
2797 6747
5268 7362
929 5249
3001 5455
1392 1736
3945 5803
613 7628
952 1289
3710 6029
614 1453
2886 5886
6794 7076
4049 5348
186 3879
652 5983
2886 6745
4664 6321
507 847
353 931
4540 7135
609 6568
4537 6140
14 3512
3285 3295
90 3076
1166 7105
721 3902
2661 5610
1743 4754
4000 6528
2477 3150
4683 5373
146 3256
89 4414
3171 3876
587 6613
4071 5765
2808 6258
1673 6236
3926 6344
1058 5231
1070 5318
2948 3167
3330 6309
2414 6043
2173 5268
2852 3410
1143 3030
1456 4936
476 3790
195 2490
2510 5895
2765 4097
2348 7016
1158 4469
262 3323
131 5086
5201 5946
198 4575
1911 1939
2367 5750
2154 4513
2862 4539
6398 7413
935 2207
137 7364
2112 5198
2124 4312
2544 4159
5773 6551
1877 3772
296 6732
1174 1969
1017 5234
885 7160
1894 2799
3587 5217
1553 3935
1500 6935
884 3766
3434 6818
6156 6811
2797 5228
189 483
5941 6022
795 4361
2183 5564
671 721
1363 3585
396 836
136 1079
1488 3401
2186 3617
301 4830
2267 4004
323 1686
3308 4607
2660 3340
2725 5137
786 6845
3373 7238
276 627
1043 3762
3220 4207
3231 7598
3118 4249
342 1479
2811 3735
7098 7631
1752 5771
2841 5462
3650 5331
5786 7190
3267 6423
853 6402
3407 6160
2833 4863
3643 7462
4196 4689
2392 5978
2125 6420
675 7590
565 2471
6406 7111
628 4316
276 776
520 2366
4 2034
2120 5954
46 7374
2361 2839
910 7052
6040 7276
699 1455
2643 2834
3115 3575
3099 6323
1125 5640
2448 6068
956 6474
769 3584
359 5018
6480 7622
1861 4539
5223 6234
868 3131
4403 5613
5042 5402
3000 6843
3259 6547
1534 2110
963 4595
819 5047
232 7216
1381 2659
2486 6338
2185 5504
719 2970
3316 5465
1219 7410
611 7600
5668 6914
747 1672
1351 4303
788 5788
2471 7030
3326 5481
583 4904
1039 5169
5991 6365
2028 5724
3462 3752
2658 4435
348 6861
3292 3562
1746 7321
500 5448
854 6801
3655 7005
4296 5970
518 6341
1617 4010
4161 4345
1120 4490
5839 7102
1522 4069
498 5176
5166 7338
456 3688
1162 2612
5410 7154
244 3074
5628 7295
710 4111
205 210
5349 5619
6203 7552
2871 4811
2000 7451
5132 5953
4218 6457
5186 6140
611 2504
997 4776
4111 4601
99 6951
3386 6691
1445 6969
239 5146
1730 3365
220 6563
2475 3680
3087 5998
3711 6866
1026 2803
387 1221
618 3728
1514 6952
1287 3697
5680 6769
792 6548
195 1684
1229 7054
1232 4733
2661 6658
1855 7187
1458 4069
1117 5728
1018 1624
1911 2454
757 3396
5486 5583
4921 6659
2010 4136
24 1528
560 2416
4973 6328
2417 7400
2529 3308
1081 1281
418 5201
2838 5242
504 2078
814 1020
1033 1744
698 3194
331 4725
385 1539
6098 7494
2243 3158
3781 4034
10 7420
1944 5440
1393 5872
1229 3004
2642 3103
2423 5010
5178 6643
407 1918
657 3932
1588 1613
266 350
706 6549
1312 6994
5686 7283
740 3987
594 613
2317 4022
614 5451
80 2861
1664 5105
1248 6221
1476 2068
2065 6624
1295 2000
9 7500
451 5464
5373 6453
2011 5818
1854 7509
478 2736
762 6846
6678 6736
1632 4428
3541 5082
5275 7587
3148 3355
46 589
3139 4323
3610 4929
3092 4938
341 3239
1552 4481
2896 5605
6138 7160
1406 2059
7121 7365
61 1837
586 4043
4908 5384
1167 2728
808 4773
4901 5322
1309 5061
609 3204
1110 2290
60 5414
105 3870
3491 5666
1946 6229
1903 6001
985 6186
2011 4713
2073 6740
1092 4649
2762 7591
2742 7105
3427 3775
662 6285
697 997
3089 3266
2897 3718
1701 6553
2653 4830
120 3929
1588 4571
6119 5380
4151 4062
4621 269
7600 171
7472 2490
6698 1408
6785 6025
7543 6005
1857 682
3133 186
5294 5164
4697 4220
4110 3928
2453 706
7106 5484
3944 3582
7403 1754
2787 1351
6243 904
