6087 7 866
540 5826
446 2546
2464 5287
1891 3139
2999 3379
13 1807
3369 4752
5785 2788
2920 27
4568 4527
5784 2668
5192 264
4690 778
2308 1225
954 114
2785 365
2032 860
3424 2577
3042 2345
5639 1599
4216 2200
1139 129
889 786
4991 4723
682 17
3996 2582
2687 1324
1789 1104
6064 1033
4144 2691
5787 2808
5911 611
5299 3357
5697 4445
4104 1284
2159 1363
5756 2063
5954 930
2462 1618
3538 1045
3459 1671
4417 1110
5971 5620
5204 158
1696 1029
4580 3099
433 33
1272 252
4506 489
4608 4136
4670 154
4356 2904
2001 1359
1872 171
6050 1690
4862 391
1713 1038
5183 4667
5495 296
3619 382
3791 2318
3277 455
2339 1416
4860 2580
3241 1791
5991 5125
5673 5112
5714 806
3916 448
5865 5792
5117 476
4891 960
5010 4908
4847 3749
5224 708
4871 50
2240 1402
3702 154
3245 371
4058 383
456 413
4887 2965
246 154
1308 459
5363 902
3167 1428
1689 1596
3252 2472
4531 3801
3725 3166
5024 3470
3480 1804
5142 3711
2118 622
3126 608
4460 1602
5114 567
3915 74
4220 3188
4853 3929
5196 3442
2415 603
5668 3990
1346 1250
1243 418
2546 1970
2784 212
3157 918
5353 4427
5854 4457
3003 37
1830 1372
3938 666
4898 343
5217 1343
5203 3190
2572 2357
5241 3650
5781 3132
4379 3177
3799 2418
6072 2080
2254 1988
5332 3070
2828 620
2150 2089
1151 796
1937 1261
5036 4477
5967 1120
5382 964
1777 356
4836 1148
4237 1789
3400 3007
3998 110
1963 794
1371 697
1720 511
3413 1881
5146 1876
5394 5095
5962 1956
5655 4090
1480 422
4281 4074
1630 86
4253 2303
4116 334
4536 3225
5022 3449
6055 2064
4557 3147
5316 1340
2541 919
5617 2443
5315 2485
4334 2513
507 379
5056 4644
3347 1677
2843 1794
3564 2885
772 521
4776 2759
3870 1151
5476 593
2874 333
5270 4166
3517 2783
2948 2606
4491 772
2670 1218
5352 1868
5599 178
5895 5643
1011 897
3653 1976
3906 949
4567 2199
1549 363
5638 4710
3821 1822
5407 1367
2344 1555
2253 992
5154 1040
2329 491
2563 727
4879 554
5011 4625
5498 2818
2184 1051
1632 740
4691 2384
1983 736
5080 4330
3312 3048
2288 2072
4240 644
4454 392
3219 782
4088 3293
4139 1196
5662 901
2010 1323
5418 5406
5089 1202
5086 659
5098 999
2101 1518
4150 1786
1236 1072
4699 4258
3380 732
5053 1583
4422 1580
2815 2028
5003 484
1210 788
4499 2536
208 45
2185 1626
2895 1920
5901 634
1990 418
5687 428
3935 36
5927 3875
5945 898
4665 1048
2122 1359
2673 1301
3722 1239
4274 1675
4380 1945
4570 2262
5338 5151
1760 205
2733 1547
2134 1776
717 264
4632 4176
4984 1664
5449 3022
2267 1553
5311 1230
2627 1241
6060 1407
5336 4909
620 240
4770 4082
3642 3440
4259 3689
6076 3448
2360 1326
1445 205
5591 15
1406 949
4238 1538
3796 263
2312 2284
4684 4394
2980 2200
5413 892
4322 4136
1563 1100
5936 5829
5742 1593
3526 339
5642 4482
6061 901
4748 2327
2003 1478
2105 2038
1618 194
2904 870
5782 176
6044 5872
3659 1012
5685 3090
5412 568
3665 3507
5044 2309
1679 883
5355 3341
6021 1956
2665 983
6000 2401
5912 3187
1952 1018
1063 508
5537 3324
2935 429
4007 241
2309 1180
4840 41
3837 869
3823 3007
773 200
3979 3245
5585 499
4120 3278
2573 1090
1987 884
3984 18
3962 2873
2410 2246
724 470
4619 1497
5597 3631
1958 359
5061 930
248 57
4307 974
749 477
6013 747
4015 1041
5292 138
4279 595
1834 1645
3709 1190
4863 3827
2594 309
3871 714
5356 3205
5047 3230
4204 787
5541 1842
3711 2537
4331 1175
1736 1467
5924 2909
2745 55
5348 2076
5058 3308
4517 1091
3775 71
3909 1217
6079 5073
4000 2534
5092 406
5397 155
4115 2999
5002 1120
5645 3913
3272 1140
5648 3952
4276 2624
5375 588
3571 2173
3080 3042
3060 830
5674 2388
5213 3447
5903 4510
2129 1012
3690 3347
5581 24
2366 1194
3573 673
2075 1833
5427 847
4646 3570
5176 3677
2907 1821
3254 3106
4396 248
5277 992
2068 1951
3429 1763
1454 946
3101 2170
4073 3444
3403 2601
1304 1276
5177 917
4160 616
5586 1509
6019 2585
5455 2548
5898 789
3982 1529
2681 1958
4406 1867
5042 4554
2921 1514
2657 2534
4581 3149
3904 2593
2390 1008
918 447
658 34
5575 5189
5989 3321
4960 3266
3730 89
2388 1513
3146 29
2034 52
4090 1627
5271 2419
3342 368
3697 2776
2963 434
6023 1771
3989 895
5593 3349
1643 1048
3123 260
5578 997
3762 2571
1150 574
5722 2409
4098 1564
4199 370
4962 599
5298 401
3793 1817
1522 326
3023 523
2844 904
5000 691
1136 610
5029 4935
1212 883
5797 4231
5291 4437
3001 372
4310 2793
3324 1894
5421 3222
5656 3022
4084 3682
5678 153
4904 178
6029 5861
4361 2121
5401 1189
4979 3991
2452 16
2589 2106
5603 972
4159 2358
4952 2919
5133 3526
5376 456
5957 3037
4819 4180
5173 522
4563 4380
5087 3200
5815 3113
5724 4976
5680 3125
3604 2949
5894 5645
5429 2682
1481 210
5534 2824
5379 4659
5272 4705
5974 4828
1932 580
2328 200
1307 216
5193 3561
6002 3331
5464 3679
4741 1035
5312 1902
5630 1001
1248 70
5518 2569
2994 721
2566 1635
3244 2050
2165 1499
3905 1457
2858 2342
3650 527
4605 4566
3519 53
5753 4497
790 607
5573 1534
5943 3458
3824 390
5981 1381
5134 1873
2601 1518
957 296
5918 4821
5168 102
5151 1163
2901 2332
4905 3753
4700 1187
1774 1722
3427 1363
2322 747
5172 455
3815 2030
4239 2611
5846 3068
5890 1824
477 77
2099 554
2974 2048
4318 2332
4129 885
4224 1924
4708 304
4493 3617
2783 85
6046 4237
5178 2223
5463 885
4735 650
5445 2315
1259 706
5223 2094
366 91
3385 505
5920 1068
5263 1110
3546 2159
5636 2801
4408 3192
989 455
666 338
6065 1651
3375 1110
2187 1360
4049 2288
4753 285
4702 4569
3363 501
4359 4033
1077 420
4246 877
4727 3198
3335 2940
3764 719
5740 4532
3183 1408
5420 2559
3109 1238
5905 4698
3850 2410
5768 2567
2066 635
2250 1891
1318 502
3283 2123
5633 145
4545 3870
3268 183
5841 4782
5493 2903
1491 341
5605 5458
5334 248
3734 3562
5546 4707
2117 333
5269 858
3555 2460
2847 1129
2148 332
3266 1091
5065 275
5195 4525
134 132
3196 2304
4303 1462
4693 331
2441 1464
2215 1224
5458 2103
3729 2755
5374 916
4916 2800
5855 5148
3639 1980
3733 2275
3817 3093
5510 1458
4170 2991
3876 2989
5872 1077
5613 3984
1488 184
3465 164
1718 501
5131 4281
475 328
4738 3869
1837 1273
3660 160
4171 1254
5738 741
6010 3004
5822 2039
3554 1693
2932 2587
3882 1926
3658 2014
2768 2258
4974 422
1636 1339
4915 730
4957 4854
3464 2712
1759 645
1856 990
4673 3714
3059 1882
1455 179
3557 1891
2408 542
2811 532
5027 628
1252 1226
3328 1249
4543 2693
5640 728
4528 40
27 14
4830 3134
6082 1111
2323 449
2751 105
2144 1078
2151 458
4791 3622
2781 2180
4906 4514
4443 2194
4622 4116
5041 2477
5103 1094
4086 3490
5814 2321
2991 489
6038 316
4520 2261
2008 1518
4518 2114
5810 3038
754 291
1918 688
3107 2885
3233 2236
3414 1071
4212 2071
4070 3413
2864 306
1370 89
2231 285
4554 3926
260 0
3478 1940
5861 2404
4829 1930
4713 4075
2940 16
5125 3551
5923 1834
4826 1919
1912 643
3886 2348
2982 1629
5515 4640
4288 2176
251 162
4846 3237
5631 2055
5528 467
5949 2922
2009 602
3934 2450
4813 1072
3217 676
4566 738
3024 1288
3073 1480
2162 846
2283 373
5126 1832
5812 1589
5488 983
4896 663
3499 852
5233 589
2998 2253
1493 1328
3027 1407
5544 2326
5708 3570
3684 1733
3267 1574
4183 1889
1880 1731
4793 381
2915 1881
5337 2414
4048 1747
4949 64
846 73
5692 1991
306 207
2712 954
3712 1441
5996 1640
5862 767
1746 379
5033 4673
3620 2009
4988 4383
1421 197
3203 2075
4495 4330
5502 28
4244 241
5525 5087
3372 158
4339 1251
2116 1514
4402 2980
5220 3782
2703 1174
5900 732
3165 3108
2633 1838
5422 3774
4354 2792
5497 902
2216 710
4824 4245
5712 1409
5778 1860
719 56
5933 1242
3318 1012
5305 2537
4835 36
5666 2827
4030 1951
3019 124
5239 2404
4208 2632
5726 92
4869 1596
4878 2438
3739 850
5320 3428
2894 2557
4604 4063
2503 1274
3637 3585
5801 1058
1436 918
4261 1415
5980 1267
4817 382
4555 525
1215 992
3997 617
5040 4286
5994 4092
1740 1683
3778 3432
5251 1468
3509 2799
5164 3583
4939 2832
4664 2422
3552 272
2412 1482
1722 817
2623 1379
4024 2320
5212 3484
3583 1538
5783 1318
1708 220
5587 3392
4965 4234
4112 2258
2902 1187
5913 5098
1050 158
442 353
3884 2620
5101 2118
1268 695
4850 1089
5904 1107
5423 4390
2618 1447
5590 5491
6001 2558
5062 704
5623 1386
3858 256
2398 2258
2758 931
5373 1679
5540 2613
4446 1699
5496 5389
3809 3153
4313 1595
5450 4642
5705 5353
2610 736
3132 888
5563 1387
4893 2552
5805 4244
907 736
3452 1674
3198 2166
4241 2902
476 284
1993 978
1960 1358
5565 832
2136 525
4147 4141
3005 1633
5614 2282
1936 1240
1330 389
1350 803
3498 2300
1234 1059
5931 1942
4737 460
2996 2144
5152 1926
5342 1251
5139 3783
5942 11
3256 2676
2007 325
870 45
2331 2208
2100 2005
3487 2460
2946 920
4471 3124
5484 3929
3634 1326
5144 4918
4579 3212
5660 4056
5489 2774
2484 1494
2603 1869
4820 1858
4637 486
4421 90
2861 676
3847 1593
4271 3360
4725 3651
3461 752
2249 1955
5932 1829
1658 1474
5402 4114
