1067 268 3
549 561
250 277
9 198
25 702
718 1039
680 924
996 1051
151 346
136 951
542 701
363 607
852 1009
387 1063
1013 1038
810 1046
12 361
431 701
633 1000
831 867
588 784
136 851
440 680
429 541
314 953
104 440
230 627
181 945
434 607
88 635
25 1035
29 166
312 552
532 914
60 1019
354 987
954 999
142 291
266 981
80 193
43 316
65 870
544 552
812 890
893 917
959 996
200 343
791 975
152 231
289 398
485 1061
95 795
65 515
718 872
16 495
246 878
517 1014
346 417
365 950
639 859
367 815
504 951
57 699
186 613
520 939
508 957
592 774
478 908
158 486
289 349
563 952
695 954
705 798
92 560
241 574
166 852
396 441
341 402
679 909
580 870
18 1042
179 273
228 862
258 990
146 590
859 965
7 813
556 948
218 336
594 957
154 794
717 790
134 1031
924 1019
278 297
118 441
198 928
56 376
432 474
808 1020
249 350
442 1058
589 1058
229 893
494 556
418 945
324 553
551 646
620 642
217 579
204 915
613 776
256 369
39 343
262 517
315 812
495 636
59 827
610 1051
789 917
29 832
726 793
149 462
245 673
200 1043
783 808
983 1010
508 897
208 392
400 724
61 700
505 1064
131 292
573 817
458 734
112 548
170 669
435 1036
480 523
201 837
206 312
157 532
348 953
4 76
292 658
407 642
563 871
704 931
182 738
256 950
297 980
479 1015
504 656
523 613
261 284
181 243
177 878
165 394
6 253
87 605
279 479
531 759
275 617
317 711
610 1034
848 893
376 529
409 1062
45 219
270 317
565 936
187 807
190 733
132 214
313 477
419 478
272 438
25 387
571 1005
567 727
71 252
15 141
312 352
131 636
202 883
246 286
284 874
304 415
185 531
231 772
189 308
38 765
210 1058
68 578
140 539
196 1047
290 1058
308 616
812 1037
16 621
266 590
738 784
216 499
103 210
10 349
60 413
505 659
820 1065
38 671
670 817
202 1064
375 840
108 519
352 1023
332 930
527 899
204 205
825 861
300 1013
733 836
424 506
392 558
720 744
81 833
37 387
149 611
387 626
98 401
78 508
276 544
463 666
469 723
602 956
809 942
148 352
140 824
23 365
56 180
866 970
478 1056
409 895
231 795
420 599
465 660
151 215
515 962
803 822
816 872
101 490
725 974
61 288
642 890
12 422
156 403
617 818
509 628
161 934
600 1057
805 912
312 1036
234 338
50 506
257 621
309 834
444 565
446 1057
265 451
610 827
300 1035
802 608
855 159
896 504
