2446 2 487
754 2353
201 1231
1649 1309
727 61
2123 1888
2177 1455
1387 1234
1654 33
2273 89
2436 1708
1245 1086
1515 310
1194 598
1985 359
2376 2237
1377 1108
1815 535
2409 408
1126 250
2139 930
2188 741
1794 1752
497 324
1781 1557
1290 515
1107 852
2171 587
2316 563
749 689
1958 113
2437 1479
1804 1503
2280 1215
2175 1243
1995 1361
1438 991
2230 2105
760 415
2353 1399
2141 1328
835 182
713 179
1087 481
2169 1558
2330 939
2107 1595
2006 1202
2235 791
435 200
1866 363
496 342
1565 873
2134 1392
1183 559
1202 253
1323 874
2378 875
2323 1789
973 32
1650 24
1927 211
1520 226
2231 195
1324 79
1990 594
1536 426
2156 1581
861 21
248 15
1947 143
463 253
1419 1400
1971 1349
592 254
361 169
1913 892
2220 2016
2395 1122
1098 214
2160 995
1949 1753
1722 1098
1366 1203
2312 515
1222 83
845 563
2381 202
1869 1259
2443 293
1394 857
1821 18
1634 583
1152 899
1477 278
1671 937
1009 460
1447 34
1806 1352
266 222
1506 308
2242 166
2418 373
1720 1465
858 422
2143 563
1653 1414
368 197
1010 840
1930 1810
1354 1005
2245 895
903 760
1746 766
758 348
1175 859
995 412
1952 669
1810 274
1151 596
1789 1577
656 545
1766 1037
2150 666
1316 1103
2319 2084
1878 425
2414 1381
1871 1408
1864 489
1420 1083
2339 8
1376 1156
1144 684
1350 146
2124 559
1593 1347
847 251
1064 500
2011 1516
2078 1168
1771 764
775 286
1855 888
1341 833
1643 207
2296 1247
109 37
1764 630
1488 45
774 114
316 257
1673 83
1539 540
2079 1241
2300 1518
1356 1006
364 301
2350 2340
1171 886
1095 829
1735 1544
1486 595
1911 824
1305 724
1953 1198
1190 431
675 279
1165 182
1103 477
2276 410
1793 731
1648 968
2018 1445
2131 1343
1569 937
2234 1108
1320 899
2084 1127
1125 202
2410 536
2371 559
1851 609
1189 375
1000 706
784 484
1146 346
616 458
2250 424
2164 892
1708 1222
1330 615
2193 1884
1269 897
1932 512
1624 870
2061 463
1769 856
1792 706
1853 1638
2162 1976
1863 739
1959 1292
2050 612
699 444
1157 615
682 504
1453 1043
849 195
1168 352
2089 1716
288 269
1813 1045
2341 540
978 546
1227 769
1337 757
1760 1186
2047 78
1626 1226
1731 1164
987 97
1122 16
2346 1337
1736 471
535 243
2305 1521
2403 445
1402 527
2311 772
2229 548
2063 1022
1906 1082
1434 870
1859 862
900 208
1699 561
2033 786
2138 1055
1965 193
631 260
1912 1752
430 413
671 481
2053 1882
2320 1947
1772 1316
1579 1147
1370 758
1148 530
1451 1023
312 177
1602 1458
1982 575
1854 1286
1765 676
1071 5
1261 461
2335 1784
1592 1587
120 80
1513 127
353 323
2267 1130
888 135
2025 1416
1715 1565
2328 1029
1291 638
2104 1032
874 789
2064 1757
1964 1358
1024 552
1216 41
1280 881
2347 2091
2415 2196
1400 1259
721 290
1941 88
1153 655
1294 536
2338 1690
1714 1403
1661 1498
2417 421
2144 236
722 579
1077 665
2354 266
2373 1516
825 737
1494 461
1920 465
2427 225
1249 230
308 109
212 119
1149 883
1258 625
1674 741
233 216
1218 466
2282 902
1553 72
1954 324
751 27
1997 1350
2074 1098
1332 379
2026 370
1250 476
511 184
1135 17
2151 899
868 636
1342 409
669 169
622 167
817 134
1980 1741
1882 1092
2290 1893
2277 981
734 629
1822 1616
2191 600
1690 163
2133 1716
2227 1821
843 241
589 247
2058 169
1903 705
707 668
1198 103
1238 441
1465 764
1260 819
1943 326
1907 1816
1411 1347
1203 686
1926 760
1686 851
1375 1283
1809 1413
2263 1666
1415 1056
1347 766
805 321
1818 812
2136 1031
1392 276
2086 760
2203 427
1247 962
658 159
1407 1383
2365 304
2283 1529
340 252
1783 500
1360 682
1659 1633
2325 112
285 251
2010 493
287 153
2445 2171
1800 300
649 473
1452 525
2225 314
2248 951
1893 475
2088 1171
1229 412
548 381
2021 1028
2057 716
718 176
561 481
2432 2339
1630 89
1961 267
1184 519
1266 1111
2132 1934
433 382
2196 177
2008 114
1006 674
2009 963
1017 421
2165 537
1166 997
2396 1383
2279 1466
1852 1188
944 35
2352 2207
1395 364
1631 1249
1101 18
1004 814
2106 1519
1791 252
1253 831
1049 306
2042 1758
1728 33
920 665
2024 702
2251 2139
2444 2230
960 389
842 814
1353 990
2166 1709
2226 377
466 57
2109 860
2127 683
2364 815
1345 701
1529 1096
1664 10
1777 1504
2405 600
1540 10
2172 1096
2142 1012
1573 78
2147 1057
2095 1129
1905 362
1220 365
1060 986
388 259
785 325
789 417
1817 81
2000 1377
2440 2052
1998 1340
2014 1566
1546 240
945 389
1917 842
1555 162
1473 1014
1433 1335
1580 14
1908 1207
2152 1435
639 154
1396 970
2003 1479
1563 1146
712 139
546 281
2402 1809
1743 996
1894 455
872 38
2240 2033
1698 303
538 535
2301 820
970 264
1887 1188
636 569
1776 1129
126 82
2344 1788
2120 1321
1037 294
938 770
1512 1183
1929 592
2266 1558
1709 945
643 342
2253 312
1861 190
2302 1009
2314 21
1472 521
