2753 895 732
894 1775
126 667
58 655
560 1294
832 1439
251 2725
693 2196
144 2696
155 1410
861 1223
51 1365
775 2576
1070 1535
669 1484
1063 2682
318 1280
1506 2582
1239 1904
605 1837
671 1533
1488 1693
346 566
531 2542
808 1794
1703 2564
798 1711
102 1082
1244 1451
515 842
152 1353
737 2116
488 2262
1169 2320
133 2159
225 248
131 1165
1242 2543
2231 2635
234 1465
622 1326
842 2258
435 2642
439 2700
1028 2495
1071 2315
2372 2510
2433 2441
0 78
368 2502
1142 1968
44 752
331 578
1073 1439
817 1157
66 2262
7 963
106 2556
459 2078
606 1906
574 2119
401 1332
429 2195
180 2429
1198 1324
1812 1843
329 1986
2567 2633
1472 2257
441 1680
537 697
1222 2566
1329 2630
165 2118
334 1011
2025 2070
1173 1771
650 1647
498 930
1266 2399
403 524
1915 1964
741 1755
560 1387
619 913
435 2152
909 1160
286 423
1822 2740
897 1967
769 1777
907 1270
2361 2536
228 239
113 253
275 2650
567 2185
464 543
730 1718
249 1843
1147 2640
2024 2631
75 911
298 889
609 1691
526 1732
1991 2323
751 1808
572 713
2128 2433
924 2053
1534 1963
679 2462
355 1714
948 2606
92 1125
1277 2537
556 1564
1521 2671
221 371
1091 2556
532 1843
61 703
499 576
766 2305
1773 2021
1457 2380
421 851
235 1800
939 2385
1000 1327
1033 2360
518 557
778 1197
120 1356
917 2674
1537 2089
223 2658
611 2282
423 2161
2128 2401
1135 1651
51 1665
794 2324
643 1252
413 2188
81 2148
121 2068
2178 2559
1036 1544
663 2680
2054 2294
2200 2545
579 1145
952 2118
1359 2032
1315 2282
854 1650
720 1077
349 1152
708 746
460 2481
1367 2705
1334 2421
703 804
168 1288
243 886
1034 1730
1335 2509
864 1465
922 1100
2211 2453
1881 2205
389 1003
189 1186
22 2596
160 997
1085 2096
1694 2104
1664 1810
312 1244
989 1689
1336 1989
744 2058
38 1111
109 789
214 1974
1312 2669
478 2246
1846 2328
1201 2418
385 1237
2075 2498
1180 1487
1471 2023
704 1222
34 1363
1425 2472
891 1917
1065 2361
1414 2422
136 2535
761 2593
1712 2343
438 1942
2159 2639
1027 1103
1492 2006
224 2454
1596 2670
253 932
942 1670
792 1209
566 1636
600 757
1416 2686
809 1320
554 1821
793 2132
1827 2180
1521 1756
83 1726
1732 2374
834 2165
1014 1519
1040 1787
363 2620
165 1454
77 1077
85 603
139 1512
536 2046
431 1833
2064 2507
561 2474
281 1772
128 1709
1360 2571
353 1585
881 2751
2077 2573
397 2632
249 2168
1650 1804
233 872
1358 2674
212 2149
464 514
2028 2702
532 2100
1811 2555
1111 1466
257 2195
284 1332
570 2533
1471 2399
125 869
1932 2460
1586 1677
852 2550
345 811
869 2671
935 1534
1338 1424
450 1928
1531 2525
158 2018
1190 1472
231 2174
1821 2174
1960 2292
984 1800
214 2197
533 691
2152 2192
396 429
414 2032
603 2340
113 2325
2082 2133
744 898
181 1843
892 2040
588 2593
2312 2571
1247 2669
1602 2237
180 2299
944 1787
1592 2475
1415 1435
317 1922
587 806
94 1032
457 2117
701 1343
585 1940
6 1485
961 1469
895 1146
427 2267
1024 2751
1091 1603
332 715
1093 1781
1987 2576
448 2641
1688 2499
519 1148
697 1314
63 1137
146 1966
730 1170
1390 2568
1290 2332
447 1695
1296 1616
635 738
709 1164
666 991
334 2522
733 912
936 2626
1475 1837
1092 2179
121 440
795 1586
982 2223
704 1411
1183 2388
1672 1907
918 1748
852 2056
85 1100
1256 2493
33 891
603 1251
1470 2207
287 768
632 2040
1059 2369
380 1058
578 2658
2019 2189
1150 2122
1814 2633
2375 2473
2020 2750
23 535
91 2464
137 2261
678 2344
1401 2510
996 2684
1233 2372
1399 2073
329 2285
696 1257
1645 2487
651 1774
1151 2607
1521 2703
399 1284
1677 2264
566 1666
836 1873
1689 2529
809 2550
933 1362
1164 1872
1770 2270
564 1492
430 2724
2471 2552
949 2247
1194 2332
1094 1638
693 2098
279 1185
2623 2742
2003 2591
794 2008
24 2322
276 2141
1346 2660
1913 2389
484 709
636 2223
1836 2211
809 2384
2323 2503
1426 2179
1241 1366
544 1539
891 1851
1103 2216
889 1174
13 787
1258 2663
722 857
1285 2568
1052 1361
278 2387
1870 2429
1481 1637
813 914
95 338
1548 2285
1386 2437
1157 2372
1425 1467
258 988
1639 1686
323 1831
198 672
253 400
787 2139
700 2448
1252 1542
1619 2478
1139 2255
1179 1259
949 2733
899 1219
1861 2433
837 1249
785 1225
1497 1728
150 1436
312 826
400 1744
633 1669
913 1372
318 2670
1200 1531
447 965
523 972
853 2488
526 2031
1943 2252
1235 2012
319 2624
1748 2507
1220 2279
248 788
1518 2692
1204 2227
766 1337
215 786
285 982
1451 2413
2001 2035
1173 1354
132 2687
1562 1912
325 2345
861 2573
860 2542
1489 1783
40 1341
1956 2730
1972 2462
1506 2440
1262 2731
411 1803
676 836
156 2423
524 869
1222 2357
270 2113
944 2471
264 2341
924 1143
1454 1898
241 1237
1248 1885
586 1431
246 1041
394 526
499 1573
1089 2702
1995 2341
836 1509
951 1868
800 2244
208 1751
840 2312
1209 2179
553 2621
710 1198
1020 1033
66 2093
489 1797
244 2629
93 526
537 1821
508 1644
1054 1671
1647 1662
1592 2658
708 1334
296 1552
887 2007
717 2380
1248 1510
460 846
230 465
550 2693
94 2200
2242 2734
1825 2212
702 1743
1376 2521
238 2154
2343 2364
1384 1417
1217 2043
1015 2240
2408 2548
122 2543
1245 2124
702 2649
733 1132
70 726
318 975
1333 1608
540 1923
1638 2482
1773 2466
92 263
677 2317
255 1205
138 1232
578 1937
830 2538
1742 2190
497 2327
1239 2322
1122 1414
998 2635
1114 2019
2044 2527
367 1089
266 1018
107 736
1105 2227
304 596
444 926
1143 1414
425 1686
1080 2591
922 997
227 1700
1020 2317
273 714
542 1928
1784 1858
66 1990
644 662
277 1959
986 2441
2171 2207
25 2440
1937 2105
1338 1427
125 2016
1747 2173
425 1267
1163 1361
1861 2587
1514 1677
268 1088
127 1240
327 592
1312 2297
547 2409
644 2567
940 2560
972 1928
168 714
797 1471
1865 2010
363 633
640 1658
2085 2125
465 840
519 2146
157 921
907 1032
816 2334
2090 2334
1280 2680
431 2498
163 370
970 1312
1243 2230
76 429
1099 2621
2242 2465
231 2127
106 1741
974 1756
290 2198
269 1453
1177 2323
1558 1565
1794 2346
347 2155
1314 2022
101 1897
808 2603
74 1404
472 770
479 1257
572 1355
963 1234
294 2055
2223 2457
466 2226
381 1951
383 1024
929 1570
1455 1926
2069 2130
1120 1548
1665 2372
316 1011
432 1815
318 441
807 2253
287 1505
242 1734
1890 2451
881 2603
23 2104
400 1652
1111 1963
784 1646
1583 1690
422 1116
159 578
1378 2322
605 2522
939 1821
2041 2059
426 613
317 393
1506 1524
549 1428
564 1320
223 1874
867 2551
1424 1489
183 2042
526 2438
1964 2738
850 2251
1225 2152
573 2071
1090 2031
145 149
43 2578
1175 2413
1798 2515
1758 2195
1307 1682
397 2603
1071 1079
1673 2703
995 2246
833 1811
831 851
53 1999
535 1663
944 2067
621 1229
1481 2436
339 2358
125 2213
1712 1751
317 414
149 2411
607 1036
625 898
1164 1989
1228 2081
1059 1939
250 932
1548 2605
818 2477
1019 1072
52 811
75 2448
123 840
1241 2434
983 1944
425 1321
1218 1815
698 2020
1553 2486
1294 2409
1316 1528
414 1792
1543 2471
416 610
104 1729
28 1246
2322 2338
2394 2652
20 1559
1304 2239
667 686
77 1144
1475 2184
2122 2454
1613 2696
791 2201
295 660
888 1612
714 2126
83 963
1273 1751
25 208
1586 1617
4 1992
1330 1969
173 1232
1399 2404
1011 1935
654 2261
343 1832
823 2266
1031 1288
2235 2605
174 938
209 880
744 798
981 1258
619 744
112 2156
822 2493
1269 2567
957 2586
686 988
125 1496
2164 2183
616 835
1922 2069
207 1942
1217 2382
404 1151
1508 1932
451 1240
348 1183
1696 1705
1438 2667
548 1581
245 2707
1183 1257
978 2274
298 1742
1743 2677
898 2173
1617 2459
871 890
485 521
560 1510
407 2376
974 2146
794 1991
2119 2392
404 2400
172 688
410 1174
1 2629
279 1468
744 775
1258 1999
1508 2265
650 2343
693 1061
307 898
494 1711
111 528
1041 2487
450 620
433 1249
684 941
124 2046
297 2083
1170 2207
1041 1247
233 2073
1488 2612
161 2585
1879 2172
1878 2488
928 2542
51 1694
902 1015
301 547
698 1336
182 484
1276 2380
43 1457
410 1100
401 1835
1991 2071
1539 1986
1316 1526
1396 2650
1820 1920
822 2387
2520 2711
102 1146
179 1245
1915 2615
755 2070
1926 2505
1313 1911
1411 2178
170 2192
1426 1877
80 1846
412 835
1563 2442
1400 1500
1314 2042
312 2292
569 960
2257 2538
115 2479
1058 1983
303 2072
460 808
2175 2252
332 1533
277 423
305 2081
1637 1820
1507 1821
129 1874
33 781
1512 2174
865 1810
2169 2668
1458 2285
1510 2749
1989 2364
1484 2328
536 661
447 2688
262 2619
562 628
382 1990
1638 2614
1962 2668
1159 2011
351 520
692 836
1895 2156
19 1247
532 2383
1430 1979
281 1216
1124 1785
2389 2408
96 2408
230 574
109 226
2585 2730
141 1474
217 568
1342 1585
554 2545
697 1268
788 1302
307 965
1227 2243
198 2438
58 912
1086 2180
1771 2319
782 1117
857 2605
1774 2302
531 1622
1917 2052
1747 2436
1804 1844
33 811
1788 2088
403 1312
537 2719
179 851
183 2507
1906 1361
2285 722
2429 94
1833 337
1858 172
1420 654
2742 2594
2336 633
1918 1085
57 22
2008 1166
2744 183
2660 1832
1810 557
30 20
2348 815
2130 789
1670 49
1606 1575
1700 784
1320 985
1985 1814
2708 1832
2460 342
2572 868
962 961
2565 999
1620 331
1162 208
2010 1959
815 485
1738 646
2192 1521
211 61
2049 1290
2667 2200
1733 161
1624 1407
925 409
1793 439
2066 61
1958 1051
2167 1749
1955 1719
2542 40
1048 316
1234 957
2480 1593
2718 2580
1618 1565
2456 2077
2367 912
1480 693
2592 91
2104 1165
2030 361
2687 1907
1996 1905
2153 484
1538 267
1520 389
2215 243
2287 1155
2330 943
1577 592
2392 2274
1601 908
2454 511
1737 1290
2499 1372
1971 1534
1815 178
2166 1716
2664 482
916 80
1421 113
2700 836
1178 517
2208 315
937 830
2512 2046
2316 80
1196 631
662 3
2371 2235
1711 1484
409 258
2462 2099
1515 195
1413 896
2356 1628
2670 834
1291 764
1231 698
2174 1300
1490 949
1253 609
2749 335
530 396
2496 1807
1882 1061
673 406
1525 3
2751 1861
2249 1497
2194 1058
1208 603
2184 488
1324 1221
545 269
1494 805
1687 1471
2355 1179
1765 505
1493 707
2464 1789
2736 372
926 228
2640 1193
1341 877
1614 1194
2475 894
1029 388
2368 108
370 340
866 509
1625 719
2079 1154
1723 892
2509 516
2308 1577
2543 1090
2238 1910
2160 125
2035 1126
1348 1040
2112 1367
2332 1886
738 380
1550 1393
990 575
991 144
1076 282
1826 1072
2526 757
2117 1753
2154 791
1547 95
1032 508
1884 1484
716 3
2170 428
1301 480
1679 167
1187 524
2579 2398
2467 711
2727 1074
2691 2025
1289 810
2345 1148
1366 1260
687 200
2726 578
1575 924
2004 187
987 49
908 453
1646 1179
1900 580
2426 867
2055 1904
1055 630
2599 1877
1440 412
2490 498
2447 1376
672 9
1412 138
1632 87
2043 862
191 164
1132 124
2642 1577
2716 2477
2450 1564
2705 793
1410 1326
1383 1182
2713 1568
1249 532
2574 171
1907 949
2717 665
731 394
1557 1025
2339 628
749 662
1864 743
2637 1740
1604 134
2084 1693
2289 645
2156 631
1841 1839
2405 371
688 577
1761 1218
2449 1114
2594 208
2165 1418
2091 779
2674 264
2709 2246
2413 639
2107 1772
2045 590
1439 682
1369 1322
1571 442
2218 711
1981 1826
1322 692
2724 1431
2468 325
2341 1331
1877 1181
2421 1914
2710 2388
1936 618
1806 1147
1479 512
1736 1423
2634 1954
2672 499
2614 736
1675 1326
2333 1546
2366 1829
2732 1470
1392 893
1579 1006
1837 780
580 24
762 90
966 829
1432 466
819 87
2331 1419
2524 311
1292 634
1193 1044
2624 1734
2611 2517
373 267
2080 672
1644 581
2379 663
390 70
1902 1165
748 173
2547 1989
2415 1461
2406 1201
2023 1290
2250 173
2219 796
2410 2141
2689 726
2401 1258
2521 554
2320 1134
2719 651
1934 1293
1207 992
408 135
2328 1651
2103 1997
1453 3
2057 629
1465 525
2202 1917
1976 1315
2683 68
1362 1043
2048 1720
2453 699
724 201
2656 2438
1279 438
1709 722
324 246
2227 1639
1959 667
1152 500
2696 2278
1686 525
2229 224
1564 915
2083 753
2472 1493
1887 1841
1848 1377
1684 1213
1990 123
1829 1637
1357 1161
1888 507
1916 1717
476 122
2679 2491
1141 607
2100 1410
2342 866
1640 700
2137 928
1868 763
2399 2143
1807 1536
481 381
2106 1837
1722 869
2498 847
2470 1871
2591 2379
2073 316
1545 505
1682 1305
2440 1759
2617 2013
2347 1466
2318 1599
2516 852
2302 390
921 751
2748 1017
2621 1089
2476 1497
462 447
1317 1066
2180 27
1184 269
1876 470
1344 810
2638 1614
1757 957
2414 2075
2604 2078
1295 408
2641 2530
1809 70
923 920
1519 679
1685 1367
2344 2215
812 468
1343 1058
2411 723
1129 727
2040 2025
1752 1036
1704 225
2698 592
1482 2
2416 6
2265 749
320 84
2552 1701
2243 1604
2225 731
655 288
1875 926
2446 2038
1082 583
2203 1809
1940 282
735 196
1616 715
2358 1836
2011 1349
1791 1172
680 659
848 438
1928 409
2722 2314
2478 1375
2439 418
2047 1879
1961 369
1706 708
1370 943
2554 1436
2181 32
2157 1019
1724 363
2099 544
1691 1368
1528 646
707 26
657 231
1830 1785
2056 2011
2290 1468
2680 320
2625 1436
1238 279
1434 999
1872 566
1502 1228
2532 1411
1087 950
2564 569
1805 305
2273 1219
2298 1558
2632 1966
2314 1866
2715 945
930 922
1462 1108
2134 2001
1610 1334
2264 490
1149 171
2076 1548
1576 427
1363 425
2479 2109
2673 1407
1874 220
1154 981
2145 1082
1197 297
1762 749
1554 112
2280 475
1463 428
2608 1455
1403 663
1695 1275
1787 1698
1240 976
171 20
1144 251
1456 1096
2403 1075
2693 443
728 192
1188 548
2278 1560
1795 1791
1866 1761
1840 1729
979 553
626 625
2116 819
943 509
1511 274
1594 1040
2534 2009
2600 553
1517 1082
1423 910
1666 532
2313 663
2304 1114
845 417
2431 1634
896 233
2571 2057
1978 1866
2060 518
803 63
2570 776
1582 1469
1365 435
2518 125
1013 427
1856 417
2477 2171
2474 242
2400 2274
2241 1154
2188 1134
2186 2131
2268 1103
2013 1301
1726 1514
2418 1166
1753 979
1373 725
1608 385
1842 1004
1153 1088
956 427
2236 734
525 246
2645 170
2707 2374
2539 259
2398 2358
1966 811
2461 2075
2675 2497
2233 1795
2481 588
2721 2296
1893 264
2124 132
953 415
1904 1087
1395 2
2486 1890
723 39
661 113
1654 891
927 730
2629 2186
1299 978
2644 329
1607 679
1785 655
1325 242
2633 2212
2514 38
2384 1873
1469 630
1851 1542
2126 1527
2381 730
1768 1349
2505 2444
2745 293
1077 281
862 539
2058 601
2586 785
1446 465
1903 1481
2270 934
2354 1679
2168 251
2172 1839
1921 716
1230 540
2205 1465
2677 1471
1394 706
844 821
2086 1886
2654 2283
2419 610
1353 34
2027 1764
1968 455
1980 1452
2115 1540
1944 1706
1823 1046
964 480
1965 1948
1984 380
639 519
2613 644
2068 51
885 317
2541 1426
1450 235
1835 982
2097 1360
2226 1461
1648 1419
1973 1660
2738 2704
2582 2336
1782 464
2409 930
2729 317
2619 371
2253 1067
1635 939
2321 2170
1783 1576
1683 436
1126 411
2501 2181
2635 2106
1444 725
1117 55
1750 741
1075 167
487 238
2254 41
2492 558
1935 1760
2135 137
2699 1751
1715 621
1720 979
2061 1834
2276 1951
2146 742
2458 764
2434 2208
1867 1263
1599 1361
760 141
756 489
1623 1432
2576 1370
2697 1558
2244 573
1581 1009
2678 1165
1919 29
1912 1791
340 215
2622 1684
2189 1607
2504 1097
802 496
1668 876
2198 1090
2482 2127
781 114
1746 1694
2252 894
100 54
1717 992
2359 1593
2473 577
2053 1234
1914 539
2519 1712
2352 1343
1781 1594
2731 2501
1923 462
2300 131
1467 458
2258 1349
2438 1550
2423 1020
2448 2088
1957 1276
2018 1947
2681 1247
2590 175
1719 483
2386 743
2247 2131
1885 1275
734 632
1845 502
2550 274
1303 516
1323 296
1069 870
2497 2034
2551 2478
2329 1073
2283 1726
2686 1090
1345 218
804 233
993 138
1615 220
1883 255
2598 2033
1349 1340
1655 942
841 184
2646 595
1862 691
2206 2095
2412 280
2435 1163
1767 301
1427 1251
2631 135
2037 602
1321 973
2374 527
2566 1998
1419 1346
1523 217
2317 576
2584 703
1232 965
2558 458
711 270
2340 902
1678 297
2652 2366
799 686
2575 165
1942 122
903 626
1975 778
2513 1757
2306 870
1728 1518
2016 1063
2561 1395
2093 1640
2271 97
1136 840
2739 2003
1898 1821
1536 1042
683 352
482 337
2349 916
2147 1495
2508 1733
2260 2212
1119 17
68 35
1612 880
2536 2289
2511 1930
1643 648
1215 1048
496 380
2307 254
1532 231
1636 195
2210 337
1857 1570
2370 1102
2222 1207
2666 1615
