2824 845 804
771 1992
2305 2475
1734 2692
1099 1723
1160 1875
103 1801
1634 2297
1497 2470
1151 1341
32 545
393 2399
707 2406
1215 2697
161 1189
444 801
1368 1745
1268 2118
525 2268
2232 2779
497 700
617 666
1914 2663
230 1938
1235 2404
1388 2477
658 942
1436 2176
1985 2069
843 2802
531 2293
2619 2633
1029 1488
6 2004
1354 2590
258 580
867 1664
285 1158
844 2540
1284 2695
718 2332
1364 2406
1036 2199
1364 2557
1982 2452
1338 2240
1197 1475
988 2427
1571 1746
660 2770
215 897
1174 1540
512 897
1046 1635
663 2294
720 2275
2339 2536
99 786
2178 2764
506 1701
111 2511
1654 1928
768 2285
266 2196
1524 1973
12 201
159 188
338 997
588 2755
779 1387
219 2276
77 1482
127 2279
317 582
659 1753
880 1965
1610 1776
1444 2276
756 2813
452 1559
590 2371
568 2662
270 1993
1535 2461
180 346
1637 2388
2288 2488
1996 2452
761 1933
2404 2761
1978 2616
984 2070
1646 2176
2687 2730
1329 1536
1547 2025
185 474
280 1795
1404 1761
45 77
148 991
434 1434
2158 2744
1252 1889
2008 2520
414 1858
687 1277
1171 1356
513 1265
329 2072
158 235
313 1233
79 2500
115 1168
1777 1788
845 1660
254 2618
1841 2405
148 869
2206 2346
1282 2814
549 810
1192 1543
111 505
521 2148
233 239
410 2172
311 2631
119 1750
1325 2552
2029 2114
45 2076
1605 2026
380 827
46 445
943 1306
1009 2434
728 2016
178 2162
195 1783
345 488
425 1253
163 1213
12 2578
1088 2157
656 2242
2401 2810
495 987
171 1897
662 2191
607 2413
70 678
1251 1879
928 1485
1147 2047
769 2757
2081 2275
2178 2721
1451 2190
1784 2739
219 1773
537 729
1075 2326
1826 2002
43 2126
847 2764
137 440
753 1773
314 1915
593 2764
1424 2563
418 2040
663 2817
996 2027
388 2484
1633 1787
744 1927
179 1330
1484 2500
1487 1560
594 1844
580 2141
936 1949
2533 2647
94 2757
316 2259
164 1754
15 1168
1427 2472
198 227
303 414
966 1125
91 910
779 2743
141 1013
485 1204
679 2668
973 1416
565 1785
1391 1753
837 841
272 1516
71 2219
919 1477
326 1023
1864 2098
1592 1927
1815 2256
1833 2383
933 1446
637 2801
1210 1876
2382 2571
1868 2075
1135 1223
578 1174
569 683
1211 2281
19 2717
1768 2691
98 1863
2015 2307
1779 1940
262 458
649 1585
487 2447
347 2287
1543 1908
605 737
1684 2694
493 2557
2279 2646
712 1335
129 654
1310 2035
802 2297
1622 2518
591 1435
567 1343
1402 2539
755 845
1708 2345
1153 2025
1435 2286
490 1568
2101 2765
381 513
305 2301
1052 1457
341 1896
731 864
1366 2509
1516 1634
1843 2125
1854 2644
1099 2140
227 911
58 1908
1981 2086
743 2041
356 1267
561 1736
182 2513
349 1040
846 2162
1526 2680
670 1865
441 1388
1651 1830
2648 2805
2017 2554
1490 2108
421 1171
1131 2191
2193 2324
1662 2586
914 2282
423 2336
2520 2782
1631 2434
1061 1312
2728 2793
1296 1612
737 2798
1466 1601
1923 2294
1200 2707
1465 1961
638 997
34 807
788 886
1388 2101
93 515
1248 1741
464 835
1288 1666
924 1603
1646 2442
1262 1286
935 1780
415 766
531 1648
1178 1615
1676 1935
1024 2536
1061 1613
931 2726
627 1631
1372 1728
3 1614
1502 1702
920 1526
2382 2639
1553 1560
588 1450
93 2337
114 1141
515 1522
191 2661
1133 1276
925 2189
1081 1478
106 1167
2305 2531
711 1937
736 1260
4 1162
996 1020
1663 2607
920 1133
1391 1906
1058 2009
1187 1223
833 1316
120 158
1234 1609
1475 1500
693 2738
167 620
1747 2069
2166 2814
1030 2744
386 1562
1564 2100
6 1670
235 905
300 1394
546 1295
841 2603
972 1313
1218 1556
813 2206
780 2485
1978 2544
22 186
192 1428
362 974
2809 2813
151 2745
1653 2278
290 1387
499 1467
28 674
1874 2806
639 2686
1697 1778
758 1092
1351 2752
646 1384
752 2798
629 2778
2668 2725
442 2545
1973 2241
689 1465
1036 2464
2485 2501
1708 1782
164 483
694 1770
2100 2548
650 1278
1911 2614
331 942
820 1243
212 2212
946 2228
1805 2602
1307 1420
1052 2129
18 2544
597 2157
78 574
367 1140
727 2419
2167 2745
833 2616
152 2363
1347 1395
330 861
74 1187
353 1761
1774 2578
785 2093
1423 2316
693 1173
1099 1597
122 979
868 2484
346 1827
349 2377
1039 1714
781 1389
1097 1901
1733 2752
1012 1814
107 2738
370 1183
738 2250
684 1657
7 1526
952 1142
824 1060
554 1042
1281 2408
2028 2510
182 1839
513 1098
2282 2305
352 2679
502 508
1563 2119
860 1461
997 2268
1405 1828
1347 1571
727 1242
1452 2141
52 1321
1771 2309
68 882
521 553
1100 1657
943 1879
406 2455
118 1226
1016 1957
454 2704
1136 1626
675 874
235 1869
526 1522
1859 2489
1230 1741
650 2515
798 2188
949 1041
123 1851
1524 2484
1425 2544
131 2771
82 766
1556 2745
2022 2234
334 2009
482 538
694 1788
562 1960
411 1597
1085 2711
1897 2512
397 1594
343 2780
945 2555
661 2207
909 1921
815 2087
828 994
303 540
476 1218
2437 2714
788 2385
2262 2376
446 1232
548 1438
1555 2089
1728 1869
355 1208
97 1362
179 1442
405 2382
1126 1943
451 1404
428 1535
1885 2018
1106 1208
1181 2382
976 1369
2244 2286
671 899
30 1382
1249 1857
1453 1921
163 583
596 2739
559 1481
1484 2047
353 1418
943 2553
91 1308
127 1698
1599 2491
273 2363
1559 2265
2423 2682
1879 2032
1074 2205
565 1330
667 1995
1640 2743
1421 1466
396 1883
1410 1923
449 2001
150 282
216 282
1271 2250
515 1316
1242 1286
35 2343
735 2019
220 1376
1682 2296
798 1942
2493 2581
19 54
461 1358
83 1622
1134 1794
190 1852
2014 2171
8 396
1098 1733
1722 2399
1435 1644
1312 1832
922 1635
1288 1667
294 1526
323 884
675 817
168 1391
290 2297
654 2095
521 1045
392 1275
928 2337
533 799
65 561
302 2490
535 2645
704 1735
132 622
835 2183
622 2648
806 1355
534 1663
36 1318
809 1405
294 2678
1707 2066
453 2768
1893 2620
606 2549
750 1726
892 2023
236 1695
833 1057
1008 1801
1525 1670
891 1654
53 1013
1612 2488
315 2071
247 2223
858 973
1787 2380
443 2701
571 831
1791 1908
223 404
822 2118
1323 2443
618 1574
105 2512
331 1977
776 1771
128 218
709 1963
796 1283
198 1731
1154 1225
678 1916
1085 2096
1096 2345
943 1152
598 1603
1303 2539
1777 2453
2117 2700
1658 2129
1547 2355
597 2391
648 2016
220 2391
534 2675
205 884
1381 2007
891 2221
367 417
1581 1836
232 2603
1305 1394
565 1695
1169 1369
973 1982
232 951
613 2093
54 968
421 865
845 1750
730 1782
261 400
1144 2670
448 487
629 2570
299 1918
2 2660
802 1522
527 732
2682 2742
991 2634
1015 1238
560 2134
2060 2620
2085 2286
1135 1553
124 2488
850 2377
2301 2799
1564 1812
95 278
152 2496
1060 1444
1468 2312
606 1833
2398 2741
682 889
801 2612
764 2743
845 1645
595 1075
1730 2514
1798 2823
1601 2685
1007 2806
428 543
1383 2006
582 922
151 2210
1515 1654
1668 1980
1234 1968
1378 1692
1368 2119
985 1799
545 665
1677 2339
583 943
2063 2179
838 1487
1620 2443
710 1873
1795 1953
1852 2411
131 2342
1099 1944
1429 1498
1588 2001
1455 1846
940 1743
807 2615
1770 2154
388 1741
1036 2097
2043 2681
613 1131
1391 1463
2593 2820
456 630
1881 2325
1193 2615
668 976
1039 2042
434 1050
500 1707
426 998
55 1735
118 2462
890 2439
112 779
1918 2525
1673 2613
330 2693
1769 2821
1114 1461
30 2687
91 1297
176 1194
403 478
1164 2370
502 2781
232 656
1390 2065
1039 1311
1601 2815
1746 2620
965 1586
285 2036
432 2691
783 1490
266 664
1333 1768
1872 2096
1449 2269
38 1767
657 708
473 1906
336 424
891 2620
1692 2395
324 2642
51 165
1455 1465
892 2243
1611 2575
2025 2172
124 2513
1298 1345
1102 1910
453 2011
145 669
1839 1920
119 2183
44 2072
1439 2579
957 2258
270 1005
413 802
1377 2637
266 2623
1402 2042
32 2163
1044 1454
1097 2280
1786 1972
146 2214
91 1442
847 2510
363 1744
151 2098
536 1620
2266 2702
643 1770
431 2492
443 637
1953 2238
1706 1774
360 370
703 1665
1130 1310
580 883
1978 2405
891 2405
1966 2297
219 2576
180 1315
219 1902
515 742
1228 2820
2059 2371
1631 2682
386 2712
82 1926
172 1489
1499 2747
2396 2722
1044 2459
288 1546
795 893
1268 1641
1893 1961
343 1185
883 2347
1337 2592
918 2531
792 2055
457 1580
1007 1056
551 1444
444 2668
930 2674
114 2098
819 1922
275 376
1127 1533
1389 1906
1699 2729
669 2445
1316 1975
353 448
326 1747
1072 1686
1228 1362
1565 2780
1971 2437
1786 2179
2383 2782
18 1081
1264 2315
598 1861
2165 2354
1593 2347
452 1161
264 1327
211 1846
859 2758
1578 2278
1101 1725
178 787
944 1127
132 2340
801 2516
97 741
706 2479
908 2347
915 266
327 266
2538 864
1386 244
2573 431
2047 1409
897 634
1409 1358
1649 1479
2746 533
2109 1086
2692 1864
1319 777
1550 1469
1539 530
1554 351
980 589
1827 759
2110 1350
1376 1304
1478 1287
2504 1577
1369 148
2168 1725
2184 1877
2818 1671
2221 1277
2706 217
1176 948
2041 289
2628 1555
1751 486
2577 1274
2819 1563
2783 1670
1387 979
2378 1688
2067 2009
1297 667
2479 1805
2555 2222
2092 435
747 491
1838 861
1587 642
1267 1215
2248 128
2304 462
2261 524
2655 321
2145 1947
1505 305
2353 1014
2525 859
2289 513
2601 1656
2273 1099
2054 470
1290 930
2347 844
1994 994
2657 979
2821 1346
1165 778
2066 347
1988 1499
1332 1278
1835 1614
1339 652
1413 1252
2633 1541
1328 189
2645 2102
644 118
1434 770
2749 110
222 66
1808 523
2380 1643
2732 2210
2076 1562
1848 735
1462 804
2500 617
2496 245
1324 380
1304 1075
2745 652
1051 503
1223 128
2009 28
786 619
1687 656
1830 467
1460 945
1034 181
1582 750
1585 35
1801 1545
1219 276
2587 1210
2531 1577
1643 369
1855 1204
1748 479
1173 1138
1121 550
2268 385
1867 1418
904 530
757 415
2438 851
1968 1908
2661 629
2716 2366
2665 219
2007 1299
2738 378
2705 223
2466 300
1005 422
636 491
2490 1556
2201 358
361 56
1896 1491
1850 920
2091 1777
827 64
2489 826
1504 263
739 374
2105 1890
1079 1036
2618 1199
1013 440
1816 519
2473 829
2708 2379
201 146
2527 1324
1182 1180
702 372
1513 1234
1629 1571
1137 444
2486 1369
1655 1629
2010 82
1955 1510
2499 2011
2267 65
2770 2450
1984 1597
1940 444
1617 1218
1845 819
1087 57
2118 1490
695 114
953 136
2374 1572
2264 1387
1274 750
2188 218
2154 1113
1141 982
2187 2175
1450 844
2198 1384
1576 757
2275 1630
1103 629
2227 1432
2480 564
2414 1179
2334 1432
1115 704
2539 937
1146 299
1718 1430
2393 500
2119 602
2269 2124
619 51
2065 783
2629 57
2456 672
2376 82
1367 1111
1512 1023
447 171
1853 1182
2518 2419
2635 1009
2445 769
263 100
2286 1980
740 299
1568 742
2544 251
2194 1729
2042 2034
2276 2137
2781 1946
2680 896
2798 631
2451 1614
2569 362
2306 1003
1286 159
2718 2193
1204 1137
2072 1810
1975 384
2672 403
1995 1048
2407 1402
2472 638
2094 1344
2069 170
2434 2231
2476 766
1773 1494
1698 285
2748 1511
2625 1998
2567 472
579 497
810 627
2807 1202
1269 662
1735 920
1750 747
1477 649
2726 433
1834 1177
2754 2557
2230 998
1583 65
2591 41
2731 567
1243 220
2207 43
1027 176
2792 159
1536 1507
1191 127
887 142
1549 919
2160 1019
2677 2654
1384 1267
2082 80
2616 411
2515 2364
1829 849
1562 1451
1184 684
2284 2087
2297 107
1991 1716
1348 849
2179 827
1789 838
256 135
1489 402
1552 1344
1961 1171
1341 770
2530 207
340 325
2436 817
2497 140
2428 296
2584 1474
967 184
2329 1061
1530 882
2750 303
2560 226
1752 1358
2649 188
1420 900
2715 2092
826 421
1361 1338
2251 632
2133 93
2287 549
1856 1700
2474 2362
2811 2510
2758 1402
2019 877
2724 2490
422 167
2780 884
1231 1201
1334 1048
2760 619
2800 239
1406 818
1909 1161
2338 426
2576 2220
1657 1447
2462 1280
2784 568
1541 185
1464 244
2415 1969
2093 744
1719 1254
2776 1290
2802 18
1757 702
2075 1252
2614 728
2609 101
2203 1088
383 234
766 447
2823 1253
2391 1024
1764 791
2243 405
1480 1431
2146 1399
2252 550
2592 1209
484 82
417 257
855 417
563 71
1894 255
1650 458
1482 32
2169 2104
308 282
2471 57
2563 1282
2666 1597
2237 2080
2333 415
547 287
2685 1215
1069 180
2442 1356
2556 1931
2354 969
696 342
2144 1721
1059 135
382 134
2814 1314
1188 996
1518 767
1842 1770
2129 1838
1375 888
907 148
2804 393
2711 245
2512 2374
2475 2006
2058 1051
926 237
1140 565
1919 1205
2049 720
385 60
1945 1053
2408 1023
2433 2191
699 334
2095 1737
2679 1650
2523 1080
1889 1502
1861 1770
1638 337
2242 920
2650 2269
1836 371
2775 1355
2549 750
2744 1742
2369 1083
2352 1854
2161 1154
2808 2748
2124 280
2405 1971
2048 507
1930 703
2387 1215
2202 212
1969 1934
2108 1672
1603 473
1819 1332
2694 2496
1900 400
1980 1647
364 176
2406 1412
2739 2391
2096 605
1869 150
2205 1423
2419 431
2319 614
2233 1767
2727 257
2796 960
2558 2515
2615 1396
2444 1747
1807 1375
2741 125
1380 1118
2641 200
2345 42
1933 1193
1882 1704
2388 166
2788 2508
1782 1546
2170 667
951 501
2365 1003
1672 1402
2457 1871
1809 691
1623 1440
522 3
1320 823
2610 383
1004 856
745 289
1810 311
888 39
2757 2026
2061 1600
2589 1452
2534 58
1093 1050
504 236
1196 672
1921 290
1609 1099
489 317
1908 1554
1983 1948
1813 941
2317 1263
1232 604
2764 2544
1014 332
2080 317
767 181
1732 953
2622 132
1776 921
1076 656
1479 1384
1705 182
332 11
2220 1933
209 67
2116 2023
2521 722
1667 6
797 633
2501 835
2647 1313
1884 1539
1481 846
2753 2722
2296 1896
80 72
2127 771
281 6
1189 1000
2495 2412
2209 276
2427 317
2361 1145
2222 1073
1954 1645
2216 1677
2348 481
1194 931
2141 1233
2459 618
2638 934
541 395
2443 1992
1143 544
467 422
1858 1718
1608 776
2050 1974
968 604
2516 897
2225 883
2135 1072
1883 1035
2794 2274
2217 349
791 337
2772 789
2543 1564
2186 997
1665 902
2611 1487
1899 539
970 130
2234 1722
514 329
2777 2505
2488 1570
1907 1001
472 247
1285 337
1507 1189
2508 1634
2541 291
893 839
2208 1677
2778 592
2779 1599
2285 1282
2320 1514
1244 94
2551 1127
861 408
2683 195
2537 2022
2605 2431
1355 302
1937 72
974 297
1711 239
726 522
1865 1206
1508 1331
1778 1028
2689 2013
2634 1997
2636 1672
901 831
2152 1039
2039 988
2120 15
2729 408
2585 1653
2330 1249
2104 690
2020 751
1584 1432
894 473
2229 102
2231 973
2707 211
2148 615
2498 717
1031 292
1615 388
999 554
1292 330
2149 1167
2321 222
2215 1171
1485 1112
2519 1167
2132 490
320 201
2003 207
2597 987
956 938
2417 1647
2140 1837
2260 1051
2568 2324
2295 1582
1529 1247
2183 834
621 114
1922 725
2134 1603
2271 781
1997 831
2801 160
2032 1027
2308 602
486 477
2511 1401
2769 1422
2033 162
1306 763
2803 2143
2350 1968
1011 542
651 181
775 195
2044 1188
1250 44
1998 1892
2626 2394
2254 10
2670 1961
2098 649
2653 1238
2024 1370
416 56
1781 523
2412 270
2384 751
2172 188
1691 779
2598 1984
2340 1225
2130 1834
1483 898
2789 1149
1837 493
1156 955
1033 787
1905 1844
614 268
390 331
1084 824
1494 1080
2557 1143
903 290
1094 563
2740 2544
2040 1851
2470 2332
181 63
1670 136
555 467
874 133
1586 747
2176 1962
2037 793
427 175
626 447
1532 685
2327 880
1124 887
2786 2734
1857 338
1664 1576
602 136
1577 1561
412 390
1162 228
1742 819
2799 2114
741 57
2316 274
2640 2303
1624 1369
2002 1954
2660 780
2596 2333
2701 1877
1947 568
1220 591
1825 765
690 620
1720 446
2532 2187
2709 1172
1523 1454
633 458
2793 1619
1261 28
2815 2211
2210 1546
1510 1489
2157 614
1257 518
2395 803
1371 560
1239 75
1138 328
799 247
186 177
1343 90
2810 2175
2246 2159
2293 599
2697 1094
1422 628
2018 812
2363 1116
2031 454
1729 329
507 463
2572 290
1591 381
2372 1657
1533 1364
1887 1690
1531 1177
249 36
2566 678
1904 857
2546 1328
1934 865
2213 693
1678 1565
2046 573
1812 10
863 294
518 121
2298 575
87 80
993 607
1709 1377
2280 441
1913 967
1003 583
2482 1986
1679 199
959 105
2755 2508
1656 724
2564 2211
2278 1129
401 91
2424 773
2536 1053
1247 624
1520 1367
2595 1961
1569 1518
2446 1994
2696 1060
1359 145
2219 1956
2795 1628
1986 885
2797 1171
1345 315
1258 922
1721 156
2765 217
2290 1486
1898 337
1077 764
2547 980
2364 1494
1336 611
2742 2185
1472 683
2087 1084
719 523
2594 2007
2257 2191
1785 1049
975 506
2582 2252
2465 2116
2256 1776
2767 1263
2642 890
1474 46
2311 399
399 311
716 351
2771 1532
1580 10
1645 922
2816 2273
1086 414
1618 377
2180 1693
2389 1130
1636 167
941 822
2702 1723
1589 515
2416 817
1443 1363
2688 1083
2123 1853
2185 1609
1289 302
2371 1957
1759 1729
2637 2087
1567 1076
2522 1220
1939 1740
2430 787
1302 324
876 374
1660 808
1040 3
