4637 472 863
2320 2879
2358 3229
967 4145
1469 2969
267 4060
2687 3404
2914 3648
1394 1838
574 2681
3089 3862
731 1349
1961 3185
200 2005
2699 3893
904 3284
1059 1258
836 4324
3378 4234
3032 4527
2006 3815
3257 3325
740 4102
2919 3339
282 2463
3330 4332
2452 4520
2847 3667
1509 3738
2126 4620
663 2624
1406 2686
1507 2729
3374 3861
767 4304
93 3141
67 1968
697 1138
2103 3753
3498 3520
711 1527
366 798
449 1976
1593 3804
590 979
518 1099
4362 4484
1733 1837
1935 3766
350 2495
630 2342
65 2537
44 3453
548 3826
2339 4607
3377 3712
2026 4603
2397 2444
2236 3019
826 2474
2452 3135
974 1348
1091 3125
842 2789
616 1567
3971 4130
229 2041
594 4369
2961 4019
2012 4483
2357 2912
2768 2836
1131 4211
62 1645
1207 1742
222 2680
3418 3992
146 997
791 1970
2592 3578
3284 3448
116 2793
85 392
892 956
3264 3484
2701 3015
546 1723
570 2944
481 881
2568 3084
1609 4220
3465 3997
51 2004
2895 3189
568 3022
2857 3699
971 2026
3218 3484
2909 3287
2043 2181
826 834
243 1743
3706 3993
1780 1803
2993 4226
257 3995
2132 2882
50 3148
173 1638
168 2999
1543 2065
2424 2637
822 1582
3359 3680
3223 4057
248 1443
1261 3499
325 4476
3327 3526
213 4001
1706 2788
1132 2767
4396 4497
2542 3734
164 4233
295 4044
686 3631
587 3187
46 535
758 1496
1971 2867
596 2997
462 2624
3704 4454
955 1650
1777 4461
4029 4081
732 4035
1601 4435
2131 3489
362 1261
2447 4226
2268 3368
2631 4281
521 2173
3064 3349
457 2570
3211 3660
2738 4388
651 1042
2931 3516
2542 4511
3831 4086
2598 4083
244 2967
148 1401
547 3262
2502 4079
808 2310
681 4369
53 3003
1364 1572
2842 3437
1161 4175
935 2290
39 4326
3019 3629
1973 3585
3500 4133
3884 3996
3385 3452
961 3588
1226 4241
216 535
1352 2670
71 90
1900 3003
64 3273
1721 2116
1198 2692
1048 2912
695 3801
334 2851
210 1954
1481 3588
493 1746
272 2931
1150 3204
808 4591
1236 4067
2466 4451
1213 3170
2435 2508
3681 3974
2259 4596
3877 4445
152 3170
35 1457
980 3979
367 2438
665 1036
2016 2596
782 4051
20 4243
2383 4317
41 1965
1202 2017
1869 3213
2148 2641
967 1935
804 2460
2772 4611
666 2948
1212 3405
464 897
2225 4043
411 2580
257 2359
2308 4287
3297 3310
2588 3032
1206 4462
3957 4462
1370 1510
683 3788
2190 4161
3074 3849
199 709
1909 3950
829 938
1757 3169
192 2760
248 4217
125 4101
189 1272
933 3161
1635 1995
991 3792
445 2593
1853 3618
619 3362
1150 1316
1590 2238
1225 2624
1538 4250
1611 3605
3326 4111
2139 2413
4209 4513
1359 3968
754 3252
1914 3250
2191 2751
3554 4344
799 4166
69 4055
2384 3669
1109 1459
409 1480
1240 3597
3330 4111
46 1809
1955 3633
4063 4127
1822 3828
3343 3984
3274 3542
523 1923
3622 4545
3178 3343
3160 4464
888 3403
3777 4351
790 2309
36 3683
109 2868
1418 3507
2976 3690
1715 2046
1958 2505
83 1706
1772 2097
1860 2432
2470 4614
60 3160
772 2785
1553 2234
4231 4374
2987 4313
4507 4616
2370 3651
2065 2071
1865 3428
947 3348
46 687
1610 2716
2786 3640
554 3767
197 4513
287 4236
2177 3457
540 1952
299 2578
496 2465
1702 2630
1907 4275
2169 3597
1728 3452
231 800
1640 1826
1984 2536
1560 4157
279 1631
1680 3659
2112 3687
1751 2529
347 1503
744 2630
417 1191
1705 4595
3809 4488
2607 3765
61 1373
2895 3127
2221 3694
1718 4033
991 1395
3048 4103
2146 3957
1253 3833
1525 3406
260 3521
919 1457
159 3269
3330 4140
1116 2401
1168 2637
4211 4244
629 1967
1849 4384
826 1326
1883 3074
2290 3686
1666 4203
1243 1893
1443 1482
310 2851
360 2524
2283 3657
3225 4036
2521 2831
3398 3889
2685 4588
3416 4336
662 1425
930 3175
3248 3593
1309 2816
1381 3879
1609 1791
2430 2491
2046 2621
2366 2839
832 4595
2876 4023
1553 3048
2392 4296
4101 4510
777 910
138 958
798 1184
2337 4522
3897 4397
1503 3828
796 3899
89 4237
3571 3993
93 3322
271 328
673 3717
555 1804
994 1150
908 2489
1701 4169
487 2590
50 2227
222 3474
196 767
1451 2608
2577 3088
3380 4087
998 2610
713 2096
441 2918
2650 3700
1423 1493
3221 4400
1289 1852
976 4314
1964 4407
1799 3682
1814 3763
230 1885
134 2081
13 4614
795 3548
2484 3726
1631 2576
1585 2101
801 4450
2065 4285
450 878
2046 3135
3524 4503
192 1854
569 1664
863 2967
704 2677
387 1283
1877 2858
2059 2936
3620 3723
396 2399
1248 2847
1164 3170
1985 4421
511 637
261 575
820 2336
3423 4500
3546 3564
1516 2570
2413 3275
649 2844
1651 3555
1268 1338
1071 3688
2489 4207
987 1158
1680 2621
146 2723
2079 3562
1593 3567
215 4561
991 4612
2668 3297
3856 4371
327 864
292 3761
948 4386
1415 4223
118 3353
2575 3991
2256 4498
1483 2404
1586 4536
2066 3343
27 3876
587 3741
894 2261
1718 4005
577 1895
660 2335
865 2000
2133 2424
1676 3823
1490 3318
1898 2220
548 2894
640 2231
2887 4417
626 3082
3130 4388
4056 3606
1022 223
1184 827
3021 1692
3733 3572
667 61
2130 179
3922 3308
4371 2929
3847 847
3683 2004
671 508
4563 275
802 258
4385 958
3960 2388
3174 551
4400 3972
2802 1519
1688 40
4462 1828
4247 2871
2265 1742
4461 3617
4058 2488
3469 1234
4472 828
4294 632
3887 2544
4523 4307
4284 134
4522 3097
4288 2725
3666 1050
2906 2553
1214 1104
3669 2415
4031 3239
3865 356
1744 68
2250 1819
2459 1317
2851 1835
3994 3863
549 537
2562 912
4626 1076
4325 2565
4556 3509
3682 2205
3557 1552
703 2
3107 516
1030 307
2639 346
2550 2532
1249 647
1287 1134
1326 69
2008 322
4198 1325
3499 411
4501 710
1273 326
3296 631
3569 2306
1695 1307
4299 1353
2067 586
3379 506
2988 424
2841 2788
3829 1123
1271 966
4421 3275
4230 2583
4377 705
3722 645
3000 1521
4413 2880
3503 1115
3603 1813
3294 2336
3525 330
3899 3553
3923 3645
1788 494
2255 139
2391 2171
3543 852
4488 49
4580 2736
2239 360
4127 4031
3362 2758
4175 494
3391 39
2186 999
4149 1474
4179 2766
4151 2548
3210 2837
2838 2744
1229 41
4310 1127
3229 1799
4275 3124
1942 1852
2726 122
1775 1207
4104 136
4133 38
4448 380
2336 1459
850 142
1643 66
3413 3345
1930 1692
3909 478
2958 2237
2717 898
3981 326
1304 1245
3077 2613
1170 925
1922 327
2412 2181
4136 3442
4485 1248
1192 89
2533 2255
2429 2257
3293 497
2939 345
3577 1783
4351 1632
4256 2557
3083 2323
4180 2435
3764 728
2974 2052
3978 3809
2624 984
3846 2050
3129 190
4081 261
3228 1074
4042 714
2135 668
3968 1650
1736 1063
4616 1788
2053 1741
4564 154
1920 84
2055 585
4052 682
3050 2933
2832 1140
3637 1839
503 304
4592 1525
891 150
3306 141
1158 573
4477 659
2663 428
2665 1001
2206 670
4467 161
2675 1061
4572 4449
3692 97
337 334
1025 92
3841 1879
3318 2626
298 256
3661 1781
3029 2552
4617 3839
455 225
2904 2660
4098 2296
4576 1631
3548 176
3514 2829
2396 2164
3117 530
3941 3931
2467 6
3388 1160
4409 3732
3233 1862
1550 786
620 177
1392 226
4620 4615
4557 4169
2301 495
2706 1277
3634 2716
2534 411
1694 1237
2037 1070
2788 668
2113 734
4475 1485
4181 122
921 373
3392 2050
1077 134
2947 1046
3870 1950
1792 1083
4631 812
1995 703
2326 1947
3880 2298
3896 3074
223 169
2576 1986
3241 2243
3315 414
3840 3711
3714 1575
1278 44
3075 1007
4213 2046
3908 3485
1118 667
1717 1500
2461 438
3026 2702
3917 1125
1912 534
2233 2194
4479 1766
2504 1669
4426 479
2934 2227
1313 1227
3770 3114
2273 379
3738 2525
2959 2819
3778 171
3659 340
4214 2020
4397 3399
2228 536
3501 3400
3781 1508
4502 4267
1047 83
3635 2520
436 130
2381 101
3005 967
3966 270
2955 658
4579 1172
4360 3617
1228 104
2495 531
1557 1242
4315 44
1242 859
3430 830
4394 2764
4425 3648
3866 24
4598 1883
3163 356
2754 2712
4159 4152
2646 2207
4045 1433
2688 4
3746 3552
4338 307
1650 656
2815 180
4004 3271
2809 1211
1994 455
3902 1176
1939 856
3928 3447
1817 194
1614 324
1204 432
2843 2666
2453 1257
458 84
4458 486
4380 4188
4034 3082
3434 2539
4093 1743
3869 731
3205 1257
4560 1488
3437 745
4550 162
2176 262
1427 1286
4554 3460
2334 282
3001 1006
3473 1734
3375 790
3549 1321
3849 683
4018 2112
2983 1877
3435 1378
4109 754
2288 604
4582 455
4164 2379
2740 1079
2427 1556
3810 2353
3707 257
4283 3328
1200 613
307 115
3182 1918
2338 397
2310 2005
2991 1180
4446 296
4549 44
2882 76
2565 189
4404 1062
4387 2933
2602 2341
3750 3033
2062 1360
968 607
3456 1094
4464 1974
2951 466
2388 1298
2652 246
3610 1131
3768 1501
4492 1456
1183 944
3954 1070
4544 2658
3295 185
4296 3395
2884 741
3369 3099
2492 999
3753 3321
2527 1953
2775 1665
1357 911
4242 1206
3220 289
2548 1923
3814 99
3445 1137
4221 808
4217 822
4593 2745
2419 1957
4095 2070
3943 3221
2122 61
2559 773
3496 572
3044 55
4476 3371
551 390
2446 2118
2936 2322
3224 476
3945 1431
4150 266
3002 510
3162 2773
1149 1017
3397 2833
1339 18
2892 130
4064 2916
4439 713
2656 2604
2213 1793
2285 1421
1919 1676
4160 1659
2291 1893
4423 410
2485 1307
4306 89
3194 429
361 243
3754 520
3237 2843
2129 261
615 343
4340 225
1612 748
2653 858
1424 220
3053 384
2121 847
4139 2818
1890 1579
3476 1083
4357 2315
4354 680
4037 1395
3759 1506
3929 139
4615 1547
4453 870
3948 2888
4207 2545
1117 115
1809 1792
1824 594
4259 3578
1015 820
3509 1137
2937 1732
3711 750
3657 2343
2935 1006
2071 77
4140 3320
3526 1681
3179 675
735 128
2927 46
2200 478
3916 552
3395 3317
937 771
4333 2283
2252 1936
1608 355
2751 1189
4280 1871
3276 2539
4114 980
3655 66
3466 874
1863 1019
3766 2227
4286 3888
1565 713
1499 100
4605 806
1004 618
3504 2186
3502 543
4218 2809
4054 287
4265 1810
4123 1877
2002 134
1447 1254
821 107
946 349
4084 2681
2543 1361
2294 1146
4254 2605
912 622
1941 1045
2638 1557
4510 1984
2535 1782
2606 1601
4601 1631
3453 3236
4369 2265
3956 809
3572 963
969 739
4178 2125
4072 1927
3604 2407
3845 223
3744 3517
1294 871
2725 1326
4342 136
4536 459
2806 1597
4602 3858
3561 2071
1857 1097
3664 2498
1577 665
4170 461
3085 2933
1466 767
3238 2137
2696 2396
3758 3600
4174 2233
3463 2242
3667 3468
2710 1142
3489 790
4478 121
4518 2586
2627 2291
3531 784
2483 169
3259 2860
4035 1490
1596 830
4013 2163
4142 1166
3901 3713
4224 209
4466 2163
4016 1503
3581 3544
4038 1490
4346 1338
1546 999
2837 523
1594 1481
3261 1900
1714 357
4553 4416
3135 1175
4026 1318
1899 1147
4135 2576
2907 907
2611 184
3133 1668
4146 2359
1303 198
2270 1282
4067 1350
4364 1392
1361 282
4000 223
3474 3456
1257 193
3959 565
4552 331
3813 2159
3745 308
3774 1186
3964 2288
1502 280
4049 2831
4388 3720
4350 3965
4585 2462
4600 4510
3698 1336
1891 597
1001 143
2940 2083
4281 3026
3739 1182
3779 848
2902 5
3312 3181
3493 2752
3071 392
3802 241
2313 1481
2231 2131
1712 262
1840 1146
3470 1605
2175 2109
1873 1539
3931 3194
2439 1978
2697 1364
4558 2589
4399 4063
1448 164
1420 697
3422 3104
3070 575
1858 1014
4176 2638
4520 3569
2423 752
3067 3005
2787 1068
4293 2203
4632 1869
1534 1344
3184 3093
2854 375
3567 1584
2232 258
2080 1459
4374 3791
1588 945
4199 3758
2172 1194
2154 301
2220 1202
2634 423
3780 3416
4089 3742
4188 1690
3519 1203
4191 1634
4630 27
3096 2408
3307 1934
973 497
3513 2165
4450 2946
2363 1195
2532 1027
3889 1136
2449 128
1951 1387
1126 125
1673 1309
1753 367
1622 732
3821 1708
4250 3196
4182 2810
3812 320
985 974
4398 779
3242 963
2194 505
2622 2343
2791 1065
4304 1786
3838 1887
3694 3575
1041 170
4166 1424
3860 3161
2915 1753
3662 3172
3204 2396
1511 818
3771 322
4623 1073
2464 1684
3110 1146
2764 1375
3913 1428
4489 299
2266 657
3175 1618
2597 573
3196 1471
3128 2059
2481 439
3924 1696
4112 3178
3288 79
2750 1398
3281 2362
4240 1349
1831 1703
3186 1775
4512 567
4339 3265
4376 221
3936 2489
3686 776
3914 1153
2888 821
3705 898
834 425
4117 14
3853 2936
3414 2634
3091 1768
3268 2807
1064 665
4634 2391
3171 1489
4194 804
3992 904
3188 844
1567 290
4495 2454
1962 1080
2465 1696
3894 584
1647 1622
3729 1747
1646 776
3910 584
2872 1883
2035 669
3299 1392
2953 2661
4105 2408
3760 3389
2657 1397
880 69
3366 2109
2343 1062
3336 155
3230 868
2810 1080
2875 2461
4204 1008
4498 3018
1948 1140
4368 2944
889 532
3993 1956
2645 1270
3289 897
699 199
1976 1179
2621 57
4465 2126
3695 1382
3737 468
4429 5
4155 1061
634 507
2752 589
4008 1595
2928 1881
3654 236
4454 4406
4391 2470
3140 2003
2487 1424
3511 3290
3251 453
2376 2044
2269 1318
3955 3165
2694 2477
1693 1490
1199 183
1122 1080
1337 1128
2468 479
2878 2233
3791 2194
3585 2094
4613 919
2778 2357
2859 2633
2039 1797
2257 1957
3417 41
1600 311
2351 412
1918 1314
3145 42
3384 2097
2890 250
1808 1798
2267 4
2905 1579
3702 1206
3360 3165
3879 251
4027 1372
4609 1175
2822 1338
4551 1209
3421 2835
1936 1203
2162 1576
4236 3382
3806 1400
1403 1298
4367 3295
2032 1541
1576 1472
4386 1744
467 165
4118 1401
3215 1550
1473 1246
4441 4306
2084 1847
814 216
4261 3929
3368 1635
4248 551
2500 981
342 89
3839 1432
4102 2636
4606 1214
4073 1163
4519 2326
805 758
788 61
1002 931
2007 1675
1830 130
2494 272
3963 3447
3401 973
293 87
2031 926
3734 1152
2192 1437
3970 806
3851 3543
3642 1904
3200 2523
2861 191
3512 2125
2137 667
3597 2124
4103 2775
3617 1126
2855 574
4449 680
3858 2392
3425 330
1235 1165
2798 257
4263 175
2985 1012
3816 1589
4057 779
4082 847
4359 1020
4330 3370
4110 3551
3616 1231
2081 1772
3861 857
3639 2994
1085 579
4504 1652
3939 491
2709 1169
1768 1389
1870 943
4411 2362
3589 3275
1798 1731
972 356
4173 3505
1526 1483
2874 383
4158 2663
1783 1139
1459 611
4427 3085
2949 2383
