2966 10 602
1787 2362
1261 1283
881 2285
1362 2743
491 1473
1581 2463
1190 2379
1180 1315
1856 2738
412 744
2964 1911
1123 404
521 222
608 240
1731 616
132 109
2778 326
2819 359
1784 116
2829 2268
2379 1998
1633 1119
2312 226
2837 885
1664 706
2828 878
2831 1812
1999 228
918 31
2316 341
1350 251
2099 1952
1679 961
2239 2161
2661 820
2435 1332
1423 529
1468 1113
2549 691
1861 1070
1540 318
1831 75
1915 1031
2840 207
630 411
2447 2013
2875 832
892 886
2503 1084
894 229
909 619
2800 1612
1325 252
1557 265
1969 981
1541 318
2833 1445
2941 547
983 11
2508 2207
1275 523
1537 142
2673 1534
2698 473
1093 104
2617 2380
2511 2473
2356 1697
2522 767
2106 108
897 660
785 256
2636 2210
1686 1150
1979 1623
2949 420
2696 1231
385 158
2591 2343
2454 65
2128 188
1732 512
1264 499
2380 14
1171 733
1669 596
1340 1298
2000 380
453 86
2724 690
1534 600
2085 891
1703 8
544 268
2046 144
2568 107
424 211
1906 694
358 299
2139 421
2341 2018
2581 1663
1913 741
1665 885
2614 1621
1877 1464
447 71
1770 530
992 954
1682 1342
2879 607
1872 1695
1759 1088
1623 414
2321 653
2171 793
2940 58
650 134
2499 1186
1710 1368
1760 2
265 13
694 611
1631 1461
2823 1263
1526 11
2183 807
2711 734
1560 454
2827 5
1580 1184
2881 296
316 174
2730 1521
2588 2400
1821 1009
1832 1399
2509 1006
2956 2521
2498 635
936 143
1689 78
1179 603
1047 322
1401 646
1602 284
2082 1332
998 343
2808 2092
1964 798
2188 1294
2428 1581
2032 1246
1720 1348
1855 30
1248 119
1852 1665
2485 1412
2748 2301
2762 1753
2773 1427
1693 672
529 295
995 235
2586 1366
1110 194
1444 1101
1709 595
2263 2164
1801 1613
2527 1305
2938 2042
643 374
803 728
1647 703
2699 1638
2368 1565
1641 586
2429 967
2507 277
2217 1038
2255 1057
469 213
2960 2013
2044 1815
632 121
2855 653
2242 1262
2585 932
1713 1618
2528 655
436 51
2850 258
2272 2079
2094 750
1121 15
1147 256
1480 1162
2892 2876
1259 47
929 386
1658 601
514 345
2386 858
2246 1045
1214 150
2777 1826
2491 2236
1992 547
2197 604
2767 1469
2534 330
1931 1169
2692 404
2621 2351
1804 165
1186 989
2577 699
756 125
2258 1738
2758 426
2008 170
2005 1509
2814 2384
1588 832
815 443
2305 969
2487 1366
2451 2377
2843 1609
1101 886
2254 1218
1771 1355
1295 423
1375 794
2721 1910
2729 63
2369 1966
2029 560
338 19
2952 1262
2896 1333
2905 2663
931 266
2125 1171
2149 1747
2951 2198
2420 119
2716 110
1690 690
1993 353
1849 1036
1518 38
2476 1168
2326 1217
2820 69
1302 461
1011 931
2812 743
2413 1729
2908 2629
2218 938
1859 564
800 120
2576 2315
932 720
2665 1528
1356 978
2431 1377
595 590
2159 1361
2701 341
1358 1053
2235 231
1908 785
2285 655
2471 1071
1411 1215
1708 831
2919 2739
1868 570
463 436
891 425
1765 1697
2161 228
2946 1986
2607 2096
742 42
2162 2157
499 242
2772 2192
2329 211
2705 787
1851 1123
1500 1044
1379 340
2206 1574
2713 1590
2642 1277
2417 1449
1965 10
2658 2055
1619 960
2810 545
702 86
2912 2719
2574 2178
2681 475
2203 702
2052 795
2416 495
1240 599
1934 1183
2152 399
2382 34
590 150
1834 1166
2433 1270
2531 2468
1968 203
1352 59
2313 2056
2685 1173
2201 2047
1695 383
2280 927
2100 1407
2680 59
2209 1981
1711 823
382 276
2897 1117
2856 2762
2957 623
1321 531
1653 1309
2939 19
1021 409
1219 360
1522 46
2689 775
1307 1290
1322 541
2669 101
802 120
1796 1065
2641 1038
1019 604
2093 1244
2722 508
603 232
2114 1571
2260 1682
676 114
2643 168
2560 330
687 270
1886 491
1549 303
2430 677
688 527
596 1
2212 1476
2232 194
2882 575
2888 2230
1930 23
2207 593
2887 1662
2385 1837
2243 1203
1604 1107
2834 1116
1058 1020
2895 2595
798 178
1590 1213
1949 1865
635 125
2401 648
1961 44
2274 1741
2185 1280
1144 393
1107 972
2657 606
2307 969
2359 447
1269 600
2486 1821
651 387
1687 1418
2640 333
1702 1195
2501 2419
1897 903
706 47
1300 150
2771 150
1754 1345
2712 781
1227 159
1338 97
1038 180
1274 136
2620 1037
1479 1017
2083 1245
2816 1812
1788 838
2783 1285
638 625
2151 264
2098 64
1532 577
1924 814
1143 740
1453 806
2453 1041
908 365
979 527
2022 272
2392 2327
1476 284
2176 1188
1312 929
2143 1993
2693 632
2130 1632
2700 2467
2275 736
1773 884
1068 356
2352 353
1177 986
712 441
1586 522
2079 2003
2849 2308
1409 499
1200 619
1458 479
1938 102
2566 2236
2821 1440
400 19
23 5
2811 2453
2793 1265
1535 1377
2348 65
2112 925
2191 1542
2550 2305
363 160
2068 187
2338 1649
2933 2680
2107 1025
2930 1006
1513 821
1816 808
364 148
2147 1233
2165 460
2222 533
1648 20
2264 418
2187 2016
2760 573
2704 2279
2857 509
866 249
1781 1362
1391 1143
2320 280
1841 47
1202 806
2791 294
431 203
1413 779
1737 1179
1378 85
2944 2743
2376 1432
1846 998
2157 1182
1598 175
2736 177
1570 1176
774 457
1229 1129
2961 1391
846 277
2537 460
700 177
2745 813
934 139
1660 246
2423 394
664 474
279 89
2294 726
1098 118
2295 1598
1503 969
1628 1530
2841 973
2683 1594
1563 493
2883 2585
188 94
1263 527
966 104
2366 1600
378 326
2472 1606
1675 331
923 31
1546 1378
1491 1242
1683 1663
1750 333
2924 2080
2894 1951
2184 2133
2950 2921
2947 2248
2483 2150
1022 72
2884 2623
2750 2519
1917 37
2660 1292
2123 1535
2742 1207
609 147
1129 434
1643 587
2006 780
543 457
1475 1319
2103 793
2095 56
2328 709
1066 550
860 42
2584 1198
2462 1088
1922 1059
2153 655
2899 907
2815 1399
2622 98
2276 385
2421 528
2131 170
2909 762
2582 494
2119 656
2148 1311
2398 1318
2219 93
2301 2110
2649 1121
581 404
2652 1735
2797 2638
1234 139
2954 1226
2929 700
879 377
2615 2373
1112 492
2289 1724
555 86
2502 1291
821 263
2271 1338
1551 1196
2684 2188
2904 462
2708 833
1899 221
2374 1681
1970 220
1539 518
953 700
2787 2112
2706 1144
2073 351
1198 25
2388 84
2458 1406
546 298
2440 332
2393 2225
2455 2176
2780 2738
1461 66
783 235
2563 1924
1624 1012
2948 2790
2934 821
1571 461
2900 1705
652 241
2080 785
2045 1701
1288 774
2208 1524
