1520 381 21
1376 1395
635 1190
128 720
6 552
245 387
249 587
136 755
721 783
245 253
355 635
177 724
578 852
201 1052
304 1094
997 1131
363 521
745 1394
171 1249
175 1440
410 811
433 904
1134 1499
417 419
486 537
599 767
200 1303
274 1170
353 1502
522 734
5 338
599 1014
34 248
720 1063
110 675
844 907
1268 1321
243 1093
502 574
179 1135
645 757
26 794
969 1083
48 946
186 567
596 637
663 912
328 400
553 1068
628 1169
179 1308
202 495
1046 1293
287 775
211 1186
209 1475
267 1110
497 1166
797 1452
329 504
36 406
336 769
238 534
387 955
837 1182
23 208
1371 1517
1348 1422
62 444
532 560
950 1109
628 1320
3 1008
730 1369
489 855
848 1394
573 782
944 1511
574 802
1297 1314
208 566
16 843
497 1113
290 1507
79 562
487 1337
380 1131
19 1237
549 1149
493 1509
80 1210
143 916
73 970
561 1044
587 1310
711 924
64 1308
216 1482
56 1134
427 1461
352 1192
53 358
73 1473
430 1164
329 595
1171 1418
1381 1439
93 104
66 514
20 581
1088 1264
536 1386
1385 1518
837 1238
434 826
1272 1293
97 1230
677 1425
232 666
144 736
231 1163
206 948
516 1406
133 1235
14 831
363 1450
666 1051
274 1434
707 1010
179 293
208 876
306 673
644 802
147 652
400 928
282 1457
1240 1341
39 859
541 772
568 628
1048 1477
189 635
737 1255
542 1381
772 1155
865 1398
798 1480
189 1484
874 946
19 851
923 936
657 1050
546 1024
56 197
89 393
5 331
49 341
371 1437
843 1277
898 1222
555 1489
152 161
883 1494
179 1061
408 1274
410 659
233 772
526 1154
670 1342
645 718
255 341
962 1173
200 1470
566 1274
561 614
9 640
0 390
478 481
557 1386
320 832
546 870
1167 1347
619 849
424 754
1189 1293
1156 1472
185 1424
311 1142
1036 1059
270 729
339 416
982 1105
651 1368
207 536
11 1331
250 407
764 1122
74 636
444 758
1064 1168
1101 1254
62 162
1298 1309
121 1131
121 1141
163 195
1 925
336 355
433 900
908 1174
840 1432
1073 1466
18 1059
822 1476
299 882
646 1318
176 1169
48 70
244 723
196 728
500 946
366 1116
186 1020
148 1350
263 371
50 62
363 464
550 727
1385 1473
228 328
102 568
57 444
468 1365
928 1063
86 395
54 1295
1052 1482
52 1297
580 696
787 1484
772 944
12 245
690 1198
120 497
320 623
434 1307
490 619
264 393
364 1091
718 741
242 1435
161 206
548 809
557 587
1399 1417
320 593
994 1295
1214 1462
423 1416
248 1510
614 1247
166 1446
409 970
628 1231
460 580
317 893
906 977
375 1139
163 1146
50 624
982 1099
9 1046
64 306
382 717
777 1183
14 1292
252 1054
434 729
761 1277
627 1175
1279 1294
557 1151
702 1069
921 1324
176 180
821 1437
633 1433
744 995
72 318
256 277
414 1405
211 718
315 901
434 743
589 992
1053 1514
26 892
5 868
154 818
301 533
314 698
500 1108
199 1480
278 877
1020 1507
31 722
683 1452
218 1366
140 1322
412 1002
835 873
1220 1267
434 456
644 1182
294 1354
154 1446
51 1479
1190 1345
863 1324
830 842
230 1478
110 370
526 896
634 878
176 378
121 808
330 1223
13 384
171 191
326 1278
133 897
1240 1366
40 1137
1226 1330
205 567
306 969
221 543
64 1058
859 1027
1012 1300
392 807
391 1076
364 1391
445 1402
264 463
770 1503
626 762
752 1486
657 1231
1360 1367
578 1449
280 321
630 1386
166 1025
77 1403
295 1371
134 542
1086 1462
1175 1412
249 1325
68 76
504 1329
331 939
133 728
934 1433
8 1377
565 1516
450 1187
547 1461
584 631
22 1510
445 520
228 1429
213 935
270 1171
1127 1428
1059 1105
699 946
246 299
548 667
167 1135
32 691
1133 993
1307 558
1093 885
990 578
1132 753
782 181
1269 824
1337 1019
1503 196
1412 279
1121 140
350 242
1009 739
1355 377
576 500
1313 658
1029 672
411 332
420 302
964 481
1252 549
