5913 10 377
2947 4408
1706 4908
1210 2125
2919 4249
2737 3143
3546 5026
3748 4454
1034 1899
3536 4123
1139 2299
2280 1760
5449 5351
3074 2339
3052 159
2863 1280
4060 3580
589 141
4948 2034
3870 3629
1943 1362
2074 1572
4143 107
1151 137
4187 2523
2415 2396
3961 3037
2996 2702
4186 2700
3769 3691
2464 1895
5910 3873
2219 1514
2691 2677
3976 1677
3702 624
5116 3544
2670 695
4685 1327
4388 4099
1057 1
1046 780
4190 470
1361 1151
3527 1909
3368 1124
1512 1428
2395 405
4641 510
1734 117
3759 3429
3143 460
4364 1013
2547 2412
5490 2861
3736 2351
5271 1720
2677 2308
5041 4640
4557 1704
4753 3363
5911 5388
3339 2011
5161 1643
2571 1182
4127 1786
5615 3818
2432 1606
4835 1749
5543 2282
5737 3499
4238 82
5384 3730
5788 3708
4858 1314
3703 2868
2179 649
3954 1715
4668 4602
2223 750
4142 293
557 384
4410 4006
5354 5053
3995 2422
3524 431
2551 416
2921 598
5556 5477
3045 23
2195 1264
3797 132
3786 2332
4447 3527
3130 929
4733 884
5031 257
1232 1173
5312 1145
2039 2036
5082 4576
2408 1371
2134 57
3204 2509
2901 2526
5846 1979
1181 738
5680 464
2526 514
5553 4860
2477 1835
5829 709
1896 1113
4427 3108
861 260
5635 5600
5436 2902
5764 415
5679 5588
5819 1475
5151 2673
2963 1881
3886 102
2360 1254
3998 3341
3005 2272
2189 87
4523 2150
5860 4927
3700 989
5338 570
994 627
5443 2206
4809 2808
4373 1694
2962 821
5335 4169
4719 1961
3444 2114
4231 2873
5183 720
4873 601
2758 747
3292 1221
4968 3767
4823 2233
4084 3738
5631 361
3423 2348
3141 262
1720 1654
1220 960
2944 2340
2484 1647
4501 4169
1309 96
2917 2859
5509 998
2695 1912
4498 2254
5692 3456
4209 4
4107 3119
2993 363
4850 111
2546 162
3232 3134
4398 1609
5488 1881
1454 545
3402 2612
5148 534
3718 3024
4194 2268
4157 3277
4947 737
2315 2214
3923 2599
715 103
5106 3148
3711 300
5568 4514
2682 1857
2782 2562
3920 1828
2363 623
1945 1672
5534 416
3688 1612
1995 1762
4245 1861
4951 3
2138 560
3059 950
5118 2333
5128 765
4304 1918
1620 845
3534 2539
1935 1251
5623 2900
4324 2054
4314 269
5816 383
4603 2677
4097 1441
4079 2187
3799 1786
2306 820
4528 4526
4430 3122
3966 3849
4761 1689
1746 642
3269 2770
5430 3243
3621 1874
1113 291
4712 1707
2870 1155
5022 2705
2820 2109
5274 3824
1739 942
2331 1917
4154 2296
5906 3870
3195 59
5761 540
2518 2158
2781 947
4411 1378
5772 4994
2389 1555
5852 1586
5421 1293
1988 806
4371 2060
2130 193
4102 3429
3169 2781
2689 131
2835 1886
4069 2294
5767 327
3804 2588
1376 633
5809 1892
3219 1596
1434 678
5243 4265
2786 1862
4763 2727
4384 2919
5222 1909
5289 2802
4254 2282
2745 1395
4361 3858
2023 162
5279 2476
4899 4564
1691 175
916 108
5740 5287
3894 1809
3446 2342
3415 2811
5525 2277
4971 3380
5677 1973
3627 590
2627 1874
2935 2168
1868 42
2617 2310
3729 1321
4070 2474
3550 866
1147 758
5616 2212
4323 121
2022 1593
2908 742
3581 3332
5254 1925
3582 2135
3205 2787
4275 1377
3171 1276
4415 1455
5744 5719
4578 712
5512 555
4717 1842
5857 5806
2936 1442
2615 1505
5068 335
4458 823
4536 1211
5731 2690
3835 737
4405 2526
5584 4792
3150 2419
3858 3467
4164 784
3407 1872
3980 430
2992 2874
5152 1658
1464 1351
3796 279
4250 2339
4595 4034
4530 36
3274 1304
3428 96
5110 4546
5489 5469
5605 2389
1779 1181
2876 2184
1800 698
2259 805
4694 2670
654 613
2517 2170
2838 1317
5537 4913
3724 1988
2601 1307
5774 4833
2177 305
2995 979
4751 808
3994 1093
4808 1767
4243 2615
5314 4838
4665 4375
2192 924
3815 64
5469 108
5284 1489
5779 1953
5660 1539
5831 1033
4812 4123
1587 1030
2343 380
4055 1926
5840 1347
3650 818
5076 4902
4140 384
5859 1233
5446 2748
2752 853
4040 1087
3128 1854
5825 144
3336 592
2957 1063
3539 1900
5342 4999
4181 560
2884 338
5666 745
4772 4372
5330 3492
2318 204
5732 2106
2931 319
5123 1299
4779 969
561 551
5548 2585
5315 4886
4923 2120
4303 1322
1656 1648
5613 3253
1653 548
2019 1062
1702 898
4634 3711
