9184 1058 28
372 4427
1868 4535
2870 4334
4298 4602
628 795
1757 2871
2236 6026
651 3048
2145 2334
2946 3799
810 1192
3001 4983
3773 5500
3920 8923
3691 6933
7219 7403
1041 2127
1627 5054
354 2616
1921 4217
2889 3652
866 2921
5312 7785
3846 5233
8113 8320
4334 5842
1039 5018
3611 7332
1620 2178
2547 8318
6955 7589
3257 8864
3666 8876
959 7054
3018 8194
130 4188
1938 4434
3966 7231
1980 7783
5 4638
429 6346
222 7809
102 5931
4444 6296
1056 3619
3860 5175
574 2833
1813 7934
2771 7029
4347 5239
3820 6364
3635 9003
1462 5036
4484 8695
228 5759
29 4588
849 5489
3417 9068
5751 9062
1780 2217
2290 8606
1327 7834
3301 4807
3113 4791
1356 2179
4046 8711
4525 9073
847 3646
1759 3003
6083 6545
3425 6264
4334 6889
558 8851
3932 8902
4647 8275
1176 3988
1155 3594
5453 8524
1642 4238
2653 3793
292 991
6716 7885
5885 7361
3947 7854
4550 5075
4949 8419
4443 7643
6356 6636
2408 6812
24 1999
4194 4440
2477 7524
7315 8568
4057 5972
7085 7764
7479 8086
1907 7615
6938 7425
836 5494
4000 5809
4502 4603
6987 7948
2906 2927
3014 3053
1171 1992
2632 5307
3711 5453
4801 7673
4261 7060
3481 3644
3545 5344
3725 6945
4605 5489
2590 5662
1474 4638
4167 8513
467 5119
4391 7964
4125 8677
4458 9139
1271 8641
4053 8178
869 6652
422 7060
694 4754
8157 9091
6362 8086
3102 7170
3841 4773
4348 7426
7266 8349
2244 8200
2119 3716
7418 8783
2285 2885
1192 2122
859 4270
507 709
2674 7382
1146 8068
6209 6855
836 7802
2924 4330
4515 5488
4619 5024
1346 8492
4941 6812
1129 4836
5403 7442
2572 6382
835 1862
13 211
4097 5020
1091 8448
2125 4292
6719 8953
587 5148
569 3750
1494 6178
203 4973
1301 8919
70 2616
3138 6699
6600 8116
1090 7844
3084 3708
400 9061
1788 6140
4996 6306
2344 8628
4237 7040
2556 4860
3432 4399
3087 4069
2601 6338
892 6786
1869 6957
2038 9063
4292 6681
112 5816
1285 5379
91 3142
3219 4405
94 7275
889 6651
476 7298
3537 4666
6196 6904
4 707
1743 6045
1513 8178
976 4517
1616 5236
2278 7350
544 5478
2043 8038
1100 6230
5138 7202
3034 6775
7592 8091
645 1393
4770 4820
1330 8425
2601 8573
3008 3624
4440 6496
5211 7518
3582 4816
4645 9173
1421 6332
3910 5715
4059 7133
3718 4511
7657 8683
2903 8810
4635 7067
1487 8142
6578 8739
2910 8880
1650 2947
909 1212
2536 2590
882 8485
1222 7507
3736 6900
3317 3394
1448 3871
5023 9021
3718 7323
4850 9181
1724 5003
1197 8007
5243 8797
1223 8933
1990 8365
2187 6751
5395 7143
1397 2003
6090 7351
5080 5101
7463 7685
6869 7007
3475 6124
8559 9103
1980 2504
2933 7423
2213 4590
100 4422
2077 3577
1940 3351
1361 4298
5292 5352
2906 2931
136 5191
2737 8699
302 1427
2947 8419
1211 4821
6664 8906
3923 4921
3185 8527
2907 3066
2881 5557
2401 8169
2782 6508
2777 8584
1197 3592
1251 7521
5254 7721
4833 9063
2956 8151
1102 7442
467 4124
3229 4830
196 4652
2739 4102
7009 8356
1354 2360
1287 1817
741 7678
5212 6758
3574 8807
370 2751
135 8387
649 3112
457 3772
3220 5510
4337 6463
3382 7357
1846 5936
1920 7207
2011 8728
2695 7482
5342 5964
1633 1918
1822 5799
4508 5586
151 5051
5496 8072
4208 6596
192 1636
3821 4903
1018 2245
3647 8290
3465 7194
583 3801
5872 8505
808 5346
232 3998
5493 6857
1103 3255
1214 1572
5494 6665
1859 7852
2273 8752
8449 9010
1022 7865
3619 7204
8049 8369
5304 7051
192 3568
3481 4929
4292 9154
3330 5100
206 3094
1190 3336
1409 2849
5915 8587
564 6672
352 4417
4958 7798
562 1670
1953 6522
776 8518
3379 4928
4628 6036
31 5482
4688 8275
3583 4973
1731 4557
2314 8319
305 8471
2440 5181
374 3375
134 8039
347 5313
2492 7422
4604 7415
3148 3507
960 1624
4531 8400
2371 2777
49 1262
3182 8893
2478 7583
5966 6993
2628 8899
1356 7409
2634 4467
2876 5744
3205 6662
3702 5048
5891 7792
2857 3913
701 7734
4351 7830
4105 7768
546 945
1772 2741
895 1060
2681 6207
642 6474
4293 6793
4924 5250
2828 4625
3128 3222
80 4605
4200 5888
5002 8099
439 4529
5729 6823
1137 5733
659 3595
1603 5944
537 7046
3704 4834
2918 9112
70 3775
362 2563
4218 8705
1017 6138
5326 7979
3761 7731
3966 7898
1117 6941
2636 5014
3544 5204
2673 8569
3126 4403
791 1262
4736 7850
941 4116
3248 7551
4007 4502
3867 4538
902 5276
1708 7139
803 5050
1295 4848
1568 4976
3300 5765
4512 8306
1242 1592
6860 8694
2745 8026
5355 8981
360 1577
5022 7592
1962 4143
3030 3499
1717 8127
3669 3697
7378 7984
6951 8196
1114 3028
6390 8905
774 3941
3064 3184
1045 4979
1712 2589
5830 7844
3909 9175
4475 7849
3456 5340
4766 8687
5063 5276
1757 3647
1600 8404
1710 1933
1076 2685
4359 7643
4462 5641
3 684
5573 8526
2290 2604
1868 2991
6365 8515
79 5819
448 3989
960 5168
1016 8293
1697 2801
3171 4889
5233 8525
3678 7468
1904 8018
399 3259
3808 4741
3560 7454
947 1967
237 7064
5185 7579
7609 8332
2843 8893
947 6462
5068 9032
2539 5771
4989 7490
2227 5170
1389 4679
3604 6380
3525 6214
2229 8833
4292 6487
1475 3772
1438 1769
2990 6398
37 7324
1744 2456
1383 8401
1995 4126
479 697
754 2425
679 8115
5431 6128
4571 4745
830 1902
2150 5656
7542 7681
5436 8460
899 2118
923 6039
3037 8647
383 1307
1871 2058
7769 7873
6247 6950
1261 6237
534 1939
24 377
4150 7834
2973 4611
7009 7485
5937 7674
91 9153
528 3501
71 3216
2373 3469
911 6060
4695 5022
2464 5833
1180 5202
2764 5923
1369 3267
3831 7371
3229 4889
90 6680
3338 5901
1297 4982
3959 4585
1930 8076
136 3584
823 4384
3004 5085
1855 8708
2422 8431
1598 2377
2048 3874
5701 6584
3792 4493
8549 8896
318 7674
6036 8009
1314 4120
1269 7746
1852 7315
2807 6940
366 5805
794 2111
5794 6642
1247 2701
291 2260
1107 8464
1486 2137
2384 8727
6830 8624
28 5703
6179 7332
3116 7059
2249 8111
1591 7557
154 7758
5386 6171
2342 7136
6585 7925
704 3220
3159 5102
1222 4087
3144 7750
4352 9007
1777 2605
3114 5092
295 2435
3360 6933
2016 5194
4619 5719
1433 9007
5006 7531
5547 6481
1213 4763
763 4970
3947 7998
3631 8431
734 4552
1582 4490
137 6590
5187 5933
420 3355
3810 3946
3130 5333
8513 8877
5743 7736
986 5424
152 6749
3042 6373
916 7852
1161 7077
5696 7269
1529 7790
1840 8595
230 905
2822 3099
3760 6303
3108 3833
3628 5005
7852 8507
1246 3483
4573 4635
452 2223
4834 7464
2144 7959
471 7610
5547 6384
3514 5691
1300 3549
157 1926
737 1795
3085 7392
781 1695
1193 5331
6455 8009
97 1195
1120 5789
221 2054
4093 4917
1796 4707
2737 4778
421 3829
6248 8593
41 1281
6276 6567
2307 8595
256 4746
6323 8070
1623 2588
3408 8473
5617 6592
882 4092
7215 7419
1144 3682
4290 7509
4754 6669
7402 7705
235 2270
3081 6897
2302 6744
795 8907
958 4719
3808 6347
3864 8511
1655 4833
4216 6751
1339 8771
5080 5895
530 2621
2072 4277
279 1309
4932 5500
4680 5111
1190 9066
853 2839
344 4271
3224 4282
328 8175
621 8752
2893 9065
99 8549
1611 6696
2560 8820
7282 8185
1195 5778
1500 8910
834 6484
521 8401
2221 7155
6256 7245
4148 9037
503 3893
3333 4760
3702 4462
961 6412
27 8428
715 3051
487 7624
940 4088
4479 8583
4908 6006
2414 8438
2768 6719
2620 3905
4673 7573
923 2217
537 1456
4804 6484
271 8010
2625 8868
442 7376
1437 3132
4245 4442
2689 3641
3668 5611
2673 8301
423 5001
6858 8734
853 6521
7053 8653
4 5291
2160 4097
197 4623
5011 8229
848 8197
1297 6584
1346 4036
2376 4277
2921 7483
1451 2138
3264 3796
1869 2327
1676 8266
936 8960
1197 1750
2924 4756
1577 6804
1464 8925
217 6455
410 2693
5123 5183
718 6547
330 4007
1461 5901
4048 5207
4699 7396
6977 8755
5230 5753
5806 6999
18 801
1902 1905
1887 5313
547 6988
997 7995
1272 2135
3337 8049
4158 4273
2204 5153
1487 7435
845 2156
6035 8914
76 1483
7386 8724
2456 3391
9048 9141
2836 6662
3361 5200
244 1492
2901 8417
161 8194
1713 3759
128 5115
822 2902
315 2512
3672 4473
1242 7926
950 6394
470 2474
1122 9168
2833 7315
5800 7764
2913 3947
3021 6524
2222 7742
6678 7404
4307 7419
1742 4870
6479 9090
892 5199
1092 7800
3573 7250
1600 2585
1861 5331
2344 7809
4755 4990
2519 8168
2869 7311
2193 7017
1181 3323
1173 5634
3000 4873
2040 8087
2070 5155
4071 4582
521 2767
5660 5990
4011 8800
222 6533
325 2342
2797 4563
5132 8079
921 7422
5876 5889
5962 8200
7731 8698
906 1234
3650 4867
802 5143
1075 8303
7312 7437
385 2726
1980 3854
1250 2667
1873 8334
2562 5881
8854 9025
8993 9149
511 1694
668 4449
55 7056
605 2364
6653 8046
1451 4499
1561 4896
274 4618
3020 6696
411 3947
2070 4656
316 7618
4397 5647
919 4449
3180 3473
5317 7910
1647 9009
1948 4306
1193 1981
7135 7916
131 6191
4937 4977
231 7738
2932 5190
180 427
22 2031
1576 2877
1306 2067
2976 3691
1034 6215
396 4918
2227 3489
152 5689
4188 8828
614 3387
1027 7184
1375 1445
1447 8036
409 839
572 1517
4819 4990
300 5737
4430 5034
782 5916
8242 8809
1509 5713
423 2576
765 2281
5188 5306
1346 7687
2126 7321
1681 4753
581 5290
4906 7382
2371 6916
6503 6931
5005 5738
525 3480
841 4965
423 5568
2924 9008
2876 4923
2692 4200
2112 6995
2841 3488
4902 8717
862 1067
3031 8528
392 7258
1837 3453
610 8227
4866 6525
2121 4442
2620 7529
65 3222
2423 6714
266 693
4148 5042
2769 6463
2867 4024
51 991
1345 5701
5880 8798
8809 9097
1117 2642
7846 8498
2540 2591
1231 7351
379 8905
5792 8230
1766 5438
5436 7102
3422 6933
4247 7545
3741 8629
2110 2527
158 2873
6801 8896
5886 8960
1828 5008
3868 3978
333 4909
1566 2761
1372 7490
1994 4801
267 3851
2695 8156
186 3414
372 5332
141 410
242 4947
401 9127
4220 8223
7194 7819
2854 4396
4084 4456
3134 5048
6875 7974
3723 4353
6837 7973
1416 4862
3207 5153
3174 7777
7320 8526
3316 7803
189 7580
1464 4831
2713 7862
355 5161
617 6311
3531 4534
445 1822
588 7780
5477 7800
5291 5948
6014 9001
6824 9024
2960 3706
5826 8508
1196 4574
1414 3057
1360 1769
1109 2595
278 3386
644 3222
131 5345
2328 4516
4499 6381
45 2454
2225 3563
1506 6632
4119 8545
1576 6230
6815 7597
2741 4932
4823 7893
1567 6194
6727 7598
2227 3749
1171 2073
3932 6488
559 1985
2803 3167
1342 6206
246 7465
4179 6813
7017 8091
3958 7172
2992 8747
1335 2632
5364 7442
4837 7095
3788 4640
4766 5407
314 6639
5483 8038
95 7854
410 459
5893 7854
3877 7672
1932 2152
4052 8150
111 1910
7611 7843
3428 6088
447 5267
3874 6453
5909 7190
640 888
105 281
1192 2704
2950 7147
1229 5222
1417 7178
3613 5747
4164 5649
1856 2291
3641 3900
2808 3878
4430 8072
363 8632
3968 4310
1045 3046
185 8784
5570 8771
3862 6877
5432 9183
1025 8442
2366 2585
194 3814
1161 5775
1706 8617
6075 8593
3834 5901
7017 8214
76 2404
488 3847
2872 5537
1499 5321
3018 8058
4518 5022
1171 5710
4134 5294
5215 7457
1608 7008
2464 9046
792 1124
3121 6456
331 1059
4503 6326
8350 9081
2118 8726
3072 3425
3051 5218
1393 1741
6193 7837
1965 3864
3714 4792
4294 4956
3240 8519
579 4595
649 7876
200 6114
707 7521
871 4833
6073 7422
2983 8719
1211 2959
1215 5064
133 1116
1960 8149
3649 6486
3421 7513
723 7229
3169 7918
8291 2581
8679 6123
6694 6677
2177 628
9106 739
2686 1711
7466 4171
7498 7010
7532 3487
5452 4360
9038 1945
8694 313
4590 2943
8996 654
942 29
9171 3930
5421 1822
8862 5652
8127 5067
4671 367
1707 800
8998 2033
8842 4129
7854 2400
2925 137
4972 1440
9025 1795
5996 3575
