7166 1 206
1325 2845
2268 1894
6233 240
2548 683
1945 180
5180 2792
6577 3301
6371 2264
2498 63
2528 1559
5910 1137
1016 339
7056 3996
6673 5824
3684 810
6121 1686
5401 4499
6429 3240
6823 2054
6477 2204
2196 1775
2207 778
5996 1334
4927 2364
7015 6235
2506 1382
5818 3299
2667 1010
7052 1038
530 455
4924 1595
7071 6794
5681 3607
6810 5238
4607 2730
2205 825
3478 3473
7076 2913
4861 68
3840 164
5124 171
5755 861
7150 472
6133 5441
4196 2822
1616 541
3665 1077
4576 3231
5081 4904
6430 4189
6761 2517
2479 278
3201 682
5685 2680
5494 2039
4334 1225
4027 3827
2882 1567
5187 1718
1867 1805
5683 2143
5628 2041
5064 5058
2474 63
5447 2939
4241 3577
3908 781
3977 939
6195 4926
6712 6601
4869 1799
3926 3534
5773 4395
5616 3419
4416 1765
4862 3882
1017 261
5900 2288
1814 1142
3415 2450
4409 613
3377 1697
4919 4693
7099 2108
2163 1051
3607 1538
5740 3564
4670 2955
6302 6227
6609 98
4938 4557
5332 1487
6672 4047
6287 1245
6939 3277
3155 256
6786 3003
4594 951
2415 1231
2008 218
6241 2377
4466 3353
3984 3628
5547 1286
4693 1405
5949 3809
600 329
3501 1459
6283 3725
893 170
1290 587
6994 4245
4915 4227
5790 3650
4286 2290
6531 4098
3801 1016
3552 2659
5639 2505
7165 5242
4763 693
6521 3921
1870 1768
4005 2973
4818 4037
4472 3629
6126 4454
4977 3616
3142 1537
6160 1105
2724 964
6657 3433
5226 5071
5771 5732
2942 2455
5739 1150
6405 1588
5602 1856
4973 699
1800 546
2634 378
2545 2378
4220 2834
4981 454
6489 4501
3897 1935
3621 3357
4872 3045
7110 6546
6579 493
4339 2403
2876 2758
6385 3418
6164 5361
5391 2800
6038 350
3557 3241
7023 300
6872 409
6324 5997
3764 3321
5610 2899
1752 305
4895 3510
6213 2633
3321 1359
4039 3721
3623 2537
6739 1179
6975 4860
6226 106
2760 1793
5799 1870
5498 5231
3168 2895
4785 3780
6130 77
4845 4551
4080 1159
6124 3819
2785 1129
4087 1764
4216 1546
2058 298
3823 1376
3983 1939
651 588
4677 7
2430 132
7035 5611
5939 2573
3862 294
6498 969
5524 5063
4404 2016
3094 278
4293 2344
1412 1353
7138 2265
7062 2748
5822 2014
6147 2149
4952 3800
4714 269
6112 5820
5445 350
4463 648
