9582 4 1045
3302 6821
2154 7147
629 8166
6593 8570
8221 3789
2257 1122
5170 2700
7928 43
7469 1156
9371 4594
7782 1413
2449 512
4297 424
5437 1320
2813 1741
6598 856
8217 819
6175 4044
5341 483
4237 3048
1320 1190
5570 477
7861 4965
6174 2733
8813 4482
6801 2420
3136 724
8248 6379
3199 2337
8077 2623
7512 4214
9499 7000
3582 1491
7716 3093
3222 1328
3857 3840
3661 2482
1863 229
2518 981
8336 3036
4007 1574
7181 3270
8300 3863
3283 1852
7849 2164
3330 789
4356 4118
3583 442
3860 8
2785 1872
6987 3073
4558 2390
3549 640
4796 1005
4829 3550
8330 7608
9229 2441
5460 512
8662 7487
4895 3073
3540 2838
8524 1111
9384 445
452 431
9360 7544
6877 6262
7619 947
4008 793
7082 2362
3755 488
7637 2240
5269 3345
3950 2746
6325 1547
5843 949
5706 5116
7200 3746
6811 1295
3806 3177
8456 8401
9105 1071
6177 110
3340 501
5000 630
5613 1821
9165 6783
3912 976
2102 157
8522 499
7213 5523
8826 6385
1772 205
2059 1469
2336 872
8128 2448
2440 2388
8907 84
7882 7401
3870 96
2080 244
7681 3497
6973 2072
8406 405
4955 1340
6374 641
2125 464
6784 3577
4296 3384
5484 4759
8610 6687
8493 7552
9385 7767
3160 537
2214 1065
4162 1675
8744 2531
5465 640
7250 287
7208 935
8466 2561
4025 399
7211 4607
8841 745
6654 215
4807 3183
6952 6483
8656 49
3832 334
8038 4161
7447 2274
9072 1122
425 146
6560 4293
5467 1526
6075 481
3083 3021
8707 217
4583 434
6131 3547
6587 3031
6883 6414
8035 840
9153 5431
7690 6395
9404 6152
4980 1659
586 422
9109 2292
7504 6737
5408 1436
6640 4246
6720 1311
3635 3290
7597 3652
4522 2345
5786 588
1375 273
8782 2430
9079 4649
3275 1768
6713 2578
7553 4168
3490 1849
8212 7222
8923 5902
7920 4512
8901 3758
9398 5813
9282 8254
4957 1857
5970 4711
3916 1663
5930 3061
9040 2691
4551 742
6500 2210
1643 992
3299 1419
5800 2523
6771 4328
5939 2989
3104 1320
6764 4187
6655 141
6005 1966
2291 1281
7220 7099
5855 4610
7482 7158
9495 4925
7127 7078
7768 5988
4853 4213
7370 353
7938 444
1901 1721
3646 3388
6297 96
8892 4286
7846 1398
5700 1146
1744 1725
8761 257
3050 2619
8463 4585
4046 1040
3796 1990
6137 3152
5368 2953
3705 1579
6303 3423
4313 2182
7395 2281
4325 581
7165 2189
8086 5533
7143 3214
8443 1446
8967 769
9067 8878
5919 1664
6317 5811
7814 6272
9141 998
5917 701
5393 1242
8385 4368
6541 516
8837 6215
6628 430
7604 5498
7163 1911
4077 2614
9127 3
7831 2702
6485 556
6747 1750
7508 5056
2639 373
4929 582
4362 2697
6164 5831
4690 1657
9092 5086
5321 3270
3657 3359
9518 1964
4924 4621
4977 4744
6299 5353
4739 1586
8769 6606
7797 1887
8425 3437
4451 1975
4038 231
8186 7008
7343 6222
2399 2075
1972 1426
7288 5830
9169 3732
931 343
8520 4541
8895 4482
6321 5455
8393 1560
7156 4172
6638 2272
7124 1408
3143 335
1404 429
9223 2893
8105 1664
9145 2172
6924 3753
7789 5791
7212 3927
4280 502
2405 1982
5988 4790
5861 517
6768 5801
9328 221
8547 1834
6390 1287
5327 2010
5471 874
3968 767
3901 960
8993 5171
404 322
7219 2688
1589 1259
8745 4859
3393 1564
5477 5107
3801 866
8833 6860
4989 1540
7510 3453
8149 7221
6685 3163
3568 353
3752 3519
6525 3699
8317 5779
2237 2123
3862 3019
8775 2628
9288 7221
4681 4191
8791 4084
6648 2138
8777 2589
2499 516
6966 5256
8484 5129
8255 1454
4179 390
3963 3324
7153 1305
1783 525
3745 1635
6016 2457
2559 803
5519 2357
1010 436
1059 585
2363 1921
6890 3554
6496 1052
5632 2734
9305 107
1638 402
5545 1046
7099 4858
4147 383
8803 7586
6770 2905
3293 1936
4434 4432
2002 694
6824 582
3090 2479
4970 371
1690 79
1635 667
3846 2279
7432 1416
4505 971
6250 1496
5810 4606
3123 1481
4073 710
6839 4847
5754 3598
8697 2815
3891 1473
8720 4458
3552 1467
4012 407
5889 2958
5643 242
9024 2613
9093 7741
8296 5311
3517 1920
5449 1976
6076 2845
9476 2684
3495 3382
3443 1614
1578 1063
7862 2068
1940 28
5543 4194
5957 3417
7048 608
6608 3695
6898 1782
5292 3084
8979 2836
3599 1943
6006 2836
7268 2376
8504 391
6144 43
8154 3830
7595 4078
6401 2495
7939 2522
9171 1160
8770 6565
5929 8
8773 1551
4096 1373
5268 4201
3010 1935
3985 528
7167 6036
4548 1687
3992 598
4227 435
5184 2227
7547 1000
4393 626
1346 768
6576 5520
4918 565
4710 3024
7973 664
1605 639
9050 3953
3162 693
8890 5656
6411 3363
5575 723
5517 1311
7128 4322
2177 914
2904 2609
5220 235
8458 522
6253 3914
4072 3538
8860 7276
6008 3611
9439 3932
5697 4397
5482 3040
7033 4298
9346 7311
3780 3660
2430 755
9054 8472
2075 635
1563 1113
2370 1769
7125 2564
6231 4128
2762 522
5708 4188
9018 3344
7142 1519
4200 952
7893 2820
6675 2296
4944 4653
9038 2623
3334 400
6711 2911
3448 1829
5724 2319
1418 445
6033 842
8183 1267
9228 5528
6139 4418
8014 618
3672 2445
7243 5213
8633 5173
4056 3763
2633 1725
9320 3015
4281 2298
7888 4000
6417 932
2055 49
1727 80
6483 764
9462 9158
2796 2116
2280 382
841 364
2980 1342
5802 1147
1864 1098
7295 1820
8990 698
2056 1858
8399 1998
7434 1766
5922 5200
8181 7147
8138 6586
4992 1773
7275 6411
7856 3065
8062 7855
5743 5134
3976 1937
9266 2110
6228 279
8004 6049
3934 1836
4173 1975
8546 660
6207 3507
7810 4209
8339 7546
5790 2166
7933 4409
5014 1736
7528 305
2453 956
9432 2680
5504 2752
6230 637
8442 1573
4204 3976
1416 1020
4787 1539
8064 6718
6361 5142
6806 3450
6195 2741
7332 5906
8808 6602
6652 6285
7536 5735
4860 656
9471 438
2968 887
5204 913
3150 2384
5987 1995
7794 2809
7965 7284
5263 3948
7596 7228
9219 2629
8194 5520
2112 1833
8115 3384
5566 3571
9164 1479
2156 499
4877 2766
5880 3425
5161 4865
3331 1369
4444 3990
4926 3967
7318 3752
5910 5634
8368 6480
6176 5563
1332 1271
9425 136
6762 1866
5035 1189
7617 6665
7609 5182
3307 1691
8486 6022
8739 568
6499 6113
8972 4995
7515 6718
8694 4354
7490 1947
8642 1068
4671 1032
6352 1182
6577 1500
4705 3234
7529 2811
9111 2660
8650 1020
7695 4656
7812 830
9375 5033
7779 4975
7467 965
7511 3685
7149 4739
8627 6942
7419 3421
7357 4319
3924 1504
9151 3788
8728 1778
9443 8401
5792 3729
9553 7673
6490 5205
5710 2198
1897 109
793 115
2380 2273
8740 1702
1496 149
7075 6471
2521 1403
2484 328
7633 684
7593 5506
9575 3459
9294 5239
4563 270
2141 1107
8415 4001
3938 3656
8074 7175
9257 1353
4385 3518
6967 5031
4259 3035
7784 469
6170 2545
7380 1892
9163 738
7766 1071
8321 4893
3602 2232
1125 502
6724 3244
2690 2557
3208 2224
4832 3305
9351 578
5055 1465
1217 234
5793 5471
6378 4790
7121 1840
5584 2732
1001 838
9565 2365
6362 3050
4477 532
8930 7883
7563 1235
9152 128
9108 2872
8355 3595
3690 1446
4340 1295
6822 4291
4595 463
6218 5064
9308 4163
9485 762
9086 3427
8588 5917
7514 4353
8584 3153
6222 2372
9125 4254
5713 4029
8252 3305
4292 30
8657 5713
5862 5415
1062 364
8742 1078
6239 2646
6249 3901
4041 2283
8877 2497
9379 1041
4971 4381
7827 4427
2147 1667
7757 174
5730 148
4762 2055
8957 4347
8087 7884
5832 1760
5779 1903
7146 2229
3249 1475
5926 3785
7706 4900
6830 3399
6557 1154
8859 3842
3800 3333
6019 4290
5228 3184
8315 5302
3977 3938
1921 319
7388 6096
6353 5010
996 519
3098 2003
3975 954
2811 2330
2384 2232
3684 3593
4996 529
6121 3557
8039 1427
1710 82
8835 5096
6129 3370
7522 5739
1990 714
9174 2282
6617 2740
5235 3826
1957 880
7367 6027
8747 3423
9551 8040
3531 2689
8045 3847
2778 1033
5280 707
8168 5626
4051 1628
8946 4396
1487 1099
1669 1436
5362 2737
8208 2413
7305 7000
1258 90
9159 2953
8955 5619
4830 4064
6678 5129
4743 3289
9289 642
8292 1260
6551 917
2456 1369
6307 2203
9468 1602
5226 2073
4908 2010
4374 3506
9368 4873
5798 2932
8795 1013
4394 587
292 68
6001 2768
6950 1459
4729 2988
1150 212
6756 4371
6986 4967
4593 683
3364 2969
2303 1361
8792 1567
2093 1939
8347 7465
4001 3676
5766 544
3102 125
5805 602
5130 4347
2872 1385
9306 2204
1799 746
6273 5383
6666 5030
6331 4843
9014 4190
7497 3276
981 690
7491 5812
3114 1232
8381 4617
8220 172
3124 871
4206 2903
7700 3665
2918 956
8112 5332
2823 729
8812 954
3310 3029
9464 8583
6403 3812
5272 3513
7983 931
6723 6650
6789 4086
6471 3478
8987 8601
7299 6051
3706 271
8545 6432
2400 282
2307 1737
7777 430
7907 2317
2407 1509
6493 5855
8130 7814
6643 753
9048 6992
9546 9012
8537 3753
9078 6566
8731 3497
3822 1605
3134 2990
4820 3521
5920 5327
6180 267
8122 5353
4337 3947
4657 146
7952 844
6486 864
5254 2962
2974 342
6101 526
5845 2479
9542 6810
2371 2112
8253 6538
967 451
1905 140
4203 4050
7574 5740
2262 1362
9103 7536
8069 6025
8794 2933
9264 5869
6936 5490
5886 2366
7465 3308
1407 1012
7654 2107
6914 1485
7451 4807
8101 5930
4379 3614
3893 3518
7133 2268
1616 1407
5361 1644
2999 2480
6311 868
8001 15
3009 2456
6826 553
7608 7490
8422 6586
3810 1327
2274 2240
6944 2723
8874 212
7556 5055
8573 582
7549 1210
5560 896
2387 1799
8196 2062
1440 1260
7815 879
7614 3743
7895 6231
6590 3082
9574 5781
582 308
7737 4673
1329 468
2334 733
2429 760
4890 3715
5554 426
6772 5143
5383 2398
4016 3888
5717 487
2938 505
9245 3438
8367 4913
3183 2161
3631 1696
2988 174
6368 3226
6665 6510
4735 3264
7106 2143
4579 3859
8570 6335
8725 1250
2409 753
6088 3251
4954 105
8372 1061
5871 3743
9258 8270
8703 1858
2739 2533
4432 584
8531 759
3774 1119
6731 1650
3627 3505
1859 1616
3055 2001
795 482
1866 605
6462 1276
8267 4779
3166 2864
7995 3253
9157 2184
6763 3560
2670 716
4216 3283
4059 1767
7046 3037
7289 4421
8351 1893
4377 1769
7550 2499
7503 1165
1679 247
8384 460
5441 582
9082 1627
9487 9124
7548 6224
8575 3070
2722 467
5618 840
5692 3844
9364 4204
6634 1598
6498 3623
5259 3852
5635 897
5679 1935
3213 1053
5151 5046
6488 2828
7821 2609
6800 2425
2954 383
6745 6206
6636 6129
3823 3254
3945 2099
5047 3512
8619 1564
4457 915
8659 3252
3878 2335
7978 4732
3677 2373
3378 3050
7863 6744
9356 447
2882 2111
7667 7663
5232 2682
5747 1040
9211 3711
8257 6495
2969 1834
4410 4074
5244 2715
6926 1251
8344 6060
6687 1291
9013 3637
5615 3668
6287 2275
1529 424
9295 2415
7756 2306
7315 4987
9399 5834
6682 5581
8596 7871
5801 3641
8830 1362
7715 4049
4469 3610
5728 4258
8691 6171
6704 2376
1469 389
8888 3688
4785 4675
2632 1315
9156 2709
4389 945
6669 6643
6064 2429
2710 946
6695 3646
8727 1786
4021 1524
2603 1113
7901 1884
4327 3725
4822 1683
1734 526
3217 2448
1717 670
8917 2315
5318 26
7240 611
6027 2125
5686 3216
9124 6209
6840 5863
8969 1369
2814 762
1506 32
9475 3646
7834 4930
6644 6344
7855 7525
4221 3865
7624 5533
1587 433
5005 2418
7334 4735
8176 668
8177 7278
7773 7057
8891 3502
3163 309
2914 1804
6096 797
6476 6422
6467 1602
7339 6135
3486 206
5744 434
7606 7480
4978 104
6251 2296
249 99
8602 1291
3432 601
7246 7146
3481 53
2082 946
7073 586
1778 1662
9465 2843
3925 3265
