7512 10 1097
1183 4770
1435 4012
5431 7495
2435 5931
2608 2844
756 7229
109 6786
3011 7262
1437 1858
154 5732
439 416
1019 612
6751 6413
3455 694
2255 148
4933 2447
2581 2435
5072 1647
5120 4581
3271 48
4556 4543
3015 597
3021 227
3003 1943
6411 5671
3684 50
5207 3022
6438 3750
6167 961
5335 4432
7107 6847
2201 1399
7193 2428
6670 3318
3829 2905
3098 1097
7229 4249
1344 977
1567 506
6044 5648
4136 1733
5320 2005
3963 2533
6971 154
3994 1707
6694 908
5916 118
4945 4827
3473 1344
5646 2227
3669 217
6875 1273
6226 1842
4182 2250
7021 1814
1009 836
6564 5827
6827 4823
6912 3248
3161 3120
3084 2266
6885 2331
6393 4017
2714 324
4266 4179
6198 5916
6450 3392
3578 551
7097 2299
7322 3519
4351 63
2397 385
5317 1507
5002 2643
4956 1465
5808 1402
5859 847
6250 3557
6088 852
6604 1822
3465 2781
3610 112
4907 3153
2135 1451
7441 2126
3992 195
6876 398
5586 2838
5130 4957
4605 4136
2551 415
4997 3777
5697 3303
4831 4498
5814 384
6840 2373
4708 1819
4754 613
2825 2377
5018 732
6674 1475
4330 917
1613 746
4370 767
2667 826
4017 3202
7459 2769
3149 1210
2822 1804
6378 5458
6202 2352
4272 2887
6155 4596
926 548
3018 2867
6819 275
1605 408
5721 4500
4899 3930
6079 1922
4887 4419
5310 1666
3789 3403
6986 4930
3744 2071
3636 2037
4985 2549
3099 239
3030 927
3288 1890
4918 2966
3834 2936
6807 3011
7252 2578
6713 2890
976 385
3420 674
6804 4414
5652 2052
5017 43
7283 1090
3111 2065
7369 5641
5227 2490
4344 1707
5602 2088
3467 2814
3648 3091
3954 2639
5630 2202
7205 885
4953 1481
5347 3398
4375 3067
7061 1481
4425 734
2305 1039
6872 674
3538 647
6472 1215
6218 1341
5296 5239
6834 5665
5963 5676
3301 2949
7454 1141
1332 950
1328 66
4538 4144
5053 2658
5051 28
5211 4500
6755 5081
5220 703
6290 5149
7314 4527
7492 1774
3751 1218
1615 1530
1308 930
4844 3506
1652 549
3879 3285
5931 4295
7424 323
4946 2137
1739 1211
6539 1472
6381 4832
5410 2382
4193 894
2356 472
2256 141
5400 1418
5785 1651
6103 308
4534 2504
4475 4261
6477 2641
7445 4358
1287 1004
7329 1403
4378 3432
4207 2204
3357 107
4772 147
7304 4111
6338 1988
5990 3551
2679 2634
5222 174
3929 2337
4160 3848
2330 1624
5490 591
4910 4653
6054 1675
7423 4357
3875 2295
1431 984
6634 291
1729 1678
6239 634
5352 1536
6558 1039
1845 752
3991 1059
2081 317
6441 2380
7305 1980
7072 3964
3204 2407
2656 711
2568 2505
7420 5124
7456 1053
1583 814
7270 6196
3270 149
818 816
4734 3681
6329 602
2470 1047
6413 4664
3004 895
7389 2276
929 434
7118 2989
7385 6299
4929 1698
4365 3508
6181 2084
5705 4069
6731 2163
6789 511
5739 414
5593 2918
3073 2313
994 334
2838 610
4282 2920
661 610
4609 2522
6538 2707
1600 302
3906 2270
6643 28
6521 1507
4730 1176
2952 141
5008 3870
3613 128
6371 5507
7211 4892
5594 5171
5874 1344
5995 4442
6795 6575
1161 759
6253 4912
6822 295
5570 5553
5262 2498
4932 3927
4205 3578
1549 826
4573 3300
4465 4030
855 707
4277 3744
5582 3447
6671 2518
4181 2301
2609 280
2215 2171
6213 2185
5034 864
3216 92
4045 2729
3795 2193
1694 450
3387 1232
6150 4652
6642 2050
6592 2617
5245 4269
5104 2677
7279 2458
5161 4031
1705 1530
5545 3475
6773 2360
4691 111
3541 2276
5550 4853
4962 4631
1418 1179
1102 636
3446 1392
3737 3162
6999 1952
6513 423
6271 1286
3024 2416
4255 2631
7241 219
684 291
5289 2786
1951 1342
3403 508
7249 5290
7171 872
5122 4050
6240 519
6200 2814
3883 3623
5997 388
4442 2726
5776 2956
1366 224
6752 6558
7271 3396
2988 1743
2549 54
2231 1236
1448 529
7226 6531
3988 3479
259 232
1132 506
5983 937
3386 605
6032 5388
5920 2396
1902 682
6557 6258
7237 638
6685 4967
5398 1491
5809 524
6582 156
5790 1573
3645 2687
511 432
4769 493
4743 910
2745 1930
3514 138
3068 2210
6532 4198
2833 242
5373 2553
3411 1858
1018 611
1416 1264
4901 1480
4292 1833
6880 5494
1446 236
6932 2872
4120 997
3799 3506
7043 6800
4135 1169
6171 3132
7435 3139
2373 212
4869 4347
6397 1670
1122 0
4119 1767
6133 1403
1865 672
4416 1535
6468 2315
4152 1846
1146 996
6712 2752
5985 2253
4713 4332
5750 3768
3806 237
7462 4325
4661 744
2424 737
3284 307
1299 347
4028 357
4515 3107
4639 2260
6035 4299
5852 2105
7218 4985
7150 2969
3877 3517
5681 5013
3359 2509
3574 3374
5247 4368
6484 4671
7480 2467
1783 1358
5854 3327
5100 2127
5374 531
2438 819
6714 1221
5256 4446
5848 5237
4947 4200
3617 3191
4741 2204
1678 96
2352 477
6215 5555
1794 1354
2291 690
3164 848
5517 2069
1225 85
6208 6141
5695 3271
5851 3400
4029 3969
7339 741
1350 992
7002 2065
5198 3072
4032 1617
5015 3701
4088 1533
2423 391
3417 2171
3928 21
1629 434
4489 752
6311 4354
2014 1451
7254 6902
4843 4481
6790 4627
4865 3383
1748 1020
5918 2116
5676 3057
564 463
5163 4785
4256 2228
3836 1737
1278 600
7324 2246
6898 4591
4144 1505
1129 993
5709 2479
3721 1450
6640 3967
3980 655
1625 1004
7287 5976
5831 341
5849 1892
3762 1596
5292 1379
6067 2803
1426 1231
7045 4682
3587 291
5249 977
3131 1088
1438 692
6816 2694
2041 1219
2483 1498
6530 5195
3588 1321
4239 2674
5927 4530
3507 2744
4871 2721
4589 4425
3801 1890
4926 2194
2384 376
4909 49
6201 5111
4735 3555
6366 1732
5666 2186
5084 2503
2754 230
5503 4290
6655 636
5266 635
6688 5541
6298 1652
6914 6621
4540 3572
2577 1364
829 356
5068 3956
7105 5062
7489 338
6648 413
5182 232
4157 818
5926 1868
5243 2525
4051 44
3625 420
6710 5623
5971 2426
6991 6403
4687 4518
7467 2132
6560 3772
5380 4282
5236 2809
4346 1515
4814 4738
2674 933
3414 2884
6410 6265
5450 2466
1898 27
7198 3421
6396 3550
1790 1360
3117 2014
445 224
814 403
1394 492
7374 3052
2491 1281
2953 406
2347 1602
6717 731
2339 1216
3183 1123
2393 1389
3019 1871
5389 1789
4978 661
5639 3030
5881 4982
1204 1093
7317 2827
2790 1185
7383 6446
4183 2747
6394 1145
2913 729
4776 3191
6854 986
7064 1121
1828 823
6841 3027
6425 2374
1803 1130
1364 519
998 572
709 276
7407 6168
5823 275
1097 173
3323 1174
5138 4441
4685 4163
4592 615
2728 481
4130 3727
5999 2064
7501 5324
7082 4946
6874 1888
5416 1386
1995 366
2770 637
3703 2012
1376 350
5734 2823
6098 2082
2322 1186
6832 1511
1267 1222
3476 2362
2298 1959
3870 695
6447 3501
7162 2526
5945 245
6364 3602
3811 544
4230 1472
6347 1812
3396 2499
5658 2053
5866 2293
579 265
6420 735
6741 3974
1356 999
2152 285
5216 2266
2857 1370
2346 1107
3464 559
5511 4167
5224 2233
6267 1784
1606 235
5324 545
7123 133
5770 424
4011 2950
953 178
7113 6432
4581 1385
4780 2130
7033 6388
4260 2246
5343 1803
1061 53
7463 900
6416 5147
4586 3724
6754 4349
4580 1817
6128 4975
2405 685
3859 1338
6587 1698
3007 2526
6274 326
4616 2874
1616 406
5837 1557
574 185
2128 1425
6029 3896
2875 528
4853 1207
6109 3745
7366 1638
4099 2691
753 408
1658 842
7074 3253
7387 4082
6728 3668
3186 2130
5340 811
4936 3745
5098 3132
5981 3836
2881 1585
6436 4014
5628 2986
7098 6066
7070 6260
3229 2574
7409 4541
2202 754
4312 1404
3763 3194
6871 3914
6857 4004
6453 809
878 203
726 243
5011 113
2037 1040
6309 433
7176 2501
7398 7178
4537 1973
6432 1080
7431 563
5141 1691
7411 6693
6216 2284
7393 6247
2367 1661
3956 3764
1403 1234
765 634
690 652
2925 1189
1969 1020
6848 6711
3423 2701
7154 1038
7251 31
2024 1440
490 84
5706 2655
611 294
6726 3578
4805 3596
6529 2156
2660 2386
6210 4304
7507 923
1886 1568
4715 528
6534 1494
6618 157
4301 1613
6969 1883
2372 1885
3293 2098
5972 4146
2026 720
3566 2140
5001 657
5884 2171
7281 6287
2562 1028
3901 419
6110 5556
3182 1444
2445 2138
6126 5914
4451 3374
3407 1646
6944 2815
5291 1377
6284 4766
5418 8
4856 4046
1017 293
4879 1870
5482 5427
4426 2593
5967 5038
6474 1909
3133 2635
2158 822
6619 2529
7037 4612
2369 58
3255 1242
5180 62
3802 1622
6882 3358
7011 6188
5573 2564
5137 187
3475 2691
4140 2179
4549 2451
2516 1454
2321 1534
7009 4189
3013 1806
575 541
5987 1952
1463 741
4178 1340
7484 4729
6679 6017
5683 4555
6024 5052
3871 621
3348 2103
6620 177
2205 1681
6446 1107
5156 2049
4698 2645
4421 1423
1700 181
6219 3594
6372 1671
6080 4076
6375 366
3312 1602
3698 1860
5492 105
1642 614
2718 2495
6004 3755
6423 3604
6843 6614
3746 1778
7108 1144
4648 1433
4613 4468
2243 1560
4308 2660
3832 2294
2009 5
6105 4624
2804 956
3233 564
4827 4086
4150 552
3945 1474
7169 5941
5125 3302
7018 4754
4201 1260
3595 2513
3881 1878
1601 1564
3088 572
1648 1068
1456 430
4510 606
4683 892
6907 310
4031 2389
7272 694
6095 2298
4678 1433
6142 142
7309 6267
6272 361
2069 1594
6727 4239
2641 1316
3825 2940
3261 650
2359 87
5178 4044
7419 80
1752 853
7474 839
4206 4162
4311 91
6927 3200
1523 986
2208 554
1168 1024
2871 2238
5194 4497
6119 2101
3360 1788
4478 4196
3826 1640
5648 1007
4535 4045
4414 1726
6928 3164
4664 3081
719 669
2443 196
4971 3338
3106 1660
5644 4011
2699 941
6075 1125
7041 6266
1381 966
3850 117
5777 1990
6412 66
5670 4833
7425 2303
5159 3421
5631 2742
5338 4456
1813 646
5596 3392
6632 4588
7508 3967
4653 538
2889 2664
4669 2395
3490 2454
2364 868
5305 2130
6320 994
7362 5748
3851 532
3662 2798
5275 63
2553 2119
3245 2514
6516 1335
2494 1492
6937 5282
5590 23
7429 6287
3965 1811
2216 322
2899 149
5251 2897
6118 519
3115 1657
5864 1190
864 294
2198 1038
5261 3965
7048 3082
2654 35
5991 2569
3569 810
1826 1607
4539 2907
6765 3903
7427 2941
2627 2232
5473 563
5244 185
1869 108
7085 2629
5832 3361
2863 145
4436 190
6554 5053
1717 768
3972 741
460 290
5149 747
7327 7310
5315 1827
4339 1475
2379 1094
2062 890
6260 158
7234 2373
4267 1893
3412 2218
913 67
1810 1159
7495 6978
5624 1030
6732 6710
6244 3574
5527 2734
6608 3175
5724 1871
3449 2387
5611 2361
3728 393
4786 4098
2115 1572
3793 1263
4979 229
4559 2932
5408 2119
4070 404
5929 659
7378 1379
5805 3244
6237 3745
2016 861
4027 3813
2719 2121
4868 2390
2285 1941
5074 2601
3620 1055
6748 1466
5641 2173
4612 218
702 270
4706 2154
5936 2217
6330 2104
3930 1369
6028 4655
5377 3456
3294 1346
3512 2262
2242 809
4287 2095
6973 4893
2361 956
5522 2555
6291 4350
5818 3501
3485 399
5688 1760
3254 1677
1747 699
1545 1224
6025 5731
3975 1146
546 538
2453 1062
5959 891
3540 1950
7504 1746
5423 209
6576 2155
5306 371
7367 2093
6180 2238
6596 3955
1912 1711
5390 2326
4316 1847
5274 1413
3708 303
6499 2594
4747 2223
4949 538
5984 4470
5955 2424
3981 1990
6686 3292
854 117
5354 4357
1786 269
4569 135
6503 1465
2806 713
2194 1165
2829 2255
7099 2276
3291 2046
2814 1242
3372 2320
6740 5745
6163 2268
4848 267
7238 2660
6008 3999
4993 3715
1271 1189
3058 210
6669 3496
2487 235
6736 3272
1917 1449
6551 1143
7267 4136
5414 4003
7179 5290
5512 175
5799 3014
3083 1842
5126 3317
2488 408
5282 524
7395 3325
5143 1520
510 285
3120 16
7413 2699
5479 3517
1890 14
2091 1367
5495 5169
6148 1311
1180 219
4326 2665
4347 2885
2567 394
2892 457
2780 1339
4977 4311
4404 4208
6466 3935
1982 983
6057 488
5394 568
2353 1895
1626 1478
4670 469
6442 2198
5047 1930
4274 1837
5071 2263
3101 1829
5195 1393
7300 2211
3238 1138
715 677
4454 2590
4728 2154
6034 1513
6780 772
2341 1863
1873 760
2668 1357
420 189
5382 5009
3659 2910
6649 1080
2764 1339
5171 1516
1133 272
4999 1201
1934 1537
