8435 2108 798
2063 7214
2973 5607
158 6101
1226 6147
3434 6455
5675 7076
5756 5764
3238 4440
3566 5831
3031 5741
4090 7003
6407 6594
1132 5020
1662 7993
3528 3655
3540 7403
1679 6091
4463 7263
8008 8063
4134 8315
334 2115
244 3212
344 3031
4778 7827
3160 3939
709 1437
1720 6337
2407 7656
6557 7589
2577 7140
1221 1994
3618 3968
1858 2620
6018 6549
1682 4636
3513 7685
2123 2919
75 4285
2818 7091
2233 3989
2831 3081
569 5261
412 5923
3706 6428
2616 6356
2790 2869
2093 2516
360 1690
3257 7086
539 7480
2651 4630
1530 5669
2634 8004
3327 3363
5045 5859
2578 8423
1648 2063
2659 3196
5999 7248
4633 7285
2994 3220
404 8249
2629 6763
6075 6829
4769 7342
2979 6589
6015 7679
5507 6617
966 3915
6344 7965
7531 7632
2380 2570
6918 7488
3154 3250
3764 7183
4473 7353
3570 3760
1757 7003
229 5120
6598 6679
3037 5643
1420 8127
4245 5810
4005 4094
2393 5565
5276 7617
3109 7762
1979 5924
3759 5140
955 3870
4417 6189
2997 3902
1562 1975
4514 8058
41 807
1814 5935
4043 4452
712 5717
2324 7555
1577 7127
1275 6146
5166 6932
5475 7152
2590 4649
453 4499
2232 7891
712 6926
4670 5713
2438 8084
1784 3786
838 2587
570 6472
1487 3409
1759 4046
1225 3205
1239 8088
5915 7439
1456 8434
1833 2200
3612 7136
93 587
6476 7617
2244 6388
1956 6286
3641 5763
196 8378
4848 6500
4421 5761
4589 4621
4160 5841
514 3099
6605 6841
1273 8431
3671 6703
5545 6433
6379 7173
4377 5861
5 8176
5042 6840
3721 6396
3499 6816
2828 7121
727 2513
94 825
1900 3748
127 4973
1268 6797
634 2798
3184 6249
708 8164
2509 7453
15 27
5476 6758
3187 7230
570 3901
1614 3238
2129 3560
1947 7115
5570 7445
5909 8021
2093 7296
6614 7536
3081 6076
3852 5152
2654 4175
2248 2661
3760 7125
2084 8311
33 6798
1106 7534
912 4503
3260 5594
928 1121
1089 7421
19 7232
690 2387
2579 3976
2767 6480
779 2162
385 2049
6959 8177
2921 3177
3026 4972
3823 4703
4037 7165
1231 7607
782 5839
6184 6694
5565 6016
2499 8042
710 6136
3156 7621
395 7346
255 1139
1627 6375
4527 5303
1330 4889
1686 6667
2359 8231
322 6346
759 4273
1247 2421
1438 4218
989 4400
307 6066
4901 8268
3031 5478
552 1658
7101 7174
3040 4699
651 1206
5830 7978
4537 7561
355 4941
1106 7198
1755 3601
138 6292
3074 7365
6340 7835
5989 6801
2949 7950
6824 8209
1695 3500
1729 3102
7444 7856
5497 6821
1094 7795
5217 7316
4448 7931
7128 7408
447 5399
6513 6698
3357 7899
4090 4702
2107 7158
4754 7719
5730 7380
1113 1962
4251 8138
73 6413
2948 3639
2629 7227
14 6566
4969 5346
723 5558
3516 7645
5966 7615
3684 6605
2827 5879
446 4514
664 6743
611 1316
531 5430
6189 6365
978 2563
1926 3790
49 7362
5871 7674
2992 6217
8240 8397
5084 6890
7 6246
280 7022
862 7233
5442 6032
2397 5346
1854 5530
254 2371
4308 7775
3175 5785
1229 4222
188 1497
1984 6006
2236 5771
7878 8077
944 4977
1794 7375
3966 6582
486 1712
453 6954
3414 4648
904 1989
451 3773
495 2433
364 667
1224 3903
4551 6769
2635 3557
2258 5832
7576 8232
2944 6323
4776 5541
4967 6487
1487 7643
4419 7235
1183 7471
2444 5110
2185 7370
1657 5397
935 954
2208 3888
2808 4248
5366 7175
875 5479
4717 7445
4040 4514
1 2555
2862 5237
1109 1282
2986 5169
4859 6708
666 6396
969 7826
4097 6747
644 1130
6317 7790
5506 6217
798 5331
2991 4150
4255 6107
1561 3447
3567 3576
1166 6260
1379 6644
2914 3974
5483 6000
3570 8141
105 319
1065 6789
179 4274
2559 5292
1929 3244
2020 6312
4533 6692
6906 7794
2071 4200
3752 7080
5690 6652
318 6113
2039 2499
649 5219
2546 3216
5155 5495
4340 6837
806 6622
1128 2497
2637 4942
3242 6197
685 1383
2658 8432
4235 7557
3713 5327
6050 6721
5848 8339
600 1448
3962 4346
5671 7492
2849 7209
844 2353
2535 6636
475 3388
1124 1318
2014 6367
4325 5977
2169 6449
3180 4899
754 4227
5028 6520
2062 4051
4492 5343
640 2430
1460 7742
4470 6166
641 1907
236 1912
2233 4511
1710 6548
2804 3849
1823 2041
1611 8013
3887 4238
6718 7856
5023 5352
2425 3906
2178 6493
4346 6673
2679 4713
1082 6700
641 6896
395 6728
6332 7299
6911 8002
713 5172
3957 5688
3479 3770
1260 7348
4195 7503
3117 8360
3830 8286
3162 4804
2006 3628
5479 5805
6912 7767
5392 8276
1719 2127
1641 7088
5801 7292
3901 5737
1898 2335
1238 2909
6991 8032
5091 7879
3493 7304
1120 4500
963 4870
478 2951
3022 7211
827 6578
3470 5369
6116 8288
469 7339
1206 6654
4258 8203
2837 5866
1330 5051
1402 8388
3432 7089
1288 4091
1881 3574
2151 5883
500 6269
893 2797
5080 6428
2450 4706
1921 6392
2340 3283
6051 7799
4272 6886
2797 4133
1053 5798
2546 7170
4176 6971
6622 7249
4729 5598
1324 5559
5533 6027
2776 7742
560 964
5041 5604
2087 8105
1053 1753
157 7757
2317 3844
1139 6906
5128 6181
4325 5495
1392 3882
1592 1889
3037 8248
6952 7384
1348 2695
1562 8103
2351 3001
4552 6226
49 6979
1696 3087
472 6678
2733 6679
586 5795
3362 4681
1996 7723
3344 5397
1305 2396
1795 8132
1841 6092
6673 7285
253 2339
1992 3543
4088 5444
1056 2693
3131 5485
1413 1458
5962 6998
3072 7153
2598 6447
3711 7207
584 5313
6016 6218
1423 3982
2225 4989
2175 4027
527 7472
3956 7284
6134 6255
6609 6629
648 5926
3260 7919
201 3839
2955 6114
685 4574
2493 8272
3751 5849
2568 7639
1425 7365
2782 7177
1599 1919
1639 3096
132 5169
279 933
330 6111
357 7404
4421 7849
3059 4657
4394 6709
1822 5018
6335 7066
2065 4948
1682 4083
6281 7087
4289 5625
489 6207
5939 6247
4605 6141
603 2402
3110 5323
866 2926
2634 6891
682 7970
224 6061
1223 6489
532 4920
718 6412
2065 4625
3825 8266
1233 6948
3104 4845
660 5849
1610 3406
4950 6855
1657 8261
1738 8185
4568 5244
198 6009
4188 6245
1502 5151
791 8178
6987 7616
135 4507
1756 1842
2929 7818
382 5703
4819 6941
4440 6578
2161 7427
2135 6463
385 3285
169 203
4672 7014
5258 6338
4688 5566
4284 8014
633 2717
3870 8150
1403 5198
574 7005
4047 5786
368 452
3468 5639
2802 6859
3017 5028
847 1107
2246 3111
2810 2932
4949 7201
2217 5598
146 2202
1041 6984
3409 8345
3283 6996
3819 3987
265 3042
1617 5101
4260 6335
229 4048
1885 6029
3293 5166
6566 7692
2095 4751
3266 5410
83 1185
2166 4817
1804 5735
2550 8021
1877 7763
4237 5539
1253 6003
739 1791
4513 4954
1107 5618
586 5167
569 3358
921 3365
2564 5451
3402 5345
5747 6966
4789 5173
2713 6322
1727 4347
853 2223
5830 7495
3646 6426
1281 1351
3409 7236
5493 7320
5060 7183
983 4788
3804 6799
3666 3787
422 606
423 4413
2004 4292
1693 5150
6984 7059
1477 6226
2408 2752
4333 6222
1223 7699
424 7712
1749 3219
1862 4422
1638 2625
1445 6792
1704 3911
1885 7867
227 2575
756 7259
4624 6146
1489 2809
5854 5987
493 5439
4206 6098
1016 2643
458 4422
1816 3699
1177 7525
3145 6738
3266 4461
3714 5527
2967 6637
707 7439
1329 1867
2618 6803
5149 6788
1182 8323
144 4265
838 5093
376 2346
3096 8391
297 3146
5425 8374
168 2848
3833 6666
1784 2787
4961 5087
2640 6002
2186 4529
5192 7462
1750 7187
1484 2690
1308 1710
622 1684
2450 2608
5856 7635
2159 6263
2489 7447
2532 3071
1557 5945
154 1011
43 6679
1651 7979
6388 6886
2912 5308
1607 6410
645 1880
2848 6083
5245 6518
2182 2691
4062 8273
1894 3475
3172 4588
936 3577
1035 7323
3482 5645
4884 6028
3378 6971
1094 2602
648 5309
6176 6956
2890 5551
41 3289
7186 7844
1173 5024
1326 7354
5482 6624
2290 4507
1132 1533
2122 5581
1065 6873
2781 4224
1173 5598
5967 8395
1046 6352
941 6642
2789 7434
3553 5996
393 7856
1823 6694
4191 6418
2414 7044
307 3953
2323 4454
451 3343
783 787
5243 7024
1166 3769
4927 7292
3733 5640
18 1465
6884 6984
3972 7306
7445 8088
1519 1939
2004 5367
61 4764
3947 5626
1783 5065
931 3900
3917 6189
4316 7153
927 1711
653 685
900 4705
2401 4182
1369 3584
3281 6044
1108 2294
4702 7213
6164 7875
2146 6808
3742 5783
2211 4456
1102 5642
108 5060
3993 5845
902 7489
1332 6365
81 3784
2400 7311
2713 8122
1203 4124
1600 7824
3872 5828
2873 3868
8001 8065
4807 4986
3924 5436
2005 3981
2112 2319
2740 8422
769 6004
2504 3139
2002 2154
1839 2573
1033 2790
406 4007
5877 7258
2834 8127
5576 8090
7795 7869
132 2661
6945 7073
1672 1885
1379 4071
449 6088
231 3394
353 1081
2840 7027
976 7637
1110 7856
6312 8263
639 898
7346 7859
3782 6122
300 752
3501 3934
1777 2976
301 3868
1356 5542
5398 6815
2627 7307
2862 4766
2535 6386
5376 7543
3192 6878
750 4088
3170 7984
3400 5699
1613 7434
100 5826
397 7476
2626 7369
379 4722
5579 6982
1893 4674
2832 6403
291 6970
4814 4965
4034 5243
4744 6596
1411 2263
1028 1812
1027 6150
3707 7722
3522 5180
2889 4393
392 7446
119 7181
3900 6104
1398 1799
4070 6746
4441 7944
1213 5493
249 5012
1413 6087
144 8155
4632 4896
4404 4660
2209 6240
1142 7756
2942 8049
3859 7153
3185 5831
1559 2332
2971 6411
862 1006
2086 2108
7288 7677
801 6875
1976 7866
174 2239
1669 2523
356 971
4851 8017
1704 6405
1087 6442
914 5641
1104 1840
7579 7666
255 4196
4922 8336
1263 1443
2198 6014
3350 6096
420 5895
1408 3308
4670 6633
2739 3304
997 7549
1302 2452
1962 5418
282 5745
1029 2501
2976 7270
3148 7082
4092 7763
6920 7513
973 2586
2234 8065
2650 3629
367 3573
5419 6027
5221 8263
198 2002
2511 2646
2071 3685
1321 2906
5312 6040
3822 3943
6566 7600
1661 3888
2151 5239
4026 7827
1983 5947
1127 1926
942 7340
2012 6971
1297 5346
1216 2603
5843 8076
1581 5067
3111 7174
1357 1398
902 1798
1772 4172
335 5160
695 2988
208 6010
3479 6161
1353 3187
5459 6036
4561 7355
5068 7589
3893 4371
1398 6252
2850 4275
1144 4624
948 6966
349 7343
2866 6834
2223 5541
4144 5420
1018 2178
1013 4786
996 2132
4022 5157
1537 6206
4377 5518
3907 6472
1843 2391
4070 4696
2876 3081
3152 5726
4124 6649
1665 6522
488 2588
374 3391
4564 8017
2382 2521
366 5972
3667 5060
4995 7482
3812 7451
4814 6157
1222 2486
755 7172
4935 7096
309 7130
3931 5733
4633 6715
602 5729
225 3105
1888 5610
610 4835
3129 6144
1656 5549
1064 1199
3464 6280
0 944
3758 6009
3422 7302
5840 8200
4851 5755
2119 3704
1679 1732
3442 6283
384 3174
4876 5467
2046 3846
4124 5888
2105 3948
7001 8369
459 2567
445 4424
2242 4353
4695 7699
226 3848
498 4587
3148 4537
2556 7866
5614 8323
132 2108
6021 6283
950 4373
2058 7802
4195 8404
594 5461
2919 6807
63 5560
7912 7919
5786 6144
4364 6474
4881 8272
1257 2689
2822 4928
511 2933
2436 3234
248 1991
7129 8337
2976 5898
374 7865
496 4679
1351 3469
1718 7812
5964 6787
301 4979
2859 7521
649 5011
378 5647
604 6762
1186 2707
1248 5242
2284 5938
2894 7991
1603 2426
1273 7700
1424 5937
5771 6849
4842 5682
2012 2978
5596 6894
1772 3655
5145 6755
1700 6894
3180 7242
1938 6405
234 2268
6943 7110
1124 4648
5380 6256
165 264
5045 7190
363 1498
2768 4632
5229 6953
1305 2015
956 3945
3616 6406
740 7516
3954 4199
463 5258
475 6999
696 6319
5395 6935
3595 3858
3052 6456
4936 7547
649 1404
3770 7561
3702 5136
6494 6896
3120 3896
6343 7370
5458 5557
5460 6826
1314 3689
1137 3555
2855 8161
4371 4802
6104 7518
3454 6279
2921 5761
4966 5385
392 5377
593 7386
526 1160
4501 5429
4373 6872
650 6503
3248 3729
960 2748
1843 5563
3143 8184
6731 8253
28 3915
1326 7625
2312 5444
3442 8092
416 6261
2337 8291
826 5992
63 1596
3683 4594
2480 5921
5287 5887
876 2242
4247 5345
255 2755
963 6572
6663 7899
4146 7106
3034 3971
1622 4106
1367 5922
10 8230
2939 6596
1941 8244
755 4071
7241 8290
3761 5757
4901 7883
761 1104
1136 1996
5883 7456
4139 4485
1858 4844
274 8229
4528 7540
1868 8243
1657 3431
1280 6899
7380 7628
569 3608
3383 4010
4628 5596
1044 5250
1351 5722
710 3131
7944 8278
1032 4528
436 1865
3603 5651
1810 8259
4370 7008
4082 6069
5843 8064
3636 4079
2406 6472
666 2755
3827 6426
4881 6865
2534 2647
1425 7812
1331 6537
654 921
5925 6589
3190 4534
1688 6411
545 4123
4921 7176
1755 7917
4898 7133
284 3558
1538 6949
1149 3208
1369 2690
378 1129
553 6696
5776 5955
746 805
4661 5205
1048 7086
1971 7021
2295 2858
3363 8137
1964 5296
2368 7838
6213 8016
1244 1363
2147 4837
900 3148
3137 7292
6626 7475
3857 6935
3051 8157
4800 8067
2473 7511
157 1711
622 2217
5234 5673
1372 5865
2719 6136
574 2957
4861 7187
3129 3671
610 2564
4122 7100
3210 3787
2620 6868
5484 6816
178 887
4618 5298
1808 3063
5486 7218
4111 7820
4939 8351
1879 6561
5298 6530
28 5387
1609 5632
2397 4139
129 421
3384 3624
30 5247
1059 5269
176 3364
2889 6169
307 6378
3095 4410
7424 8231
5572 6947
94 7737
3797 7738
2201 5483
2594 5978
874 1797
5536 5835
799 8434
2474 5403
179 2480
1981 4080
4342 5817
337 5820
1827 6068
5338 7331
7175 7574
5882 7398
7685 7820
3838 5844
1044 5529
214 610
526 4387
2302 4539
883 5832
815 6430
331 3798
1503 4394
2695 2696
3036 3094
3034 6935
3021 5952
1730 4965
5422 6740
1602 7815
6632 6912
3582 4819
141 5848
185 4601
4699 8145
2086 3917
57 5592
3619 3735
3895 6262
966 7388
2017 3512
425 2241
3846 8077
2248 6533
1915 4853
879 5079
762 5417
1737 4018
5189 7639
2028 3231
261 6500
1696 2641
399 3849
1503 8323
77 3926
2540 3974
768 3367
2768 7828
2914 4576
1054 2670
2609 3753
634 5790
2832 4787
4649 6180
8012 8229
1526 5966
4432 4994
331 3317
7700 8165
5225 7834
509 3538
7489 7891
3105 4766
2208 2775
3285 3316
561 5616
1969 1995
3048 5618
1620 4130
2938 6743
4947 6810
99 3280
803 2241
5270 7227
1444 8386
6026 6855
2838 4899
2349 4137
2104 3340
2465 3389
2950 5533
2898 7274
722 3536
2686 6712
57 1038
734 3672
6253 6806
260 7083
6117 7160
6523 7754
1784 3951
6136 7554
4294 7885
3766 6778
4458 6061
340 4816
2628 7448
1536 8345
1775 2341
3252 6103
1481 6301
4006 4271
960 2670
6860 7297
3281 4084
4738 7256
1166 8363
43 6688
3615 6623
4940 8380
5072 5726
639 825
2846 4152
346 2845
3064 4463
5193 5850
3142 5627
5902 6414
438 3482
3457 5874
2216 6118
1165 6657
2844 7101
3274 6386
4456 5879
413 3876
3434 5436
2105 5342
1620 6857
5928 7503
5441 5889
1265 7411
117 6023
3551 5762
2589 3223
1596 6764
2812 4253
780 1348
237 3567
3703 5437
2710 8424
941 6837
730 7883
5164 5445
850 6640
604 1505
1127 8285
725 2368
2472 5652
3119 6924
261 581
3930 6083
5184 5463
3116 7230
2923 5104
1434 7405
503 5590
3568 7060
153 3996
2917 6713
1202 5539
1620 3224
2745 8155
374 7882
1299 5405
1076 2612
1129 4376
2105 7203
2945 3409
4942 8393
773 3697
5719 5878
2582 5529
815 5492
5311 8273
4744 7990
2185 2821
937 1958
1511 1644
622 2933
295 6201
573 2356
5444 6829
63 6857
6214 8321
3394 7202
354 8036
2013 4108
1734 7243
4270 7516
2601 6017
1640 5890
4212 5598
3847 7551
4617 7835
454 7322
648 1718
5691 6461
4037 4690
3702 7424
2193 6278
1705 2977
6091 6870
7581 8390
657 3056
1362 6152
1724 3969
1627 2525
5095 6367
3177 4827
4372 4874
225 3937
2909 7339
1720 5941
3340 6663
6154 6350
3113 4709
4903 5396
1327 3195
4446 5902
3838 3911
1873 3035
1326 3366
2299 3113
3094 7207
4749 5982
3800 4940
208 217
1195 7218
5016 7606
1341 4251
6080 6724
4649 6489
176 6430
2084 3322
748 5540
1339 4666
2168 6862
3264 4804
458 7969
610 8314
478 2548
3913 7608
2827 5168
3124 3145
7051 7604
594 7403
2582 4844
4931 5202
5101 7058
122 5682
1512 2579
957 4484
3696 5176
1255 4349
61 1959
1713 5922
3369 3391
5567 5769
765 2962
38 8293
2620 6360
4637 5918
4883 6499
2982 5202
2028 2424
2659 7827
3107 5641
5099 6600
4870 6534
3917 7153
859 4143
6684 7171
1956 6305
1701 2492
1275 3570
7574 8275
109 5777
5945 6810
2251 2862
2907 5415
4307 8077
3422 5215
2038 4534
339 6375
283 2698
2836 7802
1839 7239
1156 1706
2180 6740
1320 4213
2992 6907
4411 6502
4537 6402
5520 7242
227 1735
5503 6754
1063 7805
5249 6546
1076 6301
1526 6889
5104 7166
720 3369
177 5913
2342 6950
4028 5268
2791 3990
5692 7999
1721 5342
4738 8235
5610 8301
5174 5382
1479 7552
1383 2885
6916 7054
1978 6816
7179 8393
2436 2707
590 7134
4171 4292
3554 5805
7054 7580
2191 6229
381 2343
4024 4059
1567 5886
4218 6544
1 4945
1554 2652
1082 6063
1095 1236
96 2004
4179 5556
4508 6697
3760 5520
2586 7363
5055 7617
4860 6645
256 1893
5134 6205
163 4925
4701 5727
3146 7358
363 3079
3001 4549
1327 7029
417 5464
5932 8152
1162 2745
4147 7385
932 2677
675 1817
325 7408
2495 5539
2692 4541
3197 6909
860 5829
2044 4247
5077 5498
5443 7387
239 1959
2810 7123
4542 8181
1717 2475
3980 4818
1605 5208
2392 5209
4760 7159
5970 7552
285 6684
553 1799
1351 4069
2923 5903
2083 3454
2280 2868
2804 2831
5723 7398
3235 6269
1045 2114
4621 7852
1894 3683
2407 3904
5320 7179
3235 4516
2300 5170
2536 8342
91 3071
1009 5409
1338 6725
6347 6932
1000 6836
5349 5958
1127 1852
6207 6748
3254 4493
5041 7563
945 2343
1378 4756
1824 4455
4681 5579
756 6134
857 6693
3834 5235
961 4547
876 2344
6312 6731
1703 6528
1078 3204
3071 4983
4194 7193
2612 7056
1576 5709
186 4611
3643 7320
3270 4129
619 1609
2628 4391
1490 5806
432 6377
1566 7620
2624 7991
320 4070
573 2469
841 5013
3345 8387
3073 5946
716 6934
4989 8318
1085 3101
3580 4194
10 2157
1112 6665
6024 6132
1598 6646
2368 4736
1248 4029
5321 6185
2608 5828
356 6115
3070 5195
4185 6816
2838 6404
1437 7077
1034 4389
3133 5040
4781 5841
3779 7173
3536 4489
1996 6410
2336 7302
2732 8193
1548 1614
536 7680
3136 7617
1638 8035
3641 6744
5790 8064
4653 7040
932 5475
1965 4258
1602 7574
4348 6961
1206 6811
4798 7336
3971 7412
1498 3522
7125 7881
480 3445
4374 4846
5506 7444
2541 2857
3853 7371
5088 6641
6845 8333
4121 6905
1084 8157
363 7995
338 3071
6488 6546
5499 8010
3712 5393
55 3923
4569 4674
2603 3268
1898 3872
600 5797
1393 8018
6094 6442
1251 3871
882 5437
1513 3935
2405 5744
2250 8175
1699 5211
1947 6722
471 2305
5143 8432
6086 8202
4175 6916
6038 6930
4106 8028
5013 5497
6451 7979
1904 7814
3830 7221
5668 7413
3698 6989
4573 6141
2203 3264
156 3184
5344 6611
3183 4833
14 2694
1147 8012
1443 3451
2465 8037
5638 8375
2442 3141
1974 4355
3214 7106
3347 5214
1516 2034
6606 8038
1240 2841
1498 6063
1647 7433
4373 5038
1262 6550
417 7841
4255 4400
6030 6903
288 6979
6132 6525
4072 4324
3025 7849
3647 7034
644 6528
3600 3997
2746 6671
3659 7563
305 5800
201 1844
3534 8009
4021 7687
336 2251
1942 3793
2124 4410
3429 4874
2884 4142
200 954
2103 6284
139 7134
2511 6084
2137 4434
4574 7493
6300 6457
2777 6844
1797 8135
5821 6791
4667 4935
2887 4462
2726 4722
383 4957
3553 6800
2772 7888
6441 6481
676 2502
4642 5056
1665 2150
3906 5956
3160 5977
3689 6516
386 2538
3326 3721
4543 7509
198 6261
6 5243
3378 7227
1416 8417
100 797
1152 8349
7313 7519
4822 8343
1942 6932
5569 6782
916 1754
289 5353
1225 7573
3513 5257
1259 5840
1798 2291
6130 6767
6370 7962
4422 6760
331 7498
4935 5447
376 4668
3504 3531
6201 7541
4823 6938
5538 6633
743 4963
639 2693
4692 6297
5535 7375
3464 4568
2997 6852
1454 2539
215 6012
3983 6831
999 4607
1289 3546
978 3948
6298 6886
788 1559
5794 7341
1971 2285
566 963
3387 5740
540 993
4963 6166
2805 5789
88 3964
4966 8070
2684 6641
1181 8151
1791 4391
695 4881
858 4229
2417 3067
1347 5546
6215 8185
4103 7526
112 7125
4694 7069
5074 7938
1074 1364
622 1525
3965 7714
2412 8108
1131 7386
3744 7507
1413 5953
641 6176
469 651
3924 7517
1921 3388
3504 4190
39 6321
326 7949
425 4717
3901 5798
1674 8161
330 4256
1756 2080
1377 6903
976 2299
4698 6150
1882 7655
1382 5099
3310 7352
438 7648
1855 3174
1453 4284
7185 8139
3149 6545
3648 4481
4434 4785
4308 7545
1822 6446
1296 6120
1295 4673
3529 4122
4265 7679
3028 3867
1978 3573
2107 4772
3074 5863
1320 3386
5848 7106
2143 3863
892 7363
2103 3396
186 5788
24 3522
3364 7186
7412 7808
5791 6019
4094 4976
1111 4093
3460 6704
2234 3568
3950 8282
3816 7932
2796 4395
7493 7603
14 1660
6608 7225
7364 7745
3534 4923
4698 4777
1409 6236
2802 6523
1887 2121
3260 5308
2977 7339
1853 3534
3014 7112
1691 3026
279 2784
1975 3608
5145 5888
1775 5629
1280 1431
3263 6426
1605 2942
3187 6545
2497 4754
1759 2470
3182 7354
7481 7786
3164 4679
2479 2716
3297 7871
4212 6432
3358 5466
4425 5078
7334 7367
4268 4848
2473 4958
556 6817
5906 6202
4878 5466
265 5594
3764 6432
3117 5785
42 7735
280 7089
7021 7388
662 5606
4735 7127
177 2382
2628 3865
692 5744
63 6269
2670 3511
503 6632
2333 7556
4764 7361
583 4060
3727 7137
4312 7808
1256 5278
2139 6100
5085 6145
4208 4586
253 5516
341 5287
4322 5706
439 1644
1719 4945
556 1065
6205 6915
469 4215
3539 3573
312 2662
6149 7709
1042 7973
3207 4090
2387 4633
3827 6995
5224 6276
4518 6313
5966 7285
735 4281
3938 7196
563 5464
4297 7177
6165 7061
3973 4970
1123 7287
2919 4903
2160 4511
1619 1852
118 6019
1598 7252
2216 2427
1846 5433
1177 3763
1566 7874
1182 5656
595 4997
3049 4400
2768 4773
7436 8017
3415 7511
877 4537
5647 8330
3611 6576
2913 7641
3900 8173
995 2779
5298 7386
2243 6391
2119 8298
1310 1367
2468 4700
592 5677
3430 8242
988 3919
6690 6807
635 2942
133 997
3458 4473
1145 6172
342 4894
2631 7467
2810 7382
1195 3758
1653 4167
1614 7389
1443 1770
7701 8136
548 6313
2259 5475
508 3051
4361 6413
998 6888
3815 5437
1939 2283
39 5890
2190 6187
628 1108
1445 7570
126 6137
2831 5871
237 1333
620 7837
452 1644
1732 4023
3786 5850
2735 3801
4839 6487
1807 5861
4974 7331
3723 8287
1848 7806
7546 8127
5921 6569
3242 6931
6552 7284
2091 6380
2306 6117
162 1528
3753 5066
3734 6175
1117 1691
3501 6715
1479 6017
2159 2247
1514 5877
2780 4731
461 5420
1975 7686
4764 8259
4373 4440
558 625
4236 7148
2825 8100
1927 4638
1232 4962
887 5749
1787 2344
4675 6439
1306 5871
3059 5099
1168 2109
2661 7566
2980 7553
3294 3467
783 7578
582 2236
2404 7205
5828 7629
5416 7062
931 1819
2108 5102
6146 7093
2230 2602
1763 2176
206 8303
4634 4699
4391 4962
4407 8147
2344 6013
5417 4817
7471 257
7910 7596
5678 3221
7202 3418
6543 4717
6865 5581
6814 989
8357 4063
3268 1157
4794 1150
7034 3563
1500 759
4647 1965
3220 888
5636 847
5996 2878
7321 7129
3545 625
6629 553
7322 4140
6217 2878
6473 5287
7758 6031
6577 1574
7438 2572
2666 564
7616 6745
5682 2951
8210 4085
7510 2680
6810 5467
7741 2678
8366 6047
929 161
4382 920
5473 2519
7367 7247
6057 5912
6761 3318
6660 5063
8139 5342
5368 1625
6938 1761
7191 7089
4707 3971
2972 1458
3922 2076
5343 5199
7073 4787
6177 351
3597 243
4485 2917
7760 6356
2615 1298
7398 1929
7744 6661
4057 275
5405 547
2483 2408
7990 919
2716 1296
5622 3232
8055 2886
6765 1532
3178 597
4709 4545
6113 3624
8406 5300
2656 834
5746 4889
5069 3955
7992 37
5988 4221
5838 5126
7141 2248
6531 3903
8073 4386
7976 5729
2655 984
4127 3361
3658 1683
3488 3464
4796 2576
6321 2527
7309 1262
7960 7690
4472 3988
2728 2632
8064 71
6296 6185
2224 446
7148 3516
4509 735
6573 6528
4387 282
3828 81
6489 4043
6002 498
6811 6796
8405 7911
8276 4593
4882 145
6896 6205
3450 393
7622 1782
3749 2077
2965 887
8428 5023
2648 913
7766 4486
4747 2943
5335 1885
3785 1922
5374 1240
6726 6123
5899 5061
2908 983
7827 4897
5532 933
6447 334
5284 406
4282 1486
4943 20
5787 3650
5888 1015
6452 5639
7724 1844
313 270
7239 3784
6714 3413
3912 1812
2760 622
7104 1497
4972 2586
3259 1782
3044 2557
2445 1230
8345 5129
3736 3381
8421 4416
3832 1297
4932 3421
2048 1597
7381 4931
5109 4486
7440 2247
8040 5726
5589 682
647 538
4071 3847
5701 3402
5281 235
6425 5687
7120 1404
4550 2657
7028 3657
1634 1566
8362 2085
7978 3264
5461 2817
8015 7467
7979 7212
4914 1365
2752 619
5687 455
5963 5573
7812 4849
5445 4877
8144 5289
2272 1544
6186 3792
6624 1472
7949 6675
5889 3951
3709 2466
4924 4528
6854 5851
7061 6008
7479 2210
5393 930
2350 1445
5057 3909
1789 982
6686 4025
7946 3963
5121 538
6445 3643
8177 4045
6800 2693
6642 1273
7314 4597
5009 4787
2573 731
6620 3585
7180 4052
3560 1389
6960 240
5722 2881
8427 4260
7873 2297
5357 1691
2385 941
8360 4272
7341 3878
4110 3604
5110 19
6990 2624
104 88
6509 6081
6789 4451
3302 81
6043 2438
7921 2074
3908 1044
5466 3527
3276 1597
7027 3683
4007 2167
4983 291
4154 3864
3033 1115
4302 3005
5537 3957
4478 1118
6774 4944
3424 1696
1462 1055
7343 6350
4959 3457
5712 2698
7345 1677
7626 5891
7470 2555
3841 1943
3807 673
5885 1617
5078 189
4389 212
7480 1327
6324 1426
2059 41
6337 3631
7401 952
7250 6219
2240 2126
5594 298
7768 323
5850 1380
7571 711
7543 110
7063 6098
8202 6003
4337 76
5391 1202
7113 3181
6216 2855
5824 4901
4303 3029
3296 1028
2031 1834
4622 359
4264 3556
3532 664
3920 1612
7824 5888
5554 2459
2816 586
8429 5544
5020 2722
5215 4492
4732 304
8088 6951
5372 2801
3494 1857
7449 2564
4323 3737
6593 1396
8060 6565
6066 1412
7711 3741
3382 1489
7085 1259
8401 7228
5156 2636
7773 2815
7866 1072
2500 2453
7112 755
5933 4681
7877 3851
4587 2455
6490 5085
6033 3494
5626 5174
5043 4280
6841 2194
7718 7425
8045 3163
7018 3223
8070 5080
5112 4105
3282 745
4724 3083
6655 5968
6098 3409
7011 4567
3480 1173
2171 1006
5132 5104
4886 3096
5859 2601
5194 1200
7014 2061
8246 436
4227 1488
5082 956
6155 3585
8212 1116
8342 4897
7642 6456
5067 2257
8424 2792
8109 5659
6989 3642
6887 1307
7859 5456
2962 2447
4711 1686
4857 3511
2995 1057
6734 3419
7525 7447
5306 3922
5870 5254
6061 3888
4352 1168
4813 1295
4129 2519
4055 53
1103 600
4052 572
3377 2352
7223 1527
3622 1135
1771 1711
2213 1740
7160 1539
7899 6694
7221 6804
3743 1880
7620 122
8193 7906
7609 6799
1809 492
8382 2209
5860 2141
8346 5334
763 684
1948 918
2863 922
6538 5937
8152 51
4219 569
7327 3285
5061 365
5075 2750
6316 3355
6754 545
2074 1902
7733 6269
6446 3736
6025 5801
4460 3888
3279 177
6331 3700
7423 346
6235 4917
3417 3213
7081 1705
5737 1445
5987 3908
7007 1430
3650 2465
3942 2188
5784 1329
6484 4934
2212 1741
5319 4087
6715 3495
5500 4102
4177 1453
5588 1721
8103 1929
7974 5428
4207 557
6881 5389
8170 4088
4891 2182
7279 1000
8281 1274
7272 1233
918 508
6961 1504
4799 2868
6958 1757
3318 2764
7147 5647
5220 4932
6195 1022
7433 2881
7377 5478
5301 2088
7277 4223
6725 254
7526 5936
7096 848
6122 1594
7975 7827
7217 2937
5152 1942
4414 2149
802 220
6795 608
2111 2010
2736 655
5255 2534
5235 3034
7002 6926
1371 1222
7875 4084
8418 5188
7593 3210
2525 1531
5577 3650
5299 4961
6377 3989
5021 1536
5604 4248
5035 1070
1073 8
7516 1865
3505 3259
7219 6086
5731 2925
7255 4444
5803 2178
7883 2246
8105 3575
7049 2660
5818 4321
4825 3213
6014 4157
7801 3553
7133 2278
4163 1998
6756 1908
6404 3647
5986 5950
5697 4756
6917 2038
7004 4435
7253 2165
7059 3623
4279 2328
7187 6231
5767 795
4504 4175
7939 902
1025 845
3530 2373
6307 1510
6846 125
6995 900
7426 6102
6226 1395
7909 4443
7105 4904
6709 6194
5760 1899
5917 4222
4788 4698
5556 4640
7577 4792
7557 251
4008 2224
3562 2964
6594 6119
3948 1104
1821 1558
8363 7131
7195 3487
5137 3348
3793 1131
6504 216
5662 2851
6059 3668
6855 3930
7963 6088
5515 2759
8037 3563
7388 6993
7434 6061
5364 311
6515 3944
5183 526
7226 165
6365 4762
4902 2221
6143 2070
7019 2947
7201 2960
4402 3283
7319 6223
4314 1336
8222 7966
3871 1057
5151 576
5993 1987
6711 2526
3035 388
8216 986
5733 5179
8087 7596
6456 685
4287 4082
4655 1712
7967 4773
4119 1744
4753 368
7339 1516
5190 1538
5113 2302
7330 1098
6219 2108
8161 1021
6269 2830
4228 623
8324 3336
8091 3901
6095 972
4125 3021
4850 2094
7161 2949
7460 6982
4356 2219
8111 1575
6873 4407
2131 452
7408 3711
4756 1798
2262 1814
455 12
6013 5569
6741 1339
7583 1712
4350 3058
800 534
6262 522
5518 3379
5054 1024
4668 3267
7072 2047
6976 3385
6330 1596
5700 5682
7632 4430
4086 2468
8279 503
4161 3448
4770 4279
4187 1873
3590 978
1394 977
4971 4839
6749 2621
5955 2238
8263 3263
3963 1058
7023 1850
6674 3265
5911 4476
2931 1887
8270 2432
6381 5986
7548 1168
4099 3740
2241 1029
4691 4104
5477 4435
5842 2845
5858 1792
5046 3624
3520 1476
6115 2390
8302 3444
2667 2453
6834 3667
4290 2272
6876 4093
5774 562
7681 682
4958 2942
3399 63
3161 2608
5862 43
8198 6791
8097 5936
6999 3218
2529 1445
7474 1624
8286 4456
3273 2803
8047 6937
5000 1341
1899 1090
3343 101
7183 6927
8108 7193
2283 1350
7682 147
6455 4023
6327 3679
3155 483
3958 2085
4745 2320
2287 1119
3261 1584
3484 1583
7344 2975
7150 5420
2593 563
6208 2702
7727 5404
7886 2991
2036 696
5236 230
6817 1875
5265 4029
6596 2059
6495 955
6561 569
7132 3743
6645 2056
2989 2179
5833 2874
6209 2129
5995 821
6088 5056
8293 7158
7656 2069
7354 512
3873 1513
3799 3387
8002 7091
6639 5634
8223 3714
5666 3421
4575 3778
4938 1205
4406 1752
4455 2508
8034 3947
7848 4872
8213 788
3474 470
4662 2045
6777 824
2155 1805
8289 7209
8413 2823
6048 5484
3735 231
1077 297
4506 20
4862 1082
5742 269
4525 654
6968 370
7389 2499
8284 380
7448 5977
6679 2664
3469 3227
7379 1551
7431 4998
4274 4190
5118 4208
6378 4903
7127 4605
7745 2868
7473 2434
7443 5145
4205 539
4120 263
3324 596
3617 2534
7476 3371
6326 504
4064 1728
6111 5931
7472 1404
1943 944
6828 4259
5262 4928
8194 6640
4885 2852
8122 7497
8057 5773
5087 3397
6483 972
8054 6163
5998 3432
3607 3258
5437 2981
6356 4112
6599 2537
6009 4327
6519 1427
808 219
4023 3601
2861 1623
5617 4338
7728 680
8104 7860
4136 2650
6056 5868
6838 6249
6234 91
6722 625
6934 3435
5272 2474
2926 1317
5663 3051
7145 2919
7614 1126
5958 2635
1923 753
6003 3418
7236 2037
516 264
5195 5150
2347 1502
8026 4822
8383 8365
2237 294
8312 7193
2897 363
1285 450
3710 608
1997 1563
2389 1039
6635 4695
6302 3109
5040 1155
7968 2661
6791 3974
6010 3927
7335 5713
7456 6052
5938 4487
7515 1217
7988 1775
6460 1408
7080 193
8023 7425
8004 1279
6457 2326
5628 1883
6870 4926
6925 2010
2937 1572
4601 15
5073 2591
8048 3580
3141 1303
4864 2070
5810 5436
7612 5496
5530 107
7066 3420
6872 4454
6587 1139
7310 3578
4132 650
6836 770
1060 828
5942 2883
6677 2552
6108 4975
3578 2653
4339 1147
4261 2491
3127 366
6935 3827
5684 857
5814 3642
3354 1274
