5119 1465 205
2319 4046
2854 4782
2866 3204
1647 4263
1487 1972
581 4889
1874 4191
170 2279
1376 3731
218 3401
4095 4498
1897 4574
958 4906
1972 3932
314 2145
814 2893
3746 4168
4813 5046
2544 4426
828 1830
2958 3487
1447 5056
271 1823
3526 4222
1255 2487
983 3625
2471 3503
2536 4184
3827 4072
1852 3044
2389 4730
226 4004
2866 3091
4362 4601
552 2523
102 3020
1787 2804
1289 2410
2394 2846
1220 3986
4517 4871
2146 3882
1167 2662
13 759
3543 3623
184 3145
700 701
1252 1901
2940 3744
2150 4257
1272 3145
2339 5113
2777 4908
1288 1818
189 4353
2594 3156
2744 2975
1000 2174
1176 2824
1444 3748
211 1972
784 4442
967 2032
460 691
721 4307
1894 2766
180 4466
643 1889
380 1555
14 1566
2008 2406
321 4635
2495 4614
1864 4872
1921 3333
3522 4345
1995 4823
686 2657
4194 4956
1606 4475
1625 3511
2984 3217
526 4052
1415 2467
2860 3479
573 1539
1446 1659
1775 2761
2427 2997
1651 3200
95 2174
2033 4887
363 2840
95 4654
1910 4936
977 4350
1617 2356
2683 4701
2576 4496
621 1854
394 590
1654 3997
551 2404
1885 3280
764 1997
1664 2416
1041 4031
1086 2465
1152 5077
369 1839
2199 2387
445 2202
820 4878
2583 5018
1733 4049
164 4451
4386 4570
232 620
3984 4400
2982 3531
3138 3184
616 3236
2300 5014
4362 4841
2651 3570
2545 3325
2859 4939
4936 5055
2257 3989
644 4598
111 1413
1745 2607
758 1381
222 714
642 1639
2022 4180
1986 3937
3591 5098
3271 3469
194 2361
4154 4702
2039 4419
4755 4846
283 1144
1613 4068
2342 4542
347 4998
119 710
364 2225
229 1515
487 1863
2348 3587
1751 1911
1999 3705
35 3108
870 1331
4264 4288
3647 4322
2566 2631
2392 2892
3215 4919
2764 5065
583 2132
393 5094
1859 4926
1926 3298
3877 5025
2979 3433
916 2762
1700 2852
1639 1836
2187 3069
817 3001
1638 3576
3492 4702
4358 4586
2841 4676
4628 4922
23 562
1054 4134
909 1064
2376 3814
218 4612
3876 4430
1954 4072
248 296
1288 2144
2507 3236
1651 3804
3410 3913
2488 4114
1259 2615
970 1883
1574 1678
885 930
3288 3990
1382 1653
1828 3764
2135 4692
70 5086
441 3139
2543 4876
40 4822
2261 4657
970 3844
2331 2678
1275 4582
422 2640
748 1636
2598 3146
3387 3853
1444 3319
2116 2282
1463 4942
4048 4998
637 1083
754 1782
541 2551
1681 4854
2902 5032
2714 3825
350 904
2219 5062
473 4655
202 833
323 3846
1060 3283
323 2621
979 4624
2718 2764
1616 4046
1259 3595
3436 3590
1806 3583
1113 4046
747 1043
1490 1519
420 4784
3036 5072
50 3557
2527 3490
1338 3739
351 2812
3648 4494
21 1038
656 4148
396 2704
237 3737
807 1978
2601 2938
248 4391
1352 4723
828 4183
534 2919
3242 4377
1879 4478
1572 3522
2398 4473
1166 2323
1365 1744
664 2952
2960 3360
336 1340
1501 2355
498 2653
794 4189
309 2396
479 3080
1300 1579
2015 4155
2446 4690
248 2539
2042 3446
1208 1603
2979 3167
541 811
448 3142
3131 4782
2415 4403
3949 4327
966 2099
3422 4839
1490 1750
1243 2384
748 4611
415 4665
1528 2367
92 3739
252 4932
965 3620
2986 3840
874 2171
5 4613
1471 1891
423 5096
521 3050
1671 3970
2113 4477
1950 3078
363 4058
1228 3590
2339 3917
330 1967
1041 1977
4086 4262
3504 5023
3434 4953
2479 2796
1941 3267
3998 4954
1469 3768
1700 3077
1686 3102
1023 3469
852 1889
126 3927
3484 4477
2123 3387
754 2914
1268 3864
2229 4585
421 2376
2008 4527
433 1666
348 2501
368 1739
2830 3455
3164 3261
2673 4024
3061 3434
477 795
3149 4671
65 2995
156 2610
596 4649
1654 2028
1296 2424
718 2455
1686 3464
2826 4155
2006 2240
1703 4562
3253 4695
406 4703
296 1895
2212 2632
4559 5088
2099 2554
3052 5028
1956 4185
2779 4544
1509 5019
1841 4429
2854 4169
218 744
1316 4460
2013 2832
1183 3807
500 1831
2147 2453
1257 1337
2241 2848
2604 3534
1531 3413
1706 2427
468 1767
1003 2041
358 4780
1579 2697
3402 4207
2602 4453
1607 2170
182 911
2902 3473
3920 4249
105 2411
1579 3291
2411 4216
400 2447
178 1537
921 2110
1225 4081
1266 3742
1285 4046
1202 3753
239 4090
227 4588
990 3239
196 544
538 3666
983 3292
1244 4429
1323 4685
1758 5081
2771 3945
944 3414
4501 4940
1904 2119
877 3406
2249 2467
2982 4345
3157 4713
2175 4125
1857 3406
133 1122
1309 2206
4329 5032
1266 3260
960 3037
1321 4820
693 3539
1201 1608
1720 3766
2412 3036
46 4205
189 719
351 855
15 218
591 1505
1350 4680
3384 3921
137 4100
1008 4311
3774 4183
299 1668
1669 2281
519 1832
649 2729
360 1611
64 3317
446 3764
2276 4608
934 1062
1901 3484
3019 3311
1423 2207
2681 3451
12 3189
605 2086
199 3138
2903 3200
409 3352
399 475
2341 3906
914 1606
1115 3783
1181 4289
1501 2372
125 409
2375 2964
2078 4428
830 3566
662 710
1305 2107
2441 4446
4797 5002
4127 4139
1403 1542
81 2579
1312 4136
60 1492
310 403
26 4215
2546 4372
2497 3577
122 1425
2889 3629
2900 4564
2518 3356
26 4756
1103 3817
2712 3797
735 2637
268 3701
93 2280
396 1791
559 2140
713 1276
2702 3251
3645 3818
2445 2910
885 1751
1568 4579
3077 4823
123 1642
1842 2322
2226 4064
445 2940
2399 3424
919 4307
309 4628
368 3442
1658 1802
2375 4252
1498 2234
1039 3126
1188 3390
534 3376
568 2570
2076 2772
981 2951
190 1292
1633 2518
3125 4129
2456 3985
650 3425
1592 4446
1994 2337
2919 4528
4393 5008
3063 5077
1321 4572
1926 2883
1190 2582
2052 4456
1098 1486
370 3370
2492 3369
2324 3636
675 1743
358 1837
1848 4217
4516 5055
1958 4028
3336 4723
667 2406
466 567
1003 1082
1371 2675
2052 2624
2761 5091
3261 4174
450 2301
53 2838
2656 4250
1369 4587
639 2747
2700 3809
1742 2318
747 4111
1030 1765
1106 4896
426 4819
617 4073
876 2491
2583 3465
2288 3642
147 5090
738 799
1105 2658
1217 5059
464 674
3018 4988
4327 4589
1167 3494
1105 2056
1029 1414
1497 4313
2801 3951
2771 3419
345 4510
2348 4942
684 894
1031 1266
463 1211
1586 2698
2373 4037
2421 3644
3421 3479
958 4558
758 2217
675 4501
277 1140
2550 3974
469 4358
3278 4018
619 1811
269 2421
9 2751
399 461
2013 2743
3594 4891
971 1525
2816 4270
2425 2790
1334 3611
969 1919
107 729
365 957
2780 4245
2909 4036
286 2241
1128 3187
241 1658
79 4083
1596 4609
3579 4683
1953 5115
2369 4759
3878 4089
2396 4715
608 4970
18 73
619 3009
66 4668
2786 4460
1361 1802
323 3527
991 1399
1567 3780
2220 4369
4605 4700
2936 4703
921 3120
2449 3831
1276 5042
634 1758
909 3872
159 1387
2134 2376
741 3307
177 3849
2420 3669
602 2135
281 500
1930 2312
1426 2268
1317 4912
2411 3082
658 2763
1565 2774
89 3774
998 4436
1733 2272
3885 4190
1700 2987
160 678
2624 3879
455 2238
13 880
85 1501
1146 5055
1891 4644
459 802
171 4255
1047 5117
2130 3584
3548 3870
259 2727
41 4666
3676 4522
44 1218
1609 4289
2416 3992
1814 4793
442 2662
479 3345
62 3393
2985 4746
2974 3877
3441 3617
938 2027
2111 2454
2816 4623
1212 2064
2433 3859
146 3613
2949 3749
728 4734
9 3658
304 1446
4461 4577
1540 2945
890 4762
4156 4969
2129 3647
370 4348
2744 4307
852 3420
3883 4819
384 866
3704 4473
1087 4734
1625 2139
3888 4392
3028 4376
1505 2281
654 3370
1292 2321
340 2644
2713 3701
597 4780
1181 4990
795 3215
1774 4373
3208 3583
725 1324
401 3218
961 5010
2287 3661
530 2090
450 4809
2103 3736
2660 4516
824 2472
1777 4344
405 2060
1589 4238
2343 3478
1437 2580
1852 4556
3107 4398
3750 5068
851 2441
1408 2594
2315 4964
1655 3772
415 1848
1310 4866
12 4833
307 3282
4486 4855
3220 4081
2963 3328
305 2915
3587 4407
3420 5015
7 4349
1401 4830
3967 4685
1009 1786
2105 4805
927 2002
1180 1258
180 4927
238 563
912 1574
565 1279
123 4210
3931 5045
778 3255
19 2538
778 1517
4644 4672
3203 4448
1531 2215
1751 3434
391 1558
1234 2633
314 2326
4267 4795
897 1999
1912 4271
1568 3966
4137 4580
874 2960
2318 4460
385 4656
1066 3585
2362 3276
1050 3889
547 2797
101 3728
3178 4751
349 1302
1740 3077
1377 4693
1686 5007
2325 3188
2167 4356
0 2834
2009 4377
160 3672
233 3862
2983 3642
759 2495
1259 4047
1313 3498
823 1764
4279 4353
4229 4884
737 5101
239 2335
1563 4147
3787 3907
97 3093
707 4209
1490 4063
965 2964
2117 4678
660 2712
1017 4888
3226 4543
1721 2750
90 3229
2694 3608
2864 3474
3738 3926
1848 4202
2237 3525
583 1947
831 3327
1976 4575
1684 2892
584 5005
852 1995
683 4777
3813 4330
4069 4229
1696 2083
553 4228
1928 4293
2127 4045
3322 4832
1953 3587
4173 4389
3686 4814
3454 4361
193 4271
2163 3527
1729 2528
453 5016
3998 4059
626 806
1820 3061
2541 2694
788 4958
3090 4457
352 3716
1339 1812
552 4881
4052 4603
1012 4167
257 1020
1357 4255
1136 1786
1569 4035
2333 5076
1339 5015
491 3385
1806 1902
2338 2813
1528 3456
2580 2756
326 2287
389 3440
1906 3117
1117 3554
3055 4909
4757 4795
545 2079
2696 2965
653 2378
178 3300
846 1856
2367 4583
867 3962
2247 2752
982 2320
1136 1698
749 4709
3071 4994
1828 2775
4594 4994
1119 1451
875 1482
399 3079
1769 4123
292 4995
3234 4688
65 1433
1818 4391
899 1258
3434 4841
379 4219
682 3621
310 4652
719 1742
968 4535
395 3231
2414 4047
3423 4351
522 3363
884 4956
662 5094
4311 5090
1025 3041
1952 3481
1395 1499
914 4267
3549 4091
499 2265
3850 3974
226 1047
3174 3742
4558 4884
473 2202
57 3558
3643 5110
261 4753
551 2158
508 4067
1714 2550
4143 5005
958 2346
339 3673
2945 4667
1465 1882
1855 4618
2033 3293
4437 4447
2703 2710
3195 3744
419 1036
1414 4175
3115 4589
328 3840
344 1963
1140 2257
1046 2506
1663 2440
102 1621
3677 5103
27 3334
1740 3953
2296 4592
1905 4229
3005 4726
2724 2940
3477 4964
2730 5058
1688 4511
495 4991
2501 4267
2276 3307
355 4236
92 1784
3005 3677
1411 3994
2530 4859
769 1155
1822 4055
678 4803
653 4540
3412 5062
2609 3348
4682 4706
1426 3726
829 3714
659 1236
1736 2587
2659 3499
670 4567
692 1633
2062 4837
1049 1639
1370 4984
828 1761
1874 2680
2214 2792
306 4246
986 5076
1146 4295
1434 4713
3128 4277
2027 3363
1835 2570
3381 3908
4508 4995
2815 5063
1917 3320
226 1870
884 2647
3228 3315
1317 1689
1196 1919
533 1990
1779 2689
1759 4603
1972 4703
674 3074
2479 3809
708 4793
749 1139
284 1500
2051 4705
847 3844
1195 1924
297 2303
3775 4033
1466 3141
656 3021
1415 3439
1000 5072
66 5097
1728 2493
2368 3412
316 502
1620 4629
2937 3442
1618 3439
464 4430
1832 3601
248 5026
1058 4476
617 1960
633 4284
51 545
3774 4117
658 1832
2190 3919
1236 3239
4002 4305
120 404
691 3557
679 4775
1618 3783
147 3993
90 1421
292 4743
1232 4867
3013 3515
1932 3729
1652 4539
2266 2620
276 1420
882 2355
330 1506
2385 4766
2311 3411
504 1752
1146 2110
596 3690
4343 5056
1312 4055
1836 2149
972 1203
1923 3705
2507 3980
1106 5090
2824 4728
2576 5001
151 671
2870 4254
2792 3531
2918 4576
3477 4647
1234 1676
224 4989
830 3249
955 2931
1554 4196
1703 4256
627 2618
3697 4394
1699 2015
839 1141
1678 3913
924 1181
3969 4621
3226 4563
2920 4258
332 1726
407 5069
3758 3822
43 1236
1743 3673
1387 3367
2107 4009
1892 3940
2828 4239
82 3842
826 2103
2973 4847
4139 4142
1757 4027
2382 5006
2825 4291
357 4864
606 3246
91 4569
2196 4751
1243 4807
3514 4185
3822 3862
1628 2847
1067 5078
1352 3470
2440 4301
931 1867
1531 4702
382 3997
55 3943
2895 4722
1149 2817
113 3073
1368 2680
314 2125
330 3578
226 2632
80 3335
2706 3946
3401 4660
1474 1909
2702 2954
1308 3335
2100 2208
1700 4261
2042 2678
1100 4815
876 3233
91 2426
677 4484
113 3809
1230 2051
3676 4520
491 2987
1902 2570
1234 4083
173 3572
777 1381
1928 4047
705 5067
1656 4320
507 767
1534 2819
1254 2010
767 1121
524 3799
2411 4698
147 4175
1344 1426
1337 2332
2128 2256
1615 3126
1630 3318
188 2625
2617 5007
2851 3838
825 4155
3437 4477
1259 1983
2064 3110
716 1655
1829 2196
102 4503
3233 5005
1931 3637
914 5072
168 4468
530 4446
1813 3168
3646 4416
1406 4889
1621 4608
2699 2870
3953 4231
195 4742
3488 5016
2508 4577
3239 3498
462 2924
1421 2521
137 3705
825 2349
2009 2506
1177 2455
798 4121
404 4616
4408 4552
2247 4352
975 4273
1330 2728
478 1066
571 2096
2787 5102
1172 2510
1352 4954
348 3555
3400 3968
2284 4119
1946 3405
2738 2759
1035 1727
2657 2732
865 4300
89 3796
1533 3039
2769 4955
724 838
4738 5112
820 2985
3082 4496
1493 3471
2663 3583
4710 4826
3705 3714
165 3178
1456 1616
570 1050
2765 4776
2806 3162
1911 2502
945 2134
1149 2606
324 4968
1276 4896
3585 4606
1391 2105
2559 4787
4369 4730
134 2591
637 4477
155 2740
1562 1619
4151 4578
1544 4240
174 756
1556 4747
2312 3100
688 2652
1925 2919
324 4281
980 4755
2624 4608
1819 3240
1498 2942
1526 3365
574 1888
922 1355
2231 2236
1088 2551
813 3817
1507 1632
1607 3005
3422 4633
1118 3217
669 4982
1748 3075
783 1851
2890 3005
665 2343
1825 1890
2379 2945
3510 4083
4365 4572
2289 4301
1054 2754
49 1383
4100 4200
871 1718
1670 2714
705 2889
1669 4298
2454 4020
1601 3473
1848 3204
836 1172
4445 4701
754 2819
449 4624
1256 2487
1291 4862
150 4033
766 3046
824 1042
1670 1822
1607 3601
1383 1712
3595 4542
2541 2594
2381 2539
1809 3316
2019 3943
2585 2970
694 3602
485 1483
1253 3143
738 4114
1963 2829
1484 1485
214 3889
157 2205
4342 4691
4056 4841
309 891
589 4998
3199 4126
1054 2424
345 3028
1240 3134
538 4430
570 4816
241 3792
1161 1202
1103 4578
1608 1836
286 2244
2773 3772
3235 4993
408 2077
57 4869
1729 2701
2119 5114
1233 4435
2731 3611
2079 4725
1125 4015
1608 3385
2166 2848
1133 1318
1080 3787
1146 3487
1970 4176
375 4592
714 2651
624 2606
429 1774
35 257
2748 2953
1284 2633
168 3215
118 1639
15 1240
1504 3310
565 1945
3617 4220
872 3560
4999 5044
2894 4674
1059 3892
4358 4962
1555 3365
188 1344
2845 3310
4240 4691
1464 4381
3867 4763
1263 4540
2401 3779
1818 2947
2467 4605
322 2507
2785 3695
1697 2028
1797 2760
643 2975
2855 4359
3591 4898
94 1075
1112 4192
172 4519
2118 2583
41 333
132 2584
3722 4465
2843 4993
2244 4469
537 1919
1804 4128
2259 3310
1254 4858
45 3143
1163 3601
89 3536
103 1311
3413 4219
1953 3340
3211 3864
4487 4638
3364 3661
33 624
2532 4255
1807 3016
433 1855
205 590
1424 4340
2154 2700
2317 3563
4783 4923
1597 2980
1736 1861
1508 3114
1300 4392
1270 2902
2054 2918
139 323
1023 1565
4086 4608
1713 5095
677 3351
1212 3213
721 1974
31 4644
2173 2523
3669 4580
872 2197
2666 3308
1028 1045
1015 2849
999 2603
619 2463
2548 4212
2587 4786
415 3860
1029 3757
265 939
4144 4537
1660 4338
555 3783
1298 4680
2203 3889
263 3903
1632 2099
1243 1482
886 3083
3553 4282
2442 2835
779 3821
1317 1959
1769 1914
1421 1743
3937 4900
2929 4534
485 2332
3840 4917
1549 3212
957 3852
2721 5035
1766 4618
3385 3888
1940 4111
1066 2920
1844 3376
2413 2991
187 3990
1017 1717
950 3330
4213 4969
100 3790
687 4137
2097 4374
1914 4442
820 1074
2330 3251
3034 4038
1112 1967
1752 2261
272 2479
3536 4273
1740 4546
191 1228
3840 4691
1084 4295
1513 3469
1672 3510
1619 3688
1145 3282
1588 2167
1764 3304
2121 3635
771 1221
771 1327
537 3502
3928 4705
5061 2668
203 55
2608 123
4049 557
4458 2298
2799 1430
4826 1894
4763 726
2528 765
3448 2224
3443 1680
2298 1461
4555 1497
3501 1665
4810 1908
3968 806
4619 271
4911 3751
3255 919
3482 1636
4060 2115
1111 209
1584 1511
3726 1580
4015 3687
4314 1074
3537 2877
4081 1547
5025 1884
3851 3632
3399 2521
1595 705
1372 1096
3025 149
4722 727
3238 1635
2260 1475
4940 843
4268 1487
4089 1823
699 120
3564 756
4658 729
4744 3883
2915 729
4149 3490
4179 3678
4363 1855
4897 1920
4560 403
2538 1655
5116 4350
4462 1120
4877 309
3124 1579
1955 545
4945 1824
4828 3027
3207 3111
4335 2656
3927 2901
3551 2410
3525 693
3683 335
3700 1754
2046 1926
2011 1590
2461 1416
3896 3390
4463 2554
2334 232
2952 2186
2603 2581
4225 3974
3047 2173
4536 3037
3447 2462
891 59
4785 4117
3812 1176
4116 2755
3331 131
4191 3642
3245 952
3780 154
3658 3340
3733 3297
1148 1059
1048 416
4551 330
4376 3590
4078 786
3635 3502
4438 2547
3981 489
5078 2234
4001 2956
4967 3714
5075 1699
1449 1423
4415 4321
4903 339
1741 1479
2606 1065
4667 84
4512 2173
1657 920
5036 1015
2242 574
4166 866
1815 891
4140 3232
3263 608
4341 1185
3053 1368
4450 2732
3009 1037
3637 2323
2655 115
2630 614
1979 769
2740 1620
3807 362
3584 383
3449 2928
3650 906
4659 651
4959 1308
4569 3471
2074 482
2267 245
2010 1817
4019 3407
3761 929
4177 1479
2589 2018
2743 1217
1612 1324
4767 466
4059 3170
4112 414
4778 1622
775 314
4962 2447
4662 2150
2677 1673
2584 1417
4305 4220
1794 1397
4752 843
4153 741
4909 4533
4552 724
2059 870
4681 3745
1450 590
3066 2026
2355 1959
5080 2292
3145 2988
2265 176
3764 2303
4772 4670
4601 4170
2014 847
5062 887
1209 253
3313 713
3406 2988
3588 1330
3177 1366
4395 4280
2971 452
5003 3817
3287 1049
4541 3588
1038 303
4617 3403
4005 3242
4916 1471
1765 1204
3771 764
1798 1358
1882 1111
2005 566
4432 2688
2041 1988
4307 618
2372 2346
1482 351
4787 4309
4092 1935
2476 1444
4983 907
4200 1547
4678 3601
4832 3040
2152 806
3291 2236
4303 2274
3698 1561
3119 682
4974 4181
3721 69
3425 1983
