1728 1 335
880 1582
1382 1175
1509 1352
1359 427
1132 682
992 922
1545 1303
1199 526
854 233
1258 498
900 521
1661 962
916 366
1531 607
1163 543
797 773
1706 759
1057 356
1725 73
1065 953
1206 128
1314 609
1207 1038
1502 501
1591 956
963 786
573 40
1231 785
1561 1160
1146 153
1098 499
986 244
1595 1318
1323 0
1082 959
679 336
1703 648
1201 438
1640 441
1529 408
1575 884
1084 361
1512 1384
1614 1432
1398 730
821 170
1426 108
1085 414
1505 1132
911 19
871 720
770 233
1611 1445
1522 1509
1488 659
1474 935
1306 78
1170 684
1234 876
899 0
1100 242
982 920
1394 811
1409 1400
1490 516
1669 1554
235 69
147 23
1612 309
1372 735
1433 369
1555 117
1618 1339
1602 603
1007 756
1303 1032
1603 557
476 430
1107 391
1014 822
1022 895
879 612
730 207
613 230
1576 752
309 37
734 263
415 79
1630 741
349 322
1707 974
1075 683
806 176
1352 495
1300 279
1396 1289
167 26
1141 410
1131 553
1400 589
1054 876
1459 444
1718 371
1498 622
237 101
1048 795
1072 518
1399 440
1510 362
551 298
1112 133
1351 693
558 38
1538 1045
1049 579
568 16
774 705
1629 205
1195 1051
1527 176
1357 253
701 73
1347 61
1259 1186
1686 756
1261 116
544 374
741 707
583 529
658 481
503 76
560 144
252 128
1444 777
1274 670
1660 56
1578 1256
1693 192
1002 23
669 544
442 406
274 149
991 990
1504 522
1625 1259
1020 265
650 348
1535 740
1225 140
1338 83
447 240
1180 652
1651 1547
525 93
1192 186
1133 292
1696 822
1690 1092
662 649
1677 894
627 600
939 27
784 82
1656 1003
1642 57
750 617
1717 1222
575 501
1671 820
244 230
1205 287
1487 168
1102 827
1716 386
1713 254
1235 1194
1568 380
1374 134
1684 1042
652 545
1431 577
1384 465
1200 378
1145 13
1269 775
1637 892
1552 273
333 206
1544 1368
1175 644
1593 693
1181 1099
1179 757
1560 842
826 554
1493 592
970 549
1070 227
1420 545
1619 277
696 199
1687 101
1470 1036
1583 804
1670 7
957 224
352 89
810 285
1405 296
188 121
1422 893
589 170
913 625
1356 291
1446 1158
1358 946
189 158
446 104
1095 262
936 389
928 367
1140 528
1620 348
1264 461
1296 715
1465 1274
1354 322
876 638
334 241
1723 154
1088 425
1584 1396
1554 279
735 445
1052 748
1657 1418
1337 657
1271 786
814 445
877 598
1462 863
1096 660
1046 700
1499 952
1288 356
1090 978
1648 886
1652 438
1585 619
921 682
1143 529
1043 9
1252 524
1672 1411
892 116
535 380
586 461
369 157
1460 1011
985 834
516 125
486 200
951 133
1540 1116
1037 823
1193 490
1501 1425
1214 204
978 916
733 41
1346 900
1110 544
1345 259
230 15
954 819
1184 1037
947 450
1646 591
1416 44
1511 1036
1285 724
1385 455
798 9
901 875
612 53
1038 744
1191 13
1172 967
1679 979
1078 975
923 716
1606 1484
539 317
1155 1123
1117 592
1167 804
1491 779
383 248
552 116
1010 133
1295 1214
929 338
1340 831
1388 632
590 523
1701 1032
1574 775
617 302
610 557
1156 135
1623 1231
1378 1124
780 583
530 165
1169 367
1015 105
1634 889
1127 962
1530 287
1518 718
508 277
1666 1663
450 278
1040 810
1719 499
902 683
144 19
632 553
149 70
1473 1071
924 839
1597 423
1074 811
1312 89
649 607
990 531
