4949 725 10
2379 2685
267 277
845 1705
1204 3972
76 2736
2648 4770
1602 2564
1702 3579
72 1653
1534 2229
2047 4448
825 3362
72 2174
1255 4112
4743 4835
45 4265
2402 3426
2245 2557
1621 2983
2275 2429
824 1393
2109 2864
3790 4173
1107 2075
962 3202
2489 4581
912 4092
1802 2626
815 2357
497 2335
945 2600
843 2184
3190 3910
1649 2128
2373 2737
2128 2389
765 1780
3542 4844
1339 2999
894 4638
2171 4630
1881 3017
3097 4402
2244 2896
1631 1805
2949 3603
589 4509
1948 2803
1594 3425
1719 3201
1128 1895
973 3665
276 3593
378 3232
840 1993
897 3440
1347 2212
2208 2653
1471 2085
3310 4741
2307 2339
1140 3382
2153 4902
3015 4454
1788 2474
2008 3431
3627 4086
3559 4268
426 2080
2831 4471
519 1372
992 2047
1135 1394
3934 4678
1101 3319
2143 3707
1947 3383
507 4885
2475 2830
2513 3913
2095 4337
580 946
2223 2778
2198 2525
1631 1840
206 4530
1420 1450
2491 4119
692 2405
2674 3006
2674 3132
601 3252
1548 4188
2828 3543
870 4762
3623 4001
2511 4316
218 4333
2555 4093
1462 2764
2050 2219
2681 3575
480 4923
2569 3465
2166 4878
1213 4519
60 3893
223 4941
2270 2636
568 2559
496 2068
1629 2120
203 3087
927 4148
4117 4249
724 4789
1142 1790
205 4946
3073 4020
745 4178
927 1050
1349 2417
4523 4892
3533 4733
1345 2413
2120 2366
2522 3628
2316 4626
975 2432
2089 4871
778 4930
2734 4167
2454 2528
27 2358
878 1581
1366 3984
2655 4934
339 1598
984 1913
3885 4870
1811 2435
49 1629
1965 3996
638 4819
1969 2367
204 1751
2189 2610
2758 2928
1172 1642
524 1132
3152 4543
76 4019
175 3128
2178 2955
426 4266
3955 4748
751 3977
1386 3334
691 1294
1631 3493
1060 3222
2095 3441
97 2286
721 3051
4599 4693
2148 2973
2865 3199
860 2208
1307 3071
4105 4421
1437 3958
3303 3468
466 3612
4267 4842
3789 4069
2523 4640
3587 4155
896 4798
1860 2040
2 846
1375 4852
2850 3047
1813 3759
1487 3707
3444 4706
1659 1688
895 2051
2506 4917
1487 2079
1459 2922
2108 2855
1991 2956
100 2911
1373 2878
828 1511
2382 2573
1214 3911
1603 3177
966 3358
1455 2217
717 3731
3714 3915
2447 4602
388 1423
3419 4787
20 4449
1158 4412
73 2011
3491 4586
1498 3060
1418 4631
2786 3613
2506 3204
507 520
1430 3262
1371 4844
400 3696
3564 4607
2807 4653
1825 4862
2109 2303
1538 3510
2740 4365
1244 1791
716 1137
3696 4054
2442 3696
2804 4786
210 4943
3058 3465
115 3305
715 2227
349 2716
66 2459
2793 4261
1738 3956
1345 2518
2967 4629
3691 4492
1260 3842
2521 4068
1400 4525
557 3569
342 2756
64 558
438 3880
979 3094
732 3223
206 2586
1387 4437
332 1391
1892 3112
3416 4918
3424 4878
1540 3327
2617 2623
323 3942
2591 3765
140 2586
4009 4810
2987 4212
2370 3243
1576 4208
338 749
599 4792
810 2353
1340 2741
1240 2381
2248 2503
2914 3846
2515 3671
504 3307
1050 1073
2345 4936
1036 3618
48 4421
1582 4264
1346 2524
3282 4401
1644 3986
1388 1528
2048 4543
882 4183
288 596
281 3145
496 4129
194 3051
3524 4663
2162 2842
204 4512
1660 3456
33 2678
4411 4677
1054 2405
1649 3499
1454 4207
2282 2534
1132 1790
3264 4638
2717 4171
641 2934
2399 4555
2606 2983
3688 4459
3000 3496
1927 4181
1336 2930
2602 4717
238 3786
1413 1894
12 4633
848 4115
2885 3331
638 1004
3055 4742
4334 4703
988 2741
39 508
728 1038
1042 2511
1071 4059
1647 2075
1332 3318
2561 3643
357 3338
967 2382
357 3585
3236 4938
3047 4133
150 2379
688 2854
2995 3849
943 2673
848 4300
1617 3966
3757 3817
868 2839
1656 1987
100 2563
11 2968
63 2475
2022 2357
1139 2734
562 585
1486 3737
196 1743
1314 3190
473 3953
4368 4741
2757 2913
4349 4827
331 4883
2952 3272
957 4516
452 2790
3210 3330
654 1161
1870 2426
280 1243
3074 3884
11 913
2618 3167
1307 2537
24 2988
421 2107
1257 2000
2795 3758
584 4621
1401 3498
1548 3844
2842 3530
293 2805
1570 4805
914 2295
1442 4822
1224 2727
188 2698
1904 2891
730 2689
2759 3275
4078 4782
52 2403
1787 4620
744 1026
3192 3603
2469 4121
467 4741
95 2644
1425 1722
424 462
504 1018
2376 4119
2258 3799
2945 4326
1855 3751
866 1398
1295 1621
230 2294
4399 4488
1473 2681
565 2204
2923 4715
997 3004
2497 2662
3795 4276
984 3115
2175 3710
2796 3625
1795 2912
1246 2008
1342 4611
3238 4184
659 1515
1587 3867
412 3668
1057 4839
357 1919
1221 4873
1205 3236
747 2291
1403 4113
3417 4762
2048 4322
1821 2619
2026 2846
167 1396
75 1803
4087 4309
1477 2832
55 1740
1426 2322
1178 4480
1500 2688
2428 3565
465 2807
1116 2972
2499 4489
502 4543
349 4482
2642 3908
2894 3393
503 4026
1754 2537
1707 2994
1830 3811
172 1902
247 2674
392 2053
784 966
1369 4712
3246 3884
1337 2043
75 4794
3247 3344
899 4625
1515 4438
2085 3523
2882 4431
1469 2833
603 2932
2674 3564
488 1821
2795 4253
1951 4057
1190 3059
203 1485
2205 2363
1286 4780
54 3107
4431 4565
236 686
1517 2693
2935 4571
1616 3119
1615 2501
435 2095
550 1183
1251 3743
1987 4741
1462 4503
2704 3417
255 2919
2059 2556
1455 4402
2175 3683
1011 3344
1651 2841
768 2972
1692 2511
2822 4500
1341 1513
1921 4403
1978 2505
1727 3060
851 1601
2497 3942
744 4130
582 4600
693 3149
400 672
1451 1850
3765 4717
86 4188
2906 3712
1895 2068
41 3021
4623 4763
2220 2823
575 4588
1385 3312
800 2455
2650 3610
624 980
2010 4281
3371 3466
2244 2293
3137 4365
1071 3688
346 4681
3214 4017
1037 4109
474 2523
1469 2085
1009 3506
408 3789
1947 3574
2237 4831
888 1155
3041 4941
2884 4924
4712 4780
2934 3450
2251 3993
1322 2050
423 510
2871 3425
698 3536
795 981
2734 3256
2849 3628
676 799
1068 1695
1899 4299
2936 3169
704 3923
1268 3287
1943 1996
473 2236
976 2377
2723 3417
465 4822
1110 3753
1052 3326
260 4024
3334 3615
3202 4850
240 922
1566 4865
3494 3619
2502 2653
2995 4476
8 2096
1316 1988
2134 2498
2692 3035
3873 4518
292 1398
1503 2136
2481 3841
2607 3082
2246 3662
2580 4638
1025 3162
1512 3008
87 3224
693 1433
261 4213
2029 3658
469 3516
3051 3163
1392 4016
3333 4178
161 719
2177 3886
91 145
160 4406
4264 4898
1232 1580
531 3599
1041 1567
2365 2484
687 3352
1103 2282
1040 4308
532 1169
788 2931
3211 3524
748 1668
1387 2306
1907 3431
2694 3809
2022 3272
2071 3532
3961 4888
676 3113
1299 3428
3166 3248
790 1258
795 3134
708 1852
2187 2952
2953 4293
2398 2943
1547 1910
1844 3490
968 1374
1124 1711
3659 3983
3173 3817
2633 2930
1684 3599
2913 2958
1131 1406
1196 2490
1503 2966
4409 4467
1571 2815
2885 3865
1223 3656
1900 3217
1247 4709
2190 2251
182 724
3637 4843
1869 4613
1250 1284
108 1918
603 1285
678 2585
2539 4907
129 169
3761 4604
832 4737
903 3917
505 3546
1257 2833
3220 4887
791 4214
1459 2905
233 2909
466 2914
420 1762
737 2739
3233 4327
704 3610
234 1347
3449 4245
583 891
233 2808
845 2859
803 2468
1845 3427
1704 2725
2196 4768
43 611
949 1715
2647 4233
3215 3364
1862 4251
2699 3583
2395 3959
625 3749
1514 2350
727 2953
1146 2295
460 4843
262 4047
3406 4341
732 1000
1540 3344
378 1586
1215 3551
2394 2633
1534 2954
2666 4271
106 4543
2234 3385
3393 4271
1335 1871
301 796
676 1639
2310 2724
1502 1645
1114 1641
3270 4755
3377 4454
1914 4911
2939 3891
780 2478
2241 3081
14 4129
3554 4163
2320 3518
4437 4817
1514 3598
1263 2307
2076 3544
1657 1781
488 3454
3244 4571
1111 3576
1811 2252
2073 4872
2987 4105
486 1420
3711 4545
1858 2764
1109 4768
1199 1366
989 4261
2063 2635
1334 2021
138 2451
2497 3847
398 1595
4246 3091
4629 407
2986 2135
4762 2436
4458 2464
2146 77
4240 2844
3427 3147
2661 457
3815 1251
