5792 6 1110
3268 3803
975 998
565 3146
1330 1957
1 4510
667 2997
5267 3274
1709 365
2226 437
3571 557
4332 2829
3513 1307
2821 427
5520 887
3721 1661
2542 755
5744 2170
5710 876
1784 635
4826 2679
4672 2110
4066 2470
2124 24
3350 1308
5527 1751
2262 1441
5771 5417
2630 1662
1224 936
1706 1470
328 49
3288 429
4223 3065
3521 494
4229 4027
3301 2015
1271 85
3402 1299
1012 570
3210 2947
4130 1068
3648 2358
5037 946
4218 330
1636 178
3930 258
4492 348
3146 1049
2430 1688
3280 2517
2235 1018
460 112
3786 3757
1737 1077
4614 1926
2909 222
5308 1179
2291 1884
4065 2505
4131 1470
5361 3969
3764 1539
5618 1808
3564 1663
5252 4595
3931 113
2557 100
3284 1399
2381 834
5745 5676
5176 3030
5386 4065
4464 1964
3567 962
5047 685
1875 1563
4270 1511
4097 1238
3336 1767
2591 1163
5372 664
4652 778
5615 370
4519 2879
1484 696
1339 852
4526 2492
4596 1271
4121 518
5753 3458
3709 2383
4633 2017
4662 3619
3356 675
4173 1407
4751 2739
1139 892
2331 1718
5325 1009
4675 1843
4319 2898
3442 3164
5340 45
5270 3903
1821 812
2340 1567
1406 345
2950 2851
3018 2428
1313 741
4165 1854
2552 310
3812 578
2464 267
4989 2001
1815 1292
775 515
2705 514
5269 1305
3169 2748
3212 2021
1628 1157
5370 3139
4797 4081
5644 2693
4529 2225
5171 4363
3072 280
5625 5156
3244 254
5651 1115
5648 1919
3104 2637
3588 2995
1985 565
1675 361
2147 228
3591 646
5108 2549
5559 581
1750 193
3954 1997
3995 3505
1826 672
792 706
4278 109
5549 4544
2388 170
4671 3879
2942 93
1979 60
3605 595
3385 3020
4964 2654
4524 1788
5712 2969
5442 5137
5725 3183
1999 132
5116 3575
5166 4579
5736 1420
4769 3482
2695 2608
4439 1454
3367 789
4297 2730
2606 999
4291 2355
3248 2344
1872 562
2952 2420
4209 3320
5667 2573
3788 1311
4876 391
3541 469
4293 3649
1067 814
2211 1531
2385 1068
4583 1083
3544 3047
5169 1018
4393 1721
4440 3314
1172 1093
2086 1848
3109 2199
3343 3269
1334 183
3025 2054
2933 2010
3233 146
3082 2254
3740 425
5515 1223
4246 4191
5300 2935
4852 2333
887 62
3846 505
1280 147
2703 2572
4023 453
2523 850
2328 1880
4592 1230
4404 1174
2915 2833
3895 3143
4447 2057
4107 1702
2791 1306
5574 5482
1085 295
4638 3942
2417 351
5465 3769
4031 295
5254 1488
5123 2215
1187 918
2486 635
3217 2509
5749 1386
3597 901
4858 2842
4339 3400
3676 1018
5439 1825
2329 492
1070 530
1086 53
4781 3229
5675 5300
4189 3989
2128 414
5191 4371
5767 4164
4915 1411
5144 1772
4125 2146
985 220
4074 1903
2754 1428
5332 1088
1095 742
3679 1367
4199 3089
4129 177
3516 2489
4597 642
1372 450
5695 5202
2228 907
2868 674
5677 3109
3524 225
1992 907
3374 337
785 265
4044 2253
4312 3641
4983 1251
2958 259
5227 1989
1259 195
2817 2465
4999 323
1386 624
5649 140
4942 408
5454 1520
5230 4084
1966 148
3363 448
3920 3679
5148 3436
2867 391
5211 2018
2693 1106
5752 3794
5366 580
4918 2297
3997 416
3793 351
2120 1412
2616 1327
195 111
3681 3389
4224 2878
832 87
1384 39
859 392
4431 3738
2844 694
2315 935
1355 775
4262 1184
5543 3360
4274 4065
4549 3285
2733 1340
5130 3124
2276 347
2930 2188
4913 1964
5445 4885
2887 2325
1845 367
3267 175
2891 1540
2418 180
5120 4888
2971 1852
1910 114
3112 965
2544 2205
1581 774
2682 575
3305 2121
5359 0
3729 3156
3148 2138
3490 3378
4283 4002
5301 1394
5770 1063
5459 3988
4917 4448
4818 120
2077 210
3049 1134
3251 2006
5709 4457
4756 3739
3387 1295
3542 1557
3825 102
3959 2373
4426 2268
3957 3694
3138 2982
3083 2935
4644 2825
3003 787
3661 1193
5609 1216
4006 3045
3526 720
4946 4224
1930 236
5235 2807
5607 4884
5435 1094
1596 1064
5700 938
4777 2444
3972 1535
2181 1541
3810 2414
4072 557
862 240
5286 2349
3996 3560
4951 2363
4546 1316
1326 1159
436 272
3347 417
3939 1497
3394 130
3089 2331
4862 3126
1700 1449
2395 947
3031 2486
3557 291
3016 157
5188 927
4483 3310
4631 2248
4998 1987
858 247
4855 3104
2838 2443
5214 599
4538 3551
5608 1233
895 203
4863 2942
5220 1170
5545 1887
5421 901
5378 781
5379 2263
2195 1240
2895 1243
3327 465
2726 2604
5215 4390
5024 2229
1244 256
3323 866
2901 536
2279 813
4249 175
4955 2206
3886 2598
2631 1047
2786 2303
5284 415
2442 2134
2423 340
2647 2445
3512 3427
2938 712
3409 1298
1203 1069
5390 1896
1772 1431
4383 3424
799 392
4694 4460
2408 1841
4996 1767
4456 1701
2603 447
4484 3664
4982 532
5314 184
5293 620
4539 2391
3396 2849
2994 1014
3004 1559
2758 2379
1312 193
4109 777
1719 1637
5226 3293
2763 1897
5630 5151
4687 3091
2282 1373
3156 756
2977 2498
3806 683
5412 2604
5192 201
4877 3735
5582 1686
4163 33
3690 1500
2581 996
1550 881
2387 990
3584 2740
4196 2953
5028 4760
2713 2119
1933 278
4358 622
3213 738
2619 376
3814 785
5241 1113
1564 602
5784 1403
5595 4948
3845 3703
5791 352
2219 513
4366 3373
5742 4260
4185 2472
2759 602
3395 593
1978 628
1841 1532
5529 4153
671 1
5622 2540
4930 3594
5754 1033
5508 3785
5730 1099
5287 3468
2096 1051
2611 965
2582 920
3517 669
3870 3851
5258 4651
3991 637
4106 712
5567 4114
5563 5086
4482 3877
5585 2278
2746 1590
4661 2028
1803 42
5430 1224
3555 140
3539 1223
1902 375
3355 1766
5182 1343
2883 1463
2843 333
4022 3226
4515 3525
3768 158
5196 3500
4034 1711
2066 71
3401 2477
4573 2649
4550 2001
4333 2368
4004 3224
3333 2675
3745 3029
2391 723
5000 148
1396 99
1260 549
4755 4655
4140 3586
3087 1856
5450 3559
4653 4119
2717 2628
1308 726
726 113
3894 1655
551 377
2974 1744
4487 840
1482 302
735 205
1670 173
5544 5543
5364 1859
4215 671
4760 2761
3514 1866
2237 1088
2038 13
4059 1502
4341 3307
1805 955
2550 1898
3219 3067
4311 458
4625 945
623 539
1614 1363
5015 1388
4101 643
3841 2739
1630 750
830 663
4700 2293
4953 1746
5722 5513
472 296
3229 1008
4282 2845
4317 2355
800 33
5201 2463
4390 3922
5589 4983
5702 5224
4054 3068
5357 3627
4445 2153
5556 5288
1246 693
3270 2521
3879 697
3896 558
4460 3239
1429 1028
5727 3255
3231 494
2411 834
3852 2890
4255 3732
3753 698
3630 334
3205 2056
2169 171
3909 149
2734 1085
4589 3199
3827 2618
1965 1521
5181 4990
2327 789
5007 4770
1310 580
4738 1267
2644 1504
4075 1768
5041 836
3713 1638
5093 2737
4744 3487
4340 1915
4198 1059
1745 1018
5701 431
2702 1524
3916 1313
3763 2959
4774 3902
4266 3553
4985 660
4783 940
1674 1442
2504 1926
2612 2603
1440 311
3242 1965
3235 3155
5358 4826
5083 1068
3710 1504
2690 1422
1760 844
3345 1829
4308 1697
5431 2063
5713 3515
1240 800
2492 1832
2427 136
3751 38
4050 38
5591 3604
4093 3188
2013 80
194 182
3978 347
3315 1339
4750 3666
3678 564
784 304
3535 2657
3030 1629
3316 2259
2144 10
1243 736
4920 4098
4325 2353
3263 3236
777 686
4577 1233
5049 2663
4843 134
2747 2574
2199 104
4384 3963
4443 936
5616 3251
1104 282
4517 239
1779 1449
1531 344
4001 2034
5355 1006
3257 925
4957 3096
3858 357
1776 1214
3528 1955
4124 2274
5139 3313
4485 2260
880 175
1799 906
4091 830
2564 217
4714 4473
2294 2120
5606 4413
4627 1524
4437 3411
5033 3719
4886 2269
1327 10
2035 280
3211 1756
2684 955
4386 278
2638 1525
2174 507
3992 1419
4376 2180
5413 4559
5362 2138
2323 1244
5631 356
2326 2155
2162 279
2965 1144
3940 2561
1729 664
4729 1479
1390 266
2732 1664
5138 4399
4739 1898
5394 1207
3633 990
4201 2886
3720 3301
3984 1804
4974 2433
307 114
3037 972
4300 3853
2569 568
3220 1490
5788 1567
2440 124
5678 395
3067 1989
2856 264
2352 1277
2858 1068
5205 782
1606 1256
4434 4409
2917 2504
5278 4117
2056 3
5218 847
4206 4129
316 255
672 323
955 358
290 134
2081 1992
3665 3581
5175 2446
5084 4144
104 96
2482 2408
5127 4988
5621 2449
1433 1023
2765 961
1926 880
2295 1248
1864 1311
2322 35
2819 2104
4956 2217
3510 3055
1556 1159
570 136
1178 37
4499 2125
3607 2335
4378 799
4824 2838
1342 239
2259 814
2466 1128
4890 3063
5385 4861
3719 2545
4595 4091
4422 711
2253 2064
4279 2438
3675 3044
4813 4210
179 43
2988 1110
4410 1605
4812 2612
529 76
1268 1142
3834 232
2532 1082
4405 74
5632 5258
5755 3784
3299 2227
5112 4377
2852 2037
5503 3064
4298 1174
4565 2882
1742 448
1190 917
3325 845
3028 2957
1093 66
3938 1673
938 826
2853 452
3348 1
4414 2469
2305 970
4576 3668
5202 3326
3389 2836
4976 1782
2292 811
3314 845
4509 858
3061 327
2446 2217
3247 1202
3911 2684
3065 2579
2115 1527
4534 4248
5275 4870
4187 4
4719 2135
2529 783
4152 2839
3370 2166
4371 4084
4471 2096
4604 3563
5115 1197
1149 1025
4745 2951
3613 760
4628 388
1028 568
1989 356
4609 1494
4331 2344
2890 2533
1116 884
552 38
1998 416
3735 2236
5765 1649
2567 1064
2023 1487
3684 1268
4808 3100
4043 2909
2117 874
2415 988
2011 97
1920 1623
4480 1774
3454 3222
5146 927
5174 396
1744 1421
1029 379
2090 1052
4632 1518
5774 1501
2990 302
2281 1279
2831 251
2194 2122
2223 417
2204 1702
4415 156
4833 1896
2810 678
4261 961
3953 2915
4322 2520
2071 426
5161 2550
4864 4158
5311 2143
4935 1346
4936 822
2563 1768
3273 2153
3987 1735
5698 1575
3392 2255
5692 4594
5292 5224
4016 3229
5135 1853
1898 127
2538 550
4429 2150
3384 3309
4168 592
3838 1055
2530 561
2130 1098
4264 2427
3468 1875
2578 2562
2742 2061
5662 3553
3110 318
4099 4028
3631 212
492 217
5443 3567
4702 1693
2082 812
3416 2281
2389 356
5119 599
2516 905
3754 183
5478 281
4963 3475
4958 4506
4433 2391
2192 342
5349 2885
4696 715
3073 2
5118 128
1508 1447
4803 11
5541 1227
5670 4288
4475 2209
3518 191
3226 74
4493 349
3440 1632
3185 2125
5079 2711
4735 351
5728 2947
4828 444
4466 2049
5403 849
3228 2135
1315 155
5076 2319
4861 1944
4112 2648
2673 1631
3376 2629
2285 1742
2133 2123
5472 4508
2524 1341
2354 2012
2701 1067
3429 1544
2547 1341
2880 1246
2574 2531
4275 879
4137 3741
5404 2586
2309 270
2100 273
3928 3915
2697 1025
5255 2334
3334 2857
3620 3342
4036 3216
3533 85
5537 1026
4227 3623
1607 267
3989 2953
5540 769
5003 2375
2306 438
5061 4899
2269 640
1643 98
2342 1523
3659 1102
2936 1405
3748 451
2770 200
5132 1314
1562 1535
964 167
5048 3071
2832 677
998 296
1927 1060
2236 1917
1892 1263
2476 1837
4155 2005
3147 1708
3121 178
5481 2513
3792 1050
2014 1893
2101 1626
5453 2951
4972 1046
5479 1028
1497 1282
5647 4781
3619 3363
5006 3545
2911 875
3818 1870
5507 4509
4154 2915
3494 2816
1210 1009
1894 551
4773 3710
3321 1462
129 27
4669 849
3891 3070
5414 5368
5790 761
2325 1894
4245 1923
4144 3306
2928 1254
4162 1195
3898 2024
4634 1718
4370 3568
5530 4379
3368 1608
4567 3035
3157 278
3497 1369
559 42
4522 1455
3921 3744
5411 332
4504 2398
5264 4038
1795 1694
5280 1573
4253 1903
4693 1309
4271 765
4051 2749
3863 495
5107 1617
5576 59
5612 3772
2010 707
4230 1695
1771 908
5581 4984
3477 1588
2914 2409
2317 1330
2730 300
4197 364
5231 4995
5253 796
3611 2161
4600 1113
3460 1868
2125 749
2663 1682
3854 213
4791 793
3952 12
5643 183
203 77
5092 4487
1227 63
2468 1952
1050 962
1014 47
5433 176
3487 986
3369 978
4179 2817
1185 119
3971 171
5627 2912
2021 1763
3796 306
4949 485
3727 2269
5740 4740
3641 2072
5562 2920
2143 1781
4328 595
5307 2557
2872 1560
2036 665
5172 1534
1816 815
3525 993
5391 2559
5268 342
5023 2810
1680 1358
4195 3154
3423 1502
3382 1356
5228 2057
1619 1437
3206 634
3221 801
3131 330
5282 4181
