8240 1 460
1845 2339
5321 2934
2251 623
7543 5137
8175 7188
5053 1764
7462 7294
4623 2670
6733 5818
6338 5274
3090 2891
2303 1756
5913 2244
5826 3118
3168 1370
4396 785
5099 2060
5493 2124
5966 5113
7076 912
3902 2159
6801 2654
6932 1990
6589 801
6493 547
7792 6561
6172 2803
2758 1734
5325 4011
851 770
5712 4683
3779 2870
3824 3575
8073 7738
7205 5445
2390 2369
3966 2167
6905 1168
1011 753
5760 35
2691 1313
4161 893
7998 2179
1155 25
4768 1690
5028 1468
7766 5075
676 285
7118 3164
4127 3320
2270 2153
7333 1453
5930 2562
5260 5092
4958 4931
7983 7562
6657 895
3679 3253
6995 6687
7965 7503
6936 521
3356 2340
5967 5827
7359 1108
1671 1079
6397 6366
7275 6768
3611 3527
6203 5557
4329 1115
3684 3262
5601 1219
3447 113
6917 1853
8108 5289
8065 521
5246 4832
2291 961
7433 5262
7933 6580
6634 3979
3138 286
6419 3491
6871 2883
8153 4457
8133 4704
7341 7114
3219 2013
6139 2766
3233 1544
5588 3730
3441 2198
7612 2309
5218 4747
1554 1190
6467 4550
6593 2267
4686 312
5883 1647
6237 1035
3500 2262
5688 3082
1583 577
5401 4039
7734 6062
7127 5091
7443 293
7736 5659
7509 1366
5276 4208
7188 1201
7652 4535
6243 4723
7306 2275
2478 1303
3772 1762
5851 2661
7994 1219
7386 4051
7432 955
7320 6640
3866 1049
2485 2068
7165 4305
5203 1670
4549 3577
7064 5670
4417 1241
7623 4539
7901 6407
6947 2934
6953 1185
1788 1072
6295 4734
4595 3531
7755 5548
6673 5510
6765 5944
6926 3085
1279 1256
8080 1293
1325 409
7325 5702
7872 1907
4662 681
4784 2205
6522 4235
4642 3562
5668 4961
6523 2894
7410 5617
4802 3662
8049 671
3466 1287
6373 1494
3041 78
6461 6139
7413 1790
4310 638
5721 2365
7480 7318
5147 236
7702 5633
2750 2297
5191 4726
5104 474
6509 6094
4984 4451
8151 1771
4615 2557
6097 6086
7355 2702
5344 836
5009 1359
3461 3328
7637 5211
8188 1109
4813 1685
6552 2890
7490 7270
6758 705
7045 5636
2370 1340
8201 1736
6712 4742
639 318
1218 125
3683 3208
190 59
6747 2723
1909 1103
6150 1718
5693 4248
7196 2787
4593 3716
1239 636
3989 131
7979 5407
5341 3288
4914 4676
6049 1086
7060 6111
6332 2879
6818 597
8109 880
6837 3358
2233 719
3712 1528
4545 3711
3415 3047
6145 5382
8172 2479
5994 1523
3681 429
6770 2499
8020 1233
5658 2229
7104 998
7408 4893
7662 2553
2230 983
5450 3768
2653 1011
7973 3200
5642 2777
804 783
7975 5551
5340 4228
7029 4607
7172 1344
3242 165
7376 1853
6347 4741
4944 3962
2721 2212
6661 614
6433 2839
6366 5662
6820 3845
5706 3337
6285 1312
5268 3883
4989 1797
7759 6738
918 122
7687 7383
3077 653
7423 926
3028 2044
6708 5063
2475 568
3648 1174
5802 4567
5730 815
5780 5263
6841 5721
5269 3786
5188 2750
5040 1709
2845 2690
5140 1485
1116 1023
6380 6164
5818 5436
4092 3941
1767 1221
3567 3461
5982 5910
6418 4606
4469 1371
5513 3928
7193 6529
4548 3096
6119 3918
8095 3228
7617 1427
2130 1400
3285 2579
3200 1048
8110 3955
6017 1211
3324 628
6763 1405
4911 4517
6507 2592
6193 5006
7747 1551
7930 4401
7007 862
2184 900
6651 3728
5090 4906
5103 746
3489 1250
3761 2975
4739 1751
4646 265
7105 1024
4419 45
3856 3025
6241 1150
3581 406
6693 3456
7398 6623
7772 2908
7907 3620
1618 383
873 411
6959 4264
3040 1344
4612 1411
4564 1377
7504 6062
4087 880
5468 2774
5479 986
5825 1252
2122 126
3730 1202
6971 2231
5650 3672
1894 529
5682 1335
6300 4126
3640 219
7114 230
6617 682
2843 2708
7552 586
6212 745
5037 4664
7927 6449
4882 1007
3563 3263
6221 3110
3330 2887
4076 509
1084 328
4826 4511
8084 1925
7315 61
2080 1342
5993 1016
5134 762
6666 3136
5906 5330
5279 2524
2711 69
3080 538
7336 3390
4230 2443
2689 403
2030 1827
6069 2684
2903 1227
8171 5613
6171 4213
6450 6134
2627 705
5919 5190
3194 3193
2876 2325
7805 1183
8177 6056
7362 2730
5534 1759
6279 3275
6046 1350
3240 2438
4489 118
7605 3371
2865 2676
2091 906
3787 0
7596 1329
6975 3752
5400 3478
8192 4132
6707 3699
3751 3499
5634 5241
5185 1429
4453 988
6447 656
5984 2158
7411 6101
7821 570
5606 2981
6091 3331
425 302
5576 3120
3417 3364
8043 4124
3994 2746
2844 1297
5201 1588
3844 1416
4712 1855
7966 4538
3204 1738
6132 1723
6990 1170
3232 2997
6245 1352
5916 4013
4639 55
2125 1143
6133 3747
4426 611
6089 827
5725 5702
4735 2981
6268 2620
7977 6497
481 283
7883 1369
3596 3570
6358 6032
7497 62
6549 3361
7217 3221
5211 2642
4890 2487
2262 2213
7298 6852
4534 2058
4260 1194
7749 140
788 110
7018 4202
8029 590
7005 6652
3075 1743
6157 2941
5910 3607
7136 5357
7837 5513
1633 565
4607 2690
4719 761
7277 4076
5308 5024
6992 1815
7808 104
7255 6243
6230 1461
6799 397
7679 660
7783 2601
3917 162
3621 2565
5615 353
5242 637
4422 3401
3093 3002
4003 1039
7839 934
3548 3545
6321 1512
1656 484
3183 1346
