8640 1346 318
2930 8172
7746 8478
2439 4499
3406 6692
4398 6265
5279 6670
3431 3877
577 8518
2289 5680
130 6750
2 298
7100 7593
7998 8375
4446 6021
6566 6712
1688 4739
6895 8530
2110 8161
1351 7481
140 7133
4090 7015
132 3055
6540 6745
1737 3907
1013 7599
4802 8307
2185 2515
289 4692
1948 4535
1281 2931
1763 5957
471 3385
2529 5582
437 642
4911 4951
4037 6074
2081 4239
6166 6823
1844 5688
140 849
2376 7105
5005 5806
873 924
3800 7076
4765 5251
2863 5363
390 879
424 5184
39 5999
628 6115
191 6365
3693 3766
1250 5540
4877 6575
4456 5349
2487 4529
3666 5037
3530 5209
2880 4522
1199 2011
1901 3376
1632 4631
2758 4877
2748 4908
4508 4886
7980 8327
6335 7496
6584 8410
2180 7323
1831 7379
1121 4414
1851 4668
2877 3550
3645 4287
4126 6289
140 5686
4365 8072
2718 8510
3346 4079
4343 5596
4481 4852
7478 8258
4450 7735
3684 7710
1039 4872
2079 3844
708 3628
5803 8438
3248 5604
3483 4561
636 2431
382 1850
2285 2509
6899 7075
4165 6365
3446 5585
1899 8293
6805 8072
1245 3052
3160 4913
2936 6364
4610 6262
193 5067
6794 7523
2954 6708
5901 6918
5068 5745
1347 6745
2116 5112
5094 7533
2582 2704
2819 7220
1890 3026
1516 7079
2170 3216
1703 2031
5094 7456
63 1003
1379 1985
5962 8001
1652 2709
1032 1819
663 3407
4888 5638
244 6295
837 3647
7318 8166
125 8147
2019 6511
453 4163
1716 4565
5518 6219
706 2204
69 2338
1771 6842
54 5173
3285 3663
2765 3069
2724 3266
2219 5187
5861 7216
3365 7923
4705 8437
1865 4665
1983 4313
4706 6284
5568 7158
20 2542
1267 2454
3015 5337
6170 7272
3946 6354
4182 6123
2063 3051
2043 3186
970 3121
910 5056
2370 8063
1066 1720
1263 5200
1640 4239
16 7203
4957 6501
178 2255
2018 8344
3118 8406
735 2443
1714 6782
3568 7071
2108 6693
2725 4422
3830 6017
2221 3254
1149 6512
4397 4516
3050 3723
5754 8612
3377 5783
2099 5611
4365 4664
6070 6505
951 5390
2361 5203
2453 3233
1687 5478
2697 3878
3113 6887
1409 2190
6194 7827
5008 7614
107 872
2215 6063
4566 8105
3197 6304
1743 6505
5362 6349
2072 6418
1855 5394
1502 4540
346 6242
6038 6502
3452 4058
189 2959
347 7452
2185 4187
4333 8613
728 5824
3015 6153
2118 5251
1815 6283
6951 7258
4165 4954
3824 7641
1034 7119
3854 6709
3371 6027
1735 6453
334 7287
1312 6831
1334 7846
6532 7404
2163 3384
1952 6000
3257 4698
378 5873
766 6472
2775 6418
5532 6905
2021 3081
6135 7894
783 2534
3374 6307
4737 4780
452 2792
4773 5475
1082 2678
1961 5103
3894 4625
6525 6638
961 7889
923 4028
4157 7166
3871 5441
1301 6267
3431 5664
2895 4942
3017 4635
2828 5553
1804 7539
116 8518
1288 6880
4622 5906
1740 4482
3576 4255
4626 6214
808 2194
979 1128
3187 6716
2983 6575
1635 8608
5885 7496
4055 5474
2051 6457
7103 7149
944 4337
5285 5692
3103 7360
2946 4444
1111 4266
1652 2134
4917 6803
4614 4981
4545 5256
163 1329
3416 8099
5041 5865
2770 8134
1497 3320
3371 4486
2612 4248
1591 1742
1422 8577
1769 3124
1675 2512
113 1710
2052 3598
2477 6527
4401 5910
1613 3681
6298 6654
1061 8601
6808 7536
2414 4161
3677 4087
1049 1303
6072 7127
295 6835
2148 3921
6533 6669
387 7106
1867 4433
2255 7375
3223 7899
5160 6436
1077 5928
3426 7881
1725 8403
4416 5755
1434 5090
3371 7049
4517 7684
5235 5296
2248 4423
476 4775
1596 1970
2860 2914
776 2269
1569 3836
2469 2918
5397 6502
480 3109
153 6951
52 6510
289 2372
221 2705
148 3531
126 3599
1549 6508
866 4212
7468 8253
2316 6805
623 4470
2258 3609
1184 4768
1427 8404
1614 3319
5559 5599
1299 6640
2896 3473
4954 6938
1717 4735
3589 8258
2179 8458
1199 1875
799 6205
207 6471
216 7427
2162 4615
5134 7055
1398 7362
71 2543
4693 7746
418 5214
4984 5168
5980 8613
2020 6516
1014 4169
1248 3194
4199 8240
749 3199
2978 8499
1462 3398
5965 8510
1950 7580
1647 7423
1193 2442
7145 7806
625 1076
6536 7978
2583 7812
1873 3165
2636 2680
510 5186
547 6181
4568 4676
1190 6274
149 3416
4801 6600
4605 7333
6363 7807
3784 6914
862 7555
98 1737
5675 7344
1425 6412
1816 2359
3101 6846
1145 5483
1138 4530
3997 7847
4140 5088
3481 5773
1191 4720
1520 7807
3695 5793
594 7542
657 6226
1163 2281
4697 4762
1108 3096
1766 7243
3955 6014
5411 5524
19 5592
4861 6305
2221 4173
4741 5457
5755 6682
5738 7448
5579 5585
858 3563
809 6410
1734 7779
2898 6409
1781 2424
480 7399
6191 7279
2134 8415
696 4474
4742 6466
1112 7813
2560 4573
763 1778
3447 8368
1073 1451
25 872
3319 5626
3786 8259
652 1857
5605 7073
3685 7206
1835 5424
256 3923
802 5798
2979 6808
252 1774
606 1778
3389 6879
1800 7349
3968 6026
7933 8412
5611 5795
483 1761
2715 7465
3442 7499
711 7005
1715 5576
1272 7265
6075 7815
2821 3157
3863 5356
5891 6527
4013 6524
2315 7067
3778 5686
3123 3197
2789 5825
2818 5745
3968 6062
836 4166
510 3692
1807 6167
1994 5284
2858 8519
3919 7116
3472 3597
799 3803
3299 8221
249 3294
115 1849
4493 5570
694 1872
4973 5831
75 5589
571 3236
4274 8475
2413 4438
767 7805
4737 5714
293 302
1974 8597
139 6645
5817 6487
2788 4464
3293 6700
2685 5793
2131 6813
480 671
29 7318
3468 4217
1996 8250
3910 4663
1842 8264
674 4597
2249 7059
410 7702
556 3992
702 5557
1229 5800
2977 3086
3263 4592
1276 3761
1810 6778
3167 6699
2999 8604
271 4482
4198 6574
6048 7212
406 936
1849 6316
6625 8214
877 1544
984 6110
1013 5936
1017 1823
3880 6102
4027 5697
2198 5808
4561 8450
1849 4638
1585 2323
2182 4208
1746 5351
2507 3998
6303 6367
1860 3474
2483 2530
1517 4776
7280 7522
4701 6250
1395 4984
3640 5819
3461 6872
3766 4710
2393 4508
5714 6276
3660 7466
2265 5001
1089 1380
3723 8121
2688 5932
4947 6474
3730 5653
3921 6126
2101 2832
5812 6549
863 2622
6607 7728
684 1686
279 6215
3569 7473
4477 5689
1360 2760
4950 7856
515 2630
340 4536
1412 3570
1063 2495
5398 8325
4785 6705
748 3798
326 7062
4097 6620
4261 4908
3063 7974
7225 7746
3873 5417
165 7620
2822 7893
4531 7262
7454 7668
2382 2660
2589 6064
1330 6450
142 1940
783 4704
379 1918
3030 7128
6264 8613
346 6526
239 557
2303 3430
4465 5227
2925 3952
4469 5435
2571 6571
3036 6551
481 645
2358 6635
4882 5938
2084 5896
1781 6626
333 3530
2734 8257
337 378
3365 5088
70 3114
3350 8372
4831 6250
2 1473
8293 8479
5891 5982
4951 5828
2659 5814
2464 6338
1393 2249
4776 4801
1001 4638
46 4193
311 4122
1386 3181
577 3080
3205 4549
3405 7694
467 1454
1287 3715
2783 8492
3247 3861
5403 6302
1523 8454
1781 1994
1790 5237
1996 3324
1268 6398
1869 3138
5419 7639
1571 3729
5433 6616
691 1637
5016 8624
7156 7616
2780 8201
2858 3335
1463 8217
139 1395
3521 6518
4542 6828
5528 5576
5901 8046
990 7017
4281 4688
2364 5880
3254 5977
759 2713
243 8472
6141 6340
3516 4566
4557 5107
6350 7387
1955 2449
592 8202
6537 8634
847 1794
4161 4272
3215 6050
2799 6663
3340 7006
1216 5461
481 1079
210 5410
86 5181
4370 5347
459 1536
1330 4637
1486 2964
1508 2299
235 7890
4891 6769
265 2909
864 6517
195 7510
1647 5184
6560 8134
5465 6525
1190 7450
5154 8589
5047 6440
4514 5364
3029 6202
511 6399
264 5251
3718 7228
4536 5727
5474 6881
5179 7196
2081 4765
8300 8504
3900 8613
2109 4652
3966 6890
1678 8106
144 927
676 2750
2647 5051
5505 5773
1284 4859
1827 5682
2125 2944
555 7533
5 1236
5889 8019
6394 6496
2186 3512
1178 5603
1736 5662
2971 4894
1622 3288
513 3236
5970 6006
743 2868
823 7616
1371 1959
7741 8500
2071 3608
3613 6419
1147 1409
1026 7437
2186 5905
5696 6691
2333 6038
746 6625
403 4262
3565 7078
3985 7792
2587 4712
52 108
2592 2907
530 4773
5464 5877
4587 5679
3222 3448
1341 1696
465 743
5208 8279
1379 4116
2273 6674
4736 6474
1404 2142
104 3632
2197 8223
4162 6977
1021 3091
1511 4004
44 4003
5692 6110
931 5914
5701 6751
1571 3977
1783 2437
350 362
2740 7545
1707 7747
1574 2540
3725 5181
1026 6121
86 2774
4425 5679
6328 7588
683 3434
1437 4443
241 6614
1632 4455
12 3732
282 4671
532 2874
3337 5706
2795 7244
3139 6222
6701 7205
2044 6462
796 6432
5596 6077
2889 3465
8294 8461
2351 6555
214 5324
512 5830
4959 5707
3030 3358
394 6474
1700 4728
834 5185
1376 2212
1067 6244
3851 5935
5684 7399
2719 4638
5085 8528
4985 6920
7333 8291
4476 5150
99 3355
816 6486
3251 5153
1252 5097
7665 8091
2014 3514
3541 7794
647 763
1089 6230
1902 4943
2427 3873
3378 5482
152 7934
3982 8614
289 5222
2840 5148
948 4809
4013 6410
4011 5772
1807 8080
3902 5109
3625 4231
5583 6975
1407 5157
1934 1994
576 7431
978 2457
2892 8126
3752 5406
1124 6585
6249 6778
2172 8334
1575 2150
404 3187
784 8176
2694 4816
576 7287
167 2861
2167 4051
3398 4756
938 6553
2789 7783
216 6179
3371 4109
4963 7176
4378 7377
6791 8579
163 4199
2557 7267
664 6545
954 4520
1459 8562
1508 4645
611 7508
1493 3796
140 5317
29 4844
4170 7406
1596 2431
96 1972
5632 5878
1648 4573
2423 4918
2053 5409
2214 5438
367 5022
3535 4605
5434 7040
1040 2697
3138 3716
4396 6448
4017 6859
1357 2762
5683 7178
2694 6933
1161 4038
3243 5677
2449 4132
1840 8460
2173 2511
498 3288
1068 4724
2616 6517
4287 6856
3968 7256
3109 5516
3138 5970
832 6538
5467 6661
2858 6306
3175 4771
516 3860
6664 8631
2612 4893
1564 6539
1973 6072
1312 4129
6153 7884
445 7674
6521 7745
695 2812
2528 2762
1149 8129
4320 7883
2780 5943
1374 3701
4017 4169
5022 5955
3269 7638
3076 3598
4066 5308
220 8541
6698 8402
854 3654
5862 6066
1359 7605
1613 4559
5571 7005
5254 5511
2004 3706
90 1670
7269 8094
530 4166
875 6062
5468 7553
2432 4136
170 4135
4501 8459
590 7577
1312 5122
263 5435
154 2491
457 3260
4287 6787
3015 3433
3808 7684
1287 3824
4205 5344
1196 4972
2637 5539
1298 6948
201 4154
340 3932
1482 4487
861 1240
1717 3876
8131 8480
4820 8073
4235 8335
198 2106
177 3685
963 8411
1066 2397
2102 8104
6633 6654
5506 5779
1824 4340
5401 8505
1738 5536
412 3426
71 2701
858 7192
6308 7175
5191 6853
5503 7630
748 1633
3176 5897
5105 6584
3724 7925
1808 1817
3952 7622
2389 3364
982 7380
2566 6656
5779 6494
3068 3482
1939 2530
6355 8200
2703 6269
694 2460
5772 8387
151 3198
2900 3547
172 6220
501 8288
2581 7495
11 2666
1662 8334
3668 6223
1705 1959
1013 6782
4154 6414
2507 6461
632 7373
1763 4178
6146 7004
4788 8025
3313 7387
3011 8638
4564 7590
2349 4742
302 4283
256 2323
904 4918
521 7722
3049 5493
424 3769
955 7563
6216 7093
687 8497
1483 6091
276 7950
4496 5674
1589 3625
2921 5614
1263 6192
5392 5692
1340 5571
4821 5805
1044 3243
2075 2734
1139 2479
2564 7782
3242 8276
2906 7210
3360 5756
206 5584
2682 8530
7960 8621
528 3245
3958 8299
1224 7439
5801 7588
2619 6226
153 3991
2318 4913
2035 4642
2471 5858
3003 3270
771 2269
450 7371
6176 7881
2934 7177
6953 8229
6745 6789
889 4833
4112 6783
1453 5988
701 8364
511 1093
3213 4674
211 538
631 5456
2715 4267
2847 4339
2094 3504
4627 5813
593 8549
2185 6174
2740 5153
6139 7994
4888 4940
1648 1953
1869 7345
4545 8014
1014 1374
6908 6929
1220 2231
1361 2878
241 4247
1109 1915
4432 7831
1642 3386
162 8595
1271 2896
4200 6893
147 6054
2032 4250
3471 5447
842 2501
8308 8314
3337 5412
2990 5101
3212 7820
5607 6004
7773 7841
2464 5706
1632 3786
4344 4442
2227 5409
1426 2173
744 4114
4290 8154
2159 4878
3084 6595
782 7331
2052 5427
5216 7711
4544 5289
1217 4017
2236 2531
5527 7939
3385 5078
2420 4389
4645 5406
696 6732
5462 6105
1501 3866
3703 7829
1293 1952
6919 8358
695 4833
2600 3955
1624 6753
1100 5019
829 4544
5099 7325
902 2757
841 4711
1448 5179
985 6923
3238 4175
4459 4715
5294 5644
3245 8397
5363 6038
3456 6047
267 2661
705 2119
2838 4535
3493 8543
4334 5303
3422 3625
530 2925
3545 3556
3483 3548
125 7020
1098 4045
3153 4517
1712 2436
2761 6924
2128 7795
3390 4693
169 7235
5350 8264
290 4360
2282 6472
1768 7350
2824 3588
2309 3428
3889 8566
6406 6784
4680 5239
3007 5019
3178 6803
2439 4495
2941 5331
6372 8421
8114 8522
2051 6455
661 7658
1090 1916
4074 6773
1726 8407
36 2979
4580 5396
3415 4484
1934 3954
1904 6374
1741 2400
4601 6436
112 1246
177 3302
5626 8403
3421 5228
4514 4713
1621 3605
6016 6140
3957 6920
6702 8460
503 8241
5050 6755
3468 7552
4966 5359
1297 2255
2493 4741
6347 6905
1778 8540
4209 5100
1465 2564
2284 6014
2947 5773
1456 6318
2340 2544
4239 4650
5328 7087
5331 6667
4729 5132
5331 7317
2090 7946
576 3979
754 7382
2832 4627
234 2905
5772 6916
3337 4993
1361 5949
746 6925
1855 2382
180 3904
34 1957
233 1833
4200 4466
3230 4677
56 5673
5768 6663
3298 5223
7886 8608
3665 7065
5681 8431
137 4313
2577 2964
2498 5989
41 2888
270 7383
3002 8210
4159 7893
2658 5507
4183 8054
6027 6682
142 2455
132 3665
4908 6620
356 3202
3507 4822
2280 6187
3558 7067
1468 3199
2158 5941
5993 7429
3443 5604
785 1085
6800 8001
37 7680
6279 6430
630 646
1496 2829
1385 1548
5504 6265
4405 5032
2023 4361
4286 7056
197 473
2869 6538
3637 8062
2069 5705
521 4939
739 7238
763 4915
249 6413
1285 4493
633 3360
1454 5796
3007 6305
1909 7959
247 6096
4748 5123
103 6105
2253 2908
1820 5892
4805 8450
2998 4667
2885 5061
4080 5596
4478 6940
3280 7396
598 2673
3372 4094
3681 4345
460 6201
2089 3208
470 5690
3657 7052
3104 4152
620 6118
924 3313
6045 8179
1283 4051
3807 5642
2823 7841
2053 5825
4113 7377
473 3159
981 6027
6198 6712
2523 8380
2137 4350
1628 4879
195 4529
4476 4876
4279 4945
2078 4890
4846 6477
3380 4554
1027 3680
1039 1438
2103 5164
345 3494
5138 7662
1132 1278
4369 8300
3889 8210
4370 4446
2729 5277
601 4737
1258 4052
467 6506
1413 4618
795 2911
546 1272
2838 5648
2557 6286
167 7096
1775 7819
77 921
1484 5743
2517 5156
2977 5400
3034 6737
6125 8486
1605 6259
1169 3802
3174 6969
583 8316
623 656
4276 6628
1517 4855
154 8408
4570 8144
4123 8425
4817 8448
2351 2897
2218 3238
663 3796
734 6745
4127 5025
1849 4292
3556 5402
6676 7052
3399 6846
5444 7346
2818 4199
1198 6045
1065 6506
3273 4973
5990 2152
4069 1229
6981 4003
7290 6906
4728 2830
3599 1583
5396 4744
6673 2648
5274 1556
5270 2796
1353 1288
5496 4485
7754 2115
8182 3364
4361 2474
5039 2007
1767 787
7723 1468
6312 44
7360 1214
4137 3165
4735 831
4522 3607
8488 6322
5665 601
4085 2872
7202 2847
2640 372
5893 915
4297 755
916 314
487 118
8117 7201
7769 6097
3575 2865
8247 1398
6500 1274
5425 785
6627 4113
7691 6825
8249 2554
4357 4183
8386 3832
6583 1036
8422 5884
7857 5141
2903 1383
7871 6108
6841 5163
2872 2449
5555 887
8451 5192
6879 6315
5595 3786
4767 136
8338 2432
2965 171
2397 2076
7823 2072
7115 6215
6812 294
7909 973
5236 295
6531 5986
8475 7759
7392 3828
5746 36
5081 2855
6338 4090
4385 3888
6147 2606
4160 1575
6616 4753
8408 7841
7740 3243
4122 2892
6829 2536
7487 5530
8069 3071
3729 2507
8512 3046
8593 4331
8322 4665
7628 3298
8611 2690
7983 4537
8167 4507
2973 1178
5369 5322
7127 2431
3309 2519
6830 1563
6042 4877
3817 1036
7426 1125
7649 4047
4132 3855
5721 5008
3632 726
7118 4513
7059 1517
7424 5715
6753 4632
4292 3580
7056 846
5972 4214
5214 3819
7081 5419
4980 2978
4236 1872
4402 3147
6121 4272
4512 3977
3499 741
4362 3143
5886 2993
5992 4328
7711 6085
6241 2906
7669 1150
7681 3279
7480 3117
4034 1617
3857 3185
6239 1752
7651 22
3996 2883
4102 902
2205 1602
8188 5194
6260 2517
3240 1689
5126 1733
3177 2029
6459 5135
3604 906
6030 3777
6972 4873
7099 6119
5471 5429
4961 935
7477 5362
6193 418
6093 5094
8052 6703
6360 5122
8394 4401
3276 0
6958 6288
7455 6051
5286 945
8396 7894
1117 714
6668 3950
5942 284
5979 3054
4277 94
5916 4621
8213 3673
8501 201
6756 1665
6682 465
8006 2942
6587 1603
3077 1720
7086 3399
7232 2213
536 76
8378 4162
5826 5539
6685 2703
7060 2179
6645 2310
6696 3461
3470 2559
7587 7231
4525 3430
5267 4898
7851 4828
3155 1514
6926 1897
7728 2022
3246 2945
5924 3702
6014 2610
3779 1220
7970 7895
7486 1465
5603 4169
2050 132
4155 2346
8579 1048
5614 2775
6670 5319
6190 2608
6700 4023
7778 6510
2864 297
8172 7473
5494 5207
7652 3166
6076 3952
7415 3931
7638 4859
7039 5194
7447 1354
5427 5070
5750 1988
6524 924
5718 2948
7291 4695
7037 3498
4180 3724
4955 1725
5937 715
3424 1133
6342 4870
8028 3142
7733 3983
3886 126
7445 1255
8498 6799
8407 3432
5762 964
2810 619
8234 4382
3614 3271
6656 6296
8366 3659
4184 1342
5722 1678
4321 455
6220 3108
4937 3951
8506 3868
6025 5945
7600 366
8356 4088
8263 1495
4833 4291
1822 1081
6806 4709
871 767
7827 7609
1670 84
3574 1317
4650 4359
6069 2830
7917 6794
2735 1433
8268 4479
4719 1093
4148 3666
8342 3551
4923 805
7266 1417
7441 2870
1653 47
7411 2036
5670 3341
4310 2608
2809 1877
4178 1368
7160 5801
8511 6857
7608 78
3672 3620
5321 2619
5976 1279
6738 2247
6740 6703
7407 3196
3115 1667
2104 1328
5709 668
6028 1037
3391 826
5814 5185
3694 1884
8035 4536
4048 2733
6869 1617
4931 2802
4141 1983
7398 7116
8183 2063
8004 5736
4708 2917
5737 1145
6947 4292
4131 123
8027 7284
7657 7291
5175 3365
6719 1627
7177 5725
6213 4573
7819 4690
1858 1200
2918 253
2288 1598
960 725
4002 540
6447 6232
7712 3374
4417 3330
3526 1239
5368 133
6921 2499
8306 4681
7386 0
8540 3113
4506 3947
1107 156
8550 503
3544 230
2601 1570
4313 1760
