1395 142 13
871 1089
1008 1153
589 1022
626 690
713 928
69 669
112 587
1296 1377
984 995
722 1250
78 943
485 1280
269 647
159 398
412 783
483 1218
321 1117
266 1262
756 1000
15 1026
234 435
649 812
96 863
168 228
327 1071
336 730
530 670
918 1343
434 1143
128 437
287 1289
37 1281
172 1055
179 1368
843 1118
1291 1355
18 613
247 1066
201 1366
793 1168
302 1207
82 512
455 636
580 782
563 1236
83 998
76 896
65 335
456 1064
140 153
524 671
712 1027
763 1365
941 948
296 981
666 1116
121 1302
909 944
315 701
429 1294
497 1283
837 1223
384 1213
201 919
262 821
5 852
857 929
495 1239
82 600
827 1326
915 1285
121 1363
596 986
251 1198
829 1030
459 856
508 1006
632 892
451 853
472 1236
220 1047
676 1054
127 201
1023 1105
367 415
646 679
293 1136
112 1333
1077 1147
1102 1355
871 1350
127 320
555 1028
704 1244
987 1020
739 1253
172 1081
243 1308
538 1162
434 823
545 1357
24 242
544 1004
361 1240
425 962
184 1092
172 441
857 863
32 316
86 1033
43 1278
436 862
1039 1115
301 349
174 1345
209 222
92 481
4 1372
578 855
553 886
710 1182
433 966
242 766
415 1288
333 1295
433 811
283 613
51 562
191 1240
292 611
538 1068
782 1092
403 1208
522 1221
563 762
202 1108
199 599
416 587
108 829
672 1345
199 1210
135 1131
1379 882
411 10
1316 66
1303 1068
504 338
1222 567
1117 878
974 480
1050 233
946 883
470 185
502 111
1040 276
