5338 8 1640
2254 5011
3269 4123
1755 2085
519 3353
421 4786
2139 3140
2277 3174
911 2399
4786 2824
3086 899
3772 1670
2755 1775
664 338
4566 2321
3485 2797
2563 1144
4168 2426
3066 1678
1713 1082
1981 1484
3898 2096
4655 201
5261 1787
4812 3097
2589 104
4428 4148
5003 3542
3455 2170
4783 605
4802 4016
4889 2317
5032 4077
5096 2293
4350 374
3149 1914
3563 2694
1579 17
4663 2426
2825 1791
5148 2004
4059 2945
4203 1011
2539 2219
5139 2777
4045 513
4334 2920
4556 286
4838 3381
3326 286
4621 2820
1201 512
2719 1849
3875 2770
5272 771
2533 1391
5285 1259
3775 2016
3597 2412
2043 719
3239 2178
3373 3276
3447 1850
3968 1104
4151 1132
2901 188
2226 1283
4141 1096
5236 291
3061 2970
4216 456
5306 159
5316 5234
5164 560
5221 63
4572 2868
4625 1749
2811 1039
4682 2184
3882 1102
5160 834
1023 478
5249 4790
4307 1756
3388 340
4736 2581
5308 5110
2732 2618
3318 556
1294 22
3552 1185
2436 1484
4495 2606
4564 3403
2362 1277
5293 4650
4969 529
3032 886
5064 2185
2257 40
2731 189
4991 1811
3677 678
4332 2686
3784 1680
3758 3623
3916 674
4126 2629
4949 2303
4291 2829
5210 677
5303 1271
5047 1187
5142 2064
4890 4320
2245 1716
5005 3598
4568 4333
695 63
4800 2658
5189 2603
1926 1194
3935 2896
304 173
3290 238
1163 26
3449 1939
3832 2039
2264 1904
1008 554
3438 3006
3975 1734
4740 3920
2899 1837
4940 2686
1897 400
3302 3275
4911 1716
4486 3177
4602 857
4281 1244
4260 549
4333 100
5248 886
2942 125
5152 15
4766 2578
2434 438
4611 2490
2663 778
3571 1479
2357 1037
4992 1676
1471 570
4330 2345
833 204
2979 1724
4716 2670
3330 1825
4415 2814
5078 309
2985 2870
3525 1672
3984 1491
2365 715
3817 245
5177 4789
4023 3011
5278 1231
921 704
4803 3985
5168 4831
2096 1381
4608 2456
2432 373
4772 3908
4964 4803
4799 2719
4158 318
3519 1706
2989 501
3885 1463
1501 353
5019 3820
2999 173
3734 1987
1710 1664
4808 2250
4628 1316
2055 484
2802 530
3868 1727
4231 642
2483 1385
4659 2252
4289 1717
3755 3227
3899 3470
4335 1288
5057 1097
4837 445
3158 109
3263 334
4171 3739
5229 1131
5216 3499
4278 1275
4703 529
4948 52
4190 663
4588 25
5060 3782
2262 1584
2447 1280
939 93
3643 1384
4488 2135
3962 1472
4202 3091
1771 1156
2054 389
1661 1173
4650 145
2932 402
4860 948
3157 869
1784 587
3148 2289
3338 2208
5335 3606
2100 1324
3047 563
3389 335
4197 3036
2307 347
2514 386
2600 1411
2882 883
2338 1330
1266 79
4384 3217
3301 2814
2182 1537
2725 724
5001 4541
4923 4571
4612 1174
1602 535
4995 2808
5002 4114
1240 1120
2651 2055
3133 564
4411 611
4945 2993
2922 1567
4468 3348
3343 758
3610 3487
4562 860
4942 2203
5324 5105
3926 3566
5286 5181
3104 633
4760 2024
3725 1033
5092 71
3749 2040
2144 1063
3695 3484
4561 3946
5015 4574
4613 1630
4512 711
2291 1805
5126 4945
3640 3318
5066 444
3684 2955
3761 1232
4139 2806
3545 2486
5124 2053
5049 55
1236 537
1479 393
3217 637
4859 2273
3599 1757
5329 149
3372 3251
4372 2670
554 516
2545 1914
4453 138
4627 317
3358 1576
2918 860
4870 3670
3363 2247
3664 48
5267 2927
959 23
3838 2030
814 331
3180 2049
4368 4009
4381 4288
464 406
3227 2800
3627 834
4522 952
5253 1553
2744 1986
2531 1845
4961 4682
4373 4173
4560 1543
3887 802
2008 363
4156 1159
4160 57
3475 2961
4102 2512
3190 1078
1576 386
1569 913
4149 2905
2429 2412
1133 1075
1941 958
2814 567
3965 3269
4963 1510
2278 1866
4496 3532
4021 2009
615 17
4480 1737
4868 4524
4236 2818
2385 1955
2038 1968
4470 3326
2290 1431
2789 1380
4901 2454
2042 958
5307 1755
1673 1496
3659 2958
1909 1868
4731 2009
1877 1367
2973 688
3869 1265
1252 774
2550 2444
3628 3122
3397 621
4755 307
4636 3289
4374 442
1804 466
1751 1485
2027 2013
1223 222
2612 395
3235 2873
5135 616
696 339
4131 3821
4491 2157
2595 170
2032 1429
2601 2157
3546 1055
2788 1562
3050 2201
4641 4547
2648 1343
5024 461
5017 5009
5067 4637
2594 1367
1058 575
2606 1601
1856 1443
2831 569
1938 509
2949 104
4739 4243
2507 1265
4452 2710
386 92
1638 1597
5325 5043
4827 4477
3511 1540
4647 1370
4207 1640
2512 204
5008 3706
1895 594
5021 957
3270 504
2460 1891
3891 1297
2308 233
5006 264
2544 952
4095 3692
1679 80
3339 833
4257 3438
3553 955
4932 4882
531 411
2945 314
4545 3234
1915 383
1954 632
2982 2155
5025 3812
5212 142
1508 35
2816 601
2363 1440
1847 483
4028 2600
1454 669
1951 22
2426 2183
3218 1093
4600 4165
3977 354
3812 631
3506 1641
1600 869
1901 1109
2386 1222
2459 2093
4898 682
5211 2177
5149 5098
3510 1095
4450 1663
1184 284
4573 1676
1527 842
4618 2039
766 538
3774 1458
724 487
2356 254
4854 2317
1670 1104
4322 3711
2853 1403
4008 3050
2196 1698
3780 3408
1764 648
5299 3814
1593 479
5012 4715
3065 384
4950 924
2134 782
2579 1580
2988 2650
4672 191
5062 4511
3652 1133
4633 1150
5076 1052
3498 1888
2947 1961
5240 155
3559 1287
4622 2861
4580 4199
3947 3029
4183 2918
888 26
4577 1287
2956 586
2758 768
5109 1241
3136 2775
3518 2427
1707 617
4357 554
3416 120
5138 4248
4078 3509
3998 1891
2656 2646
2179 362
5040 405
3303 2710
5323 1641
4353 880
3140 2197
2818 2086
981 563
1062 999
5244 565
1732 1501
3689 1728
4115 3201
2824 1587
1254 368
2885 1194
4083 3296
3272 3110
4595 930
2923 542
3826 2520
2279 2157
3589 2938
4928 2762
2946 1898
5145 2445
3961 2189
4833 2375
2905 239
4226 4219
4184 2644
2086 328
3026 201
4778 2141
2964 2611
2607 1726
4880 4820
3268 1617
1838 787
4254 359
4926 3283
4360 3247
2482 2438
3442 3218
3666 2370
4750 4437
4315 4089
1314 1063
2566 1127
1684 1427
4097 1074
3069 2427
4546 4251
2401 582
2599 337
2970 391
5097 3150
3866 2564
3874 2673
4990 484
5055 27
4386 2038
5043 55
880 18
1531 125
5179 4368
2410 1955
4013 3543
1404 112
3353 2740
1154 129
3321 2553
4515 3661
3119 1081
686 127
4931 2834
1319 51
2443 532
5155 1864
2500 247
1051 922
4579 123
3072 2432
4638 1614
3560 1219
4792 344
3130 3003
5169 4544
2000 188
2005 57
2133 1277
4262 996
1317 0
4853 116
3163 2378
2390 1676
3393 1022
5059 1901
4692 846
1081 155
2527 1142
4371 3099
4878 4002
3325 1582
3219 2452
3420 1926
4324 809
1869 1218
4965 422
4359 1040
2812 2130
2430 1122
3802 50
1876 1661
2699 679
2187 57
5146 5112
3295 2160
5129 2368
5237 411
1380 357
2316 110
2265 812
4445 1688
4620 4453
3490 721
1927 1612
1160 528
3247 2077
3009 2816
3492 1118
5222 878
5202 5146
4695 3378
3224 882
2598 708
4944 1415
4758 358
5242 4235
2212 1344
4406 2458
3904 2928
2881 292
3964 1709
3167 2813
4953 2018
5200 1089
4839 1707
2873 463
4153 3955
3453 1381
1092 624
2790 529
2891 266
4308 2135
1826 1233
2200 1660
3982 1038
2562 160
2936 636
4304 1260
2458 1344
5108 3435
3360 1290
3632 1661
1923 1160
4121 1161
3881 1189
2023 630
2189 670
4884 1372
3923 3291
5154 122
2366 960
4394 3129
2673 1971
4670 1749
780 138
3241 466
2525 1024
5140 3863
3842 681
3626 2463
4905 3848
2773 2420
3170 189
3816 2396
4660 1050
4179 2495
2687 49
2838 760
4223 2838
1514 387
2929 587
4714 128
1054 68
4269 2544
4669 1639
4893 3112
3252 3176
5309 3517
5035 4
5292 805
1960 1028
3098 937
2866 515
3580 2265
1290 949
2339 2118
4001 2922
4146 1651
4510 2477
1674 654
3766 1335
4188 2988
2720 548
3169 442
4420 2160
759 364
4347 2256
4331 0
3538 770
4277 151
5130 3509
2331 2162
4249 1883
5132 4039
5183 4636
4398 3635
4385 4132
3608 1914
1817 437
1149 452
2160 863
2158 669
3548 2320
4635 3350
3800 671
4832 588
3878 2161
2662 1469
3971 2080
4290 2321
3031 2953
2567 1577
2035 220
2846 1901
3648 3486
3829 2632
3211 333
2263 980
3856 2939
4974 2051
4696 3617
3911 2510
5077 15
3041 1332
196 5
3210 2425
4351 2205
3503 1783
3764 2105
3541 1438
5156 2140
2728 1177
3959 3389
3499 2814
4737 4645
3532 308
2742 109
4769 4131
2568 2326
3181 2977
3100 1293
2392 940
1299 262
5085 5053
2152 1724
3439 277
4460 2103
3994 3511
1841 1172
2786 2272
1914 646
844 798
5123 3920
2883 1145
4242 2155
2987 2830
5322 3346
2125 2121
3795 1853
3275 16
1691 1385
4198 3245
4879 3837
345 13
3793 2621
3299 483
3489 267
1848 1520
2764 795
4256 3284
2103 229
4337 749
5112 4436
1487 1253
5288 770
3020 989
1235 390
3056 2271
5026 503
3650 2824
3770 3254
3058 632
5072 4221
4004 3151
2896 149
4744 2158
265 91
3976 341
1834 626
4644 3922
3233 57
468 430
4768 4638
905 130
3827 82
5206 2245
1417 1332
3586 2249
2510 213
4826 1972
3954 3353
5089 1913
1192 665
4909 4316
3686 2943
4594 3302
4352 3766
4106 3286
3788 2870
4033 775
4229 3862
4466 3990
3634 3164
2610 1099
5131 367
3006 88
4112 3678
2067 1712
2487 1666
1944 975
1636 15
852 563
3575 3042
4751 2427
4431 67
1451 500
4319 1134
1189 324
3760 1047
2312 959
3825 3423
3216 639
2780 2325
5201 1521
2961 835
4938 2421
512 218
4063 3198
4684 1179
5295 3493
2629 1704
935 662
4730 3492
4265 632
5163 3637
3753 3086
2641 2629
4947 915
2670 1529
661 382
3418 149
4440 71
4975 3976
4856 4540
4681 2535
3709 2259
3366 3304
5114 89
4929 3818
3436 152
5093 4693
4555 2519
4361 148
2968 2085
2105 479
3433 3192
4424 3782
1870 1418
4462 1559
4055 3554
4356 948
5162 470
5233 347
2934 602
5191 2459
2542 605
2155 371
4993 4325
4937 1600
3328 1657
4873 4299
5328 251
2053 743
3636 1824
4313 2747
5027 5008
4565 3793
5151 3693
2037 1095
1659 888
4172 1109
2534 2053
1828 1038
5120 5090
3556 331
1396 284
2246 1431
3642 1004
4101 3748
120 90
3037 2653
4816 1397
689 281
4472 2743
3481 2423
2497 1723
5020 4823
474 230
3987 3700
3255 3133
5104 1953
966 276
1644 511
3607 3304
3452 2606
4941 2979
558 535
599 333
2967 2592
2888 1061
3876 3534
4849 385
3820 2791
2677 1015
2455 2301
3049 524
4951 2870
2575 590
3228 1712
3834 132
1229 326
4661 1321
2470 1128
3059 2199
2892 2823
2571 319
5214 875
4073 517
4128 3820
4067 4047
5300 3495
1198 465
4569 1703
4630 390
4697 4046
4508 458
2177 351
2800 1152
1881 432
3888 3409
2792 687
4123 1055
1511 281
4538 3158
4674 1052
5136 2050
2007 1700
1556 643
3844 2301
5331 2930
2837 294
455 238
4220 1166
3576 204
4077 1423
4015 3317
1762 786
582 489
1529 233
2957 1386
5234 3858
595 489
4842 1085
4892 2371
3623 114
2810 1847
3605 1090
3561 3313
5291 1036
2635 1295
4576 1782
3184 1070
1129 464
3383 1373
4044 3544
3249 640
4378 2300
3863 3035
1162 828
2148 74
1685 358
3828 3387
1990 1437
4224 195
2776 645
5018 3840
4341 1546
4162 1598
4144 1724
4349 3057
2238 559
3187 2744
3594 2530
4821 1965
2411 1933
3550 3365
4449 2738
1436 1222
4881 2216
4676 3651
4524 351
4541 2952
3653 1473
2299 362
5063 2827
5226 1437
3978 1276
1648 1153
3699 1126
2703 2412
2354 1929
5042 358
2522 377
4316 525
4175 3738
4032 142
2185 133
4038 3327
4375 226
1932 1564
2304 284
3193 32
5157 1205
2361 1729
2937 2015
3584 2570
4463 1247
3744 1452
3483 2786
3657 1750
3756 1624
4529 426
2478 1323
3996 3792
2865 46
5205 3157
3970 2005
3245 2139
2553 2372
388 64
3797 1696
4858 2933
5336 2264
4451 1637
3531 2433
4830 3248
3035 381
575 78
5213 22
3624 3137
4074 2932
4276 2565
5038 4460
3578 1278
2143 1063
4230 3840
619 32
1430 937
1907 522
4081 1831
4211 1737
3129 2130
944 118
2858 1344
3785 1740
5304 2274
1009 482
3757 2071
3724 3275
3810 2428
1806 1157
1714 1005
2099 2095
3179 2394
5098 3528
4507 151
5037 1830
1721 660
4501 841
3051 2603
3944 1247
5087 4062
3872 1650
4798 193
4266 1217
4050 2626
1112 200
2271 1702
4844 2652
4336 2821
1662 54
308 188
5046 527
5102 2791
2394 529
4642 2584
2203 2157
1996 1975
4176 775
3240 3004
4206 2835
3279 892
2718 882
4518 3987
2739 2132
2077 175
4775 4660
1889 1860
1126 280
4924 4809
1469 1061
1286 708
4534 1797
3527 2980
1329 453
3897 598
4825 4148
2781 2434
3446 1557
4994 244
4140 519
638 204
4412 3509
4221 2497
1288 610
4637 4424
2711 2658
2971 500
4943 2189
2065 1644
4159 1967
4571 2082
3851 2961
3414 2583
626 577
4298 926
4862 1571
2387 1051
3938 1341
4857 1437
4575 945
4167 3940
1256 966
2371 2
5000 105
4075 213
3778 1946
1882 381
2878 2637
4275 2606
2297 293
4668 1385
4000 1978
5147 2580
4817 249
2752 998
3411 3090
4829 3922
4656 4017
727 318
3539 479
1942 1639
2306 125
3927 249
2490 1350
4761 4248
1660 268
2808 502
2583 1373
3645 2154
684 365
5190 249
4553 516
2861 1732
876 262
4155 580
3717 1087
4132 1243
1993 246
2320 2037
3526 1191
2471 1180
4891 2976
4018 277
3715 3623
1200 318
3156 958
989 372
4998 4689
1312 835
3342 2979
967 672
3288 2515
5068 4328
2505 2205
454 439
1773 1652
1935 339
1211 337
4029 2799
5256 132
4728 3047
3466 21
4520 3254
2080 540
3850 794
2407 386
4634 3997
573 454
614 348
3260 490
3331 439
3886 301
4318 2496
850 789
605 20
5137 2780
1342 1078
2463 1022
3593 1430
2493 1692
4762 3902
3704 2865
5332 3757
4113 619
1298 693
4914 1605
1754 1334
4794 126
723 59
1116 1069
4443 2992
3656 2871
3212 413
1925 1098
4746 542
3067 12
782 39
1768 1021
2106 596
3017 1345
2850 650
5159 2082
3036 2124
5036 14
4593 1745
3186 585
2804 500
3956 2108
2833 2371
3690 442
4584 2686
2995 2298
5182 3850
4016 1847
4154 2747
5198 464
1475 419
2161 803
3706 2777
2710 1888
3765 872
4010 228
382 227
3849 1660
2318 2286
2757 1605
4437 1294
3649 2114
4875 756
2112 623
4784 4667
1150 815
1335 166
3012 2693
2030 1978
3558 393
297 139
4743 3276
4631 2913
3803 845
2269 1018
5276 5049
1830 984
4989 4937
3435 3262
4043 3313
3282 967
763 476
952 450
2696 2451
4250 2576
3824 2685
4776 4000
3889 151
5320 4378
1678 1230
5269 3595
4425 2300
2501 1351
4494 3557
3292 2172
636 319
4233 1847
4068 576
3404 2955
4917 2831
3814 297
3609 1029
5133 4984
4181 2730
3902 1529
4292 2430
4954 2290
3830 3104
4667 3738
3402 2889
2695 1545
5318 3167
2730 2149
2321 1450
4065 928
1689 1123
4939 2498
2301 1235
2424 2339
2352 856
2192 383
3259 110
1667 314
5039 3984
5181 3985
4438 4323
4094 1619
2388 2008
4908 4263
3843 2647
2026 722
5277 1340
4069 2124
4544 3359
4955 2733
4034 3655
1997 1047
796 572
4987 2605
654 519
3206 692
487 215
3126 2510
3293 212
3941 2698
2921 572
5319 4405
4713 4113
3137 560
4662 913
971 817
606 478
1002 563
3424 161
3592 3368
4729 1946
2564 2265
3445 2105
3329 2888
946 144
3271 1127
3873 1853
3698 625
1364 356
2890 395
2236 1803
2852 1145
2456 818
3055 848
1783 305
1705 522
3410 1892
2079 789
4232 2007
4687 3346
4120 1743
4789 1075
4823 3102
3517 2409
5088 3073
4204 2397
2489 234
1736 1200
602 408
3687 1261
4447 168
3502 1179
4866 3081
1457 577
2622 815
4142 2399
4607 4081
4747 2428
1330 156
4874 4440
5034 782
4599 4335
2231 847
3352 1070
5071 1108
750 517
5215 4538
1195 531
3199 2151
5116 2615
1931 1823
3315 1520
3229 1957
565 366
2591 1978
3754 2590
4693 4344
3930 3004
2577 2423
1225 588
2031 237
3535 1722
2900 1657
4005 3159
4238 450
1985 1895
2981 403
3335 1598
3285 2928
2095 587
2753 663
5054 233
4785 51
3993 1524
3110 2047
1504 661
4711 3239
4012 2991
1349 748
3368 2955
815 405
4734 233
4389 4214
3403 1070
5082 1856
5204 4474
3512 416
3316 435
2864 2533
2488 2467
4252 222
5075 3583
3444 2769
3151 1689
2791 382
3458 2789
3395 538
4688 1883
4042 2065
4485 2222
1604 840
5231 2497
4009 3587
3076 2856
3145 935
4958 1119
2774 873
4100 3346
3647 289
2847 1467
5187 869
2450 537
3621 2334
5143 482
1601 1600
3394 3206
2848 974
4228 278
4834 1547
3746 280
2747 1761
4933 1773
3115 886
1138 958
1778 1000
5050 1185
4261 4221
1594 702
4509 4216
2548 1258
1557 446
2729 1774
5058 1538
4936 4367
2249 1018
2543 1093
2573 1081
1781 1711
3651 3639
4017 2680
3398 1333
4845 4108
2580 1371
2736 2504
4597 3581
3099 2609
4922 1034
3476 3214
2822 1960
3738 2650
1979 794
906 845
4885 2307
2926 2421
5312 117
4709 4152
3613 995
4887 2659
2713 1963
1515 744
1554 841
3985 537
4583 1631
1961 93
2966 224
4521 888
975 1
1104 390
3346 33
2771 282
3917 2833
4090 2649
3865 1576
2016 1350
1425 387
1258 376
2592 2414
1767 225
1243 938
311 105
2060 1706
5115 3263
4796 4521
3371 846
4578 3196
3946 447
3146 598
2468 893
3465 2500
2605 1889
3625 1042
5167 4808
3500 3045
4723 454
1071 217
3287 327
4270 3702
2647 1152
2597 672
5208 2437
2019 1556
4178 2821
4727 734
3248 2960
2408 1682
3697 2393
5100 1168
841 121
2910 2152
3159 2359
1633 93
3884 2863
5013 602
3848 32
2616 1062
2340 2170
1750 453
3057 242
2191 1496
5161 1804
452 217
2951 1807
3480 3397
4137 1898
4809 3779
1502 934
2039 1746
2756 825
3857 2198
1431 140
4540 1856
2150 1586
4363 1176
282 238
2935 539
3477 517
526 188
2751 1841
3083 1949
2225 473
1681 317
2862 987
2835 562
3682 2241
1789 894
