8996 7 599
6149 8384
1454 5176
2358 4824
4365 4818
10 8508
2296 4526
6875 8546
2506 1304
7017 3733
4629 965
2971 254
3673 2993
7676 508
2224 663
3536 3374
5697 5411
8932 6963
4882 2427
7463 6446
6270 1420
8348 5495
8509 88
3382 610
3149 149
3243 706
4066 2703
7325 2013
5688 1964
8020 816
6315 3645
3757 1333
7562 848
5908 5747
8171 476
6445 5045
7041 1737
4232 1045
5701 251
4159 530
4885 3819
4094 2862
5623 3228
7730 549
2861 1378
4507 3105
8179 5670
8088 6613
5025 3903
7020 2939
5258 3536
7724 3826
8801 2267
5373 4835
6374 25
5520 5114
7483 2690
6994 5127
3745 3461
7002 5252
6646 4566
3428 1766
7466 255
8653 8581
7388 26
7331 6361
8642 2594
6791 2098
1664 1429
3140 75
7663 3567
7031 86
7398 2873
5209 3882
8201 115
4156 3497
6134 146
6184 4284
5435 1991
6370 1845
8176 7989
7467 4662
5047 2416
4364 890
5251 4328
8337 559
2252 1705
1151 4
7491 419
6899 3642
5223 791
4961 3404
4929 4196
5753 4618
971 412
2354 1232
8366 5908
2809 1251
5996 3081
8922 421
5307 660
8750 6323
5391 2721
8495 4649
4606 2087
1724 299
8948 8516
5650 32
8406 3597
6155 4843
5773 2002
5419 918
5090 4855
5189 2243
7097 4718
3994 2601
7028 2644
5454 3374
2997 2677
8813 1206
7555 2873
2983 45
7228 1402
6729 103
6913 4947
2264 1271
8234 5910
6165 1593
3710 1451
4902 474
7159 4465
8527 2079
6812 3221
6733 3790
5607 2129
6684 1398
6953 3325
4021 3852
4326 3681
5402 1953
6827 2240
4080 676
3655 65
2348 1178
4215 2381
5985 5109
6594 2548
8687 6243
2254 120
5261 3662
4285 2673
7323 1397
5103 203
5656 2522
7049 2533
8591 1792
8173 3074
5627 5120
5432 149
6577 4464
6492 3080
7009 5607
4322 3457
3766 880
8792 8125
7876 6640
3977 3143
8304 3620
3531 2198
4202 781
4278 517
8274 6404
6622 3792
5978 4442
5716 739
5704 1967
4110 812
4086 643
5014 3400
6960 1950
4586 3515
8162 3401
5293 4566
4725 1733
4713 3891
5776 2748
8438 8179
1825 505
4655 3303
7113 123
8373 3694
5893 3566
6934 2913
6225 1425
6779 3648
5460 4798
3216 2504
1528 1100
5542 4439
6626 4450
4854 1294
5669 4636
3489 2718
3183 1098
1734 582
6333 3935
7686 4461
3679 1394
6467 2809
6454 3186
8397 8211
3259 2272
7669 3394
1799 882
2310 612
3219 159
6463 4879
7999 3548
8266 2005
7095 5173
2288 949
3097 666
7972 7929
4139 626
3717 3104
1709 992
2865 1627
8682 2969
7646 969
4810 1757
6141 2639
4200 3048
8253 4457
8607 5119
8170 3174
6723 140
2752 751
1963 1608
6497 3331
8018 3148
8785 3102
7221 6241
8977 2731
3639 741
8470 5380
5437 5126
4639 2106
8908 3808
6273 933
7479 6821
4717 781
5232 1762
8866 2513
8954 5644
4217 1583
5637 3464
8456 6391
7252 70
4382 3313
7488 4075
4048 2138
6514 208
3892 976
8594 3433
7332 4512
2055 1099
8562 8184
3951 113
6250 2694
4625 4186
1336 1268
4968 770
5107 3483
4563 1720
2428 1165
6617 3470
4151 1834
7392 4513
1496 594
7572 6860
4366 2902
3422 1109
2078 1642
7380 6872
6047 3492
8734 5910
4328 1858
8891 6777
2946 1364
6054 5328
6947 6498
8727 3827
6573 2306
3819 1013
6269 4008
6106 5629
8183 2170
3087 1802
2922 936
2339 2305
6538 2139
5535 1265
2149 1410
3779 2842
8958 715
5988 4960
3931 2432
4918 3082
5497 5115
6712 6555
3132 2438
3484 1444
8536 345
5821 640
3064 2272
8107 4703
7195 3396
4545 2860
981 137
8609 2921
7247 2741
7183 3724
5999 108
3641 1012
6669 5895
1424 768
2710 497
4178 3419
6150 436
6130 1035
8530 380
7456 3435
8326 7005
8135 1524
8600 7645
880 754
6348 987
2864 2103
7511 2653
3078 309
2638 546
8688 4984
6632 377
2749 1807
5457 3342
1893 1848
1776 681
4993 2572
6683 5915
5976 4819
5932 5516
1259 439
3415 585
5756 227
4967 1207
8897 1772
8841 638
6030 1524
5192 1917
4172 573
3005 1707
7875 7350
1785 878
8046 7792
3974 3742
6840 3935
6143 5903
3976 695
1594 1537
4111 3019
8101 5640
5504 4724
3266 450
3611 2747
7963 5177
7788 559
6999 3411
3373 279
8729 2783
2646 857
4315 937
8564 4365
6973 4562
7611 4388
6277 4295
6972 5289
8906 1429
6512 1662
6177 52
8043 7987
7823 2514
6535 490
8693 4305
4964 3448
5883 3815
5218 2743
4676 25
8876 5902
2187 307
7748 3443
5844 3553
5712 2057
834 173
6786 2733
8220 1326
3494 1619
1878 885
4116 1401
6637 5207
6385 2604
8359 6606
3664 257
7386 4302
4026 1685
8646 2573
8012 4155
4917 1726
2878 1725
7584 639
4764 2016
3516 3197
7524 1234
2576 2500
8389 1331
6484 1830
5207 5120
4001 3956
7927 6269
4646 2503
8320 989
8616 2782
8401 644
6367 1190
8659 2219
6521 3503
1950 1343
1806 570
6087 3263
8928 4665
3480 2697
1986 319
3886 3125
6156 1357
7742 3158
7967 2251
3045 2926
3098 887
7419 9
5841 781
5246 1490
3420 1835
3798 61
8355 3371
7632 7410
8315 6
7269 1019
2005 412
7601 2022
8639 5593
1282 1078
7921 5774
4812 3859
4736 279
4316 2905
5424 1182
1198 506
5500 353
5305 4370
8096 4923
4689 2976
6092 3605
7559 1136
8713 8369
4876 1329
5929 2160
4446 1953
2645 66
6197 4683
7582 5001
5297 1417
5171 3575
711 469
6858 5633
8404 3576
1404 1257
4628 438
5268 602
5386 1359
8736 6858
4488 2419
5196 4553
7583 3322
6485 5840
5682 5588
6871 4290
7736 5029
7673 6630
6898 3242
7240 456
6554 1923
4319 806
5164 341
5488 1321
5803 2925
6916 1902
3203 2346
6464 2920
3068 2457
6189 5599
3521 3520
8610 8559
3476 641
5771 5003
8571 7425
4375 3224
5590 969
7311 5848
5621 309
7298 447
7757 4972
6063 3847
5537 4149
5824 324
3902 3695
5199 651
4904 1976
3576 1220
5298 4126
3157 2530
6773 1393
2402 512
6974 1270
3733 2173
3198 1851
4291 2447
6644 1045
7565 5833
8269 902
5478 28
6470 71
8758 6831
2539 12
771 335
7835 1317
7181 5242
6780 746
5448 2232
5175 3844
1847 375
1023 943
7645 5178
5699 3459
7259 935
5393 5326
7530 5990
8180 6800
5707 4306
4595 4371
4919 4850
2577 1670
5889 2029
7449 3307
7758 4156
3506 931
8857 2281
5184 2852
1263 1241
1826 1425
4815 1787
8524 7298
5108 1142
4265 845
1599 40
7864 5570
8705 4287
7101 1056
5564 294
4699 3971
7234 5430
4157 1670
8982 8021
5552 4643
5533 3648
7004 4479
4044 3792
2844 1453
4663 1520
6378 4509
1581 287
7576 7479
5176 2682
7147 3348
3419 2046
5866 3889
7580 2675
5920 5501
7759 6128
2826 15
5734 2223
7400 3086
7358 7001
7620 2207
3817 3037
5481 4712
5931 395
7675 6950
5318 951
