464 7 124
225 283
203 297
1 152
94 184
206 250
279 341
303 432
350 177
405 178
322 55
431 409
220 176
214 136
445 274
317 231
388 122
326 52
287 123
298 85
312 244
456 247
463 169
412 362
76 41
461 90
458 370
432 18
444 313
419 149
33 9
222 212
164 57
301 191
108 97
53 46
327 115
341 177
425 218
296 108
234 145
289 90
440 250
107 42
383 167
335 302
384 226
345 304
306 136
380 3
389 243
251 27
256 34
429 54
354 229
344 215
271 233
72 48
194 129
280 226
229 75
340 126
372 36
397 339
208 184
224 87
435 95
201 138
365 269
133 37
375 30
369 22
217 2
376 127
182 17
310 91
451 250
173 141
460 71
323 213
361 96
307 216
368 365
149 8
188 75
437 160
321 261
64 50
395 114
339 207
231 187
422 178
100 72
175 59
228 110
453 321
442 80
255 214
172 138
286 173
423 297
449 187
318 144
356 159
314 99
392 380
145 144
113 62
247 125
270 57
329 259
421 86
259 30
288 167
50 2
268 158
430 31
402 350
398 7
277 211
406 367
158 88
265 71
159 64
300 190
166 39
313 43
420 291
334 290
185 30
218 83
272 248
