8796 471 698
2444 7601
1033 4848
4613 5216
6103 6942
1024 7890
1138 4149
6281 7602
1793 2335
1492 3937
4418 6200
1000 5896
1687 2585
1999 4399
4390 5319
3308 3479
2672 4420
1487 2582
4305 5672
4154 4707
3638 8234
2639 6293
4147 5349
598 4590
1314 2332
3834 6328
614 8754
4441 4989
6248 8531
977 2941
2590 3420
5048 7521
1316 3336
219 2050
754 4850
3569 6241
1627 7251
611 1192
1215 1881
3393 6034
1219 1382
1017 4820
3710 7769
8118 8776
2688 4925
6339 7916
6329 7740
321 7884
6006 7788
3470 5654
5008 8253
1174 2678
1070 3915
2950 3010
6373 6448
3578 3918
1086 2835
3857 4606
3250 6319
3389 6517
6399 7361
2847 6047
3231 7082
4088 5474
2959 5391
191 751
2838 7601
1750 3282
2193 3855
3551 7250
512 4298
543 1066
888 5784
1552 2589
133 2604
745 3293
4591 6939
3014 7302
2655 4674
4335 4833
7082 7958
1098 8569
1522 4436
4906 7075
4301 4930
4046 7819
1967 3358
1794 8678
4703 8610
1482 2093
1504 1632
318 6183
5656 7322
7721 8205
1485 5974
3576 3667
5741 7866
4081 8604
1320 5866
4706 4761
1058 5233
2259 8578
517 1069
1642 5382
169 4676
526 7042
610 6368
1945 6477
5794 7740
2582 7549
5659 7492
4695 5457
3225 4644
3480 5217
1841 3035
872 7539
3275 4272
88 280
4768 4953
1662 6287
1603 4755
80 1432
5876 6437
2271 7894
2058 2712
1069 5519
4697 6405
4984 6278
504 4531
1187 1366
5661 5780
1217 7067
591 2824
1429 1797
2461 2807
2798 6023
2052 6674
4508 5203
1686 3534
1674 3802
1267 1936
1438 6933
3405 6262
79 5176
1061 3430
5695 8346
2351 8428
25 5882
3366 8306
7317 8238
3021 3275
2083 7722
1698 6934
6647 8023
3532 3716
3624 8218
5078 7614
3846 5681
1547 3867
42 8085
2658 3065
3981 5954
402 3219
5708 7330
2245 4840
2104 4772
2190 4820
1595 6824
4878 8323
320 2300
4524 6726
5919 7821
4224 5041
3831 3995
553 4808
6187 7903
487 6288
5290 8227
3014 4695
4106 4330
2511 4448
1282 1930
1183 5368
386 1556
731 4284
584 2955
5126 7473
1679 4081
465 4643
1004 7727
3096 7337
1194 2292
2701 6378
1612 4655
744 4963
4430 5337
1443 3286
957 6971
30 7417
4762 5760
3941 8345
814 1501
3447 6608
5508 7097
1756 8334
3661 5883
5472 5659
7149 8430
1137 4239
2187 3973
806 6834
2684 4523
7839 8520
3856 5119
261 8103
5296 5665
2422 5903
1645 6802
3377 3936
7651 7981
693 4011
2722 8571
3727 5734
1990 5827
4632 4752
973 5991
5262 5613
2539 6616
3008 7834
470 7227
4785 8123
1850 1941
3903 5758
5100 6088
251 6374
395 1077
5733 8662
848 4257
1934 7141
3389 4392
1944 6598
2211 3964
5197 8556
2061 8089
1603 3614
1330 2138
1332 4314
2062 3978
913 2527
654 2860
727 8073
2825 4057
2724 4378
2945 6184
3878 4348
3191 5988
393 2075
3584 8682
5900 7269
1421 2202
3343 6225
1655 5845
2396 2492
567 5123
3769 4367
42 6067
528 7841
4053 7588
3717 5629
695 2113
2405 5272
169 6180
2282 6196
5545 7051
1382 8705
1095 2549
2338 5359
5300 7017
1657 8246
2712 6238
6987 7401
5087 6393
5199 6849
814 7239
3857 4745
1876 3490
3737 7851
98 5191
4220 8741
2365 4005
1471 1876
1924 7632
1216 8677
3229 5424
2880 4428
1145 6150
311 8666
1648 3000
5351 8547
4751 4991
2463 6031
5981 7387
3404 5637
1908 3471
6158 8142
5478 7764
4039 4579
38 5246
4948 5749
1346 8766
4383 8246
1646 8779
272 3355
438 1187
3545 4537
6969 7952
1355 2600
5416 6513
3655 4028
740 5022
1493 4847
2026 5080
2957 5266
130 7159
4021 4697
6367 8520
1200 2012
4991 5901
1106 1130
3163 6902
1580 4200
721 4800
3600 8164
1565 1956
3289 5601
3272 8454
1884 7531
1104 6043
1211 4936
3728 4096
1581 2822
3836 8301
4960 6739
6864 8645
1165 5230
736 789
2002 7480
1196 2060
3502 4420
4628 7309
604 3185
2122 6193
2047 2772
2264 3658
4953 7224
1352 3065
6815 8214
1406 2141
3077 4646
85 5058
2157 2196
1742 7834
5244 6188
5032 6106
1057 5262
5286 7502
383 1696
208 8066
2261 6191
3730 4787
6846 7804
6359 6459
770 8582
2447 5708
4184 8057
125 7566
2576 4996
2021 2413
4342 6892
1456 4975
1388 5069
5412 5523
3086 6510
6251 7516
447 4650
4722 6260
1157 5679
5886 6608
2071 8483
2662 6054
1672 5496
3827 6101
1340 8002
4073 6330
3844 5614
3155 7662
4027 8065
4972 6896
2875 7849
1295 3001
7675 8019
1900 3272
5425 7909
3636 7838
3471 5005
3131 5488
2175 3572
6650 7789
6589 8553
2334 2822
913 3451
4466 6962
56 640
1248 5970
494 5499
1567 3092
94 490
2343 7425
5653 6112
4205 6103
2398 5842
79 7659
5102 8289
6022 7884
458 5251
1508 4636
3679 7550
5742 6142
7845 8402
3288 4227
6416 8085
1098 5550
2509 5660
542 1982
4790 5421
189 5154
1265 1911
918 4791
2550 5137
2500 3111
380 7225
4608 7517
8088 8541
2893 6298
3896 5463
4416 8294
2537 2550
2858 7756
2280 4836
1285 2782
2055 5324
518 2518
5805 6434
3605 7121
4173 6126
1677 6477
3275 4203
1843 4596
1045 3101
4646 6680
7247 7496
4789 5653
450 2306
1630 7795
5831 8303
5025 5793
1507 6955
4301 5305
835 3485
1877 6450
1204 8352
3950 4727
4461 2114
6972 6789
2682 1184
7514 4025
3849 1794
5350 4840
5196 1729
6262 1500
2170 746
5696 3583
8240 2790
8711 6782
2781 1039
2977 1249
3927 3792
7823 3258
540 380
4659 2169
1987 1722
4669 419
1460 1103
8282 6042
1220 671
8516 4517
4988 4090
7248 55
6938 3701
3452 1057
7498 2705
7821 2277
7620 1922
3215 1657
3850 1195
6604 2813
4218 1639
5462 766
7693 3294
5587 4868
3743 3402
8023 4912
7571 5506
2480 2079
3373 2554
3497 1968
8318 2608
4293 2275
6977 5008
2240 2019
6414 3576
7501 4546
8686 3499
7554 941
6501 4197
4832 4263
6019 1477
7965 2027
7645 5423
6115 5331
4645 129
2609 1841
5624 3454
4117 3400
6508 2265
8097 5679
4023 3146
6586 2719
8676 2114
5036 4221
8795 1963
1952 1190
5018 4453
7927 4010
5044 4934
5319 1832
7550 7100
5487 4910
3267 3150
6472 5204
5807 4421
7818 4157
1465 1310
8643 2235
3196 1556
4882 859
6563 2433
8546 6187
1250 630
3037 2218
4616 1937
6510 4103
8577 5307
820 45
6364 1529
1943 928
5259 4780
5953 5643
7239 1055
7617 1647
6342 1736
4586 2848
4638 4326
5015 1181
6066 340
4324 2776
5662 5564
4231 3529
8275 2564
8120 5320
4048 3169
6197 5939
4166 68
8194 224
2094 12
8479 4863
4877 1987
7071 6687
7856 953
1902 910
4865 3051
5754 3608
7055 4276
2229 53
2844 1797
1463 320
4343 4319
4644 1258
4839 3978
1978 875
6000 4128
3572 3095
7668 3901
4631 1167
7963 7582
7403 7019
7039 5796
2312 1977
7212 7021
775 135
7868 1025
8530 1266
8674 2333
6111 5576
6001 5305
3202 635
8724 956
5445 2932
6458 389
4217 282
5790 4117
7892 287
6352 4951
6433 2235
8346 274
6109 3613
8366 1902
5699 312
8081 1789
7221 3569
7051 6820
8520 8051
3298 1955
8249 5646
8545 7843
5836 139
6255 3525
4260 3406
7379 4214
6768 103
6132 3082
8140 5735
6463 542
7920 1841
8231 1583
8438 7136
2995 1673
3032 2890
5207 98
5178 3068
2226 2166
4364 1818
7724 725
4262 1962
4010 2031
4705 3690
3920 1680
5481 57
5730 2555
8547 7152
5469 734
4347 638
6966 2025
6294 2181
8753 2568
1688 585
6483 1798
3557 277
1374 1291
7174 550
1324 881
8418 871
8640 4412
6880 656
7964 5069
5701 4548
8263 2169
6888 3864
7705 3485
4941 1228
4468 2027
8043 2574
1706 1501
6410 718
8590 7175
7681 172
1457 167
2641 902
5406 1832
7949 7356
3861 1288
6723 3439
5844 5145
4702 479
3232 2389
8192 4645
5878 478
6017 806
8687 4487
8316 4730
7031 1162
5092 1449
3863 2930
4957 2141
6602 3985
5180 1201
4587 4236
2864 1740
8748 7971
8204 6660
4823 2240
6780 2110
4345 3447
8327 5238
7423 4409
2661 1971
5098 624
6241 1332
5236 4936
7455 3391
7895 5443
2764 2523
3684 3408
3789 1963
1743 1570
5439 2607
6157 4184
8141 4298
7428 2939
2783 2464
3854 3273
303 195
3738 1035
8303 4532
2363 2203
8329 8209
7630 2768
3148 2856
1302 210
7342 5815
3977 147
5260 468
6341 3967
5398 968
2983 2717
4687 1306
3057 1121
6565 4799
3160 2019
6533 5788
2882 1936
5726 611
2619 2596
7392 6187
7619 6848
8070 7696
4727 4503
6327 4246
1739 447
5560 4020
6649 23
7594 288
8510 7372
4183 175
3271 310
4593 2001
4680 890
5455 5355
4115 2385
6040 5117
7962 624
4754 725
4464 1969
6377 2357
2140 766
4161 2707
5361 2363
3420 1235
4453 1469
7015 1991
7913 4115
3434 1091
8611 1386
7103 4611
5759 3496
7764 1034
4172 22
7992 1145
7259 2799
5932 2463
3886 3639
6123 3974
6440 472
7496 6603
8031 385
4061 2440
3643 724
5388 3745
7285 5970
5407 3683
8681 5921
7714 7265
7763 3251
7290 4135
6090 3949
1317 226
4408 3829
3979 2664
6270 1010
7755 5289
6582 1615
890 508
5610 2451
8463 2272
7682 7463
6699 2424
7257 1355
4907 4754
8504 5706
8698 2782
8167 191
8593 449
3128 779
1336 772
7324 601
5440 354
5049 1464
3865 3698
7120 4999
7773 1652
5788 846
8784 8403
2435 784
8528 7327
6708 1353
7252 1164
7386 5258
5675 3207
6799 6178
7219 1133
5322 2942
4594 3912
5668 1015
5797 4105
5787 1298
3153 136
5652 2466
5448 1487
8773 3310
4604 996
8044 2415
8152 3670
7013 6060
8742 5756
6473 5383
8247 4869
4436 3219
5269 1700
7358 1486
7038 5034
8745 6260
2200 1538
8041 708
5580 467
7597 6706
5723 737
5891 3853
2336 1568
6762 3128
3805 235
7756 6823
6049 2397
5238 688
7425 4062
6637 505
2496 252
8591 6064
2214 497
5289 4843
6208 2300
5085 3004
2895 2614
4261 949
6976 1392
4337 2844
4964 4305
1427 1003
2232 824
5284 4194
3269 1974
7859 6182
8556 3437
5096 3268
4665 501
5051 1745
5384 3408
6236 1529
6240 4555
8542 3892
8595 7153
7943 6334
2652 1552
2514 72
2074 1484
3947 951
4438 2475
6225 5484
8788 1336
7854 1713
3363 2059
8389 2086
8040 366
2768 872
6706 6668
7679 242
7899 3639
2907 1134
3425 3047
3919 2295
8207 605
4951 4114
7499 2451
8728 8585
4121 1764
6050 2821
5123 3836
6700 3971
8278 652
4135 3047
6831 5512
6920 3007
3026 1488
6567 253
5773 2534
5516 4525
6048 3600
5598 3634
4134 3044
7912 2378
3630 2498
7663 2985
3358 1976
1831 692
6975 4331
4068 215
5525 327
5968 5347
7841 1066
8704 3454
7955 6249
4111 1067
5890 5243
6684 3773
8379 5402
3609 1960
8248 6649
5095 2366
5784 2003
6733 4320
2030 1378
8378 2849
5461 2742
4975 4780
8276 1734
2416 2062
7310 3476
7745 6183
8175 1202
6038 1505
5356 1370
5492 489
6678 6360
6521 5028
6315 6190
5295 3212
3632 3152
7407 7180
5285 1158
1193 495
5914 5405
7409 319
1081 74
4404 4276
3597 250
2981 1091
8095 4317
7799 3590
3341 2296
6155 1351
5768 2150
2288 789
6660 252
3922 3178
8261 1728
4186 373
7440 5092
5317 65
6788 1359
5982 4695
6816 589
4730 579
7674 7032
7344 1577
6765 3656
5786 2831
3541 3249
6361 3881
4394 4058
5605 1867
3976 1318
5703 2181
4694 2674
7278 2166
4888 380
7167 2721
4047 794
7460 2904
4037 3881
5401 2460
6538 5885
6005 5832
8446 6716
8300 3870
3180 1819
5276 2359
6716 1350
8517 2484
5001 2978
2145 615
974 327
3510 3001
8514 2142
5217 3700
5339 3052
4304 1554
6179 5839
5837 1425
5211 355
5442 2964
6613 4397
8414 2917
5124 4860
6497 3024
2593 288
3387 1848
3248 1364
3646 1427
8096 6102
5185 4880
7032 4621
6601 6359
6830 4374
4575 3237
5005 1508
6629 798
1509 65
8452 2961
8734 2191
1920 922
8177 1327
6498 817
7191 4361
8358 6565
6018 2830
7332 167
5970 5194
3314 1334
8738 2044
3665 792
4420 3894
3124 402
6840 1653
4577 556
5582 4121
8334 3226
5615 3761
5779 2605
548 505
7454 4651
6110 1307
7515 1414
6332 3021
3258 503
5307 1018
5459 1471
5865 641
4280 3
4750 1487
7844 4806
8629 2023
4151 3218
4065 3794
7492 3507
8254 3982
6202 2257
7758 4905
4875 1178
6131 5336
3362 2
4085 1772
5370 5320
7958 5345
7378 6732
8421 2466
8570 2958
4500 356
5650 2480
8604 7903
6905 6591
3536 391
7117 6817
3839 2418
4552 648
7646 3032
5038 2142
6443 4026
8741 7110
6883 3472
2827 1367
1243 373
6125 79
3930 2810
7836 3087
7077 4199
2734 891
3103 616
7106 5883
4821 274
7777 6742
7834 4911
2608 964
8309 832
8615 2099
6913 3626
3716 491
4148 2009
5963 1451
2381 2358
8381 2135
1176 680
8596 3551
6558 2199
3268 1645
5061 1959
5080 2334
4655 2028
8717 646
3469 3082
6909 5096
3577 1200
4237 3853
5904 2279
4533 4158
4843 3141
8068 6130
8163 508
7328 3051
7889 3805
6189 4253
6959 5265
5607 3075
7413 6027
8541 4306
2703 284
1780 875
2632 1109
4131 670
6282 4919
4568 4149
6727 6245
