4380 8 254
1815 3782
2131 4321
1772 2790
2014 4107
3416 4370
268 3688
2445 2753
1285 3576
1822 1170
234 0
3730 929
4209 1691
3918 145
4336 745
3037 1007
3466 51
4194 508
3095 463
3881 143
3192 374
2272 1073
2989 2325
4339 1152
1112 927
2343 1584
1009 856
2772 1510
4083 1322
3419 822
3307 774
3720 3676
4009 3212
3887 612
1276 1266
637 488
3510 2533
3991 2880
1817 128
3821 3505
2567 2181
1132 862
3570 928
1541 1029
3394 1688
1670 577
2369 1402
767 575
4034 2299
1400 902
1558 106
2612 310
2435 362
3121 371
2455 1251
3888 1931
4274 1540
1682 1011
3942 1618
2653 155
1518 1265
2585 1414
2350 1625
2440 1817
4250 491
1821 1159
2395 1164
1600 349
3893 619
2885 20
1920 858
962 582
1944 394
2216 2045
3013 799
4141 148
1164 265
2123 835
4265 1327
934 49
3482 1388
3350 2652
3413 649
3358 3181
2091 742
3043 1276
4189 641
3903 3057
2540 381
352 265
1178 535
816 236
2568 2385
3850 1952
3400 2031
1851 468
3059 2070
1864 542
1476 655
2805 671
3874 610
2608 1341
800 587
4262 380
2398 92
3683 615
1556 1105
4166 2809
2933 1733
1688 154
3928 598
3922 3045
4065 2985
3135 2625
4068 3396
2173 876
2696 976
1914 382
4013 2834
2044 1681
2644 625
957 130
3100 420
3905 2061
2154 814
2291 1050
2248 1520
3210 873
3581 2141
3448 2673
2864 1231
3620 2655
3987 2057
1949 200
3322 1984
1763 858
2925 446
2583 1948
4081 666
2780 2704
4040 2250
1465 492
4326 4238
2893 1336
3352 989
4291 3610
544 335
2331 2262
2860 2798
4237 880
3811 32
4175 1587
2610 1662
981 865
1946 1140
3118 934
4278 806
3151 376
2927 960
1401 1344
3571 3295
917 464
3021 1082
1095 280
1703 1134
2995 676
2971 1606
1747 593
2667 2457
914 418
1485 9
1456 319
2522 1808
4058 1666
3651 649
2469 113
4204 734
1979 1726
1726 1367
3586 1413
4367 1591
4122 331
170 3
2886 1022
1923 833
3197 1726
3896 3547
2415 1957
1471 465
3670 3645
1568 1120
3681 668
1952 1572
3106 1866
4280 2188
2708 551
1666 730
1855 1225
2524 1802
4241 236
2703 1991
2124 1643
2622 619
1836 171
2250 1039
4293 3522
2366 952
3849 573
2896 2871
3907 365
2056 1325
3920 2659
2390 1905
1854 738
2421 755
2342 1581
4354 3376
3748 275
3462 420
4218 3458
2330 1556
1998 1698
1737 297
2163 1000
2683 814
3240 2834
3982 1367
4312 2559
907 147
2071 416
147 24
1540 707
3819 2479
2553 533
4072 912
1967 176
810 746
3542 228
2830 583
2166 2142
1066 687
2349 57
1434 1002
3312 1951
880 324
2194 2099
3839 3510
4266 2825
1354 308
3760 1235
2126 1619
3559 53
1458 359
3698 470
4093 1381
1553 786
3813 1700
2243 1494
4073 2154
1977 1331
2494 9
3890 1610
4303 566
