3163 9 269
970 2387
548 696
1034 2525
2705 2831
55 1261
220 2555
55 3035
553 818
988 1193
2141 720
2942 809
3051 1655
1872 1772
3025 529
2379 689
3152 1811
3121 1036
1991 1471
2811 2562
1439 1156
2656 2509
2505 2354
2639 2347
2795 128
2176 358
1190 645
1978 1768
659 627
2307 1720
2258 2181
2524 2504
1024 203
660 437
2465 1367
2954 1075
2687 1822
2628 175
2965 2244
515 358
2724 2038
2633 1396
1854 570
2973 474
1569 721
2284 2087
2883 184
2309 1034
1843 1767
2903 2066
399 290
3009 646
1613 1456
930 452
2782 2446
2403 1203
2557 2149
3011 2987
2877 1984
2036 508
2492 2418
2723 220
1833 1634
2112 1488
628 425
781 202
2287 1059
2767 1396
2290 616
1898 1035
3038 1075
1730 1208
206 80
1808 1124
2918 1429
343 53
1017 926
2744 2474
2739 753
873 16
1984 592
1547 273
2755 396
1753 153
1543 314
3149 3040
2283 922
3120 1894
2471 2344
1092 622
2066 588
2549 105
1870 636
3004 1134
1542 592
944 601
2154 671
2646 150
879 144
3102 1765
1390 1251
1824 1660
2593 1353
2198 887
1408 1067
2360 807
2481 146
2028 220
2993 876
2558 2254
3006 713
1727 1504
2848 2308
2771 2051
1571 1305
3061 1741
2201 2140
943 31
1739 1033
2365 2321
2486 910
274 258
800 232
2210 352
1470 752
2775 2701
483 260
2640 2538
1644 1040
1705 577
1319 311
2929 1835
1441 327
1874 314
2295 1186
2906 1128
1446 75
2122 1671
1652 665
2171 819
501 46
2450 1585
593 554
2717 2436
2561 1540
1818 500
1524 740
2766 445
2508 348
801 357
2224 1189
3122 1366
2127 573
2268 2137
2751 2469
1126 160
3059 1696
3135 2411
2953 2626
721 307
1100 595
1796 1399
2987 2418
2166 136
3013 2276
2384 2018
2144 69
2147 1683
1983 299
2380 2289
1008 914
2195 1038
1785 272
1579 761
809 596
2344 1729
488 303
1679 523
3036 1271
2672 1940
1427 1107
2286 1385
893 64
2021 1269
1481 506
570 348
1537 1057
718 477
1261 340
3044 1991
1929 1453
639 403
572 171
2298 1809
1982 375
321 264
1822 829
2064 89
2839 618
3159 2125
829 346
2256 134
2493 1132
1954 1535
2691 63
2430 2247
1556 579
2399 1273
2364 1201
1877 1020
2737 1895
2736 2645
1846 1098
2134 1758
2819 175
2803 1214
2451 740
3076 707
1693 25
1131 1037
3132 2506
1910 478
644 607
1599 223
2183 1163
1469 97
2296 2007
2577 1500
3078 2794
823 698
3100 156
2988 1517
3123 3026
2439 468
325 242
1821 583
2020 1465
1029 148
2700 2664
1716 712
2800 942
203 166
3060 1380
894 143
1677 814
2590 586
2361 1225
1119 322
1993 1258
2849 1805
2692 2488
1071 35
1979 1838
3062 2640
2671 1045
1211 1185
2675 832
2966 2748
2978 1003
1128 1068
1720 1054
2252 1277
2277 1324
2746 2463
2612 1368
3071 445
2840 1757
2898 2690
1744 239
2392 285
2207 369
527 471
2070 763
571 401
2922 2879
2063 1293
2626 412
2500 1780
2648 2109
