4031 326 22
1900 2382
799 3048
901 1481
14 2278
434 832
624 2401
1394 1553
1003 2845
2200 3409
191 3210
102 2500
1146 3365
914 2653
1486 1780
3233 3619
206 3822
2187 2574
1793 3900
226 2507
2521 2969
2541 3461
773 2183
1793 3625
822 2242
82 3823
1103 3918
354 1607
61 2438
3395 3955
1346 2207
465 3946
153 3497
1450 2093
2973 3812
2296 2961
446 2071
3459 3946
245 1966
1549 2462
1580 1714
1168 3700
619 1641
2589 3369
378 3122
59 795
510 1277
634 903
2712 3056
121 1052
782 2929
2405 2604
1943 3889
189 3625
406 689
410 2613
704 2711
1863 3429
834 3114
1015 3059
173 1482
1847 2956
5 361
3103 3341
1024 1099
2196 3057
1767 2122
359 2702
486 1433
2162 2369
1822 3324
1979 3635
1462 1654
1105 2322
3381 3600
942 3476
1288 2199
1968 3139
2725 2769
3266 3957
437 1349
1910 3819
1841 2002
3092 3404
1446 2246
2075 2246
371 3699
1316 2604
219 993
3065 3990
3049 3944
2270 2715
2234 2398
1309 2913
887 2498
2350 3170
32 3422
2528 3059
173 1648
1996 3270
464 1134
1024 3853
139 2680
630 1446
1279 3069
742 2569
141 1716
1083 1165
551 1897
27 2138
1583 3145
912 1065
991 2528
168 2602
65 2800
1017 1340
531 3405
350 3023
666 1423
1129 1560
1529 3242
1549 2910
2054 2248
768 1433
1623 2454
1447 3911
800 3451
1948 3246
221 2475
2048 2181
2301 3896
1971 3764
1788 3335
2758 3747
1034 3261
1949 3845
1415 2058
1674 3439
508 2529
2187 3613
3340 3993
1558 2572
1073 1885
145 2469
148 672
1132 1640
757 3945
1154 2602
914 1422
1717 2123
140 1866
175 3227
1734 2991
930 940
2831 3862
432 1378
1690 2521
1264 1624
1886 2210
1288 3568
2150 2892
1860 1995
1671 2889
2607 2751
228 1793
2804 3238
2544 2570
1321 2226
2133 2381
1617 2743
698 3218
1846 1891
252 3259
516 1915
2514 2576
827 1980
2066 2538
1344 1347
736 1885
2752 3105
2098 2184
2315 3808
157 1933
719 3954
2192 2256
1854 3750
1588 2204
2118 2713
1222 4000
169 3938
1720 3891
1344 2166
430 2647
123 2988
2563 3997
2544 2998
1485 1918
2901 3199
3277 3520
124 3054
397 3039
84 3512
702 2258
2455 2944
703 1776
117 3983
2925 3607
1931 2358
1316 2885
553 3350
751 3310
2013 2724
1244 3254
3995 4026
344 3783
495 2019
2929 3215
254 2610
638 1746
224 3475
1011 2258
490 3722
1210 1697
1270 3829
1081 2863
39 3202
2995 3247
1746 2439
627 2200
567 1699
410 443
224 3338
526 747
2803 3604
1405 1783
2286 2757
2541 2669
1388 3726
126 3999
321 3920
1725 1784
502 1820
1036 1248
2785 3831
2408 2979
1914 3989
850 2543
394 3204
47 1958
383 1662
1321 3387
2732 2812
76 3536
602 2352
166 3059
1521 2035
1782 3516
2875 3007
146 2575
182 1993
684 2659
2660 3076
203 3686
1776 2704
3063 3538
1444 3363
2859 3196
3040 3897
945 2625
1399 3046
318 2584
1245 2632
359 2031
429 2533
1026 3184
513 554
2434 3272
3499 3694
2875 3348
654 3284
2522 3938
684 1761
221 1727
3089 3223
623 745
1483 2630
1303 1847
2613 2810
2719 4025
11 175
1952 3694
418 4012
391 2146
922 3633
1748 2675
846 3438
1406 1882
298 1044
337 2149
2603 2735
2882 3706
1029 3546
2973 3752
476 3933
705 2084
1414 1756
1735 2928
1515 2291
2299 3995
2615 3562
956 1348
1110 1554
343 1212
2658 3691
1208 2675
109 410
2775 3053
921 1447
671 2747
0 2031
556 1345
1163 2749
3029 3564
1315 4021
694 3807
1908 2937
1461 1475
286 1
3351 72
2430 1718
1915 1123
3673 1362
1162 420
3910 3161
2415 528
2110 910
3445 604
3354 57
927 13
2316 137
2764 1197
2178 1600
3975 2580
2629 1224
3007 2225
3338 3210
2432 2254
2684 2105
1497 81
