554 114 108
463 534
18 408
52 478
126 183
103 457
176 213
105 358
339 539
243 444
375 430
128 202
136 409
321 392
145 290
108 365
422 502
119 406
82 418
135 150
1 275
278 493
338 372
301 317
46 226
126 446
208 457
194 402
317 496
95 281
157 275
38 451
8 381
250 391
468 519
206 339
73 429
6 25
5 241
127 336
248 306
60 84
104 469
343 352
266 533
95 301
321 408
502 547
398 433
101 483
170 188
159 441
123 541
7 453
112 372
223 515
68 358
161 370
40 66
196 441
358 553
113 335
179 278
181 356
345 373
15 41
288 303
29 518
8 173
370 383
129 412
251 427
88 236
52 143
136 242
53 216
214 265
52 501
203 315
242 413
388 537
157 400
9 136
309 464
261 277
106 182
132 250
108 116
441 497
433 502
153 261
281 476
26 285
25 507
97 481
103 116
509 545
263 298
335 341
156 364
282 312
75 285
10 248
261 294
413 514
13 16
313 417
344 434
119 275
195 373
306 534
150 405
94 491
73 176
122 150
311 42
431 5
426 21
415 188
254 26
409 159
541 215
351 94
539 294
312 60
482 99
395 320
444 357
331 277
279 140
397 41
494 344
247 117
549 140
178 58
379 13
550 5
327 142
219 115
337 197
411 140
273 93
189 154
304 95
545 319
267 15
218 119
439 208
166 49
302 69
508 257
456 1
41 18
407 373
92 64
434 336
352 279
446 15
403 286
551 126
476 471
540 168
496 432
520 511
512 93
137 76
516 387
174 123
152 9
385 218
475 462
517 63
347 269
427 379
348 216
183 79
211 182
389 313
319 150
172 169
79 61
198 114
466 248
131 58
234 165
346 98
374 349
461 406
503 399
369 164
368 131
467 381
405 395
215 180
382 230
386 323
252 130
213 163
401 385
531 71
507 380
495 279
534 318
303 28
269 67
493 389
209 22
229 33
257 119
380 20
538 166
355 112
289 101
364 132
83 46
177 56
489 386
510 280
354 213
235 44
515 268
262 256
455 145
