858 326 268
653 829
51 172
266 370
13 346
21 550
410 736
91 332
15 225
70 100
298 320
611 773
226 445
472 647
167 268
275 298
457 493
27 82
31 737
271 660
333 344
83 353
485 705
83 577
569 788
13 695
223 788
74 352
185 801
256 831
201 768
382 384
443 655
446 836
201 406
629 835
621 765
93 694
196 220
783 787
107 388
115 425
177 271
195 447
179 523
71 363
245 487
493 574
131 766
366 441
301 780
325 802
247 737
161 491
7 799
138 207
296 689
154 626
39 117
313 366
391 640
73 196
121 417
383 777
43 180
741 769
88 614
72 330
594 598
386 716
19 843
212 832
522 603
586 605
614 634
749 840
301 757
631 703
152 347
75 489
547 724
12 766
284 517
91 329
174 530
563 799
297 746
380 676
129 222
177 857
248 407
508 518
712 824
302 667
105 500
52 457
313 734
105 671
143 637
512 812
19 722
77 408
302 767
498 536
456 787
302 655
333 407
258 835
145 737
520 612
382 577
498 575
76 476
303 495
516 625
291 390
741 836
165 793
416 849
60 711
125 569
281 467
589 616
121 704
602 793
430 643
631 783
39 739
109 470
663 824
95 161
225 484
263 401
272 572
146 335
288 828
474 509
257 461
179 629
533 638
302 364
298 601
145 572
213 666
538 601
292 652
418 485
251 633
30 690
437 831
95 370
505 525
784 787
398 650
424 573
249 578
115 211
554 688
506 821
140 156
681 823
102 599
797 851
261 618
218 357
226 592
68 192
95 442
236 242
536 850
185 211
171 236
130 443
607 773
297 333
119 194
656 856
140 465
332 474
342 352
164 567
215 270
606 834
352 849
171 619
210 840
386 588
366 681
459 690
526 755
517 597
296 403
88 540
98 730
489 611
13 713
171 406
24 740
61 115
530 791
652 762
231 344
501 519
754 756
486 609
53 364
6 193
438 453
245 395
277 440
23 160
268 368
177 268
419 707
85 195
0 778
289 523
344 680
100 390
469 576
672 700
445 548
255 273
224 625
95 379
29 282
30 245
282 736
568 738
137 735
210 485
80 391
67 428
527 554
637 825
499 685
249 432
60 736
354 582
584 806
286 805
89 249
188 586
191 512
515 758
400 657
671 829
129 348
120 712
317 625
52 766
97 250
180 529
21 325
169 334
740 743
209 743
223 807
312 683
145 500
183 801
652 685
269 501
245 258
72 191
511 693
290 376
691 754
647 728
94 268
191 274
93 167
458 553
15 720
535 849
598 822
35 792
341 374
753 765
536 811
145 756
61 683
411 573
389 662
323 473
266 760
278 675
273 699
124 497
186 387
488 634
346 561
42 203
491 798
673 850
542 652
271 581
90 752
68 81
67 812
86 352
28 321
35 627
135 763
82 150
311 654
64 258
46 854
47 633
616 617
12 545
317 354
182 196
117 780
85 294
73 727
523 826
447 671
387 548
751 854
287 821
62 591
56 545
317 706
119 299
71 522
422 788
571 527
440 76
764 666
626 546
408 162
184 131
801 26
613 118
240 175
791 89
343 183
112 86
661 507
697 181
780 270
718 213
660 238
812 803
612 610
428 311
401 160
543 368
372 90
307 15
717 389
761 647
698 374
404 182
688 636
450 133
529 12
537 180
724 445
806 344
683 276
766 752
579 451
841 512
623 553
818 757
365 16
198 138
763 165
810 712
676 599
837 523
738 601
830 672
582 457
276 27
705 204
519 198
259 24
710 215
406 211
468 94
800 84
668 217
811 762
757 19
853 84
675 82
776 266
448 15
625 143
557 214
132 95
832 780
828 142
149 69
349 32
713 609
711 297
793 535
813 769
562 313
795 693
455 88
735 68
727 257
774 583
321 68
610 51
850 158
720 221
739 18
172 61
548 149
452 421
482 139
432 128
844 412
379 47
843 356
755 52
627 391
750 652
585 443
480 173
778 699
684 512
407 405
592 90
465 265
833 135
394 159
99 10
719 245
227 54
336 112
825 650
809 176
431 159
854 646
572 197
851 143
388 102
834 632
381 344
730 671
674 471
823 819
497 274
624 503
650 228
768 330
826 65
558 381
507 121
769 7
531 328
327 54
796 660
696 608
574 148
829 18
729 178
748 714
622 46
111 98
549 86
639 232
528 27
324 17
734 573
770 560
807 387
827 643
510 363
645 42
775 393
670 381
477 241
347 94
384 24
747 215
790 708
852 696
409 169
849 774
423 325
329 100
820 540
550 333
789 143
163 139
658 188
335 196
703 109
466 215
608 45
500 498
308 243
714 129
190 180
857 185
470 200
314 61
744 696
429 3
540 133
771 598
737 395
442 295
600 253
378 358
839 733
481 114
504 215
376 99
461 203
846 90
576 152
483 86
435 326
716 583
816 745
588 470
377 250
745 610
295 118
202 58
648 382
752 440
280 269
802 441
687 539
726 465
467 173
758 305
552 411
369 77
722 407
331 205
362 335
553 1
665 361
680 561
11 4
715 482
417 264
704 129
415 22
804 431
686 68
799 719
454 310
733 583
425 273
40 8
144 63
702 89
444 80
634 615
565 291
618 12
731 328
643 143
173 74
570 126
546 141
819 192
808 319
787 679
630 490
620 416
677 601
551 417
502 53
577 80
785 386
544 459
494 166
636 495
617 462
116 111
509 483
532 506
155 52
772 119
351 168
781 605
581 577
838 311
367 222
835 276
786 478
842 734
