340 85 51
85 97
175 198
200 298
221 236
55 88
2 262
207 226
55 170
114 151
143 317
173 284
56 277
78 125
84 222
174 228
281 325
204 300
0 131
54 202
115 280
136 158
42 181
98 265
68 329
254 320
52 136
39 231
67 223
137 234
211 212
10 215
32 36
104 326
7 210
139 329
82 247
229 298
12 287
266 273
16 46
36 64
239 268
97 196
44 140
281 297
164 274
1 333
256 291
190 326
147 226
203 268
121 204
12 41
289 331
67 300
65 300
195 324
96 189
203 259
58 236
187 237
52 92
100 222
36 200
240 262
107 233
26 31
5 161
45 153
38 125
19 188
330 335
212 227
211 331
116 225
257 283
302 323
197 302
172 180
148 303
14 92
81 255
11 101
81 261
106 107
317 130
274 167
298 278
325 239
270 223
316 10
315 80
273 251
251 34
88 3
196 181
189 37
272 90
122 57
128 100
222 1
318 17
277 32
202 81
284 146
262 140
311 242
331 330
86 10
286 229
179 131
249 194
170 26
321 306
226 54
215 144
252 13
268 11
152 50
132 39
292 267
205 130
299 179
250 6
314 134
188 21
177 133
338 32
329 213
227 120
145 4
303 32
280 125
238 89
295 10
232 139
