994 203 180
263 481
224 822
544 631
5 523
179 202
188 417
296 758
189 814
122 700
476 596
640 854
327 408
362 608
908 982
334 796
69 744
348 493
368 863
36 882
336 650
609 979
797 862
804 975
612 616
855 908
119 831
501 553
68 390
580 849
549 596
311 907
101 336
289 804
170 809
25 757
274 715
42 323
434 868
169 749
151 391
581 770
368 747
792 847
633 963
18 779
706 833
142 568
581 603
240 714
370 800
0 760
115 310
495 851
211 395
104 213
627 934
214 785
1 322
260 315
563 701
223 472
417 539
328 685
26 917
75 771
40 220
180 369
131 427
347 803
509 516
248 456
112 383
157 872
833 861
201 856
256 648
732 954
284 300
678 705
496 577
200 795
527 605
213 804
173 914
652 722
32 633
919 967
457 478
193 622
154 665
95 402
641 914
428 903
326 842
349 599
615 780
830 940
455 671
242 538
44 234
69 370
195 631
564 922
269 589
598 886
270 390
898 969
566 955
126 943
243 519
223 642
398 798
459 831
384 498
627 818
231 392
385 399
553 826
534 613
845 938
101 134
804 955
102 233
136 488
300 985
266 753
295 944
528 611
238 460
802 827
755 851
466 727
156 686
272 354
642 781
641 957
301 894
437 493
354 625
289 910
9 310
125 705
129 958
483 797
24 56
327 647
323 444
105 417
138 707
563 736
129 589
296 310
129 214
93 489
149 515
88 766
6 485
227 510
79 312
381 822
139 252
312 676
562 781
614 821
249 810
67 484
199 328
731 884
684 971
706 710
463 871
798 972
930 943
185 386
144 751
340 639
286 319
334 740
226 500
163 192
733 896
289 639
290 868
360 471
306 819
100 552
401 496
691 848
834 963
36 618
695 908
385 546
237 426
3 234
450 733
309 742
200 515
672 846
455 515
351 557
630 916
62 899
219 787
822 268
155 93
403 327
869 321
836 175
734 505
946 860
819 224
694 662
507 263
790 352
497 217
288 112
821 618
783 198
632 368
735 618
683 578
330 255
917 510
934 188
948 613
926 670
982 854
709 686
814 521
356 104
644 238
892 100
543 149
727 363
638 112
146 143
952 887
878 317
947 383
940 255
171 133
918 167
871 264
493 420
479 20
453 150
726 354
756 201
588 403
785 220
849 331
623 112
909 257
653 124
924 327
894 661
475 230
763 708
847 24
858 139
960 804
438 233
853 606
728 396
780 206
851 581
967 330
912 409
876 602
936 119
634 135
710 26
673 465
449 299
883 19
167 86
902 134
420 345
907 875
811 118
977 346
743 464
621 485
915 752
624 620
192 189
38 8
369 366
978 428
817 342
749 235
254 44
491 404
766 429
857 673
795 292
461 77
472 54
972 633
704 143
676 583
603 563
681 109
776 687
430 212
791 113
317 107
221 5
521 410
637 457
958 782
359 96
925 2
655 174
931 62
395 14
635 533
723 557
374 14
963 613
411 331
950 376
715 110
607 55
390 28
389 253
99 1
893 554
826 6
432 214
916 282
658 241
870 579
537 442
174 11
365 170
377 75
396 260
751 49
109 8
577 171
838 200
854 585
699 656
620 243
868 500
862 569
913 425
666 583
319 254
421 232
983 334
964 440
973 927
841 154
291 98
844 59
141 16
685 68
897 243
945 805
656 9
246 117
864 434
212 47
471 379
979 361
677 648
692 227
903 899
337 265
976 737
781 253
262 207
665 282
717 215
927 679
882 464
872 615
752 488
555 430
515 309
416 17
