607 191 302
416 496
64 299
137 371
226 510
373 451
255 392
320 374
486 537
221 502
282 541
180 329
352 380
76 337
32 437
70 279
224 436
152 548
273 545
352 501
452 466
402 506
41 371
482 510
149 223
303 540
307 507
399 475
132 554
33 570
60 410
129 396
438 518
66 157
141 303
254 550
7 518
315 324
277 387
476 513
28 244
367 536
27 139
434 475
20 558
156 252
135 549
379 573
58 139
437 490
293 529
257 314
432 443
395 562
371 427
261 428
359 447
360 382
85 270
456 556
515 519
363 599
482 515
244 378
37 110
51 359
82 153
367 383
167 452
12 132
261 333
168 314
103 449
13 546
14 171
147 602
216 381
292 442
192 277
223 507
114 381
36 232
53 375
203 296
115 526
37 470
381 435
0 518
467 471
118 231
70 596
154 535
294 322
410 590
108 224
169 214
258 484
197 475
509 563
169 380
116 227
69 434
160 592
18 112
29 78
26 437
11 119
553 594
456 564
437 583
168 247
125 193
165 582
64 294
94 309
228 599
12 124
260 500
53 68
5 206
99 132
128 272
24 335
182 218
319 553
150 263
446 454
192 243
33 90
26 207
310 381
449 563
21 191
46 438
223 591
311 554
112 119
25 57
49 412
1 156
409 444
29 333
61 496
474 512
2 109
87 305
363 569
249 290
15 500
160 298
295 569
188 541
223 368
59 333
174 348
116 533
238 557
307 342
310 602
243 586
171 313
168 544
15 471
10 483
45 124
177 481
1 490
128 518
180 225
261 504
49 362
251 454
436 498
282 547
328 551
447 512
346 437
391 422
148 173
484 575
65 418
63 113
403 524
128 474
410 496
58 382
183 203
221 496
206 444
73 127
94 252
415 575
439 139
493 253
462 241
201 187
463 234
443 384
239 18
176 125
455 331
199 72
98 43
471 347
489 70
544 189
496 82
298 199
396 212
329 285
479 199
513 507
583 61
475 37
322 111
590 389
411 257
533 2
344 311
556 263
502 49
414 43
368 238
599 433
429 106
552 240
597 370
422 395
572 16
522 466
576 164
563 199
189 30
364 5
312 296
585 494
376 40
354 311
490 78
164 55
186 116
264 115
380 137
400 28
500 251
309 13
407 188
155 37
101 13
102 100
173 17
428 384
314 288
90 37
365 256
514 364
582 365
517 170
569 442
133 57
555 17
327 174
470 217
283 190
507 227
331 197
537 210
179 6
604 362
397 209
356 219
417 346
512 199
508 214
497 455
361 61
477 14
398 81
560 86
351 286
394 240
565 53
127 88
575 351
516 475
448 429
450 331
302 267
605 432
421 115
538 198
459 252
592 312
393 216
350 291
215 80
574 279
278 90
562 507
536 421
503 475
420 33
530 33
472 233
382 310
524 40
464 416
440 52
526 62
551 162
543 200
386 199
478 47
561 481
348 252
343 250
451 217
570 281
510 205
501 372
219 63
369 362
336 129
603 143
332 202
601 490
498 96
299 27
602 158
483 445
480 216
584 574
50 36
594 535
47 43
589 460
220 50
297 96
263 186
218 72
571 107
425 311
338 91
305 129
567 409
316 260
313 208
527 405
469 71
157 11
377 115
213 39
492 104
389 358
270 153
499 120
296 53
212 204
521 507
366 152
523 399
286 94
431 88
279 84
564 115
525 234
506 110
419 88
606 286
106 0
488 262
211 146
146 81
229 135
355 238
427 87
442 387
430 325
105 72
375 352
291 41
445 444
511 431
520 210
433 49
545 476
453 376
318 279
308 303
435 380
404 144
230 100
285 32
74 46
138 99
202 68
548 151
288 204
109 3
185 92
274 182
383 112
586 545
353 325
178 14
107 5
554 367
241 172
347 115
330 236
418 380
600 183
390 153
557 371
290 147
591 258
266 79
342 208
208 161
558 44
579 269
542 468
378 315
235 87
547 216
271 58
424 411
413 287
259 154
256 113
593 282
495 419
587 78
289 24
518 200
222 190
349 247
341 221
42 41
406 310
191 185
465 451
581 490
166 13
372 279
170 137
39 20
528 270
136 92
196 90
529 374
207 98
466 15
321 250
269 176
145 89
388 227
401 234
408 229
468 109
595 290
358 57
578 376
387 278
77 58
335 180
151 137
205 37
596 306
412 180
405 84
272 214
423 379
392 106
252 116
540 227
236 126
519 334
306 205
117 32
142 85
541 99
573 31
370 237
550 315
181 165
460 76
184 20
214 125
232 67
267 81
323 312
210 89
325 171
