384 87 114
24 230
122 178
83 349
65 119
88 383
169 274
245 359
13 117
304 370
287 342
25 281
259 374
261 314
11 179
20 315
55 234
54 273
157 219
23 242
238 263
126 140
286 346
245 246
148 212
42 359
237 289
38 277
168 189
65 347
203 307
130 242
55 150
31 262
15 250
28 305
104 278
118 359
83 147
124 310
238 345
326 358
197 381
209 374
152 348
203 231
166 287
41 65
268 317
32 298
255 272
172 258
160 223
136 250
249 315
115 366
106 226
14 279
276 305
6 130
70 272
114 192
257 325
127 224
35 160
154 330
145 296
13 205
116 313
44 382
59 89
179 372
56 367
332 353
56 267
139 161
44 143
9 68
96 336
61 70
91 146
77 87
224 344
8 378
59 251
100 159
58 122
181 257
171 70
354 13
150 78
373 350
165 12
366 197
349 42
305 67
241 73
382 319
357 113
306 140
164 161
247 172
351 197
184 64
201 151
348 242
199 55
297 98
253 217
334 40
364 283
278 129
267 128
159 87
94 13
89 75
356 17
204 65
302 290
48 43
355 307
62 4
161 64
315 109
256 148
80 0
337 329
69 52
370 34
218 134
138 90
40 4
226 205
322 99
367 113
281 174
291 23
177 115
146 106
331 182
342 194
141 18
242 125
221 135
329 172
95 58
213 180
232 69
205 118
155 34
359 202
252 74
223 14
274 105
320 74
163 33
372 89
360 217
43 1
340 329
273 75
292 269
346 108
110 6
158 7
260 138
225 183
336 253
280 233
324 168
185 145
272 89
343 80
244 198
254 190
358 244
264 194
361 97
133 95
290 215
365 323
344 153
308 257
333 319
271 127
85 78
196 166
295 132
240 93
190 143
243 24
275 15
229 180
214 166
284 190
296 262
323 175
63 16
378 170
363 16
174 65
310 174
