523 10 147
27 341
180 303
15 335
179 349
303 407
133 155
159 302
273 494
41 250
72 513
235 125
331 45
489 255
144 93
484 228
175 110
497 151
168 151
299 139
499 124
177 100
308 148
329 75
328 170
420 169
422 333
117 67
414 136
443 416
506 246
368 153
254 203
338 122
327 131
166 126
475 0
339 227
237 221
322 3
298 141
485 380
188 49
283 24
343 82
449 107
278 235
261 77
478 430
511 461
450 215
392 32
520 504
394 135
124 25
282 29
248 113
482 441
190 99
507 369
492 349
425 251
491 328
510 303
501 370
428 301
384 202
508 183
400 281
519 48
319 102
377 161
458 455
423 215
365 286
374 298
344 187
333 125
173 21
169 131
364 90
453 439
252 122
504 237
138 68
345 207
426 327
430 289
232 217
460 224
116 50
349 133
522 107
213 198
454 292
470 407
518 497
494 240
521 166
238 202
464 334
260 149
448 209
440 344
399 207
137 23
370 126
382 145
447 322
334 39
112 35
456 154
174 83
403 329
219 51
203 9
167 108
287 128
355 164
452 48
211 10
285 171
383 141
415 218
151 150
181 87
474 23
335 260
486 340
385 311
56 45
514 488
314 110
495 149
352 330
378 235
326 16
341 182
493 225
310 108
359 133
257 51
435 398
336 140
467 193
455 259
459 196
407 15
465 256
498 251
472 407
313 274
307 75
321 150
441 261
223 12
104 8
61 25
