240 65 43
5 87
61 76
57 150
86 159
107 138
60 206
2 159
111 232
155 233
94 117
147 219
50 63
33 93
30 33
1 20
59 94
59 182
44 229
58 181
17 138
86 121
45 181
31 175
87 186
51 131
145 231
100 132
203 237
153 180
152 179
100 156
2 214
17 156
54 73
155 163
5 184
59 195
57 234
184 187
62 219
76 128
17 87
36 176
112 182
3 80
147 202
145 168
33 128
19 193
65 218
118 201
134 232
54 103
7 28
146 189
107 144
146 156
50 108
3 162
158 174
85 127
97 155
31 59
59 98
7 58
179 98
63 45
127 38
178 156
191 126
68 47
164 27
190 59
223 188
231 7
207 194
142 62
202 119
163 0
211 155
173 9
139 83
215 123
219 165
168 19
180 65
177 42
193 119
82 44
56 37
214 183
161 77
234 95
209 28
108 85
171 164
169 9
212 145
133 126
232 140
77 5
98 60
144 88
239 66
217 106
122 91
199 56
70 68
