936 283 127
283 294
641 785
52 108
101 929
374 468
57 787
415 439
362 532
30 660
171 805
326 461
459 479
479 622
364 588
275 411
536 602
315 884
119 321
385 686
195 393
57 301
172 721
542 563
69 211
84 468
648 741
226 475
598 845
174 321
572 714
355 438
526 711
421 892
76 206
330 863
289 626
376 707
129 451
536 811
328 750
192 834
164 722
665 783
356 576
622 820
133 758
230 685
218 370
177 694
17 437
327 485
83 664
395 541
343 427
476 518
390 404
426 821
393 824
27 164
352 502
462 582
182 848
15 116
45 307
522 527
388 841
77 411
708 719
42 882
447 784
69 617
533 909
287 403
533 634
337 573
41 568
520 878
369 512
766 811
658 879
30 473
35 796
523 571
672 686
605 819
134 461
13 404
10 182
129 822
57 232
54 345
101 264
94 122
579 792
350 839
8 262
473 519
336 723
479 480
652 868
61 232
495 599
550 867
736 786
414 715
124 617
581 782
406 644
260 862
45 350
162 635
88 857
324 506
352 364
60 541
154 753
512 769
339 677
176 344
445 859
40 590
203 569
333 836
43 542
174 350
1 386
697 908
25 255
608 815
132 170
206 616
273 807
287 669
432 857
233 243
249 612
449 535
479 807
26 285
491 924
263 487
846 875
568 778
28 416
823 830
454 629
66 770
683 929
379 493
137 664
95 479
552 782
127 173
332 767
191 306
486 648
305 383
267 579
182 711
647 919
320 398
541 806
427 673
112 819
298 682
36 83
673 676
171 696
244 490
67 680
202 706
146 757
152 290
666 856
591 751
165 607
186 705
327 751
218 267
262 779
14 586
32 564
17 779
548 642
100 855
769 780
340 701
216 536
459 888
95 702
608 741
250 381
415 605
251 745
355 607
242 711
405 805
153 423
114 853
438 624
24 868
378 480
747 860
686 812
563 721
506 636
178 568
206 520
299 862
355 394
198 841
552 850
197 641
59 64
203 246
211 695
327 410
698 793
108 684
336 622
442 796
339 795
32 580
690 745
295 442
269 436
144 335
332 711
704 848
233 740
84 852
185 809
476 541
119 367
146 696
221 308
706 844
91 931
221 248
213 832
146 244
472 624
571 613
262 927
180 856
228 730
55 631
658 751
695 871
489 739
208 327
550 856
139 844
411 457
372 647
676 752
303 759
179 830
807 828
185 888
107 892
172 362
295 722
32 155
734 872
407 926
401 428
209 690
36 420
116 494
214 273
245 290
470 708
535 718
594 895
43 697
784 785
197 744
223 539
103 725
51 599
439 601
174 902
712 98
517 360
158 18
532 299
794 707
916 771
832 114
852 472
360 34
749 180
877 124
334 36
824 543
776 166
915 46
791 465
753 107
444 67
620 12
773 586
833 821
770 132
890 160
895 886
290 97
549 141
483 135
738 620
643 195
560 295
730 114
668 95
858 620
884 637
711 10
291 117
774 322
931 403
682 648
420 159
629 598
835 213
806 125
685 628
928 196
808 433
886 294
862 290
487 222
537 281
887 611
238 70
720 1
323 171
441 349
841 765
312 253
656 108
503 429
678 251
768 310
638 379
920 144
424 378
659 197
899 232
822 340
888 291
456 30
603 77
687 621
194 130
693 380
793 147
865 291
222 167
767 685
276 254
752 325
634 35
630 350
189 60
592 107
798 32
914 73
681 251
530 38
357 85
845 732
670 470
575 130
740 436
593 225
317 300
595 363
490 400
826 77
654 146
786 2
131 78
876 611
840 483
851 562
619 617
710 400
555 513
578 530
241 176
761 509
879 436
264 95
329 226
909 104
864 486
382 42
527 54
733 436
534 7
699 586
889 71
880 383
640 566
868 837
905 155
314 98
168 71
498 456
