843 342 30
443 551
281 829
529 686
70 375
550 787
379 708
184 191
111 568
413 439
531 581
438 767
205 678
159 170
273 796
299 560
62 101
644 747
50 253
437 642
191 338
452 734
37 264
590 825
378 552
89 487
229 678
54 448
588 838
193 827
313 741
334 796
17 182
367 384
513 519
10 251
96 199
210 388
529 640
240 387
448 796
204 213
111 565
13 770
233 430
355 714
178 638
290 547
122 352
379 429
660 703
382 743
300 691
66 276
609 615
461 589
199 352
272 698
167 737
230 263
105 346
391 472
112 127
107 665
507 759
504 672
478 672
359 590
96 239
65 424
441 692
593 598
368 580
441 781
191 363
138 280
687 751
539 567
190 747
96 262
663 719
22 686
458 603
133 709
475 729
36 302
400 498
398 560
268 533
131 435
138 628
114 804
54 112
34 817
519 734
201 659
461 480
497 783
25 188
554 622
118 595
205 644
16 602
729 734
537 656
649 798
484 605
100 306
199 363
474 754
333 630
720 794
268 367
369 605
642 644
90 490
231 701
283 517
530 685
478 536
44 508
136 414
42 686
336 681
412 742
239 434
499 580
165 786
486 656
224 638
268 480
395 603
430 629
292 604
130 829
316 785
608 828
421 657
286 412
164 805
35 768
168 226
95 701
91 615
606 705
300 840
224 804
181 722
89 635
8 520
277 456
79 120
539 839
112 145
216 793
88 619
38 390
32 700
50 120
240 468
567 672
143 740
377 711
63 523
118 408
25 122
259 677
57 555
186 759
575 737
663 780
251 582
103 814
14 190
343 512
505 732
267 716
110 586
22 242
110 808
97 495
175 177
602 714
229 640
156 380
238 706
64 830
458 714
17 709
326 794
97 377
160 628
186 387
12 423
696 774
260 669
348 567
558 563
143 818
49 91
20 557
382 619
373 544
96 680
553 637
89 626
358 827
362 742
708 746
630 675
132 555
151 407
70 299
226 393
762 780
120 718
16 36
93 477
112 670
374 421
4 79
298 536
135 745
481 580
617 809
125 153
141 554
224 456
54 439
129 461
406 761
69 130
406 635
567 579
145 810
417 568
114 174
76 813
376 688
164 194
88 428
0 729
68 636
366 835
560 712
84 555
423 506
561 781
94 175
543 699
16 659
454 735
216 582
80 704
671 801
247 745
486 632
13 104
433 582
133 822
40 802
225 754
117 475
137 790
455 799
0 743
719 800
208 706
226 649
595 777
677 777
740 834
714 717
48 680
330 480
35 82
158 470
463 507
58 727
199 565
207 263
366 811
85 598
645 687
0 327
421 830
349 370
5 367
125 838
664 793
267 608
270 483
44 675
378 416
222 692
172 790
334 747
295 609
52 395
415 551
8 145
468 551
350 549
194 283
349 581
250 499
398 480
384 611
281 325
351 570
82 544
118 332
163 725
11 567
213 702
133 286
160 809
218 390
151 240
245 836
67 415
277 569
311 312
151 824
176 688
349 830
164 382
350 719
134 145
257 364
90 765
614 717
235 655
344 759
184 287
219 376
62 525
627 676
62 717
474 740
35 809
142 177
278 530
752 341
790 235
831 828
604 34
581 216
565 456
338 270
716 258
658 349
802 78
791 573
758 473
285 33
26 6
774 191
823 233
678 488
765 244
354 118
754 82
770 252
826 711
578 445
493 423
304 191
580 377
751 361
837 632
814 726
568 34
