532 89 263
129 435
124 317
130 343
21 292
111 273
201 215
93 204
315 349
33 67
416 433
251 288
53 99
43 314
90 115
14 86
0 401
153 424
109 212
108 371
240 305
213 317
149 360
135 281
230 317
381 495
71 441
80 317
164 213
157 240
351 440
69 182
84 264
2 238
235 359
118 277
126 485
21 174
193 367
344 450
222 324
333 384
188 287
125 164
339 342
171 508
224 287
352 417
106 399
33 223
413 467
367 503
45 131
233 244
74 137
74 382
237 312
298 383
132 267
277 321
297 363
179 247
189 237
276 348
16 365
47 407
472 523
52 248
118 130
259 262
47 521
177 350
196 237
402 443
291 382
106 189
234 288
239 508
348 488
66 68
104 524
128 390
238 265
265 530
228 324
188 451
174 311
49 373
194 370
63 454
512 70
141 95
521 133
393 201
528 205
522 450
511 187
200 136
454 205
518 492
334 224
415 253
457 119
306 235
332 134
498 496
529 304
491 402
375 328
390 286
260 66
267 71
401 99
370 70
514 239
346 105
391 224
323 10
39 6
232 141
50 23
273 168
220 188
327 74
270 81
19 8
383 275
296 2
487 280
409 318
483 286
480 355
369 354
68 48
525 213
336 146
447 342
208 162
510 397
417 400
311 178
293 56
456 367
308 208
340 38
301 243
295 239
506 427
317 164
400 286
300 35
255 236
57 18
184 146
102 75
372 279
316 161
337 262
292 290
394 286
460 77
462 133
103 62
309 197
428 175
147 23
345 39
434 202
256 30
508 397
433 248
476 422
127 33
458 115
158 46
326 146
441 347
299 152
373 194
380 280
364 180
503 224
515 166
399 7
262 36
395 289
523 112
421 294
166 123
95 42
221 39
431 152
343 279
359 294
469 450
281 140
437 229
526 297
484 372
497 22
429 218
509 233
186 40
410 111
312 248
505 75
478 440
358 24
432 75
67 12
464 413
423 229
331 121
325 293
442 437
175 35
139 117
495 279
204 164
471 180
25 9
142 60
489 414
444 292
527 189
264 64
494 322
419 308
425 298
357 72
168 116
319 139
466 126
453 390
91 85
502 437
467 246
112 64
408 378
490 365
366 6
412 129
211 80
461 92
504 306
160 30
531 351
438 326
377 251
355 342
86 52
257 205
465 268
374 250
303 213
517 178
451 242
248 245
279 107
362 61
445 265
516 472
524 478
266 23
210 162
162 9
302 246
225 91
368 125
347 149
474 434
455 384
187 149
321 25
418 201
500 38
519 303
29 4
440 238
403 81
197 139
426 123
341 212
42 39
227 14
313 140
145 68
199 165
275 126
258 211
322 296
481 36
389 14
243 120
314 58
231 222
397 96
388 306
310 122
203 187
382 167
496 32
253 51
493 5
350 82
449 159
384 17
420 29
349 107
289 98
398 381
492 128
205 47
414 166
354 63
214 123
252 7
530 188
274 15
405 221
424 412
159 137
198 158
250 63
226 206
486 167
411 281
513 336
304 129
361 337
180 58
219 204
318 101
477 400
263 243
499 47
485 8
236 158
247 18
459 241
285 231
185 116
278 5
245 46
269 190
329 180
268 120
110 71
207 18
97 25
178 16
387 97
520 270
