562 156 213
347 403
24 438
35 446
80 432
379 540
345 515
146 248
27 385
2 168
155 381
191 369
321 338
9 500
13 232
137 187
207 518
228 290
274 443
205 418
341 421
86 561
198 310
67 555
136 332
26 270
187 353
68 125
156 401
120 138
122 452
76 407
123 291
63 262
183 485
372 445
262 515
359 368
211 514
384 400
353 390
163 405
421 453
323 485
57 308
82 347
292 417
110 544
95 457
24 261
160 207
105 187
280 368
2 330
419 512
407 462
294 341
95 286
141 484
14 468
74 96
51 331
39 62
229 484
219 441
363 395
132 489
398 498
380 423
54 466
328 500
343 512
27 537
308 536
72 267
71 93
74 228
88 492
98 296
304 429
139 232
192 208
72 251
428 533
17 424
71 402
22 42
241 499
66 266
81 326
123 502
174 362
19 322
84 353
42 100
89 554
58 548
426 497
395 551
124 363
126 215
369 500
30 179
118 221
312 446
268 529
267 306
434 529
57 225
45 380
472 527
148 380
297 318
481 512
13 424
341 457
515 536
76 136
8 178
87 356
51 133
178 345
18 222
149 470
83 151
390 534
106 126
229 317
360 406
86 169
134 147
211 397
437 554
179 307
126 545
71 240
117 275
56 92
85 541
25 544
215 420
259 516
71 387
291 500
21 131
19 395
430 474
52 293
236 264
77 346
151 445
158 417
385 426
134 135
220 459
471 479
152 155
290 8
432 46
140 132
357 35
127 124
553 479
338 136
303 28
358 330
484 289
392 64
558 440
431 40
446 93
94 7
443 210
511 498
468 236
456 237
153 93
501 262
295 120
377 201
529 333
528 277
330 57
540 3
539 221
531 114
410 162
194 179
145 66
502 79
306 39
513 375
460 27
368 85
478 415
533 434
197 101
325 117
237 68
327 174
221 59
486 462
257 178
495 407
116 97
411 355
381 157
445 252
315 172
433 294
489 56
157 43
150 81
346 107
500 76
412 34
522 454
413 101
206 14
409 167
450 154
349 7
448 300
467 231
479 293
366 300
459 325
464 450
225 193
159 65
442 369
560 34
209 56
537 204
204 114
557 390
504 68
336 99
201 168
314 212
322 268
326 8
451 9
490 151
554 334
186 167
534 378
364 200
340 238
466 362
427 171
316 20
506 499
355 268
243 104
172 100
332 299
444 275
107 14
31 26
473 318
507 447
454 265
351 269
503 395
438 87
263 251
266 194
239 182
488 46
389 113
535 63
361 24
425 65
399 372
276 54
455 242
457 154
165 144
418 378
441 115
231 58
532 410
550 12
253 178
115 86
344 334
391 58
509 49
516 153
260 190
483 122
298 288
196 171
378 363
493 472
394 160
200 103
549 339
440 415
272 185
422 234
193 133
408 270
477 306
249 243
277 122
166 162
545 482
176 134
119 51
350 262
475 315
462 385
168 147
97 5
556 134
508 114
109 45
47 19
102 27
367 92
561 238
212 165
169 104
147 79
333 227
523 459
463 223
296 134
329 290
190 119
538 275
552 261
108 70
177 102
273 189
226 6
307 79
416 231
525 52
494 471
435 184
352 168
339 49
244 181
452 223
544 91
517 267
401 102
188 121
530 154
404 190
536 434
521 282
113 17
248 180
223 5
447 361
180 97
480 433
217 62
305 283
548 393
476 304
373 34
288 183
383 151
527 514
275 91
