743 198 353
358 372
13 218
47 473
309 488
18 341
115 647
443 521
370 624
225 703
673 733
288 581
484 561
244 380
517 522
277 408
23 169
650 735
195 554
105 312
280 481
653 690
434 674
349 669
550 704
82 484
21 314
356 532
413 715
184 289
633 722
230 406
426 697
301 305
210 414
565 608
114 555
322 659
179 310
170 178
442 690
74 241
363 601
46 537
69 669
40 524
114 205
578 581
115 564
334 471
334 732
552 662
28 261
328 741
100 613
47 334
495 635
171 323
293 688
51 142
359 410
198 403
90 360
41 336
664 702
11 278
304 548
196 686
277 319
128 427
161 546
239 434
401 462
2 213
107 508
282 395
247 469
527 553
176 177
344 493
353 603
389 585
351 725
210 582
472 616
387 656
69 609
61 247
149 341
414 526
387 617
138 382
18 63
650 711
613 696
218 689
444 503
444 456
75 461
603 705
156 680
354 401
296 321
278 371
315 530
549 586
584 708
382 698
62 337
54 724
250 587
29 610
60 193
321 499
367 432
485 730
59 497
390 717
417 565
476 631
211 561
209 301
277 358
53 297
215 614
110 467
152 617
66 144
701 737
260 326
517 623
321 364
112 199
42 87
266 335
618 672
405 587
27 437
147 659
140 688
1 178
59 432
64 67
251 642
315 380
257 502
74 408
368 462
115 360
89 653
119 288
230 629
179 341
347 378
282 488
324 582
477 582
613 735
274 444
179 703
417 720
308 387
264 461
124 172
321 522
237 627
86 439
67 421
168 308
300 563
7 160
613 719
104 343
463 514
144 247
35 178
28 71
103 436
466 575
5 363
29 371
160 604
510 654
113 352
97 332
428 656
95 570
173 574
219 239
277 405
174 200
208 550
407 538
201 509
183 651
168 664
107 278
120 719
41 730
672 224
559 292
377 85
460 438
666 297
646 52
729 506
677 636
579 89
332 165
340 78
427 52
648 520
735 708
562 558
381 192
329 27
410 377
663 219
661 287
651 150
591 568
514 343
685 300
693 439
726 344
555 109
680 380
496 161
608 236
737 428
551 261
699 351
687 100
698 148
630 604
541 533
619 378
625 509
714 687
273 91
473 443
362 160
711 597
294 190
254 196
707 554
642 390
620 185
388 381
583 529
719 577
600 205
458 104
668 329
109 93
611 462
638 607
530 7
268 49
416 92
488 416
695 551
682 378
670 70
724 411
640 334
641 151
506 161
689 38
189 61
723 106
509 213
454 385
734 713
690 570
447 211
290 88
455 332
520 490
563 421
371 122
692 572
159 103
615 550
379 191
393 336
602 217
586 567
341 326
423 133
645 12
684 653
223 30
665 149
576 288
451 32
572 296
435 275
639 252
554 111
412 140
310 8
464 192
489 35
360 156
404 67
536 423
731 662
512 201
700 419
716 50
380 304
592 46
585 500
738 525
238 121
587 263
378 289
88 27
728 377
741 609
307 85
121 87
470 122
544 170
437 54
461 120
712 180
398 18
508 152
224 154
492 346
348 37
662 219
708 581
22 0
448 132
717 255
533 80
418 328
730 60
217 193
474 18
373 325
601 378
84 10
491 129
252 39
318 281
671 213
528 323
441 115
540 200
697 589
233 131
357 149
499 51
475 5
292 30
283 182
582 331
397 353
481 56
721 107
589 121
361 11
535 20
391 380
519 474
490 288
531 404
199 54
101 57
438 290
626 274
181 5
487 31
720 244
679 414
320 214
621 19
164 94
637 513
733 375
715 275
516 233
137 21
446 290
607 216
424 178
236 46
483 356
727 450
213 206
688 437
465 403
498 70
432 259
567 382
127 89
571 507
286 24
399 342
710 630
529 218
339 126
87 57
400 119
542 452
338 80
154 65
566 290
462 333
469 111
709 50
372 365
457 217
617 463
226 163
557 265
556 244
655 635
507 52
660 363
130 126
627 143
279 61
678 616
453 181
245 23
606 261
632 402
395 10
644 315
316 27
231 150
439 238
628 11
574 505
166 48
392 255
415 11
411 283
609 294
267 265
674 261
298 214
545 361
683 249
595 435
504 300
669 628
323 217
295 209
725 701
706 440
581 92
580 312
539 100
534 101
570 263
271 216
436 57
385 260
386 200
654 640
635 11
702 238
275 171
433 44
612 543
739 19
694 91
92 62
169 125
58 38
643 432
486 7
272 159
355 317
192 45
265 224
106 34
55 2
599 125
449 1
604 405
568 51
383 376
614 171
691 86
523 76
331 329
622 179
575 151
525 188
374 363
136 10
253 177
493 411
505 65
440 240
732 486
148 64
696 3
524 383
590 175
235 125
526 295
129 39
736 696
588 552
656 469
522 363
111 51
594 584
659 237
543 70
597 532
636 182
206 166
676 4
70 3
459 253
408 279
616 355
365 152
131 58
577 400
141 93
623 214
240 60
175 116
553 129
546 438
396 113
133 30
123 78
261 104
518 466
419 140
16 12
513 427
467 432
85 81
431 179
675 670
269 168
205 21
122 66
167 17
317 129
