953 188 408
384 390
321 701
565 740
4 395
70 385
276 621
71 522
258 807
591 773
364 698
155 567
811 857
102 614
87 471
56 584
0 148
186 695
0 80
50 832
218 567
103 395
269 438
347 537
68 511
272 676
374 937
263 923
67 936
130 322
532 672
29 538
478 756
354 575
155 582
765 875
641 726
694 781
765 938
198 221
685 865
754 775
146 878
189 842
621 799
325 651
54 218
372 546
689 787
46 376
273 798
384 522
175 392
268 916
243 354
648 927
269 703
104 664
268 371
61 111
654 878
381 502
860 882
136 741
456 462
6 600
567 677
280 619
286 937
233 324
843 906
3 923
103 380
290 936
28 589
560 743
572 795
30 847
89 219
53 807
398 632
664 805
425 715
273 623
78 255
508 737
214 236
254 351
501 653
512 904
183 382
317 920
323 656
236 754
93 492
689 798
230 427
230 482
5 372
57 906
29 830
65 569
32 197
920 927
93 250
824 921
121 355
602 787
505 744
906 924
669 752
402 764
701 829
46 668
473 614
618 835
168 262
721 947
146 894
96 869
308 841
508 853
244 564
3 598
96 714
185 646
119 903
9 44
47 811
62 775
322 556
613 907
194 394
850 928
62 530
536 834
276 918
32 537
57 79
646 858
206 603
411 802
52 134
654 933
192 885
270 372
195 635
206 257
204 782
236 934
28 32
374 657
502 701
553 940
74 648
225 709
584 952
212 468
159 162
190 499
639 928
459 839
27 331
155 483
68 504
207 413
320 762
650 702
221 750
23 139
580 825
28 664
350 609
182 625
684 852
150 914
178 894
875 881
204 820
361 659
269 536
8 588
566 942
184 751
479 863
595 641
251 872
362 371
855 906
921 625
396 216
880 262
757 196
626 199
883 123
301 232
709 700
867 467
799 504
804 253
926 890
739 367
890 548
264 225
808 40
601 126
946 672
848 306
510 90
636 1
871 464
171 32
142 74
154 117
764 347
484 294
643 401
785 349
939 885
705 21
249 94
519 483
827 536
520 24
826 713
866 793
318 201
847 421
908 780
430 249
767 297
831 321
495 374
216 15
892 368
404 244
596 383
607 165
924 306
416 308
716 353
587 530
783 708
234 128
414 232
533 70
740 545
743 97
745 459
542 393
822 162
432 52
493 25
900 758
750 677
552 473
840 288
823 783
526 445
941 936
176 103
583 497
344 51
551 14
869 178
599 209
758 206
638 3
422 349
911 89
590 315
579 463
778 185
837 415
947 107
647 333
363 269
310 165
715 185
868 39
828 747
500 228
812 689
730 83
675 369
807 160
732 90
852 566
889 386
699 180
798 201
746 25
486 264
507 415
431 61
842 805
897 762
582 166
377 222
862 96
790 662
594 221
838 176
568 315
695 290
779 186
637 342
887 281
734 195
948 567
642 113
686 635
506 384
617 35
859 245
881 168
421 115
609 531
281 111
791 137
902 25
389 142
720 596
644 525
556 244
581 381
916 360
951 147
426 152
452 127
172 28
527 90
719 117
703 200
717 253
882 29
943 839
741 205
873 161
696 445
898 897
133 31
672 524
466 239
690 348
738 134
488 58
813 685
723 384
360 89
777 697
915 137
408 165
817 600
467 203
771 216
922 536
927 29
884 350
224 18
835 326
894 479
834 170
559 118
775 640
773 557
540 326
912 518
335 315
358 129
793 259
283 261
126 42
543 536
698 313
814 541
433 273
483 166
710 379
801 207
878 268
877 786
731 152
901 38
476 263
574 241
524 21
913 704
25 16
336 305
656 634
846 442
680 671
487 226
879 188
818 408
770 341
367 223
365 191
295 65
809 353
441 58
747 716
446 129
844 269
438 122
933 691
923 269
788 227
385 354
245 205
302 86
657 595
585 578
713 20
633 136
763 449
128 2
247 141
187 18
562 27
298 18
677 666
872 25
907 277
849 624
448 201
909 819
895 412
839 188
796 177
858 767
751 261
427 172
711 474
413 230
910 146
445 205
929 102
451 292
803 481
516 209
492 362
499 13
952 658
573 507
575 94
253 50
397 77
606 249
472 162
845 406
749 404
865 740
615 178
593 380
588 338
891 372
938 78
297 233
931 409
896 115
619 123
348 316
48 8
905 613
722 707
592 471
934 326
693 486
914 274
387 26
936 266
768 213
674 478
386 350
266 151
513 386
815 443
820 73
338 135
854 487
802 730
836 9
683 107
692 353
782 743
841 443
806 568
649 638
600 421
935 298
114 60
797 617
760 134
393 69
687 167
707 517
886 329
691 410
800 335
774 531
210 151
570 160
786 44
341 33
259 168
554 385
919 137
412 271
578 424
945 571
388 132
598 447
942 619
666 24
515 179
199 109
950 531
630 97
400 303
789 56
139 97
893 80
622 482
464 57
222 170
494 435
864 842
624 280
357 93
522 168
706 302
671 555
944 209
659 448
748 590
832 811
612 146
726 128
202 182
529 480
434 192
328 49
378 97
784 52
424 352
610 326
903 324
661 398
331 143
379 60
366 59
861 389
888 436
925 189
727 358
278 152
759 393
440 402
324 140
149 54
549 9
465 386
667 442
651 600
682 82
700 429
209 81
213 193
461 98
762 28
628 339
632 374
708 164
917 777
670 577
285 260
676 100
816 156
200 46
539 92
299 288
517 126
334 71
275 153
309 162
635 58
794 675
463 232
496 391
688 546
795 16
447 36
332 50
744 385
571 353
