815 379 254
93 486
692 699
43 189
230 705
101 773
176 222
232 451
131 730
374 733
249 664
181 531
73 530
224 508
177 810
346 750
473 525
328 758
169 397
433 809
205 540
40 762
518 769
379 728
667 694
586 717
724 747
389 713
533 649
400 442
590 629
409 779
272 668
584 661
308 764
265 468
113 320
714 797
364 633
149 436
32 553
133 602
529 714
236 359
568 645
336 412
187 725
79 207
24 344
176 811
3 233
210 775
43 764
661 717
163 654
366 421
489 497
69 455
138 512
335 789
512 744
260 550
540 645
216 762
126 685
38 120
552 683
271 360
204 510
437 509
654 687
87 744
12 402
398 473
452 787
21 586
186 700
217 584
45 144
189 379
145 566
645 800
455 751
130 679
649 797
81 119
25 551
339 735
115 540
140 774
261 369
137 650
102 542
197 215
231 734
56 587
610 654
294 308
6 41
3 771
185 494
289 695
209 686
85 361
208 482
694 809
411 584
357 523
126 296
28 182
228 769
315 445
176 211
81 215
251 663
239 757
3 327
398 559
315 615
304 608
128 189
131 304
57 212
229 412
746 805
162 350
282 577
726 800
431 453
274 706
284 787
299 724
150 206
192 456
139 281
432 470
331 611
436 551
688 730
520 713
548 744
206 363
256 370
43 136
544 612
270 642
102 123
44 130
276 411
529 596
93 496
400 640
419 458
356 433
570 802
191 569
440 681
11 667
551 638
202 697
163 229
297 707
275 401
24 399
572 687
431 498
236 439
396 492
285 576
41 754
155 646
157 514
453 751
567 797
203 264
210 693
406 469
477 482
296 354
277 289
164 187
451 512
106 458
391 658
578 720
147 266
207 482
352 356
301 754
45 748
400 560
463 627
305 345
608 746
342 452
220 559
450 687
173 702
319 472
148 265
486 786
328 417
736 779
46 767
252 732
490 777
177 725
346 754
54 773
313 573
92 518
48 439
577 652
223 509
403 482
253 776
458 566
75 288
440 708
330 543
484 793
596 814
185 620
261 569
479 749
616 790
497 560
116 375
466 702
44 282
730 797
252 362
208 536
126 388
23 197
27 301
590 673
23 389
68 335
359 473
177 291
128 505
519 658
65 446
471 696
280 317
547 671
559 568
75 800
101 384
615 708
0 393
5 775
166 236
399 587
488 726
334 380
272 510
419 632
125 297
70 201
534 665
396 622
168 573
82 650
250 669
190 643
469 600
435 770
179 228
55 352
363 492
308 660
479 626
311 642
399 519
447 788
219 325
349 376
1 739
65 492
116 218
0 644
575 682
444 640
180 681
14 443
230 429
176 755
242 509
340 660
238 485
349 537
149 585
331 466
450 512
279 797
158 620
439 559
133 590
240 619
108 160
6 569
77 640
161 708
322 773
20 220
301 490
80 778
653 750
317 789
77 690
202 740
187 518
736 787
3 23
421 634
94 614
44 545
499 597
220 408
503 593
711 810
537 748
100 136
97 628
225 548
104 349
565 799
350 498
323 487
561 798
176 791
87 750
254 788
171 714
198 252
104 378
52 392
719 813
379 733
314 611
278 520
99 553
435 538
479 790
133 300
20 517
287 310
172 575
529 567
330 446
450 529
21 613
367 790
600 743
521 731
257 380
163 623
206 644
533 737
525 695
184 721
539 652
236 779
187 681
30 594
184 324
659 795
310 470
206 493
739 743
578 691
84 518
303 743
660 664
662 707
199 710
5 32
201 547
803 586
34 30
603 599
669 628
527 57
691 401
618 445
790 412
676 272
672 21
759 6
524 244
629 104
550 26
348 97
811 274
626 151
591 519
675 596
806 102
422 168
579 150
341 48
779 397
792 659
414 328
658 494
361 119
405 287
347 138
438 115
656 307
771 593
652 434
500 69
382 229
780 322
785 444
295 38
687 254
651 175
808 129
481 75
407 227
264 106
742 709
241 208
650 308
713 673
786 101
783 214
573 272
607 65
705 542
526 77
814 303
429 422
602 391
664 181
127 42
530 467
420 290
604 458
532 150
715 673
494 377
563 537
657 452
717 415
434 56
506 133
492 109
812 689
745 239
118 115
772 396
482 17
630 90
234 122
368 161
699 286
621 214
564 139
612 383
682 401
247 50
775 612
245 61
700 598
702 622
233 78
298 194
107 92
480 58
620 23
142 49
582 201
784 75
733 546
777 29
78 63
495 321
684 227
606 205
543 136
531 231
599 341
787 335
377 374
401 279
456 360
707 127
646 267
732 471
628 143
410 269
514 289
408 355
683 413
752 68
795 269
496 105
120 15
594 203
457 432
723 274
454 279
601 502
523 129
725 136
633 44
693 101
528 396
609 500
761 538
776 235
571 150
623 484
569 141
634 157
442 346
789 288
580 403
459 98
686 0
553 168
762 488
680 661
588 89
751 575
290 214
96 63
729 272
788 653
731 635
748 486
373 83
424 270
781 220
337 331
472 46
390 130
773 512
799 112
764 519
557 237
595 437
505 14
449 158
712 72
643 100
384 65
345 158
174 14
381 205
782 420
666 485
555 77
302 238
576 520
635 433
369 317
689 625
491 393
671 11
593 410
598 244
636 129
417 133
354 227
460 257
750 670
416 5
698 419
763 485
475 163
708 581
585 306
709 537
809 760
696 136
244 89
802 316
343 43
476 123
510 84
509 436
737 613
387 185
767 337
597 74
770 578
619 301
546 433
769 341
639 71
647 597
727 395
797 770
76 75
768 137
448 409
380 222
397 52
333 55
545 456
796 339
685 324
805 336
735 708
281 90
493 455
613 406
665 534
704 28
165 77
774 237
622 439
464 268
446 399
721 59
309 114
807 400
668 484
644 300
443 379
760 460
560 425
90 4
467 345
321 207
338 227
583 447
468 246
