180 86 80
15 116
40 63
42 155
10 43
98 139
85 123
43 147
5 175
105 106
41 107
103 174
53 115
147 154
113 134
2 27
8 103
27 156
4 10
28 175
48 59
9 170
37 123
50 141
102 153
152 170
64 123
101 124
148 164
42 87
45 151
56 61
119 148
44 131
48 90
42 65
16 178
142 145
54 100
104 128
123 156
143 173
25 172
19 59
97 173
59 140
46 160
110 133
138 155
73 128
65 176
3 20
99 135
66 133
54 64
29 71
11 55
56 77
28 72
167 174
145 152
10 24
64 114
37 47
1 132
90 153
3 31
49 124
8 69
0 44
92 178
63 147
112 150
3 25
18 68
109 133
64 163
14 155
5 115
124 172
31 35
101 157
73 152
36 147
7 54
0 62
11 65
146 47
177 170
94 59
117 38
84 62
166 31
120 37
151 72
155 107
108 3
130 0
93 46
39 29
156 33
79 41
174 157
133 41
179 119
69 63
107 34
95 47
111 48
68 62
116 29
172 122
125 29
176 49
150 27
136 93
157 135
134 10
159 89
137 78
51 22
140 52
89 1
175 100
55 11
165 146
70 41
121 50
169 121
153 67
131 44
52 1
87 16
115 9
77 38
132 98
60 42
154 115
122 7
163 105
141 102
118 66
58 36
86 27
91 4
114 10
100 24
129 29
160 139
96 74
173 0
149 112
168 128
144 7
162 23
170 38
35 4
171 17
178 121
74 23
164 161
71 8
81 59
57 42
12 10
135 30
158 79
