644 27 261
413 452
22 584
231 640
269 573
42 328
206 428
35 138
26 620
9 382
334 512
79 520
508 549
170 299
245 355
279 612
24 303
228 306
163 258
203 350
192 337
213 270
148 413
336 366
299 356
79 620
42 151
122 408
484 322
327 318
186 7
602 150
292 171
553 446
603 464
599 504
595 57
530 520
306 282
370 253
497 351
640 577
598 389
462 365
549 374
584 135
554 53
596 364
476 473
631 599
29 4
562 520
512 392
576 114
536 339
117 55
438 431
588 95
311 154
414 25
524 176
291 149
297 17
477 10
607 499
472 157
624 110
643 244
251 156
474 47
609 295
198 62
298 127
408 120
566 492
171 124
432 220
581 260
236 75
100 88
615 537
632 9
267 220
463 389
617 195
257 236
622 361
444 181
561 477
283 104
316 241
572 295
97 66
372 9
378 296
150 58
447 39
531 397
564 61
573 88
467 392
401 12
500 488
179 28
534 232
271 33
604 508
445 205
636 453
368 92
215 186
225 78
504 83
443 317
499 334
52 12
360 159
440 335
556 271
62 56
623 308
479 360
354 167
324 126
446 418
635 481
347 325
290 34
263 74
365 126
481 184
398 389
590 82
335 184
442 413
407 112
625 583
247 6
144 106
593 463
415 178
633 187
317 108
493 334
600 93
352 312
194 144
331 33
619 408
620 201
506 436
229 64
560 530
396 328
385 51
392 63
568 229
548 21
610 33
268 24
227 101
397 316
639 367
544 364
618 47
586 2
36 6
293 273
642 332
520 102
169 127
346 229
211 133
630 617
621 133
589 172
337 296
342 16
533 60
460 230
266 182
538 17
220 1
465 231
259 257
459 38
585 183
76 22
243 54
578 58
552 432
475 265
597 140
196 143
535 407
480 189
118 66
43 28
339 250
387 309
545 140
510 281
451 378
511 109
143 111
449 301
490 213
594 451
254 64
488 194
89 9
384 203
587 477
482 356
328 202
333 124
526 255
108 99
501 370
606 243
478 399
323 313
404 364
388 190
96 13
487 154
528 107
574 202
563 528
435 202
399 152
461 347
514 117
453 205
151 101
359 187
466 95
158 98
177 172
575 49
611 546
226 93
543 253
571 288
255 222
67 44
614 471
470 18
638 232
454 332
125 78
457 59
166 85
518 188
296 5
193 84
304 34
371 336
248 129
608 93
73 72
224 58
591 494
583 289
386 302
369 364
389 315
86 6
289 244
249 226
250 90
282 43
107 46
456 167
498 181
525 390
422 359
348 58
379 71
64 15
104 37
455 152
295 292
628 503
235 135
516 398
288 258
429 272
238 166
