476 142 170
443 471
126 142
179 301
312 436
88 274
336 343
51 271
163 445
172 347
217 457
131 203
232 439
399 445
8 440
180 450
51 376
141 271
151 355
24 200
380 424
46 429
17 301
223 293
138 335
131 143
21 165
216 286
97 288
419 460
78 134
415 455
202 389
312 459
145 296
26 129
225 310
330 388
342 393
14 71
87 247
63 211
35 377
53 111
56 448
280 375
86 114
60 301
192 235
8 459
141 231
185 464
33 263
232 292
260 383
152 189
294 317
46 117
112 453
134 457
457 465
323 455
308 441
313 441
154 193
225 260
82 425
62 149
169 202
185 228
286 287
51 123
248 364
130 460
331 412
300 323
327 464
185 192
72 203
122 358
49 251
319 398
66 118
186 293
16 137
312 447
118 288
223 429
46 453
112 274
17 379
6 238
106 436
187 431
341 435
4 469
443 470
323 383
2 242
136 364
41 424
205 358
452 456
47 456
336 352
205 457
286 353
18 169
6 282
36 108
289 294
10 167
296 322
359 372
342 375
19 376
66 242
179 333
105 341
185 276
201 255
33 380
25 333
2 117
305 370
43 465
159 246
228 289
325 356
123 128
92 209
35 39
60 109
230 469
145 256
247 267
302 380
212 277
253 400
390 448
82 219
81 336
104 131
411 360
367 254
213 195
429 414
290 250
157 137
397 331
288 71
234 168
409 186
282 118
465 213
176 131
441 334
147 123
440 416
168 150
222 33
448 443
412 187
50 35
373 245
400 65
361 342
426 226
307 38
358 24
464 2
435 75
148 67
425 81
193 134
407 166
211 35
276 106
468 231
295 211
395 357
423 170
417 374
421 253
317 52
454 342
344 41
402 256
137 126
110 49
189 129
355 162
328 161
210 182
460 303
437 134
349 2
413 103
389 35
339 112
259 100
99 97
472 201
404 109
406 95
102 41
181 124
293 188
90 70
371 328
445 372
360 66
467 167
387 7
315 274
177 105
471 396
469 417
345 278
439 275
351 303
424 339
354 198
190 129
408 247
474 18
173 50
125 97
292 1
284 59
57 20
444 136
117 68
221 181
433 188
139 11
447 129
42 20
378 69
268 60
227 57
405 352
385 14
270 136
416 92
71 63
233 159
309 193
338 115
414 214
394 370
243 148
436 163
364 241
252 101
459 270
449 442
320 93
236 160
274 95
337 123
450 279
463 193
370 316
196 4
461 274
214 48
353 34
343 137
365 210
434 263
403 179
251 250
246 25
456 41
242 6
245 102
398 291
432 112
321 115
455 8
244 239
182 171
203 5
298 297
297 102
271 71
140 127
366 208
257 44
377 365
155 49
67 61
107 5
335 119
324 210
401 276
473 36
430 91
388 96
369 260
109 103
438 259
220 190
422 379
183 87
428 82
80 74
265 190
376 317
431 407
346 30
283 83
