709 31 257
320 516
55 162
113 495
291 501
532 557
43 697
301 435
186 674
212 534
445 695
303 637
90 122
0 120
92 659
56 528
516 585
36 174
385 513
614 640
331 450
188 443
285 629
345 470
169 514
471 547
41 617
23 296
204 326
293 464
437 453
449 631
568 296
93 56
297 22
448 43
617 167
646 480
545 259
585 214
708 283
344 62
509 356
515 80
198 3
676 584
590 508
450 255
693 199
87 71
660 416
705 230
173 141
606 152
485 205
501 171
281 95
648 508
612 123
508 505
587 429
444 332
610 565
556 388
381 43
428 396
526 116
221 29
657 651
110 93
432 150
647 13
413 307
404 245
342 147
678 278
628 291
524 353
316 57
426 159
696 439
144 133
518 33
533 230
287 101
338 42
685 96
661 13
644 186
547 470
558 427
498 88
522 258
411 402
642 620
670 334
314 38
118 98
536 395
562 8
591 98
284 127
537 336
623 526
697 176
665 434
608 8
159 107
514 269
264 75
669 339
431 133
640 279
650 605
659 376
507 333
242 1
230 129
423 233
488 202
192 85
82 2
277 128
313 59
671 510
681 462
551 168
584 287
172 60
679 395
267 105
321 65
315 83
497 35
500 69
538 73
662 477
596 311
519 333
686 663
487 449
683 217
621 148
406 75
609 408
341 62
550 17
357 174
248 164
412 258
312 132
529 149
492 294
189 147
506 345
424 332
69 37
88 75
602 451
394 387
586 203
203 189
495 254
651 316
598 292
353 241
249 136
641 417
458 447
700 59
505 460
223 202
388 11
656 195
480 239
336 229
310 84
477 368
453 243
548 250
633 191
197 108
474 438
443 400
555 29
91 30
99 21
600 11
569 267
349 334
653 85
578 244
484 193
121 11
674 228
632 630
672 398
335 104
152 73
214 199
389 167
334 58
692 380
479 389
367 299
371 149
430 229
510 384
379 195
703 328
422 74
185 86
658 455
365 136
611 90
390 365
360 179
434 348
580 156
205 93
687 267
630 168
566 99
472 298
176 98
347 91
206 83
574 283
457 180
155 137
370 58
634 160
427 108
425 127
292 197
639 88
261 221
603 233
576 479
475 189
573 38
560 356
333 256
673 401
473 152
193 118
218 22
317 203
295 123
239 137
399 331
455 355
655 266
383 157
446 311
702 300
372 210
378 167
415 140
654 269
544 526
694 343
217 111
486 19
513 144
619 197
456 199
527 110
663 238
276 14
325 169
289 195
664 213
572 551
594 133
148 120
395 119
667 197
691 249
136 18
469 280
563 337
540 393
565 511
364 299
707 237
418 221
552 381
570 34
