318 145 107
246 254
96 268
50 165
110 175
282 307
140 252
217 235
66 193
175 182
15 203
215 248
49 223
44 109
196 278
82 152
63 231
187 191
7 236
215 298
9 58
126 242
92 134
48 102
105 259
45 230
50 82
245 308
199 292
134 297
41 106
46 267
190 195
201 275
51 84
207 211
89 108
211 273
260 281
110 281
97 158
71 153
89 139
139 209
108 114
112 145
0 53
93 198
246 251
7 256
31 192
141 226
252 288
53 206
89 109
77 190
66 101
96 155
34 44
68 311
176 309
241 247
25 294
12 313
17 37
44 268
180 211
79 213
26 52
32 171
28 232
155 179
17 291
21 216
253 257
47 308
181 236
45 219
209 225
148 281
203 215
206 224
21 208
152 182
110 193
105 207
6 257
163 237
43 271
10 217
17 178
241 260
33 76
8 153
288 292
25 137
6 105
41 263
140 180
180 314
266 287
182 287
176 205
103 291
204 268
35 116
88 227
8 268
106 208
11 314
278 309
5 195
65 135
127 304
97 184
141 156
156 307
35 80
175 289
225 256
122 294
18 103
227 291
63 180
251 284
25 59
163 207
188 255
208 298
240 264
179 205
157 278
121 258
21 64
29 86
11 314
208 263
9 67
39 137
63 171
14 293
96 148
66 80
63 283
65 213
183 241
312 28
308 162
130 28
99 94
100 14
3 0
154 27
290 241
258 200
224 46
261 172
132 35
250 90
270 51
142 44
315 128
191 150
281 44
275 213
259 46
116 3
310 304
229 154
27 16
69 64
284 107
297 166
244 16
42 9
220 50
285 42
230 82
238 187
293 45
169 104
314 267
150 144
276 64
289 95
221 99
301 256
81 25
184 39
83 40
304 43
283 258
273 235
277 161
228 23
305 145
291 230
194 99
302 176
317 212
124 103
271 222
137 105
236 177
237 152
265 56
233 78
111 34
272 252
210 72
300 253
104 63
161 88
232 110
113 41
78 44
52 18
263 194
129 108
202 41
84 36
262 211
189 188
151 55
264 39
280 174
177 106
296 22
149 39
147 105
254 131
242 131
87 32
117 82
298 232
185 74
311 21
57 11
303 28
173 138
138 18
67 48
40 34
218 189
193 11
131 34
198 193
234 75
197 151
231 224
133 81
192 191
307 303
