823 23 301
400 698
253 460
208 605
412 677
553 729
113 432
254 558
188 701
85 799
180 231
683 742
127 367
54 672
628 803
235 651
410 482
285 331
394 504
132 527
58 520
93 809
447 646
42 199
777 388
388 129
571 44
671 137
218 171
585 137
401 275
497 205
656 214
170 94
583 392
263 139
774 420
514 441
792 394
719 176
337 194
542 80
730 678
204 15
126 60
461 317
635 571
673 106
807 228
690 287
379 174
734 142
617 567
380 335
568 274
744 722
303 37
511 463
399 328
193 147
492 446
575 25
760 369
762 222
737 660
566 436
654 473
488 216
428 122
231 223
787 726
736 259
374 100
622 235
443 169
717 696
396 166
697 55
772 159
196 104
446 390
147 132
675 300
707 17
754 601
804 82
820 442
781 265
369 134
307 164
740 374
821 651
249 196
383 179
336 279
372 245
479 331
335 135
373 5
784 128
633 490
767 230
552 107
802 215
486 173
346 33
703 160
540 283
796 668
648 83
681 8
818 354
453 403
145 129
677 578
252 124
759 4
362 314
817 360
644 421
779 348
718 351
711 585
806 349
416 234
713 154
598 453
217 169
696 686
765 442
83 4
402 326
515 203
485 79
721 375
748 157
137 51
536 492
780 528
815 371
666 448
439 187
294 97
742 729
646 405
695 528
701 605
258 57
522 204
480 145
698 471
207 168
632 240
819 157
597 497
720 215
810 23
661 575
565 1
745 177
724 420
576 74
292 72
430 331
478 77
367 342
788 463
797 581
520 455
295 228
659 384
613 100
105 0
602 144
194 144
215 197
556 451
735 301
758 226
650 276
773 516
359 159
747 39
678 221
525 284
459 355
451 396
688 221
679 160
795 230
814 726
234 197
808 107
766 436
741 509
662 648
135 118
578 372
323 243
700 430
812 781
634 502
563 14
561 40
732 564
601 545
192 48
727 280
591 319
491 114
513 483
220 62
445 374
538 62
397 136
669 454
246 89
789 392
301 171
468 190
657 519
555 499
559 171
608 67
638 204
509 488
167 93
771 128
716 627
472 102
437 233
822 108
328 160
495 381
612 298
574 80
364 153
290 11
680 380
609 546
606 502
334 119
798 282
618 472
311 174
567 181
581 375
550 253
739 517
699 587
643 218
604 426
315 87
605 577
286 188
483 250
278 242
636 505
259 129
580 93
595 164
382 276
166 1
537 153
405 366
799 214
14 5
269 256
647 185
441 343
752 666
782 660
710 502
455 277
505 307
276 174
387 86
685 390
653 551
586 54
768 478
645 495
440 231
596 184
603 65
365 136
535 198
381 85
761 647
532 197
219 161
584 83
284 234
111 96
803 768
239 144
464 95
516 306
770 605
493 22
378 120
370 60
265 249
709 702
291 279
811 498
607 263
674 20
350 140
324 255
684 671
420 100
128 40
790 205
704 40
227 140
587 269
549 495
338 217
750 456
287 102
756 44
244 155
384 333
692 156
