452 135 173
114 378
46 356
47 173
267 342
346 352
305 381
220 260
294 436
111 385
241 254
85 382
78 225
11 425
55 204
328 341
51 72
157 264
307 379
104 227
131 146
13 398
154 159
229 366
68 321
398 416
108 151
217 350
79 175
195 372
111 421
111 254
51 156
21 129
63 304
332 346
108 402
11 426
12 291
305 426
326 381
276 368
63 301
178 275
190 281
87 133
308 369
45 294
99 335
367 373
12 439
243 341
324 350
42 218
188 306
64 323
20 258
179 304
92 412
176 398
348 353
253 304
3 135
101 204
249 444
363 401
76 383
210 282
150 304
101 371
69 84
49 117
205 310
249 333
294 415
67 394
268 305
99 381
212 274
427 438
341 411
160 420
111 128
52 327
210 339
232 298
82 142
211 228
84 134
252 255
77 116
203 333
72 194
97 347
86 369
233 339
106 362
363 391
32 155
157 276
5 385
141 402
66 328
2 201
67 240
52 201
378 379
233 296
132 147
166 282
16 223
243 434
115 142
12 255
164 411
107 272
270 371
24 366
210 242
225 254
81 157
44 443
49 191
164 217
160 376
115 358
233 339
4 154
68 342
5 333
417 450
280 318
102 156
214 400
295 440
154 306
250 200
48 2
379 261
302 167
151 0
384 331
158 102
394 233
388 206
292 110
373 188
240 88
435 171
58 34
251 211
297 72
419 283
342 97
275 106
411 35
194 50
380 164
416 234
358 268
402 59
347 308
198 1
424 125
336 73
255 228
436 302
159 74
312 0
389 80
390 387
226 110
426 99
311 43
310 6
288 197
317 293
444 274
376 311
407 222
145 118
61 13
329 209
261 66
360 84
429 217
182 161
432 416
351 321
331 297
371 137
350 34
400 336
235 175
284 180
355 43
449 89
296 187
418 388
442 220
393 120
319 206
175 90
357 220
128 9
364 347
264 178
216 83
338 172
372 188
184 76
345 266
300 10
287 286
183 72
337 77
113 75
430 122
237 30
40 2
445 128
161 10
375 1
410 301
209 53
234 111
199 22
213 162
423 323
286 219
414 63
278 90
162 41
169 67
374 254
396 180
434 185
370 12
274 85
313 65
451 380
404 147
334 164
385 323
239 216
365 314
377 157
422 364
359 96
316 20
448 226
156 72
405 122
215 114
246 142
354 106
60 12
361 344
330 185
321 231
362 156
96 57
256 152
147 88
303 260
343 137
314 267
116 1
433 235
381 205
439 18
383 224
231 148
263 70
109 46
138 47
392 85
399 311
447 357
185 27
352 279
223 83
191 183
406 295
277 154
428 139
260 197
333 43
123 40
269 8
420 288
142 110
440 71
257 211
163 138
70 45
189 71
413 376
98 63
244 196
369 183
135 88
29 8
441 69
285 25
110 79
289 87
366 137
144 134
