500 204 212
49 50
176 428
112 450
64 452
109 265
23 439
133 349
13 465
179 470
103 269
158 190
25 41
200 368
257 348
97 335
59 255
312 406
61 325
405 498
61 103
52 326
35 457
163 375
98 219
221 296
93 132
1 100
310 411
154 242
272 397
310 364
54 419
16 462
257 371
51 62
357 442
14 141
60 79
72 297
52 317
97 205
27 237
369 485
326 398
55 298
202 485
162 225
202 406
27 338
411 472
112 153
3 318
24 444
2 400
275 290
77 377
40 119
149 402
11 296
189 376
144 151
254 415
269 320
183 282
55 411
24 435
149 161
36 278
156 217
158 273
84 413
221 492
167 369
142 158
27 93
52 370
198 326
70 206
103 454
63 415
413 452
311 464
332 430
131 414
5 32
54 110
326 329
74 329
69 191
143 334
136 224
53 403
110 492
421 467
70 109
225 269
248 305
150 164
10 161
177 399
50 140
310 381
55 191
238 261
233 451
350 384
64 333
28 259
161 465
104 465
57 347
57 327
243 348
202 462
323 400
130 180
292 341
333 484
13 492
39 161
293 479
226 452
153 280
223 453
424 445
128 475
132 157
306 363
94 246
262 413
285 354
17 389
133 138
397 409
185 355
49 369
254 295
222 372
64 409
200 211
76 288
109 385
74 311
176 449
304 422
165 446
11 269
215 263
257 316
127 471
225 462
132 355
105 275
126 400
12 149
184 246
234 288
18 142
60 130
303 337
294 487
49 443
286 446
163 425
163 419
307 322
110 115
65 126
87 146
179 257
76 98
181 474
356 390
278 467
157 269
29 400
52 91
289 465
23 237
307 445
81 324
4 8
197 234
206 329
251 356
11 455
353 400
19 445
396 488
70 268
299 428
154 400
245 466
54 463
402 489
71 333
78 211
22 293
59 395
114 127
11 329
211 307
218 298
55 92
360 152
216 36
219 36
320 46
139 117
102 55
26 1
324 211
498 446
313 194
475 243
487 383
478 428
82 30
459 386
358 202
335 17
431 266
373 71
367 118
338 271
279 12
485 262
220 180
497 29
205 188
224 218
361 290
435 243
242 19
342 306
322 18
483 406
270 215
363 12
253 44
386 253
271 266
239 29
410 83
318 264
409 168
465 97
336 29
418 369
31 14
108 80
256 214
461 119
493 380
452 124
295 72
212 98
96 58
364 111
370 245
327 16
237 12
436 183
412 272
246 143
345 266
427 137
476 289
429 290
393 79
231 224
417 203
330 226
414 221
486 48
474 35
480 175
314 304
208 110
455 297
432 295
394 135
129 66
430 317
464 142
309 138
172 89
460 84
440 414
152 29
454 326
305 182
449 155
125 24
372 128
406 214
425 7
301 69
95 7
190 108
462 381
491 476
444 441
468 399
447 326
209 154
235 174
195 18
477 117
359 246
422 351
362 225
423 50
67 22
481 461
388 99
401 269
473 164
450 188
252 24
146 117
403 5
316 117
376 71
458 36
384 100
276 57
366 257
267 122
282 106
448 11
466 361
382 165
380 373
387 264
404 399
390 242
174 2
85 8
442 125
469 90
439 83
438 423
451 123
407 332
45 5
259 258
479 318
433 6
147 145
290 158
300 236
371 153
230 208
467 99
145 127
456 48
297 244
281 167
155 38
383 196
217 67
379 15
273 216
315 183
192 188
188 186
472 462
434 95
457 423
398 396
117 39
331 0
321 214
187 55
260 115
347 25
420 52
341 111
191 112
389 6
134 7
437 339
426 285
284 241
340 107
302 285
258 160
107 31
148 19
471 107
164 106
495 55
463 98
484 248
180 19
261 68
169 1
334 275
496 107
490 181
494 65
470 321
416 199
141 94
137 6
365 215
351 120
349 293
210 6
236 208
175 149
381 169
186 9
337 309
182 9
