897 27 208
682 806
114 328
43 438
395 397
14 749
197 577
8 243
358 686
139 665
285 691
681 760
670 837
69 368
189 592
283 872
36 574
256 619
551 671
239 624
90 818
489 499
524 709
475 726
666 722
332 886
491 711
304 329
829 747
896 76
540 86
635 516
366 252
469 199
784 264
464 164
798 45
534 150
307 207
299 92
690 102
753 512
851 714
890 507
617 467
801 317
261 182
792 126
840 174
838 121
459 318
560 427
737 570
556 126
608 509
355 4
680 253
832 699
623 578
277 12
788 445
615 347
770 559
738 32
416 322
449 425
131 11
625 64
698 453
872 388
109 79
199 124
484 124
695 9
810 785
883 271
721 417
250 104
525 487
696 333
863 361
127 22
767 442
403 51
502 0
637 204
276 13
542 449
786 370
769 419
371 214
783 562
755 182
345 198
135 29
547 259
436 368
765 450
603 599
359 7
295 91
862 780
187 36
674 257
739 359
194 8
855 69
508 136
544 81
325 78
802 587
837 256
720 336
743 554
94 29
498 179
313 34
647 12
219 69
455 262
237 140
844 420
435 411
117 85
664 198
531 346
270 4
518 409
652 521
495 250
349 134
329 194
226 66
876 178
463 205
691 564
649 256
451 177
204 132
384 382
536 142
479 17
422 226
233 52
308 235
225 130
444 99
301 86
730 428
815 519
763 380
749 649
290 49
881 148
587 133
492 450
620 538
458 418
360 126
586 74
576 192
780 13
106 9
748 373
255 125
880 144
756 454
874 681
621 147
398 262
731 428
507 216
478 159
831 431
342 136
598 135
671 330
705 403
886 856
655 135
375 144
653 219
854 134
827 721
816 539
555 216
685 132
511 194
665 181
592 150
421 172
439 46
683 521
399 320
613 351
378 197
843 577
678 71
860 5
803 501
503 101
761 697
483 152
842 825
26 12
513 372
594 376
588 146
791 144
110 65
561 337
719 229
461 446
306 303
567 437
693 159
817 116
472 438
867 41
846 729
606 358
272 89
741 164
861 815
818 30
601 441
446 360
830 526
532 256
100 47
725 188
706 666
628 115
262 249
717 300
164 51
