359 163 145
47 289
258 310
170 172
34 278
88 146
100 288
139 326
103 112
38 316
4 321
174 192
14 103
305 315
16 79
55 333
304 346
67 274
43 261
242 300
72 296
249 264
21 348
24 119
148 314
7 275
52 93
151 298
58 88
204 242
50 107
91 290
78 151
85 141
87 207
174 253
202 286
93 320
223 306
221 263
10 103
116 134
133 200
22 244
326 332
63 295
239 298
234 326
17 140
41 354
237 347
24 358
78 332
90 150
86 188
59 333
304 341
71 215
39 335
178 237
154 279
8 88
42 97
92 310
7 32
3 219
46 48
89 217
196 240
56 186
113 346
283 295
27 348
152 322
72 340
73 187
50 65
129 221
21 306
122 157
43 164
123 139
91 166
148 347
56 159
202 338
65 342
160 195
130 344
253 285
3 137
228 283
186 271
128 225
135 182
216 223
84 355
11 153
215 247
43 202
1 3
206 248
18 347
9 80
45 141
129 248
159 178
44 278
17 82
74 180
176 196
45 343
53 150
18 315
68 73
7 356
2 218
24 296
23 44
156 324
91 345
193 227
172 317
123 297
42 320
220 293
81 235
178 308
0 248
279 290
236 254
32 61
92 224
319 325
74 355
0 53
339 342
11 210
26 221
293 332
170 190
76 174
33 71
37 57
10 303
99 118
109 328
80 178
182 221
138 241
80 143
258 340
118 245
283 300
0 89
3 80
241 309
37 164
94 99
261 339
49 132
104 162
126 285
133 183
243 0
244 62
290 286
265 67
337 251
171 62
292 232
333 122
297 193
230 9
338 23
210 97
252 71
275 230
277 94
227 213
136 52
246 1
209 74
274 249
315 69
105 81
177 50
149 84
296 134
322 234
332 132
142 14
194 79
12 10
282 106
325 71
112 19
198 78
141 119
347 131
289 232
161 147
79 16
192 6
131 96
299 78
308 30
189 57
190 189
20 19
214 158
229 178
346 210
240 96
273 264
276 78
54 38
344 336
301 225
225 22
300 170
260 165
313 1
166 140
153 150
255 172
219 113
218 170
340 100
329 258
262 230
224 108
272 211
183 163
295 185
278 241
298 26
280 194
288 45
257 28
60 12
303 41
197 171
164 161
121 60
187 159
353 88
317 90
195 170
294 199
146 54
336 189
267 181
245 68
316 78
285 205
256 141
345 337
173 75
284 235
323 95
351 211
117 46
191 3
181 133
350 305
268 241
355 16
352 8
207 114
307 303
232 90
327 264
137 29
205 154
208 149
271 111
162 13
324 76
217 78
302 124
106 64
328 71
259 15
125 121
222 151
251 95
175 74
169 92
140 97
356 144
334 234
309 164
264 61
83 43
157 152
250 6
213 152
269 108
51 42
343 201
321 48
211 209
247 196
281 101
155 56
108 85
107 0
212 203
