794 205 315
282 422
65 336
363 602
140 272
354 378
250 503
71 465
605 607
189 504
61 766
123 564
553 669
481 752
397 692
390 760
1 206
199 551
349 384
275 461
588 747
140 449
546 552
100 208
233 443
385 702
201 714
439 444
434 668
20 710
77 401
625 712
519 627
746 756
117 423
361 685
19 786
441 590
426 722
346 368
756 774
717 777
366 411
192 480
153 251
390 781
508 560
178 220
118 325
351 540
86 91
489 746
129 317
166 627
726 773
11 328
97 523
63 156
120 256
253 450
276 374
240 479
472 787
399 576
531 660
166 457
123 618
7 570
330 551
272 590
81 657
5 440
106 615
4 258
141 273
66 178
49 141
101 547
66 552
272 296
211 293
226 732
78 509
152 228
129 378
343 437
114 519
17 769
621 666
328 346
206 448
388 516
209 499
362 514
132 752
5 20
187 508
273 319
112 711
71 222
295 459
115 420
265 676
688 728
280 428
191 671
368 433
346 760
118 384
100 783
101 374
497 642
88 389
130 249
151 609
373 621
86 522
119 296
421 577
717 744
121 348
164 341
309 359
2 260
281 320
239 263
372 427
304 374
156 607
99 563
9 121
189 620
157 416
157 417
556 793
31 213
7 219
58 435
89 258
1 38
134 273
404 454
417 540
240 360
414 762
381 632
532 605
531 620
270 396
107 651
35 551
318 544
100 267
188 239
195 357
215 685
13 18
310 616
121 564
362 722
408 446
52 450
8 598
53 313
57 221
717 766
14 546
45 137
90 325
273 280
37 579
264 627
10 430
263 286
361 730
75 304
30 581
400 751
93 303
358 652
623 777
155 671
199 525
313 650
175 592
122 791
298 447
313 718
75 444
62 220
180 439
209 283
0 429
296 721
49 603
108 285
202 768
390 724
483 621
2 495
286 457
150 395
60 164
367 384
73 385
51 294
603 363
710 134
543 531
550 147
312 126
693 295
786 382
326 198
634 276
360 118
618 35
648 608
781 249
561 393
482 380
212 5
582 64
762 237
602 399
692 462
505 164
643 453
425 252
735 291
480 39
515 343
655 54
765 710
377 248
681 161
616 130
394 143
147 16
734 619
647 566
680 570
369 359
512 66
145 51
468 148
668 222
597 501
384 244
501 404
772 745
638 471
697 395
708 489
177 55
528 515
629 472
92 27
696 506
474 363
423 101
459 7
323 238
645 96
584 307
672 396
706 313
689 259
382 352
610 90
548 179
435 136
722 696
520 402
534 317
611 431
344 116
494 380
682 277
493 371
431 238
758 379
541 369
342 142
467 395
522 416
574 171
288 46
495 55
733 658
766 119
662 642
504 66
238 123
419 160
570 239
592 64
420 38
639 234
79 5
712 204
651 238
694 335
644 526
302 69
687 375
737 531
576 49
562 139
283 255
403 120
761 420
319 248
457 166
632 481
524 302
456 155
699 621
613 261
383 298
730 308
325 323
461 92
454 250
749 486
333 257
585 344
416 337
267 206
529 524
775 745
486 382
793 729
742 149
392 14
227 47
389 386
640 308
676 164
511 263
691 410
173 101
230 15
589 65
448 28
523 414
607 21
665 431
490 41
673 533
500 442
356 59
572 237
704 379
284 263
334 314
741 336
375 160
718 250
596 245
465 207
393 150
278 135
573 378
631 451
654 276
566 194
463 183
214 91
544 75
701 540
577 97
451 85
185 96
745 347
684 3
535 398
327 40
666 120
721 462
478 93
736 351
788 73
627 7
165 67
628 182
780 513
739 548
285 109
728 414
359 319
707 693
774 665
473 289
247 216
750 415
254 173
470 209
127 81
752 316
702 327
620 265
193 137
251 244
149 44
466 75
641 568
162 61
649 358
580 217
444 24
311 252
777 721
789 785
674 537
792 277
87 9
744 404
617 245
337 150
678 31
747 406
308 295
782 327
306 225
683 505
289 222
732 470
398 379
760 647
442 237
352 64
564 67
658 353
567 244
719 121
210 189
530 512
364 177
771 66
386 353
675 232
479 48
555 43
667 259
458 9
469 102
714 591
773 435
379 113
635 346
357 109
335 95
245 142
700 102
554 408
476 462
711 508
248 150
767 403
307 53
536 438
46 32
196 133
429 292
338 96
409 91
547 195
763 745
395 78
249 14
715 550
581 232
783 464
204 50
787 700
348 192
608 239
636 222
345 12
455 199
516 93
724 491
181 70
615 571
91 58
545 278
292 273
759 588
650 179
320 187
219 105
659 326
33 25
428 150
514 500
167 19
447 328
450 376
791 269
764 232
738 540
769 362
246 9
551 249
690 407
626 139
671 616
661 446
109 107
619 320
669 372
475 136
340 213
778 579
324 186
590 375
223 2
757 243
415 159
95 52
