435 36 92
295 414
138 229
182 341
156 260
50 382
166 379
22 206
67 382
232 296
65 331
52 409
165 262
247 367
218 318
64 145
130 278
311 339
228 314
213 293
102 353
97 387
84 288
84 105
127 303
383 424
104 313
119 159
36 277
111 428
131 198
81 94
30 98
105 413
296 368
42 118
82 179
262 42
234 154
304 30
274 254
357 82
276 3
143 83
302 40
412 286
269 162
179 14
187 51
317 125
227 83
389 355
408 46
308 201
345 128
366 87
340 93
236 0
186 119
199 163
126 14
420 226
319 277
259 186
175 1
388 316
346 51
409 344
215 173
337 271
335 142
381 65
379 175
426 289
298 281
229 17
362 320
270 246
275 31
284 241
237 85
425 133
401 375
231 35
83 53
251 194
243 207
100 73
318 43
33 13
288 172
271 266
431 188
400 318
336 33
325 78
326 27
427 203
391 145
351 191
279 37
364 139
419 255
377 349
398 382
216 195
375 48
418 408
174 46
397 343
310 56
222 8
159 157
341 179
149 17
406 117
303 142
321 212
334 312
286 34
250 39
342 97
359 66
63 10
290 278
34 10
134 33
281 88
168 76
