281 5 117
37 88
81 186
29 163
41 111
150 230
174 94
151 147
223 164
87 22
93 72
165 57
43 9
84 66
153 131
272 252
217 183
219 178
164 82
149 62
269 204
190 76
111 39
273 247
198 57
66 3
243 236
259 115
144 37
138 31
216 96
203 106
268 54
88 48
173 141
136 105
32 4
274 38
261 229
255 148
245 174
197 184
257 33
167 92
202 91
119 101
213 164
264 29
110 61
195 48
265 8
251 221
237 0
176 101
226 8
247 132
227 83
207 117
228 129
192 183
160 5
258 198
231 80
180 133
123 29
209 7
199 61
178 19
177 39
102 23
122 30
238 92
279 140
278 206
105 41
246 9
143 125
156 140
187 33
121 32
94 10
133 39
52 44
146 11
168 106
233 90
271 112
35 32
125 48
70 27
276 20
139 42
277 60
193 100
218 192
158 101
141 129
135 49
248 234
169 145
260 126
263 143
179 73
211 55
145 114
205 164
96 43
250 147
267 187
186 73
242 9
229 198
42 19
244 207
188 20
48 44
67 25
69 63
85 47
236 99
230 205
225 200
221 111
