189 5 68
127 146
50 55
7 22
62 181
99 113
186 53
136 128
182 111
140 138
161 118
177 65
168 14
75 67
123 106
84 24
176 52
147 1
102 48
144 50
108 28
154 83
21 14
125 98
130 20
151 55
94 8
60 36
160 136
171 151
95 40
153 43
158 67
107 106
162 112
27 12
184 117
116 96
41 37
76 11
178 113
120 105
163 36
53 9
145 100
164 34
173 63
139 66
133 117
146 11
117 69
91 33
115 66
40 29
88 11
156 84
181 132
81 38
175 22
72 43
159 50
100 72
79 10
128 93
122 117
56 50
169 97
80 3
187 96
143 100
141 54
49 16
179 64
167 118
