411 146 149
41 207
247 371
8 399
102 409
7 57
122 400
229 316
57 307
74 217
66 81
195 293
44 342
218 219
29 36
135 387
24 206
91 286
112 406
25 338
106 135
8 181
62 330
108 158
9 29
103 179
294 331
69 132
24 376
113 128
50 51
0 128
182 191
89 376
163 190
134 361
167 400
19 381
235 263
205 238
42 153
121 257
36 91
218 379
105 209
6 15
26 332
317 344
128 392
86 89
91 326
84 270
90 93
231 236
174 374
287 326
84 193
212 267
81 368
73 401
0 41
39 310
4 280
39 383
290 370
151 278
18 207
47 407
15 244
186 378
7 25
129 177
65 384
11 388
64 260
278 358
102 149
59 266
116 154
294 357
43 186
157 187
87 115
97 375
7 209
73 252
48 269
60 63
145 323
108 206
222 328
21 399
211 361
11 296
122 371
222 377
323 404
267 401
269 317
312 322
47 253
117 271
0 87
99 216
119 390
103 284
75 215
22 26
241 398
115 232
39 157
44 130
144 340
22 324
235 345
178 343
79 392
277 311
26 283
14 248
322 323
4 96
257 284
17 272
198 309
109 335
99 218
176 407
187 340
105 112
74 253
10 253
196 383
100 129
247 257
341 376
0 56
161 365
121 359
64 378
291 357
299 325
239 363
84 247
57 152
192 279
100 288
410 275
306 67
165 43
270 37
282 76
347 103
401 119
402 295
164 144
397 392
230 50
295 117
245 181
383 125
403 108
396 270
327 242
286 236
243 7
313 24
220 160
330 315
406 171
370 161
234 168
389 267
258 208
367 166
92 5
302 138
253 219
363 242
316 214
197 163
325 118
83 53
259 235
301 105
215 85
280 123
326 281
237 121
366 60
191 78
304 107
170 101
216 192
240 209
354 75
261 170
305 166
38 24
360 135
153 20
334 328
344 226
355 132
206 190
126 95
292 277
250 205
359 31
392 18
256 21
307 148
385 116
169 114
342 60
348 176
203 132
298 23
328 248
265 118
96 47
404 60
296 268
85 22
272 128
310 204
350 234
242 224
394 146
395 230
125 3
340 331
377 0
309 16
150 129
190 4
343 58
226 139
288 67
303 243
388 353
273 210
70 15
375 308
217 10
361 53
409 84
332 167
156 15
101 81
95 81
382 178
337 32
188 47
262 19
293 69
300 36
311 235
369 76
386 158
208 180
71 9
244 43
393 364
318 129
162 158
308 166
221 142
131 26
345 38
339 246
333 315
77 36
407 332
335 261
98 40
199 117
329 275
159 43
319 168
249 65
260 247
76 69
374 340
408 156
351 346
53 1
219 107
252 210
123 114
246 14
189 151
133 54
172 133
346 120
274 162
