231 19 57
83 168
83 113
173 186
34 90
50 64
204 221
156 193
136 217
181 190
42 47
129 151
3 108
223 229
12 53
78 140
18 211
50 60
145 159
119 132
170 17
47 1
188 157
108 42
32 20
201 76
60 39
186 115
124 35
217 19
158 81
198 169
149 109
229 204
141 60
113 22
199 138
192 83
107 66
178 134
171 34
210 7
177 105
191 78
134 22
218 194
61 28
112 92
88 52
133 48
153 43
110 59
219 64
184 24
213 203
146 85
131 102
209 11
85 58
185 170
196 89
190 138
77 46
69 23
115 4
200 197
21 19
67 52
197 48
96 41
80 17
161 59
216 214
106 75
195 150
120 22
126 87
