367 173 11
17 310
201 297
29 365
178 271
1 270
40 240
87 296
127 161
70 118
132 208
33 68
52 167
167 220
1 268
196 340
207 337
320 355
20 325
140 236
10 68
161 329
108 305
20 29
94 192
164 179
14 362
284 314
110 174
4 31
218 233
96 324
258 330
7 324
154 176
194 360
269 280
198 228
179 231
154 194
116 177
52 55
167 225
96 166
8 173
136 307
8 116
41 186
138 216
80 246
277 312
281 312
319 324
83 287
190 283
121 285
294 321
68 143
102 111
10 312
68 120
197 364
47 233
300 348
77 202
146 162
288 292
169 290
109 350
17 53
148 241
242 296
137 167
36 79
120 129
31 284
22 153
17 188
50 244
205 210
90 200
78 92
101 145
138 223
19 246
241 279
140 240
248 269
0 259
133 278
206 289
37 144
137 197
288 307
197 299
81 366
87 232
210 316
166 315
180 208
163 227
41 82
5 197
17 84
51 343
12 92
75 260
184 237
188 264
38 328
188 249
229 265
127 288
34 155
141 162
215 295
70 266
75 290
17 131
39 302
172 300
7 64
100 105
308 318
123 303
209 337
80 284
38 40
38 336
2 50
117 143
194 324
60 340
309 356
97 159
164 168
143 338
50 229
114 282
212 268
182 191
149 322
151 168
336 363
143 281
91 325
85 92
23 169
91 219
128 145
132 286
68 292
9 351
1 207
54 107
154 278
38 335
67 178
188 272
15 100
31 242
240 329
16 81
38 93
91 346
95 317
64 158
153 225
5 268
229 247
13 111
270 280
70 122
10 366
254 117
356 268
301 191
278 274
282 69
352 181
62 14
329 253
237 211
326 297
353 153
