875 262 328
188 686
190 838
65 557
728 802
133 667
13 357
404 565
425 641
361 464
468 783
535 727
680 699
64 446
109 325
518 548
341 569
29 172
117 850
794 819
379 519
111 357
480 489
250 423
240 514
140 449
101 117
109 829
647 805
182 685
21 559
231 698
141 308
254 395
215 338
449 863
189 499
92 522
640 765
265 723
261 523
46 303
133 770
291 373
179 313
188 410
2 45
243 481
54 797
321 548
32 157
799 833
611 626
208 360
269 596
176 241
158 280
561 787
225 595
315 406
13 459
222 437
466 704
60 65
108 305
184 226
250 593
465 846
324 580
288 479
92 452
215 552
198 329
57 685
774 776
396 708
382 526
580 656
129 773
99 564
84 323
776 778
378 827
232 407
2 454
90 485
434 592
449 616
106 357
251 739
82 385
127 829
500 779
315 864
551 761
382 400
181 254
535 727
194 426
120 503
182 735
105 543
143 777
70 853
725 760
591 839
85 551
473 622
318 823
741 845
88 568
259 436
389 453
93 491
169 273
112 125
139 415
87 605
353 583
5 273
289 522
28 424
98 332
87 702
83 797
672 675
330 712
13 711
514 845
506 781
549 770
617 869
297 616
46 566
91 505
290 331
257 427
32 239
372 743
30 776
303 754
44 678
372 485
54 190
19 206
159 408
522 712
52 707
235 850
126 420
25 141
228 826
641 824
73 206
142 569
76 858
116 536
592 672
110 295
426 850
103 124
20 299
673 683
662 707
244 353
70 852
48 514
169 308
264 798
328 348
550 844
52 747
245 498
418 799
28 401
381 797
59 547
354 833
541 825
298 799
119 515
289 358
517 697
69 195
67 110
24 688
480 832
626 781
615 786
113 701
8 393
353 390
28 176
479 733
22 306
328 430
131 720
266 312
668 749
447 569
98 335
547 648
68 771
65 697
298 731
138 737
297 322
462 709
451 476
398 765
496 571
590 600
158 258
282 825
233 314
601 612
261 650
543 873
624 645
424 447
719 769
125 848
85 112
417 819
181 294
441 731
13 49
453 563
53 631
238 569
274 377
219 401
9 459
69 796
357 604
191 371
390 826
262 346
310 824
456 848
9 211
505 759
55 602
37 285
89 287
330 744
29 723
58 714
82 373
98 216
169 354
200 251
727 809
460 551
253 807
10 606
444 466
247 478
204 282
553 816
330 670
60 553
102 192
548 272
817 617
850 280
230 65
587 172
323 193
237 151
764 654
588 79
864 380
492 169
513 316
831 715
670 474
795 141
847 578
490 175
410 366
756 168
735 293
585 136
356 209
629 208
706 398
653 307
413 172
716 714
708 453
747 70
409 253
376 187
845 662
751 464
825 514
844 576
765 97
687 172
363 98
197 143
252 94
666 385
600 502
137 7
806 61
856 780
854 29
241 130
510 11
566 124
454 200
419 117
96 67
411 218
757 321
160 64
742 457
738 171
511 460
821 469
835 682
648 384
217 19
777 211
405 141
785 485
769 199
862 528
292 142
724 506
682 330
497 104
578 88
786 590
788 3
846 329
538 112
563 238
448 138
791 330
824 777
676 485
861 325
701 451
442 9
686 130
635 350
427 191
493 265
818 361
836 547
722 244
713 295
622 512
558 256
414 299
582 4
525 21
801 750
683 205
342 241
636 391
437 346
853 233
534 246
236 92
335 167
768 540
674 215
760 352
842 102
607 545
554 356
557 64
851 727
787 147
420 381
685 143
870 328
620 181
287 157
377 7
857 678
494 332
66 28
749 706
387 273
829 653
599 82
807 625
421 62
740 657
507 479
731 453
595 368
804 325
470 157
803 256
461 456
392 315
759 343
72 64
322 84
631 277
717 264
118 74
705 383
819 556
789 136
667 0
839 199
664 648
693 362
826 50
737 513
313 79
869 617
628 560
643 30
820 621
808 53
678 675
814 55
690 329
177 72
346 156
744 316
692 522
433 301
753 172
838 306
663 641
577 330
792 215
568 71
723 547
816 355
394 378
573 375
746 452
755 21
467 466
802 404
823 597
718 67
688 546
790 566
736 65
62 36
268 108
242 66
175 56
343 320
41 24
386 120
314 308
294 87
593 185
400 145
712 154
284 62
373 349
368 232
703 553
545 418
695 541
526 35
571 117
813 254
584 468
509 282
369 283
827 735
732 564
412 169
115 100
216 179
572 397
650 422
604 580
154 152
476 366
815 407
463 146
385 282
439 431
597 540
660 441
519 489
852 35
520 270
569 142
484 224
301 144
621 535
730 18
278 103
487 349
459 267
339 39
840 700
485 448
224 149
632 615
539 190
503 396
374 319
714 341
780 304
656 240
606 585
128 3
45 3
144 57
637 416
581 562
531 176
602 149
805 645
482 336
855 805
395 258
565 294
524 136
754 588
822 801
393 226
564 330
761 433
391 217
743 371
452 116
704 577
474 54
767 453
408 322
868 577
546 187
529 174
499 321
532 96
671 662
276 49
583 25
598 11
146 79
333 205
733 572
325 320
309 131
542 314
766 725
575 365
726 461
638 441
370 262
863 551
634 336
734 105
299 277
293 290
619 354
272 196
871 795
865 112
778 394
227 113
273 232
512 59
360 275
172 2
639 69
649 399
316 282
402 175
748 179
859 321
15 14
477 84
812 804
455 240
781 400
471 171
800 507
681 523
684 336
721 182
630 594
779 686
