583 73 131
113 410
14 114
392 556
473 564
129 399
3 404
92 111
96 513
28 574
41 503
31 513
376 479
158 508
31 462
295 542
281 326
305 529
338 549
61 522
362 407
344 493
158 345
172 387
361 575
159 377
192 264
213 246
347 431
28 142
132 177
90 394
183 546
171 367
57 294
164 256
295 467
79 333
172 455
189 220
533 558
45 67
138 289
11 295
472 526
268 317
287 459
124 148
192 333
13 50
28 417
110 429
225 424
298 568
462 542
240 445
30 352
169 517
213 518
29 203
29 71
5 215
295 356
85 487
485 494
382 568
171 223
62 333
132 409
153 309
284 466
302 355
451 544
222 324
405 47
412 152
126 97
200 64
197 88
279 220
440 268
491 80
549 217
510 217
136 9
471 269
415 165
301 30
256 58
515 175
206 49
487 235
537 227
379 130
507 302
545 435
425 207
322 234
186 13
128 103
577 1
452 360
488 251
516 35
550 408
397 356
288 273
163 40
490 276
254 86
559 320
198 7
211 23
398 359
385 194
572 14
560 47
423 246
531 355
477 138
428 371
522 438
292 70
539 414
402 278
216 156
350 78
481 468
456 439
157 36
312 283
547 136
332 9
220 168
557 457
513 483
304 25
484 292
503 441
427 301
509 45
407 107
498 244
499 146
65 35
538 208
420 374
579 29
242 21
255 205
563 505
486 323
571 305
355 70
432 415
524 304
123 69
386 11
340 190
384 25
265 212
196 60
567 364
319 309
561 398
517 271
482 178
173 171
552 323
359 196
323 269
568 512
217 82
489 77
575 423
548 95
554 63
399 24
115 106
309 38
424 230
396 107
239 42
290 72
228 67
466 188
209 16
193 45
271 70
282 113
387 41
166 149
570 504
274 185
511 425
508 368
581 465
576 479
422 353
553 207
467 197
162 32
433 321
520 494
352 159
