621 67 164
242 346
420 601
4 422
235 515
106 409
89 197
305 516
91 575
68 325
80 432
406 611
117 228
304 316
453 505
434 479
310 493
430 602
416 577
316 578
514 536
27 73
156 534
237 356
63 305
200 298
187 269
507 538
72 274
207 248
261 506
98 559
2 562
132 278
64 453
238 395
214 609
122 140
280 524
204 205
75 283
149 559
241 512
69 288
156 256
18 383
52 102
212 395
319 491
73 374
226 363
38 284
239 291
152 303
11 126
281 578
161 383
398 491
55 225
48 122
344 600
312 476
92 575
114 201
279 343
94 549
83 331
70 359
498 448
262 51
433 277
266 194
381 2
572 229
49 8
259 90
603 482
584 56
61 55
380 131
361 94
567 488
560 7
424 168
616 407
404 397
373 62
67 59
468 434
589 105
570 166
403 39
384 205
169 43
389 113
614 254
232 137
439 414
407 147
340 98
320 92
577 55
469 392
59 57
285 13
598 503
196 11
546 56
405 203
295 187
548 47
539 349
290 231
527 490
530 473
287 241
576 466
499 491
413 71
335 245
258 231
299 38
610 152
273 125
558 445
553 317
466 392
456 397
300 195
480 419
375 43
533 255
448 293
186 51
41 38
435 274
234 161
195 32
486 306
202 172
484 321
608 535
141 73
248 197
153 95
541 208
462 130
371 126
531 253
272 24
352 121
338 317
526 473
479 50
593 13
354 161
423 211
166 150
611 412
292 248
211 37
379 237
227 80
339 131
347 26
378 355
360 41
463 363
332 94
612 475
597 474
351 107
274 35
517 166
592 74
535 262
525 16
181 135
167 148
602 28
208 122
454 451
489 49
189 82
260 126
346 55
282 60
138 116
144 8
620 247
326 9
446 123
363 30
579 10
289 165
591 461
581 270
515 435
231 125
306 219
284 31
464 147
337 100
364 240
445 310
556 316
543 330
476 22
552 114
604 312
355 144
588 8
510 175
383 184
307 14
488 452
568 229
571 494
594 477
487 384
342 84
425 338
269 142
595 291
427 295
294 141
465 337
550 418
528 484
321 133
450 153
497 276
