722 340 263
291 629
477 530
173 617
191 274
106 660
170 267
167 217
457 538
237 288
100 495
15 600
84 235
412 417
222 694
272 570
175 432
172 434
204 546
146 463
98 122
261 605
45 413
133 144
15 673
228 394
142 669
84 426
391 475
126 213
45 430
195 218
80 224
205 316
237 672
592 700
23 649
301 522
86 489
53 181
80 560
6 306
209 233
339 363
280 682
145 600
82 283
441 451
25 279
6 41
175 365
416 639
269 283
178 356
72 411
218 465
127 398
41 467
208 283
556 661
91 469
353 678
250 648
144 428
163 679
173 623
168 647
74 216
95 280
149 424
17 481
180 488
454 628
6 404
314 375
345 687
350 386
53 303
428 684
33 440
328 555
453 600
439 587
281 666
60 377
135 216
163 441
161 248
334 612
56 666
521 701
279 576
166 235
18 533
114 719
450 672
145 696
423 689
472 665
243 634
505 651
437 516
141 601
240 555
206 717
51 662
409 648
636 706
206 604
105 575
201 466
24 143
430 541
68 147
17 381
623 645
578 603
372 655
96 150
56 174
188 417
223 545
348 709
332 383
58 665
103 263
275 512
24 679
16 298
470 700
473 535
601 604
523 693
521 655
366 424
1 281
547 657
177 328
160 268
411 455
323 584
92 258
5 587
297 427
25 60
111 344
101 631
518 708
77 181
279 280
145 300
59 420
29 630
490 664
261 285
144 664
45 705
99 117
452 484
411 427
454 714
66 325
419 699
107 155
1 527
136 320
63 505
52 241
150 543
199 204
177 676
370 579
490 652
259 681
60 505
248 308
186 441
272 422
365 689
26 336
439 703
536 565
37 592
8 479
10 640
110 720
184 610
87 450
249 570
288 442
18 717
72 652
576 620
527 670
638 687
343 352
393 671
321 409
60 106
194 577
117 483
263 427
617 709
105 110
20 331
319 650
179 249
124 125
50 456
308 380
168 718
319 340
2 532
484 606
101 676
544 599
95 306
400 512
175 679
22 447
465 688
219 435
44 482
155 451
115 356
441 682
233 360
198 460
57 577
413 633
248 265
12 537
153 371
351 466
587 702
207 248
165 258
174 339
69 344
389 439
285 395
63 296
37 214
186 419
209 582
669 685
6 200
25 475
253 645
44 694
345 652
465 708
192 341
347 657
268 660
294 719
95 189
289 580
327 621
493 531
372 396
571 656
180 241
312 590
389 565
55 179
135 379
249 322
290 626
81 232
124 680
113 595
461 482
50 415
196 476
242 661
122 381
364 684
256 362
268 622
32 377
218 486
537 627
222 550
307 431
96 594
456 495
276 416
336 596
327 529
445 468
145 246
373 622
383 494
653 718
234 541
62 148
187 203
132 142
236 560
321 346
40 682
36 634
529 664
542 714
508 584
147 469
274 488
90 330
85 526
335 713
145 502
183 295
53 708
107 630
120 715
298 695
100 352
67 315
47 290
103 159
367 696
172 615
61 458
614 676
274 548
640 653
580 584
377 573
341 672
156 630
76 234
208 359
428 721
38 256
215 651
230 573
310 355
5 435
179 267
241 331
703 612
660 441
632 502
526 411
475 454
462 5
278 202
344 331
438 426
676 69
401 138
220 61
712 304
652 455
663 168
483 77
267 126
443 356
359 72
607 385
584 464
397 315
479 437
309 109
702 95
251 206
159 75
514 213
618 181
516 20
664 382
358 222
616 105
673 275
531 128
440 109
635 385
648 513
694 290
659 365
293 121
266 115
641 635
717 657
363 304
586 57
709 458
449 92
630 244
306 163
549 75
654 135
137 127
643 360
672 456
604 505
399 180
671 44
548 237
680 164
624 360
684 147
524 219
689 126
538 510
686 228
688 405
282 45
720 419
286 103
534 413
460 242
506 101
598 192
600 76
559 242
337 261
682 3
202 63
677 10
468 347
679 503
698 654
713 509
692 611
711 436
715 318
666 107
123 19
582 64
210 67
112 59
572 262
485 345
667 54
691 32
566 233
639 147
710 424
700 183
539 320
622 1
426 378
386 32
320 99
644 27
557 350
407 120
608 301
631 386
459 163
696 633
541 386
546 109
495 481
273 100
705 454
520 328
316 193
597 358
634 426
721 198
545 38
625 186
480 199
455 14
225 11
451 181
511 89
499 196
471 254
224 219
325 143
646 127
530 130
378 248
326 257
656 102
151 51
670 660
540 299
645 95
658 208
464 212
695 173
573 278
563 191
317 91
283 187
704 302
519 295
97 66
714 388
311 47
54 4
532 391
551 154
429 104
533 206
226 8
394 321
346 249
415 222
492 31
444 21
371 37
581 143
603 580
392 108
214 75
579 395
558 52
403 395
615 408
296 49
497 17
513 182
655 99
555 513
590 458
588 116
433 83
512 496
488 174
469 300
330 26
619 37
612 352
609 314
628 14
501 365
379 205
657 462
593 6
420 204
176 21
681 451
507 357
157 149
575 423
627 519
270 214
629 342
500 174
458 273
396 258
642 301
647 411
434 94
553 128
463 457
388 29
417 217
229 190
605 453
528 211
246 50
138 89
384 57
405 366
716 314
300 297
402 59
382 331
661 165
552 76
216 22
693 504
340 68
562 512
356 316
564 529
719 17
129 56
718 703
491 27
678 488
181 126
232 141
262 109
621 360
342 78
189 157
668 127
649 118
707 700
589 492
610 92
550 23
418 355
247 6
380 35
569 96
690 141
503 99
385 220
329 46
381 262
517 256
568 81
404 322
217 193
324 83
