308 46 76
119 179
218 226
71 131
89 143
99 149
109 189
52 240
75 131
219 272
52 192
12 100
10 92
48 71
200 211
157 252
99 266
48 254
52 202
77 161
19 174
84 151
62 86
147 172
162 229
130 213
113 220
144 225
128 230
197 301
189 307
130 169
52 71
33 248
15 256
14 248
205 219
144 252
7 244
93 158
247 264
85 187
45 199
240 266
5 88
15 29
259 290
163 161
211 57
278 99
88 18
234 71
127 31
249 120
290 20
242 49
288 156
175 172
250 117
60 51
165 88
236 71
287 191
181 94
23 1
255 23
289 176
117 60
96 48
82 34
140 103
277 4
101 6
195 29
254 244
86 57
233 201
223 85
284 243
245 17
283 198
192 82
273 56
268 14
225 6
213 152
214 145
148 55
276 92
194 64
182 0
50 40
164 154
154 105
156 121
239 142
281 279
107 57
274 257
170 129
291 253
158 88
266 206
180 90
303 188
264 180
92 65
111 37
306 66
179 20
292 281
121 11
263 50
168 17
275 163
196 175
307 212
172 163
209 113
204 60
118 75
295 90
262 227
