139 37 67
51 84
62 80
125 131
8 57
98 118
39 134
89 132
31 128
41 125
17 81
111 115
3 111
29 64
87 114
91 130
113 120
101 114
49 137
37 133
25 40
109 117
8 126
29 94
107 137
4 16
90 125
25 116
8 37
91 94
62 129
10 51
66 105
103 111
48 124
20 94
27 28
24 60
110 72
134 76
136 122
52 46
36 34
63 32
137 97
124 70
104 9
33 22
130 100
79 44
77 72
75 12
122 23
128 69
95 28
96 54
131 123
73 59
85 16
123 20
112 32
38 6
71 56
60 37
50 33
105 79
40 10
53 50
97 51
88 23
80 15
93 10
119 26
64 7
129 66
74 46
99 35
32 6
68 9
120 26
76 22
45 24
100 73
108 39
82 54
106 27
61 51
133 116
57 40
78 64
28 0
118 62
92 3
127 57
117 92
47 43
69 34
26 7
19 16
126 82
30 5
138 116
84 47
59 10
70 63
