967 207 187
184 949
87 856
76 721
329 954
493 821
326 445
482 820
65 441
82 415
172 551
25 722
123 223
173 915
473 775
200 568
641 672
406 944
759 771
652 957
19 688
300 861
367 909
540 658
276 557
271 387
69 494
524 551
83 585
91 447
738 816
68 616
16 472
716 915
448 869
465 635
499 801
321 848
825 953
219 334
272 572
231 455
316 652
240 769
31 567
151 685
354 626
3 621
271 684
323 744
566 758
164 961
72 386
118 949
294 729
361 408
106 793
132 228
804 887
596 952
697 883
688 744
31 98
337 790
35 757
200 258
62 729
297 340
179 701
58 519
135 460
223 865
311 877
94 548
339 687
73 492
97 810
533 929
117 704
639 685
595 847
420 817
600 767
105 304
128 353
673 674
686 699
374 481
275 380
505 580
639 652
739 771
320 774
23 235
509 552
264 407
52 485
13 314
40 838
23 964
234 860
293 539
205 347
403 727
646 660
123 895
38 733
435 739
331 700
282 842
179 767
292 679
491 847
797 929
352 504
323 770
113 184
641 889
220 364
214 819
293 816
3 946
603 732
449 503
234 726
614 947
555 597
84 180
69 99
101 951
89 854
249 685
439 862
269 286
751 892
523 652
179 368
169 560
111 821
45 152
55 565
119 658
390 939
490 824
444 696
382 833
200 306
37 682
116 701
240 905
161 660
204 241
596 631
467 501
596 937
320 727
366 625
203 455
260 807
198 548
28 100
412 843
171 395
88 890
188 671
248 904
378 687
66 350
768 811
337 838
43 703
257 324
262 357
470 791
32 614
301 792
330 796
319 855
617 831
247 894
259 444
250 326
91 116
734 838
219 611
613 794
245 708
248 461
83 920
430 914
595 658
68 730
209 760
48 702
326 607
144 400
164 895
472 548
41 925
449 830
2 520
738 754
834 965
172 374
231 338
768 826
112 147
168 176
908 140
835 746
887 277
837 780
922 52
308 14
554 390
623 140
956 412
662 160
965 699
877 740
381 173
477 36
741 460
683 489
824 693
690 627
143 39
466 245
422 165
801 225
471 122
954 831
479 403
228 218
510 487
462 243
475 71
924 81
889 116
642 346
517 415
939 684
622 106
830 144
851 83
570 186
706 150
779 738
334 285
918 458
157 134
749 74
619 506
457 98
699 417
409 32
286 280
772 206
761 132
948 592
719 308
927 321
910 557
904 53
454 18
616 231
445 222
777 497
789 342
582 536
180 147
941 889
634 138
90 23
647 60
75 70
945 133
896 318
822 291
410 333
873 559
802 456
615 320
453 283
456 118
821 526
791 0
325 20
133 111
569 20
848 66
244 20
357 230
558 300
867 111
414 343
665 603
946 891
808 57
795 568
722 534
347 310
303 51
628 120
344 285
857 31
678 335
351 159
243 158
580 21
883 818
296 180
847 258
194 97
525 284
757 270
864 310
630 499
943 108
692 282
799 275
651 272
853 392
783 207
702 213
711 250
915 256
756 444
861 855
747 368
800 327
618 180
610 400
289 167
547 318
611 78
765 519
944 299
396 243
767 342
650 251
930 852
755 298
938 108
912 252
365 183
676 415
423 240
921 345
483 159
550 405
233 215
714 69
784 85
701 167
627 122
377 99
817 66
671 207
823 656
760 245
850 111
605 408
872 186
764 70
886 234
654 44
794 671
752 629
854 612
384 135
564 326
195 31
428 108
455 257
235 20
315 78
796 22
842 478
913 537
417 143
53 22
713 395
575 527
633 452
815 378
476 302
318 158
656 568
899 690
966 694
258 193
438 201
926 578
805 272
