768 342 97
478 738
125 166
117 665
377 552
184 467
148 428
60 436
149 409
530 666
73 197
274 297
65 464
465 563
139 763
318 622
517 761
369 638
166 563
174 333
372 496
465 624
77 290
313 412
174 696
56 522
507 749
125 357
18 207
123 572
450 605
107 342
145 730
328 402
167 635
246 274
138 452
470 647
617 723
175 664
233 424
284 592
289 715
310 460
99 143
37 131
57 691
149 550
54 428
166 392
582 743
241 758
5 652
239 673
233 238
125 632
431 563
323 405
199 643
421 423
284 342
401 504
42 758
405 437
697 733
67 92
347 462
241 597
43 560
581 582
101 521
15 385
275 626
55 513
329 745
184 693
109 549
540 749
91 399
524 530
71 623
240 490
388 708
539 700
581 664
251 512
258 308
348 364
29 144
127 187
198 269
633 671
358 540
287 696
404 484
305 437
415 722
309 346
305 391
373 723
666 685
328 331
463 651
156 689
115 533
492 675
637 737
268 496
682 712
501 688
415 607
294 558
9 752
154 469
45 125
10 577
85 116
68 446
323 457
551 680
323 517
299 699
4 255
165 548
49 97
250 551
103 323
12 523
204 431
168 643
62 528
175 479
25 377
28 219
132 760
151 615
300 750
593 672
245 509
530 541
135 138
240 268
327 355
527 718
249 562
139 486
339 386
196 510
2 722
249 298
342 388
113 537
96 466
394 725
222 637
250 483
613 700
488 766
189 372
129 472
181 641
277 476
428 705
297 366
214 487
3 52
454 656
319 484
478 735
111 368
10 100
262 639
67 430
333 577
220 658
43 271
514 715
275 587
194 388
567 645
479 672
609 640
174 626
264 368
180 312
74 217
626 745
248 477
327 617
4 162
105 552
348 469
290 765
530 595
78 580
129 354
69 259
572 663
631 752
102 212
456 551
591 650
111 227
342 551
113 286
76 144
9 448
357 646
164 442
341 609
557 594
197 501
285 556
511 699
211 394
110 427
374 639
601 602
290 352
398 673
275 427
77 405
96 487
70 213
56 128
137 634
536 551
248 251
65 113
7 322
77 482
47 406
518 554
129 734
200 340
696 738
276 600
56 302
18 42
29 82
409 710
17 745
259 508
194 633
137 554
71 231
298 487
156 338
2 460
66 332
131 461
33 333
109 350
2 280
156 314
276 644
567 587
129 203
139 616
205 633
429 463
375 676
392 424
126 710
444 580
323 684
249 341
246 356
216 562
306 377
128 454
21 306
113 223
328 354
195 645
2 190
24 549
70 121
207 495
283 348
380 634
581 751
146 180
347 693
106 239
421 551
98 346
170 384
157 605
571 647
373 698
285 320
568 749
340 373
130 358
148 419
342 650
52 471
177 695
35 539
252 491
404 408
542 585
4 238
460 739
660 689
486 754
465 761
304 566
246 500
41 183
205 614
45 705
131 162
278 462
159 758
367 630
52 70
414 732
390 456
236 693
493 757
126 245
38 145
339 731
598 637
41 686
621 687
417 430
439 636
65 169
126 327
192 451
199 672
346 455
468 541
161 350
612 743
165 650
36 433
708 746
408 665
36 728
740 191
736 597
410 73
118 51
559 451
671 5
558 97
726 547
707 123
513 212
729 572
234 205
272 110
471 379
583 553
763 101
395 84
569 440
480 226
545 157
674 412
654 320
573 552
403 3
677 367
86 57
737 101
535 53
714 75
473 114
655 366
368 89
553 338
754 353
322 61
440 367
652 388
359 207
565 40
679 336
604 257
713 249
766 479
683 250
190 0
554 465
152 123
224 122
618 126
620 256
681 498
759 60
413 91
619 49
694 348
397 139
664 4
104 89
670 11
108 28
587 116
556 393
685 157
59 32
263 125
424 218
595 424
594 157
552 178
378 263
735 506
560 433
640 266
187 41
523 214
702 592
656 179
432 251
462 282
362 169
639 392
599 131
738 569
379 79
389 62
672 287
474 348
767 682
701 392
611 151
532 93
281 147
295 201
758 568
508 412
641 280
667 443
