694 162 36
339 367
257 497
156 272
459 496
390 684
273 315
24 43
386 482
37 301
199 522
120 635
342 420
370 587
141 668
146 484
189 337
107 145
239 249
209 469
420 492
227 442
567 577
411 582
127 469
60 345
239 272
119 368
28 451
96 572
120 434
71 87
100 523
168 217
80 393
316 673
439 572
127 646
192 444
6 300
128 510
193 428
268 498
65 444
22 597
96 470
385 482
41 651
40 555
166 432
551 632
351 587
118 490
341 406
17 151
69 240
250 565
295 531
208 455
49 426
34 472
59 303
326 386
206 298
316 556
360 479
551 643
107 600
338 589
370 527
70 361
352 689
172 265
274 351
548 556
122 673
317 569
247 614
22 307
349 542
258 628
145 223
398 405
237 247
402 595
528 612
241 670
537 562
318 617
361 562
258 680
203 539
241 610
467 684
313 369
218 522
336 555
475 508
168 570
438 625
233 586
166 504
114 226
537 599
107 343
461 628
399 437
515 576
114 257
66 500
312 379
287 488
307 323
181 349
146 674
230 387
35 446
317 391
294 603
67 351
125 598
82 628
76 485
34 212
19 31
525 663
154 690
345 693
301 669
252 623
374 474
144 560
8 194
493 569
309 474
66 687
46 215
246 272
324 375
577 653
277 586
21 315
479 493
96 692
56 579
414 455
228 634
289 569
224 460
438 501
643 666
226 555
43 288
360 595
109 429
410 469
126 431
207 498
156 633
470 506
92 617
241 425
224 509
465 402
591 384
633 423
389 108
678 161
343 254
648 241
580 451
396 201
499 329
563 323
483 45
553 169
687 422
529 199
480 35
530 401
658 646
636 343
210 31
387 221
505 312
663 570
486 482
635 609
280 168
476 267
541 331
518 109
474 367
513 499
640 553
619 89
305 180
661 89
356 102
