677528 523103 1000
1151 228518
1520 303047
1554 333228
2065 165728
3363 821006
3658 261354
4039 644012
4872 102477
6016 104482
6216 362742
6463 85130
6760 808979
7724 496900
9534 94751
9666 499435
9913 743041
11728 714198
12619 719158
12667 825701
12696 594118
12766 100873
15172 225992
17263 932202
17362 362441
19813 352249
21351 206787
22550 662772
23653 465566
25394 358773
25503 926148
27683 763093
28072 314713
28547 537663
28567 617748
29453 382944
31512 961586
31592 451899
32113 295468
32470 901373
33648 213513
35332 354761
37894 896362
37912 608139
37990 916042
38933 478502
41478 281210
41804 117411
42607 467608
43065 601314
44036 49650
44431 152959
44472 120281
44700 262115
44925 588233
45054 399032
46657 652556
47182 479756
48177 376046
48336 503942
48539 459190
50815 920658
51583 555602
51785 625087
52081 22288
53346 708110
53949 525010
54959 672732
55162 533028
56193 359822
58821 603282
59919 568947
60618 141308
60855 362410
61125 825077
62932 124629
62945 21846
63391 640461
64248 677433
65427 941151
65533 127636
66068 376251
66079 602064
66410 118128
66795 983437
68084 282726
69219 38905
69556 250919
70574 862974
70937 638194
71382 218727
71460 705656
72003 368687
72038 815671
72836 551392
73005 576795
73028 253881
73658 966017
73850 812134
74100 155130
74400 223902
75231 119075
75479 983923
76444 779213
77483 526019
77908 851672
79053 924156
79208 856248
79259 756600
80212 785754
80316 690291
80541 275169
80578 508326
81338 857294
81579 684145
82121 453402
82290 665447
82452 576585
83630 529567
84123 465046
85008 723023
85803 705470
86087 20582
86618 437397
87300 185306
88219 548035
88220 720860
90218 962135
91006 815687
91144 991551
91297 839949
91317 119508
91364 69504
92939 918093
93977 389933
95305 464029
95925 574405
96283 990419
96915 582157
97075 692241
97424 669285
97766 265919
98198 14614
98524 583356
98974 633011
99682 920414
100085 217161
100325 546208
101771 602801
102468 718199
102696 123863
104432 642775
104763 245310
104927 204047
107909 187527
110247 860149
112288 863651
112518 590459
112589 373748
112750 66841
112977 321034
113110 169755
113890 262655
113972 426648
114333 879217
114367 599677
115243 99555
115690 773860
116322 385106
117528 36985
117786 889790
118006 71448
118143 555143
118241 723632
118748 616933
120600 842041
120949 210169
122790 574037
123153 248893
124576 169383
125799 631646
126097 969516
126166 516902
126211 467611
126293 578339
127043 672465
127611 128780
127695 849321
129450 96110
129980 308760
130425 623108
130824 499985
131141 986492
131686 92707
132399 477779
133930 374005
134037 491287
134162 819679
135671 206631
135881 654043
136421 990876
139218 523707
140045 701254
140392 232202
140711 948434
141286 496743
141465 378937
142027 903368
142306 31086
143344 897555
143921 357796
144163 351928
144510 540263
145066 796209
145101 493893
146312 826841
148192 863085
148428 861016
148678 405922
148808 138212
149526 706012
149685 996268
150337 980378
150393 449660
150574 875082
150917 573388
151171 669920
152993 345942
153178 749121
153234 402685
153466 393980
154209 814022
157629 431968
158495 108358
158969 167988
159928 952425
159992 781586
160424 212436
161142 903405
161781 350287
161818 994076
162920 621290
163304 168054
164043 503746
164783 467364
165044 39590
165137 157333
165662 322371
166133 106151
167052 395282
167092 834049
167123 892726
168976 933713
169115 830789
169714 564551
169876 163967
170456 419700
170656 810830
171512 999519
172263 858578
172384 41768
173808 855703
174590 774709
174615 598066
174853 638992
175188 413817
175360 349147
175503 87470
175827 782203
175886 389258
175898 607701
176025 933620
176432 222895
176638 767449
176737 499295
177400 915303
177731 626470
177846 615236
177852 214150
178008 765913
178175 696343
179797 185777
179927 83926
182528 586394
183069 508501
183524 920012
183569 231170
184497 163470
185342 657117
185426 836610
188872 375092
188910 654631
190231 679997
190429 661183
190587 769207
191308 892813
191527 279262
192446 388848
192805 705870
193598 894182
193798 405037
194240 772795
194697 526304
195489 607599
195824 954268
196022 600819
196079 502544
197330 641028
198074 629972
199063 16936
200128 979326
200283 167030
200312 602695
200592 801341
200732 640924
200744 736657
201194 265499
202166 389479
202453 891682
202640 54863
203559 574212
203992 715633
204215 409031
206341 751097
206603 21706
207005 815396
207372 263231
207402 913801
207441 940632
207933 610762
208280 635764
211862 463357
212361 315529
215229 413859
216262 730697
216373 985825
216531 682711
217470 985300
217614 572597
217997 810197
220398 965738
220803 332110
221099 620252
221748 325168
222026 511454
222088 620713
223879 349275
223939 714154
224256 953708
224319 632657
227090 401404
227406 114363
228189 602737
228347 845582
231511 416619
232106 447159
232259 180375
233968 579870
234006 36471
235125 947768
235319 641404
235392 519857
236196 82731
237428 171817
238238 454145
239082 242948
239636 624062
240116 771857
240814 244720
241360 956825
242194 492987
242765 957260
243432 934618
243488 674523
243749 339888
244754 472265
245118 110232
246509 227091
246904 571077
247647 706886
248028 52005
248336 690578
248380 548151
249704 42501
250169 530162
250364 741887
251225 782671
252162 991716
252596 946272
253320 150709
253460 633239
253652 230431
254636 411457
254953 364024
255134 364922
257369 744636
257667 12955
257792 155309
258938 135482
259386 902930
259696 894531
260153 342078
260617 177359
260891 85028
261873 751327
262072 562055
262442 535166
263300 398114
264569 671943
264611 876001
266154 461825
267398 395296
268912 82120
269352 431145
269981 611809
270560 441978
270596 828590
270854 233921
270899 659301
270990 723368
271651 223149
272349 855006
273038 676469
273504 177324
273935 562012
274123 217284
274472 31602
274766 648475
276618 266790
277044 620692
278379 542515
278643 759904
279637 367900
280671 271577
281589 552865
282523 190957
282712 506424
283521 613100
284313 234403
284466 466899
286485 740128
287931 601801
288453 639544
290038 753347
290742 23421
291141 855311
291496 251250
291948 663586
291985 228783
293239 890555
294556 986499
294795 846267
295511 692361
295835 361671
296718 585409
297320 103203
297574 329153
297885 79109
298152 588447
299679 620488
300457 481403
300741 105353
302377 298155
302715 387370
303709 718870
304023 806801
306396 701292
307234 743419
307754 232627
308078 116136
308288 325104
308771 168369
308938 999384
309542 372185
310553 331360
312926 301925
315306 670027
315454 187163
315812 598666
316212 253949
318607 200914
319279 441529
320120 404823
320789 498631
321874 705491
322225 253407
322322 902356
322775 408938
322899 497044
324425 890635
324943 434868
325357 107640
327618 938380
328498 403582
328751 889568
329211 133278
332514 353545
333375 741072
334245 532389
334621 967086
335240 558076
335519 665104
335549 742848
335921 409609
336352 479550
337384 428532
337814 166219
338478 315155
339956 691809
340360 412835
340735 474657
341034 519608
341212 438357
343248 202410
343904 783376
345378 701163
345785 795394
345807 307821
346165 740073
346198 701234
346233 125370
346382 265717
348028 191262
348484 955464
349128 655211
349141 409324
349210 610229
349563 69761
352106 863968
354415 543536
354547 330837
354622 648834
355277 405591
355913 342852
356332 112393
356421 190311
358669 257726
359301 400327
360191 355577
360503 481379
360602 493250
361171 951654
363248 254940
363341 143735
364141 196039
364157 893929
365203 911993
366163 55126
366455 464885
366457 567610
366641 750794
366743 614954
367212 833238
367285 709468
367477 255094
368155 209755
368907 889495
369945 918614
372596 17158
372624 964167
372689 681130
375766 856600
377342 647043
377757 532937
378342 153944
378539 414242
379509 634057
379565 14302
380014 464369
380352 491704
381461 540670
381612 556235
382239 803758
383345 324973
384027 490154
384204 186923
385678 472480
386195 220385
386665 676396
386979 834866
387629 216943
387640 283934
389136 666040
389689 692167
391290 868273
391472 607359
391563 527001
391704 615366
394844 973777
395448 873816
396856 104344
396873 47008
397805 650131
397927 346959
398080 400821
398362 502966
398721 447256
399177 262339
399469 63518
401156 879678
401204 588359
402721 991562
403110 804127
403714 626436
406235 6628
406355 971703
406893 532854
407056 954194
409956 723057
410284 668857
411696 518937
411974 859953
412002 530462
412438 190338
415200 277113
415364 713515
415670 125678
415756 740610
416220 439645
416314 684327
417375 972690
417669 375413
418631 695437
418705 1368
418872 139741
419140 331824
420780 311054
420952 892445
421334 565576
421648 969304
422471 201480
423231 48292
427170 17539
427559 617582
428434 511614
429193 290337
429307 226856
429555 207783
430525 700301
430662 781259
430877 430204
431533 386318
432061 284425
432385 141516
433320 930778
434064 471094
434323 414710
437446 561995
437547 578125
437652 103003
437892 830981
438000 643763
438258 787557
439104 634763
440233 407754
440467 794792
440853 497671
441216 159921
442387 844054
442459 9604
442823 705933
442837 69956
443374 775614
444148 739470
444399 975996
445497 490472
445765 217660
445805 948696
446324 678981
446327 244624
446818 896476
446964 810270
447469 352839
448310 219558
449560 812764
450044 538343
450428 533773
452265 563854
453362 772212
454447 341074
454520 707905
455780 16235
455822 139577
455927 791125
456965 483518
457000 128188
457094 924935
458067 924510
458968 303702
459197 969687
459861 221760
460528 215558
460589 742698
460894 778777
461818 287931
462853 867472
463071 637264
463232 53720
464367 780127
464622 663114
465767 878346
465812 157357
465859 407627
467668 557742
467795 13456
468495 774775
468737 757215
468751 851119
469456 850882
469724 577121
469905 955501
471621 967052
472088 770196
472919 537366
473406 930562
474239 730773
474579 708966
475183 599049
475256 770241
475554 309777
475689 500279
475996 742864
478027 671857
478211 447932
478396 184082
478632 590557
479776 995506
480164 219225
480213 988831
482035 912632
483853 290319
484515 552177
485195 346504
486043 157205
486080 482005
486475 614811
487492 39574
488309 208469
488617 881923
488971 855849
489494 958014
490266 374493
491963 267083
492551 630758
492749 606428
493242 547630
493826 808529
494371 793319
494943 697701
495197 364724
495829 511412
497373 258800
497801 729119
500834 495722
502203 503009
502485 405787
503708 557321
503791 95634
504004 342884
505423 983457
505905 953130
506093 291024
507224 927418
508141 249911
508379 473860
509114 520830
509547 406763
510178 969499
510347 932782
510752 651543
511355 393882
512450 766620
512609 891478
512690 847520
516074 768959
516117 647319
516385 626522
516791 507015
517641 430138
518699 125898
519639 572495
519710 274477
520211 241257
520519 904500
520840 696185
521259 984999
521901 307596
522353 6686
522384 942077
522719 152041
522885 933028
523881 270188
524212 131666
524423 604294
524926 404403
525258 984371
525436 487281
525694 437524
525976 284660
526101 215764
526407 992511
527185 15737
529045 919303
530094 643642
530350 747434
530633 81897
530718 542797
531222 796253
531309 912170
532231 249804
532819 443555
533767 682721
534610 832375
535696 825160
537159 435707
538584 608359
538905 857645
539543 523072
540424 537730
541105 845096
541594 872215
542391 290948
543467 390597
543902 269561
544255 948140
544292 226933
546254 272100
547511 389668
548230 900597
548823 715494
550463 663930
551635 209226
551676 902148
552297 708345
553029 281438
553205 976150
554254 764359
554270 47773
555105 327846
555339 154016
555693 376287
558707 410994
559857 455725
560194 687774
561452 590312
564413 879936
565874 395694
565882 345541
569313 802284
569368 523962
569707 609615
570335 606457
570576 368704
571130 319058
571221 498706
572516 300993
574299 240462
574608 351746
576378 737042
577403 838454
577610 278237
578377 580022
578451 445519
579221 549084
579890 184961
580600 771324
581072 365118
582972 842832
583088 763077
583847 168228
587559 151221
587927 934810
587954 414026
587989 227760
588160 543246
590255 687058
590989 506497
591975 822717
592546 112116
593105 689349
593563 872842
593830 512562
594363 235601
594463 191488
594650 929323
594822 634896
595528 919790
595549 376329
595753 920878
597633 924030
598278 841840
598389 643798
598906 199705
599099 750330
599993 909724
601523 79141
601879 231869
602192 217259
603709 413571
604732 309815
605159 422159
605323 529045
606374 885275
606542 627663
606645 385629
607006 307694
607629 802215
607913 705980
608505 184305
608773 16878
608817 594210
609372 588497
609754 419584
611375 884894
611411 777368
611857 139251
612290 355017
613262 624198
613593 883506
614562 352839
618297 565014
618559 960890
619298 307213
619844 454426
620272 110893
620514 69695
620695 605084
620756 859892
621590 154569
621930 598354
622485 849078
624582 806308
625731 188998
626064 766401
626206 851236
626392 825581
626797 60899
626866 974627
628520 878430
629742 92301
629894 868431
629973 796347
632002 539834
632768 747230
633332 677676
634255 1687
635699 604000
636503 728957
636607 451400
637676 124799
638097 463690
639180 166159
639353 80659
640029 93609
640354 564693
641459 250696
641643 354189
642051 800383
642575 872428
642815 286153
643055 576368
643863 888598
644083 260769
644358 143421
645363 265873
645721 652013
646117 800461
647806 883569
648240 18998
649454 307780
649517 930896
650664 660399
651558 583047
652505 829557
655285 942591
658917 709840
659300 702930
660147 192681
660194 785143
661656 367964
661721 369355
663037 191014
663109 167736
664154 243745
664807 360086
664830 81630
664886 379406
665459 139343
666980 954911
667588 726218
668723 706202
670774 27282
672058 532797
673433 655363
673630 884753
673898 897627
675891 524301
676484 766190
676999 534705
677054 18048
677114 523781
