149846 126874 361
31 479887
405 754057
1317 823065
1747 629661
1910 753718
2083 819925
2839 948315
2912 539642
4228 117801
4766 120093
4998 941241
5461 750804
5593 726275
5724 367988
6044 849678
6243 5761
6255 414933
6624 874555
6716 294350
8183 628221
8863 892997
9822 592792
9901 534034
10343 753664
10360 942513
10883 355486
10984 124780
11087 628740
11538 565645
11658 487761
11866 441953
11912 943017
11959 738379
12300 45189
12470 358533
12729 242023
12815 357058
13026 856815
13517 150639
13822 87126
14600 41992
14636 575468
14765 141617
15472 74924
16063 373096
16075 226472
16450 213948
16789 516562
16878 697269
16960 752879
17319 302903
17568 427687
18096 804214
18806 455770
18932 684587
20355 363361
21213 915713
21399 438869
21934 998974
22246 511613
22513 639388
22662 911400
22877 220939
23351 812295
23901 744965
24589 220450
25239 977229
25246 638051
26575 64393
26625 236499
26774 420333
27102 628371
27395 364457
27618 784201
27767 903136
28757 264233
28888 652538
28981 447642
29050 783388
29425 976701
29426 383771
30397 663031
30507 155376
30558 602467
30766 143836
30978 233307
31217 530131
31277 401215
31638 419845
31710 772952
31751 97647
32478 673655
33115 18869
33145 756833
33494 260929
33758 474352
33926 369499
34973 805701
35284 901622
36603 784329
36736 947518
37281 383783
37604 206423
37733 564630
37779 573161
37801 350502
38251 948619
39043 866384
39057 454123
39216 333841
39699 823853
39791 440732
40022 963303
40625 587508
41165 649614
41258 319016
41547 643195
41556 26037
42468 729243
42520 891667
42608 712557
43201 250056
43281 185683
43344 822150
43520 324376
43594 269680
44005 678157
44053 950063
44180 672117
44509 275539
45647 928841
46039 358911
46303 432521
47059 479791
47361 561354
48198 981810
48511 530748
48544 80575
48583 309985
49062 979739
49153 183240
50249 135505
50918 659243
50953 566527
51276 570412
51525 252506
52089 583322
52360 728839
52939 912699
53000 195198
54116 775197
54408 92649
54962 908286
55246 284609
55942 407792
56152 144306
56389 721333
56795 614640
56827 981582
56850 528376
57177 679530
58442 564834
59385 165968
59427 381156
59577 348834
60319 487780
61163 172624
61382 238412
61682 355842
61731 83570
62168 204351
62378 425442
63393 563154
64330 628842
64515 376177
64732 845847
65156 608495
65212 478737
65710 484055
65792 951462
65969 993238
66152 731965
66171 147253
66680 30057
66746 95540
67243 525576
68236 730629
68588 496314
68937 166011
70707 916377
70903 200183
71950 365525
72273 66448
72835 177578
72954 165998
73067 3823
73215 127098
73264 99209
73649 471487
73835 803850
73989 756837
74425 490056
75269 429121
75947 435732
75952 5125
77795 212699
77899 318806
78969 73244
79259 31987
79563 500289
79870 925405
79986 165559
80275 944577
81294 799237
81685 960311
82019 312453
82040 566109
82087 952124
82228 385030
82305 464441
82675 998237
82958 151823
83372 557174
83955 312629
84380 117250
85137 769615
86447 726666
87527 326863
87534 471219
88130 314002
89465 983832
89541 129192
90081 612474
90396 867962
90458 455062
91030 759300
91963 75243
92111 389804
92576 151154
92614 945864
93069 365109
93297 915892
93927 356004
94919 89973
95279 52793
95560 727258
95964 880453
96596 402256
96619 914496
97047 828472
97223 595272
97937 853622
98240 605928
98611 400754
99323 58952
99574 10539
100426 208124
100431 854097
100746 226532
100869 273595
101098 667759
101164 233505
101503 202488
101591 551373
101592 527403
101881 337571
102110 563509
103074 287611
103532 832574
103746 144033
103770 582516
105235 661615
107057 471909
107743 467203
107768 135509
108036 927060
109304 68058
109653 582644
110327 86709
110461 839703
110476 799696
110704 718687
111440 719756
111767 371137
111837 103784
113357 919783
113881 967200
114224 549595
114424 830845
114467 760792
114823 129315
115511 51127
115829 68105
116219 760400
116575 272593
116585 208452
116603 548704
117076 308393
117530 531593
117635 479373
118370 654736
118377 818237
118594 688212
119181 735021
120792 865978
121223 874576
121551 494418
121720 13800
121991 32606
122765 876629
124035 89913
124191 212756
124399 773897
124404 766354
126212 770359
126608 896848
127768 307987
129179 178812
130237 851398
130794 957830
130843 834688
131088 118106
131187 965188
131516 566866
131518 134327
133736 255128
134239 873258
134571 303378
134889 151296
135814 621518
136503 44045
136889 523946
137319 775671
137560 656796
137801 167958
138065 128474
138200 132441
138868 539003
140009 666912
140410 199274
140461 134872
140500 817999
140602 259617
140782 600720
140871 787090
141132 796366
141159 693351
141836 207504
142744 640160
143050 158932
143152 620351
143288 327101
143865 673288
143991 188393
144500 549203
146053 978608
147046 504369
147431 20552
147618 61706
149454 792445
149711 832709
