909005 200388 888
1265 718750
3634 316836
3865 196180
6881 210559
7469 116978
7935 81649
8932 984154
9560 223360
9631 95560
9994 95088
10334 917913
10980 860895
13710 341790
13879 880685
13971 174580
14006 117966
15751 408116
16784 922728
17479 670720
17513 186997
19328 167418
19551 619502
24461 528189
26205 252666
26725 270186
27327 111224
28055 216601
28281 549245
29279 423232
30864 848423
31009 408356
33840 888704
34324 395749
34591 692616
37285 534517
39287 468193
39891 847330
42299 22046
43874 734171
44111 932301
45871 148768
48212 120314
48236 514145
48564 211492
49287 510006
56654 13748
57441 67314
59411 905733
61638 149499
62208 833793
62564 707077
63583 577349
64124 383788
65609 655289
65691 260722
66209 274950
68680 340892
70320 238473
72126 570631
72233 401753
73551 689875
74746 335779
75584 385497
76499 393478
76857 340101
80729 914164
81253 536757
83434 553985
84132 244875
86104 224336
86769 788734
89233 416804
90005 340896
90120 65479
91634 480337
91741 858606
93690 688013
94432 666579
94735 748997
96134 762058
98577 695719
99643 92488
101285 168673
108415 865088
109502 747395
110057 961792
110322 664432
111266 142841
112741 594391
115706 598864
115868 117638
116301 739751
116531 734848
117858 877114
118189 694553
119410 907510
120773 772884
123705 899133
124775 705298
125691 197370
127785 210386
128414 271719
128689 417935
129449 948841
129753 370406
129778 876013
130068 447720
131095 848784
131339 429307
131392 442052
132650 539859
133070 468732
133443 704648
134039 53949
134489 256851
134718 178274
136649 652578
138808 846094
139625 507275
139874 501683
140025 863758
143601 282132
145496 60289
146524 406922
147978 292590
149230 970622
150029 732455
150562 856838
151145 869281
151395 864472
153393 314668
153742 570448
154834 222154
154954 746115
155513 970233
155921 464753
155927 318060
156339 177736
156505 905367
157069 857228
157500 412801
157788 791430
160879 284917
162023 30169
162639 587857
162934 506726
163241 563139
166711 149390
167043 281539
167763 91288
168833 960717
169078 712254
169249 540191
169728 382017
169959 679030
170141 398144
170729 938069
171363 866414
171878 272199
174429 171692
174508 481601
176673 76975
178652 438666
179097 504339
179472 765107
181533 474341
182585 133074
185433 539477
186212 659591
187372 831425
188424 939124
188937 375960
191715 387154
192384 97758
193799 134926
194399 240021
194580 418179
195173 823537
196786 528469
197460 104514
199322 491227
199458 221338
199876 614168
200434 300486
201170 187250
201469 765124
202140 411268
202523 658233
202960 686288
203676 904405
203928 419212
204533 728942
206145 850144
207086 724713
208943 479899
210158 586642
211173 757591
213820 785887
214438 652119
214658 77651
215696 14444
217596 347699
217764 543945
219706 350744
219950 627784
220162 478210
220506 426852
220741 32876
220951 784782
221729 461539
222083 430192
222250 102057
222715 794072
223217 793464
223731 383921
225561 704983
226239 311613
226586 143078
226848 921941
227183 368504
228590 316272
228630 170962
228840 915066
228920 295641
229639 858806
233199 832271
235960 870517
236118 120413
236633 880448
237316 618575
239271 82718
239713 169878
239961 225497
241470 489205
241570 907786
241763 537870
242232 180189
242275 811549
242682 44450
247562 158837
247749 556051
250278 414918
252878 733196
253810 880050
253835 9978
255225 903365
255787 806309
256135 325489
257455 959232
258544 392423
261971 916517
262351 485393
262612 106307
264074 572400
264309 222538
266826 11316
267789 377743
268234 41509
269485 559477
271123 108656
272034 156765
272316 691283
272486 616070
273617 366115
274180 623111
275845 265073
276818 502864
277541 590039
279351 611062
280221 109591
280471 371592
280884 719134
281311 296279
282820 486720
282838 117257
283036 576318
283338 199492
283849 120540
283933 398123
284103 212069
284996 954127
287458 319838
290636 776040
292199 602207
295195 390443
297560 777898
298498 369636
298803 653611
299816 917619
299956 356612
300789 234736
301370 346035
302111 321536
302592 587686
302640 985219
303925 276686
309272 716005
309348 244780
310885 548702
311086 23037
311288 144302
311639 908547
312679 244684
320440 523449
321195 180888
323729 221639
324431 107513
326436 575756
326570 874619
328273 347869
329008 368703
329524 259076
331252 971758
331927 316808
332906 504926
332992 18793
334138 680675
334688 633406
335606 81172
335849 680085
336622 236512
337888 138100
338187 542918
338814 155112
339088 640913
340105 349028
342705 876759
342800 775471
342889 230095
342911 98657
343251 809872
344456 309013
345288 580162
345603 144697
346691 186990
346721 445946
348061 728563
351791 543682
352155 835570
353810 210931
354245 374068
354271 714780
356693 738277
357284 650772
357831 20082
358205 20759
358655 622673
358973 84145
360810 83217
362275 626018
362557 985106
362938 908512
363774 176251
365336 953158
366159 799974
366289 304406
366290 974341
367284 26849
367677 109290
367886 435497
368258 678283
369029 781750
369975 517206
370750 544423
372120 233803
372913 702025
373029 933009
374495 687405
375152 37979
375420 248179
375522 956253
375524 558604
375770 498297
376296 136306
377508 161021
377749 360251
378190 905725
378721 593829
378949 154462
379807 734833
380002 150418
382383 926688
385628 712291
386938 328715
387618 818517
389381 478834
389746 234036
390932 491957
391231 808844
392498 453085
392798 298346
394101 775780
394417 563077
394640 887748
395050 744975
395349 670006
396095 751270
398045 651184
398572 368718
399336 234994
401628 830254
402548 250170
403641 643252
403792 464333
403835 680983
404446 632619
407827 54192
408159 65391
408302 704161
409215 131713
409463 382044
409673 16049
409983 568652
410717 453269
411157 901536
412097 733711
412329 965452
412640 492058
414348 360590
414446 235647
415222 197557
415528 816759
418036 66405
418697 276999
419536 312981
420544 681147
420745 591830
422592 181864
423232 827562
423548 698580
424387 119474
426066 279006
429116 772455
429117 88633
429615 739657
430750 726907
430933 823747
431971 901200
432738 209618
435392 62851
436034 840074
440097 80642
441252 589101
441920 551206
443381 263957
443638 397360
443645 250456
444098 283962
444206 736643
445848 151360
446831 253503
447602 700149
449233 578942
449311 840213
449547 97655
450775 311096
450980 206424
453593 189915
456545 191700
456899 36434
457759 383735
458704 970517
459052 600117
459661 273237
461626 649725
461663 710648
461946 832711
463808 186244
465213 921022
466083 186500
466861 19656
467346 770417
469502 771041
469557 66874
470628 630674
472223 809233
472568 366213
473397 731343
473894 95142
474090 362815
474151 494637
474654 157939
474973 708945
478871 618012
478925 514935
478984 60072
479914 980489
482630 336469
483428 612996
484014 481800
484410 43622
484743 623447
484968 146337
485499 355786
486295 388647
486435 659203
486554 38903
486792 275454
490108 806428
490675 875518
491140 849423
491552 566615
492872 438548
494049 460692
495402 197226
498398 613317
499365 433780
500655 322711
502163 597686
502179 384701
502607 27878
506166 67799
506637 675139
506926 929779
507067 670799
507247 621972
507282 56097
512695 526059
513839 417046
514621 911442
517053 934734
517117 561175
517664 289956
518973 783799
519373 946727
520700 284347
521235 642156
521391 778557
522329 523938
522552 671256
524485 340609
526037 45273
526456 829928
527918 186316
530823 119177
531997 800084
532255 265713
533132 461299
534322 187549
535496 912643
535972 117656
538224 732613
538506 729329
539422 184407
540015 620154
540394 153649
542941 376440
542979 307217
543618 795246
545041 299917
545502 706009
551750 764261
551779 845773
552022 809115
552481 673461
552948 8924
555032 872891
555851 263896
556429 798071
558365 408428
558568 965348
560358 497617
561154 648910
561224 373726
562000 902222
564061 929926
565599 863465
567347 936545
568110 889659
568179 694053
569153 671883
571525 64904
574992 988286
575573 517015
576081 629571
576110 563833
577628 105069
579067 395540
579181 836668
579568 708219
579598 836941
579787 447335
580811 494806
581910 319118
582039 493195
582726 862752
586236 897654
586763 474254
588054 621841
588423 878418
589122 407125
589139 73676
589327 818878
589441 247199
595045 281698
596455 201174
596527 40228
597006 522420
597682 382806
599572 372008
600109 846501
600911 606418
601264 278528
602049 234438
605060 713007
605253 874660
605545 905583
605749 247798
605824 84144
608421 445068
610755 223961
612116 703439
612555 275274
614353 853040
614575 971660
614697 628977
615386 199064
616434 53114
617538 177229
617876 26788
618778 642806
619538 378789
621349 267870
623288 46061
624329 753402
624472 767130
624952 711717
626136 554763
627150 656144
628876 772098
629009 457590
629842 50447
629991 940492
631999 920876
632057 226665
632170 32330
633024 243044
635123 176815
636143 187391
636196 908847
636328 488880
636888 232217
637673 103616
638286 767843
638674 875389
639482 410333
639861 224972
640127 108748
640299 589033
641349 136114
642745 827903
643174 145472
643324 969685
643423 805345
644559 77253
646095 863940
646478 64608
647176 712460
647401 534015
647587 69809
647828 204517
652864 649783
653970 109174
656544 10755
657662 142959
660197 981519
661565 346865
661587 599304
664830 874918
667310 451721
667928 762765
668309 792635
669646 609443
669913 3707
670813 281189
672152 190094
675003 953681
675277 866658
676331 504054
676764 87382
676970 567627
677003 359751
678710 851183
678711 104328
678745 218092
679044 198294
679112 691926
679303 821075
679702 757564
680354 296124
681023 733982
681839 911642
681982 595949
684367 721022
686092 11948
688701 101861
689465 44435
689526 180938
690210 543480
690939 286157
695061 925568
695613 465911
695972 466666
698956 565387
699432 563218
699899 20336
700509 305050
701017 670056
702310 347354
703975 392246
710124 447223
712745 805538
713735 738900
713890 818656
714271 674224
714588 221008
714611 465977
714797 239591
717266 55516
717988 964747
719281 607001
723047 239068
724673 220122
726735 498740
726888 493678
728197 391639
729080 847975
734797 308193
735154 260744
735669 133903
735858 982724
736568 977776
736883 23626
738603 615761
739597 656455
739654 362473
742018 627174
742823 11299
744081 720257
745043 324770
745126 386844
745776 155221
747619 728161
747645 882151
749649 685713
749700 220110
752806 507448
754146 279582
758368 951628
761504 659205
761697 300903
763879 978220
766083 179997
767153 701274
768948 904126
769272 123148
773912 200615
773999 249214
778329 307476
779959 111345
780134 16603
781017 36041
781766 321190
782850 898015
785447 894691
787250 679553
787715 527223
788425 567819
789524 226796
790445 714615
790677 447711
791296 147466
791698 193631
792576 465804
792794 524913
793523 951815
795210 514027
795431 435487
796506 426603
797209 721094
797400 613833
798095 694315
798912 614565
799092 967473
800155 882420
801342 911972
802679 359889
802778 863779
803705 736373
804053 612125
804155 787520
804389 638349
807963 337761
808185 671591
809248 621900
809449 816382
810131 292081
810866 377201
811636 214157
813230 507213
813454 847932
814025 313492
814685 778368
815564 541382
815948 333519
822005 457587
823043 695231
823736 162243
823764 322911
824643 101155
825499 163707
826683 926884
827320 981509
829370 830336
830285 887598
830645 516913
831421 485566
832148 520493
832766 850440
833279 324897
834380 744023
834623 399328
835870 156124
836422 376774
837382 633527
837584 799209
838175 827381
838720 824988
841371 361576
842223 469990
843515 279571
844230 309413
844702 476393
844792 314735
846210 374561
847126 160380
848519 81240
848835 423435
848989 472758
849515 579592
851093 514848
851393 62607
853857 933392
855178 535990
857153 944468
857651 803248
857830 447554
859089 308743
860375 802411
861014 610100
861784 24590
864159 24373
865652 950795
867096 812185
867357 553222
868815 281205
869581 954349
869831 618711
869877 648835
870953 550234
873366 407084
875644 784921
878503 494069
879840 978269
880110 776923
880725 693965
882584 449423
882590 2813
882668 154318
883710 25023
883720 327039
883922 813493
886763 98278
887768 858316
888514 111636
889762 568486
889995 165508
890468 270901
890723 343112
891170 818635
891570 341342
894266 458917
894430 360806
894619 813684
899899 95513
903426 432279
904563 698735
905792 863035
