814868 214513 948
545 208808
723 864187
839 883411
1016 699610
3013 684960
4022 694877
4496 210183
4699 422032
5739 43522
6515 952607
7413 714409
8496 615580
8686 730059
11813 888863
12051 842668
12061 141238
13279 743411
13506 26399
14337 442923
15448 938610
16106 768156
16647 392978
17525 76572
17710 43342
18162 67338
18624 194615
19238 250021
19311 605379
19747 896285
20637 491665
20749 441559
21084 267624
21791 471023
22072 735448
22460 891018
23178 378759
25073 624468
26230 980989
27555 222437
27944 590962
28453 671442
29635 257149
29714 693463
29895 980748
30203 825436
30644 857225
31769 506842
32656 628778
33202 282048
33420 411761
34357 747334
36056 302252
37646 386653
37970 489055
43287 533651
44620 11661
45968 838890
48021 182514
49182 550716
50083 58224
51516 6227
54544 339926
54989 14003
55126 262232
55445 458751
55983 351113
57290 632838
58883 534968
60822 312232
62600 227646
63754 489237
64201 597976
64211 176938
64400 539600
66001 479663
66461 497596
66543 892291
68426 86202
68490 915494
69652 373088
71001 502218
71857 88164
72205 953527
72532 607170
73221 944446
73733 53548
74719 714901
75192 91898
77482 80000
78092 762456
80485 675701
80585 437445
80985 442237
81104 665398
81655 759950
82305 67898
84388 640330
84691 767459
85972 355813
86226 270282
86828 630338
87879 74627
89907 792321
91977 179650
92798 437923
96821 369377
98743 726719
98952 155746
99632 624114
102459 985593
102463 852290
103468 949122
106143 592145
106296 221892
107323 387111
108912 177742
113007 78559
114086 742810
114853 487839
117105 733243
118336 906816
119251 659124
119905 190559
121047 189596
122799 912424
122841 970346
124771 83059
124906 618441
124929 467892
127886 952674
128537 425470
128844 268178
131146 245760
131914 858305
133161 300403
134034 228244
134365 33341
134698 98648
135515 389812
136051 613277
136849 161627
137436 761079
138029 256500
139091 563008
141754 205367
141800 322703
141848 609784
142954 203982
143457 938553
143629 38366
144452 942169
145015 895348
145722 755072
145965 727563
146699 466689
151199 559906
153055 609690
153935 163947
155922 313621
156650 390610
156835 37933
158062 499399
158832 248536
159904 28427
160894 191532
161568 949767
161593 761996
163007 399708
164558 15213
164589 383306
165355 261780
165396 485104
165599 311915
165797 783591
165944 881891
165978 757635
167663 768641
168324 587
168939 325278
169331 695539
169336 889671
169773 569592
169906 555689
170883 733834
172701 322493
172713 861455
172829 332913
174108 273402
174903 900722
175535 318063
176319 755610
177228 813422
177999 713818
178265 143006
178356 735979
179630 825860
179634 542686
179668 624579
181254 261733
181899 305419
183230 463187
183232 637947
183639 330756
184332 472332
185642 349512
185965 333239
186121 725188
187286 317250
188761 176937
192612 373059
194193 351476
195399 659514
196150 95633
197386 580396
197756 447141
198497 223833
200439 16535
200544 896632
200741 114316
201601 337549
201894 892590
202042 595174
202473 603686
202562 677763
203794 746296
204287 284682
205467 927442
207149 74182
207791 911255
208740 995670
210394 18174
211440 294923
212080 638421
212407 78834
212611 282976
212940 242713
213209 652697
213493 111209
213597 775671
214123 326942
214412 744528
215000 530428
215701 938338
215866 709006
216251 543321
216506 515195
216666 656462
218115 935997
218804 663013
219167 439850
220361 69941
220995 190177
221066 432204
221091 350628
222402 857769
225379 729505
226403 42835
227072 451412
227536 207564
228069 493747
232042 324249
232453 243324
233146 935161
233597 545251
233615 51557
234354 745277
235064 623385
235765 169016
236047 277060
236318 647123
238244 511779
238615 398355
238897 739939
242198 218063
242206 991518
242477 794552
242561 353917
243191 821752
244284 683940
244412 522615
246358 561600
246878 352189
247586 381489
247703 364337
249131 683037
249342 954049
250079 541565
250197 523817
251370 497906
251584 406914
252727 989602
253938 287150
254444 874928
254673 712173
256358 132710
257369 493529
257460 463053
257632 380956
259457 244872
260573 589903
260808 430665
261914 67059
263362 187415
266391 539029
270345 728888
270544 159595
270701 187035
270788 374243
271288 227216
272882 393939
272951 821220
273691 70556
273885 208993
273922 744811
273949 807520
274118 446401
275810 118034
276478 745868
276782 679189
277016 786613
277758 974651
278350 594577
279377 629073
280766 714713
281284 539831
282968 553830
283173 975041
284279 815925
286507 913327
286893 689227
288067 506376
289102 540203
289298 732696
289733 579754
290424 841854
290495 780751
291128 111377
291244 468278
291682 693499
292712 706342
293784 23377
293786 304124
295401 74156
296934 770870
297127 338551
299668 685820
299945 527574
300542 967399
303355 462863
303480 478718
303977 933768
304369 425157
304539 743116
306963 228829
307033 350178
307633 337103
309076 273684
309738 923780
311533 242306
311584 146358
311816 118297
312551 421037
312702 161653
312837 697762
312974 33006
313144 325727
314685 918634
315260 428405
316173 367199
318704 960746
318954 184221
319334 429708
320059 892279
320400 522392
322127 701858
322794 520987
323243 761721
323397 192837
323495 956188
327846 523205
328350 552073
328775 357361
329151 34745
329155 96029
329555 186596
331964 594966
332928 172150
332973 483612
334068 86753
334585 31938
335492 496997
336712 572368
339203 308934
339568 626069
341981 95779
342132 628131
342136 730178
343592 620375
346273 59470
346777 137314
348324 365259
348631 280803
349159 696655
349225 639242
351476 543359
351638 615258
352296 638724
353207 511706
353589 502063
353949 11435
354253 138841
354285 662874
357757 961637
358425 978882
358433 499694
359169 724883
359257 122886
359830 226147
360145 363833
361172 813819
361714 680823
362199 237455
362642 217810
363079 964263
363985 243819
364811 461627
365402 151404
366443 769758
366506 622736
368266 97415
369213 562357
369730 820768
370685 718797
370738 448542
370779 599528
371451 928648
372802 681726
372847 672337
372885 944332
373645 814501
373690 504803
373743 99416
375447 387474
377302 526127
379024 381445
380929 42569
381863 319150
382279 968439
383540 809680
384445 32415
385352 394799
385407 38650
385420 439444
386238 189429
386956 129575
387167 641806
387690 544058
389666 528569
390495 755782
390636 895660
395872 616942
396807 834208
397370 544321
400558 991434
400775 578824
401507 790477
403504 574100
404233 14065
406200 227915
408247 109872
408740 473152
411521 232118
412835 472249
413118 174239
413814 681752
414289 366815
414456 845983
414955 405573
415545 63720
416257 321996
416444 663024
417160 967856
419562 231335
420426 575384
421743 724519
422722 592365
422924 557117
422955 762485
423156 353053
425907 591753
427609 542931
428182 545087
430080 831982
430625 889537
431618 267619
431836 964786
432002 409299
432158 482901
433836 623789
434295 83421
435185 509949
435939 697972
436113 906894
436962 508675
437781 686438
440793 974244
441928 477800
443713 744670
443993 755408
444264 575624
445199 338706
445358 905268
446877 801468
446891 881442
450178 200279
450592 942146
451635 318726
451904 697608
452598 847152
453650 908232
454635 457786
455758 809336
457802 195535
457972 779123
459936 187520
460851 729669
460998 561948
462341 433732
463058 411022
463420 2127
464708 373813
465560 770020
466620 70589
467253 784803
469627 9283
472417 917300
474619 77132
475172 953219
476341 3219
476617 103521
478846 79187
480684 1323
480783 958736
481497 220015
482837 466362
483430 130433
483584 71218
483638 239128
485308 847105
485705 230421
485920 78420
486726 922427
486755 107245
486878 187181
488426 583071
490139 109677
490584 989227
492212 596492
494954 9040
495401 863731
495489 722554
496770 431559
498299 851080
498507 776498
498624 685273
500829 725573
501270 54589
502297 405483
502833 991986
503107 322837
503182 800233
503878 979504
504848 733194
505041 642009
505715 335195
505908 537413
506102 132688
507021 46783
507381 276985
508749 724545
509695 56812
510737 559344
510868 590974
511953 616758
512694 805580
513195 241189
513483 908649
513639 443162
514458 475191
517456 355257
518439 518871
519120 514959
519885 975349
520585 93828
521126 977265
525346 151859
525754 102725
525834 183535
525952 55509
525965 249121
526163 360981
526720 619010
528002 976614
528518 360123
529029 72953
531402 740843
532133 313946
533239 978975
533648 493100
535430 888190
535564 174960
538508 617789
538639 853584
539109 775371
540537 676568
540923 182910
541407 915078
541771 991128
543134 563600
543254 278218
544010 579123
544246 234775
544381 925346
544995 963878
545406 411889
546183 400065
546241 488119
547650 66815
548709 469048
549219 64847
549222 327076
549728 328112
550988 585785
552150 238763
552621 193860
552877 558128
553922 369236
554148 866117
554828 548420
555096 272157
555480 515604
556981 400428
557334 357683
557821 97074
559280 27376
559755 329440
560727 337354
561221 730763
561792 232469
562147 130095
563029 82497
563769 934663
563826 16886
564224 399723
565908 556919
565959 6011
566929 981931
567780 301873
568700 782386
569002 717056
569131 532334
569573 948550
569950 785408
571548 788404
571901 277437
571935 863075
572225 819273
572377 980352
572441 534374
572672 800032
573876 623052
575256 431276
575994 361994
576111 656244
577035 715315
579533 781700
579769 256496
580898 76183
581014 73676
582616 123681
583588 413728
584053 334349
584688 897877
585072 740174
585353 456225
585691 602770
587326 408496
587851 924470
588324 362710
589632 996666
590597 730107
594500 229780
594708 434574
596192 605447
596251 457561
596445 875552
596776 915466
598377 932731
598552 99802
598570 820372
598645 358919
599155 777322
600523 163436
601165 601453
601429 579044
602177 933351
602760 561465
607206 416861
607270 986535
607756 700320
608262 291098
608349 806331
608611 516946
608678 518505
609556 919816
609571 534055
610191 154254
610277 271151
610477 295324
610641 168385
610985 265519
611357 853499
611481 353153
613804 829688
614831 411052
614915 581632
616928 735839
617519 832160
617908 400898
618037 103197
618120 83965
619359 898839
619360 425811
620109 611148
620851 835509
621004 732940
622521 261852
623174 498585
623681 275369
627303 729212
630644 782284
631396 332032
633212 455481
634443 983873
635425 671297
639784 695819
639879 171217
640628 965151
642406 222953
642856 202278
645240 644775
645626 53027
648148 724274
648735 793047
648844 91507
649478 377823
649688 672514
649765 889039
649828 874011
650026 998237
651494 373145
653298 201557
655322 335472
655389 858930
656830 832857
656852 517657
657791 539673
659541 205953
660104 44811
660757 13119
661944 946888
662092 721069
662449 528118
662488 147984
663239 735985
664831 535555
667801 234226
668409 776887
670206 690035
670419 712291
671332 782344
673072 78248
673792 231889
673883 162910
673973 936227
674110 857278
675222 328243
676334 385011
677349 604614
677835 930945
678872 697516
679127 326348
679131 55956
681414 489211
683450 860628
684837 514522
685823 266725
685928 87726
686732 859764
688809 214977
689141 794697
689276 856886
689307 12255
690377 34359
690550 92748
691478 262848
692987 143334
694261 818434
694533 444832
695102 453545
695446 955490
697769 530497
699025 527011
700270 429952
702019 321994
702591 491948
705079 211161
707178 600333
707329 326910
708549 26663
709085 593145
709511 551277
709580 520735
710940 521537
712891 688052
713464 147620
713713 603351
713920 531325
713985 650202
714378 107585
714443 539583
714869 207476
716296 179414
716393 333908
717485 234286
720572 713472
721821 835964
723532 898618
724474 699015
724618 956123
724714 785574
725565 464724
726485 882047
727245 471173
727498 716595
731936 481750
732129 537487
732565 747291
733788 84820
735983 533837
736359 274696
736703 202881
737232 859792
738470 879763
738847 649387
738934 272806
742012 10409
743463 913073
743652 599317
743995 210773
744631 988355
744756 634723
746638 860965
746832 748510
747867 186206
750389 481806
750616 934803
752063 11595
753874 947220
755244 221305
755716 31846
755857 566336
756740 703494
757231 310593
757441 454672
757741 758742
757987 472414
758157 335761
758239 200643
759043 687784
760994 257029
761965 183399
763201 253010
764832 403763
767713 819340
767792 708803
767937 968651
768738 759171
769705 215796
771590 659940
771629 961565
772267 312721
772701 146936
772805 302234
773233 957718
773312 711693
773550 952534
774640 955503
774983 206882
775409 100350
776388 146970
777824 817171
778681 68719
779040 837370
779458 600691
779687 852774
781396 212006
781907 594267
782484 441429
782734 627297
782824 845678
783643 849011
784816 226884
785067 413380
785158 696095
785507 357273
785939 486902
786113 926935
787395 71869
788494 964936
789077 463148
789229 432921
792452 835358
793116 187794
796708 567518
797023 945205
797179 799661
797231 750136
798383 111384
798645 412934
799193 577167
799401 716786
799976 809675
800642 730036
802376 541876
802572 486578
802721 558554
803018 338558
804204 189605
806007 605085
806865 549953
806977 287306
807003 493801
808590 683901
812280 443343
812292 265447
812469 370252
814536 287412
