601762 175990 373
74 11336
3800 48993
4798 681981
6103 553754
8443 854372
9366 897936
12842 319415
13246 403422
14370 609432
15033 901880
21843 737870
22249 29082
22840 255053
23053 297017
24511 276121
24987 108590
31534 654076
32893 529564
33251 635318
33692 920698
33697 953692
36676 610384
37919 10472
41821 355842
42067 475969
45115 146174
46116 674573
47693 297883
47836 840728
47995 510453
52070 71858
52809 609978
52978 948433
53342 722402
53868 869658
54939 516649
65864 709798
66592 868512
68464 191819
70014 998446
73028 999494
73566 874190
76812 443182
79502 525235
79804 348716
81204 661690
81654 807939
83115 785213
83406 677274
88424 163607
90390 918106
90999 112171
91549 950884
91810 395164
91907 481183
91997 484951
92481 910494
93888 226547
95397 860312
95827 215100
96219 616509
96435 134260
99803 6631
100047 30296
101501 203912
101689 226575
102382 344458
103214 742824
104907 686500
113881 189029
114067 944930
115630 56161
117798 242256
118029 200222
119541 9067
121528 896647
122331 102
125849 242735
132170 709302
134017 209672
140749 717622
141059 698227
141242 336141
142361 321832
142644 559385
144742 77055
146126 847923
146557 139119
147321 962782
148514 323557
151084 897611
151646 880201
151664 82033
154930 977153
155389 326860
156997 793057
157415 827400
159524 359546
160431 743599
164714 195570
167097 871770
167879 379053
172641 459117
175955 939519
176527 499568
177235 588009
177828 513948
182209 254532
182992 261868
184841 958605
188693 322746
189661 422379
191700 671676
193964 264864
196694 397222
196906 935968
197510 634056
199236 554398
199424 160336
203985 794030
209321 636026
209360 891260
209719 256984
212144 212629
216490 476386
218975 981275
219146 167410
221229 25807
224825 17263
228145 500224
230148 344729
231594 299434
233725 469659
234954 801535
235295 417342
240975 265762
241554 667745
246117 985007
248957 699380
252114 942989
256361 334541
259150 738932
259179 933044
259271 736613
260492 213018
261631 397368
261706 179905
262582 467446
263308 287735
264631 904721
265119 352177
265697 842555
265713 426170
272808 843471
273066 47753
273598 615329
273909 214303
275579 777937
276102 652892
277731 560152
277819 721028
278592 452316
279029 223401
279981 764607
281030 627332
282098 880715
284990 80838
286267 102959
287060 729261
291549 558511
292304 281834
292722 645410
294054 889275
294744 109488
296695 745691
296827 362052
297623 982923
298484 211271
300419 934418
302007 706338
303900 496841
305567 112289
305895 379525
308117 870167
308200 836215
308510 228761
309183 749177
309879 339930
309944 431691
311438 784653
313749 450891
316547 852402
319227 66876
319700 672071
321148 753359
321198 156553
323186 250485
327430 47117
328384 684041
328784 329920
329420 880709
329625 761593
331284 967206
334088 616036
334248 296090
337661 164670
341180 921862
342322 833748
344130 452513
345283 949014
347213 917786
347300 380432
349213 605315
349522 180656
353057 120778
353453 764496
354776 41782
355307 911862
355334 378507
358873 499113
359366 265181
365915 220257
366422 305913
368978 453832
370154 658640
370361 31822
370476 209913
372416 285066
372634 752635
374503 940664
375928 279163
377481 827664
382850 509393
384818 869657
390023 295679
390131 577980
393871 822666
398198 514920
400468 367284
401531 386944
402234 467475
403842 690261
405198 121924
407920 742203
411265 519719
414417 505172
414667 343178
416590 578586
418056 487909
420336 916421
422125 475202
424421 681144
424712 329102
425597 40793
426706 688499
426951 831214
428448 570849
430611 462342
431390 293518
439030 435247
440003 62978
441479 281366
442644 977421
447737 192355
448938 261714
449323 924334
449872 579610
451445 900735
452141 156134
455721 141869
456466 239050
457914 782818
459489 416400
464060 79259
466214 762102
468863 805590
471571 594197
472031 679406
475373 367585
476892 776525
476974 295996
477751 260019
484888 675
485004 928502
486061 282560
486903 544770
487695 646842
487943 567002
488151 580745
490838 77521
490865 353906
490928 630890
491926 848557
495272 740988
495351 360276
495985 41265
498925 924664
499709 348413
499762 532291
501337 848146
502574 136770
503768 719567
504588 705529
505053 518509
505728 608773
508270 955211
509312 871819
510676 915422
510972 353938
512675 707548
514166 90669
515238 609591
516684 56648
517098 956906
517195 90501
519570 160677
525109 680167
526376 100613
528766 581695
529280 419959
530009 115419
530341 493789
531242 201904
531511 179136
533306 135379
533647 474629
535637 882985
537102 942985
537442 349113
538119 905105
539086 159872
539612 516153
542530 106715
543134 296282
546895 627328
550311 32461
557693 127740
559908 780
560087 24237
560391 54964
562809 479693
562851 214522
563224 150324
563655 764031
566022 882087
569388 328490
572613 788861
573513 415914
574855 509903
575651 434614
577899 275304
578841 28805
580945 573360
581532 982033
582205 643493
584896 65611
587939 821793
588143 784548
590514 272725
590994 823685
591394 16730
591507 516582
591614 230416
592331 786251
593291 362131
593461 415162
595570 456792
596350 336331
596351 549062
597079 335482
598071 918898
598886 980848
601278 205208
