747322 279670 274
2468 13644
4793 294374
4891 980703
5725 785993
7836 316507
9041 508133
12231 554337
14949 940411
19893 420404
23592 656428
32229 306971
43589 692419
43711 323587
51481 901614
55110 754762
55299 727535
59864 127971
63522 714443
65355 866906
65572 328887
68428 92592
68642 809841
71823 897701
73048 590923
73473 446149
76359 888603
77172 586672
80959 449542
82846 676346
86071 470965
90790 4267
93317 717225
97178 948999
103017 281663
103446 791283
103907 67624
104714 825454
107405 827206
109003 202560
109486 826792
109724 999500
110732 858043
116049 205338
116073 496697
116603 868456
118178 784842
124071 685595
126789 353040
127558 416271
138226 121439
141739 470164
141764 160433
141958 618312
148696 454281
150806 937325
152949 153853
159648 41623
164225 23778
166812 67032
169952 494655
173045 564022
174856 364812
180207 831824
180500 554357
182833 860150
185576 662193
188231 908196
188512 73755
189195 671523
195580 411704
200602 705592
202882 775060
202989 424351
203717 214071
206086 661583
211664 76935
211733 274166
212605 514050
212629 760945
226284 831653
229626 764414
231105 548368
231430 746994
232906 108247
237788 535375
239343 273048
240862 608369
241031 331136
241167 707034
242049 993810
242667 782485
248704 226303
249644 828264
254273 826280
255523 849756
255819 524683
256057 421304
262100 215323
263073 359637
270104 308088
272841 228834
278613 443977
279697 309971
280340 344362
280544 367946
283342 175093
284286 881768
291227 197587
291570 463283
293345 886327
295231 682934
297068 775936
301841 166150
311132 372518
311717 76906
311883 35619
315176 716304
326720 400909
327722 283559
328659 363286
330312 132370
334063 762473
336811 563779
342503 450321
345245 380353
347466 572606
348189 633176
348522 113896
358027 95577
360338 264125
361634 130849
361770 261960
361849 917126
367545 796259
375055 660647
375245 473372
375456 157390
383178 612983
386467 608302
389752 740314
394592 517066
397286 726393
398290 224258
399823 280487
401136 280933
401390 64725
402960 224086
409538 247756
410110 467589
410280 764807
411506 427442
415197 553032
416071 515768
416081 9919
417307 615846
419858 67978
422606 225410
429861 847130
430698 404413
432562 189273
435425 785576
435913 584140
437483 277024
437973 572809
443428 81705
443640 843742
445088 594361
445206 645089
446037 804029
446052 336111
448612 139357
450585 415783
451368 770139
453937 968574
455243 844645
456155 386316
463813 610034
474647 667180
481713 395603
481965 924801
487599 197714
487982 940886
488619 932666
491250 867430
495224 967649
496664 960776
498528 934114
499155 5616
507688 784793
510335 758316
512324 827491
519209 997908
521061 881115
524041 875454
531105 602009
534781 803746
538042 782426
540803 882166
545417 951831
546143 460342
546229 472323
547334 830980
553129 895012
554407 924003
560756 211098
562343 672239
565433 799783
566965 113456
569702 11659
572337 996479
572665 208220
573150 143341
578410 989513
581760 522095
582264 941457
585946 531957
587323 553359
587488 559993
589246 657988
594501 194772
595124 278049
595184 753316
596204 472514
597025 764524
601074 341506
601959 301058
602531 243214
602688 587515
616411 23240
617278 517687
622455 103877
623039 576036
637299 74266
639526 99684
642282 328537
647674 240243
648217 853204
648494 222815
652267 201994
653565 440933
655468 37574
655634 948391
656364 284380
658241 752526
658386 488088
658649 417429
664631 452901
665532 256590
666881 620336
666906 884008
671269 807968
672141 894104
675977 344469
678981 797592
680808 109920
683849 24710
686461 947896
689500 931433
694027 632779
702164 555605
706457 306322
710811 52133
714604 158554
717086 407553
718422 12520
722113 663591
722420 536355
727349 263288
730548 443566
730759 672142
737015 563796
742531 315764
744685 753928
747288 448263
