213224 87002 634
343 310610
356 173032
547 415643
674 110460
916 310353
1470 857399
2263 621450
2376 950224
2463 716978
2786 848950
2960 280843
3256 705668
3274 684646
3382 924032
3787 650699
3879 84949
3984 456114
4442 824820
4511 697123
4916 692458
4927 678937
4963 226022
5503 483839
5716 966153
5780 190493
6484 865217
7276 337441
7733 501144
7999 948906
8256 403776
8688 700750
9067 79253
10745 988930
10783 498303
10931 337539
11272 366298
11348 189295
11644 873193
12186 139448
12827 761953
13371 866249
14288 220826
15042 133038
15259 529911
15559 690065
15668 877851
15689 380717
16349 821209
16428 497678
17942 802952
19187 555717
19324 440834
19365 143745
19800 701397
20022 212031
20614 607172
20662 100402
20852 31816
21064 773201
21173 630284
21305 463261
22321 499016
22649 161512
22832 704561
23279 16493
23786 992929
23788 471435
23969 666915
24387 563384
25025 574780
26161 938083
26487 369396
27207 502052
27277 67684
27705 285981
28046 270329
28087 332027
28132 722708
28148 707118
28291 778743
29011 274551
29696 133820
30246 283404
30277 28583
30363 908198
30377 691842
30639 653594
31060 358966
31073 262072
31309 441303
32011 509454
32428 64688
32694 348750
32977 821579
33289 349572
33494 124577
33495 595969
33558 797832
33595 758403
35059 784425
35241 705306
35338 111636
35493 887499
35581 692070
35583 160373
35709 688605
35978 628822
36069 984878
36092 725285
36822 543475
36876 75551
37376 120756
37516 821366
37928 411395
38194 978607
38243 938730
38286 195247
39019 442850
39723 59641
39859 337452
39953 160807
40101 633850
40252 875000
41366 821009
41947 958934
42353 688473
42693 700505
42831 808949
42915 585657
43057 927279
43388 416134
43657 590116
43999 959759
44085 789797
44150 978422
44321 670049
44954 258434
45363 601739
45962 711966
45978 218872
46039 849594
46110 239669
46688 113281
46930 826291
47020 940021
47193 886884
47206 290771
47352 40659
47400 660093
47414 896232
47689 172012
47840 324094
47847 851592
47856 870676
47972 220796
48129 881884
48139 420041
48221 134282
48488 420188
48668 318380
49189 892479
49666 705830
49803 194968
49853 909670
50385 806431
50750 605774
51342 661278
51387 910133
51413 527080
51595 820096
52266 94814
53153 249454
53721 289615
53778 844323
53944 553150
54083 328007
54697 439773
54802 338327
55536 163409
55822 570823
56944 691778
57501 882779
57518 211014
58270 433656
58849 593497
59382 974168
59714 558496
59915 1445
60989 201280
61185 627391
61352 443693
61796 761239
61953 598044
62138 159576
62227 615355
62453 700513
62743 66271
62908 803484
63092 933149
63125 61882
63326 909829
65324 44659
65818 430549
66113 858397
66216 299199
66476 168470
66726 126814
66953 147143
66971 220003
67149 304772
67534 140841
67845 967760
67982 87306
68097 964901
68236 342743
68437 292825
69078 865302
69126 216337
70062 810050
70189 953898
70494 737096
72204 442547
72481 507949
73137 777025
73732 439202
73917 476562
74031 473024
74158 957804
74458 783426
74529 796956
74674 838593
74865 364914
74904 613578
74966 103421
75358 521653
76483 939395
76555 135753
76751 546209
77577 299351
77678 987031
77998 656528
78381 651033
78921 601889
79933 715537
80602 993871
80709 626586
80886 348958
81245 170529
81322 382975
81529 815731
81622 185629
81774 61358
81979 983727
82139 531248
82307 540543
84217 378616
84580 540465
84717 824572
84774 804206
84984 658483
85375 726120
85548 948890
85621 286588
85687 964333
85962 656782
86668 86494
86703 903898
86792 42395
87638 763448
87662 833090
88059 463459
89069 999911
89304 989281
89378 216564
90441 151559
90713 706644
90842 739336
91149 242880
91307 939471
92065 177511
92797 944379
92824 577441
93130 983489
93494 826183
93612 719540
94073 306716
94451 141341
94819 92738
95093 982367
95168 110831
95341 839648
95566 26402
95899 126260
96813 109500
97144 49257
97328 277891
97728 129815
98049 933712
98070 143976
99144 652681
99662 812655
99795 458856
99811 529914
99957 267238
100143 804547
100173 149452
100327 797059
100758 992911
101733 143478
102076 630116
102457 352059
102771 32546
102934 213357
103117 754234
103412 955212
103536 444570
103555 701537
103857 178363
103917 10210
104657 943701
105059 816563
105070 537725
105202 634316
105457 846110
106302 681646
106519 608741
106985 949692
107304 357745
107969 153757
108331 818430
108567 798799
108872 36087
109306 92923
109412 164891
109745 117884
109937 624667
110593 236497
110623 934511
110869 325734
111866 454136
113034 453950
113101 607248
113420 829974
113579 630329
114375 886062
114421 557285
114711 534608
115072 753566
115108 284240
115291 543201
115573 267316
115613 183492
116120 135650
116865 473589
117735 470166
117933 472877
118401 12634
118617 742314
119665 293691
119964 546385
120219 60354
120460 767010
120471 761200
120676 424678
121202 483347
121371 444859
121375 691752
121774 747408
122343 262773
122394 345444
122528 982395
122715 621508
122792 48483
122979 612780
124282 278852
124657 714445
124692 834200
125385 618991
125740 242861
125828 649139
125856 915151
126404 448598
126427 642150
126492 315762
126524 400577
126569 869419
126746 455499
126787 115568
126804 297757
126809 493918
127015 585310
128188 126618
128632 510091
128745 125773
130334 456992
130675 554162
131034 290059
131187 448327
131280 730967
131532 472620
132158 207632
132366 920402
132386 712356
133445 774609
133763 889685
134970 591392
135299 135730
135526 278298
135718 413785
136026 450681
136079 227789
136170 670431
136724 805129
136847 242141
137805 393836
137887 916469
138324 36198
138809 556578
139329 408925
139866 119944
139998 779511
140039 993002
140368 684283
140420 803293
141128 769080
141179 63345
141819 44375
142473 792415
142656 698946
142815 800122
143881 19048
143920 523641
143974 859652
144967 613877
145431 297234
145585 451714
146953 325196
147612 672402
148462 347636
149245 101943
149325 904386
149807 169559
149824 567710
149850 97809
150030 130947
150132 234944
150990 514263
151089 871615
151833 708363
152408 300307
152499 179062
152690 621952
152968 614450
153246 709025
153279 603758
153843 143822
154543 287720
154646 495625
155247 89501
155467 31787
155880 840600
156439 265585
156792 868255
157067 566325
157720 755178
157962 339903
158758 812843
159155 837569
159715 408050
159800 999686
160433 892709
160771 76619
161093 249060
161650 778095
161698 812931
161839 378242
162190 467429
162218 453377
162828 582915
163484 139446
163842 148673
163880 210790
164007 732843
164103 52197
164111 186244
164149 769806
164285 349866
164729 897961
165144 333525
165359 828943
166435 618300
167466 744087
167693 53932
167937 707049
168128 158187
168161 788094
168964 592550
169099 683341
169157 804104
169334 697521
169461 458256
169970 241600
169987 836866
170170 702663
170590 616503
170751 841764
171643 737471
171667 985405
171992 275083
173012 200119
173560 961750
173771 561038
173926 423032
174254 962630
174441 150076
174764 761021
175052 369727
175428 145190
175551 209871
175941 369072
175979 784721
176068 203693
176246 585266
176710 473765
176763 109858
176784 899080
177005 878390
177121 178520
178092 451738
178453 428079
179006 105695
179087 49148
179383 195719
180153 902581
180595 527822
180767 689883
181105 593474
181147 940447
181208 822490
181673 513691
182457 663011
183108 987856
183208 932630
183449 637994
183537 769908
183745 866291
184045 748882
184185 581800
184187 770019
184640 661502
184703 561959
184769 908440
184836 135884
185604 908288
185889 591428
187277 208845
187495 60574
187760 31644
187922 677130
189047 555708
189142 300922
189683 59131
189844 183743
190481 129935
190591 45202
190609 209123
191224 360630
191388 482550
191451 65197
192448 114557
192617 434142
192905 241277
193050 813325
193108 899656
193218 925606
193257 761636
193284 553657
193311 163454
194258 668717
194718 818695
194906 176133
194955 393998
194958 42065
195164 722125
195218 403647
195501 753844
196073 71291
196551 818620
196661 973811
196666 449680
196681 164409
197016 284594
197110 878698
197511 320854
198167 46161
198303 27597
198429 87489
198658 973374
198790 180432
199199 170637
200025 786588
201449 367036
201877 839572
202189 987525
202582 601994
202787 927403
203100 282813
203110 26291
203163 275695
203465 969709
204357 364213
204426 92374
205116 373196
205524 589928
205704 681372
205791 566042
206187 110829
206472 779732
206574 824444
207773 518952
208261 140192
208408 374921
208600 713461
208615 30095
208777 766661
209253 637657
209573 671983
210301 69
210360 80301
210444 676188
210891 842268
211703 599692
212946 893426
213002 705086
