619718 603416 725
16 670387
304 771326
672 183833
1165 964790
1441 217381
1864 143639
2099 673755
2427 257707
4175 233020
4586 796292
5741 523115
6292 914497
6435 120156
8420 197007
8422 41289
9755 222154
13638 773518
13673 38227
13716 315286
14660 263926
15567 292110
15602 414079
17204 806396
17759 287890
17813 740962
19494 997211
19663 30275
20406 981739
21784 246135
22785 518189
24165 164609
25520 991297
25822 695444
25828 139600
25886 975315
26660 321434
27889 67442
28413 598542
28651 649134
28692 572476
29325 42544
29944 176632
31928 741995
33071 749114
33322 407564
34763 413456
34956 481806
35665 203859
37552 734216
38569 717482
39728 340944
40030 919309
40693 544767
42458 333849
43099 406314
43182 646935
43283 343706
43321 418725
44465 282107
44625 780576
45341 710782
50341 995303
52280 701810
53954 901166
54635 613872
54798 513256
56690 35364
57656 675234
57673 198909
57972 69976
58123 285438
59304 989066
61193 733986
63887 318230
64149 944227
64360 572804
65470 5005
65984 614189
66332 114687
66834 261112
68062 387509
70151 577348
73452 490515
73594 930854
74412 492063
74483 149031
75687 605140
75732 954720
75781 357522
75930 616903
76278 185752
77282 741471
78350 190016
78885 703327
78951 101355
79357 672361
80785 900881
82353 749706
83312 230491
83426 872633
83446 32256
83814 357092
83933 107305
85388 870759
85428 682224
89395 854961
89672 152038
89745 83344
89838 246830
89894 47287
90947 558923
91474 6426
92482 822810
93471 129897
94776 654960
94797 657588
94850 734760
96652 110506
98411 623333
98505 463101
98725 241404
100492 655836
100684 618605
101625 60039
102108 379617
103008 786585
103826 593431
104499 221897
105534 196161
107655 549723
107662 238841
108492 837396
108941 87245
111176 693552
113561 867245
113969 753214
115461 412387
115714 178107
117242 432690
121546 530172
122154 186402
123534 737213
123573 136738
123844 804128
124143 952098
124374 662030
124574 637657
124777 458527
124987 573490
125101 474713
125614 165858
125717 994827
125786 505962
128978 524306
132590 800955
134434 949456
137959 412422
138142 271492
138350 276324
138969 698559
139226 705490
139352 725550
139411 428048
139929 25725
140521 766140
140966 466577
143510 59871
144403 512008
146389 861725
146953 687281
147184 195477
148261 804461
149924 726281
150018 52532
152324 648162
153428 482482
153822 498024
154247 947346
155472 822368
156342 65198
156651 842660
156706 43560
157692 984675
158317 196036
159049 667301
160400 201875
160430 240869
160760 780022
163225 360226
163430 342617
163444 142613
165709 547625
167368 57509
168032 975674
169038 583563
170634 166139
171425 293551
171783 816630
173886 966823
174423 654602
174692 259499
174700 643361
175444 602853
176105 365856
178422 676604
178559 368090
178567 954119
178763 429328
179158 753455
180207 354066
181325 638443
182021 286622
182383 482232
184062 478874
184076 701978
184256 706005
185423 600462
185470 254167
186118 675786
186136 183210
186733 992534
186751 193227
188698 744393
190672 894883
190674 85945
190949 689924
192353 832780
193093 870410
194172 495232
194974 578418
195158 601616
196480 440015
197053 998326
198942 3357
199903 491158
200927 608784
202352 673967
202971 59279
202990 666878
207186 340204
207525 49160
208269 529563
208360 295439
208863 690710
210312 858799
211024 333546
211497 813969
211855 442565
211914 975202
213404 616826
214006 18692
214025 504638
214550 958950
214888 833261
215012 967780
215424 511801
216740 187910
217134 275194
218240 649842
218495 791734
218808 19904
219147 673523
219739 696141
220112 981320
221344 927951
223289 436345
223884 495937
224119 853462
224766 744240
225193 555023
225349 415344
227272 360838
228279 701343
228674 916634
230510 272695
230814 354770
231729 190988
233083 747083
233609 340103
233658 99934
233687 381899
234235 211880
234279 589740
235875 506545
238587 983244
238611 340223
238908 565837
242770 954783
244046 614911
244263 101467
244444 329410
244819 401962
246238 975190
246390 656102
246877 122275
247032 92509
247482 837768
249669 776204
250589 58648
250979 592003
251292 620922
251491 876753
251542 515331
251695 132433
252576 990879
253242 507881
253497 527731
254185 169794
254772 215627
256891 521776
257042 279897
257566 442325
258049 25848
258245 865967
259253 333354
259558 176189
260030 619067
260088 319154
260132 897179
261231 76812
265024 24711
265702 411449
266597 166054
266736 850002
268702 629814
268977 239921
269208 794957
269633 492204
270225 816380
272174 961932
272355 291457
272701 281044
273667 441790
274240 637298
274643 610378
274926 630648
275035 978810
275381 941623
275784 595604
276927 315163
277430 453881
277623 484134
278468 97736
278766 287710
279084 437123
281358 414279
283948 219437
284433 246626
287630 961515
288599 981001
288963 37903
291170 125415
291777 622426
292796 429037
292985 632341
293699 185943
294912 766194
295079 507460
297702 687793
297730 6910
303605 434358
304932 399193
310103 530280
310574 708370
310689 172054
311133 966464
312768 324756
312873 606740
313809 798057
314215 810200
315351 455658
315373 290841
316978 934570
317549 96120
319103 328793
319126 602838
319535 745164
320691 947089
320790 88573
320814 76970
321966 753513
322161 729912
323816 25278
324084 885960
324136 873717
325065 802268
325835 261371
326052 821646
326141 144664
326305 84787
326434 247323
327383 810783
327651 298810
327936 575032
328438 214617
330059 406267
332881 510480
333801 420332
334170 20087
334721 949971
334959 460960
335913 676723
336157 397515
336209 605478
339848 430331
340870 718381
342590 747741
342783 709822
344119 52002
346076 328395
347166 144170
347324 339141
348578 725733
349599 745312
349718 503791
349845 433620
352807 441105
352918 890851
352921 178453
354506 71452
355654 499462
355811 307207
356935 167237
357104 726504
358416 213649
359388 843500
359432 46631
359895 863954
360530 160648
360533 556529
361072 278087
361393 768875
363179 164784
363797 495044
364360 247836
367142 267519
369081 565491
369825 317598
370301 243384
370587 654583
370998 123482
372568 148548
373408 565731
375857 464587
376142 799146
377410 242307
379141 259920
379162 639711
379605 314643
380104 92320
380247 637905
380539 912926
382459 635825
382541 858226
384291 127273
384717 902110
384761 173425
386724 537997
387558 423732
387675 980759
387728 195198
387975 964695
388377 980696
388796 630242
389386 248036
392729 271735
393470 967813
396978 500101
397481 143524
398064 352711
398362 341402
399183 433107
399464 523317
399507 88026
401205 411004
401295 794241
405896 896614
406498 295083
409862 303931
410186 929936
410891 695758
413124 357963
414168 221702
414363 319699
416017 293281
419783 490057
422078 39908
424023 743226
424866 614749
426402 595070
427850 729065
428129 143473
428224 311408
428341 910302
429692 976953
429847 325290
432856 646958
433046 622785
433100 441213
433163 708546
434694 723013
437906 130090
438524 833784
438731 402776
438922 899630
439230 624762
439451 208035
441299 95613
441305 719298
441484 641939
441580 138083
442249 92311
442834 292814
443042 189124
443349 875154
444827 201168
445365 34162
445433 680697
445746 746589
447639 398920
447935 89234
449696 101793
450681 409313
453883 292625
454217 49891
455739 571804
456857 534572
457562 976011
457874 18600
459108 627578
460084 249616
460184 162933
460271 915285
460292 107377
460744 567751
460809 103736
461494 638798
461495 235693
462118 4546
462654 91180
465265 386691
465332 924678
465453 472497
465598 751044
466438 599726
466558 79068
466661 343231
467260 337684
467708 410099
469213 426819
469578 421448
471221 438178
471834 350568
471918 261988
472334 287704
472662 849338
472912 723494
473843 649759
474588 353557
476116 21386
476188 566843
476746 5475
477420 570989
478417 589318
478507 329017
479811 659901
480708 331407
480799 596802
482981 816990
483456 381948
485766 153539
486784 828150
487848 681378
489249 723669
490777 148172
490833 692522
491577 525988
491672 137049
491927 580662
492422 426878
494925 482586
497153 17064
497216 318650
497649 480065
498137 280843
498320 751610
498841 3211
500981 225981
503347 323825
503762 809351
504702 533536
505129 211737
505418 380113
505542 969245
505730 929646
506072 966929
506472 544511
508821 988703
508887 54076
509244 321723
510632 134620
510746 7955
511753 347175
513371 888563
513568 597092
515441 651467
516213 18280
516698 849342
517386 993235
518432 877558
518710 503104
519146 462403
520971 427292
521915 750927
523471 647399
523766 975007
524145 542674
524260 766948
526167 874312
527057 276822
528069 172473
528241 18663
528250 423592
528931 299306
530268 352515
531573 677036
531589 504673
531662 45830
531901 666716
531978 427655
533251 565192
533280 22582
533711 403078
534252 436946
534767 156142
535253 485982
536051 167271
536617 827885
537050 541941
537703 643114
537706 46187
538457 192176
541281 672567
541342 100344
542078 748671
542218 892365
542412 813983
543313 873491
544303 923215
544417 680197
544458 381879
544947 46294
545055 899388
545664 671806
546041 188112
546689 735893
546895 566697
547092 865916
549195 476936
551193 380573
551708 584051
552050 935240
554655 854326
556342 461713
557060 906302
559900 324376
560547 872551
561804 124991
565046 521854
565594 824835
566246 893851
566690 8705
568655 382956
569078 21994
571090 395051
571528 444889
574506 221789
575476 865555
575640 446292
576012 991487
577078 498562
577346 804171
577599 910946
578069 298575
578285 287734
578436 600363
578804 712503
579616 11757
580099 460789
580753 387152
581270 88566
581642 753562
583417 284098
583862 963530
584409 540840
585515 94933
585536 282200
587093 746160
589173 198820
589349 240016
590875 586446
592721 841729
592963 498865
594419 724010
596321 737861
598818 404698
598839 391053
599538 299964
600137 882235
600279 952082
600393 655472
602280 298782
603538 612283
604453 599808
604656 603321
605886 593595
606126 509425
606569 720899
609462 983940
609763 597546
611431 713153
611522 87113
612613 414754
615077 300299
617325 853523
