798934 284302 510
607 226979
924 139232
2049 395580
5237 770680
10965 406106
12999 923420
13870 969406
14300 868071
16181 741458
18928 72221
22011 448699
22509 522681
22993 606204
24326 939869
26768 133513
30102 889331
30625 856420
36221 241483
38671 721729
39325 823520
45670 415293
51146 996037
53518 47871
53826 394864
54002 929955
56023 203311
59912 792236
60206 923742
62583 861492
62710 734728
63173 186489
63529 88740
64980 399667
65381 182478
67744 754771
67882 522824
71746 654926
72764 196613
75034 188635
75653 207963
78174 230863
80456 873437
80707 801217
81083 304479
84102 59296
91326 571343
91662 412463
93608 188169
96531 761719
97698 454691
98777 933527
99748 383532
100915 340981
106583 953366
108583 63344
110465 53880
111363 71524
111515 394189
113074 750146
114599 803836
114655 339058
115932 661083
116196 250199
118486 523698
120048 58877
120207 401784
121039 48210
121336 626488
122659 860665
123567 49088
124420 532778
124675 146062
126010 564312
134668 83151
136281 30041
140218 661944
140977 209251
141849 993854
143443 853885
149766 957368
151130 877687
151230 980120
151890 328337
152229 565484
153931 704675
155003 90415
157396 187075
158713 188516
160700 167418
160770 430425
161674 977111
161781 38890
162669 165661
163306 447256
168377 235925
170019 410002
171869 129252
172982 174007
173710 145473
177404 3316
180859 795332
183373 669228
185106 128673
190169 698875
192140 342389
193291 864575
193514 354651
195007 35815
195070 643974
196477 768178
196874 529009
197942 256182
198334 71940
199683 352345
204147 244162
205280 705846
207649 739867
208149 468405
209732 352984
212502 132765
212595 207614
212637 176337
213284 835810
214616 106359
218383 518729
223110 777173
223793 212374
224580 388630
224805 429451
225492 281307
225870 937493
229692 174915
231970 982391
234291 927782
235987 863859
236926 734014
237399 25489
238243 999772
239773 524893
240463 351922
241101 885879
241933 166976
242437 687888
242474 578300
242606 953136
242637 529058
244039 441804
244888 75885
244940 585922
246543 723897
246681 118851
246778 516756
249735 999627
250875 591306
251020 179998
252408 85286
258193 160461
259399 340000
260906 540082
261673 964290
265746 347280
266202 977834
270830 4016
270919 327413
272846 754819
276154 184529
276792 330920
279604 478918
280523 229968
282304 965580
284786 112686
285616 46351
288875 734234
290478 451243
290514 964465
290805 569122
291044 614603
291345 441184
293437 656431
298459 268994
300107 278398
301304 905649
301473 333316
302194 415562
302406 172174
302575 329026
303458 551342
303807 469744
306142 109508
306688 209153
310389 62931
312010 385893
314650 531745
315846 282835
316807 197040
316831 354588
318192 332258
319041 45937
320016 960737
322158 313449
323810 734598
324019 131670
325483 550788
327806 42839
328036 942375
330829 989283
332950 883632
334030 607326
334573 654754
338455 901817
340146 605443
340202 173907
342094 526843
344256 959339
345240 781657
345720 344402
345965 588534
347101 902436
347645 981061
349108 285219
352423 286308
353332 628271
354061 71862
354414 126830
354814 714364
359159 143384
360761 696971
361006 147913
361195 494887
361979 115761
362101 953639
364590 8684
366568 612865
366829 759915
367212 884323
368046 790236
368287 838765
370346 603762
370661 969198
370776 329115
371352 371172
372411 202434
373521 500244
374546 51388
377155 296680
377728 944187
377957 7334
378930 398760
381069 565062
381601 857123
387801 167126
388919 143528
390813 917909
392146 307367
392400 693864
392669 200898
393035 984759
394981 596289
396493 393221
402131 337704
404621 601447
405939 916040
407267 660148
408299 952245
408546 770659
409516 95001
409651 59057
412137 246125
413855 648261
413983 853672
414702 651309
419615 682392
420695 790991
422101 851830
425581 123718
428944 906621
430886 206991
433018 548528
438447 579410
440062 964231
442743 853733
442870 717206
443777 695959
446274 443889
446392 114280
447097 247712
447771 43980
448192 713136
452440 118095
454466 421147
454885 66560
455984 573709
456326 312637
459538 748458
462162 438034
463143 525259
463780 948508
464115 154669
464855 960498
468483 147280
468969 861626
469638 495236
469882 358941
472561 456117
473612 986958
475394 71239
475494 760166
478504 76539
480297 881947
481626 688661
482505 372375
484377 57527
485193 511217
488183 178931
489079 768382
489118 846950
496591 411944
503078 951392
506451 858606
507063 793027
508207 665302
509036 124475
511438 212998
511696 245482
513063 820333
515176 546437
517150 535076
520527 751915
522500 834399
524418 513572
524980 456501
525322 838041
528344 236472
529281 486304
531319 174192
531991 504621
534238 616898
538531 597376
538804 730369
539541 657313
540263 341155
544726 228414
546905 979072
547332 422928
553368 117121
553988 815475
554720 811957
555045 367800
557339 919369
558934 499487
559590 942149
560403 271537
560860 411438
561584 292047
563844 47055
563888 574910
567151 848218
574241 389051
576198 468010
576749 560048
577857 309367
578981 76943
581971 608210
584291 486081
584815 444296
586246 564610
586953 898975
587667 685642
587700 409474
588126 728617
588172 707729
590680 38418
592291 525083
592602 64175
594657 684580
597050 881080
598663 627650
603578 104842
605084 518895
606872 982114
608583 497071
609922 514879
610158 362151
613315 97306
617028 178619
617340 455001
619620 510978
620218 479769
621693 236701
621744 815191
622574 37372
623032 814358
624364 765915
624475 478550
624515 758440
628902 288880
629729 53552
635205 207149
642446 206606
643088 328677
643171 403098
643649 886064
644114 335332
646364 641260
649179 130916
653085 360557
653837 846751
657732 44795
662688 693100
666017 906487
670804 319676
671609 973655
671765 841371
672680 918724
672920 408472
676108 481079
676123 937822
677338 973775
677587 900188
681253 779512
681296 609093
683693 549414
684153 545978
685744 146142
688390 994717
688492 226028
690160 46958
692000 538073
692325 806311
693546 981326
693577 320404
695183 57869
696560 802567
700212 720465
702321 996576
703428 210703
704094 766992
704598 716213
705229 451439
706908 104365
707350 524462
707816 682150
708175 57556
708358 289945
708388 85301
708892 117083
714044 232013
716571 101854
717175 592374
722669 365433
723140 904258
723960 262162
729264 43861
730250 824633
732174 387975
732675 324299
733686 288131
738143 543497
738174 588021
738359 940041
738728 102688
738871 822060
738920 857357
739225 721803
739431 434284
740940 753230
741032 686145
741575 162155
741817 617941
744138 550781
745979 844230
746393 930980
746456 839206
748655 145194
748660 929005
749142 73605
750827 100711
753599 846304
753789 788172
754038 285063
756777 612241
757632 910710
757882 566235
758677 485213
760114 515563
760496 338821
763317 187171
764966 365303
769148 123334
769592 118417
771451 487227
771827 342331
776568 356261
779274 677370
782439 395218
783603 700986
783657 909746
783772 612582
785306 515853
786503 498367
786555 483918
787606 564654
789555 413366
793773 944342
793916 57269
796470 202492
796779 264463
797442 768670
797808 836572
798912 584936
