776933 1692 757
151 255988
974 990183
1670 731283
1804 914340
2041 245378
2330 958060
2695 274880
4125 656380
4213 296253
4292 685139
4493 755950
5490 81675
6905 947926
7998 242770
8145 846154
8638 672293
10256 240511
10311 294814
12360 996672
13857 478848
17151 775144
17852 183683
18432 413128
19703 318437
22807 8152
23229 534060
27704 1733
28750 700791
31762 638145
32015 687924
33665 690868
34036 182700
35886 686073
36346 950101
36808 248132
38699 106504
39477 597307
41490 122784
41861 241467
42605 4658
43472 977603
44357 131520
46740 830904
47829 250400
50127 806181
50484 394143
53387 622432
55040 139460
55826 995034
56887 671516
58167 877999
58197 364615
58868 739810
59131 19417
59428 735189
59670 502433
59873 662509
60417 651034
60471 738846
60520 648324
60993 174984
61718 16824
63948 3781
64071 779088
64718 977414
66203 720375
67431 848308
71091 641971
72805 59996
73919 290224
74823 19322
75022 767193
76129 387379
76308 497549
76638 513994
76799 777838
76959 795145
78651 108227
80756 161400
80793 359573
83012 752183
83988 555904
85471 50264
85696 526114
85762 322357
87895 861293
88087 324915
89453 664914
89914 407400
90486 806855
90583 988210
93028 762446
93265 397697
93443 799759
93910 547895
93975 413593
94919 439390
96745 355555
99532 591216
99830 717341
101988 142719
101997 144630
102126 679125
103063 355160
103321 74201
103658 344706
104058 566297
104338 833864
105154 308357
105419 966026
105427 253085
107140 787034
107295 16699
107762 550085
108125 795988
108477 456010
108963 31112
111130 191914
111258 695887
111970 355975
116369 231734
116967 653023
118286 252113
118321 315770
120526 644360
120612 480908
120813 853751
121083 545253
121835 402698
122148 574075
122805 481700
124166 975381
125489 42666
125491 465827
127144 764417
127980 402568
128483 454587
130915 10895
131695 437747
131989 713917
132840 718386
133306 737970
135019 792326
135339 444788
135650 670350
136083 253093
137885 893644
138614 396453
141376 716012
144749 129497
144835 757695
146169 67075
146295 252872
147891 455782
148439 293040
149981 928132
150982 176378
151306 814845
152064 184303
152873 844882
153060 95068
153622 358708
155762 774419
157555 714936
158331 288833
158619 214604
158779 223002
160339 958907
160708 228751
160934 616642
164268 434028
165323 131028
166664 494013
167166 651794
168459 375304
169677 291028
173087 394343
175625 536702
176255 796457
176993 944481
178181 241900
179628 664856
180643 100271
180958 255342
182155 427574
182510 379217
183982 156295
184601 445181
185136 15676
186454 540021
187716 615473
187929 697185
190480 125673
191303 857418
191575 267363
192786 718396
194283 461219
194876 150155
196717 680170
198483 490834
199562 905363
199639 112584
201296 624868
201689 191148
202031 103833
203779 337121
203940 153785
203991 29684
204450 402820
205692 514319
206113 402361
207830 627406
208778 483887
209474 410436
210443 994153
210509 829129
211405 98379
211520 488940
211770 653621
211817 103348
212872 25871
213103 530577
213722 195041
214164 41806
218578 430658
218943 206941
219790 599961
221272 660345
221708 576675
221816 485310
222148 374490
223568 943850
223620 890189
223955 222655
224648 39164
226856 745815
227099 374435
228448 857657
228504 868934
229454 743748
232220 765719
234051 563363
237400 676109
238573 449832
239102 959063
241774 448678
242997 872796
244410 251327
244832 113196
247811 848259
249325 242409
251348 523580
253515 435892
253851 15570
256870 578945
257054 186701
257300 789912
258345 660448
258521 49111
261200 335976
261290 140210
261959 35964
263966 593036
264888 666903
266648 118012
267055 277624
267427 110041
267573 422956
268568 4918
268718 474714
270143 146973
270372 274903
270904 473290
271574 889303
273456 263288
273647 657813
274632 691969
274809 163808
276127 42740
279040 363717
282015 298582
283851 586005
284602 550487
284852 62360
285898 339415
287732 582674
288549 856553
288996 439341
290126 294838
290420 588497
294747 662275
295004 234246
296068 347608
297241 489503
298079 444847
298812 783795
301890 778839
303345 626868
305144 709561
309085 189023
311735 891698
312998 93203
313714 488754
314814 147252
314900 664896
316393 680978
317245 835154
318511 397207
322296 985607
322349 276209
324285 700128
324807 109411
325210 709448
325739 450399
326192 2554
326480 754859
326482 176708
326705 289135
328791 316459
329415 980660
330127 994394
333468 793859
333819 609934
334748 605700
334756 143945
335897 377296
336353 384526
336884 74242
337010 231504
337046 861303
337907 313817
338552 322126
338564 745203
339704 449802
339958 789450
340123 192244
340692 389262
341370 910097
342062 302886
342994 93089
344522 670686
347001 621569
347067 780185
350375 789327
351556 912127
352421 959314
352664 76772
353983 842895
354005 799739
354658 215783
355136 419813
355548 845131
355635 521546
356186 102596
359037 387451
360074 993952
360967 861044
361680 481488
362119 451592
364132 260301
364727 774773
366484 257319
367372 76503
368510 379291
368955 654576
369427 750477
370978 229171
373845 648624
374704 460406
374958 938080
375750 83801
376111 80425
377271 537045
377829 962777
379081 406505
379441 473262
379577 647150
379675 242192
381358 313516
381906 676025
382012 190560
382637 581854
382840 470466
383297 312136
383697 298323
384633 317366
385575 611598
385870 235698
386969 94871
389074 909590
397797 591844
399014 74449
399688 830349
400522 555655
400737 923224
400815 592763
404423 407609
406389 703580
407280 450811
407548 508174
408722 580620
408743 904892
410486 346293
411114 79876
412354 195255
414938 593479
415297 454191
416375 768342
417951 318503
419087 797146
419785 638618
421597 375143
423851 742485
425980 998352
426634 670685
428044 619243
428096 171099
429048 380018
431777 260633
432538 929121
432612 404408
436949 648639
441087 24991
445748 819973
447713 727717
447870 639368
452272 117162
452878 385244
455081 868737
455160 559028
455952 830725
456737 820443
457062 641497
457223 242386
458522 33271
459548 774449
460367 499772
460377 384467
460739 679723
462755 193826
462819 642373
464167 516904
465367 322309
465451 202184
466574 2833
466842 244068
468845 413624
470805 195215
471349 19705
473167 157722
473634 667723
474629 429685
475710 573001
476820 806290
478162 272732
478280 434208
480928 800981
481061 860274
481700 357277
481995 27210
482561 124815
483734 158657
484863 621799
485040 530613
487155 799152
487845 974334
488552 444791
489588 751491
490096 796020
490199 788311
492385 215518
493521 747915
494256 365177
495444 871891
496343 275849
496563 896977
498685 589805
498734 704996
500204 41639
501182 195102
501442 557046
503026 370516
515875 387910
515963 418806
518720 303925
518738 768210
520714 375154
521360 118979
522757 125137
524572 475011
524751 594217
524764 886386
526602 689753
528133 100178
529433 933047
530156 348788
531119 65
531221 806835
532031 775909
532230 97000
533264 368525
533413 653192
534359 78578
535201 915922
535289 362306
535599 13807
538299 962853
538386 762923
538422 827279
538804 231237
540453 294442
540518 503957
541290 88873
541637 836271
543314 731786
544294 833492
544391 593446
545886 681620
548329 752562
549568 317006
551158 346420
551500 100374
551621 866890
551814 406191
551905 172346
552408 721008
552728 353432
553519 751930
554076 631396
554474 349995
557216 870597
557351 539342
558495 562437
558697 982459
558895 575071
561614 571670
563087 711273
563351 283785
564962 682631
566429 774398
567567 352306
570875 472720
571374 542449
572904 188406
573062 572619
574309 691537
575441 272798
575518 327494
576840 612668
577057 311176
578100 426704
578724 700563
580602 999060
581296 869872
582970 71068
584616 3066
584966 121167
586175 865949
587580 787434
587967 772602
589901 768930
590522 271113
590987 114189
591036 863170
591428 783552
591530 223395
592932 105082
594667 957280
595208 918836
597629 974902
600477 932190
602305 899235
603270 716206
604607 996588
605358 578967
606575 354539
607056 21869
609577 905521
610070 55387
610908 929656
612611 294719
613210 148622
613419 345361
613535 440132
614612 782844
616295 513971
616496 9917
617241 426214
617731 547321
617855 219146
620035 303720
620928 360307
622783 814497
623068 734071
623942 56611
625510 622495
626784 336270
627342 408348
627546 119085
630082 722756
630259 151271
630496 645858
632325 137717
633130 944166
633507 280774
634166 973898
634309 110934
634402 412479
635902 128196
637977 199318
640118 202083
642048 836309
642765 92993
643231 274925
643857 530823
643861 217187
644582 189987
644841 844258
645044 177667
645537 141858
646040 910001
647314 563196
647427 899686
647893 491026
648231 127321
650846 672701
651032 164103
651200 203013
651693 580406
653532 576441
654154 271289
654260 668234
657424 725323
657737 79711
658164 293451
661322 177694
664578 870589
665797 918769
665847 161801
666989 424486
669433 274488
670862 814296
670958 38747
673506 525592
673807 364264
674491 665680
676092 931267
677597 73918
679530 960900
681377 335752
682957 130981
683571 431410
683797 23813
684563 978024
684863 91022
685419 707029
685424 459313
686376 292956
686922 146694
687016 944338
687068 476968
687878 603926
687984 997401
688056 831740
688752 766344
689012 69179
689092 466384
689229 229424
690150 113714
690386 766621
692587 208377
694234 141414
694252 119482
694747 454008
697338 385111
698327 71280
698803 649974
699908 130728
701146 588121
701359 208672
701455 951379
701618 755985
703172 868662
704824 840625
705230 431144
705818 848181
706147 165653
706661 144576
708504 453645
709878 602975
712051 603940
714436 480414
715694 729287
718299 299246
718977 417145
719657 646714
721176 654132
721593 651143
724538 132181
725044 107430
726333 160569
726681 834195
727469 833330
727547 205411
728124 573193
728696 301634
729697 595968
731154 701711
731181 186942
733022 417647
733663 521652
734834 277355
734884 84400
735151 554464
738906 291435
741489 808774
742400 543358
743111 219447
743480 460681
744847 461991
747062 173611
747524 337323
747958 121337
748131 203700
749590 991582
749662 647304
749748 868529
750258 464309
750686 497194
750798 982804
750897 296722
752181 86760
752498 355828
753768 827543
754478 561222
754694 997602
756180 112920
756552 181765
756655 404137
759986 115226
760346 611288
762272 750938
762336 735021
764279 985855
765198 72400
765546 6716
765603 48772
766067 300831
766364 658231
766494 830375
766991 635580
767472 51710
768033 807714
768395 941034
772489 404239
773726 793867
775765 272466
