838699 424110 710
1590 995699
3193 471314
3562 113283
4695 799976
5395 391785
6704 914768
11016 826778
12840 218626
12859 504369
13438 276692
13986 194623
16730 159171
18004 33819
21444 91546
21736 244744
22088 829749
22121 4207
22939 251999
23188 458910
23919 936072
25104 763982
26027 715786
27214 762510
30887 883803
31009 639222
31113 407449
31845 209521
32807 402798
35757 594921
38881 99796
40833 928800
41257 972821
43476 947193
43971 420297
45441 451180
46977 467881
47130 646761
53282 558589
53865 286253
55814 837158
56636 462919
57793 721600
58118 87233
58901 219520
60501 369819
61632 54838
63422 581786
64333 175873
64430 840596
64511 215968
68213 966605
69375 346456
69754 133237
70278 153177
71604 492952
72370 650883
73644 45827
74914 445579
74926 216068
75396 332588
75468 273238
78953 228139
79130 18286
79556 209327
80134 216081
80270 45674
80395 364334
80762 624765
80809 281151
81037 595169
82175 668363
82186 986583
83164 146636
84972 90299
85802 920687
86905 622849
87152 413488
93585 917715
94028 402331
96812 479050
96858 824491
97257 546117
97493 214180
97617 564896
99149 856146
100072 367196
103159 461201
103301 485446
103505 985309
104855 78688
116228 532878
118519 741211
118572 59900
118973 617637
119185 193627
120957 782662
121970 891039
122826 822713
124696 474600
127889 905924
128343 636908
129934 156583
132291 17252
132325 45583
132593 584258
132604 226159
134838 547443
134919 874738
135551 525451
135678 620292
136508 202545
139734 136369
141371 760141
141372 479250
143378 144695
148976 143191
149509 204541
151322 185312
153028 643057
153661 769597
154576 640478
154736 677610
155245 418380
155682 461994
157420 769069
157678 294221
157800 251352
159674 935789
160012 485439
160464 910922
160813 109098
162397 296080
166078 52788
166925 300958
167122 819683
167435 581642
168832 851789
169457 987162
170098 243562
170982 565655
171743 654877
172107 707334
172110 450833
175926 1510
176396 552378
178009 537460
178084 231473
178105 754271
178130 885693
179274 29519
179606 833769
181699 343288
182258 376196
182493 329409
183026 747150
184723 517099
185204 721484
185823 999217
187490 287513
190066 6562
190277 813966
191067 217860
192892 743310
193515 764671
194186 984469
194704 998636
195273 68137
197476 161058
197946 140924
198233 752782
199319 555198
199519 111704
200532 504111
200670 430843
203412 140399
206171 181722
210491 498686
211131 970639
211225 433457
213946 738646
214053 246838
217860 273576
218170 481346
218252 628212
218285 358373
220638 934917
221244 652742
221554 361009
229444 870919
233834 896834
233986 640286
235366 57156
237052 906072
237516 320090
238411 952988
238944 422446
239139 190859
239600 951628
240503 56173
240968 194589
241512 436922
241580 400126
241977 546760
242122 541682
245257 7599
246284 59319
247707 766261
248170 126924
248360 134551
249367 664246
250366 10601
256183 918747
256906 870467
257199 760878
258092 104765
258293 351377
258728 688296
259462 275439
259624 195954
260733 574928
264814 8210
266332 224708
267587 487957
270420 521315
271118 479778
272210 24049
272783 500610
273969 69798
274124 895607
274846 258881
275379 181493
276076 276930
277628 129433
279256 939975
279713 866814
279738 581612
284912 623771
285266 549719
285720 465921
288073 238317
288160 727249
289030 532041
290935 582235
291109 276749
292452 605719
292967 54374
293234 679970
294143 639053
294727 147362
295143 604073
296676 613532
297245 767135
297807 578687
299940 780543
300449 730209
302865 310370
305572 783192
305983 917723
306368 816208
308375 687030
309005 278309
309290 541857
310450 23270
312235 340693
313869 150360
314196 19246
318176 24450
318897 63836
319485 128445
319951 530456
321166 821265
321629 119076
321750 517050
322427 702482
322916 794555
324926 651910
327421 11612
327555 775074
331718 670089
331802 659350
334972 58783
336013 926157
337132 95706
338591 492500
339395 305510
340622 447215
341542 987735
342234 104507
342414 779589
343395 392766
344144 620816
346021 44913
346862 701524
347328 606221
347445 33228
348789 527506
353189 197180
353297 484443
355803 133627
356163 788091
356687 101392
357447 725402
357682 525752
358706 648118
361261 615766
363127 833124
364270 204813
365961 717930
366200 71208
367627 446399
367890 923637
370040 774166
370729 722870
371696 451911
372379 6645
372506 326848
372729 517418
372800 651015
373841 928915
375949 760099
375973 280238
377268 117751
377958 416278
380187 458347
380717 663143
382975 819858
385467 459670
388221 695655
388484 665523
388961 768883
390359 889941
392050 55832
393312 555261
397333 875829
398161 541346
400440 556026
401178 222578
401473 593033
405296 716325
405547 437461
406350 336654
409466 359757
410054 588865
410192 956823
412304 970334
413199 740106
413460 959771
414073 441989
415310 169133
415402 571701
417397 132697
419923 351492
420123 659635
420962 745031
423003 225427
424247 319484
424967 15620
426914 759254
427090 297458
432098 373716
434427 839727
435070 596671
436195 887168
437109 48618
445725 289088
446036 892299
446235 88330
447050 296699
447646 513320
450438 343433
450734 608199
452482 778118
452623 42214
453388 651319
454354 549361
457549 154350
458374 450496
460018 477549
460071 710434
461846 62727
462957 639668
464173 345001
465149 985550
465608 179592
466552 772451
468158 170650
468350 611094
468660 412349
469901 563444
470231 214877
470340 745722
471295 641096
471901 83006
473119 623199
473931 438284
475754 342302
480018 779161
482542 733305
482817 538468
483063 860022
483158 930854
484347 325724
484792 942411
485111 182818
486072 146863
486671 857666
487117 652374
488596 215125
489337 977727
489437 303018
490846 71874
495273 814793
496735 482072
496865 881912
498003 491848
500026 308704
503414 331908
504501 558994
506595 50767
512817 727674
513165 458337
516927 723594
516984 516264
519019 900171
520823 931162
521604 957697
521746 768869
522765 47296
523393 490518
524123 307276
524900 971222
525707 384586
527460 360248
530989 492231
533598 68194
533777 870854
534844 752894
536176 451406
536207 320627
536544 196442
537733 988769
537773 97338
538361 621799
538461 647106
539261 556271
540669 357790
540798 126302
544362 892014
547683 407324
547735 636803
550044 291333
550364 101948
551511 61431
552519 730060
554647 49305
557701 25570
557963 610961
558204 355137
558271 622191
558591 148333
558841 954031
559321 841230
559610 807802
559625 311717
562684 24459
564453 747889
564713 763107
565239 166956
565265 854012
567765 804019
569250 817494
569740 920845
570327 921548
571437 116659
573266 957849
575124 591651
575299 338933
577008 716720
578351 615684
578479 135321
578624 936669
579545 418229
580650 751775
583137 325706
583894 16869
585359 413248
587777 707074
588456 128026
588625 255699
589072 157081
589998 339386
590693 189673
591370 145308
591487 316328
593152 503417
593811 690226
595541 517001
596405 885959
596681 43187
597209 841830
598347 682507
600225 296710
601461 700178
601535 855488
601629 413683
604261 547199
604670 111687
606043 150111
606959 436450
607282 121190
609509 168468
612237 925298
612493 631212
613561 499122
613662 471072
618060 655920
618184 293064
618988 705664
621522 233637
622687 533330
623832 821527
624073 178329
625912 78562
626571 99194
626999 146957
627498 324310
629259 634844
629940 262682
630336 537150
631100 159546
632009 847506
632389 964777
639960 60856
640975 71064
643656 559622
646142 352341
646224 526248
646310 333302
647590 167624
648610 779340
649711 767147
649897 743777
651496 887984
654345 266551
656975 813052
658266 418615
658533 866702
658914 997678
659718 37374
659832 63228
660128 619302
661338 3011
662824 502025
663345 580659
664226 310634
665436 661001
668214 996885
668554 979389
669642 743555
669899 681765
671472 985825
671615 23276
671715 970513
672196 21088
672199 334165
674901 597794
676124 381645
679876 230142
681784 630184
682710 578054
683089 641246
684285 921325
684732 502731
688592 171730
690625 793591
691449 655998
693546 766759
694751 508575
696242 320908
697323 986544
698510 899131
699189 398059
699572 58713
699694 471244
700209 289176
703870 82045
704920 869372
705309 446253
705698 862857
706927 906397
707332 109200
707387 759012
707950 873102
708370 625295
708887 658845
710226 741271
712543 738955
713074 655031
714239 880503
714318 976589
714840 457284
714946 303422
716043 853888
716780 136652
717027 79355
718266 705024
721035 378527
721280 816102
721618 804459
722286 488435
722479 47219
723727 363467
725327 272214
726533 320327
727711 508160
729905 374272
730485 356375
730513 264926
730963 880495
731158 199895
731318 278321
731899 256604
732221 504709
733781 839664
735062 862570
737146 895057
737226 480095
738432 285921
742774 495810
743754 336771
745757 411823
747770 598176
753324 993244
754773 85085
756483 190716
757645 451476
757664 270784
758033 712247
758385 562183
758897 480514
759096 744836
759472 943884
759753 503820
760180 413077
760446 908490
760635 757842
761536 601815
762704 318287
764299 797284
765192 538511
765379 675604
765666 133800
766897 51620
768711 253922
772229 891478
772235 394110
772656 399551
773171 400787
774016 999579
775330 283761
775667 626839
775744 462416
775992 852718
776615 642479
777178 761031
778309 451860
781548 796546
781814 950189
783613 610168
784412 627183
784975 248100
787819 117481
788638 255822
789329 302906
791604 863286
791806 25109
793435 997084
793789 58144
795812 750798
797713 158929
802178 449575
803826 345595
804117 167074
804770 790946
805221 563936
805410 958822
805947 937139
809981 150324
810314 742672
810800 893301
811693 630083
813538 382704
814637 487207
815972 931602
816284 311379
820259 669216
821385 195880
823110 223442
825122 989908
825553 67691
825796 368716
825939 5442
827237 461162
828090 142465
830450 1795
831104 327806
832241 827936
833033 634728
833887 882545
834063 384672
