109627 16260 252
1207 358789
1345 780692
1729 214369
1769 493361
2986 832932
3382 659141
3432 248371
3486 15242
3532 846119
3629 999936
3724 545700
3934 483341
4416 485202
5041 273322
5713 90064
5751 233380
7571 273669
7861 546844
8613 453465
9473 635165
10143 587121
10185 171009
10582 632619
10760 163713
10972 150467
11715 861217
11782 602801
12053 900665
12434 812487
12504 716640
12609 648801
13194 891856
13861 54211
14161 544623
14507 194244
15608 253322
15771 832734
16256 693497
16479 77393
16907 605955
16911 999956
16927 349595
16984 103254
17518 810039
17610 606500
18273 983746
18720 795823
19653 782369
20472 18673
20918 242538
21049 250417
21112 848378
21309 946496
21617 794003
22330 332371
22606 860585
22887 36339
23267 283949
23957 598495
24059 207140
24221 855191
24480 2424
24981 728746
25600 235298
26307 698707
26562 562383
26675 252819
26960 810097
27383 5879
28351 138729
28986 394136
29644 521839
29822 159007
29963 856576
31059 970559
31174 728481
31182 83478
31533 826366
32242 969794
32485 64860
32882 705212
33088 232504
33591 263071
34451 866462
34536 8955
35043 792482
35495 649938
36673 43205
36729 738930
37141 101859
37503 502827
38017 81454
38110 221789
38253 845798
38585 29805
38847 927125
39299 297249
39484 192870
39771 101247
40108 464212
40853 625173
40918 290326
41151 286130
41415 187602
41501 528964
41716 101657
42531 812379
43012 964495
43156 496628
43698 176480
44946 431176
45006 760278
45350 45153
46155 543925
46495 521741
46827 703315
47456 436146
48365 152360
48564 477442
48657 856606
48704 230284
49046 316989
49249 623176
49855 243792
50315 611066
50815 855364
50955 885876
51101 132565
51178 936954
51515 676257
51534 39042
51583 68104
52595 385762
52726 537086
53453 506046
53809 522038
54083 328771
55273 799074
55917 505934
56198 72198
56256 39221
56347 754778
56560 650669
57404 344394
57452 370095
58225 756641
59144 377541
61361 258559
62087 708046
63255 408136
63369 479569
63471 84196
63545 440429
63705 158060
64487 677670
64764 236886
64841 280554
65378 662958
65570 911235
66369 410730
67430 746870
67526 31533
67659 363969
68304 774738
68627 526198
68635 545200
69456 799206
69471 321229
70610 2763
71980 176959
72092 339457
72524 250857
72593 944719
72779 58564
72960 552089
73157 22982
74321 968538
74345 140843
74409 695632
74761 779555
75069 85086
75107 758769
76324 15850
77466 815582
77896 790583
78657 913798
79010 943452
79192 867949
79239 964443
79977 403505
80245 165475
80594 636509
81524 929029
83110 144494
83878 936263
83884 530035
84014 748283
84777 741536
84859 672895
86941 929930
87112 905557
88196 452749
89118 215308
90297 11740
91127 471559
92780 47846
93122 250782
93521 960741
94005 985900
94789 478675
95707 666697
95846 982096
96533 108448
96537 337306
96689 112637
96901 520070
97265 253823
97580 789572
97652 791451
98403 958679
98436 547027
98540 648011
98576 827477
99116 595271
100162 550825
100370 532437
100913 368745
102016 122839
102243 850128
102744 122889
102944 297779
103048 201321
103054 599684
103223 3052
103240 555885
103289 440490
103871 734097
104627 481768
104808 162777
104813 179402
104940 999294
105669 963623
105835 138798
105976 644891
106049 453762
106322 282566
106399 924625
106530 507934
106547 215091
106835 154216
108132 638099
109339 985392
