81368 68927 833
51 589283
77 971962
318 235187
678 950478
747 721954
821 992804
1152 612860
1368 440964
1416 57468
1571 190948
1999 253983
2007 14074
2205 714584
2284 52755
2370 567342
2424 376446
2447 580551
2627 948942
2874 295527
2875 247335
2932 507577
3007 609506
3117 75863
3189 247531
3252 241546
3260 59098
3262 692304
3274 251150
3377 399873
3429 320285
3596 794765
3615 840944
3665 880200
3717 231460
3773 639100
3807 295980
3821 69821
3983 311819
3987 988976
4013 888637
4036 832997
4117 118344
4198 190270
4326 274812
4367 849517
4517 834989
4520 115131
4788 263373
4833 100076
4888 219744
4936 217612
4960 765882
4988 2655
5140 175132
5402 896445
5600 995270
6292 885554
6355 249485
6411 896208
6459 2873
6544 719566
6547 88837
6733 863098
6801 727191
6823 26911
7000 418112
7024 381792
7131 985836
7157 694803
7558 702854
7595 887185
7748 295618
7889 2444
7950 895496
8050 978182
8068 50268
8115 662820
8131 678383
8146 20182
8178 157847
8245 243130
8322 890933
8355 400562
8399 305702
8428 366814
8467 228728
8479 161552
8682 377414
8741 515832
8771 935462
9058 115306
9086 88509
9091 402289
9118 265440
9184 9764
9261 247468
9327 976851
9358 792137
9638 208341
9653 839528
9672 305518
9782 689798
9783 171882
9808 461745
9826 997778
9910 748614
10054 873036
10056 129548
10057 654783
10102 775676
10106 40190
10137 205690
10158 943337
10324 965755
10493 706834
10511 833334
10801 576166
11091 688370
11161 17725
11317 683614
11424 677573
11451 86722
11477 372637
11564 420312
11581 780261
11690 242598
11778 409726
11895 270920
11982 857137
12026 581274
12047 877836
12134 90527
12300 884086
12368 400598
12396 192195
12571 968312
12577 516679
12626 327528
12682 638810
12744 825002
12826 550080
12848 950566
12918 737809
13524 433646
13597 390871
13673 138366
13730 253051
13821 662166
13844 926570
13871 427857
13956 308521
14011 248312
14238 46743
14388 747982
14617 899693
14650 987020
14818 263900
14828 248024
14829 798150
14976 144006
15008 430925
15012 964690
15152 569361
15155 571548
15179 298164
15200 448594
15298 140066
15316 48464
15325 916478
15620 372481
15761 536783
15942 541937
16193 841219
16292 98907
16350 556829
16366 435271
16411 802567
16449 744567
16464 175101
16527 602514
16777 893585
17145 124609
17191 506527
17208 280187
17214 949083
17223 177114
17230 891947
17351 228864
17623 417328
17770 871301
17902 864277
18038 631554
18080 222789
18259 695050
18287 297175
18466 831581
18639 207554
18668 99237
18711 727655
18770 862193
18789 459450
18810 468042
18923 538398
18925 445036
18961 55222
19228 557019
19323 306902
19393 544743
19424 698079
19433 162409
19542 538446
19556 881190
19701 776165
19820 321765
19883 918646
20009 344474
20027 153840
20065 828316
20073 185688
20087 609258
20126 230446
20482 505660
20537 385459
20543 876332
20699 564932
20723 283034
20764 448002
20866 375537
20934 791122
21100 126758
21183 603881
21186 112683
21276 178345
21298 459187
21317 600446
21334 601645
21397 447484
21437 418536
21476 577197
21562 88600
21567 180143
21638 841124
21691 924303
21760 464565
21784 885664
21899 75752
22026 30677
22185 467731
22215 8444
22284 265638
22307 143209
22563 340664
22760 140054
22959 355190
23085 267586
23122 40588
23294 397223
23296 610148
23449 583411
23491 968186
23526 766874
23583 3257
23697 236195
23938 401534
24217 818055
24377 604253
24489 880182
24504 252077
24759 518636
24803 357053
24878 103613
25078 261974
25109 699147
25239 808256
25391 223173
25394 891081
25461 546178
25622 141365
25665 667046
25869 352468
25927 873933
25968 148766
25988 245563
26072 440855
26083 940197
26092 650575
26179 777749
26300 517911
26309 509295
26346 560404
26396 733764
26520 172427
26562 140729
26563 162458
26625 18223
26773 341733
26851 531587
27175 802090
27263 364796
27363 540167
27410 230468
27548 716720
27634 643094
27656 525624
27746 927082
27798 134120
27869 678514
27888 645821
28031 173095
28199 263525
28380 837033
28641 808830
28673 215043
28746 126678
28871 667484
29081 955830
29153 838951
29286 938370
29340 58331
29344 667821
29350 919763
29499 762262
29516 870862
29584 694986
29650 851608
29949 953821
30008 210341
30076 406916
30207 802400
30313 98755
30337 172971
30371 817653
30394 963093
30401 174346
30702 267255
30712 301857
30967 132469
31149 211621
31176 971556
31191 365368
31207 175601
31396 611402
31451 327498
31517 950925
31930 651812
31996 734015
32072 532810
32367 288288
32470 201850
32503 63913
32747 227706
32879 687852
32884 435462
33179 474140
33279 606397
33702 975014
33823 964440
33865 955576
33885 203383
34073 252061
34189 554849
34200 249873
34238 400213
34239 283698
34276 367803
34328 583216
34481 492349
34587 651185
34627 284982
34638 437095
34732 726068
34852 889487
35030 483343
35244 588737
35261 907084
35305 500293
35424 377035
35449 395591
35579 862
35600 385343
35739 861715
36010 969223
36098 213629
36366 553019
36619 64587
36748 444097
36750 514543
37175 332969
37237 569036
37311 944177
37338 393820
37453 949162
37707 558626
37762 87114
37991 562843
38157 892380
38191 627812
38274 555804
38314 771511
38482 321831
38487 120168
38541 311894
38564 618231
38571 458997
38577 209469
38775 343750
38827 177250
38872 168339
38931 116207
39048 43563
39165 345045
39198 525968
39277 846870
39386 433857
39394 213411
39457 235757
39614 561396
39888 238483
39974 542231
39978 127610
40112 189483
40120 472002
40219 696516
40464 484997
40518 38233
40607 449441
40838 928090
40880 631819
40885 90304
41066 772902
41227 992001
41277 369794
41442 268025
41562 750921
41575 289288
41597 92196
41761 469552
41809 845715
42287 49201
42321 176894
42354 594762
42411 305965
42530 112864
42548 413273
42699 690223
42740 244951
42931 407872
43059 25922
43100 686387
43300 890596
43308 292893
43453 397611
43526 739876
43608 537739
43877 362080
43894 70421
43948 783778
43969 654191
43980 912602
44032 946304
44187 61570
44438 532846
44588 520460
44738 740242
44828 289769
44985 163141
45076 530810
45101 393842
45216 18380
45434 198536
45693 63079
45775 182749
45815 730079
45857 171184
45892 542185
45941 61417
45957 649907
45984 126425
46156 982734
46207 740482
46258 987571
46309 423243
46456 998859
46562 271236
46720 148357
46770 308052
46799 299122
46806 692000
46841 153052
46896 119513
47112 278768
47338 514627
47348 683008
47439 592643
47560 917804
47642 520286
47782 134397
47786 902721
47988 492323
48037 515584
48188 472388
48272 386883
48362 991716
48380 514128
48484 114312
48663 468153
48689 452484
48794 566380
48885 661237
49012 286008
49018 301147
49020 965327
49226 326602
49293 593973
49301 216600
49562 545889
49649 967181
50120 41055
50185 863885
50226 205717
50290 434537
50320 568909
50346 433262
50488 656745
50504 537797
50510 929886
50601 481586
50722 539405
50738 397229
50942 738391
51061 882328
51132 148085
51167 156679
51206 846870
51262 360351
51277 756095
51349 55976
51662 988518
51738 204503
51918 354658
51955 332694
52051 541307
52082 440527
52483 558395
52517 605974
52572 542448
52606 714318
52749 662257
52835 877893
52846 992729
52862 441376
52868 513250
52884 445028
52947 641549
52948 776768
52977 600235
53301 245625
53373 909553
53734 400657
54043 637037
54157 824029
54167 330797
54211 811229
54284 717235
54358 847572
54835 653514
54942 70895
55218 428628
55397 910704
55431 969095
55457 813478
55482 630061
55558 96672
55581 477173
55621 195445
56073 978952
56088 956706
56209 253603
56450 119441
56753 835627
56773 305898
56820 743918
56994 155503
57000 308804
57032 334711
57074 37883
57175 26021
57306 659788
57409 189227
57445 493410
57493 300326
57496 727673
57554 465576
58039 875986
58256 211421
58383 772975
58438 772148
58517 353863
58534 207258
58550 504758
58619 63692
58659 816782
58688 965918
58807 502684
58842 302878
58878 870698
58921 24134
58927 365416
59181 239410
59419 33372
59483 874252
59558 873981
59624 728042
59904 855318
59931 690084
59957 299942
60253 856810
60374 460698
60412 909417
60480 423924
60495 14327
60556 239584
60633 844746
60724 916226
60774 647786
60837 171892
60853 750768
60867 686084
60873 724780
61005 767231
61116 456779
61168 384829
61275 892335
61299 237030
61395 672449
61396 334957
61493 202410
61620 831243
61837 805381
62064 646753
62291 601354
62443 366402
62582 16164
62591 136281
62615 56904
62819 723537
62836 986721
63035 398751
63061 778664
63218 230319
63278 965558
63491 446687
63494 166610
63515 726195
63560 691854
63922 216262
64235 216421
64303 84747
64357 496550
64842 678110
65215 317990
65288 542163
65327 234760
65374 786501
65404 638765
65528 437509
65669 489707
65687 96969
65688 345260
65832 648442
65970 512273
66098 278772
66151 735785
66178 100677
66192 682403
66267 352852
66325 972012
66359 517187
66389 644970
66424 883259
66442 464701
66661 283792
66691 854982
66799 227037
66837 208952
67097 118998
67160 476250
67275 181624
67402 316500
67479 494031
67562 161076
67642 534371
67836 77941
67868 874668
68274 434459
68410 916743
68415 195985
68891 107228
69071 758875
69074 887818
69130 496614
69147 914408
69193 247443
69461 506863
69518 319176
69692 457054
69866 14867
69943 165135
70027 344906
70047 781484
70059 539578
70149 163328
70311 636775
70334 200511
70390 271322
70496 185517
70566 294613
70572 920093
70674 131534
70716 141833
70725 430423
70831 6179
70843 204039
70913 394436
70956 158992
70960 574003
71108 478907
71533 686149
71592 496435
71683 900697
71708 646371
71770 267178
71868 965036
72106 383773
72107 252107
72236 211780
72305 62207
72317 654143
72355 117849
72741 767130
72980 691249
72985 140891
73004 813077
73094 71861
73131 677152
73286 602055
73296 504920
73519 965737
73523 964777
73576 534666
73648 986878
73763 149411
73770 182061
74052 333224
74181 204346
74278 38052
74552 858347
74759 360836
74900 36715
75016 374139
75041 296702
75045 415522
75168 882299
75192 906965
75238 32541
75247 343168
75426 377156
75434 207451
75505 983183
75622 529025
75681 961940
75807 967739
75842 145010
76109 107662
76117 602125
76173 378750
76228 625932
76364 467738
76425 711462
76591 801925
76877 421411
76890 611694
76902 554607
76948 371606
77036 916912
77104 618265
77107 444179
77344 718282
77655 238086
77678 747098
77770 654557
77822 280346
78200 484463
78379 417859
78430 14672
78431 180622
78798 15978
78848 999201
78858 933388
78899 671709
79034 790399
79036 953775
79067 980286
79134 595632
79182 640162
79292 103942
79363 487652
79367 241377
79395 400547
79497 249838
79556 945901
79589 533670
79590 408227
79601 787075
79631 201632
79752 370931
79824 71600
79879 553228
80344 88859
80432 824071
80604 726804
80668 249779
80721 869982
80727 529274
80810 46128
81052 165246
81063 491516
81101 167723
81195 25986
81237 180310
81317 380537
81320 223646
81323 36355
