1000 100 100
9 813
18 556
27 628
36 235
45 657
54 185
63 869
72 352
81 856
90 999
99 493
108 425
117 359
126 928
135 645
144 216
153 628
162 94
171 38
180 827
189 343
198 801
207 264
216 972
225 39
234 830
243 571
252 865
261 699
270 429
279 941
288 511
297 984
306 568
315 746
324 992
333 752
342 614
351 695
360 959
369 964
378 187
387 736
396 675
405 466
414 380
423 890
432 94
441 825
450 927
459 272
468 167
477 80
486 536
495 490
504 470
513 365
522 61
531 334
540 64
549 489
558 274
567 926
576 824
585 841
594 23
603 815
612 945
621 988
630 509
639 255
648 952
657 48
666 990
675 978
684 513
693 722
702 867
711 958
720 898
729 146
738 230
747 65
756 577
765 117
774 554
783 46
792 481
801 966
810 380
819 896
828 806
837 5
846 174
855 629
864 198
873 196
882 795
891 142
900 184
