772738 324619 234
632 30929
2419 496194
12612 353379
13559 571024
13960 262247
14742 168947
24574 85795
28679 599292
29859 627613
33563 300986
33679 798789
34366 201548
35363 995964
35829 369549
36019 309795
42141 594779
51487 463891
54593 574353
54854 866628
58800 294704
72263 834773
78354 344804
80098 18294
80184 26373
89757 545776
95952 69286
99412 49591
103270 41326
105844 464560
112571 573665
116843 970801
118322 152899
118470 622331
123622 912365
126786 245847
128653 34404
130921 96625
132104 879817
137537 675041
140158 20168
141336 388575
156893 397407
169480 403320
173978 467616
179477 791726
180561 508427
183156 153738
186063 778243
192207 159891
193390 299436
193895 519344
196995 377696
198180 716996
199513 315704
203804 953688
204284 62496
205802 995525
213703 618879
216011 341535
226101 864651
229708 82437
232492 627904
238106 241504
241573 791968
250553 676398
262093 389183
264518 255000
277776 801836
280360 655156
282977 761765
284147 286756
284859 641832
285313 2088
285508 290960
293403 881123
298926 888478
299567 98594
312364 187223
314421 531277
319358 367694
321778 847728
322289 632179
324264 655557
327220 667628
328174 75417
328378 455532
328991 595066
329339 775363
329871 111949
336589 604449
350542 159854
359167 558976
370081 148590
375431 980850
383652 140171
383671 30803
386376 483830
392565 130003
397262 856901
405673 683316
406226 892478
407300 406378
411255 584970
412432 369657
412972 423030
414027 64469
414719 418613
415480 251581
415607 279697
417814 855860
426414 491388
435617 374268
437707 513204
439727 525934
441538 586374
445532 750066
449555 261375
449786 561885
450475 897908
453734 345867
460784 919578
461327 138874
464141 946919
466660 455966
467043 621070
468497 21344
469180 828504
474358 724884
476282 119915
476353 680734
480646 552566
481825 186854
481902 29884
484983 142339
485755 724787
486371 600816
489532 183270
491888 269285
492470 612426
494345 46579
495778 582411
497237 708291
500012 40710
501532 130743
503192 575450
505866 213976
508240 385586
509366 309566
520006 195313
525356 995810
526105 540329
526716 438466
528721 606387
530509 997171
535991 165513
543667 604662
554363 240872
554701 208617
560740 133571
563805 122317
564665 392937
567487 609489
576893 891738
578983 726261
585351 338496
591504 25800
591656 540835
593460 684569
602229 331307
604449 8781
609664 55950
610110 794339
614204 800514
614503 702077
614715 716317
615274 820353
618447 300942
618837 304313
619002 157536
619442 559879
619595 207348
620091 449979
626120 610843
628021 189022
628613 368094
631795 614960
632852 947031
632889 264705
636612 32645
644835 362394
646311 757053
651060 958534
651392 696823
652278 144767
655270 927647
657097 429752
664333 587684
666129 201882
669925 98754
673988 858127
674112 433845
675626 781335
675726 731964
677958 163166
678553 716944
684299 485956
684608 616266
684698 253085
691101 591362
693983 830459
694881 834046
696840 210021
698138 980983
703865 342010
706019 368534
711347 749671
714705 177122
719003 807274
719329 359663
719353 586873
724196 899311
724407 930348
732101 556339
734253 772416
738051 833971
739467 817184
740496 618288
750794 29546
752367 313815
756920 524787
759601 910494
764837 875043
767167 381089
768976 338616
