915971 398304 695
265 676622
581 934602
1366 169713
2624 52078
4398 910780
4634 858267
6897 958479
6999 229131
7929 431713
8781 111869
9515 936289
9961 761029
11574 792116
12715 73256
14334 891503
15495 444704
22520 875645
28122 94133
29669 551485
29922 232996
30409 699113
34254 453088
34632 402407
35929 329660
38057 736880
38101 555821
40413 468155
41361 192928
41644 324220
41699 101792
41863 711653
44740 953699
45697 542970
48316 187247
49821 190051
51779 16250
52520 424951
53913 998859
55500 671177
58189 817024
59105 725747
59781 862736
60822 344676
62130 396508
62846 284666
64422 855110
65134 594892
65763 704416
69899 561469
70712 434784
70992 243358
71306 53530
72881 665684
73704 93017
74542 364821
75541 953838
78455 456182
79726 730994
79849 618559
80371 620939
81712 684750
82373 67846
83399 47987
83875 210560
84133 715288
84491 994710
87919 37032
89137 138031
89458 652758
91812 451289
93304 4405
94283 327052
94926 255303
97431 584273
100087 980138
100234 447235
101053 944377
101730 241978
103051 408761
103796 737758
104577 861081
104670 251736
109014 491548
110181 640885
110685 664305
111128 146739
112682 794161
114941 21311
115190 156410
116821 722743
119290 547625
120214 190064
120533 949122
121914 353790
123871 611095
124769 722519
128703 705225
129435 315505
134952 675556
136398 996385
136550 858657
137907 698253
138122 989905
138600 603861
140253 855892
140372 189947
140444 526174
142543 935722
142967 523700
143080 683727
143359 604816
143990 49567
144523 848445
147018 10176
148894 37412
149362 108793
150234 364945
150900 736102
151364 540130
152301 760956
152984 434691
154953 511154
156957 307791
157434 638273
157776 182940
157967 816255
158797 392690
159688 273745
159933 143957
160415 320533
160470 846602
161584 498235
163707 702277
164481 42953
164694 505711
166098 624941
169954 423290
170838 397160
171538 158635
172061 79315
173950 854679
176816 439913
178204 297369
178441 816861
179225 75251
180782 517442
182435 35938
182801 869643
184521 375409
184916 967516
187169 195779
189198 270190
190606 310660
190699 486782
193068 161876
195880 277198
196013 358194
196853 451281
197991 377809
198136 989987
199688 488270
200855 343634
202424 449058
202517 557157
202816 161333
204333 767036
206696 736537
206836 731695
206920 990774
208138 489014
209769 302427
212461 942456
213508 39459
213781 886173
216853 776218
218483 151599
219040 62274
220376 304219
221620 539442
222093 773507
224138 947965
224525 513245
227700 74609
227946 379178
228715 715608
229205 283756
230579 173497
231627 492266
233037 82119
238386 326471
240839 455437
241579 774266
242161 41727
242505 660054
243483 129293
244344 936201
244345 999447
244981 19024
247291 881045
250075 389082
250730 591927
251785 437114
252732 171653
253531 93265
256798 888730
257997 711269
258380 672280
258946 780594
260769 79618
261575 908684
261663 195843
261846 497518
262940 289639
264782 626044
264787 168567
267278 680784
268777 927108
269505 285988
269518 853977
270598 813189
270958 360763
274428 408603
278539 54655
279131 352069
281077 352347
282072 561244
282302 101001
285082 520146
286717 318297
288188 164367
288961 822477
292572 440120
294078 512839
297630 581566
297973 699189
298367 525116
299626 452241
300635 826746
302961 8840
303041 303828
303227 104274
303304 276540
303432 91497
305670 452999
306022 301223
307370 580931
308011 421611
308929 673650
309118 711247
310941 262153
311855 182346
313307 887041
313723 504974
315449 206470
319158 671195
319353 9794
319424 921722
320315 78522
320452 188440
327509 589016
327586 474208
335870 609410
339527 834977
339553 680960
340112 265105
341627 672228
342675 791853
347983 505652
350413 497262
350837 989344
358068 842674
359656 124611
363958 334684
364022 134423
365910 574292
366939 659424
368379 305020
369401 449640
371303 823432
371478 712215
372479 89644
372743 691809
373832 441742
378407 775215
378982 845743
379105 258189
379418 489331
380252 217357
383825 149338
384084 456564
384142 508615
384648 171359
384847 872023
385704 657776
387066 708945
387821 864273
391489 903026
392416 436480
392618 607981
393343 406372
393762 678917
394952 365745
397533 930027
398249 429487
398545 911683
398862 404634
399890 444758
399965 198943
401481 600558
402168 620700
402370 422563
402588 268079
403189 623689
403665 850614
404375 274925
404388 280252
405347 535551
406148 877609
406267 353860
406415 320388
408970 887454
410370 529425
411289 346857
413418 706229
414846 821592
415825 861058
417461 864912
417657 227053
420834 868228
421805 222517
422350 155196
422390 971482
427106 514314
427910 917412
429022 814223
430229 164060
430330 374172
430569 799272
430721 114382
432444 362826
432602 904808
432881 941648
433141 731685
433865 742367
436870 952905
437076 738168
437420 609462
438827 293384
439462 736812
440681 503041
441061 457982
441578 97232
442616 481917
442910 35661
450203 43273
450583 995059
450860 560498
451158 158966
452001 819624
452107 414354
453127 490307
454308 77977
456018 807819
456269 53848
459082 596021
461243 896237
463787 517479
464005 413837
464146 243599
464974 792525
465136 871641
468249 55368
472031 650420
472824 701113
474414 837708
476538 971662
476579 745330
477932 219029
478853 578698
479723 275535
482669 624354
482692 216724
484986 626404
486593 633619
488754 360912
489964 669694
490868 208384
491294 843539
492304 401571
495507 585120
495664 338939
496411 295764
496947 171531
499100 874700
500000 513947
501530 783415
501535 230146
501919 663020
502549 111804
506092 912709
506483 555789
508225 41948
508455 791630
508652 1471
510211 527360
512322 611852
512586 702652
513726 723151
516480 557702
516573 597418
518545 301623
518549 166546
520974 390251
521388 608474
523152 364190
523284 29755
526724 758491
527967 24418
528951 802183
529760 458879
530610 83514
533415 970462
533926 597151
534952 46217
535087 794679
537536 516744
538311 946572
540506 205663
542606 678321
544397 515855
546056 171250
546133 957381
547808 812279
547960 582453
548927 544853
550558 629693
551911 282947
555694 966468
556301 806905
557039 123472
557224 186323
559293 575364
563285 782900
565010 985463
565320 878787
565962 52841
566845 217183
567807 141588
568971 854654
571680 3418
571925 85324
573051 763263
573494 681211
575356 975725
577313 686812
578942 933242
579252 185166
580228 634163
580326 420986
580983 431461
581080 732296
583887 71537
584571 741819
585550 231430
587637 611363
588813 565375
590866 159680
590982 656488
593330 971766
593985 533102
596512 102596
597670 504639
601069 261819
602489 610373
602884 280902
603965 660780
605767 752417
605986 500068
610410 398493
611678 225627
611768 76989
612430 13877
612610 345877
613137 973134
614002 431336
614500 202493
616692 276089
617467 377783
618229 757193
621404 67758
623469 881733
626506 612133
627161 578350
632064 293743
632745 305235
633803 33485
634107 945373
636577 501100
639708 21038
639743 514638
640298 406608
641470 64073
642606 337136
644150 742922
644336 602026
644896 4575
649304 891170
649463 220432
654537 64545
656826 524487
658697 559527
658701 310288
660563 18438
662037 325412
662817 610296
665115 654472
666143 299592
670523 920177
677219 385285
677754 346048
677843 396302
678530 702787
679148 844282
679575 753711
681663 188143
681843 637412
681852 567923
682656 539988
686198 641332
686495 887517
687278 405632
688948 847001
688990 45648
689931 378012
690291 3273
691405 890167
693204 32023
693723 37121
694466 211310
696546 154113
697042 583971
698191 671507
699997 90726
701163 474432
702128 17460
703314 20990
708238 50891
708249 159273
713797 824484
714158 848058
717187 995540
718853 402669
719119 103175
720620 661550
726816 689404
727153 623312
728693 382005
729520 623958
730042 102642
730919 292132
731780 170577
732375 820470
734028 376030
735780 856373
736320 103010
736903 574637
740392 54309
741588 526067
742456 817572
742600 998409
742707 533830
743682 512613
745436 518825
745514 898142
747411 875339
747686 176128
747718 105233
747807 671425
748007 729155
749616 373391
751522 466307
752967 230117
755425 30876
756483 829889
756780 898351
757522 781632
758558 770863
759406 24563
760259 755928
760374 655147
770552 159502
773239 290460
773900 510379
776711 724590
779459 424757
780266 98977
780292 852047
780849 247409
782098 12666
782961 121269
785403 298331
785815 623182
785962 380024
786271 211495
788116 64060
790464 851900
793392 697221
793754 905625
795782 675676
796896 26299
797361 841158
801650 240451
803029 599752
803421 520357
804136 714390
804554 312602
806257 261339
808517 469261
808646 549145
811911 680971
813401 293812
815055 535903
815473 80476
816965 415076
817967 109489
819390 136447
821176 772214
821230 164804
821841 80590
822362 431890
822386 408504
829161 873400
832239 3614
836584 100680
837196 965445
839853 587264
841442 125091
841508 306414
843308 129535
843350 978676
843620 109442
844886 711138
846974 409192
853307 185317
853857 914567
854112 619667
854941 245994
855296 774782
856375 271916
857276 716483
858102 471945
858849 795968
858898 847335
859209 300597
860071 165110
861747 25106
861761 234667
863281 764458
863904 259940
867316 702106
867993 417166
869473 136516
870727 29999
873565 859247
873757 866111
875157 793468
876872 937173
877722 95882
878636 919965
882168 761573
884482 417592
885620 651135
886390 326932
890491 345075
891141 292981
891395 613144
891428 178539
891448 886013
893340 982828
894146 68450
895041 438043
895102 211733
896750 710388
898183 282139
903536 2964
906135 174644
906349 802983
906917 128835
908525 138337
909215 602316
909551 632152
911618 635494
911703 673301
913547 707253
914551 577851
