638412 209534 639
924 205843
1541 519192
1729 348940
3840 33418
4617 420856
6420 991098
7065 869065
7671 933976
7864 559612
10003 7334
12100 142194
12386 936954
12792 545110
13104 1043
14352 581915
15275 552039
16357 297484
17047 350766
18272 357104
18778 371024
18811 414441
18829 4223
19268 738091
21625 256783
22159 100414
22922 813513
25139 85897
26406 945536
28125 397738
28280 732469
29833 327751
30675 673956
32065 774803
32628 916901
33955 273340
35687 453474
35885 652210
37837 898907
38981 268306
39716 437349
42557 216181
43238 606396
43566 224090
44358 569184
45776 348675
45897 714481
45934 970151
46163 485639
53558 601246
53632 909863
53661 149565
56383 55176
57076 155560
58749 31677
58857 592075
61314 450157
62994 727593
64315 145250
65142 169834
65598 743978
65693 58485
66271 665877
66741 748722
66752 527029
67852 867782
67938 796012
68887 349687
69340 914768
72268 166433
73290 198554
73414 553423
75631 370653
78762 260236
82441 121069
83453 605765
84703 456055
84879 828526
86099 140116
87112 832318
88940 815983
89887 670677
90910 233850
92629 780985
93176 747259
93696 143264
94031 756313
94812 398496
95370 73204
95644 213867
96789 974561
97468 200486
99641 648438
99943 307981
101408 255938
101833 827924
102757 635664
103725 904341
104381 60063
105716 57939
105942 96009
108206 43415
110082 908701
110636 467234
114521 380512
115678 753097
116141 502336
117105 491397
117793 877436
119005 390764
119301 809296
119906 456992
121314 860947
121329 93574
121605 542514
123608 36071
124345 21523
124361 385685
124644 223843
126428 366283
128180 40104
128815 698316
129265 4241
129334 70323
129810 382891
131947 264073
132104 614859
132783 540888
136293 861958
136597 461709
136716 618956
140630 932946
142454 309600
143883 997618
145301 53506
145993 116055
147392 2730
147953 620489
148720 679288
149754 324570
149887 329339
154382 371464
154454 90657
155025 632392
157784 50111
159241 343255
159424 147328
159806 402974
160206 942436
161243 405767
164547 325654
164979 992507
165280 113478
165816 929077
167077 91351
167151 476995
168795 923969
171015 443294
172300 228296
172466 451304
172749 50434
174133 942104
174712 87984
176291 830994
176298 442417
179127 674525
179288 756935
181474 872936
181521 804680
181920 172647
182290 834425
182461 928560
182626 508927
184159 506219
184258 350670
185571 281732
185743 251239
186393 502935
186969 508813
187550 554586
188055 600096
191761 398659
193906 624967
194041 878910
195197 670015
196464 548818
196764 937365
196839 490745
197921 405911
198345 532729
198472 618981
198882 501164
199015 912540
201441 992860
203720 287872
209056 920541
209504 540872
211552 234370
211566 852149
212047 64940
212574 899439
212765 496020
213182 166349
213503 101434
216237 303049
216271 488076
217027 76685
217940 224874
219112 996123
219649 102116
219791 465512
221209 81399
223017 594743
223950 602889
226142 526341
226567 384675
227769 287941
227845 861004
230639 521010
231686 489966
232398 41171
232543 952220
233355 765800
235491 826277
236697 441750
238525 334466
238787 822169
238875 89188
239487 468590
240084 869183
240201 616327
240717 135084
243654 927664
243848 669472
244043 539179
246080 763852
246698 207984
246879 527361
246919 894000
248120 61139
248328 42496
248895 599069
249022 825063
250010 590267
251090 927318
251917 405272
252246 561834
253539 654753
254637 713373
255654 921857
256139 655169
256479 182123
257899 321221
258575 692916
258723 708844
259348 705192
259989 12844
260866 213483
261197 98848
261393 721900
261625 620644
265502 192708
266796 364789
266941 792491
268331 883671
269675 278808
270498 10000
270696 899898
272135 399724
272455 981293
275494 766871
275891 37731
277237 404225
278913 334408
279026 873709
280225 188428
280266 442062
280645 34218
282075 666691
283282 866424
283585 934143
285370 973768
286352 138785
286555 951382
289189 130924
291017 528755
291533 961607
294508 139654
294997 900781
296200 989245
296911 300897
297097 852260
297325 138617
299105 883551
299527 513721
299569 956767
299609 695165
299749 947141
299928 221731
300112 735567
300736 117358
301694 240721
303216 199790
305046 730849
307334 246688
307771 125982
308065 277998
308515 235511
309581 221510
310225 913017
310391 406349
311874 682549
314129 445777
314266 219704
315367 486982
319254 203845
320837 312258
322056 998902
323326 938504
325910 661673
326847 935054
328193 805937
328917 338365
330168 620054
331110 549883
335049 699269
335523 708669
335930 947162
336488 267910
337939 313082
340098 401395
340510 591414
340812 664821
341294 66054
341488 320689
344202 733959
345205 565971
346425 544805
347112 448038
347127 222857
347590 833183
348740 458747
348761 51668
353492 320340
353988 73818
354480 968829
355171 913610
356816 772713
358108 868480
359179 452912
359213 160586
359442 221014
361660 196656
362108 990741
362717 40774
362755 736922
362758 691258
363438 123169
364013 634355
364371 916733
364675 137785
365002 550968
366892 680192
369137 492306
370323 805648
371088 617183
371362 868240
371731 148469
372764 749380
373154 644549
373606 376754
374516 85886
376121 124683
376316 456734
376452 118749
376858 402781
376962 400346
377264 557774
377530 301113
377879 210117
378359 961545
378508 889609
379581 501427
380437 319434
381642 501206
382008 753191
384315 533509
385962 972348
386814 560995
386845 382728
387191 814088
387889 877768
389345 425118
393131 534034
394594 889468
394953 9132
399801 691102
399924 722420
400326 834924
400768 698856
402192 875113
402593 270344
402729 459557
403113 318245
403473 841835
403737 790665
404061 256573
404848 307472
405282 3861
405711 857929
406597 353763
408551 416552
410297 864830
413791 339426
414248 827263
414487 917003
415578 148841
415813 14345
417088 483666
417544 413019
419928 259518
420026 668241
420191 484672
422444 488252
422488 924912
422912 913067
424297 32917
424407 106209
424473 755894
425120 791193
428092 760882
429420 480186
429506 75713
429749 267960
430812 369286
433235 577562
434571 385111
434760 484500
435800 879758
436368 686143
438765 181574
438776 347115
439812 275716
440170 181751
441085 578523
442052 926558
442287 432276
443703 234545
443961 756046
444199 930224
446092 386120
446250 133146
446386 365610
446536 314134
447020 983230
447412 323589
447511 625711
447984 137427
448668 730931
448750 601714
449058 294508
449721 570888
450526 588474
450547 315973
450878 483145
451376 227742
454708 453885
457961 248440
459655 165865
462972 142397
463017 449849
463757 46463
465284 922257
466419 608227
468103 161170
468947 755242
469671 126066
470424 996428
470893 10072
471459 355214
471668 758906
472393 10616
472436 371418
473602 637660
473801 370040
474483 802266
474671 333175
478093 918064
478498 108147
478912 467203
480830 617471
481135 925174
482903 620297
483204 694914
484118 853654
484247 679020
484578 425646
486465 746881
487931 544228
492736 18455
494311 995761
495940 665354
496938 480365
496963 985068
497343 525898
498675 271954
500533 45955
502571 97608
502579 512520
503810 25383
505986 576954
507956 551297
511021 28100
511819 104967
512067 949670
512495 348001
514923 41138
515661 654114
516618 948152
518153 59815
519772 654460
521358 25674
522566 383862
524655 647948
527204 675091
528391 675158
528620 684150
530529 216739
530740 934490
531141 961802
531423 493253
531883 809911
536152 750821
536580 992333
536749 889020
538266 544037
538498 403188
538801 965696
540135 528028
542093 352333
545107 578775
545505 863252
548862 595071
549822 254986
550983 102703
552524 441245
552926 491137
553396 163822
554602 607450
554996 502801
555109 263002
555622 246138
556019 138562
556653 61854
556697 617686
557891 563756
558096 330534
560794 398480
560950 61240
561499 687139
562356 392890
562415 569288
568130 112631
568169 409968
568347 354616
570074 818223
571405 780945
572758 65790
572851 851216
573285 133804
573390 852078
574869 501981
579037 45486
579617 62978
580062 89109
581357 773020
581469 636213
581652 927057
584194 176227
587227 82833
587405 751377
587994 906067
588125 410569
588235 697183
588795 417108
589825 692575
589966 828084
590849 721478
592058 397266
592524 716945
593448 285070
593711 450733
595665 187971
597140 641527
597356 848202
597403 540837
597460 825243
597610 734899
597833 837680
598988 692669
600870 960450
601227 624236
602403 540481
603210 24664
604531 88648
605179 217686
605608 915297
605682 882549
607677 518061
607804 634225
608226 395158
609641 593522
609733 495719
611206 991386
611233 343975
611247 338823
613821 322545
615781 659059
615803 100169
617193 874744
617649 314479
618062 963210
618193 988001
619110 519965
619393 434731
620528 319890
621712 801675
624010 563732
625546 94015
625882 718575
627779 77226
629679 896169
630189 66515
632652 667636
633079 78778
633692 292668
634925 737558
635320 362396
635903 504952
637972 666352
