321590 232303 938
201 986572
276 901249
490 590751
538 32416
984 233681
1331 466836
1530 707375
1704 436393
1710 492108
2075 570519
2155 621446
2669 144743
2957 138508
3192 925239
3295 967148
3303 588561
3536 282157
3844 53206
4438 343889
5986 34642
6053 463462
6219 648900
6271 517734
6897 603854
7657 119042
7888 15061
7962 956988
8055 394902
8347 706961
8561 962795
8801 316324
8962 302187
9349 967790
9374 823284
9441 778945
9541 894451
9689 68749
10032 606586
10598 634590
10725 362483
11378 397715
11786 939397
12062 663649
12639 48138
12651 262041
12687 271531
13441 755204
13722 182233
14072 949255
14150 396801
14184 327496
14283 295458
14379 97975
14589 894253
14660 62186
14746 5293
14747 351194
14999 85524
15021 87158
15362 395763
15957 293870
15958 911618
16141 209600
17471 342672
17503 851678
17748 87233
17947 449234
18228 238766
18436 449994
19187 496176
19201 669236
19630 756023
19697 311392
19714 865035
19905 210480
20532 526404
21112 725090
21601 105813
21772 708599
21826 287091
22105 527570
22323 246628
22382 442291
22631 44996
23041 493405
23228 312773
23288 62373
23782 410246
24084 519703
24358 69290
24802 745101
24815 152852
25073 815876
25357 29867
25743 220934
25773 772425
25780 713092
25944 873767
26443 688061
26836 252471
26976 128556
27373 584001
27571 433147
28190 867599
28357 12776
28485 57972
28503 570703
29883 863162
30616 786212
30740 94718
30828 139305
30860 985048
31838 46380
31979 81909
32000 835748
32876 762382
32910 980013
33175 788321
34318 46650
35379 75678
35581 535149
36140 454956
36815 309384
36946 988289
37465 126568
37569 819259
37747 934713
38206 540707
38768 419446
39210 342428
40312 96627
40580 330904
40595 356472
40641 206326
41025 223371
41181 355407
41516 398831
41634 298975
41964 245003
42204 924303
42292 613602
42302 564575
42357 134215
42476 674963
42746 607827
42782 648047
42940 95604
43100 59730
43531 89607
43761 823016
44050 399047
44823 921459
45034 259602
45307 379093
46176 677678
46238 974331
48516 388219
49121 871953
49395 785580
49753 771570
49911 558927
50673 501220
50927 559846
51078 732619
51502 170502
51981 29083
52235 332345
52386 784925
52490 165864
53166 386430
53359 878044
54230 629677
54288 466940
54334 875258
54762 468208
54824 782817
54918 541017
54921 745338
55230 752645
55236 450600
55249 148804
55386 522278
55940 107168
56120 378620
57671 431471
58220 115798
58221 14491
58837 709389
59204 59595
60227 213054
60477 329999
60491 535420
61142 924681
62050 941857
62304 172357
62816 687334
62899 791545
63118 850270
63936 144055
64063 836898
65175 844972
65224 324573
65248 564444
65433 159428
65909 551760
65952 59346
66117 98424
66580 2506
66971 240396
67863 838468
67942 325053
67955 673317
68716 717703
69294 251302
69399 2697
69669 69141
70454 549702
70510 838302
70850 607762
71067 126953
71116 343284
71378 120850
71725 816447
72237 168944
72720 467951
73038 679013
73233 553878
73466 159442
74141 700977
74734 200447
75005 815028
75457 738730
75521 8155
76813 816224
77100 201188
77453 588372
77579 357655
77603 409722
77607 794128
77713 750597
77862 572376
77895 191224
77987 318232
78189 24710
78390 852514
79491 700671
79606 358296
80990 66895
81533 659515
81652 369834
81863 229357
82184 248053
82477 737264
82490 190010
82708 72140
83063 159581
83209 43645
83347 946320
83380 343558
83476 859191
83908 86745
84953 252396
85046 202339
85305 463018
85810 485683
86018 497365
86138 50044
86637 7935
86882 13585
87290 616525
87943 888127
88287 951442
88910 297744
88912 644270
88922 965514
90624 580715
90791 330070
90888 700072
91093 76079
91376 280805
92258 742993
93394 422587
93406 777963
93872 428953
93879 367782
95017 323031
95162 893604
95243 430111
95464 891029
95649 859657
95791 205064
96013 723665
96445 862891
97014 814009
97221 660060
97452 698627
98069 285052
98156 355719
98414 949170
98553 934049
98933 825923
99385 748090
100853 288755
101419 772329
101719 344400
101873 855107
102033 552695
102124 305638
102510 11536
102951 509707
102958 360759
103284 19171
103541 660225
103637 917965
104174 616817
104220 989757
104457 830401
104623 463766
105139 482399
105162 849090
105271 169477
105721 69317
106025 717801
106111 236023
106281 518321
106726 81377
106753 881345
106991 228789
107126 780646
107424 753258
107770 646688
108371 896048
109828 659584
109834 876323
110023 140599
110086 441257
110325 351907
110364 816376
110684 640395
111205 105575
113031 178192
113415 859968
113856 185216
114090 135766
115071 913506
115407 1411
115482 119401
116209 996407
116261 546331
116392 524786
116424 122743
116505 944331
116513 24660
117656 27969
117787 642606
118192 898145
118733 340253
118956 988483
120063 8082
121662 308969
122371 88159
122561 859330
122929 490455
123061 721770
123363 780328
123672 510725
124757 341088
124867 394573
125540 887585
125756 332310
126743 409173
126808 603151
126987 208142
127130 281614
127388 375273
127685 265029
128113 625588
128685 751247
128910 608078
130427 171835
130503 22801
130744 447100
130751 884189
131034 311891
131124 950435
131429 56945
131611 365708
133071 281845
133466 692597
133975 150957
135158 634211
136658 945677
136749 433593
137379 34606
138208 764356
138783 218350
139075 589873
139559 418526
139644 973074
140077 807446
140420 615563
140459 258499
140919 566264
141177 41177
141179 332127
141261 653064
141270 715552
141589 628884
141673 674587
141756 458701
141992 813704
142475 316420
142506 36148
142576 179150
142700 605643
142890 423028
142949 823475
143186 254211
143204 987982
143556 59963
143854 125493
143925 932419
144146 817946
144160 522450
144429 452419
144780 2580
145049 502890
145652 82261
145790 595537
145817 294828
146373 383337
147913 973173
148254 92752
148724 510696
148820 981241
149034 287075
149288 161791
149870 529626
150225 465429
150517 889722
150761 305940
150933 871349
150963 707805
151507 941414
152191 827748
153263 283441
153372 650707
153503 127800
153896 134575
154139 103788
154474 884477
154722 319592
154798 921364
155093 261846
155251 286877
155453 159936
155458 393550
155814 195666
156292 957709
156425 48003
156432 745342
156442 897455
157128 760346
157218 649568
157438 173320
157757 970034
157775 412458
158059 691531
158096 453996
158176 576429
158421 123181
158633 638872
159320 635986
159363 268931
159488 42195
159790 210443
159822 557583
159887 519681
159986 586544
160611 105676
160736 689790
161017 149518
161828 609871
161883 799936
162045 652043
162250 577204
164031 479502
164882 380548
164883 270784
165689 90134
166471 528607
167751 32166
167934 335609
168085 903600
168113 831204
168188 533925
168685 200984
168739 703432
168940 325351
168953 785159
169450 360333
169601 904487
169829 662761
169896 910228
170175 216325
170272 762093
170479 977036
170569 916560
170754 292749
171084 203214
171131 481509
171460 86888
171731 580540
172276 234202
172867 348526
172911 884650
173137 462396
173555 258745
173701 430883
174241 444373
175077 853210
175423 373826
175441 702000
176725 958589
176987 302573
177106 323478
177431 909755
177579 534019
177645 955277
179368 24362
179403 306619
180622 486986
180942 673279
181364 718258
181775 287710
181999 714373
182544 682650
182720 363464
183366 670097
183769 830303
183839 820871
184321 870069
184479 148329
185031 343578
185255 69138
185618 343703
185961 652787
186405 953867
186615 733190
186658 662571
186661 569297
186786 961844
187184 727498
187185 603814
187615 519165
187912 228983
187918 298492
187977 83549
188066 788273
188154 710121
188192 448511
188290 321870
188351 585358
188725 231403
189276 726797
189718 538608
190054 490638
190158 344543
190294 416444
190492 530596
190521 869929
190763 355149
191206 478088
191247 271629
191924 270506
192182 360643
193051 115807
193305 250732
193346 526219
193542 240692
193596 995123
193935 352842
193992 589937
194070 350145
195894 610521
196747 102307
197106 936591
197447 811921
199335 596424
199774 246412
199860 120894
201100 186907
202154 672452
202362 472695
203243 482429
203371 683459
203562 486769
203613 288560
203637 579740
204346 391986
204350 141516
204841 16098
205260 154056
205300 456417
205302 841436
205306 222363
205876 696248
206473 24392
206516 769319
206856 279554
206939 707536
207312 36858
207335 255001
207541 498126
207715 548187
208016 974028
208087 47853
208419 831558
208628 871275
209188 984581
209940 558850
210785 284474
211073 751907
211145 848148
211597 176152
211634 334390
211882 713545
211919 503126
213586 943139
214223 141396
214476 24282
215181 501795
215603 346754
216422 16134
216436 107707
216452 873500
216566 56057
216603 622281
216698 802202
217531 32975
217713 306611
218290 262020
218636 273435
219529 595070
219725 702109
219787 412574
220359 338982
220486 929200
220662 816175
221469 418179
222126 858318
222128 63702
222480 1049
222891 337879
223200 99037
223219 680678
223222 517244
223557 464229
223613 393017
224126 535210
224376 488052
224588 246592
224600 960284
224715 373616
224822 459269
225205 460627
225548 731833
225616 253955
225631 316426
228359 950900
228455 60933
228515 833293
228753 192663
228988 233877
229463 134582
230273 701721
230413 146909
230482 535860
230557 964651
230879 983791
232028 750065
232148 707195
232988 387319
233128 150173
233223 180737
233299 663077
233351 123672
233365 940451
233549 372519
233578 252485
233962 490383
234449 386338
234670 117185
234779 48618
234830 941162
234968 228551
235290 780865
235339 744934
235374 140689
235619 958693
235674 885466
236147 585276
236228 232179
236347 665878
236859 489183
238304 833209
238599 832728
239002 276416
239125 677425
240227 674729
240340 147762
240366 195542
240711 88070
240740 321979
240871 828947
241047 836448
241494 236332
241593 116048
242212 594433
242752 144453
243563 43405
243915 490728
244954 377969
244958 22374
246284 575602
246656 940218
247174 300669
247302 296616
247309 682096
247449 63783
248204 151607
248292 38065
248408 464190
248887 689486
249287 813098
249671 465599
249825 332786
250604 22912
251076 214629
251207 891156
252371 521763
252558 598302
252792 210328
253130 262344
253307 809368
253442 828192
253799 935254
254652 642885
254770 46073
255081 169281
255521 390929
256326 488970
256342 346372
256782 276199
256817 910739
257349 276993
257378 842149
257813 231634
258525 407273
259056 424843
259203 720269
259414 223706
259547 158397
260015 882918
260162 291571
260273 590730
260440 323080
261244 223384
261938 19773
262554 975943
263162 128250
263389 734500
263703 108474
264109 78613
264481 597338
264698 13582
264842 194711
265092 340407
265173 123292
265266 553827
266160 666799
266385 608536
266454 426187
267307 3515
267892 66307
267957 802047
268081 568450
268355 140268
269050 222840
269313 765945
269359 379198
269434 184549
269515 84321
269649 83686
270823 454655
270888 856924
270955 495540
271489 478386
271718 836496
272354 477895
272421 389957
272517 403175
272705 292416
273109 404712
273567 857395
273796 749792
274143 540081
274472 566481
274481 717473
274750 581787
274778 340711
275051 505849
275107 549340
275403 249263
275971 463395
276616 725113
276692 535035
277349 242480
277469 70904
277667 951018
277818 386003
278106 442406
278746 177812
279191 512017
279231 100415
279511 696019
279550 548938
279852 220489
280207 468395
280880 739483
281275 936054
281712 10773
281788 982153
282455 430329
282491 489814
282544 988188
283680 312429
284397 238967
284442 920435
286197 17464
286225 659731
286437 546706
286705 915397
289003 877748
289553 575240
289893 189856
290163 688876
290296 403546
290342 478426
290359 453899
291110 425086
291513 352982
291759 200122
291906 882595
292043 280276
292100 376478
292341 512440
292434 54082
292601 19163
292616 36664
293272 786788
293540 437590
293661 5308
293684 374224
293728 546984
294642 824717
294869 462238
294891 772649
295376 541082
295981 484731
296489 584397
296538 826714
296884 936269
297014 707569
297428 818818
298057 268078
298749 729769
299529 472502
299533 536200
300931 291947
301427 962633
302029 504138
302081 5845
302175 411025
302276 504720
302542 667180
302762 727367
303162 818199
303424 69376
303943 989378
304634 742098
305165 97732
305391 950361
305575 135517
305626 808103
306201 173926
306375 285288
306726 201770
307268 298645
308179 168550
308448 668957
308481 486825
308815 137858
308932 936347
309176 877420
309303 316902
309364 198064
309545 472754
310157 479562
310858 83257
310923 476436
310961 346594
311027 338182
311954 37040
312230 433711
312410 178497
313030 302675
313054 996368
313422 61900
314151 435827
314636 217403
314791 639075
315453 198588
317378 565359
317583 113084
318029 374457
318237 751665
318439 455035
318488 528548
319167 91554
319341 43465
319553 363487
320038 225206
320325 979918
320587 271561
321155 301639
321226 521867
321257 239102
