179802 52761 132
1707 866379
2304 860756
3164 514463
11717 182543
12977 92623
13844 290609
14216 290464
18449 723332
20563 932354
20707 334557
21846 500118
22235 124170
22492 343823
22575 205599
22987 617402
26498 501438
26686 761424
29739 633061
29901 725770
30102 104257
34393 30789
35327 490351
36546 85248
38038 169684
38638 874351
44361 396214
45995 667792
48494 701103
50284 153499
51539 982599
51744 934686
52106 256794
55163 376495
57169 27521
59142 903202
59255 971544
60517 887764
62447 852500
65140 643551
65191 951519
65632 704784
67195 40156
67984 278351
72079 620593
73772 909607
74999 294124
75831 562529
76115 614386
77195 887886
77637 148509
78862 916595
79248 986206
80757 449074
81521 875482
83072 133037
83626 889232
84758 924853
86553 486343
87022 109028
87075 944716
89693 594127
89737 982940
90956 620782
92446 129543
96655 157999
98137 278404
99857 749556
101079 443746
103056 495661
104581 401560
105279 552618
107841 760088
108181 547140
108290 1168
108976 74226
113936 433079
114368 288886
115576 136849
116398 656501
117544 131832
118603 219609
121707 861018
121835 77469
121905 926174
123088 220658
124765 468975
127632 931421
128256 654152
131044 58685
133172 844470
133623 675483
135167 658248
136909 754266
139118 194268
141705 135849
142004 963616
142280 170369
144002 679192
146383 307121
147049 644296
148327 122183
148468 770784
150260 918508
151362 95908
151579 673475
152245 873741
152328 134274
152687 223074
153191 874740
156074 557733
158193 359130
158645 530299
159792 838551
159860 960980
162769 393038
163945 609580
164079 183217
166059 106596
166945 803713
168555 654155
169377 849184
169626 284087
170892 999922
171395 221486
174765 873817
175705 381010
176420 430412
176919 243557
177796 330490
178009 316137
178979 701899
179730 16115
