46897 24174 883
82 264984
138 494755
256 43446
277 712604
296 722037
572 193279
709 914389
761 368280
780 411355
781 381076
785 631292
944 455650
1017 684763
1023 950581
1103 575871
1237 108851
1244 131507
1297 463107
1333 277184
1401 298346
1419 359547
1420 188899
1478 52635
1543 698147
1549 607574
1595 946894
1621 553031
1754 450672
1759 802823
1764 53730
1793 19057
1861 906773
1935 49510
1950 470415
1970 600345
2030 174124
2061 672898
2096 90174
2122 645090
2161 637577
2177 970796
2179 244178
2185 82265
2199 181490
2200 834767
2339 90108
2470 970881
2494 75047
2562 213154
2572 936223
2586 842907
2588 805356
2627 137663
2629 408917
2659 804879
2673 772427
2684 622571
2744 907199
2755 718430
2856 286978
2865 359438
2918 316668
2976 684939
2983 727387
3046 506561
3055 578641
3057 254705
3061 152456
3142 889014
3230 809121
3282 810489
3357 614036
3359 976839
3439 724762
3456 559341
3553 182377
3690 505917
3818 528562
3840 29040
3847 178122
3859 720020
3974 829367
3988 691055
4090 782618
4253 218546
4306 553672
4339 447215
4464 500322
4485 987712
4508 962325
4529 237843
4544 426227
4578 528213
4634 118596
4639 254932
4667 641589
4683 645709
4693 671509
4702 598925
4740 486213
4830 509942
4903 918201
4906 213549
4914 56771
4930 988566
4934 215657
4942 152380
4956 648805
5144 451185
5154 893467
5192 85934
5194 916674
5204 801216
5259 102908
5261 915576
5285 223775
5295 372789
5377 168361
5450 526982
5457 330557
5497 587334
5617 528511
5621 694088
5642 51574
5660 502233
5795 120443
5865 915956
5867 112827
5876 929745
5951 935526
5968 125559
5981 680901
6059 646737
6070 141252
6106 482052
6206 182959
6279 95685
6293 14272
6322 975555
6339 869218
6386 349520
6521 490594
6605 276776
6691 122224
6738 467945
6843 81679
6896 644275
6928 691928
6949 116603
6990 605152
6995 122848
6997 282493
7043 213842
7057 999585
7060 712994
7093 828259
7190 453720
7208 315544
7415 810149
7426 675705
7432 956893
7489 807889
7526 846568
7552 611690
7671 689652
7699 735867
7803 455981
7810 501394
7842 533939
7882 493682
8076 481820
8087 140265
8130 975776
8181 157854
8288 864680
8375 919560
8382 529773
8397 357839
8509 582975
8519 28978
8591 724299
8609 39091
8618 119565
8666 463273
8689 863216
8694 14326
8697 813602
8704 207805
8758 695223
8839 612832
8966 944108
9006 824791
9079 305826
9131 811438
9197 779687
9206 21798
9248 812062
9284 121793
9387 239950
9389 322191
9396 292618
9420 584930
9510 673531
9623 361778
9645 781908
9673 127646
9689 966331
9801 771018
9806 79881
9811 507124
9874 856691
9901 342543
9906 773164
10004 993279
10139 935201
10241 671913
10301 901981
10456 995630
10557 207214
10572 488727
10586 980309
10588 819216
10660 750989
10696 458441
10774 365673
10802 251215
10961 919907
10980 291327
11047 760679
11082 239416
11094 603015
11140 949133
11163 250865
11205 192194
11212 128881
11221 981457
11256 786174
11259 961515
11343 73158
11376 449261
11393 27279
11512 571910
11518 996069
11572 177266
11598 363443
11617 602730
11632 418083
11647 784089
11666 223378
11681 191585
11744 30093
11792 15882
11933 549792
11950 216153
11954 557939
11967 758230
12024 900432
12088 487489
12164 755438
12306 61839
12343 128495
12460 144763
12576 959008
12639 771334
12656 109701
12734 70404
12788 652141
12873 694962
12879 98487
12972 785750
13025 422336
13040 195665
13089 693007
13115 958560
13122 444552
13134 549255
13288 97544
13334 34843
13356 556243
13365 248220
13512 448484
13538 496332
13559 921435
13575 599760
13579 987530
13611 346099
13615 156162
13630 757408
13642 812937
13662 518225
13819 93230
13823 596435
13893 512933
13922 155536
13959 33329
13972 713148
13994 522126
14014 461043
14060 305345
14152 989520
14179 756396
14180 914826
14189 297039
14208 949937
14209 680267
14235 819781
14412 206177
14515 366487
14544 6852
14656 366742
14679 828028
14723 274398
14772 159962
14949 788509
15010 102392
15038 469249
15082 52680
15100 117708
15298 189472
15344 398690
15366 745808
15368 766551
15396 542092
15436 173477
15567 11355
15603 609425
15631 4843
15707 696558
15850 909361
15888 977535
15971 125961
16045 389793
16046 667589
16243 899158
16310 35685
16356 945598
16540 962255
16551 614214
16557 83128
16599 502167
16648 511108
16662 473754
16723 249281
16811 18249
16906 890694
16963 615686
17119 571205
17227 666407
17322 367289
17351 32051
17497 509374
17513 230277
17573 121431
17652 133957
17662 133803
17694 549913
17716 481428
17727 419522
17895 719116
17951 309837
17960 839854
17993 432092
17995 907
18043 835249
18250 634622
18270 613336
18287 718122
18304 57129
18335 576091
18337 824857
18427 837301
18429 502286
18450 605444
18454 473834
18476 928381
18481 714252
18701 491567
18822 830494
18920 625655
19011 977459
19019 886807
19021 351932
19035 316988
19051 20161
19194 196170
19410 494897
19490 939558
19537 871860
19561 408420
19592 399496
19616 209913
19622 420505
19657 19652
19681 911847
19700 659926
19704 513684
19722 889359
19731 795073
19754 119399
19782 687709
19786 546764
19797 78136
19832 926652
19896 227465
19936 649907
19955 164572
19967 643593
20054 780448
20088 126588
20163 715590
20254 929250
20322 99687
20357 602614
20406 566137
20424 840033
20449 962653
20567 561108
20605 658714
20613 851629
20638 513460
20666 640624
20749 118044
20821 56586
20850 975116
20919 694835
21024 518575
21028 890829
21044 365348
21093 387155
21304 522381
21349 451173
21384 542328
21450 433131
21458 565315
21498 278470
21939 64646
21979 228215
22142 922192
22157 235983
22182 694772
22231 716187
22243 656282
22480 287456
22488 909468
22524 601882
22604 441911
22631 812465
22635 978034
22651 881189
22687 935513
22747 571697
22769 774284
22786 200547
22817 351944
22906 742987
22972 495880
23010 901109
23012 189576
23019 835871
23036 182929
23043 316606
23208 408816
23258 2972
23301 298982
23366 492638
23434 305967
23439 171480
23450 937282
23489 551413
23564 543204
23623 124626
23630 211972
23648 65669
23738 723030
23797 208629
23799 128156
23850 972713
23881 819321
23929 261795
23946 932981
24028 723878
24112 531953
24188 51321
24207 676746
24248 696078
24272 495638
24335 242488
24358 608105
24409 170883
24412 775069
24451 628466
24458 771653
24591 440531
24602 351778
24633 222511
24762 49432
24803 216303
24811 263214
24902 427101
24949 602189
24979 636775
25006 664257
25017 408648
25066 645836
25074 674646
25105 906044
25123 678035
25215 478254
25254 817879
25270 546244
25297 40241
25307 378460
25429 608282
25430 524872
25458 176740
25505 351865
25650 838803
25683 683111
25838 462656
25876 688117
25950 551800
26096 650094
26204 138259
26263 486131
26269 443538
26432 21609
26445 620178
26459 78868
26526 867676
26530 123458
26733 462697
26743 392790
26863 647396
26930 457183
26988 993358
27032 136378
27076 690576
27082 252090
27107 168785
27120 523385
27194 879273
27220 586512
27287 428010
27314 575173
27317 266747
27324 470606
27360 155738
27376 460132
27415 590779
27439 838188
27595 286599
27602 528003
27732 809056
27767 70920
27954 472619
27978 974727
28045 474169
28069 961586
28151 223543
28205 439634
28238 798967
28240 872732
28411 633675
28478 14725
28522 668599
28571 707089
28619 492550
28640 347514
28726 583044
28773 842112
28829 416581
28838 69212
28935 690376
29025 266640
29028 489143
29083 902114
29114 134071
29119 661208
29142 943685
29169 133301
29238 80088
29293 180046
29299 144854
29306 652835
29314 22611
29348 898383
29449 629929
29596 655543
29665 458340
29747 661589
29890 909981
29930 178542
29979 749278
30055 733612
30083 968721
30112 98510
30122 37920
30132 623245
30140 766753
30154 672377
30176 717550
30192 411423
30349 393614
30355 494851
30473 620317
30512 113270
30519 180668
30598 774548
30722 307143
30839 625306
30862 360385
30936 766672
31191 984608
31249 442329
31377 485606
31412 375681
31456 178717
31601 345625
31632 564939
31773 998336
31825 903559
31948 340575
31998 308604
32034 198281
32048 172317
32223 482684
32246 502229
32248 213687
32336 647179
32364 802450
32374 122827
32403 967666
32516 396811
32614 449222
32680 629654
32759 768747
32788 705991
32810 104470
32906 385282
32920 247606
33011 438968
33055 234612
33129 134739
33240 382524
33282 628221
33332 807710
33386 994597
33459 256866
33598 347117
33646 142170
33859 17976
33874 397407
33890 857612
33916 544616
33924 443597
33941 543562
34030 548921
34033 109244
34091 538498
34136 719039
34163 236843
34281 704772
34285 611396
34321 472637
34472 531275
34486 502917
34521 628343
34532 428324
34561 102910
34599 296173
34621 946237
34673 753452
34717 843942
34749 592881
34807 549180
34882 355094
34886 139420
34938 699008
34939 968371
35029 420660
35126 492820
35151 633970
35174 432643
35178 411464
35259 934484
35297 670634
35348 222948
35433 988954
35512 506038
35540 693795
35562 729455
35596 916511
35718 978185
35768 290069
35817 64442
35909 930439
36194 788833
36262 534854
36376 809860
36401 841562
36412 432007
36468 202915
36534 176785
36651 706027
36764 493766
36866 286691
36925 364020
36949 352016
36971 385199
37040 103182
37050 313620
37132 188610
37160 534985
37174 972663
37295 322747
37393 572866
37409 241613
37424 90810
37516 148266
37519 986450
37561 521359
37602 226986
37678 356189
37788 159008
37795 26360
37852 42969
37877 417896
37973 397255
38011 877403
38100 856739
38154 383149
38157 755700
38190 862777
38193 782913
38207 51233
38264 318328
38337 438367
38484 241044
38502 840366
38527 656441
38621 523791
38671 745242
38767 864185
38878 893791
38982 611746
39029 560490
39157 23559
39220 576138
39233 128405
39349 227146
39483 890800
39690 495034
39711 313543
39788 245086
39808 986485
39956 934758
40233 623319
40253 321968
40328 59462
40390 173380
40425 216251
40474 526183
40546 193822
40600 748117
40612 822190
40620 353201
40748 245757
40777 379629
40962 616706
41108 653693
41150 899299
41166 124965
41193 669364
41195 191380
41198 303189
41274 66773
41306 981362
41311 18493
41360 604963
41376 744406
41450 641680
41480 360888
41529 951527
41553 50856
41581 961148
41595 966715
41664 338771
41768 154776
41809 592053
41830 960588
41845 50169
41956 268579
42037 13805
42046 557045
42177 216140
42242 852312
42259 486227
42362 860714
42439 614439
42482 274468
42529 495392
42627 5771
42638 600527
42641 980160
42751 890380
42795 533722
42802 268105
42803 962224
42880 788345
42885 692725
42889 299754
42921 43723
42944 315905
42963 24587
43003 198067
43071 646777
43087 712462
43096 656029
43328 927716
43329 475238
43478 364724
43512 284039
43534 218082
43648 38516
43740 774986
43884 657757
43896 377452
44061 501647
44157 502667
44175 297873
44209 768317
44235 385559
44272 19348
44296 6499
44349 261990
44375 348064
44435 478292
44464 34439
44496 103174
44602 850476
44610 522937
44634 929185
44661 450533
44799 109932
44815 653323
44865 774599
44881 96069
44967 959041
44984 805443
45013 943507
45024 532573
45191 250248
45291 253924
45368 815910
45457 508611
45514 179403
45542 167354
45597 864458
45627 369407
45645 48509
45738 86896
45753 168448
45755 381486
45854 954580
45881 356536
45981 232207
46052 782066
46064 309711
46083 100401
46092 568302
46107 799713
46119 876383
46125 959006
46143 430713
46154 746022
46168 134559
46210 541580
46279 876992
46326 451186
46396 627151
46688 904907
46803 903080
46868 760267
