171
8 0 
7 6 135 50 124 134 26 146 
2 11 18 103 67 123 75 14 58 95 7 116 23 
6 17 160 75 93 67 138 69 168 109 101 53 108 145 91 13 38 128 57 
2 2 14 118 
6 18 152 54 142 78 68 4 169 93 30 129 18 151 17 57 63 25 13 101 
10 3 149 162 8 
6 8 125 96 16 45 49 120 31 119 
8 11 8 134 65 10 57 12 135 142 19 67 80 
6 7 57 37 26 19 131 60 58 
3 10 39 158 38 111 14 37 156 10 66 52 
10 13 128 155 118 75 143 134 169 159 94 163 49 88 119 
9 5 41 78 107 88 105 
2 14 160 165 86 147 156 9 60 125 53 100 154 32 42 161 
5 5 32 126 137 83 134 
5 10 20 4 7 121 106 43 12 33 145 96 
11 20 69 35 80 146 76 42 14 98 33 165 100 125 114 102 135 132 41 64 4 27 
10 17 43 1 65 12 7 113 105 116 160 132 110 149 28 33 8 164 57 
8 1 104 
4 3 120 105 150 
3 17 25 94 145 62 12 80 69 91 104 85 68 157 88 95 162 23 52 
11 13 68 11 91 52 40 37 110 63 56 36 150 96 78 
11 7 89 9 7 106 129 141 61 
4 21 141 157 112 23 41 136 36 27 21 49 66 152 120 31 153 151 150 53 73 105 92 
9 1 149 
2 20 84 67 166 72 93 159 101 153 125 163 133 150 69 79 12 131 126 87 55 139 
4 11 31 153 30 15 114 94 88 70 146 117 85 
7 12 154 78 46 69 31 40 105 82 8 21 35 57 
9 3 63 93 26 
11 21 125 130 101 82 81 127 34 119 95 12 115 66 84 170 42 166 136 74 47 38 26 
2 14 55 38 107 35 76 101 6 71 157 125 144 89 74 14 
8 6 157 54 35 121 61 97 
11 9 156 169 51 1 76 103 25 142 116 
11 15 126 21 162 106 9 94 24 64 99 116 43 44 84 153 117 
3 12 170 63 58 127 122 86 25 82 11 41 90 46 
6 10 4 157 170 54 130 91 150 161 47 139 
5 16 74 36 16 123 73 139 62 13 148 108 149 68 40 65 92 141 
5 21 3 90 154 150 168 85 53 140 45 47 153 65 164 42 110 27 6 134 100 60 23 
5 12 6 8 153 50 120 137 145 93 149 2 42 71 
3 7 75 107 66 90 57 101 65 
10 10 110 159 37 99 60 111 104 40 25 74 
4 17 58 24 36 57 98 169 130 117 86 40 119 102 3 28 29 109 47 
2 7 108 68 78 115 27 14 5 
10 3 68 142 147 
3 3 53 76 97 
4 2 43 85 
4 16 79 13 6 133 136 27 59 106 54 63 149 3 82 108 128 166 
10 11 127 7 11 136 144 152 94 67 99 163 25 
8 18 74 11 93 96 48 166 57 167 97 108 15 17 91 85 82 106 101 155 
11 11 26 121 92 54 87 118 51 95 84 66 85 
7 3 141 103 65 
7 10 50 146 95 94 54 23 110 154 149 132 
3 4 92 157 21 131 
11 1 145 
9 19 130 51 96 116 61 77 58 103 22 36 66 110 126 84 53 123 131 91 27 
7 20 150 73 108 76 109 59 126 120 18 36 78 125 15 53 40 156 12 33 115 127 
5 5 136 110 96 33 81 
6 8 62 51 6 98 73 118 23 111 
3 5 150 135 37 82 85 
4 4 33 87 127 120 
5 1 125 
7 13 91 47 122 68 29 123 142 41 120 143 72 19 84 
11 15 34 48 31 9 69 132 33 75 115 162 74 113 25 146 112 
3 11 26 16 62 69 101 68 41 2 121 143 57 
9 1 105 
5 5 13 122 31 2 125 
7 3 157 43 72 
5 12 102 12 7 115 106 11 76 27 163 132 149 155 
7 10 152 162 86 32 166 101 24 112 99 45 
8 5 50 78 76 127 114 
7 1 105 
10 11 47 113 139 41 150 161 169 138 145 133 97 
3 6 125 43 163 108 75 20 
9 13 125 132 144 75 160 45 120 123 149 104 76 27 98 
11 8 124 23 167 136 8 2 118 154 
11 8 72 5 115 108 11 132 87 152 
11 12 33 93 156 43 59 163 49 81 44 51 170 142 
2 8 143 132 118 35 137 67 159 100 
4 12 14 11 167 69 22 32 15 4 12 121 100 155 
8 17 111 149 48 143 76 61 138 121 35 36 96 45 16 150 114 146 142 
8 21 95 122 44 9 68 120 139 159 102 16 85 32 76 110 133 119 86 152 80 17 163 
11 15 150 71 143 21 13 163 165 44 83 66 27 99 86 142 40 
2 18 114 165 50 113 56 74 20 53 64 38 27 120 153 151 52 39 152 93 
5 6 161 170 2 70 100 82 
3 11 18 108 123 33 154 152 115 141 54 88 34 
3 13 62 120 55 54 92 45 132 90 71 146 143 72 153 
2 17 27 43 136 100 132 35 24 97 115 13 70 20 79 147 90 149 162 
9 15 41 36 147 69 168 124 140 104 143 71 121 63 4 107 67 
3 9 4 78 84 113 83 146 102 100 9 
9 20 97 160 150 113 17 100 67 50 58 129 51 42 85 53 4 55 21 34 167 135 
3 15 67 32 5 90 95 169 148 136 110 153 13 157 119 124 57 
5 18 140 88 159 168 143 147 58 7 22 107 39 105 163 142 162 65 71 145 
8 12 165 27 13 147 7 126 63 153 103 167 59 88 
2 6 139 115 137 156 15 123 
3 15 164 77 66 153 14 7 22 97 137 68 67 24 159 124 61 
11 15 63 82 169 134 20 51 50 170 119 66 71 30 102 165 109 
10 8 143 74 24 140 52 61 19 9 
9 19 26 19 167 113 109 131 20 97 139 59 168 30 89 79 80 129 145 106 39 
8 2 104 47 
9 4 8 167 83 39 
4 8 112 70 134 165 158 60 141 95 
9 15 71 139 141 53 36 128 125 90 58 72 154 161 112 59 114 
5 3 23 166 74 
5 5 60 112 122 118 133 
7 8 110 17 78 159 67 107 35 169 
10 18 1 6 27 29 5 33 37 24 169 139 164 127 2 148 56 72 43 25 
6 12 30 89 155 36 83 109 55 157 21 124 81 158 
10 7 52 156 165 71 13 31 132 
8 8 168 118 136 129 117 133 78 41 
10 21 126 147 149 75 11 35 72 165 23 137 120 78 31 133 51 37 168 13 10 157 100 
11 11 142 83 14 79 67 10 77 85 23 22 47 
10 16 100 137 18 107 83 60 79 58 28 90 139 72 164 140 19 82 
5 16 76 27 142 146 157 78 87 164 144 101 9 92 118 6 96 127 
7 4 49 91 19 7 
5 5 53 80 44 37 114 
5 8 160 94 54 41 21 43 129 62 
4 18 2 41 93 152 120 55 102 154 61 157 16 46 76 33 165 38 23 40 
7 19 160 56 71 8 161 46 127 31 119 63 157 129 94 106 13 15 48 97 61 
7 19 89 77 166 128 78 1 124 29 40 152 113 17 68 58 27 169 46 122 52 
11 10 158 1 142 6 150 99 109 129 88 148 
6 15 128 99 147 101 163 4 86 81 82 15 95 67 68 42 56 
10 5 51 94 60 19 88 
7 11 70 166 117 101 67 83 26 40 108 128 18 
7 8 74 112 140 80 151 68 166 6 
11 14 60 5 49 167 140 148 97 41 27 54 139 121 91 93 
7 18 141 29 41 4 145 155 148 43 154 150 119 3 49 116 79 147 159 11 
10 14 138 72 166 130 103 115 159 7 68 32 128 104 170 79 
2 19 142 23 45 113 156 33 32 126 66 89 43 15 120 97 107 124 151 131 77 
4 20 169 14 115 102 163 156 25 16 72 65 69 122 96 136 7 49 32 24 108 85 
5 18 27 167 81 53 69 16 169 52 119 57 124 92 38 33 120 152 100 4 
11 11 50 61 79 94 117 33 38 90 2 12 4 
11 16 88 145 136 46 79 41 80 9 164 11 158 67 94 70 35 50 
9 2 89 74 
9 17 72 160 129 75 61 48 151 144 39 117 32 16 167 67 163 104 169 
5 18 161 107 43 30 79 125 83 128 137 11 15 51 143 41 27 115 106 88 
2 15 169 8 67 16 54 117 51 92 73 100 149 144 142 104 157 
11 12 104 11 124 55 126 158 54 83 168 125 144 6 
10 3 38 167 117 
2 18 118 124 145 149 11 55 143 20 5 53 151 47 35 41 129 120 25 119 
4 10 134 108 126 152 128 156 81 16 32 167 
10 5 132 31 48 82 156 
11 11 34 1 46 159 83 37 105 21 125 50 55 
7 16 119 72 165 36 35 9 159 161 13 40 5 63 153 69 67 163 
3 8 36 108 5 147 30 54 170 52 
3 6 151 144 110 46 148 168 
4 14 21 6 92 37 70 8 79 49 137 169 32 132 131 58 
8 14 118 129 24 55 19 63 43 78 26 80 124 157 33 148 
9 20 101 21 7 48 65 119 83 51 60 28 70 22 109 25 93 141 90 159 18 57 
4 14 63 141 159 38 129 85 22 135 105 36 16 6 11 134 
9 20 102 143 70 51 93 18 3 23 130 32 145 138 19 30 40 9 107 8 61 135 
5 16 35 106 156 27 30 111 99 12 26 38 101 125 98 32 62 112 
2 6 5 61 116 60 40 169 
3 6 146 88 3 118 28 104 
6 21 49 130 73 78 114 143 69 134 112 95 168 76 4 129 101 108 62 149 10 82 99 
7 16 124 78 81 36 6 28 131 80 82 119 83 160 59 157 46 159 
7 2 147 85 
4 5 129 6 35 57 98 
8 17 93 47 84 87 22 104 116 35 45 68 109 65 61 135 136 32 43 
5 18 161 139 33 50 73 79 110 135 162 121 90 48 16 132 49 154 25 6 
2 5 9 8 7 162 153 
8 5 45 76 92 160 79 
10 15 52 106 88 23 93 80 158 113 16 57 47 102 135 56 31 
2 18 139 103 5 144 101 91 71 56 124 109 63 46 117 132 95 118 122 154 
9 2 27 92 
4 14 99 4 150 114 149 41 139 70 78 58 153 13 120 151 
5 20 35 110 50 100 107 122 27 40 116 91 20 112 104 61 111 44 41 133 73 22 
8 1 45 
3 19 147 55 130 25 10 164 19 47 144 102 87 115 30 116 131 125 165 48 44 
8 6 141 102 166 83 95 168 
5 7 12 155 47 3 110 69 145 
6 8 136 141 53 118 18 37 63 158 
