81
4 0 
2 5 73 20 28 76 29 
6 2 46 58 
2 4 52 73 13 39 
3 5 25 66 26 30 77 
7 1 27 
2 3 75 67 15 
4 1 77 
10 1 42 
7 1 43 
2 3 76 40 58 
10 2 44 80 
5 6 39 21 27 67 47 75 
9 1 11 
11 2 29 38 
8 6 22 2 53 67 8 29 
3 4 1 3 14 76 
5 2 79 27 
3 4 3 69 67 8 
10 6 11 68 41 60 77 14 
4 1 73 
5 2 2 29 
2 3 18 1 68 
5 3 18 20 74 
5 3 69 3 23 
10 2 62 11 
4 1 64 
2 1 77 
10 4 26 6 25 49 
9 5 45 26 2 66 61 
10 2 13 53 
3 1 1 
8 5 15 23 55 77 79 
10 3 29 79 74 
5 1 51 
3 2 8 30 
10 4 48 11 22 79 
5 6 9 1 48 13 73 10 
9 6 64 32 9 6 2 1 
7 2 13 58 
6 5 16 59 24 6 43 
6 6 56 62 7 63 45 17 
3 6 13 22 57 73 79 28 
2 2 55 6 
11 3 60 28 24 
10 6 15 47 5 23 34 72 
4 1 40 
9 6 9 15 35 51 41 52 
10 5 58 8 33 10 32 
6 4 55 69 53 15 
6 3 2 55 15 
3 2 34 12 
8 1 22 
6 2 61 67 
8 3 61 49 32 
2 6 41 8 49 71 66 73 
11 6 71 62 7 61 41 78 
10 1 36 
6 5 12 8 23 67 2 
9 3 77 24 3 
9 1 6 
4 3 35 76 37 
2 4 58 61 34 40 
10 4 56 49 65 41 
10 3 29 41 28 
6 6 72 44 57 18 16 12 
9 5 5 73 4 62 29 
3 1 45 
6 4 4 36 78 76 
2 6 25 43 77 69 26 18 
6 4 4 12 79 49 
10 5 17 59 14 80 11 
9 3 30 28 15 
3 2 60 47 
8 4 45 18 20 43 
7 2 13 38 
3 2 14 49 
3 3 60 52 31 
11 1 50 
10 6 4 79 40 29 42 66 
9 5 77 27 3 53 14 
