29
7 0 
7 7 8 21 11 12 22 9 3 
9 10 8 28 14 25 19 21 17 15 16 6 
5 3 5 21 20 
6 11 8 14 24 3 15 23 20 28 10 12 7 
2 5 7 13 23 14 2 
6 6 26 27 25 2 16 18 
11 8 6 7 24 20 21 4 23 15 
5 2 17 21 
5 6 20 18 15 2 19 21 
6 4 28 9 17 1 
7 7 28 7 10 22 13 3 8 
3 12 4 17 28 18 22 26 7 23 11 19 5 20 
5 12 10 25 9 28 16 15 19 1 12 26 24 27 
3 11 24 9 18 17 21 4 12 11 6 16 20 
8 8 24 17 21 22 13 6 18 12 
7 1 14 
10 10 12 6 11 23 26 14 17 21 27 20 
8 6 15 5 20 18 21 23 
4 1 3 
8 12 27 20 26 14 22 1 25 5 12 17 7 28 
6 1 3 
3 11 7 16 11 21 10 20 15 1 2 22 25 
7 3 19 11 25 
5 7 5 22 13 16 12 6 11 
3 8 9 4 2 17 24 15 27 25 
5 2 10 23 
9 10 26 18 24 9 1 23 8 22 17 19 
5 9 13 1 26 15 23 22 9 14 4 
