82
8 0 
11 7 10 19 71 3 79 65 43 
8 6 58 33 55 45 70 76 
8 4 56 18 35 62 
8 3 18 75 36 
9 2 75 72 
10 1 64 
6 5 62 39 15 35 70 
2 1 47 
10 3 18 63 23 
8 1 77 
11 5 20 28 22 75 65 
9 4 20 41 77 8 
3 6 1 20 47 9 16 17 
5 2 20 30 
9 3 77 43 4 
2 1 23 
8 3 11 73 63 
6 6 58 43 27 12 3 52 
9 7 67 69 53 25 57 80 49 
8 6 63 75 47 51 43 9 
9 6 3 6 9 51 80 2 
9 6 12 71 62 63 69 81 
5 3 42 12 35 
7 2 15 45 
10 3 27 11 4 
5 3 57 29 63 
9 1 43 
4 4 61 1 78 58 
5 2 53 32 
10 2 74 21 
10 3 53 41 48 
4 1 58 
8 1 2 
3 3 16 31 65 
2 5 65 72 63 76 38 
3 5 53 16 73 2 14 
3 6 41 69 42 62 8 48 
9 6 16 51 78 32 26 48 
10 7 75 78 25 23 1 43 59 
8 3 66 7 75 
10 7 80 36 30 13 55 61 43 
8 7 38 52 54 30 55 61 10 
3 2 78 58 
5 5 8 40 17 63 58 
7 5 2 80 48 74 44 
5 5 68 35 17 66 80 
11 6 69 31 23 63 2 80 
7 1 59 
6 3 16 71 9 
2 3 61 31 6 
5 7 26 44 24 64 25 54 60 
6 6 61 6 50 59 49 54 
7 6 21 28 48 34 81 60 
2 7 57 79 17 20 66 6 34 
3 2 27 18 
3 7 66 53 19 35 30 37 49 
5 1 68 
3 6 26 75 65 46 57 35 
9 7 27 80 10 78 44 21 6 
2 5 77 5 16 3 71 
6 2 48 65 
5 6 37 12 53 17 39 20 
6 5 56 65 18 72 26 
2 1 60 
9 5 9 25 10 72 32 
9 6 21 63 19 7 53 10 
6 3 56 74 75 
7 5 39 33 56 6 4 
5 6 67 53 80 81 43 60 
4 5 4 11 6 36 59 
2 1 42 
7 3 12 53 39 
7 4 9 15 63 62 
9 7 27 20 25 42 7 81 80 
10 2 18 16 
3 2 30 57 
6 1 42 
11 6 78 30 26 12 5 1 
4 2 66 57 
8 1 80 
3 2 33 64 
