27
4 0 
4 3 9 6 22 
4 3 26 13 15 
9 7 11 12 2 9 1 8 23 
10 7 25 26 20 15 1 18 11 
5 6 19 4 14 8 15 12 
8 9 22 1 11 15 20 21 14 12 18 
11 6 12 25 19 15 11 5 
6 7 10 11 5 25 26 16 20 
11 7 7 6 11 8 18 26 25 
7 2 23 1 
3 8 16 25 14 15 11 13 9 24 
4 6 22 15 9 18 14 11 
4 1 25 
4 8 25 21 23 10 16 22 18 26 
3 6 21 14 6 17 11 10 
2 2 8 3 
6 9 8 19 16 21 1 4 17 26 20 
2 2 25 7 
8 8 11 17 3 26 2 16 19 12 
9 2 25 14 
2 5 19 4 1 3 10 
9 10 3 24 21 19 22 8 16 14 12 6 
8 7 15 14 11 22 8 1 21 
11 7 2 18 7 1 16 26 11 
10 6 21 2 17 13 4 1 
8 5 4 22 15 8 16 
