48
11 0 
7 6 40 30 21 43 44 14 
7 8 17 13 39 43 22 6 29 41 
9 6 6 23 1 38 3 27 
6 13 33 45 30 18 39 42 14 17 41 44 29 35 11 
8 4 29 14 23 36 
11 3 4 17 10 
7 3 36 9 11 
3 11 38 11 46 5 44 21 6 10 32 47 14 
9 12 40 42 18 2 34 15 43 23 25 29 20 1 
8 8 47 14 2 28 43 23 33 21 
7 11 16 34 36 10 20 14 8 4 28 31 45 
2 4 22 12 15 21 
9 13 7 3 37 36 10 46 24 1 40 29 45 35 33 
8 11 18 20 33 34 44 5 43 12 22 11 39 
5 10 5 33 37 26 39 10 47 41 15 25 
2 11 6 46 15 45 21 32 30 9 22 38 34 
4 11 3 20 13 24 43 40 11 16 34 17 46 
3 12 28 11 10 31 38 8 6 4 29 45 25 24 
5 12 5 37 7 22 19 41 36 11 2 46 32 34 
11 1 4 
7 11 4 44 21 30 6 36 45 46 18 29 28 
10 8 31 35 34 5 19 38 17 3 
11 3 36 44 12 
7 10 15 28 33 9 29 32 8 40 11 38 
8 6 13 9 38 6 12 8 
5 1 5 
10 9 14 26 23 46 17 6 47 4 45 
7 11 37 21 13 23 11 18 2 35 16 12 44 
6 9 13 18 29 43 42 44 46 11 33 
7 4 8 28 14 16 
11 13 19 18 13 2 36 39 30 21 11 47 14 38 31 
8 10 10 19 3 39 29 7 2 13 28 42 
2 7 13 3 32 45 39 44 35 
4 9 43 45 41 10 27 3 1 47 21 
7 6 38 29 9 3 4 44 
11 5 40 19 36 11 41 
5 6 46 11 8 37 13 1 
11 4 10 20 22 7 
9 2 45 5 
11 12 6 23 17 29 34 40 2 33 4 32 42 19 
10 3 12 24 7 
9 4 39 41 24 36 
5 9 17 46 23 27 31 13 28 7 16 
8 7 42 33 18 41 6 16 46 
7 10 25 13 39 43 21 15 3 8 47 41 
4 7 24 22 2 42 19 4 17 
5 4 44 28 14 6 
