82
10 0 
3 1 71 
4 7 39 77 48 56 12 30 67 
5 4 17 78 74 57 
4 5 81 49 45 10 32 
7 2 67 57 
6 5 18 59 21 66 2 
6 3 37 74 44 
10 2 47 17 
5 6 66 55 71 51 7 61 
6 5 41 75 17 35 1 
10 6 39 63 55 19 51 57 
8 6 50 66 71 12 51 29 
3 4 7 20 25 49 
3 7 50 17 27 53 5 26 79 
3 4 50 1 9 13 
4 4 57 22 79 14 
11 4 14 66 71 63 
8 1 46 
9 6 58 34 81 63 18 76 
4 6 61 69 15 45 36 48 
2 5 5 13 38 77 8 
3 1 68 
7 7 76 29 11 54 47 72 27 
4 3 33 16 80 
8 3 59 81 41 
8 7 78 5 62 79 77 63 13 
8 4 15 6 62 17 
11 4 9 14 22 76 
6 1 18 
6 5 7 66 21 62 74 
9 5 10 36 30 9 6 
8 5 78 45 16 58 34 
6 3 79 51 4 
2 1 54 
7 2 62 19 
4 6 34 42 77 70 24 41 
10 3 20 77 13 
5 2 56 26 
9 6 37 9 17 54 74 12 
7 3 76 14 79 
3 5 32 1 13 77 7 
2 6 25 77 37 63 3 72 
9 4 2 52 37 3 
3 2 41 58 
9 3 73 59 74 
4 5 58 29 17 28 41 
10 1 40 
11 6 79 75 40 60 15 62 
8 2 49 69 
5 6 16 40 70 80 19 14 
5 1 36 
6 3 37 31 3 
2 3 19 15 49 
9 3 16 73 4 
5 3 4 45 35 
10 5 69 49 47 68 21 
5 2 7 54 
4 2 76 66 
8 4 64 72 50 28 
10 7 46 71 53 59 2 63 14 
2 5 77 80 69 12 20 
4 2 35 60 
7 2 56 25 
2 2 19 4 
5 5 40 52 27 37 77 
9 6 22 1 36 70 68 54 
10 6 65 47 80 38 30 64 
11 7 16 6 4 12 23 78 72 
2 1 52 
7 7 27 81 47 25 65 37 39 
8 3 79 13 76 
7 5 13 48 52 15 19 
6 4 37 52 9 2 
11 5 18 15 34 46 80 
11 7 45 33 23 17 43 5 1 
8 2 18 69 
5 1 32 
9 6 9 42 6 12 36 7 
6 3 18 11 41 
8 7 36 8 70 55 77 61 15 
9 1 59 
