121
3 0 
10 3 26 81 109 
8 19 88 21 49 6 43 47 28 40 53 63 83 57 101 23 116 11 64 85 52 
9 10 8 78 11 101 90 70 57 94 48 98 
4 18 87 16 85 64 68 104 119 6 50 106 40 24 115 55 18 99 37 66 
4 16 13 107 34 55 79 82 78 89 24 39 17 32 114 48 104 91 
11 12 31 34 104 107 81 112 26 85 55 91 53 54 
5 10 111 104 64 118 56 66 74 19 79 36 
10 4 105 10 38 24 
4 6 63 119 99 60 79 98 
5 8 55 95 108 53 71 21 26 27 
2 19 36 78 97 115 7 62 74 17 94 76 24 2 54 41 63 39 18 50 6 
9 4 78 104 60 59 
11 18 23 34 61 39 33 17 56 11 53 119 1 100 82 8 120 68 4 96 
10 6 96 2 13 55 115 79 
4 12 43 38 84 33 52 2 23 74 105 96 28 71 
6 18 33 96 108 11 94 29 22 78 101 46 59 26 100 31 76 113 109 65 
6 2 37 97 
2 5 104 108 98 102 68 
6 6 110 31 28 102 22 89 
5 10 49 5 101 53 103 62 73 52 7 120 
3 10 34 60 40 69 56 102 101 25 6 110 
5 5 20 89 8 39 21 
6 10 28 88 85 25 66 26 46 104 117 105 
2 2 93 5 
7 16 95 90 29 37 65 38 98 72 108 6 33 81 8 58 55 21 
11 20 15 103 91 110 93 58 66 81 60 9 86 28 64 76 68 99 8 51 79 16 
3 10 95 102 83 32 99 98 17 117 107 80 
8 17 106 120 117 73 90 116 10 49 44 20 66 70 35 101 64 33 2 
2 12 54 92 12 105 2 99 21 102 66 19 82 77 
2 5 36 82 59 106 23 
6 10 82 55 34 119 17 107 86 74 41 113 
10 13 22 102 25 31 2 76 27 56 74 67 72 98 106 
8 18 92 105 45 80 46 69 29 73 103 118 9 67 109 57 95 43 8 54 
7 13 56 44 111 2 41 83 116 63 114 89 38 88 18 
7 21 64 27 15 59 14 94 116 105 48 114 29 19 67 99 89 54 21 88 32 20 7 
9 7 45 77 99 69 38 109 2 
9 8 29 39 17 4 44 110 61 40 
9 10 70 69 109 15 87 75 73 76 4 108 
4 6 65 41 49 58 97 20 
4 10 3 79 16 113 103 43 55 33 112 68 
11 15 60 96 54 89 87 45 85 13 84 39 38 32 118 58 95 
2 5 69 33 38 6 40 
6 20 78 31 105 85 108 63 46 86 57 33 24 14 18 37 115 110 36 113 9 69 
9 13 104 115 93 65 84 56 59 9 15 29 80 14 67 
10 13 6 75 108 25 15 111 91 9 47 87 107 106 82 
9 20 30 57 118 22 39 72 32 27 73 29 103 117 90 59 113 82 74 60 120 56 
9 5 77 97 76 90 56 
5 1 33 
11 5 88 30 105 91 49 
2 6 119 58 38 67 88 32 
4 19 65 112 67 106 95 89 74 88 7 104 15 99 77 11 105 31 108 57 28 
10 2 99 43 
3 20 89 47 79 48 13 90 33 17 83 58 57 91 3 96 117 70 108 59 113 6 
6 19 64 53 62 105 104 113 21 66 80 93 97 18 69 46 118 74 92 60 112 
2 11 30 37 120 44 55 99 49 51 10 78 88 
7 9 55 81 8 43 116 15 48 73 115 
2 15 50 88 114 101 70 4 62 72 7 113 96 13 21 12 64 
11 6 20 100 18 16 107 44 
5 2 99 114 
5 3 2 58 81 
9 19 86 78 77 73 85 32 75 7 61 97 50 14 34 102 74 105 39 94 115 
6 10 91 113 26 67 32 7 22 53 21 95 
9 15 87 82 13 95 56 94 70 10 68 116 2 39 40 79 32 
4 13 76 84 27 79 44 101 120 55 14 117 61 73 97 
4 8 14 68 4 90 77 43 69 49 
5 19 75 108 74 66 119 41 31 65 107 59 112 13 3 61 49 57 83 79 60 
5 5 10 2 62 112 54 
3 19 70 26 16 73 60 92 88 6 114 51 106 117 96 56 74 12 21 91 72 
10 3 31 87 80 
6 17 8 53 6 44 68 41 9 59 61 65 40 106 94 93 3 17 13 
3 15 107 64 86 106 83 62 96 73 56 118 28 40 11 53 16 
9 17 90 77 27 67 81 6 3 68 88 24 113 116 40 104 12 48 9 
7 16 70 93 17 63 73 23 35 77 102 118 30 24 103 99 58 112 
10 15 69 7 41 101 21 50 117 38 99 42 93 24 76 109 57 
8 19 28 46 44 71 14 6 70 19 55 61 31 113 9 2 84 88 107 74 15 
9 21 104 116 95 11 88 83 32 59 20 114 3 1 113 58 120 105 8 51 41 42 85 
6 14 93 110 65 8 89 55 112 20 59 87 24 84 58 109 
10 7 13 87 119 71 77 24 4 
6 5 68 38 39 111 75 
9 20 67 82 38 98 74 113 39 22 114 3 79 66 101 35 32 50 87 21 60 30 
7 1 48 
5 18 53 33 7 23 58 10 55 17 1 64 96 50 71 90 52 43 92 86 
9 2 26 96 
9 14 74 73 103 82 89 27 52 51 61 15 2 91 105 12 
6 11 108 8 112 111 37 11 75 54 39 22 59 
7 18 114 9 97 106 118 48 8 102 112 34 62 75 21 116 27 14 89 54 
6 9 78 64 79 105 5 34 17 55 39 
10 12 120 56 29 53 119 97 84 9 64 50 69 28 
10 20 38 94 1 65 75 102 9 111 43 40 8 59 50 31 114 11 115 16 37 27 
7 14 113 90 73 102 115 103 88 111 31 36 39 92 49 75 
5 9 99 116 52 44 106 65 63 107 49 
7 16 119 17 16 21 109 84 106 50 117 42 15 73 53 26 40 1 
9 17 79 78 15 49 9 114 97 13 2 92 88 48 109 16 96 101 74 
5 7 50 3 48 54 12 23 91 
6 15 49 111 41 20 36 75 44 8 51 120 106 100 90 88 57 
10 11 67 109 44 20 41 111 70 108 22 88 116 
8 4 20 61 86 35 
2 18 103 59 17 15 23 50 70 21 25 3 22 46 72 49 77 62 31 109 
4 6 104 34 6 92 3 109 
7 4 96 43 51 85 
11 1 104 
9 6 14 95 11 4 67 105 
10 17 33 67 96 89 87 47 44 108 81 69 46 99 12 57 16 43 4 
8 18 18 90 104 35 17 107 66 28 53 118 91 60 59 67 73 83 64 96 
10 5 53 27 120 16 55 
8 13 19 109 55 61 84 62 91 42 10 117 1 21 97 
5 14 77 47 37 81 61 38 79 102 51 43 64 34 6 71 
3 20 49 98 63 54 25 95 101 14 110 8 24 76 43 118 119 65 29 12 114 52 
9 8 11 57 62 81 116 9 2 102 
2 9 30 49 81 110 36 56 3 74 76 
9 19 16 45 24 99 83 60 63 35 65 21 115 31 42 93 73 72 66 69 11 
4 10 78 106 75 74 109 2 18 65 10 61 
11 2 105 17 
8 10 24 7 36 2 99 26 11 17 108 41 
6 11 8 93 111 2 13 101 117 119 5 37 68 
9 4 50 6 41 57 
6 2 61 119 
5 9 62 75 54 7 110 102 56 4 27 
8 15 51 34 119 25 69 118 117 31 26 33 81 9 68 49 3 
11 4 31 22 61 30 
