43
2 0 
9 1 36 
11 7 31 41 28 16 11 34 9 
3 5 21 1 12 41 20 
7 8 42 41 4 39 19 29 38 2 
7 8 31 19 36 23 34 12 11 37 
4 1 13 
5 1 4 
7 6 24 19 12 21 30 29 
2 2 1 37 
6 1 26 
8 5 23 1 2 24 3 
3 7 4 39 40 15 17 24 6 
2 7 20 18 16 29 31 3 28 
5 5 42 25 31 14 40 
10 4 21 22 25 18 
8 7 19 28 33 35 18 9 42 
2 6 24 8 27 1 41 22 
5 7 11 37 30 34 2 33 4 
3 5 41 35 38 19 40 
7 6 28 6 12 30 40 31 
2 2 28 14 
5 3 9 13 8 
6 7 1 25 5 26 2 14 32 
3 3 32 38 7 
7 6 3 15 14 9 28 31 
8 5 40 41 32 33 9 
7 6 1 41 30 12 31 15 
3 8 30 25 34 26 1 20 21 40 
2 8 42 2 39 15 31 10 40 37 
3 7 5 34 23 39 41 32 42 
5 6 21 2 38 10 29 20 
6 1 31 
9 4 11 42 26 35 
6 5 2 6 39 32 30 
2 8 14 24 32 26 16 38 20 10 
10 1 14 
3 7 37 35 29 26 39 21 18 
8 6 15 16 42 6 22 37 
2 3 7 8 5 
10 8 9 26 38 30 33 14 13 7 
5 4 3 41 13 28 
7 4 36 35 39 2 
