198
8 0 
11 5 84 17 52 122 114 
7 17 151 109 153 69 17 87 132 137 106 177 139 164 189 159 172 150 113 
8 2 195 107 
10 16 49 137 16 190 140 100 93 62 34 165 54 51 157 83 98 63 
9 18 62 179 95 42 68 160 17 40 135 65 113 88 31 2 4 185 149 27 
2 5 53 166 45 148 66 
5 8 196 125 149 162 49 38 176 21 
9 12 77 29 24 68 106 48 159 131 144 50 142 93 
8 1 81 
4 11 185 125 169 168 112 7 81 49 24 10 197 
7 6 88 80 112 187 129 171 
8 18 148 197 5 114 6 96 23 87 138 31 153 192 62 142 48 102 170 161 
9 9 125 184 11 194 127 172 34 135 191 
9 1 137 
7 12 188 85 110 93 8 127 10 58 61 81 131 7 
8 6 142 75 121 50 41 94 
5 10 126 70 32 179 158 121 181 136 10 38 
11 7 124 139 50 170 1 64 142 
5 8 104 86 190 102 128 35 157 161 
9 15 150 54 47 192 186 151 33 1 123 12 124 92 134 3 155 
4 4 73 141 103 3 
8 14 5 119 149 66 170 37 60 160 98 183 67 79 42 102 
2 9 94 27 17 78 186 114 184 128 71 
6 4 85 20 126 172 
2 4 46 179 128 191 
9 14 155 48 179 42 140 150 25 178 156 89 79 187 96 2 
4 8 111 76 8 113 7 179 190 123 
3 3 8 55 132 
11 17 146 126 44 66 170 158 175 132 32 153 135 173 42 178 96 2 68 
10 4 83 87 78 33 
9 6 12 34 80 1 58 144 
10 4 6 7 100 124 
5 16 39 69 61 146 119 92 192 121 111 41 142 58 149 23 57 127 
8 9 107 162 97 165 52 160 49 173 32 
2 15 45 165 117 52 26 50 133 194 125 192 85 77 87 139 110 
10 9 1 57 66 76 154 18 81 71 195 
3 12 87 66 75 9 76 3 17 152 92 176 47 7 
5 2 32 115 
6 5 124 26 52 142 121 
9 3 118 99 98 
4 12 84 5 174 159 54 35 62 53 146 106 69 7 
10 2 181 1 
3 12 125 32 156 8 26 12 2 27 128 25 36 167 
3 3 49 79 95 
2 8 73 195 29 191 155 90 118 127 
3 11 150 135 76 56 159 172 14 164 74 25 196 
9 4 40 25 192 62 
9 16 36 31 23 146 101 137 189 143 54 39 34 165 140 151 179 13 
2 16 25 168 77 101 96 138 79 181 14 56 155 91 26 75 134 73 
11 1 179 
11 8 23 37 169 170 107 146 11 85 
10 15 175 70 36 185 151 192 22 150 98 166 17 32 148 67 123 
8 5 77 106 62 10 57 
6 5 70 41 99 181 130 
4 4 59 85 6 25 
3 4 11 81 56 67 
10 2 36 148 
9 2 19 152 
3 18 135 172 186 64 130 128 119 124 76 2 80 27 178 134 150 100 47 155 
10 17 116 183 107 123 184 42 124 100 5 119 30 85 53 190 20 83 25 
9 14 83 172 165 77 139 162 40 7 174 111 158 184 140 59 
9 12 181 43 18 20 167 26 121 53 29 183 115 19 
4 6 197 93 157 177 190 11 
3 4 106 183 44 195 
8 3 54 176 114 
11 5 184 4 178 25 24 
7 17 147 184 61 193 93 117 66 12 25 97 119 2 67 47 94 86 121 
2 9 182 156 99 116 134 101 71 102 112 
7 1 58 
9 12 123 180 188 112 111 90 161 13 86 54 117 125 
2 2 130 81 
7 1 193 
11 3 194 186 123 
5 11 3 186 82 177 109 86 129 118 26 24 91 
4 10 72 109 94 49 147 56 69 188 146 156 
8 16 23 41 103 17 169 76 97 63 43 95 67 69 98 187 83 120 
3 7 115 82 51 95 68 126 102 
4 2 106 12 
11 12 184 39 9 127 13 86 97 38 42 96 129 135 
10 13 39 48 142 95 75 63 170 90 177 17 59 24 67 
11 1 125 
11 7 195 187 69 126 11 41 132 
9 12 36 163 100 102 24 170 145 9 176 106 47 23 
9 12 57 129 168 164 109 91 117 59 191 150 60 104 
3 2 106 116 
2 8 184 112 114 23 4 171 153 84 
5 4 8 159 106 162 
7 18 101 107 18 85 49 148 28 82 191 117 166 73 58 170 123 45 145 162 
11 15 92 99 184 54 85 196 189 129 73 72 149 100 97 109 52 
10 2 64 41 
5 7 118 166 76 69 173 96 177 
4 10 191 66 104 111 126 59 30 6 89 148 
9 2 155 80 
11 16 83 30 54 29 93 105 88 174 179 31 61 146 97 126 41 196 
11 16 29 3 174 94 10 116 190 149 186 193 124 146 18 180 173 67 
4 2 75 59 
4 4 111 149 64 21 
10 1 8 
11 2 70 8 
10 8 113 85 176 134 93 20 56 99 
2 7 186 82 21 166 114 50 64 
8 17 94 52 162 68 3 21 37 194 114 179 106 152 54 60 10 155 58 
4 4 38 18 157 8 
2 17 156 48 182 2 119 84 163 158 150 169 58 123 64 162 32 88 40 
7 18 58 64 184 5 150 157 2 1 156 193 69 101 24 76 91 72 35 173 
5 9 93 105 80 6 155 126 151 137 91 
7 3 139 98 13 
3 12 139 146 156 66 73 25 20 79 42 196 14 168 
8 13 4 190 47 13 182 107 53 149 188 181 119 33 65 
2 14 52 29 82 162 181 61 147 122 175 121 193 60 87 30 
10 18 175 47 92 179 90 120 196 79 82 78 85 24 1 91 18 56 16 62 
4 1 180 
10 11 26 81 116 127 64 131 49 107 146 110 9 
5 6 140 196 100 71 136 189 
3 5 54 167 44 196 192 
3 9 77 54 134 148 4 109 167 152 185 
5 4 116 164 186 37 
5 14 144 95 93 3 51 87 17 192 26 30 108 55 70 19 
9 17 102 53 150 169 56 133 104 137 24 153 179 11 76 97 32 15 14 
4 5 173 59 178 182 43 
11 7 160 34 61 55 57 26 185 
9 18 36 39 125 81 54 96 171 114 56 136 83 72 51 16 189 60 132 174 
2 17 122 153 89 58 83 87 36 75 42 84 95 52 25 50 150 128 151 
9 7 102 140 167 182 27 72 10 
10 16 21 121 12 13 87 8 162 45 90 101 70 49 167 69 148 178 
6 6 76 172 190 187 86 37 
3 11 134 59 41 173 75 10 40 138 104 74 85 
8 12 183 29 151 72 60 94 105 33 34 65 84 43 
11 18 2 47 59 84 30 104 1 27 139 131 176 140 109 56 133 31 8 135 
4 10 66 64 135 36 82 143 149 46 33 90 
11 18 185 137 78 175 5 93 53 26 71 6 16 189 40 143 35 107 105 146 
2 10 5 26 143 62 114 67 34 38 166 29 
7 3 100 149 86 
4 15 70 165 8 124 186 122 41 92 155 76 104 67 163 87 66 
8 9 8 124 31 64 168 88 90 62 27 
5 14 143 6 29 104 195 43 26 146 152 112 186 76 63 72 
8 2 132 124 
6 15 30 122 27 127 1 180 22 104 23 160 186 105 98 107 193 
3 18 173 34 55 155 186 89 132 102 144 120 16 195 23 154 147 171 52 156 
6 3 77 122 176 
4 1 156 
8 2 100 179 
3 14 150 75 25 110 179 163 132 185 103 85 146 93 15 87 
8 8 81 115 88 34 169 50 73 54 
6 9 26 102 106 66 126 73 170 56 40 
10 7 133 170 38 117 34 90 51 
11 14 19 81 94 85 123 196 104 165 151 118 23 75 133 15 
10 10 38 151 182 136 184 57 4 160 79 22 
7 8 104 183 79 56 57 156 93 38 
6 3 11 161 130 
3 12 145 191 148 49 165 163 91 195 50 138 159 181 
2 5 175 141 132 189 121 
6 18 21 124 54 148 24 191 41 6 96 55 100 48 35 183 44 173 115 107 
7 5 32 145 176 69 183 
11 10 175 17 94 119 68 107 173 196 111 155 
7 1 177 
9 12 111 138 154 109 9 6 89 184 139 86 116 45 
7 18 111 66 192 58 81 189 73 49 143 164 93 15 127 78 80 37 153 129 
5 6 190 107 74 125 197 193 
9 10 189 122 114 14 40 72 33 154 84 16 
10 1 59 
4 13 151 7 10 117 50 32 137 192 142 180 187 27 86 
11 11 141 132 9 178 90 83 195 15 26 96 191 
8 7 157 45 194 13 89 177 88 
3 10 78 61 182 148 116 54 130 179 51 19 
10 4 14 192 57 28 
7 5 83 67 175 163 197 
8 4 180 171 166 190 
11 8 134 182 137 45 88 109 144 180 
10 5 184 89 126 8 96 
5 6 114 105 170 183 45 123 
9 3 33 57 138 
4 9 67 139 153 170 184 176 75 55 76 
7 1 164 
11 17 16 99 60 53 86 13 36 56 165 31 104 24 72 197 34 95 180 
8 1 170 
7 13 115 62 66 149 172 138 165 59 46 8 51 57 133 
5 15 29 90 102 123 34 97 158 31 80 66 192 107 119 50 122 
4 14 42 35 14 148 16 126 120 92 191 101 193 77 125 115 
8 6 106 52 113 104 168 102 
11 1 180 
7 2 170 108 
10 6 108 58 39 136 46 19 
9 14 59 197 196 152 14 149 141 158 102 56 193 49 98 3 
5 14 108 40 115 120 149 116 158 168 70 41 101 155 50 52 
5 10 92 196 91 105 21 179 94 146 95 96 
5 12 146 121 29 163 180 152 24 35 112 22 41 52 
3 4 142 160 196 13 
11 12 137 86 62 26 107 177 77 154 30 17 141 148 
2 14 63 138 60 102 179 160 97 120 52 84 53 79 103 80 
4 18 188 37 86 24 148 1 149 71 52 14 47 136 76 172 146 84 31 113 
7 9 89 97 165 144 90 16 113 161 49 
5 2 65 158 
10 12 3 23 70 42 101 75 34 136 10 114 172 8 
8 2 74 177 
2 9 103 118 189 77 52 35 171 183 45 
10 6 135 16 5 20 71 77 
