123
3 0 
7 9 66 80 24 91 58 41 25 54 111 
9 9 40 24 54 35 85 95 119 117 107 
4 15 63 79 10 49 120 115 74 52 33 31 51 67 46 3 73 
4 6 10 101 82 80 117 94 
2 14 48 91 58 62 101 51 45 70 4 84 90 10 96 77 
4 1 101 
10 1 110 
4 21 47 105 6 56 26 37 27 116 73 65 90 80 5 21 38 112 99 72 88 71 120 
5 16 23 105 101 28 77 8 12 79 89 31 65 9 7 82 74 61 
2 1 76 
4 18 77 67 20 76 31 70 26 14 56 29 54 79 119 27 111 24 21 22 
7 22 12 68 77 38 4 7 25 24 3 35 34 66 96 42 101 88 109 8 86 107 115 54 
5 10 118 79 91 102 88 112 35 93 48 50 
3 8 36 22 8 97 25 88 74 6 
8 23 63 112 100 90 71 8 101 33 61 118 27 5 2 102 108 25 120 109 9 68 83 98 103 
6 18 65 28 52 109 47 82 70 54 79 32 86 57 114 75 104 76 90 91 
7 3 121 114 106 
5 17 66 23 84 46 57 27 97 6 37 56 112 71 70 111 104 107 43 
11 5 48 61 69 77 109 
6 10 52 70 91 24 54 56 66 119 74 81 
6 22 51 27 65 62 83 17 64 37 3 80 45 67 57 36 109 91 98 95 112 30 120 19 
2 21 81 5 64 16 25 115 74 15 51 94 1 75 106 33 60 27 30 49 117 84 47 
5 9 25 9 52 55 69 112 67 85 98 
7 15 118 5 62 95 52 60 68 93 109 72 6 39 122 67 119 
8 18 108 49 104 99 94 59 93 77 65 22 54 48 57 7 31 112 103 107 
8 3 54 26 30 
8 19 45 11 13 53 85 33 78 104 63 72 90 41 42 68 97 120 103 18 23 
4 7 35 108 31 53 109 3 70 
7 19 25 106 44 82 101 20 83 74 52 115 116 37 18 119 76 3 97 49 28 
11 23 49 57 71 45 9 97 112 20 21 104 98 81 56 107 79 46 102 70 13 91 90 96 117 
10 5 10 19 40 27 20 
4 23 113 75 82 6 21 114 86 24 36 93 37 102 67 103 87 100 29 76 118 54 60 92 120 
9 7 101 46 40 110 27 50 16 
5 4 82 56 105 106 
10 11 32 113 12 70 114 50 78 107 69 119 39 
9 10 5 100 89 118 28 65 6 115 103 78 
6 16 2 82 117 54 65 45 14 74 62 93 26 75 105 55 15 89 
10 15 98 13 100 106 10 33 89 80 105 70 121 111 44 46 59 
3 23 88 91 16 90 84 112 68 81 38 57 62 23 72 114 82 26 4 77 105 98 30 102 96 
10 3 61 95 50 
4 17 79 36 68 53 82 40 104 119 83 22 1 86 80 41 70 16 94 
3 1 16 
3 21 115 8 54 94 43 86 9 73 46 114 56 28 12 109 92 76 91 3 108 68 10 
8 17 109 12 23 118 93 55 36 5 83 110 16 100 41 74 52 105 4 
7 3 98 97 101 
8 4 32 112 4 90 
5 11 87 58 5 50 101 21 11 67 94 70 61 
6 23 110 32 116 115 83 19 44 42 62 61 21 38 105 108 66 93 117 25 85 95 28 43 102 
8 8 1 95 22 63 43 30 20 64 
5 21 77 27 3 71 89 121 54 69 31 64 103 67 100 7 95 1 98 101 106 37 86 
9 8 82 80 107 40 49 99 19 38 
4 5 70 74 35 22 87 
2 13 41 122 73 117 96 65 90 101 7 60 121 103 24 
5 21 102 28 108 59 27 25 92 105 11 79 9 116 87 67 94 1 13 82 64 17 8 
7 23 2 73 122 121 90 40 29 100 54 50 111 85 77 39 51 7 16 68 66 49 72 115 46 
9 15 12 87 117 39 75 38 50 113 78 25 110 67 9 85 83 
4 4 25 43 1 19 
5 14 85 113 9 40 68 58 14 1 53 41 11 72 87 119 
8 4 81 39 43 89 
10 22 22 8 12 72 111 112 76 60 23 55 95 21 88 77 110 35 89 39 104 121 9 47 
3 16 106 109 112 63 74 122 46 76 69 15 114 98 35 91 92 93 
6 20 103 7 1 27 42 105 66 26 109 83 69 59 21 33 85 96 72 55 41 40 
5 17 21 19 10 72 68 26 95 40 56 112 111 52 59 60 46 114 63 
10 9 73 58 20 6 114 12 28 119 79 
2 7 20 94 46 28 37 16 52 
9 5 119 109 71 82 87 
9 14 101 41 106 82 43 27 79 35 29 103 57 114 15 5 
3 14 12 7 65 40 103 93 75 50 14 71 39 52 117 112 
3 20 16 93 63 94 51 66 18 116 117 79 82 26 9 30 102 68 109 91 115 86 
4 16 3 119 24 106 96 5 65 64 120 59 2 87 10 11 111 4 
7 6 44 115 91 39 114 2 
7 16 119 98 17 5 23 70 91 13 37 101 116 86 60 117 22 76 
10 12 22 32 68 52 12 66 40 67 111 44 119 41 
8 19 20 31 82 111 85 61 113 27 44 102 99 104 35 28 6 71 88 65 22 
4 20 23 98 55 85 20 3 121 60 8 115 95 15 34 88 43 37 28 48 118 100 
3 6 64 84 76 80 95 49 
7 9 88 49 26 111 12 74 34 18 56 
3 4 86 2 96 5 
11 9 117 104 70 101 72 35 76 95 118 
3 17 55 41 39 70 5 99 61 32 96 114 14 67 85 87 44 90 4 
2 22 29 116 103 11 97 91 4 15 85 22 53 76 12 93 23 105 54 107 113 108 45 49 
8 22 74 34 55 36 110 69 48 32 7 35 26 12 108 87 107 20 68 4 99 105 73 62 
4 5 1 100 69 52 51 
6 20 84 89 91 68 41 20 1 70 55 22 83 116 64 112 10 117 42 14 115 25 
11 14 32 100 48 39 58 54 4 114 98 27 53 108 50 31 
10 8 35 40 82 90 61 12 10 9 
5 19 52 98 119 117 23 58 3 73 96 57 51 26 84 54 68 116 60 95 56 
2 23 94 114 40 59 117 101 76 31 98 102 78 104 16 62 48 88 43 63 92 28 68 53 32 
2 21 88 52 1 25 118 24 46 79 95 53 4 26 77 10 76 43 59 93 103 83 15 
5 13 71 19 28 33 116 13 103 27 83 105 4 57 96 
2 14 12 21 105 57 98 27 111 61 91 94 13 78 63 103 
5 20 107 50 2 52 39 17 98 35 16 46 20 58 71 88 29 13 34 60 41 51 
2 11 17 7 27 58 96 112 34 54 72 102 74 
9 12 92 83 116 119 71 48 112 24 10 21 56 107 
11 15 108 65 121 112 3 92 117 104 48 30 58 93 42 66 2 
3 6 37 24 105 55 68 114 
5 13 41 15 83 74 29 1 63 4 70 109 37 114 96 
6 21 15 84 36 107 32 18 20 71 30 69 82 94 67 95 6 49 1 28 53 73 19 
8 3 74 54 98 
5 16 29 122 70 2 117 9 120 81 103 94 75 58 50 105 77 18 
7 13 121 65 73 36 54 39 46 20 68 58 99 30 28 
3 3 58 59 23 
3 19 45 18 116 4 34 119 16 74 114 111 107 58 72 68 25 12 49 108 99 
7 19 54 15 3 47 108 37 119 29 14 114 58 7 20 107 25 13 53 33 102 
5 12 88 2 80 89 15 105 11 47 112 70 103 33 
7 2 122 69 
7 20 7 80 74 85 12 110 42 67 81 91 28 75 25 77 23 94 113 24 1 93 
11 3 113 77 18 
11 3 13 82 92 
5 16 58 40 23 70 96 89 51 53 94 87 32 85 33 25 5 55 
8 19 54 5 50 74 110 36 81 20 102 114 30 60 29 84 107 38 35 51 1 
2 15 72 24 18 78 114 81 25 89 84 93 94 68 35 80 41 
5 20 83 31 2 91 100 26 79 50 63 53 43 103 20 84 73 55 56 101 85 22 
4 3 90 8 51 
7 22 15 53 63 107 23 118 100 102 62 26 84 89 78 41 34 18 79 4 99 19 46 86 
6 22 12 104 9 11 36 16 64 113 105 35 67 121 13 8 91 72 122 84 21 74 53 102 
7 11 63 73 122 96 107 60 69 7 35 119 56 
4 14 52 116 45 82 22 50 24 20 81 44 27 87 2 8 
11 18 76 93 78 51 74 122 110 15 95 118 32 64 100 11 63 75 79 35 
7 23 65 43 24 88 116 106 86 16 42 19 68 44 92 111 23 75 2 109 100 81 77 107 34 
11 21 111 102 39 28 13 114 26 71 109 6 53 5 7 93 24 2 78 92 16 77 83 
5 14 115 47 27 98 65 43 39 3 32 117 14 5 15 121 
