163
7 0 
2 12 21 38 138 121 89 44 46 40 33 148 131 65 
5 2 80 146 
10 8 78 35 89 100 104 54 149 62 
7 10 60 38 110 143 2 157 134 45 19 24 
7 9 148 134 49 67 5 114 43 83 32 
8 5 134 38 67 136 121 
4 10 157 10 78 58 94 96 40 145 85 111 
8 10 8 114 88 38 113 44 149 138 17 126 
4 6 50 101 141 107 152 128 
10 8 22 37 64 33 18 93 3 89 
11 8 40 131 32 47 160 25 24 149 
7 1 28 
2 4 28 48 150 147 
11 3 25 97 103 
8 13 94 127 156 139 120 33 101 65 3 145 25 133 88 
7 9 23 122 130 34 10 87 45 76 59 
10 11 43 37 100 157 56 135 52 112 97 93 127 
2 7 13 156 10 74 45 81 142 
3 4 53 107 134 21 
5 11 117 62 109 68 30 125 120 69 101 111 5 
11 6 119 40 150 120 51 101 
11 6 61 84 134 102 35 6 
3 6 55 155 70 122 81 22 
2 1 60 
8 8 150 45 122 142 106 115 67 98 
8 1 83 
8 12 105 88 134 67 65 132 45 125 141 51 76 39 
3 8 99 55 33 115 124 64 121 92 
8 12 78 41 28 47 12 42 121 63 116 145 99 29 
5 6 54 159 141 76 28 132 
10 3 27 44 48 
9 9 135 63 93 51 160 12 55 104 90 
4 6 47 87 5 90 54 58 
4 3 33 3 17 
5 7 93 124 74 12 71 47 40 
5 4 89 140 33 23 
10 1 23 
11 11 111 61 150 113 123 140 77 149 115 13 109 
5 3 102 62 21 
11 10 80 16 10 57 161 160 124 52 35 6 
8 4 162 133 143 73 
7 9 37 17 21 92 74 33 42 104 19 
4 12 17 41 66 54 121 88 112 25 31 130 84 12 
7 9 158 113 63 86 49 92 24 105 73 
10 2 10 121 
9 13 2 4 160 62 60 41 51 55 112 79 127 71 35 
9 11 76 54 156 91 79 46 78 64 118 155 132 
8 10 123 84 144 68 119 1 31 124 32 158 
11 10 116 57 25 40 37 66 133 147 74 67 
4 3 116 19 88 
3 2 33 59 
10 3 89 48 97 
8 12 129 61 70 72 27 101 18 125 92 132 139 156 
4 1 146 
2 6 37 75 57 87 41 14 
9 13 14 27 157 107 137 4 39 72 152 30 158 131 112 
3 3 16 151 43 
6 8 69 64 60 123 140 91 156 128 
8 5 4 161 22 149 128 
7 7 16 1 55 102 101 73 13 
2 11 22 93 108 59 146 69 57 72 64 94 29 
8 10 143 40 57 10 94 22 98 162 157 149 
11 7 12 81 20 143 82 133 51 
5 10 94 91 153 104 121 83 40 112 100 156 
8 4 117 30 34 22 
7 3 8 162 108 
8 8 122 132 107 6 102 99 12 33 
7 12 16 104 132 151 8 141 107 43 44 90 111 18 
7 5 30 115 44 18 80 
9 2 43 141 
7 3 143 162 36 
3 8 8 25 66 68 36 120 19 65 
7 6 144 59 18 5 102 143 
5 13 77 89 156 85 20 64 96 43 28 155 74 143 144 
3 10 22 82 149 29 39 147 11 75 80 30 
9 6 138 19 144 107 66 83 
4 11 5 36 17 121 148 67 86 91 104 151 110 
9 2 59 37 
8 2 13 54 
4 6 96 90 92 56 33 47 
5 5 128 146 20 2 45 
5 1 131 
8 9 103 63 149 51 113 71 38 140 107 
10 7 102 37 56 1 67 111 93 
8 11 130 106 153 40 30 122 6 140 105 68 138 
7 4 61 64 8 114 
5 8 4 90 132 7 58 11 33 67 
10 8 52 113 148 55 20 106 159 54 
5 3 40 149 120 
8 11 114 58 90 121 54 21 46 132 93 156 79 
3 4 162 161 107 111 
11 13 122 23 86 17 136 66 26 52 81 70 44 77 60 
9 12 103 17 148 153 66 56 121 118 109 92 149 1 
9 11 37 102 71 74 97 2 39 9 153 145 76 
7 11 158 138 132 139 11 55 25 33 47 66 36 
3 3 41 108 153 
8 2 114 40 
8 5 115 145 157 3 143 
6 13 86 36 64 108 38 7 46 114 117 156 89 80 85 
7 3 146 106 27 
11 5 139 55 132 161 15 
11 8 28 114 99 161 140 73 136 3 
2 6 59 92 24 109 56 8 
3 9 44 107 156 104 9 126 41 85 142 
11 7 96 19 124 156 30 9 20 
4 12 66 123 149 59 21 71 60 8 151 76 135 43 
11 12 51 21 94 15 82 78 99 27 49 115 112 46 
6 9 11 46 144 124 121 92 7 41 60 
5 1 156 
4 2 77 83 
2 3 35 56 80 
5 9 143 26 141 75 133 116 52 86 30 
8 5 31 135 46 75 154 
11 4 103 51 125 86 
9 3 63 48 112 
5 6 112 65 96 126 120 53 
11 6 104 160 28 128 99 150 
2 1 54 
8 13 113 155 112 149 157 3 158 82 78 67 98 145 136 
6 6 1 111 6 82 151 152 
2 7 48 124 105 43 112 42 91 
4 11 142 154 41 106 66 136 13 33 79 88 100 
4 11 18 134 17 33 93 61 44 84 150 105 85 
7 3 53 41 34 
7 11 119 53 35 30 52 110 12 101 45 72 13 
2 4 117 17 157 112 
11 4 58 24 97 148 
11 4 9 93 11 13 
6 7 116 71 27 34 126 32 151 
4 2 62 70 
6 13 50 78 67 99 19 105 153 62 3 127 72 52 73 
5 13 107 93 23 122 117 104 12 55 38 6 49 26 123 
2 2 143 2 
2 5 84 14 80 71 159 
4 10 157 89 107 43 121 70 68 47 23 51 
5 13 141 104 121 119 12 124 111 105 6 125 75 122 120 
4 4 85 63 80 53 
7 10 18 114 74 134 73 8 24 143 67 12 
6 10 19 143 48 138 62 70 58 29 124 90 
6 2 160 57 
11 13 73 121 39 89 138 114 37 55 95 154 62 152 160 
10 5 162 111 73 157 27 
3 11 46 50 30 5 44 110 37 34 84 55 53 
4 6 93 132 77 97 21 65 
4 13 31 141 93 42 132 53 39 12 143 80 74 118 43 
6 1 122 
3 3 103 144 87 
9 6 34 118 161 57 159 37 
6 6 9 3 50 94 115 74 
11 11 93 155 54 85 98 72 122 95 8 157 61 
5 12 91 136 54 154 76 140 130 119 128 112 134 117 
8 11 5 106 130 161 129 66 75 2 109 14 119 
5 12 55 82 102 129 134 61 30 93 70 8 112 66 
10 8 14 124 133 27 119 29 109 148 
10 13 37 145 117 87 128 43 147 157 30 123 21 40 96 
8 1 146 
5 4 40 95 115 26 
2 9 60 1 32 73 56 86 116 25 127 
5 13 49 109 100 23 88 111 39 156 91 24 119 113 149 
7 12 127 73 67 3 83 71 114 139 5 88 85 21 
7 7 36 29 51 121 156 27 19 
4 12 43 93 129 157 141 127 145 153 10 125 121 78 
