145
199 134
18 168
101 116
90 134
86 188
198 161
84 103
157 105
112 151
124 111
148 127
218 212
131 115
132 211
213 88
159 66
124 174
170 139
67 142
121 178
204 168
188 83
142 195
119 35
222 190
137 236
227 145
168 146
160 77
95 146
112 25
150 125
130 53
139 131
99 119
211 100
114 81
92 125
106 202
108 66
93 130
31 190
51 176
237 150
176 165
163 133
237 200
103 95
219 151
54 144
68 173
102 154
74 184
165 155
103 128
249 198
109 100
191 101
133 93
173 95
177 122
210 46
203 99
145 101
133 88
170 178
230 49
50 86
213 93
152 174
134 99
160 175
143 100
104 99
89 152
103 110
36 77
104 141
139 109
148 18
127 119
104 106
203 130
185 152
143 190
52 56
199 115
96 126
67 129
154 181
174 95
153 195
136 158
105 161
44 101
113 228
76 115
111 183
112 161
119 223
125 93
122 183
41 50
58 51
137 60
86 94
132 53
197 93
93 108
212 107
175 73
41 91
105 204
192 154
87 140
112 172
155 186
105 172
172 28
45 76
223 148
156 91
92 152
107 60
36 184
167 106
147 27
56 120
89 131
90 147
129 70
36 126
106 84
129 149
81 53
58 76
71 138
107 47
53 136
139 97
92 129
101 158
217 219
162 186
154 151
