235
83 173
103 202
90 102
138 275
111 109
131 108
172 80
247 119
104 256
189 114
206 235
231 175
75 130
178 167
127 181
115 197
144 164
230 253
217 147
120 92
163 205
53 184
180 156
3 137
101 150
166 96
215 257
156 174
87 178
234 246
88 153
217 263
220 83
146 195
204 153
170 181
43 235
93 203
97 227
111 73
219 37
65 132
96 69
47 225
137 184
212 249
81 197
99 284
160 277
181 132
149 136
156 179
243 180
218 198
100 87
220 217
157 112
70 180
94 119
200 259
141 135
226 64
135 114
130 258
94 70
91 173
153 116
230 156
247 164
257 207
214 264
120 128
197 143
80 204
162 137
194 53
162 150
101 166
129 137
98 180
164 95
68 134
164 106
105 185
263 170
182 119
168 118
176 101
183 177
142 169
107 139
175 116
114 212
104 9
89 66
231 201
64 120
9 128
140 122
88 188
207 175
109 114
140 182
186 131
102 130
154 177
177 141
157 226
210 156
202 58
188 140
31 170
219 47
249 257
179 187
180 97
141 162
155 85
153 249
231 218
237 194
159 53
175 162
144 166
218 110
79 63
160 149
154 86
41 224
103 196
89 21
102 124
130 114
145 61
236 119
238 219
143 136
203 191
202 217
1 153
201 200
141 204
176 46
103 239
98 122
200 196
259 85
149 197
89 153
198 227
118 171
151 270
97 152
38 262
66 177
170 112
78 113
214 79
117 207
250 190
92 89
5 219
62 97
187 99
226 118
140 184
124 66
188 87
92 149
146 86
158 210
79 120
56 120
127 158
154 142
93 234
158 27
135 230
176 76
223 189
168 130
89 107
132 173
146 248
260 38
134 61
140 183
171 94
195 207
142 189
172 86
148 77
137 135
64 192
122 188
121 105
122 175
160 179
163 153
103 168
156 163
193 148
108 255
164 111
126 206
225 203
191 129
207 149
165 31
120 214
141 157
176 206
151 230
179 147
105 243
138 139
207 139
218 163
164 161
212 244
197 97
64 96
97 212
59 162
90 63
200 108
185 146
107 130
27 134
117 188
127 91
41 158
111 167
116 72
116 56
