300
225 60
194 123
87 134
259 196
269 214
116 247
344 205
100 132
163 228
187 207
177 191
281 150
144 181
148 304
178 250
191 218
211 166
175 265
183 156
197 140
232 198
232 152
252 116
153 203
112 208
303 218
276 285
72 260
117 326
175 190
329 185
146 38
122 290
185 178
139 68
100 190
137 134
57 98
167 171
219 156
97 13
287 207
188 222
150 139
177 55
328 277
262 185
227 219
150 160
97 83
37 205
208 171
239 152
185 199
246 292
155 278
249 299
110 189
185 208
210 187
145 218
189 310
121 188
66 42
232 64
278 238
214 119
218 288
250 124
245 180
92 223
264 154
246 76
185 181
59 274
138 278
136 46
289 161
128 127
158 130
176 48
217 130
266 179
321 191
187 209
128 283
86 155
227 151
232 254
131 295
131 248
256 73
179 163
290 164
190 324
167 85
269 194
137 145
277 80
262 263
146 215
167 92
327 185
107 333
16 289
74 82
81 254
324 198
181 267
224 177
129 43
207 144
144 118
230 73
198 191
201 185
46 159
141 69
236 89
145 157
238 245
95 54
84 86
197 205
252 132
140 136
137 243
147 85
232 12
162 73
43 176
152 100
287 313
255 73
87 138
293 119
144 122
145 180
140 159
196 141
216 191
325 105
152 221
37 179
229 162
122 148
150 145
278 249
262 84
351 182
89 316
53 186
296 114
160 267
139 153
79 166
186 266
44 34
107 200
164 172
41 266
161 248
183 85
177 247
243 65
141 108
191 48
163 231
199 75
269 220
158 133
89 266
161 184
320 149
228 212
257 188
177 84
116 342
190 250
153 159
69 127
136 252
139 133
47 45
265 277
88 150
263 243
161 134
78 150
146 194
274 194
156 119
160 224
214 205
153 240
111 127
220 222
224 294
203 236
121 236
34 226
176 218
278 226
117 140
224 311
194 328
182 194
116 92
99 204
324 190
59 200
147 43
121 223
214 233
131 180
96 214
33 256
181 183
170 259
248 123
72 73
47 151
207 99
42 58
156 170
193 247
242 114
68 223
252 226
26 85
158 190
180 200
117 191
200 238
4 261
231 100
261 204
201 177
254 101
253 225
299 138
282 235
47 173
210 173
212 310
107 155
208 42
294 53
94 159
169 143
67 169
244 231
200 177
177 35
259 202
173 50
95 252
290 216
160 249
206 131
194 220
265 138
232 182
180 170
253 256
182 264
279 142
47 211
129 103
150 240
157 190
123 124
185 174
134 191
71 40
215 213
229 36
182 211
116 180
50 281
161 196
210 156
193 117
103 201
206 192
200 213
173 182
119 256
120 162
105 111
116 326
222 271
221 316
255 166
134 52
204 146
235 185
171 216
257 188
12 104
