118
73 20
17 88
76 35
80 33
45 85
81 34
83 41
91 84
64 53
61 40
62 51
30 73
59 97
26 98
63 68
8 20
75 81
58 57
36 27
36 92
43 69
8 37
32 55
42 10
38 65
63 108
43 49
89 52
7 37
59 48
69 71
53 97
66 63
32 92
37 63
54 51
69 32
70 35
77 56
28 52
86 35
30 48
83 107
95 27
52 67
58 75
57 51
52 104
67 62
93 84
52 73
75 45
61 83
62 16
33 98
83 45
57 43
97 105
57 61
74 84
45 70
68 96
65 53
76 22
105 21
75 70
71 58
97 30
51 75
43 114
77 62
95 85
77 82
79 94
64 73
90 88
26 53
38 12
57 24
56 36
48 46
38 14
92 96
44 48
61 70
64 98
72 28
82 33
11 79
19 38
74 89
39 77
54 66
59 25
84 74
40 27
38 80
59 83
113 108
84 45
85 50
31 63
86 48
28 56
77 88
50 77
79 45
90 47
51 65
90 34
64 72
88 107
77 43
59 40
38 47
23 47
29 98
44 50
