159
154 127
173 165
98 194
32 83
52 76
123 24
126 48
151 186
150 83
92 105
130 142
150 99
189 148
199 58
110 104
109 139
165 137
101 139
117 129
11 177
78 84
81 109
98 54
52 131
184 87
65 156
162 128
41 118
123 145
185 133
188 112
203 117
31 80
172 178
166 65
107 71
33 143
51 101
81 66
93 90
101 56
118 104
92 101
93 93
133 59
110 22
156 144
70 101
98 84
148 78
138 124
206 11
60 138
110 102
78 141
139 42
160 74
190 122
167 200
98 161
146 64
202 94
149 142
148 137
90 16
11 97
77 139
35 135
62 113
105 195
45 197
50 129
194 141
64 130
119 103
33 147
108 159
113 13
102 114
103 162
40 74
126 94
118 48
102 180
73 156
134 151
94 45
156 129
81 144
126 80
130 40
69 79
117 165
139 101
147 116
59 114
116 167
99 17
104 153
90 106
83 174
47 96
70 115
73 112
144 127
50 96
154 178
47 182
164 101
84 62
87 23
58 175
132 160
90 148
82 131
172 93
127 122
116 200
151 84
178 84
86 152
62 86
192 169
51 194
173 33
92 179
79 178
97 59
142 95
65 37
54 122
168 125
105 67
152 123
119 116
148 70
28 151
105 126
159 134
97 96
179 205
122 43
145 168
126 124
48 149
161 140
131 115
139 70
140 182
46 56
85 133
143 140
163 38
117 57
54 150
206 47
81 102
114 27
110 69
