424
155 255
225 41
273 303
174 189
197 150
124 109
60 60
241 150
151 129
86 363
193 264
137 291
324 112
359 377
366 282
264 210
222 231
140 205
264 144
96 220
151 21
299 69
207 142
268 132
232 254
258 167
142 341
164 177
213 170
216 161
126 168
69 186
29 319
250 216
307 127
214 203
381 138
254 236
260 297
75 138
156 130
187 226
208 192
187 199
56 189
349 200
170 262
262 119
102 247
339 195
265 399
231 304
198 184
220 227
126 314
205 184
268 230
206 197
156 84
206 365
215 373
93 230
345 132
297 101
149 150
345 110
92 263
179 158
210 157
303 394
331 35
402 238
240 225
285 230
251 215
196 250
97 222
193 204
372 272
232 306
46 37
353 208
146 229
307 235
291 234
172 71
67 331
219 314
415 155
327 393
263 265
135 255
279 263
328 290
402 188
299 350
362 259
326 49
186 163
255 167
183 69
150 45
208 244
327 126
249 277
173 122
173 347
300 147
233 358
291 351
68 201
210 107
330 177
238 378
120 233
142 363
341 185
186 81
223 275
64 314
239 198
222 130
32 293
261 326
381 198
65 299
297 180
171 270
366 294
136 234
223 62
192 279
144 173
385 165
234 267
100 374
400 151
251 227
38 150
57 282
157 53
307 280
226 191
200 217
221 35
303 171
187 251
199 217
198 335
141 218
185 313
203 144
149 265
140 322
391 334
185 196
242 323
73 243
222 145
161 188
312 271
177 219
51 15
128 195
96 266
268 309
42 206
245 202
237 296
400 162
276 158
341 207
153 225
209 14
350 171
109 102
150 59
279 345
45 170
357 214
77 331
223 272
208 284
210 133
362 48
263 240
108 253
219 345
292 311
293 105
177 140
212 239
176 118
264 392
35 278
270 311
381 60
109 90
281 209
364 270
345 143
2 279
217 236
253 186
66 115
309 187
136 245
248 88
181 177
133 237
189 136
306 248
322 253
159 116
141 294
81 263
228 253
168 60
328 218
332 170
204 152
177 213
162 333
230 169
238 155
341 91
154 259
346 240
136 221
348 270
214 138
121 103
138 203
171 105
99 97
172 178
264 236
271 198
168 341
217 161
378 125
177 112
34 164
117 240
220 269
348 166
8 205
318 215
181 248
192 198
249 70
185 154
370 231
273 246
89 244
310 24
305 94
376 140
191 213
235 95
74 116
328 30
271 376
197 246
177 61
137 339
27 187
130 105
294 170
192 246
142 259
200 151
309 199
290 296
294 118
61 150
245 306
240 407
195 251
176 125
194 266
61 182
152 279
373 344
181 260
161 126
390 297
332 285
115 231
248 396
297 415
187 165
106 128
59 70
88 357
190 339
184 166
149 97
89 308
309 230
305 63
406 357
338 359
269 108
102 263
98 407
40 231
148 179
204 382
297 85
354 207
160 169
271 234
240 300
38 254
152 139
224 343
174 243
329 292
177 74
187 150
207 385
362 381
168 256
320 315
68 371
375 224
134 254
131 229
303 78
197 321
311 233
211 208
274 170
172 161
263 295
188 181
320 212
263 148
281 221
287 295
120 265
119 112
199 331
258 103
114 296
401 252
264 85
192 169
193 215
210 182
243 147
153 147
285 156
192 130
60 353
107 132
193 398
268 209
251 215
172 265
71 241
200 310
293 226
289 64
284 140
292 329
129 174
266 185
124 253
230 40
251 109
346 191
239 322
202 240
211 355
218 170
145 65
227 263
374 165
150 144
162 241
289 172
347 122
229 238
295 254
198 237
238 137
205 154
294 199
325 327
167 310
220 291
110 138
312 288
290 344
111 335
292 189
114 207
111 165
268 291
277 150
242 178
116 260
163 85
314 203
237 261
254 225
89 84
214 26
225 88
235 275
98 46
201 153
134 218
369 264
175 135
184 318
161 158
110 238
156 311
121 318
182 292
192 27
