327
163 101
162 274
112 68
209 238
200 70
110 144
93 186
191 185
78 239
202 257
146 158
129 98
150 132
195 138
251 189
146 61
114 92
116 245
154 224
213 138
79 143
102 217
171 80
199 208
150 242
102 146
156 37
19 165
134 109
47 139
151 233
92 168
185 72
261 225
180 103
102 221
237 53
132 151
261 141
243 147
164 243
82 120
151 131
148 61
179 182
177 108
180 142
208 63
173 85
179 150
211 133
144 77
235 145
223 58
152 241
135 182
244 176
131 88
209 19
138 115
128 90
142 186
242 219
115 203
231 221
165 155
178 160
90 192
190 54
222 167
200 193
109 193
217 253
112 166
193 109
249 71
233 96
266 161
106 157
214 200
143 227
114 155
102 178
193 133
227 147
142 20
268 154
66 209
45 100
38 25
192 266
111 238
173 66
73 141
98 119
162 66
225 55
155 148
202 180
80 235
154 35
152 166
131 122
130 120
14 99
84 67
84 192
100 198
237 251
209 72
288 197
141 134
124 183
160 232
88 160
154 77
107 99
126 234
134 230
74 94
247 139
102 248
81 149
155 158
229 117
82 236
129 133
289 140
118 267
134 184
239 100
200 145
68 85
187 192
177 166
135 172
112 143
92 55
60 160
80 274
127 187
132 120
251 55
58 107
189 189
112 141
253 20
129 166
135 78
81 163
159 87
250 222
43 197
240 49
220 188
238 133
72 55
101 267
247 89
156 220
156 179
234 37
176 174
59 179
154 147
267 78
115 140
194 295
162 51
89 64
193 99
133 63
176 117
129 202
184 92
205 55
161 177
74 136
77 134
50 186
109 51
146 213
278 136
78 100
136 77
247 166
151 189
140 95
259 106
232 182
115 202
162 117
139 226
73 101
137 41
71 111
247 170
177 59
214 109
124 137
250 49
282 189
147 137
75 128
147 281
129 141
220 136
93 83
92 258
126 167
127 178
170 242
104 104
231 167
132 168
120 262
157 190
217 223
81 228
127 153
130 236
109 211
266 149
115 186
152 176
215 159
218 239
167 46
261 233
168 227
90 186
165 216
153 113
214 89
157 177
262 242
162 183
213 43
146 254
121 139
114 210
211 165
181 69
134 120
94 29
151 145
127 136
160 191
52 29
262 166
136 108
120 103
72 210
147 166
53 156
217 101
134 129
132 171
47 110
153 69
157 149
185 59
139 162
77 216
140 147
88 136
184 183
212 67
135 221
223 116
199 120
197 131
18 147
147 251
186 58
171 65
139 76
135 206
188 102
151 147
69 94
154 251
76 240
58 165
179 143
138 126
157 162
141 104
45 173
238 70
182 67
120 135
171 156
159 267
161 263
160 184
286 264
185 147
153 106
179 293
173 188
54 168
17 111
151 55
184 147
139 197
241 95
87 158
201 162
128 183
118 195
175 72
145 87
147 251
15 241
196 172
254 123
151 40
94 121
149 143
256 249
166 99
100 172
151 181
89 185
54 193
106 168
