112
121 74
73 170
128 119
115 66
82 84
97 63
70 82
140 118
125 38
94 115
97 170
160 106
173 76
59 128
137 63
127 168
114 135
65 37
96 89
193 117
180 114
150 109
181 64
123 159
176 181
103 105
76 109
58 134
110 196
187 108
133 136
79 169
71 55
68 72
134 101
173 101
166 44
86 151
73 115
137 174
93 67
58 84
149 78
137 111
106 151
141 81
60 166
177 155
179 40
133 114
103 114
82 128
76 174
165 63
31 102
81 74
98 84
67 152
145 97
117 86
117 96
145 115
128 51
86 91
97 136
140 160
156 103
111 92
99 110
26 171
85 152
136 41
29 127
73 58
79 92
86 56
94 85
41 54
111 114
130 103
119 64
47 156
169 134
103 143
72 177
127 177
66 27
159 89
105 40
184 72
148 177
56 70
56 128
175 146
110 134
142 129
113 95
128 153
95 88
101 71
141 88
105 169
110 92
55 71
165 76
114 30
197 82
154 98
131 120
115 159
111 111
129 113
