141
54 115
83 81
114 69
146 129
38 44
62 92
93 12
64 60
58 49
120 57
148 82
100 119
40 108
53 88
108 120
34 104
144 146
78 22
107 44
37 114
155 85
53 65
120 122
71 80
155 40
87 129
64 92
129 56
85 55
99 125
130 22
96 58
131 21
79 124
115 48
96 115
125 95
118 113
143 105
63 130
96 90
88 95
26 52
112 53
96 89
138 104
133 54
32 93
61 98
35 138
92 79
83 99
84 41
90 12
108 119
89 104
74 97
74 67
36 93
88 15
95 84
81 80
45 136
83 66
49 41
80 78
90 104
115 116
55 59
134 77
122 35
92 60
70 86
94 89
95 97
106 57
138 105
85 107
123 114
82 71
91 74
111 21
125 56
115 103
77 86
83 70
98 94
103 87
149 151
113 75
74 65
23 111
116 76
120 124
80 93
106 81
86 63
48 95
102 80
54 41
73 74
56 109
29 85
65 14
142 74
66 89
139 93
43 49
100 96
132 35
109 77
135 44
80 116
54 133
69 44
133 82
83 44
96 115
56 66
141 17
63 110
68 93
76 80
115 101
95 102
161 95
121 61
113 64
74 111
81 66
47 14
10 58
78 80
95 110
72 61
79 68
77 141
86 20
103 108
83 104
57 147
