371
365 270
202 229
364 414
288 311
301 450
267 327
304 347
146 264
365 136
389 40
223 382
191 364
215 206
105 339
199 63
400 131
357 88
252 358
331 193
323 293
135 183
53 248
80 212
215 372
274 197
355 318
78 372
77 171
258 187
346 205
160 191
242 185
226 250
287 233
165 404
235 287
394 373
175 343
151 158
212 391
247 172
94 277
436 259
288 234
320 164
326 261
292 380
114 291
170 241
198 279
142 51
258 196
132 130
201 321
230 331
333 431
280 282
51 273
293 127
262 150
434 112
313 131
96 94
420 287
401 428
287 265
354 290
215 175
173 335
372 433
309 254
302 300
227 433
255 217
332 56
337 139
242 288
373 450
56 172
188 252
314 124
34 202
276 55
268 91
205 299
371 201
381 255
386 142
252 290
252 356
407 331
159 244
258 387
253 261
270 319
273 304
290 238
359 271
390 366
276 337
253 215
325 265
28 103
124 180
321 242
129 223
98 269
178 308
275 143
297 198
275 330
222 315
247 160
293 279
303 365
475 128
375 328
160 355
383 220
140 183
248 197
200 308
120 268
209 229
100 55
250 167
105 113
127 331
324 180
381 237
255 235
164 308
53 307
80 273
56 168
250 297
271 172
250 485
127 335
214 372
291 304
47 315
272 99
301 394
268 306
198 83
411 159
28 295
245 231
214 138
255 240
313 295
245 204
165 174
216 269
251 261
318 174
50 173
178 160
179 133
69 136
437 38
246 396
169 241
78 215
244 199
448 334
145 114
336 236
291 295
99 470
78 390
382 334
193 339
443 93
206 153
113 333
392 146
168 400
337 295
414 338
167 297
424 330
260 388
264 287
26 86
153 216
202 285
237 104
223 302
396 365
305 254
275 83
198 385
137 244
281 365
139 232
282 197
213 369
305 195
291 355
371 221
201 317
342 237
287 117
130 214
319 398
191 309
212 367
232 318
320 298
234 321
285 254
139 261
256 333
102 205
284 216
33 330
266 160
144 215
322 103
331 258
439 233
347 119
157 426
273 88
396 149
227 312
219 240
36 252
305 156
196 357
433 261
127 285
414 446
228 344
302 114
49 96
160 301
208 81
210 139
287 195
326 223
363 282
247 233
46 254
107 131
239 386
251 397
252 199
219 78
238 316
426 89
118 158
176 435
221 199
291 207
127 405
276 292
317 102
298 179
189 275
254 439
219 269
185 118
163 189
270 108
342 176
372 208
75 176
266 131
100 312
256 227
303 246
242 298
117 129
395 401
216 191
141 227
309 394
330 190
413 127
310 95
116 217
210 244
155 302
150 366
290 368
99 244
256 384
317 107
315 340
188 210
298 251
322 369
252 364
124 351
155 127
30 193
247 166
310 450
252 441
130 184
264 336
405 24
83 141
328 427
138 329
186 285
357 296
267 426
392 456
427 57
186 267
108 130
179 147
217 283
114 325
135 356
188 125
159 137
406 254
293 95
174 318
356 181
280 91
248 204
379 272
193 149
258 214
161 192
211 94
132 200
290 69
221 99
300 23
190 310
310 180
41 398
305 141
198 218
272 204
258 126
238 239
113 122
290 289
323 329
270 260
220 181
79 136
354 178
317 146
210 387
137 170
429 100
185 395
90 345
257 229
328 276
273 90
206 88
278 231
306 304
243 244
306 236
273 225
108 93
441 333
282 130
301 406
166 356
