219
110 182
178 56
37 157
223 47
170 201
234 76
69 118
165 62
155 108
148 148
131 135
153 196
34 248
100 137
82 75
135 126
218 245
91 106
87 123
158 206
110 62
111 139
200 150
105 131
135 77
156 44
53 98
147 121
125 164
61 130
121 237
34 219
125 236
178 47
146 100
51 116
92 212
153 61
125 127
185 101
154 134
167 62
107 101
77 65
35 195
174 145
142 103
77 145
107 234
53 139
251 36
112 135
190 129
30 230
178 149
104 125
12 45
142 88
52 171
130 133
150 166
163 92
163 88
112 137
45 91
192 151
216 141
80 125
145 53
143 71
31 224
126 151
134 109
141 71
112 73
98 173
60 168
244 75
136 145
155 130
118 89
107 179
80 28
129 110
57 58
162 72
244 155
184 101
87 92
58 184
212 199
138 159
116 94
203 66
208 196
120 157
75 142
109 54
52 75
33 182
199 117
158 120
155 209
110 190
100 94
220 17
16 211
206 69
177 99
95 135
99 96
121 156
92 102
73 136
107 162
196 106
175 140
197 139
131 58
167 107
132 48
157 77
143 107
124 79
129 140
101 224
190 228
174 28
116 82
210 95
154 132
95 169
90 199
184 118
201 139
55 231
184 118
93 81
154 148
87 65
193 112
144 41
201 150
163 137
227 101
202 188
169 66
132 136
50 136
122 145
140 55
71 120
119 138
125 109
207 159
112 201
156 136
142 218
114 112
66 187
206 139
58 185
95 139
150 99
157 62
43 142
141 176
146 151
162 174
113 140
197 106
157 233
42 203
179 133
180 70
165 117
164 213
85 81
172 131
255 213
84 179
52 200
175 108
149 182
180 227
216 190
115 116
50 206
168 206
144 156
149 107
144 121
83 143
164 206
109 155
156 210
133 131
53 173
43 150
108 96
134 94
130 140
51 182
143 193
126 168
88 127
237 180
19 105
204 140
170 126
149 223
155 147
178 160
45 117
76 241
90 111
87 141
215 200
164 203
