211
46 68
78 72
86 129
62 59
112 71
88 78
47 108
91 73
70 48
46 42
116 74
102 64
112 66
85 77
71 61
98 58
79 60
67 75
70 16
133 29
32 78
96 89
65 90
127 76
66 90
96 130
148 47
88 75
77 74
86 50
74 46
36 112
83 30
92 24
85 94
95 125
104 110
74 108
74 23
55 41
38 116
56 102
113 30
63 73
83 62
129 134
118 25
95 38
140 82
43 108
50 84
87 43
67 41
101 73
7 48
97 19
35 129
4 89
29 59
149 47
79 53
62 115
54 91
33 90
53 69
114 99
55 79
77 102
92 118
44 136
34 81
119 62
82 83
142 119
119 70
131 60
18 96
62 32
74 62
49 80
103 97
76 41
108 26
66 102
72 147
113 56
54 42
94 110
5 95
113 46
23 90
38 92
14 33
97 139
54 65
67 76
56 98
90 81
63 106
115 99
60 110
123 94
58 75
44 103
103 86
60 132
76 55
103 103
94 108
67 84
102 117
40 79
65 123
128 145
74 108
28 97
103 45
17 44
81 94
61 13
40 134
42 43
107 86
69 37
56 104
106 95
146 114
92 79
25 90
72 124
117 88
133 21
141 84
73 64
37 29
56 90
79 111
77 115
71 61
50 60
91 18
114 42
70 62
102 77
79 82
38 87
3 71
45 75
136 65
37 9
99 51
78 43
72 71
85 51
110 108
72 58
62 17
51 111
92 98
110 64
57 119
114 80
118 81
126 30
70 91
42 89
120 79
82 77
96 117
118 110
49 69
86 18
60 39
32 92
108 74
112 39
90 106
74 104
129 104
78 112
70 69
22 70
85 114
71 53
79 94
90 113
114 108
84 105
96 123
77 62
102 126
37 36
86 55
108 110
121 122
55 113
67 78
109 55
77 111
36 101
99 117
102 79
63 69
60 84
136 84
47 87
72 65
72 13
74 103
111 117
60 116
