138
126 89
94 100
56 115
106 111
144 50
36 59
101 116
73 61
10 10
93 119
110 70
107 85
119 95
99 94
78 56
94 56
74 62
18 140
90 84
84 39
33 57
87 35
139 62
86 23
95 148
98 112
95 117
132 50
95 67
87 113
124 66
91 138
106 31
116 115
51 70
78 139
73 129
101 80
38 114
75 93
133 34
31 91
41 143
94 106
77 106
42 70
139 46
153 60
111 81
49 105
69 59
84 49
129 77
72 83
81 67
106 65
55 55
115 91
39 93
123 15
65 150
85 68
107 96
43 92
146 42
84 106
24 131
19 95
66 48
67 15
119 154
73 74
131 81
61 71
91 90
88 65
46 47
75 125
97 58
125 65
95 85
61 28
129 102
48 92
90 113
78 112
95 169
35 78
33 76
92 64
26 75
116 115
101 83
38 86
86 27
157 72
105 38
71 125
92 135
85 26
66 77
90 92
32 75
57 133
120 79
85 111
27 89
79 103
52 100
99 52
61 102
77 121
56 80
41 132
44 134
132 140
117 93
9 97
41 106
118 112
61 50
95 79
5 74
100 58
146 126
110 131
90 38
74 45
99 121
62 47
28 92
97 74
104 52
161 102
149 143
102 153
129 117
89 90
