555
416 308
226 331
245 177
287 95
59 119
342 296
256 250
326 268
216 117
338 211
425 122
248 305
254 292
292 206
350 293
332 194
179 233
210 355
308 195
240 368
342 27
388 278
219 199
176 109
315 152
166 228
233 401
157 434
193 229
117 157
313 175
227 77
238 169
347 39
204 63
344 258
191 283
130 270
318 270
274 154
261 246
330 394
152 235
416 359
82 218
159 265
188 285
64 275
367 269
378 350
386 208
279 81
121 253
232 123
226 169
132 369
246 256
308 235
246 378
163 224
236 291
417 326
190 94
245 428
281 125
137 401
225 123
341 372
179 235
428 82
43 128
316 348
63 101
296 272
243 276
423 204
309 111
329 176
408 66
329 209
65 288
176 200
390 298
85 17
99 158
48 182
125 131
220 307
215 381
266 345
209 400
264 260
181 22
114 325
250 202
374 314
394 198
109 250
219 197
114 139
364 347
197 236
174 128
101 398
216 362
132 228
302 266
66 255
285 369
201 293
330 222
217 134
145 377
211 407
352 92
200 184
91 108
479 63
47 170
340 307
352 209
364 227
154 125
139 150
405 289
280 194
306 125
133 117
457 261
128 184
437 190
237 313
162 144
354 157
374 390
235 436
103 309
198 117
174 173
268 336
108 306
319 257
331 343
303 152
455 158
380 84
400 235
241 220
408 224
53 334
270 95
321 473
221 203
254 204
426 136
300 245
322 336
285 316
273 349
224 159
318 123
89 277
75 436
77 283
135 243
238 163
181 226
239 322
250 310
262 229
421 239
332 271
336 257
331 171
257 239
170 304
99 155
205 176
134 256
257 230
220 97
152 139
212 306
28 381
232 171
196 314
191 241
147 123
181 134
176 301
151 100
355 262
257 214
256 351
161 248
212 156
313 52
177 359
218 252
257 340
77 172
220 203
178 335
306 195
106 341
284 74
140 244
244 231
134 237
106 377
330 308
174 286
119 250
49 294
399 83
253 383
386 169
306 168
226 280
192 135
143 233
96 251
66 176
204 315
186 95
243 295
291 459
224 220
363 339
249 321
116 276
369 165
142 298
400 360
251 332
334 398
258 152
292 352
142 296
291 220
190 310
349 392
436 413
257 213
350 368
233 375
218 322
148 335
314 349
228 210
165 189
363 136
238 195
311 175
147 355
98 112
169 288
382 181
100 163
42 81
346 449
351 121
157 450
191 300
261 212
450 273
276 320
63 239
361 241
434 331
295 385
177 190
84 396
302 262
235 228
403 361
332 228
406 54
257 367
257 276
143 271
262 387
284 175
243 416
379 138
284 274
210 324
367 313
303 229
319 393
179 290
426 125
326 283
284 391
188 334
51 137
281 317
386 81
67 321
223 101
261 263
77 332
45 169
229 150
192 120
358 337
42 338
410 339
408 230
249 51
335 306
228 128
434 23
21 154
217 424
346 182
103 152
278 275
384 138
130 184
121 224
381 444
312 333
185 173
465 397
190 243
336 264
245 308
364 204
72 135
215 274
213 274
335 244
327 245
385 231
342 269
362 315
284 226
262 269
143 252
394 182
306 287
330 195
142 426
292 253
81 295
92 278
383 154
312 108
159 410
171 382
243 109
315 330
369 284
130 167
301 52
113 380
334 213
171 112
453 325
260 209
148 227
289 200
145 397
152 335
238 354
235 346
318 370
346 107
255 282
248 206
211 201
169 173
193 119
308 186
260 250
308 209
245 202
222 291
370 219
263 61
254 406
291 433
225 225
201 201
180 387
228 376
232 146
296 353
364 221
68 182
227 356
131 140
414 244
233 283
98 293
334 127
173 334
92 483
267 276
120 298
288 111
248 421
196 261
295 73
271 335
147 55
330 297
297 291
221 162
453 87
171 235
364 101
179 153
251 314
254 290
342 422
357 206
203 334
399 245
150 124
360 244
122 66
143 441
319 117
174 260
264 269
154 284
170 174
209 223
146 171
272 124
180 230
280 218
206 74
427 256
371 187
338 44
378 234
301 261
421 403
245 281
354 247
362 304
215 130
230 281
144 424
129 442
89 305
299 217
152 131
358 207
232 61
187 232
119 164
345 219
394 260
347 130
325 277
392 257
284 99
242 94
182 209
161 419
158 241
62 28
186 214
273 288
244 387
292 375
165 219
318 375
214 256
241 231
302 366
311 252
377 175
334 55
348 388
209 255
98 219
303 401
171 317
218 413
177 253
139 258
434 284
138 229
139 344
271 422
199 426
428 283
277 453
290 333
296 252
328 335
398 233
241 139
252 463
276 214
292 265
426 160
287 410
245 151
269 68
197 233
360 283
377 214
200 320
293 76
212 231
327 363
121 218
234 240
323 301
309 410
327 289
329 362
170 298
344 107
272 308
241 247
231 310
407 436
211 150
247 80
153 357
294 226
252 263
338 96
283 102
365 138
299 438
79 431
190 151
194 221
220 358
69 458
439 333
114 198
309 40
186 47
267 72
316 308
318 207
202 396
243 139
245 334
252 293
126 184
169 230
332 425
85 388
401 207
334 48
