496
217 70
239 238
169 312
93 44
51 276
86 285
356 341
214 177
106 119
164 224
241 189
250 173
69 155
269 278
242 144
275 203
149 276
130 245
200 166
109 280
243 320
222 161
106 167
325 274
148 214
202 194
257 361
162 194
172 324
237 197
218 282
98 266
157 151
173 313
217 259
230 228
296 130
201 210
179 176
228 204
283 127
154 206
133 218
259 320
127 185
183 307
168 288
227 135
160 271
111 220
245 291
242 35
342 100
242 27
90 347
116 195
265 72
193 265
122 217
162 337
33 233
226 239
35 369
298 141
75 228
144 268
243 222
122 241
313 170
168 193
78 261
115 278
174 70
92 115
153 154
146 160
54 110
155 145
221 275
77 146
215 336
81 168
238 342
180 137
146 143
132 42
185 94
288 156
161 203
215 155
150 284
222 231
93 114
224 181
78 210
184 151
103 187
188 220
383 88
130 264
235 154
88 287
254 85
238 123
242 229
207 131
170 209
339 139
183 82
221 238
206 121
255 153
314 227
140 137
311 207
218 241
318 203
255 194
131 17
355 144
367 99
171 180
340 54
179 191
225 115
202 141
153 18
317 151
241 179
206 286
242 72
224 151
197 97
193 213
184 63
107 53
291 97
77 110
122 338
281 175
186 183
283 176
125 109
203 208
67 226
258 49
72 167
195 336
266 233
186 139
193 136
150 209
161 173
161 192
169 268
67 268
167 191
127 235
197 274
73 192
233 223
103 319
152 126
112 349
67 218
255 90
132 81
282 249
192 218
195 234
209 232
9 58
197 106
180 207
179 126
220 231
133 155
206 21
246 239
214 208
123 122
290 190
175 337
172 204
71 181
219 178
166 91
185 184
183 292
101 119
146 139
212 128
143 139
177 177
247 271
286 55
45 338
243 100
166 225
273 304
210 282
204 96
166 103
147 168
154 195
209 320
106 256
210 142
184 162
283 235
244 181
307 367
223 214
73 203
146 245
189 315
230 273
251 59
135 65
173 320
146 242
227 241
198 160
176 142
172 210
265 170
265 260
126 172
264 211
324 359
222 247
114 269
281 176
137 205
196 301
141 30
189 75
208 38
103 188
205 321
223 333
128 85
134 271
248 210
302 201
295 229
173 274
108 198
181 204
28 147
209 211
197 69
187 255
75 192
290 156
261 285
255 255
139 154
209 178
60 98
138 185
270 262
171 104
300 329
276 247
291 351
37 251
156 221
173 225
145 202
176 336
111 228
252 225
171 216
247 203
267 115
166 233
71 252
324 242
291 101
122 124
307 35
326 21
293 140
178 152
274 88
162 147
177 149
198 98
229 180
210 308
256 146
191 279
311 58
81 271
143 71
130 251
309 191
216 172
227 136
172 138
254 72
128 127
28 177
274 121
184 348
189 255
202 136
277 326
158 260
141 170
182 337
252 118
137 102
290 236
167 190
187 347
268 243
277 153
286 376
332 215
306 234
142 206
154 234
163 313
26 191
217 243
73 140
176 74
92 235
14 275
191 154
191 225
174 97
158 170
189 220
224 366
269 271
227 185
222 256
244 42
328 172
283 141
144 104
247 203
277 201
102 218
181 140
216 266
156 315
174 320
162 164
263 101
274 236
138 154
318 151
320 109
169 255
119 169
59 194
152 328
204 272
285 254
84 326
98 113
72 197
70 286
168 209
170 258
327 167
164 338
228 132
198 252
157 235
358 174
212 243
303 203
106 255
96 182
175 105
200 127
239 290
316 144
169 221
127 232
169 171
132 304
126 213
269 80
119 168
187 199
70 349
60 240
216 91
115 61
204 180
30 147
181 92
197 101
262 67
181 273
264 153
134 209
322 342
207 186
270 174
237 156
289 82
227 265
246 248
139 212
183 269
274 143
219 152
246 233
343 269
186 104
287 155
259 277
202 76
79 375
174 113
222 220
76 261
165 292
231 73
159 237
124 159
50 214
141 296
343 27
178 302
192 169
178 282
205 207
340 83
276 322
177 171
381 106
214 262
218 277
210 99
233 327
304 290
374 135
198 85
165 212
60 98
182 258
203 308
128 356
253 184
144 95
303 338
230 185
44 181
206 236
218 201
157 147
210 248
295 71
118 200
247 277
149 114
205 94
171 274
248 224
120 261
76 220
242 276
136 173
217 114
277 192
360 124
120 217
313 217
41 58
16 75
268 36
145 218
246 188
217 285
330 232
250 66
205 306
278 107
340 179
142 158
53 160
146 68
113 332
233 174
305 130
146 188
238 217
143 276
