147
65 220
166 86
152 103
78 41
270 153
89 146
152 124
16 135
193 156
128 159
158 177
120 71
55 90
241 167
71 118
47 265
259 150
134 122
93 213
198 227
166 55
128 107
198 12
129 32
85 162
121 177
147 97
16 116
182 194
247 100
126 206
62 178
71 37
136 135
234 135
72 52
156 126
99 236
166 134
114 233
168 117
168 187
106 242
126 163
186 95
194 170
214 218
73 251
90 268
79 133
90 101
130 182
239 160
94 192
143 164
194 209
201 143
163 220
172 150
115 227
80 203
192 92
157 132
146 184
128 167
87 91
133 132
124 86
126 236
108 177
150 167
242 143
83 187
136 159
227 253
143 108
90 123
218 148
64 169
170 250
174 158
176 124
86 211
95 145
237 148
165 165
206 135
56 216
33 195
161 137
161 126
93 142
164 197
206 199
149 165
69 13
216 95
154 99
137 75
119 146
149 149
41 144
116 28
108 185
125 146
270 253
245 20
199 126
134 163
22 244
199 167
155 56
99 228
103 132
193 99
126 186
105 142
155 239
41 193
164 123
229 230
181 72
194 187
234 39
195 156
172 36
252 111
140 160
129 57
45 88
83 196
263 127
205 129
140 250
37 22
130 111
25 110
173 79
172 96
109 144
185 232
167 175
132 121
89 21
119 74
134 50
140 173
