352
188 141
182 185
143 337
104 217
250 228
369 121
265 61
304 226
212 312
242 344
114 240
224 149
91 213
192 280
223 281
138 104
263 158
191 316
95 262
25 176
203 206
220 230
91 168
219 125
224 205
224 157
95 170
203 195
265 74
307 287
244 201
285 256
269 225
177 163
253 135
265 215
132 152
84 284
254 254
194 82
264 58
221 326
320 138
185 71
338 218
88 128
131 208
5 194
315 307
195 192
205 92
261 136
165 220
78 362
198 216
91 264
31 88
180 74
215 259
140 287
334 263
100 208
250 287
254 172
186 132
255 184
363 32
235 214
322 204
85 268
266 211
114 300
215 195
286 275
228 257
339 177
209 193
207 197
215 232
140 77
97 283
133 262
298 197
176 101
70 173
139 191
95 201
318 164
128 87
139 261
104 247
360 182
223 316
120 114
112 67
278 356
265 296
227 206
95 144
183 240
268 199
293 209
93 278
134 176
158 25
203 218
166 150
217 215
224 187
129 169
179 249
313 124
323 284
120 208
206 197
312 73
121 114
67 363
175 171
241 156
112 101
190 208
199 226
136 98
234 47
94 228
351 100
85 257
60 295
208 174
204 257
55 43
295 141
201 68
212 121
261 80
227 22
282 181
182 164
170 104
128 139
156 264
91 266
57 169
76 207
226 101
130 222
243 146
106 199
233 327
269 325
15 156
159 243
167 93
95 75
159 231
333 276
219 145
133 307
258 243
244 176
75 156
136 143
242 162
152 314
89 214
178 212
369 318
212 84
331 43
110 350
116 173
142 164
295 123
69 290
104 323
198 250
111 76
53 347
41 237
202 132
297 111
278 174
222 345
277 260
226 178
314 10
158 206
200 238
96 172
132 200
98 278
69 308
109 220
50 195
276 196
125 339
287 248
360 175
122 101
163 176
230 213
191 175
254 107
273 201
231 159
219 259
227 336
114 77
189 244
151 165
248 141
116 153
136 168
335 261
314 209
105 200
137 297
259 104
245 259
80 171
6 100
180 214
293 260
205 335
296 159
164 157
162 172
153 221
113 321
77 247
82 230
63 193
132 336
259 184
225 164
353 173
225 55
251 287
67 85
45 231
122 202
89 220
51 309
366 270
293 250
230 290
101 206
122 179
246 283
214 337
231 97
190 168
63 190
132 119
270 150
167 196
257 237
310 144
165 118
220 243
173 227
237 52
299 194
281 100
194 285
18 164
228 331
280 210
218 181
254 272
248 65
274 304
282 300
82 217
146 193
81 143
343 315
248 267
191 127
158 328
155 249
121 289
145 176
194 193
294 279
165 197
142 127
88 174
102 91
261 249
203 59
226 259
129 141
201 213
261 212
137 223
291 239
183 78
183 292
233 125
152 71
254 263
70 178
207 263
178 202
184 268
257 202
249 358
163 156
288 282
135 233
222 266
37 246
73 158
268 179
269 291
125 155
179 111
216 173
185 190
179 178
42 173
130 107
195 84
244 136
102 203
169 78
303 289
238 74
115 320
49 114
258 354
267 95
218 72
75 192
127 306
74 60
223 206
154 215
149 42
145 187
181 257
264 318
146 84
221 125
287 33
158 176
161 128
97 167
155 212
67 59
