103
76 57
63 27
29 40
30 19
57 22
31 38
67 63
76 51
46 40
41 58
64 42
19 32
41 42
45 55
44 63
73 46
55 61
51 20
18 67
18 46
79 15
64 63
63 13
20 61
67 42
75 65
29 20
36 48
44 49
70 20
38 50
11 24
82 67
57 40
45 59
33 26
62 72
43 7
7 53
44 67
45 83
59 43
19 32
46 46
80 13
45 53
52 59
72 57
42 36
53 44
71 51
30 81
46 50
45 60
20 27
42 36
4 39
50 40
50 36
57 60
23 54
9 47
70 23
64 73
43 65
12 34
67 41
63 74
31 19
63 34
43 34
35 64
3 41
20 15
44 65
68 41
41 67
37 26
40 40
58 32
20 26
76 54
37 26
44 38
59 49
49 34
20 13
56 36
18 16
30 52
50 76
43 15
45 79
39 55
32 47
35 42
78 57
42 63
38 42
25 48
40 42
35 42
26 19
