464
192 197
152 50
227 134
95 196
196 262
133 346
62 90
128 177
251 129
238 64
166 119
311 240
249 102
268 204
71 250
187 373
287 168
175 261
326 174
124 150
309 111
115 70
303 124
277 271
97 175
236 90
29 316
264 13
117 166
231 132
119 325
195 206
221 218
62 279
177 151
139 121
238 188
143 127
266 198
176 161
321 159
197 68
166 247
285 164
133 213
216 329
117 252
192 89
363 148
249 270
133 312
180 152
156 157
253 280
310 190
297 160
194 219
192 30
125 236
165 238
320 154
116 235
84 315
152 220
56 123
300 220
190 163
171 211
319 277
72 202
191 226
175 129
157 271
223 169
254 183
151 235
235 277
171 227
128 307
110 95
150 222
143 190
142 245
136 183
327 225
193 212
252 65
93 177
344 75
188 152
85 220
151 185
180 217
169 111
344 234
229 288
167 334
216 157
267 151
205 212
235 131
243 187
189 316
156 267
127 231
262 84
316 274
234 276
163 262
75 188
94 90
164 210
208 255
79 208
254 130
316 254
125 166
244 269
129 168
178 244
124 103
255 188
245 244
91 142
136 221
131 60
319 251
78 333
59 155
56 306
191 243
115 192
152 182
118 106
147 245
150 219
103 280
154 291
164 265
184 294
196 207
124 221
191 37
196 255
319 110
177 233
252 110
182 274
18 46
162 246
193 201
192 65
198 343
135 148
129 263
104 235
193 130
222 95
186 216
302 262
204 300
120 182
141 332
193 88
157 294
299 159
346 78
293 83
87 209
211 54
254 51
123 183
120 194
288 58
307 198
151 241
283 322
103 301
123 237
146 163
273 299
257 178
171 293
179 234
185 103
252 231
189 228
223 167
119 292
197 208
298 284
171 84
195 253
71 85
194 266
94 291
140 232
159 153
290 136
236 249
155 146
273 129
180 51
285 275
24 351
294 74
239 73
45 75
101 186
153 104
148 302
151 122
221 235
91 150
210 129
173 178
46 183
347 157
227 309
100 242
313 88
264 134
163 130
287 190
106 185
220 128
58 202
53 123
188 163
186 109
260 310
200 157
193 158
184 248
208 245
221 171
72 175
86 295
165 273
202 248
302 239
285 132
112 54
116 249
302 172
266 274
211 147
205 210
163 94
264 125
139 78
148 176
263 142
89 159
249 13
305 123
221 33
29 307
191 107
190 281
175 129
249 217
231 158
307 95
190 214
179 128
150 102
242 274
63 204
266 146
351 193
276 289
232 51
239 221
191 231
98 174
241 190
56 180
75 207
205 38
130 258
119 159
181 246
207 273
150 244
85 308
268 161
166 258
234 258
12 165
287 208
346 293
189 196
176 294
188 40
208 263
220 262
274 60
170 58
114 202
172 287
195 206
302 178
123 209
53 160
237 277
83 216
116 200
189 316
340 245
242 279
218 150
227 158
62 153
249 313
121 61
152 53
92 198
92 162
284 224
234 127
201 368
234 211
88 155
220 126
189 175
210 288
328 203
184 170
139 64
168 268
325 154
288 213
209 107
212 6
227 105
312 238
121 311
256 166
290 131
248 165
111 213
335 224
74 268
150 140
302 307
233 143
125 307
152 195
143 28
276 273
206 135
95 191
58 167
222 241
103 272
152 282
231 222
197 108
219 101
158 192
170 139
220 332
58 241
222 24
226 251
230 197
255 278
247 252
216 130
116 133
198 270
203 243
75 169
240 185
197 222
166 258
212 265
131 269
134 74
141 166
67 188
153 256
245 175
96 224
83 157
315 178
146 272
76 117
132 181
33 124
204 171
218 196
223 118
110 85
117 96
124 167
290 153
167 149
239 82
214 81
172 224
43 172
238 146
130 49
249 327
121 142
139 290
260 200
203 111
97 178
283 131
193 212
200 117
178 164
271 180
225 179
221 230
323 74
235 153
55 285
141 151
73 201
212 131
162 130
227 187
308 269
144 193
185 125
244 204
291 295
212 359
216 130
198 137
101 60
164 249
18 208
298 303
69 237
33 200
146 196
294 263
217 200
150 195
211 196
283 207
148 154
198 144
177 302
223 208
120 277
327 127
177 166
174 139
232 303
365 167
257 255
216 166
130 368
80 253
103 144
208 325
120 118
102 97
