255
197 288
290 193
167 211
183 164
97 237
278 368
286 282
173 96
346 192
326 187
243 221
365 215
273 279
173 202
299 251
380 320
266 152
267 146
285 186
40 297
252 239
221 385
119 246
160 210
317 357
258 253
247 232
209 342
180 438
151 269
243 300
161 140
92 224
82 189
304 280
239 234
439 418
106 220
125 228
327 334
238 347
348 249
169 228
249 190
244 206
270 224
23 223
260 288
228 244
255 337
361 161
298 267
261 319
259 344
138 276
189 228
230 266
219 214
176 138
152 265
106 256
138 37
139 162
340 214
234 103
192 311
303 300
268 350
202 119
203 175
451 156
120 235
169 395
8 83
261 177
405 19
213 99
285 380
275 376
162 231
21 237
72 302
322 248
372 137
268 54
263 294
202 214
328 59
291 86
89 132
239 210
263 192
86 112
252 293
353 135
196 240
317 308
349 94
155 189
240 48
364 360
362 239
382 218
95 333
242 137
313 341
335 219
214 352
173 391
57 150
292 335
278 35
275 165
319 400
282 308
98 87
265 228
250 241
305 160
314 233
143 255
239 296
365 191
211 303
169 214
227 105
124 138
52 447
158 351
159 364
142 268
226 32
220 304
255 301
319 159
323 222
104 134
121 212
383 45
277 201
347 367
252 357
234 141
280 54
343 355
325 233
224 375
319 65
124 414
242 187
316 262
218 349
416 230
161 370
375 171
134 196
170 306
370 68
254 202
264 149
157 89
56 367
199 114
249 134
458 333
250 73
191 185
253 29
93 241
207 402
277 147
323 96
262 119
189 251
215 345
128 118
273 319
336 32
259 367
354 251
189 239
200 370
175 324
175 62
232 275
226 122
257 189
222 222
255 132
237 125
270 249
220 392
74 255
174 168
253 277
271 186
198 193
308 148
220 217
134 273
81 89
11 156
186 160
198 213
199 204
179 240
162 114
310 235
57 321
257 212
205 262
162 298
212 318
28 336
159 319
154 366
101 311
106 256
232 333
92 102
300 309
255 164
452 253
285 313
422 188
66 297
362 214
427 308
184 266
330 237
55 287
157 100
177 119
189 237
156 171
328 393
262 191
128 274
419 290
322 296
207 225
112 198
340 89
233 391
130 162
151 259
318 343
229 220
305 81
110 317
236 234
113 189
183 115
94 368
95 424
