121
124 224
229 105
21 158
160 142
93 219
118 109
26 94
51 202
129 45
231 126
145 118
143 26
152 56
192 112
168 242
195 22
89 136
232 59
75 93
164 156
163 68
184 121
146 165
228 109
139 126
83 95
135 137
231 180
132 190
178 89
87 188
188 117
63 190
177 153
196 181
37 170
141 24
118 254
87 119
45 123
54 49
142 243
152 158
240 105
149 151
44 143
125 59
68 148
194 139
187 131
104 57
69 154
185 57
160 262
35 119
108 226
75 136
31 57
213 78
198 179
97 170
44 49
133 174
77 119
182 150
78 157
110 17
158 125
141 135
203 210
30 118
89 125
127 227
205 237
156 134
201 185
223 232
21 203
133 126
217 133
73 115
112 182
178 145
45 87
30 89
100 95
147 111
143 152
204 196
184 95
137 121
241 150
217 77
125 167
256 165
174 158
118 62
105 194
200 111
182 122
43 128
91 88
45 153
48 183
93 155
109 156
208 107
98 173
220 110
194 93
107 158
227 197
191 161
252 218
35 141
27 169
168 152
70 11
44 239
232 68
270 52
