298
240 207
229 57
169 300
176 238
228 185
204 262
227 187
113 369
167 212
172 122
278 126
238 284
293 245
177 159
203 291
162 287
284 66
43 143
82 350
216 370
95 176
159 156
121 340
130 255
334 302
78 334
39 211
311 295
289 219
191 202
180 213
241 311
226 204
304 293
193 170
214 304
186 209
222 97
69 195
221 278
98 214
102 226
365 270
215 100
263 173
60 306
249 153
169 333
202 45
218 159
270 387
77 238
141 206
373 276
193 224
239 323
210 242
291 117
207 214
370 211
287 156
232 225
182 62
263 97
245 256
159 118
236 106
306 188
227 278
358 33
289 201
69 166
172 217
265 295
187 269
187 241
195 186
220 176
125 64
321 163
288 174
351 312
314 154
282 94
284 8
242 319
277 141
206 218
244 76
104 179
65 110
342 213
228 362
203 319
173 198
232 74
41 147
238 192
240 215
251 260
209 333
177 153
222 108
301 254
249 296
258 175
211 199
158 234
203 242
136 23
301 99
165 151
164 241
245 216
225 253
173 190
215 348
143 250
180 319
239 280
127 235
181 282
234 328
229 237
125 334
142 94
283 176
97 141
82 75
137 241
238 116
173 47
281 331
240 68
100 112
196 187
189 186
324 291
299 170
251 127
182 247
80 186
265 214
313 109
249 237
223 239
235 147
126 287
47 356
61 204
340 22
173 269
89 270
188 237
336 187
154 245
210 235
224 208
221 339
353 177
260 348
64 319
37 141
75 294
219 92
27 116
173 116
228 301
173 49
143 83
309 289
212 174
194 311
57 308
247 267
44 293
199 271
204 281
121 150
298 115
199 192
373 197
125 54
214 203
145 53
213 300
147 264
324 373
258 172
197 70
202 241
227 83
115 352
174 270
191 142
196 238
287 67
387 144
231 284
166 359
61 283
243 124
220 227
100 189
184 390
360 117
144 96
206 141
331 13
195 20
233 254
337 301
208 370
219 230
206 30
195 335
118 218
174 198
255 199
252 232
246 137
149 170
51 74
213 144
235 127
235 112
154 79
221 301
144 76
309 117
373 201
335 261
205 184
54 230
96 262
273 52
281 189
213 358
101 333
109 76
166 266
315 198
143 160
229 200
224 241
264 198
157 81
206 310
108 234
195 101
283 271
61 75
324 207
236 321
153 153
178 174
243 137
200 217
225 59
185 162
54 195
236 340
169 177
131 88
90 319
272 129
287 132
123 153
75 188
143 269
97 329
163 269
141 209
281 342
235 318
182 150
170 234
172 240
210 60
200 261
142 206
194 227
241 213
74 70
148 403
227 165
80 262
177 105
352 137
156 108
315 329
94 328
114 297
54 169
57 204
232 146
153 304
242 277
