148
32 74
80 94
25 93
122 19
37 64
82 62
37 89
53 84
76 110
71 53
13 86
31 78
72 83
77 97
99 124
78 86
61 58
36 77
55 62
103 65
60 87
46 89
58 58
96 90
54 35
90 122
68 48
100 97
23 18
71 52
47 33
97 25
103 72
60 19
28 56
50 6
35 109
59 124
24 37
90 10
25 85
88 114
74 36
37 98
102 109
21 72
70 76
78 49
32 54
111 64
47 10
60 79
81 58
73 28
66 95
72 97
90 81
81 72
47 53
24 49
66 101
14 71
22 75
53 44
91 62
73 52
107 51
70 55
46 75
95 75
89 96
109 43
117 62
99 93
62 92
37 62
50 63
55 83
79 80
87 102
119 44
36 39
50 56
49 90
56 28
87 69
15 54
29 77
71 117
85 33
11 41
87 89
41 122
50 70
94 46
34 27
62 52
76 43
84 31
76 106
97 50
66 81
90 22
53 120
93 42
60 93
42 82
61 31
82 81
69 67
63 26
81 92
72 39
83 39
100 46
31 68
20 12
48 101
112 77
63 51
85 46
58 73
57 30
100 10
22 33
69 62
37 91
56 69
89 9
76 61
36 91
78 65
76 109
124 24
68 83
72 116
109 47
76 59
34 81
50 40
126 82
78 64
59 38
48 67
106 70
72 76
76 50
26 80
