149
77 47
158 150
92 171
149 119
105 55
125 60
132 129
200 130
118 159
157 89
77 127
51 68
130 128
123 52
104 119
43 78
132 121
86 72
104 120
134 114
175 92
23 68
102 164
74 21
57 62
96 118
93 32
147 126
72 35
163 49
71 179
148 31
136 148
36 170
93 138
74 80
153 141
94 76
161 73
156 62
84 92
36 64
72 124
101 148
86 126
99 72
106 199
96 35
106 97
187 131
180 157
147 141
135 105
114 127
111 119
83 131
58 47
88 177
88 80
96 32
93 115
151 116
128 168
100 89
141 112
177 55
97 83
127 110
134 119
144 163
85 35
167 101
131 96
190 124
111 122
136 139
87 175
142 169
65 17
154 48
64 106
65 144
56 129
130 199
49 139
89 152
122 110
79 57
59 114
90 85
141 57
107 59
65 109
175 153
155 120
163 105
33 134
150 70
123 98
112 161
192 67
58 125
41 91
135 51
84 107
103 106
148 109
102 125
163 59
56 29
37 153
165 12
121 123
79 77
85 86
122 121
63 80
72 37
89 36
111 62
49 62
167 44
103 57
112 71
57 65
36 42
96 138
21 49
165 86
123 32
111 130
194 69
151 63
64 137
174 115
99 70
47 138
147 109
94 136
37 88
153 63
98 35
100 65
153 99
133 110
135 147
77 120
57 156
75 106
