155
120 83
86 57
67 21
76 41
114 90
99 88
65 57
43 100
81 91
42 35
119 42
7 72
122 77
117 54
54 54
13 34
63 76
74 41
41 58
19 72
81 75
29 82
107 108
47 91
92 77
65 86
76 76
9 106
68 63
40 33
82 28
57 64
121 41
91 77
60 105
76 78
43 98
34 92
27 67
26 34
80 30
72 80
75 110
67 71
30 70
39 95
60 77
67 40
103 49
32 28
29 74
112 87
62 107
109 21
127 48
22 93
60 101
31 78
62 47
54 101
35 78
94 46
36 92
38 85
57 16
47 61
45 116
35 97
70 85
20 54
40 69
33 58
83 126
80 100
84 40
55 67
126 23
43 106
49 79
14 68
61 69
88 8
83 65
49 37
65 87
20 94
69 94
14 66
23 95
41 71
87 45
108 111
97 85
73 75
47 91
79 75
49 69
83 50
76 66
103 60
55 112
30 55
103 69
49 84
73 68
53 80
128 85
45 110
20 128
109 21
73 56
32 121
77 66
81 35
30 84
67 49
95 75
93 23
49 22
86 84
107 103
103 51
98 124
62 58
42 78
41 98
99 91
19 58
93 122
56 52
13 62
114 55
114 99
61 63
67 49
63 94
44 60
75 83
85 106
86 115
71 40
85 29
78 62
67 35
81 36
70 96
90 52
36 101
58 115
37 58
58 36
90 116
100 69
45 92
65 124
