106
105 114
89 76
87 164
89 87
117 84
123 107
78 108
88 28
135 111
127 26
122 85
88 105
157 81
67 40
58 107
120 140
85 71
133 35
75 126
115 145
110 66
99 119
107 91
138 74
101 108
154 85
56 80
122 64
121 55
9 73
145 139
32 69
166 111
79 130
20 58
28 70
77 96
7 110
157 107
42 176
73 60
50 89
140 141
104 145
90 47
77 52
158 140
87 88
93 71
53 75
18 119
113 19
80 114
170 141
37 93
87 112
83 157
72 168
53 107
69 59
129 88
78 168
129 46
122 100
90 145
89 94
70 86
20 122
90 83
73 118
98 145
81 104
98 144
123 62
148 75
78 94
77 19
12 134
121 83
75 75
91 171
124 58
112 55
37 90
41 71
38 105
85 102
153 123
118 20
107 159
105 76
70 59
127 160
136 46
70 56
169 170
98 184
122 96
78 89
130 148
62 141
33 68
61 124
46 103
48 73
89 74
