256
142 112
159 84
142 172
172 137
104 149
111 111
171 41
141 213
85 124
56 60
96 82
80 57
116 110
59 118
144 93
190 57
142 111
105 125
69 101
114 129
132 188
126 70
122 91
28 120
163 64
165 138
173 9
155 113
148 145
136 24
157 166
184 96
62 88
134 100
24 57
117 111
106 74
79 117
108 97
79 135
27 57
93 207
89 148
98 74
102 200
99 151
114 120
124 151
178 54
167 90
63 44
104 102
53 141
192 162
130 132
191 166
134 177
64 43
57 93
115 24
37 90
146 148
185 116
86 179
98 133
133 133
222 44
112 154
92 6
41 121
90 48
134 91
124 127
73 204
180 120
167 77
55 74
108 77
84 34
124 139
90 98
84 71
70 170
151 186
156 121
85 134
112 48
137 61
134 100
86 114
82 161
118 86
100 190
73 40
123 150
175 89
93 62
175 58
112 178
38 22
133 100
116 112
75 183
194 186
125 32
110 129
96 157
168 34
42 130
95 103
28 111
75 113
166 39
94 30
145 170
132 145
52 165
161 79
117 90
98 149
105 109
126 119
76 145
186 144
76 138
41 125
185 68
112 152
112 35
18 182
104 145
142 36
60 55
106 67
18 188
48 61
73 157
114 203
133 181
126 167
147 152
80 189
104 145
114 160
119 36
104 86
135 76
193 67
167 204
86 90
117 84
77 172
128 132
72 150
118 81
90 78
125 80
63 156
198 143
130 112
119 68
41 44
35 92
200 180
63 131
116 81
86 101
168 145
40 199
201 72
130 131
161 109
84 88
181 106
59 74
120 61
150 134
112 88
206 63
94 179
105 155
216 162
170 71
94 103
37 86
160 191
151 17
80 111
97 75
148 131
107 72
132 72
158 121
124 190
102 83
121 100
95 144
164 20
141 189
96 191
111 84
47 44
155 138
52 72
148 80
171 188
176 50
118 118
81 141
130 35
97 38
82 92
46 69
109 146
132 71
164 65
126 132
184 97
132 88
42 96
69 140
201 128
98 128
129 140
92 94
171 157
128 143
131 218
213 126
160 100
129 154
74 77
101 73
107 117
49 23
149 156
182 177
191 163
180 103
115 90
117 102
174 133
114 40
177 162
170 199
106 155
156 149
180 134
130 83
33 96
126 119
112 126
93 104
218 144
134 111
132 161
