184
112 137
23 151
141 104
202 122
217 158
119 81
198 115
171 224
64 200
79 68
105 214
161 179
93 140
118 89
205 149
190 90
100 146
257 211
69 121
60 185
107 93
262 216
72 261
174 23
169 148
92 209
79 66
204 187
244 31
87 33
141 212
139 72
194 162
111 207
184 161
130 231
104 195
281 160
263 240
101 189
189 265
43 220
207 101
236 304
56 152
252 8
137 105
236 135
204 26
161 170
262 96
91 165
145 81
112 295
161 178
271 148
94 292
127 262
45 161
158 118
134 58
260 174
127 247
255 147
290 217
86 164
177 120
135 179
71 70
265 142
150 139
236 88
169 199
150 49
164 84
132 107
257 131
113 180
179 219
38 176
99 192
271 189
150 166
103 112
166 194
39 211
166 91
157 78
160 210
112 154
55 287
223 272
262 308
127 122
129 56
161 190
144 173
170 87
87 109
251 188
210 166
136 280
113 131
258 82
194 163
206 164
70 97
140 196
88 267
274 127
171 76
176 185
136 228
266 80
244 138
98 184
137 146
172 221
25 98
154 102
145 189
176 204
112 186
205 168
181 267
201 131
111 87
177 229
300 33
142 168
108 223
188 195
204 101
149 98
92 250
133 136
234 190
117 213
87 107
129 187
157 241
258 200
209 154
102 160
91 198
276 225
159 44
203 222
153 95
193 133
282 200
164 187
142 294
157 156
88 243
233 221
49 95
95 139
109 148
79 106
245 209
254 120
206 112
76 297
179 162
176 105
181 142
119 222
160 151
169 131
85 116
101 239
176 246
224 78
197 166
140 69
156 101
204 207
218 204
193 258
120 171
226 172
107 171
156 175
