215
211 148
219 213
155 325
197 124
212 289
285 136
172 228
163 192
169 199
209 166
208 128
75 208
128 251
104 262
220 202
266 209
149 124
133 14
200 217
288 103
49 85
111 101
143 231
130 171
280 192
148 134
273 173
46 234
224 194
162 177
324 105
234 274
248 184
159 37
165 16
244 209
103 111
146 110
123 89
67 60
312 144
287 195
163 88
219 195
228 198
78 170
253 317
116 185
149 145
165 144
236 302
90 111
270 319
175 133
185 231
332 154
130 196
285 102
144 209
257 288
287 192
44 232
39 159
246 230
229 160
258 66
181 49
66 204
111 195
30 170
200 19
120 30
285 207
108 77
238 302
226 179
141 240
235 140
163 222
178 161
156 293
154 249
184 201
194 190
290 77
245 205
240 174
141 183
242 165
196 28
221 337
323 99
245 116
107 285
89 43
280 112
158 144
131 221
195 136
196 245
197 237
286 204
195 69
307 189
217 267
86 223
269 298
262 249
165 271
206 259
112 213
288 205
57 111
285 63
216 10
264 225
147 226
305 185
302 122
228 177
256 198
232 199
326 321
242 308
239 79
185 223
112 253
168 192
214 213
129 239
183 140
253 187
218 149
165 100
83 180
45 243
145 286
190 198
218 340
311 109
355 173
190 201
137 170
42 209
131 231
142 228
128 147
235 123
186 110
187 180
178 309
72 210
132 171
211 321
255 174
167 268
265 128
213 152
237 68
246 22
187 232
253 158
153 174
235 104
133 179
203 162
258 217
85 126
233 279
219 74
278 140
192 231
103 224
125 268
154 172
196 105
221 198
142 263
261 168
141 138
200 310
27 62
212 124
210 336
246 199
117 265
198 209
283 233
327 190
55 143
121 170
162 195
239 145
287 67
49 287
144 98
117 55
213 230
111 277
10 215
254 156
159 94
239 146
270 103
153 321
26 134
32 117
146 272
132 258
235 38
256 139
116 192
179 221
194 116
212 170
