438
49 160
106 272
256 257
195 180
108 230
141 150
148 337
218 172
251 299
167 258
81 298
52 91
250 234
230 120
176 145
202 117
227 214
168 76
224 100
185 112
151 281
298 165
181 145
165 135
136 231
268 244
149 99
214 156
89 190
67 168
89 179
316 202
112 255
177 260
243 139
159 160
226 304
171 191
58 101
151 290
173 306
169 153
87 91
188 154
180 219
104 144
134 213
158 150
229 148
158 139
189 178
177 280
233 141
281 41
155 153
41 221
246 173
194 198
245 128
158 167
210 122
137 164
197 166
151 278
252 265
55 65
191 111
299 331
78 55
117 214
227 175
50 114
69 246
250 174
107 143
59 184
216 205
124 251
177 34
36 217
188 209
70 122
124 173
159 185
16 236
293 91
306 125
214 243
213 177
234 298
104 158
171 205
317 92
120 174
317 162
236 112
143 185
233 324
121 166
75 219
205 257
296 259
153 132
150 108
131 206
221 189
153 193
80 132
290 98
179 43
75 122
152 103
125 224
144 241
226 162
195 213
209 216
222 99
139 149
238 157
54 66
275 68
173 184
146 51
86 188
257 149
210 169
292 253
64 270
175 50
226 218
62 205
17 212
80 111
201 310
173 144
291 178
221 154
249 238
133 213
78 329
239 82
11 215
311 19
146 184
180 17
166 146
173 233
141 166
222 189
191 138
167 171
45 270
127 152
300 118
144 180
221 145
261 131
148 178
33 316
207 173
193 145
177 92
155 161
140 92
135 235
216 278
262 174
54 162
320 281
155 191
198 122
116 117
202 147
261 138
59 176
263 266
154 264
135 211
157 200
90 171
176 230
132 169
151 77
290 184
100 157
161 303
228 115
142 45
194 74
73 187
123 168
243 323
182 42
166 217
238 211
155 156
179 243
220 288
220 154
122 70
144 94
147 307
249 72
76 240
122 193
249 65
228 184
71 291
218 80
62 90
119 150
161 141
239 88
243 158
165 163
209 236
263 217
116 218
197 239
213 150
205 105
84 284
197 195
194 202
117 41
127 154
119 140
262 141
275 264
314 168
201 124
260 158
274 232
157 149
177 271
237 89
152 174
158 160
112 85
188 257
256 106
232 216
39 129
115 73
209 152
24 189
189 133
246 250
250 191
13 207
205 78
189 22
99 176
112 119
56 87
163 147
146 187
252 251
202 158
218 129
224 250
175 174
176 296
140 246
255 142
205 237
216 165
273 175
180 305
98 249
115 89
119 78
76 207
144 239
148 174
226 140
237 286
99 82
194 195
170 222
285 299
216 262
138 186
264 176
277 330
95 120
194 150
80 248
246 86
211 157
31 46
213 118
86 244
248 130
32 106
130 165
150 112
139 218
79 132
203 244
98 105
88 245
211 154
226 177
254 169
157 244
80 154
171 332
210 189
225 269
246 133
250 152
94 233
141 214
317 174
289 92
207 177
224 198
240 162
313 153
218 207
199 130
274 277
181 104
187 195
216 120
183 202
158 170
191 189
59 266
94 218
215 31
51 308
55 230
117 318
269 208
78 118
208 228
154 195
315 49
106 244
164 146
143 331
166 292
254 205
152 229
202 171
192 26
202 98
166 91
173 77
276 204
298 163
145 168
131 117
140 178
153 149
179 52
256 104
73 253
97 240
161 120
231 114
249 47
189 177
109 206
69 191
267 255
40 92
230 273
174 250
244 321
161 236
282 225
211 141
275 214
136 171
177 307
198 125
165 149
151 138
35 230
53 197
164 141
198 253
158 177
177 207
191 153
51 231
67 103
226 196
233 74
101 217
205 204
297 291
144 294
58 183
96 164
300 159
154 232
200 49
238 32
200 108
147 284
89 114
77 154
253 204
170 82
147 171
68 269
195 258
224 111
123 336
190 177
30 216
247 49
162 172
169 74
219 159
190 295
110 221
249 174
71 262
319 229
264 80
207 89
177 192
266 79
144 108
123 187
184 172
31 134
194 283
171 109
296 230
221 192
38 182
