309
249 254
103 202
272 287
316 240
137 160
128 291
86 314
222 175
241 174
214 247
213 83
326 158
92 297
168 353
193 185
218 129
331 252
331 275
280 89
367 325
208 207
289 227
91 213
220 222
120 163
221 132
318 321
334 352
374 71
162 255
342 266
40 114
315 219
166 315
146 165
231 276
117 325
247 105
100 273
271 217
103 118
153 128
238 223
184 146
311 349
103 78
171 115
176 214
231 209
92 288
188 138
234 254
137 177
146 330
201 181
354 159
98 189
194 110
110 345
285 261
284 78
178 143
166 158
80 157
108 250
383 332
241 58
223 237
165 289
90 287
138 34
185 283
272 98
69 101
140 203
209 306
303 280
243 95
322 179
198 242
196 144
37 181
206 224
304 191
324 326
185 157
221 165
317 191
163 382
162 140
271 205
119 398
156 302
104 254
273 193
328 211
170 170
183 175
167 246
368 56
277 126
340 150
196 259
69 293
129 351
202 278
77 277
232 146
240 314
327 268
231 204
131 160
59 102
244 272
149 201
259 235
147 204
249 257
356 223
185 221
309 319
189 156
178 179
313 271
165 336
154 290
218 198
38 226
114 217
290 191
277 139
113 270
229 235
250 247
241 168
178 182
243 259
70 210
295 45
153 218
133 302
195 174
72 205
271 108
173 318
172 82
192 97
204 141
206 101
225 140
147 179
230 200
300 278
187 284
224 64
341 48
334 220
270 226
201 199
289 121
292 241
166 299
168 139
198 196
209 274
323 321
258 176
235 293
212 307
104 212
335 159
64 250
130 260
149 311
240 211
109 183
134 204
327 371
83 136
380 226
85 226
206 150
236 269
129 268
118 69
207 252
187 94
309 253
369 193
75 160
194 37
173 227
110 245
79 20
223 330
257 387
171 249
226 70
226 133
263 137
184 99
235 221
151 247
235 354
223 218
263 242
111 90
323 143
309 187
360 233
244 360
305 247
150 212
282 237
151 290
184 343
154 121
136 200
240 136
267 188
321 298
295 39
204 153
385 274
141 274
165 100
215 98
193 157
346 187
272 253
348 262
188 280
182 269
307 184
164 343
140 272
204 220
221 51
273 240
390 113
268 327
184 221
218 183
220 303
191 293
107 99
314 326
251 155
187 63
92 241
364 192
87 241
309 359
211 183
159 150
179 195
159 151
253 293
333 295
288 252
260 162
303 379
194 196
281 214
351 52
232 213
166 253
283 144
248 281
97 112
295 310
181 218
241 226
263 270
219 251
259 148
204 88
183 83
75 367
9 239
211 149
112 128
145 292
95 69
180 172
79 155
82 280
237 321
148 331
243 94
339 349
210 164
130 367
235 202
322 169
209 272
291 80
267 243
301 245
110 302
116 241
179 138
350 107
392 188
155 329
275 93
201 198
251 294
129 245
