416
307 369
224 212
52 257
56 413
239 258
227 146
249 176
299 234
221 131
218 333
188 315
286 242
83 313
197 408
147 280
265 33
306 189
246 112
108 199
90 227
147 264
411 36
121 369
190 150
138 421
282 130
272 308
168 189
125 200
394 153
336 280
346 225
238 176
317 236
286 179
94 241
200 256
159 215
83 236
323 255
178 207
99 154
226 220
412 214
312 77
119 213
191 122
195 86
81 355
103 190
378 243
233 296
209 95
312 88
223 368
254 211
240 74
112 118
181 230
147 78
131 172
85 125
152 239
164 304
101 92
190 267
211 16
209 232
31 96
152 15
206 200
229 393
222 360
145 405
322 289
335 397
404 225
159 304
160 210
345 226
278 106
273 256
234 239
395 140
393 146
349 85
317 310
208 56
206 156
207 85
309 131
327 264
240 240
177 127
223 49
409 96
391 196
256 252
275 316
62 109
221 327
172 201
207 395
192 228
344 23
308 182
76 153
206 82
210 168
220 232
309 214
196 193
235 202
264 297
142 70
266 216
47 64
239 252
408 299
387 351
295 130
24 238
227 101
215 271
274 234
155 195
161 246
284 297
259 172
203 206
93 253
265 329
357 122
107 326
127 191
111 364
157 170
281 152
213 152
188 134
179 205
41 194
209 185
108 193
244 104
201 284
382 258
221 275
320 399
145 115
343 191
257 402
300 61
171 106
191 247
381 89
277 268
180 277
431 267
204 158
182 282
171 112
142 155
61 382
12 280
120 140
224 191
376 142
152 221
410 248
72 142
406 329
120 218
194 177
116 268
217 225
313 87
232 191
83 226
396 291
140 85
191 93
340 284
231 180
279 304
128 331
247 197
83 357
283 227
376 137
174 188
279 163
181 223
310 365
231 111
258 291
333 184
348 285
82 208
242 205
348 254
202 274
154 409
351 168
80 299
147 376
101 278
242 238
263 58
297 228
168 302
271 236
210 173
304 382
246 265
198 118
44 238
244 240
203 45
377 169
113 173
235 193
102 114
226 258
103 270
335 280
170 227
362 228
263 160
272 65
194 350
294 304
357 397
240 189
272 192
176 122
313 78
65 304
157 108
110 230
348 279
77 143
262 129
221 332
113 254
188 312
66 172
83 189
292 415
236 255
300 118
257 393
219 199
121 9
248 335
207 419
163 317
149 303
224 343
260 190
268 301
252 122
157 272
234 187
185 24
214 175
233 237
228 113
182 316
304 184
343 74
179 187
168 198
191 369
122 245
185 105
344 198
216 276
96 358
273 157
154 271
251 124
164 268
135 133
409 184
195 192
198 282
336 209
184 206
136 184
205 341
366 139
155 251
241 232
190 289
200 274
99 155
302 246
278 178
234 177
414 239
124 212
19 279
141 292
426 352
83 223
265 270
286 185
237 121
302 286
105 220
224 229
131 302
193 281
248 144
124 229
100 233
135 280
221 285
340 245
212 264
198 106
341 313
330 309
416 336
140 355
137 269
342 355
133 185
155 375
231 341
99 262
109 355
121 153
100 105
381 84
245 176
360 334
264 319
216 126
311 101
373 93
373 96
110 131
243 194
223 238
149 266
176 234
399 163
338 49
98 184
133 289
291 359
289 69
47 348
107 187
192 190
309 267
20 277
155 152
344 233
407 296
135 358
193 354
232 325
198 199
195 103
356 208
118 181
71 19
177 249
152 346
137 216
133 113
265 262
279 109
299 246
60 232
333 321
193 344
236 350
237 375
137 321
301 329
426 359
294 31
221 303
69 233
182 336
242 164
315 195
208 124
279 362
305 221
246 333
234 190
342 214
317 338
114 404
254 213
91 248
220 157
233 149
230 149
195 149
178 322
271 192
200 321
147 315
260 210
203 137
336 99
89 378
32 107
95 339
98 337
