246
248 248
306 219
180 36
312 237
97 212
70 90
272 120
360 189
66 282
301 228
261 357
250 119
145 261
179 346
258 386
144 268
32 378
206 158
255 93
306 332
138 219
112 133
294 403
251 190
245 178
151 242
174 57
357 188
88 264
37 230
339 196
238 338
100 212
200 136
177 9
138 292
114 309
91 191
66 229
305 127
299 203
137 333
97 241
99 213
128 216
200 203
154 68
225 53
207 43
209 64
63 194
266 244
254 326
220 179
280 81
97 385
249 139
378 70
268 375
165 268
121 258
81 308
168 294
302 129
359 238
220 268
99 198
255 232
249 218
177 190
69 89
22 239
260 82
272 267
358 99
32 315
382 218
158 16
202 278
278 116
313 240
188 20
154 212
206 104
152 110
244 137
191 244
152 323
286 100
294 67
257 159
101 284
339 377
125 74
190 130
172 162
184 59
245 149
168 184
185 231
261 342
173 114
353 283
242 93
347 396
91 137
377 124
388 137
60 279
181 169
59 107
151 206
221 310
201 242
110 91
115 132
268 332
137 213
248 197
263 181
217 219
134 191
182 315
226 196
320 350
197 127
234 106
267 184
217 220
368 131
277 126
309 179
224 130
171 280
253 115
249 220
243 273
288 258
229 191
339 30
303 239
259 274
114 137
113 282
321 227
238 187
184 199
16 319
284 330
241 264
311 277
25 239
229 302
171 156
296 36
206 142
322 155
319 113
373 131
71 119
324 95
296 139
190 144
258 284
215 377
93 225
125 168
167 154
98 225
251 236
237 95
335 102
54 108
170 146
342 310
157 201
194 293
213 283
203 265
250 167
172 294
332 252
209 210
105 103
152 215
182 314
217 50
207 50
204 307
190 92
123 147
214 144
329 375
122 349
159 396
305 192
206 174
210 263
368 137
268 213
272 299
216 353
125 354
221 130
204 188
218 384
144 145
159 172
273 205
293 134
209 200
311 239
222 244
221 315
375 367
166 88
270 259
256 166
161 264
180 305
187 356
193 315
49 347
293 362
243 152
364 223
292 151
226 108
59 137
222 144
138 177
83 391
310 335
240 142
250 56
201 256
189 210
68 174
233 189
356 298
241 151
111 236
278 159
361 71
261 225
34 199
