234
101 70
102 128
103 185
159 156
109 155
171 177
68 191
115 143
67 158
132 86
32 142
186 49
175 86
181 169
135 88
189 151
124 58
144 93
135 125
201 119
19 138
98 148
17 123
117 68
162 147
144 158
50 134
50 100
126 233
205 219
84 107
217 115
132 40
154 185
20 225
162 35
124 65
80 130
138 110
54 202
173 95
181 118
170 40
210 168
133 146
179 41
113 211
121 36
90 122
85 100
115 53
117 106
198 171
104 117
185 142
108 119
126 94
90 130
177 101
147 174
105 68
75 152
189 34
50 114
39 115
135 112
194 79
174 126
46 171
84 120
204 60
74 84
123 110
204 140
174 143
76 167
148 193
36 160
146 117
24 84
210 141
188 225
201 95
94 201
147 178
149 178
124 105
60 159
114 138
98 170
140 165
38 46
197 84
156 142
197 166
172 96
157 165
73 85
128 157
7 50
135 129
113 131
162 213
58 117
55 149
105 142
106 137
103 153
114 179
143 95
82 92
76 133
159 137
18 86
116 104
137 145
75 108
157 142
218 134
174 47
116 37
122 193
101 178
93 168
103 183
188 196
128 139
78 145
37 90
71 115
107 165
150 36
210 132
72 172
25 50
82 65
155 187
110 79
56 64
53 65
146 25
115 126
176 187
108 118
97 180
140 56
217 129
79 47
218 86
39 191
44 78
207 164
100 56
66 183
99 210
122 182
80 142
146 106
93 117
89 27
62 136
82 236
219 53
73 69
118 104
66 208
31 206
221 211
51 100
123 160
164 97
123 79
159 218
202 89
58 203
124 124
188 193
193 51
157 92
167 38
126 103
137 237
105 155
92 150
106 144
106 77
105 162
150 146
193 153
61 102
132 102
185 21
52 203
111 191
68 110
193 86
191 44
119 74
121 114
144 72
74 56
76 149
197 232
51 63
121 71
184 191
155 38
177 161
33 176
108 178
118 137
210 103
63 109
67 96
77 170
27 164
174 175
124 105
155 179
112 96
119 142
206 119
213 64
100 135
95 189
41 162
130 162
28 146
104 118
43 49
20 68
68 123
143 125
167 81
