115
76 166
57 75
54 49
81 75
102 113
85 144
99 178
109 74
134 156
124 41
166 66
91 103
108 89
114 119
102 73
73 120
176 99
70 126
105 128
114 133
108 111
118 92
37 29
96 42
94 50
136 41
127 55
152 97
81 122
67 52
60 125
95 177
108 86
79 178
65 97
66 117
82 123
92 17
121 162
124 115
140 38
43 90
79 97
104 125
56 142
67 129
121 122
125 39
97 76
60 101
125 56
95 144
87 117
126 155
160 80
153 124
52 24
83 163
108 59
94 163
83 45
71 76
48 48
113 109
120 79
142 104
104 74
17 47
124 132
126 89
125 64
55 170
127 94
92 25
77 88
75 92
115 127
92 78
133 103
101 105
93 75
115 88
67 96
83 126
161 139
92 52
99 141
136 54
84 57
32 116
98 51
125 103
71 159
17 108
137 116
33 88
23 169
79 17
144 68
46 125
167 47
83 123
83 64
79 95
35 98
136 76
99 96
140 77
96 67
81 164
43 73
139 146
41 155
100 133
89 120
