60 420
0 11
0 32
0 17
0 13
0 49
0 47
0 59
0 9
0 30
0 31
0 53
0 55
1 59
1 38
1 30
1 6
1 2
1 41
1 10
1 9
1 15
1 16
1 17
1 26
1 27
1 29
1 42
1 55
2 28
2 50
2 59
2 32
2 54
2 15
2 7
2 43
2 44
2 53
2 57
3 27
3 26
3 18
3 10
3 50
3 45
3 30
3 13
3 36
3 57
4 47
4 17
4 12
4 44
4 21
4 7
4 42
4 5
4 6
4 11
4 52
4 55
4 58
5 12
5 25
5 14
5 6
5 57
5 27
5 11
5 13
5 15
5 18
5 19
5 35
5 41
6 7
6 26
6 16
6 46
6 58
6 9
6 29
6 37
6 47
6 51
6 56
6 57
7 14
7 48
7 15
7 31
7 41
7 42
7 40
7 18
7 46
7 54
8 25
8 47
8 9
8 20
8 43
8 59
8 44
8 18
8 19
8 21
8 29
8 32
8 33
8 36
8 38
8 39
8 45
9 18
9 38
9 55
9 26
9 29
9 19
9 37
9 40
9 43
10 28
10 20
10 58
10 54
10 33
10 43
10 38
10 17
10 34
10 37
10 39
10 40
10 41
11 57
11 23
11 28
11 18
11 24
11 12
11 31
11 32
11 33
11 35
11 45
11 48
11 56
12 44
12 34
12 41
12 43
12 51
12 17
12 23
12 31
12 32
12 36
12 53
12 56
12 59
13 47
13 44
13 54
13 16
13 41
13 18
13 24
13 31
13 56
13 57
14 50
14 45
14 43
14 54
14 24
14 52
14 56
14 22
14 33
14 38
14 58
15 21
15 18
15 32
15 37
15 49
15 24
15 31
15 36
15 42
15 45
15 46
15 59
16 53
16 20
16 29
16 41
16 39
16 44
16 26
16 43
16 48
16 50
16 51
16 54
16 59
17 55
17 26
17 51
17 24
17 54
17 37
17 47
17 56
18 33
18 32
18 23
18 29
18 45
18 46
18 54
19 21
19 42
19 20
19 52
19 30
19 40
19 48
19 50
19 55
20 27
20 49
20 42
20 29
20 26
20 24
20 51
20 25
20 33
20 38
20 41
21 25
21 24
21 53
21 57
21 23
21 33
21 30
21 35
21 42
22 59
22 39
22 57
22 33
22 24
22 35
22 28
23 39
23 38
23 54
23 48
23 28
23 34
23 31
23 37
23 53
23 58
24 38
24 25
24 29
24 44
24 56
24 26
24 35
24 41
24 46
24 47
24 58
25 35
25 55
25 26
25 36
25 47
25 54
25 44
25 51
26 49
26 57
26 33
26 32
26 27
26 53
27 42
27 40
27 46
27 49
27 47
27 36
27 38
27 52
28 57
28 29
28 33
28 32
28 42
28 50
28 45
28 49
28 59
29 39
29 35
29 42
29 32
29 44
30 53
30 50
30 47
30 49
30 38
30 41
30 45
31 53
31 34
31 44
31 47
31 48
31 57
32 57
32 46
32 54
32 38
32 39
32 48
33 39
33 53
33 42
33 41
33 51
33 52
33 54
33 58
34 45
34 56
34 52
34 48
34 51
34 35
34 46
34 55
35 41
35 48
35 50
36 45
36 42
37 42
37 55
37 51
38 47
38 49
38 50
39 44
39 52
39 50
39 42
39 40
39 57
39 58
40 44
40 45
40 55
40 42
40 51
41 56
41 49
41 59
42 43
42 53
42 47
42 46
43 50
43 57
43 49
43 51
43 54
43 59
44 49
44 47
44 45
44 51
44 55
45 58
45 50
45 53
46 53
46 47
46 57
47 49
47 51
47 52
48 53
48 58
48 54
48 55
48 56
49 51
49 58
49 57
49 54
50 56
50 58
50 52
52 53
52 55
53 57
53 56
54 56
55 59
57 58
