78 624
0 11
0 29
0 70
0 66
0 14
0 74
0 33
0 62
0 8
0 30
0 40
0 41
0 51
0 57
0 63
0 72
1 48
1 71
1 45
1 7
1 20
1 23
1 42
1 49
1 25
1 38
1 54
2 59
2 61
2 33
2 73
2 21
2 66
2 37
2 39
2 11
2 23
2 28
2 30
2 35
2 55
2 67
3 15
3 63
3 25
3 30
3 35
3 29
3 76
3 47
3 43
3 54
3 64
3 65
3 70
4 36
4 51
4 61
4 73
4 17
4 42
4 47
4 45
4 5
4 9
4 15
4 40
4 52
4 69
4 74
5 53
5 62
5 60
5 37
5 68
5 43
5 67
5 29
5 35
5 42
5 44
5 56
5 73
6 65
6 71
6 57
6 12
6 68
6 11
6 25
6 46
6 15
6 23
6 28
6 37
6 49
6 58
6 60
6 61
6 70
7 19
7 50
7 9
7 68
7 60
7 33
7 21
7 70
7 8
7 20
7 32
7 34
7 39
7 43
7 57
7 61
7 62
7 77
8 61
8 53
8 77
8 55
8 25
8 47
8 9
8 20
8 22
8 34
8 40
8 41
8 42
8 57
8 71
9 61
9 66
9 32
9 75
9 73
9 11
9 12
9 14
9 16
9 25
9 29
9 30
9 43
9 46
9 53
9 68
10 24
10 64
10 75
10 13
10 76
10 17
10 72
10 21
10 14
10 42
10 60
11 27
11 74
11 33
11 30
11 41
11 67
11 48
11 22
11 23
11 31
11 46
11 50
11 52
11 59
11 62
11 66
11 70
12 18
12 50
12 43
12 69
12 49
12 17
12 77
12 16
12 33
12 38
12 64
12 72
13 73
13 33
13 44
13 22
13 66
13 24
13 45
13 68
13 20
13 48
13 50
13 54
14 65
14 34
14 18
14 53
14 71
14 66
14 21
14 25
14 27
14 29
14 46
14 49
14 72
14 75
15 53
15 56
15 36
15 22
15 39
15 69
15 37
15 47
15 54
15 55
15 62
16 76
16 54
16 43
16 34
16 72
16 51
16 21
16 22
16 37
16 68
16 70
17 21
17 75
17 71
17 76
17 47
17 48
17 74
17 19
17 24
17 36
17 43
17 44
17 50
17 51
17 59
17 70
17 72
18 37
18 68
18 43
18 62
18 59
18 70
18 47
18 20
18 53
18 74
19 39
19 49
19 20
19 21
19 31
19 77
19 47
19 26
19 33
19 35
19 42
19 50
19 54
19 57
19 69
19 72
20 59
20 31
20 63
20 57
20 53
20 27
20 50
20 56
20 60
20 74
20 75
21 63
21 31
21 53
21 34
21 27
21 25
21 22
21 35
21 48
21 70
21 71
22 28
22 59
22 68
22 62
22 27
22 37
22 41
22 42
22 43
22 52
22 58
22 61
23 38
23 68
23 25
23 28
23 60
23 26
23 31
23 33
23 39
23 40
23 54
23 69
23 76
24 39
24 77
24 45
24 64
24 42
24 29
24 63
24 40
24 68
25 47
25 74
25 44
25 58
25 48
25 28
25 36
25 56
26 70
26 30
26 57
26 52
26 60
26 50
26 68
26 53
26 55
27 74
27 33
27 39
27 72
27 52
27 28
27 36
27 42
27 46
27 63
27 77
28 32
28 51
28 63
28 44
28 31
28 38
28 47
28 61
28 67
28 75
28 76
29 37
29 33
29 47
29 53
29 61
29 32
29 40
29 45
29 58
29 68
29 69
29 72
30 64
30 38
30 36
30 32
30 59
30 31
30 44
30 45
30 51
31 53
31 42
31 77
31 47
31 44
31 62
32 75
32 72
32 76
32 53
32 67
32 33
32 40
32 56
32 66
32 71
33 62
33 56
33 43
33 46
33 71
33 51
33 59
33 67
33 77
34 39
34 61
34 70
34 35
34 38
34 53
34 36
34 49
34 66
34 74
34 75
35 76
35 64
35 57
35 58
35 36
35 39
35 52
35 53
35 55
36 74
36 51
36 64
36 47
36 70
36 75
37 68
37 65
37 74
37 58
37 39
37 49
37 54
37 55
37 69
37 77
38 46
38 72
38 45
38 75
38 63
38 59
38 66
38 68
39 50
39 69
39 77
39 76
39 49
39 67
40 50
40 41
40 55
40 60
40 61
40 66
40 70
40 75
41 50
41 67
41 75
41 57
41 60
41 61
41 73
42 58
42 71
42 48
42 52
42 55
42 56
42 61
42 62
42 64
43 44
43 45
43 60
43 50
43 56
43 58
43 64
43 67
43 73
44 49
44 61
44 50
44 60
44 48
44 58
44 71
44 73
45 60
45 58
45 73
45 52
45 51
45 70
45 56
45 59
46 59
46 70
46 68
46 50
46 48
46 58
46 62
46 63
46 75
46 76
47 52
47 62
47 57
47 75
47 74
47 53
47 61
48 56
48 62
48 52
48 66
48 69
49 70
49 57
49 51
49 71
49 77
50 53
50 72
50 57
50 63
50 77
51 52
51 69
51 71
51 67
51 58
52 70
52 75
52 63
52 53
52 54
52 60
52 65
53 69
53 62
53 65
53 67
54 59
54 63
54 71
55 67
55 59
55 63
55 65
55 72
56 67
56 59
56 60
56 63
56 71
56 74
57 58
57 74
57 64
57 65
58 70
58 66
58 74
59 67
59 71
59 76
60 72
60 64
60 77
61 73
62 66
62 64
63 71
63 64
63 68
63 73
64 70
64 67
64 73
65 73
65 74
65 69
66 71
66 72
67 73
67 76
68 74
68 72
68 76
69 75
69 73
70 74
71 73
71 76
73 74
73 77
75 76
76 77
