27 99
0 11
0 7
0 26
0 23
0 13
0 1
0 9
1 2
1 6
1 10
1 5
1 24
1 3
1 8
2 15
2 16
2 19
2 23
2 13
2 14
2 25
3 15
3 21
3 7
3 26
3 19
3 18
3 14
4 11
4 7
4 16
4 18
4 25
4 9
5 15
5 11
5 7
5 16
5 18
5 14
5 25
6 11
6 21
6 7
6 16
6 19
6 13
6 25
7 17
7 12
8 11
8 21
8 26
8 19
8 18
8 14
8 9
9 17
9 20
9 22
10 15
10 21
10 26
10 16
10 19
10 23
10 13
10 25
11 12
11 24
12 15
12 21
12 23
12 13
12 14
12 25
13 20
13 24
13 22
14 17
14 22
15 22
16 22
17 26
17 23
17 18
17 25
18 20
18 24
19 20
19 24
20 21
20 26
20 23
21 22
22 23
23 24
24 26
24 25
