34 136
0 9
0 28
0 5
0 32
0 6
0 13
0 15
0 21
0 31
0 33
1 31
1 7
1 20
1 6
2 32
2 33
2 7
2 29
2 6
2 13
2 22
3 33
3 31
3 26
3 9
3 7
3 15
4 27
4 8
4 24
4 5
4 17
4 28
5 24
5 31
5 21
5 7
5 10
5 22
5 30
5 32
6 28
6 7
6 18
6 26
6 29
6 30
7 11
7 33
7 32
7 16
7 19
7 31
8 30
8 33
8 12
8 15
8 11
8 26
9 29
9 30
9 22
9 14
9 16
10 13
10 18
10 23
10 12
10 14
10 24
10 25
10 27
11 12
11 24
11 15
11 21
11 32
12 21
12 14
12 30
12 23
12 24
12 29
12 31
13 26
13 15
13 17
13 28
13 30
13 33
14 15
14 29
14 32
14 25
15 32
15 31
15 18
16 31
16 23
16 19
16 22
16 32
17 28
17 18
17 20
17 23
18 22
18 23
18 20
18 25
18 27
18 29
19 21
19 23
20 31
20 27
20 21
21 28
21 26
22 30
22 27
22 33
23 31
23 24
23 30
24 30
24 25
24 28
25 33
25 26
26 31
27 29
28 32
29 31
30 33
31 32
