53 342
0 9
0 35
0 17
0 21
0 46
0 25
0 45
0 52
0 33
1 8
1 15
1 12
1 27
1 6
1 3
1 40
1 34
2 29
2 8
2 24
2 15
2 12
2 26
2 48
2 6
2 3
2 32
2 40
3 4
3 9
3 35
3 37
3 17
3 47
3 21
3 16
3 46
3 25
3 45
4 29
4 44
4 19
4 20
4 48
4 32
5 28
5 23
5 35
5 37
5 17
5 41
5 47
5 16
5 46
5 49
5 33
6 28
6 23
6 37
6 31
6 21
6 46
6 25
6 49
6 30
6 22
6 11
6 33
7 51
7 8
7 19
7 20
7 15
7 12
7 27
7 48
7 43
7 13
7 32
7 34
8 28
8 23
8 35
8 41
8 25
8 18
8 30
8 52
8 33
9 38
9 51
9 19
9 24
9 27
9 48
9 43
9 13
10 23
10 37
10 41
10 21
10 49
10 18
10 30
10 11
10 50
11 29
11 44
11 19
11 20
11 24
11 15
11 26
11 27
11 14
11 48
11 43
11 13
11 32
11 36
12 35
12 41
12 47
12 46
12 49
12 18
12 52
12 33
13 28
13 23
13 35
13 37
13 41
13 47
13 16
13 46
13 49
13 45
13 18
13 30
13 22
13 52
14 28
14 23
14 35
14 17
14 16
14 25
14 45
15 23
15 37
15 21
15 46
15 30
15 52
15 33
15 50
16 38
16 51
16 44
16 24
16 43
16 32
16 40
16 34
16 42
16 39
17 29
17 51
17 44
17 20
17 24
17 43
17 32
17 42
17 39
18 29
18 44
18 24
18 26
18 48
18 43
18 40
18 36
18 34
18 42
19 28
19 37
19 41
19 47
19 46
19 49
19 30
19 33
19 50
20 35
20 31
20 21
20 25
20 45
20 30
20 22
20 52
20 33
21 38
21 29
21 44
21 48
21 40
21 34
22 29
22 44
22 24
22 27
22 43
22 32
22 40
22 36
22 34
22 42
22 39
23 38
23 29
23 24
23 26
23 32
23 36
23 34
23 42
24 28
24 37
24 41
24 33
25 43
25 32
25 40
25 36
25 34
25 42
25 39
26 31
26 46
26 30
26 52
26 33
26 50
27 28
27 31
27 47
27 46
27 45
27 30
27 52
27 50
28 38
28 44
28 34
29 31
29 52
30 51
30 44
30 48
30 43
30 32
30 36
30 42
31 38
31 51
31 40
31 42
31 39
32 37
32 41
32 45
32 33
32 50
33 38
33 51
33 48
33 36
33 42
34 35
34 41
34 46
34 45
34 50
35 40
35 36
35 42
35 39
36 37
36 41
36 47
36 49
36 45
36 52
36 50
37 38
37 51
37 42
38 41
38 47
38 46
38 49
38 52
38 50
39 41
39 47
39 46
39 49
39 45
39 50
40 47
40 46
40 49
40 45
40 50
41 51
41 48
42 47
42 49
42 52
42 50
43 47
43 49
43 45
43 52
43 50
44 47
44 49
44 45
44 52
45 51
45 48
46 51
47 51
47 48
48 49
48 52
48 50
49 51
50 51
