77 781
0 24
0 43
0 49
0 37
0 50
0 35
0 26
0 30
0 69
0 58
0 47
0 59
0 40
0 64
0 55
0 29
0 18
0 48
0 63
0 27
1 24
1 45
1 36
1 37
1 50
1 35
1 26
1 22
1 17
1 62
1 58
1 61
1 19
1 53
1 66
1 60
1 55
1 10
1 74
1 38
1 63
1 72
2 24
2 43
2 35
2 26
2 30
2 14
2 69
2 62
2 47
2 59
2 53
2 66
2 54
2 60
2 55
2 29
2 18
2 74
2 48
2 38
2 63
2 27
3 45
3 36
3 50
3 13
3 22
3 17
3 62
3 47
3 64
3 66
3 60
3 10
3 74
3 48
3 72
4 45
4 43
4 49
4 37
4 30
4 22
4 69
4 62
4 58
4 61
4 53
4 64
4 74
4 38
4 27
4 72
5 24
5 45
5 43
5 36
5 37
5 50
5 47
5 59
5 64
5 29
5 10
5 18
5 48
5 63
5 72
6 45
6 43
6 50
6 13
6 26
6 14
6 17
6 58
6 19
6 53
6 66
6 60
6 29
6 10
6 63
7 45
7 43
7 49
7 50
7 35
7 13
7 30
7 69
7 62
7 58
7 61
7 19
7 53
7 66
7 54
7 29
7 18
7 48
7 63
7 27
7 72
8 43
8 49
8 37
8 50
8 35
8 13
8 14
8 17
8 62
8 47
8 59
8 40
8 53
8 66
8 54
8 55
8 18
8 74
8 38
8 27
9 24
9 36
9 37
9 26
9 30
9 22
9 69
9 17
9 58
9 61
9 53
9 64
9 54
9 55
9 29
9 10
9 74
9 38
9 27
9 73
10 68
10 41
10 52
10 56
10 21
10 67
10 16
10 33
10 75
10 12
10 25
10 39
10 44
10 71
11 24
11 45
11 36
11 37
11 35
11 13
11 30
11 69
11 17
11 58
11 61
11 59
11 19
11 53
11 64
11 66
11 54
11 60
11 18
11 48
11 27
12 45
12 36
12 49
12 37
12 35
12 13
12 30
12 22
12 14
12 69
12 17
12 58
12 47
12 61
12 19
12 40
12 53
12 64
12 66
12 54
12 60
12 74
12 38
12 27
13 28
13 68
13 41
13 42
13 56
13 21
13 67
13 70
13 71
13 34
14 28
14 57
14 56
14 21
14 15
14 51
14 65
14 46
14 76
14 44
14 71
14 34
15 36
15 49
15 37
15 50
15 35
15 30
15 22
15 47
15 61
15 59
15 40
15 60
15 29
15 74
15 38
15 63
16 45
16 43
16 36
16 37
16 35
16 22
16 69
16 62
16 61
16 19
16 55
16 48
16 63
16 27
17 68
17 41
17 57
17 56
17 21
17 67
17 65
17 33
17 75
17 25
17 39
17 44
17 71
17 34
18 68
18 52
18 57
18 51
18 20
18 33
18 75
18 76
18 44
18 32
18 34
18 23
19 28
19 68
19 31
19 41
19 56
19 51
19 20
19 65
19 75
19 32
20 24
20 45
20 49
20 50
20 26
20 22
20 69
20 62
20 61
20 59
20 40
20 64
20 54
20 60
20 29
20 63
20 72
21 24
21 43
21 49
21 50
21 30
21 22
21 69
21 62
21 47
21 61
21 59
21 53
21 64
21 54
21 55
21 38
21 63
21 27
21 72
22 28
22 31
22 42
22 52
22 57
22 33
22 75
22 25
22 39
22 44
22 71
22 32
23 24
23 43
23 36
23 49
23 50
23 35
23 26
23 69
23 58
23 47
23 59
23 40
23 64
23 66
23 60
23 29
23 74
23 38
23 72
23 73
24 41
24 51
24 65
24 75
24 70
24 39
24 44
24 71
25 49
25 50
25 26
25 30
25 69
25 58
25 47
25 61
25 59
25 40
25 53
25 66
25 60
25 55
25 74
25 63
25 72
26 68
26 42
26 52
26 67
26 65
26 33
26 70
26 44
26 71
26 32
26 34
27 28
27 31
27 41
27 52
27 57
27 56
27 67
27 51
27 65
27 46
27 76
27 70
28 43
28 49
28 62
28 40
28 53
28 66
28 54
28 55
28 29
28 48
28 72
28 73
29 68
29 52
29 56
29 67
29 33
29 46
29 76
29 70
29 39
29 32
29 34
30 68
30 31
30 56
30 51
30 33
30 46
30 76
30 70
30 39
30 71
30 34
31 43
31 36
31 37
31 62
31 47
31 53
31 64
31 60
31 55
31 63
31 72
31 73
32 45
32 36
32 49
32 50
32 69
32 62
32 47
32 61
32 59
32 40
32 53
32 66
32 54
32 60
32 55
32 48
32 72
33 43
33 37
33 50
33 35
33 58
33 47
33 59
33 60
34 45
34 43
34 36
34 37
34 50
34 62
34 58
34 47
34 59
34 40
34 64
34 54
34 55
34 48
34 38
34 72
35 68
35 41
35 42
35 57
35 51
35 65
35 75
35 70
35 39
35 44
35 71
36 42
36 57
36 67
36 46
36 75
36 76
36 70
36 39
37 68
37 41
37 52
37 57
37 51
37 76
37 39
38 68
38 41
38 52
38 56
38 51
38 46
38 75
38 76
38 70
38 44
38 71
39 43
39 49
39 62
39 58
39 61
39 40
39 64
39 60
39 74
39 48
39 63
39 72
40 42
40 52
40 56
40 67
40 65
40 46
40 75
40 70
40 44
40 71
41 43
41 49
41 69
41 61
41 59
41 53
41 54
41 74
42 45
42 49
42 69
42 62
42 58
42 47
42 61
42 53
42 66
42 54
42 55
42 74
42 48
42 63
42 72
42 73
43 51
43 65
43 76
43 70
43 44
43 71
44 49
44 62
44 47
44 59
44 64
44 66
44 54
44 55
44 74
44 48
44 72
45 57
45 67
45 51
45 65
45 46
45 71
46 49
46 50
46 69
46 58
46 61
46 59
46 66
46 54
46 55
46 74
46 48
46 72
46 73
47 57
47 67
47 51
47 75
47 70
48 68
48 52
48 57
48 56
48 67
48 75
48 76
48 71
49 68
49 51
49 65
49 71
50 68
50 76
50 71
51 62
51 53
51 64
51 66
51 55
51 72
52 62
52 58
52 61
52 64
52 60
52 63
52 73
53 57
53 65
53 75
53 76
53 70
54 68
54 57
54 56
54 67
54 75
54 70
55 57
55 67
55 65
55 75
55 76
55 70
55 71
56 62
56 61
56 64
56 66
56 60
56 74
56 63
56 73
57 59
57 66
57 60
57 74
57 63
57 72
57 73
58 68
58 67
58 65
58 70
58 71
59 68
59 65
59 75
59 70
60 67
60 65
60 75
60 76
60 70
60 71
61 68
61 67
61 76
61 71
62 67
62 65
62 76
62 71
63 68
63 67
63 65
63 75
63 76
63 71
64 67
64 75
64 76
64 70
64 71
65 69
65 66
65 72
65 73
66 75
66 76
66 70
66 71
67 69
67 74
67 73
68 69
68 74
68 73
69 76
69 70
70 74
70 73
71 74
71 72
72 75
72 76
73 75
73 76
74 75
74 76
