99 990
0 70
0 93
0 78
0 50
0 10
0 74
0 19
0 80
0 5
0 26
0 9
0 15
0 16
0 39
0 43
0 52
0 61
0 67
0 73
0 76
0 94
0 97
1 32
1 38
1 97
1 84
1 74
1 59
1 66
1 46
1 7
1 71
1 8
1 12
1 16
1 27
1 29
1 31
1 42
1 61
1 65
2 40
2 70
2 38
2 16
2 41
2 25
2 7
2 90
2 89
2 68
2 3
2 11
2 19
2 22
2 30
2 31
2 71
2 77
2 78
2 82
2 86
2 97
3 48
3 57
3 50
3 70
3 37
3 22
3 89
3 34
3 41
3 6
3 10
3 24
3 25
3 32
3 69
4 87
4 31
4 36
4 27
4 67
4 71
4 26
4 97
4 16
4 8
4 11
4 18
4 29
4 33
4 53
4 59
4 69
4 88
4 94
5 36
5 85
5 34
5 33
5 38
5 44
5 29
5 19
5 24
5 90
5 9
5 11
5 15
5 21
5 22
5 30
5 46
5 88
6 42
6 24
6 76
6 52
6 25
6 44
6 11
6 75
6 46
6 47
6 50
6 51
6 60
6 73
6 74
6 79
6 91
7 76
7 16
7 23
7 40
7 80
7 10
7 51
7 33
7 30
7 70
7 8
7 20
7 32
7 42
7 54
7 60
7 64
7 65
7 77
7 79
7 81
7 95
8 34
8 33
8 95
8 94
8 41
8 52
8 93
8 85
8 25
8 49
8 55
8 60
8 78
8 97
9 88
9 71
9 76
9 36
9 64
9 37
9 68
9 70
9 12
9 32
9 42
9 49
9 62
9 63
9 86
9 91
10 78
10 63
10 74
10 92
10 49
10 47
10 87
10 60
10 17
10 15
10 34
10 44
10 57
10 61
10 73
10 89
10 96
10 98
11 56
11 33
11 24
11 36
11 62
11 39
11 74
11 26
11 38
11 45
11 47
11 58
11 77
11 94
12 73
12 47
12 50
12 23
12 77
12 67
12 46
12 96
12 13
12 63
12 72
12 87
13 34
13 27
13 41
13 50
13 70
13 96
13 82
13 67
13 63
13 18
13 19
13 24
13 58
13 93
14 69
14 94
14 38
14 22
14 71
14 57
14 27
14 78
14 86
14 31
14 21
14 23
14 32
14 45
14 77
14 80
15 62
15 18
15 40
15 26
15 30
15 70
15 97
15 19
15 27
15 37
15 38
15 43
15 47
15 53
15 64
15 65
15 83
15 94
16 26
16 60
16 85
16 78
16 40
16 20
16 49
16 34
16 17
16 21
16 27
16 43
16 51
16 62
16 73
16 82
16 83
16 93
17 90
17 45
17 72
17 23
17 29
17 80
17 31
17 57
17 82
17 74
17 78
17 95
17 97
18 61
18 48
18 37
18 52
18 43
18 82
18 21
18 93
18 25
18 32
18 33
18 39
18 44
18 68
18 69
18 88
18 94
18 96
19 49
19 45
19 56
19 25
19 97
19 68
19 33
19 20
19 22
19 26
19 53
19 54
19 60
19 62
19 66
19 73
20 78
20 50
20 63
20 47
20 66
20 31
20 70
20 49
20 35
20 38
20 41
20 44
20 45
20 48
20 51
20 71
20 72
20 91
20 96
21 85
21 76
21 82
21 79
21 27
21 32
21 90
21 37
21 48
21 50
21 78
21 89
22 63
22 66
22 95
22 43
22 67
22 55
22 47
22 27
22 39
22 45
22 48
22 94
22 96
23 96
23 48
23 67
23 97
23 53
23 80
23 62
23 31
23 61
23 24
23 30
23 57
23 58
23 70
23 81
23 82
24 91
24 79
24 96
24 87
24 60
24 29
24 86
24 38
24 61
24 74
24 75
24 76
25 60
25 30
25 84
25 40
25 96
25 42
25 87
25 27
25 31
25 50
25 55
25 83
25 85
25 90
25 92
26 67
26 87
26 44
26 75
26 30
26 68
26 39
26 54
26 28
26 35
26 40
26 46
26 49
26 70
26 73
26 74
26 78
26 82
26 90
27 83
27 66
27 53
27 60
27 50
27 34
27 37
27 38
27 51
27 58
27 59
27 64
27 71
27 79
27 85
28 62
28 49
28 79
28 34
28 41
28 44
28 93
28 74
28 73
28 56
28 60
28 72
28 87
29 45
29 71
29 58
29 89
29 66
29 63
29 55
29 31
29 36
29 42
29 46
29 52
29 62
29 70
29 80
29 82
29 84
29 86
29 87
29 88
30 51
30 73
30 37
30 80
30 95
30 38
30 50
30 54
30 68
31 96
31 72
31 64
31 86
31 92
31 83
31 78
31 33
31 35
31 39
31 44
31 49
31 69
31 71
31 75
31 82
31 98
32 87
32 52
32 94
32 75
32 67
32 36
32 41
32 46
32 53
32 54
32 65
32 84
32 85
32 95
33 42
33 62
33 85
33 80
33 46
33 59
33 64
33 34
33 35
33 38
33 40
33 58
33 83
33 92
33 97
34 68
34 87
34 53
34 60
34 63
34 50
34 98
34 44
34 45
34 49
34 71
34 73
34 93
35 78
35 61
35 67
35 57
35 48
35 72
35 52
35 54
35 87
36 98
36 81
36 37
36 65
36 57
36 84
36 42
36 49
36 76
36 85
37 51
37 63
37 91
37 72
37 53
37 40
37 59
37 38
37 56
37 62
37 69
37 81
38 94
38 67
38 41
38 48
38 66
38 72
38 81
38 95
39 57
39 41
39 73
39 87
39 89
39 64
39 48
39 58
39 61
39 65
39 75
39 92
39 96
40 57
40 43
40 58
40 54
40 82
40 50
40 64
40 42
40 62
40 67
40 80
40 87
40 88
41 89
41 78
41 93
41 43
41 64
41 70
41 65
41 69
41 60
41 77
41 79
41 81
41 83
42 82
42 51
42 45
42 94
42 64
42 52
42 47
42 53
42 60
42 62
42 70
42 77
42 87
42 92
43 68
43 84
43 83
43 67
43 46
43 45
43 77
43 86
43 92
43 98
44 91
44 79
44 80
44 78
44 71
44 57
44 66
44 85
45 81
45 69
45 93
45 72
45 55
45 48
45 49
45 57
45 59
45 64
45 73
45 83
45 90
45 98
46 53
46 59
46 62
46 60
46 64
46 54
46 47
46 50
46 70
46 83
46 84
46 87
47 93
47 63
47 58
47 89
47 98
47 52
47 55
47 59
47 77
47 94
48 55
48 82
48 61
48 85
48 59
48 72
48 79
48 89
48 92
49 76
49 92
49 65
49 82
49 78
50 51
50 67
50 89
50 74
50 73
50 79
50 53
50 63
50 68
50 71
50 76
50 87
50 90
50 93
50 97
51 59
51 61
51 95
51 92
51 96
51 85
51 53
51 54
51 63
51 68
51 76
51 91
52 64
52 97
52 77
52 95
52 73
52 78
52 89
52 90
52 93
53 88
53 98
53 90
53 57
53 65
53 68
53 72
53 75
53 76
53 81
53 84
53 89
53 95
54 96
54 87
54 59
54 61
54 57
54 63
54 68
54 77
54 90
54 97
55 92
55 87
55 84
55 98
55 61
55 76
55 72
55 90
56 71
56 76
56 63
56 86
56 84
56 89
56 98
56 83
56 66
56 70
56 91
56 93
57 93
57 78
57 69
57 87
57 59
57 68
57 72
57 80
57 81
57 91
57 96
58 98
58 74
58 71
58 93
58 64
58 69
58 73
58 77
58 84
58 86
59 68
59 80
59 78
59 79
59 63
59 76
59 84
59 85
59 96
60 86
60 89
60 67
60 66
60 70
60 80
61 93
61 83
61 85
61 80
61 86
61 76
61 79
61 89
61 96
62 82
62 95
62 80
62 65
62 69
62 72
62 85
62 89
63 68
63 94
63 72
63 91
63 67
63 84
63 85
63 92
63 98
64 66
64 84
64 81
64 77
64 67
64 71
64 92
64 93
65 85
65 89
65 76
65 67
65 83
65 84
66 98
66 89
66 93
66 67
66 78
66 76
67 98
67 73
67 70
67 83
67 76
67 78
67 68
67 74
67 75
67 89
67 97
68 70
68 79
68 69
68 89
68 93
68 95
68 96
68 98
69 75
69 84
69 93
69 95
70 80
70 83
70 91
70 77
70 78
70 97
71 97
71 78
71 82
71 75
71 81
71 86
71 91
72 85
72 77
72 80
72 86
72 89
72 92
73 77
73 82
73 84
73 87
73 91
73 98
74 75
74 82
74 97
74 83
74 84
74 87
75 81
75 89
75 77
75 93
76 82
76 81
76 86
76 95
77 78
77 88
78 98
78 80
78 83
78 88
78 90
79 83
79 80
79 85
79 84
79 88
79 90
80 82
80 83
80 94
80 87
81 96
81 82
81 88
82 96
82 95
83 97
83 86
83 96
84 98
85 89
85 90
86 91
86 98
87 94
87 95
88 96
88 91
89 95
89 97
89 98
90 94
91 95
91 92
91 94
92 98
93 97
93 94
