51 306
0 31
0 10
0 12
0 49
0 19
0 48
0 16
0 21
0 26
0 27
0 32
0 40
0 42
1 26
1 21
1 30
1 7
1 36
1 34
1 4
1 9
1 11
1 24
1 40
1 42
1 44
2 4
2 24
2 17
2 5
2 49
2 34
2 19
2 23
2 30
3 27
3 24
3 17
3 26
3 40
3 19
3 7
3 13
3 22
3 31
3 34
3 37
4 31
4 13
4 32
4 19
4 17
4 20
4 29
4 39
4 41
4 42
4 50
5 15
5 8
5 27
5 36
5 19
5 17
5 14
5 18
5 22
5 34
5 35
5 38
5 43
6 30
6 35
6 7
6 15
6 43
6 26
6 8
6 9
6 25
6 27
6 33
6 44
6 48
7 49
7 28
7 24
7 14
7 48
7 10
7 20
7 26
7 39
8 17
8 22
8 26
8 30
8 34
8 11
8 18
8 20
8 21
9 40
9 23
9 26
9 44
9 20
9 24
9 30
9 32
9 35
10 45
10 35
10 23
10 40
10 31
10 24
10 36
10 50
11 18
11 33
11 38
11 50
11 12
11 21
11 25
11 36
11 46
12 34
12 20
12 32
12 33
12 36
12 17
13 43
13 48
13 39
13 50
13 49
13 19
13 29
13 31
14 40
14 47
14 24
14 44
14 46
14 23
14 45
15 22
15 47
15 45
15 23
15 24
15 25
15 19
15 28
15 40
15 41
16 33
16 43
16 19
16 29
16 28
16 23
16 41
17 42
17 34
17 48
17 26
17 18
17 19
17 27
17 46
18 50
18 40
18 45
18 34
18 28
18 37
19 40
19 36
19 37
19 43
19 45
20 23
20 36
20 24
20 29
20 44
20 48
21 22
21 33
21 39
21 41
21 44
21 49
22 27
22 39
22 41
22 37
22 34
22 44
22 46
22 47
23 50
23 38
23 28
23 32
23 35
23 43
23 49
24 35
24 30
24 31
24 40
24 48
25 38
25 45
25 50
25 36
25 32
25 33
25 47
26 35
26 34
26 27
26 31
26 37
26 39
26 40
26 46
26 50
27 36
27 32
27 41
27 28
27 39
27 42
27 49
28 35
28 33
28 42
28 37
28 41
28 43
28 44
28 46
29 47
29 45
29 44
29 36
29 39
29 42
30 38
30 36
30 45
30 33
30 48
31 40
31 42
31 43
31 33
31 34
31 49
31 50
32 44
32 36
32 48
33 40
33 36
33 43
33 34
33 38
33 45
33 46
34 44
34 35
34 38
35 44
35 38
35 43
35 50
36 39
36 43
36 50
36 49
37 49
37 38
37 47
38 44
38 50
38 45
39 46
39 43
40 43
41 48
42 43
43 47
44 47
45 49
45 50
47 49
48 50
48 49
49 50
