85 949
0 56
0 62
0 34
0 20
0 65
0 73
0 19
0 31
0 45
0 59
0 13
0 43
0 68
0 38
0 11
0 79
0 51
0 69
0 24
0 60
0 2
0 10
0 44
1 27
1 62
1 34
1 18
1 5
1 36
1 66
1 45
1 82
1 17
1 13
1 80
1 38
1 79
1 74
1 6
1 10
1 54
1 44
2 72
2 58
2 77
2 81
2 75
2 28
2 30
2 33
2 35
2 57
2 21
2 52
2 53
2 71
2 39
2 15
2 42
2 70
2 16
2 83
2 63
2 14
2 48
2 37
2 23
3 56
3 8
3 34
3 73
3 66
3 31
3 61
3 45
3 82
3 22
3 80
3 26
3 79
3 69
3 60
3 10
3 54
3 78
4 56
4 18
4 20
4 65
4 73
4 19
4 31
4 45
4 59
4 82
4 26
4 79
4 51
4 74
4 9
4 6
4 10
4 54
4 44
5 72
5 32
5 77
5 41
5 75
5 67
5 30
5 29
5 33
5 35
5 57
5 21
5 52
5 53
5 71
5 42
5 25
5 47
6 58
6 77
6 41
6 81
6 75
6 67
6 28
6 30
6 33
6 35
6 57
6 12
6 52
6 70
6 83
6 49
6 25
6 14
6 40
6 47
7 56
7 8
7 65
7 73
7 36
7 61
7 43
7 68
7 11
7 51
7 24
7 10
7 44
8 58
8 32
8 41
8 81
8 28
8 29
8 33
8 35
8 12
8 53
8 71
8 42
8 16
8 63
8 25
8 50
8 48
8 40
9 72
9 58
9 77
9 41
9 67
9 33
9 35
9 57
9 12
9 53
9 39
9 15
9 16
9 83
9 63
9 50
9 48
9 40
9 37
9 47
9 23
9 84
10 72
10 58
10 77
10 81
10 67
10 33
10 35
10 57
10 21
10 12
10 52
10 39
10 42
10 70
10 16
10 83
10 63
10 14
10 48
10 47
11 72
11 32
11 64
11 41
11 81
11 75
11 30
11 33
11 55
11 57
11 12
11 52
11 53
11 71
11 15
11 16
11 83
11 49
11 25
11 50
11 14
11 40
11 37
11 47
12 56
12 18
12 73
12 36
12 31
12 61
12 59
12 17
12 13
12 80
12 38
12 79
12 51
12 24
12 60
13 77
13 41
13 81
13 67
13 29
13 55
13 35
13 21
13 52
13 39
13 70
13 16
13 83
13 49
13 63
13 50
13 14
13 48
13 47
14 56
14 62
14 34
14 18
14 20
14 76
14 36
14 66
14 45
14 82
14 26
14 51
14 74
14 54
14 44
15 62
15 34
15 73
15 36
15 66
15 61
15 59
15 43
15 68
15 51
15 24
15 46
15 78
16 56
16 18
16 20
16 76
16 73
16 36
16 19
16 66
16 31
16 82
16 43
16 80
16 26
16 51
16 24
16 74
16 60
17 58
17 32
17 64
17 41
17 75
17 33
17 57
17 52
17 53
17 71
17 42
17 70
17 83
17 63
17 50
17 48
18 72
18 58
18 77
18 41
18 28
18 29
18 33
18 55
18 21
18 53
18 39
18 49
18 63
18 50
18 48
18 40
19 58
19 64
19 81
19 67
19 21
19 53
19 42
19 49
19 25
19 50
19 48
19 40
19 37
19 47
19 84
20 72
20 58
20 41
20 81
20 67
20 30
20 29
20 55
20 35
20 53
20 71
20 39
20 70
20 83
20 49
20 40
20 37
20 23
21 27
21 62
21 76
21 36
21 66
21 61
21 45
21 82
21 68
21 38
21 51
21 60
21 54
21 44
21 78
22 72
22 64
22 81
22 75
22 67
22 30
22 33
22 35
22 39
22 42
22 50
22 40
22 37
22 23
22 84
23 27
23 56
23 62
23 76
23 36
23 66
23 31
23 61
23 45
23 59
23 82
23 80
23 26
23 38
23 79
23 69
23 74
23 46
23 54
23 44
23 78
24 72
24 58
24 32
24 64
24 75
24 29
24 55
24 35
24 57
24 52
24 70
24 25
24 50
24 48
24 40
24 47
25 27
25 56
25 62
25 34
25 76
25 73
25 31
25 61
25 45
25 82
25 43
25 80
25 26
25 51
25 46
25 78
26 72
26 58
26 32
26 64
26 41
26 75
26 67
26 28
26 29
26 55
26 57
26 42
26 37
26 47
27 77
27 81
27 29
27 53
27 71
27 39
27 83
27 49
27 63
27 50
27 37
27 47
27 84
28 65
28 73
28 36
28 31
28 61
28 82
28 43
28 68
28 38
28 79
28 51
28 69
28 74
28 60
28 54
28 44
29 56
29 62
29 34
29 76
29 36
29 66
29 82
29 43
29 68
29 69
29 60
29 78
30 65
30 66
30 61
30 45
30 68
30 38
30 79
30 51
30 60
30 46
30 54
30 78
31 41
31 81
31 67
31 33
31 57
31 53
31 39
31 70
31 50
31 48
31 37
31 47
32 65
32 76
32 61
32 59
32 80
32 51
32 69
32 74
32 46
32 54
32 44
32 78
33 62
33 65
33 73
33 45
33 82
33 80
33 38
33 79
33 74
33 54
34 77
34 64
34 81
34 75
34 55
34 52
34 71
34 42
34 70
34 49
34 37
34 47
34 84
35 62
35 76
35 73
35 36
35 66
35 61
35 59
35 82
35 80
35 68
35 79
35 51
35 60
35 46
35 54
35 44
36 72
36 77
36 81
36 67
36 55
36 52
36 71
36 63
36 37
37 62
37 65
37 76
37 45
37 82
37 43
37 80
37 68
37 69
37 60
37 54
37 78
38 72
38 77
38 75
38 67
38 55
38 57
38 52
38 53
38 71
38 42
38 83
38 63
38 48
38 40
38 47
38 84
39 62
39 65
39 76
39 73
39 45
39 82
39 43
39 68
39 79
39 69
39 60
39 46
39 54
39 44
40 56
40 65
40 76
40 66
40 61
40 45
40 82
40 80
40 79
40 51
40 74
40 60
40 46
40 44
41 62
41 65
41 73
41 61
41 59
41 80
41 68
41 79
41 51
41 69
41 74
41 60
41 46
42 62
42 65
42 73
42 61
42 59
42 80
42 79
42 51
42 74
42 60
42 46
42 54
42 44
43 58
43 77
43 64
43 81
43 75
43 55
43 71
43 49
43 48
43 84
44 72
44 77
44 64
44 81
44 75
44 55
44 53
44 70
44 83
44 49
44 63
44 50
44 48
45 72
45 77
45 75
45 57
45 53
45 70
45 83
45 63
45 50
45 48
45 84
46 72
46 64
46 75
46 55
46 52
46 53
46 70
46 83
46 49
46 63
46 50
46 84
47 62
47 65
47 73
47 66
47 61
47 59
47 82
47 80
47 79
47 51
47 69
47 74
48 56
48 65
48 76
48 73
48 59
48 68
48 79
48 51
48 54
48 78
49 56
49 62
49 65
49 76
49 66
49 61
49 59
49 68
49 51
49 69
49 74
49 54
49 78
50 56
50 65
50 76
50 82
50 80
50 68
50 79
50 69
50 60
50 78
51 58
51 64
51 67
51 55
51 52
51 71
52 76
52 73
52 61
52 59
52 80
52 68
52 54
52 78
53 62
53 65
53 76
53 61
53 59
53 69
53 74
53 78
54 72
54 58
54 77
54 81
54 67
54 57
54 71
54 70
54 83
54 63
55 56
55 66
55 59
55 68
55 69
56 58
56 75
56 67
56 71
56 70
56 84
57 65
57 76
57 73
57 66
57 59
57 80
57 79
57 69
57 74
57 78
58 73
58 66
58 59
58 68
58 79
58 69
58 74
58 60
59 64
59 67
59 71
59 70
59 83
59 63
59 84
60 72
60 77
60 64
60 75
60 67
60 71
60 83
60 63
60 84
61 64
61 75
61 71
61 63
61 84
62 77
62 81
62 70
62 83
62 63
62 84
63 65
63 82
63 80
63 69
63 74
63 78
64 76
64 66
64 82
64 80
64 68
64 69
64 78
65 72
65 77
65 75
65 71
65 83
65 84
66 72
66 77
66 81
66 71
66 83
66 84
67 76
67 80
67 68
67 79
67 69
67 74
67 78
68 81
68 75
68 71
68 70
68 83
68 84
69 81
69 75
69 71
69 70
69 83
69 84
70 76
70 73
70 82
70 80
70 79
70 78
71 76
71 79
71 74
71 78
72 73
72 82
72 80
72 74
72 78
73 77
73 75
73 83
73 84
74 77
74 81
74 75
74 83
74 84
75 80
75 78
76 81
76 84
77 82
77 79
78 81
78 83
78 84
79 83
79 84
80 81
80 84
81 82
82 84
