91 1073
0 45
0 66
0 14
0 11
0 13
0 50
0 23
0 58
0 49
0 84
0 28
0 71
0 40
0 82
0 22
0 79
0 60
0 34
0 89
0 39
0 69
1 45
1 70
1 14
1 13
1 61
1 58
1 49
1 71
1 74
1 22
1 60
1 27
1 34
1 89
1 39
1 88
1 75
2 48
2 46
2 64
2 13
2 50
2 61
2 23
2 58
2 68
2 49
2 28
2 26
2 40
2 53
2 76
2 12
2 39
2 88
2 54
2 75
3 45
3 66
3 70
3 64
3 11
3 38
3 61
3 58
3 68
3 47
3 52
3 71
3 26
3 22
3 53
3 76
3 34
3 12
3 69
3 88
3 41
3 30
4 48
4 46
4 11
4 61
4 58
4 36
4 47
4 71
4 74
4 82
4 53
4 79
4 60
4 27
4 89
4 39
4 69
4 88
4 54
4 75
5 48
5 46
5 70
5 14
5 64
5 11
5 38
5 50
5 23
5 9
5 49
5 36
5 84
5 47
5 28
5 71
5 22
5 79
5 27
5 76
5 34
5 39
5 86
5 41
5 75
6 66
6 46
6 70
6 13
6 50
6 9
6 68
6 36
6 84
6 52
6 26
6 74
6 82
6 53
6 79
6 12
6 39
6 69
6 54
6 75
7 46
7 24
7 70
7 14
7 64
7 13
7 38
7 50
7 23
7 58
7 68
7 36
7 84
7 47
7 52
7 71
7 26
7 40
7 79
7 60
7 27
7 76
7 12
7 39
7 69
7 86
7 54
7 41
8 45
8 66
8 46
8 24
8 70
8 14
8 64
8 38
8 61
8 23
8 68
8 36
8 84
8 47
8 28
8 40
8 79
8 60
8 27
8 34
8 89
8 39
8 86
8 75
9 32
9 72
9 33
9 85
9 56
9 18
9 59
9 62
9 10
9 16
9 83
9 43
9 78
9 73
9 35
10 48
10 46
10 24
10 14
10 11
10 50
10 68
10 49
10 36
10 47
10 71
10 26
10 82
10 53
10 27
10 76
10 34
10 12
10 69
10 86
10 88
10 54
10 41
11 32
11 72
11 77
11 33
11 85
11 44
11 56
11 65
11 18
11 62
11 83
11 57
11 87
11 73
11 29
12 20
12 32
12 72
12 77
12 81
12 25
12 56
12 65
12 18
12 59
12 62
12 55
12 16
12 57
12 87
12 63
12 78
12 17
13 20
13 77
13 33
13 81
13 44
13 56
13 59
13 80
13 55
13 83
13 43
13 21
13 17
14 20
14 67
14 33
14 85
14 44
14 31
14 18
14 59
14 80
14 55
14 16
14 83
14 29
15 45
15 48
15 46
15 24
15 64
15 38
15 58
15 36
15 84
15 26
15 74
15 40
15 22
15 60
15 89
15 39
15 86
15 54
16 45
16 66
16 24
16 64
16 50
16 61
16 23
16 49
16 84
16 52
16 71
16 74
16 82
16 22
16 53
16 60
16 27
16 76
16 89
16 69
16 86
16 41
17 45
17 46
17 70
17 64
17 50
17 61
17 58
17 68
17 49
17 84
17 47
17 28
17 71
17 26
17 74
17 82
17 22
17 53
17 79
17 27
17 76
17 89
17 69
17 88
17 54
17 75
18 66
18 46
18 70
18 50
18 23
18 68
18 49
18 52
18 28
18 26
18 40
18 22
18 53
18 60
18 27
18 34
18 69
18 86
18 75
19 46
19 70
19 64
19 58
19 52
19 74
19 82
19 53
19 60
19 34
19 89
19 69
19 75
19 30
20 45
20 48
20 66
20 46
20 24
20 38
20 23
20 58
20 68
20 84
20 47
20 52
20 40
20 22
20 53
20 27
20 34
20 86
20 54
20 41
21 48
21 66
21 24
21 70
21 64
21 50
21 61
21 68
21 49
21 84
21 71
21 26
21 40
21 82
21 22
21 79
21 76
21 34
21 39
21 69
21 88
21 41
22 67
22 77
22 33
22 81
22 44
22 56
22 65
22 59
22 80
22 51
22 63
22 78
22 35
23 32
23 67
23 72
23 77
23 33
23 81
23 85
23 44
23 56
23 31
23 59
23 57
23 63
23 78
23 73
23 35
24 67
24 77
24 42
24 33
24 81
24 85
24 25
24 31
24 59
24 80
24 83
24 87
24 51
24 43
24 78
24 73
24 90
25 48
25 70
25 64
25 38
25 50
25 61
25 58
25 68
25 36
25 47
25 71
25 74
25 82
25 79
25 60
25 76
25 34
25 86
25 54
25 75
26 32
26 67
26 77
26 33
26 85
26 65
26 59
26 87
26 78
26 29
26 90
27 32
27 67
27 81
27 85
27 44
27 65
27 62
27 80
27 57
27 87
27 43
27 63
27 78
27 29
28 32
28 42
28 37
28 59
28 62
28 55
28 87
28 63
28 78
28 73
28 35
28 90
29 48
29 66
29 46
29 70
29 38
29 50
29 61
29 58
29 68
29 36
29 47
29 52
29 71
29 74
29 40
29 82
29 79
29 76
29 89
29 69
29 88
29 41
29 75
30 67
30 72
30 42
30 81
30 85
30 44
30 56
30 31
30 65
30 37
30 59
30 62
30 80
30 55
30 83
30 57
30 87
30 51
30 63
30 78
30 73
30 35
30 90
31 66
31 64
31 38
31 58
31 52
31 82
31 60
31 34
31 39
31 69
31 86
31 88
31 54
31 41
31 75
32 45
32 48
32 64
32 61
32 49
32 36
32 84
32 47
32 40
32 34
32 39
32 88
32 54
32 41
32 75
33 48
33 66
33 46
33 70
33 50
33 49
33 52
33 71
33 40
33 60
33 89
33 39
33 86
33 54
34 77
34 42
34 85
34 56
34 37
34 59
34 80
34 87
34 51
34 63
34 73
35 45
35 48
35 70
35 64
35 38
35 50
35 68
35 49
35 84
35 52
35 71
35 74
35 40
35 79
35 60
35 76
35 39
35 69
35 86
35 54
35 75
36 67
36 72
36 42
36 81
36 85
36 65
36 55
36 51
36 43
36 78
37 45
37 66
37 38
37 61
37 58
37 49
37 84
37 47
37 74
37 40
37 79
37 60
37 69
37 86
37 88
37 54
37 41
38 72
38 77
38 85
38 44
38 83
38 87
38 51
38 63
38 78
39 72
39 42
39 81
39 44
39 56
39 65
39 59
39 62
39 55
39 83
39 57
39 43
39 73
40 67
40 72
40 77
40 85
40 59
40 62
40 55
40 43
40 90
41 67
41 72
41 42
41 81
41 44
41 59
41 80
41 83
41 57
41 87
41 51
41 43
41 63
41 78
41 73
41 90
42 48
42 70
42 50
42 58
42 47
42 52
42 71
42 82
42 60
42 76
42 69
42 88
42 75
43 66
43 70
43 64
43 61
43 68
43 47
43 74
43 82
43 79
43 60
43 76
43 89
43 86
43 88
43 54
44 48
44 46
44 64
44 61
44 68
44 49
44 47
44 52
44 71
44 74
44 79
44 76
44 89
44 86
44 54
44 75
45 77
45 81
45 80
45 87
45 63
45 78
45 73
46 67
46 77
46 85
46 56
46 62
46 57
46 87
46 73
47 81
47 62
47 80
47 83
47 51
47 78
47 90
48 72
48 77
48 81
48 56
48 62
48 57
48 51
48 63
48 90
49 77
49 81
49 56
49 62
49 80
49 83
49 57
49 51
49 73
49 90
50 67
50 81
50 65
50 59
50 80
50 73
50 90
51 66
51 70
51 64
51 61
51 58
51 84
51 52
51 71
51 74
51 82
51 79
51 76
51 89
51 69
52 67
52 72
52 81
52 56
52 65
52 59
52 62
52 55
52 57
52 63
52 73
52 90
53 67
53 72
53 77
53 85
53 56
53 80
53 55
53 83
53 57
53 87
53 63
53 78
53 73
53 90
54 67
54 72
54 77
54 81
54 65
54 62
54 55
54 83
54 57
54 87
54 63
54 78
55 66
55 61
55 58
55 84
55 74
55 82
55 79
55 60
55 76
55 89
55 88
55 75
56 70
56 71
56 74
56 82
56 60
56 89
56 69
56 88
56 75
57 64
57 68
57 84
57 71
57 74
57 82
57 79
57 60
57 76
57 89
57 86
57 88
57 75
58 72
58 85
58 65
58 80
58 63
58 90
59 66
59 79
59 60
59 76
59 69
59 88
59 75
60 67
60 72
60 80
60 87
60 78
60 73
61 72
61 62
61 83
61 87
61 63
61 78
61 90
62 70
62 84
62 74
62 82
62 89
62 86
63 66
63 64
63 68
63 84
63 74
63 79
63 89
63 86
63 75
64 67
64 77
64 81
64 65
64 80
64 78
64 73
64 90
65 66
65 70
65 68
65 84
65 71
65 74
65 82
65 79
65 76
65 89
65 88
65 75
66 72
66 77
66 81
66 83
66 78
66 73
67 68
67 71
67 76
67 69
67 86
67 75
68 77
68 80
68 83
68 87
68 90
69 77
69 81
69 80
69 87
69 73
69 90
70 72
70 85
70 83
70 73
70 90
71 72
71 85
71 80
71 83
71 73
71 90
72 84
72 82
72 76
72 89
72 88
72 75
73 84
73 74
73 82
73 89
73 86
73 88
74 81
74 80
74 83
74 87
74 90
75 81
75 80
75 83
75 87
76 81
76 80
76 83
76 87
76 78
76 90
77 84
77 82
77 79
77 89
77 86
78 84
78 82
78 79
78 89
78 86
78 88
79 81
79 80
79 83
79 87
79 90
80 86
80 88
81 86
81 88
82 85
82 83
82 87
82 90
83 84
83 89
83 86
83 88
84 85
84 87
84 90
85 89
85 88
86 87
86 90
87 89
87 88
88 90
89 90
