88 991
0 56
0 8
0 5
0 76
0 36
0 19
0 31
0 59
0 13
0 43
0 80
0 68
0 87
0 38
0 85
0 74
0 60
0 10
0 54
0 7
1 56
1 8
1 5
1 73
1 36
1 66
1 61
1 59
1 82
1 22
1 13
1 43
1 11
1 85
1 24
1 2
1 10
1 54
1 44
1 86
2 58
2 77
2 81
2 4
2 75
2 67
2 30
2 29
2 33
2 55
2 21
2 12
2 52
2 3
2 71
2 39
2 15
2 83
2 49
2 25
2 37
2 47
2 23
2 51
3 27
3 62
3 20
3 5
3 76
3 36
3 66
3 31
3 45
3 82
3 22
3 43
3 38
3 79
3 85
3 74
3 60
3 44
3 86
4 56
4 34
4 65
4 76
4 73
4 36
4 66
4 31
4 45
4 17
4 43
4 80
4 68
4 87
4 11
4 85
4 24
4 9
4 10
4 54
4 7
5 77
5 67
5 30
5 29
5 55
5 35
5 52
5 39
5 42
5 70
5 49
5 25
5 14
5 48
5 47
5 84
5 51
6 64
6 41
6 30
6 33
6 35
6 53
6 71
6 15
6 42
6 70
6 16
6 49
6 25
6 14
6 40
6 47
6 23
6 51
6 78
6 26
7 32
7 64
7 41
7 75
7 28
7 29
7 33
7 55
7 35
7 57
7 21
7 52
7 71
7 42
7 70
7 16
7 83
7 49
7 63
7 50
7 14
7 40
7 23
7 84
7 78
8 58
8 77
8 81
8 75
8 67
8 28
8 55
8 52
8 70
8 48
8 23
9 64
9 41
9 33
9 55
9 35
9 57
9 12
9 52
9 53
9 71
9 39
9 42
9 16
9 83
9 49
9 63
9 50
9 48
9 37
9 47
9 84
9 78
10 32
10 77
10 81
10 67
10 29
10 35
10 57
10 12
10 53
10 71
10 42
10 70
10 16
10 49
10 63
10 25
10 50
10 48
10 47
10 78
11 58
11 32
11 64
11 41
11 67
11 35
11 57
11 21
11 52
11 71
11 42
11 25
11 14
11 84
11 51
11 78
12 56
12 34
12 76
12 36
12 61
12 59
12 22
12 13
12 68
12 38
12 85
12 24
12 46
12 44
12 86
12 72
13 58
13 64
13 81
13 75
13 67
13 35
13 57
13 53
13 16
13 25
13 50
13 40
13 23
13 84
14 27
14 62
14 34
14 18
14 76
14 73
14 36
14 66
14 82
14 22
14 43
14 87
14 79
14 24
14 60
14 46
14 44
14 86
15 62
15 34
15 18
15 20
15 65
15 76
15 73
15 19
15 31
15 61
15 59
15 82
15 68
15 79
15 69
15 74
15 46
16 27
16 62
16 34
16 20
16 65
16 73
16 36
16 19
16 31
16 82
16 17
16 68
16 38
16 79
16 69
16 74
17 32
17 41
17 81
17 67
17 30
17 35
17 57
17 21
17 53
17 71
17 49
17 48
17 40
17 37
17 47
18 32
18 64
18 41
18 67
18 33
18 55
18 35
18 21
18 53
18 39
18 70
18 49
18 40
18 23
18 51
18 78
19 77
19 75
19 67
19 30
19 52
19 53
19 71
19 70
19 83
19 49
19 48
19 23
19 84
19 51
19 78
20 58
20 32
20 81
20 75
20 28
20 30
20 29
20 57
20 21
20 52
20 71
20 39
20 42
20 40
20 37
21 56
21 66
21 61
21 59
21 22
21 80
21 87
21 85
21 24
21 60
21 54
21 72
22 77
22 64
22 41
22 81
22 75
22 28
22 29
22 55
22 52
22 39
22 70
22 83
22 63
22 50
22 47
22 84
22 78
23 27
23 56
23 62
23 65
23 73
23 66
23 31
23 45
23 59
23 80
23 87
23 85
23 24
23 74
23 46
23 44
23 72
24 58
24 32
24 77
24 81
24 33
24 39
24 42
24 83
24 49
24 25
24 40
24 51
24 26
25 27
25 62
25 34
25 76
25 36
25 80
25 87
25 79
25 69
25 74
25 46
25 54
25 44
25 86
25 72
26 62
26 65
26 76
26 66
26 31
26 45
26 82
26 43
26 80
26 68
26 87
26 79
26 85
26 69
26 74
26 60
26 46
26 54
26 86
26 72
27 32
27 28
27 35
27 52
27 71
27 39
27 70
27 51
27 78
28 56
28 76
28 36
28 82
28 68
28 87
28 79
28 74
28 54
28 44
28 86
28 72
29 62
29 34
29 76
29 73
29 66
29 61
29 45
29 59
29 82
29 68
29 38
29 79
29 69
29 74
29 60
29 86
30 56
30 62
30 34
30 65
30 76
30 36
30 31
30 45
30 59
30 43
30 80
30 87
30 38
30 85
30 69
30 46
30 44
30 86
31 64
31 81
31 67
31 55
31 35
31 52
31 39
31 70
31 49
31 63
31 50
31 48
31 37
31 51
31 78
32 61
32 82
32 43
32 68
32 87
32 60
32 86
32 72
33 62
33 34
33 76
33 36
33 82
33 43
33 68
33 87
33 38
33 69
33 60
33 46
33 44
33 86
34 64
34 81
34 75
34 67
34 35
34 57
34 71
34 42
34 70
34 83
34 49
34 40
34 37
34 84
34 78
35 62
35 36
35 82
35 68
35 38
35 79
35 74
35 60
35 46
35 44
36 41
36 75
36 67
36 57
36 42
36 63
36 50
36 40
36 37
36 47
36 84
36 51
36 78
37 56
37 62
37 76
37 73
37 66
37 45
37 82
37 43
37 80
37 68
37 38
37 79
37 69
37 74
37 46
37 44
37 86
37 72
38 58
38 64
38 75
38 57
38 52
38 39
38 42
38 83
38 49
38 63
38 48
38 40
38 47
39 65
39 76
39 66
39 61
39 43
39 85
39 69
39 60
39 44
40 56
40 65
40 73
40 61
40 59
40 80
40 68
40 79
40 85
40 74
40 46
40 54
40 44
40 86
40 72
41 56
41 65
41 76
41 66
41 45
41 59
41 80
41 68
41 87
41 69
41 46
41 54
41 44
41 72
42 56
42 76
42 45
42 82
42 43
42 80
42 87
42 79
42 85
42 74
42 60
42 44
43 77
43 67
43 55
43 70
43 83
43 49
43 48
43 51
44 77
44 81
44 75
44 55
44 53
44 71
44 83
44 49
44 63
44 47
44 84
44 51
45 58
45 77
45 81
45 75
45 57
45 52
45 71
45 70
45 83
45 49
45 63
45 50
45 48
45 51
46 58
46 64
46 81
46 67
46 53
46 71
46 49
46 63
46 47
46 84
46 51
46 78
47 62
47 65
47 73
47 66
47 59
47 80
47 87
47 79
47 69
47 74
47 60
47 54
47 86
47 72
48 56
48 62
48 65
48 73
48 59
48 82
48 80
48 68
48 87
48 79
48 69
48 74
48 60
48 54
48 72
49 62
49 76
49 59
49 80
49 68
49 79
49 85
49 60
50 56
50 62
50 65
50 73
50 66
50 61
50 82
50 80
50 68
50 87
50 79
50 85
50 69
50 74
50 54
50 72
51 62
51 65
51 73
51 82
51 80
51 87
51 85
51 74
51 60
51 54
51 72
52 56
52 62
52 65
52 73
52 80
52 87
52 79
52 69
52 60
52 54
52 86
53 65
53 76
53 66
53 61
53 82
53 80
53 68
53 79
53 85
53 69
53 86
53 72
54 58
54 77
54 81
54 75
54 55
54 57
54 71
54 70
54 83
54 63
54 84
54 78
55 56
55 65
55 76
55 73
55 66
55 61
55 59
55 80
55 68
55 87
55 85
55 72
56 58
56 77
56 75
56 67
56 57
56 83
56 63
57 65
57 73
57 61
57 59
57 82
57 80
57 79
57 69
57 60
57 86
57 72
58 65
58 73
58 66
58 59
58 80
58 68
58 85
58 69
58 74
59 77
59 81
59 67
59 83
59 84
59 78
60 77
60 64
60 81
60 75
60 67
60 70
60 63
60 84
61 77
61 64
61 81
61 67
61 71
61 70
61 83
61 63
62 64
62 67
62 71
62 84
62 78
63 65
63 73
63 66
63 82
63 80
63 79
63 69
63 74
63 86
63 72
64 65
64 66
64 82
64 68
64 87
64 69
64 74
64 72
65 75
65 83
65 84
65 78
66 77
66 81
66 67
66 71
66 70
66 83
66 84
67 76
67 82
67 80
67 87
67 85
67 74
67 86
68 71
68 70
68 84
69 77
69 75
69 70
69 83
70 76
70 73
70 79
70 86
70 72
71 73
71 82
71 87
71 85
71 86
71 72
72 77
72 75
72 83
72 84
72 78
73 77
73 81
73 83
73 78
74 77
74 81
74 75
74 84
74 78
75 82
75 79
75 85
76 77
76 81
76 84
76 78
77 87
77 79
77 85
77 86
78 82
78 80
78 87
78 85
78 86
79 81
79 83
80 83
80 84
81 85
81 86
82 83
82 84
83 87
83 85
83 86
84 87
84 85
84 86
