37 177
0 16
0 23
0 35
0 28
0 32
0 1
0 12
0 14
0 33
0 26
0 13
1 17
1 4
1 30
1 20
1 36
1 22
1 11
2 27
2 4
2 6
2 10
2 20
2 24
2 36
2 21
3 17
3 6
3 5
3 24
3 22
3 11
3 7
3 31
4 19
4 23
4 18
4 29
4 33
4 26
5 35
5 28
5 25
5 34
5 33
5 26
6 35
6 29
6 25
6 26
7 16
7 23
7 35
7 28
7 29
7 9
7 12
7 14
7 33
7 26
8 16
8 19
8 23
8 18
8 35
8 29
8 25
8 9
8 32
8 12
8 33
8 13
9 30
9 10
9 20
9 36
9 22
9 11
9 31
10 19
10 18
10 28
10 29
10 32
10 12
10 14
11 19
11 18
11 35
11 28
11 25
11 32
11 12
11 34
11 14
11 26
12 27
12 30
12 36
13 17
13 27
13 30
13 20
13 36
13 22
13 21
13 31
14 17
14 27
14 30
14 36
14 15
14 31
15 16
15 23
15 18
15 35
15 28
15 25
15 32
15 34
15 33
15 26
16 27
16 31
17 35
17 25
17 32
17 33
18 27
18 20
18 36
18 22
18 21
19 20
19 24
19 36
19 22
19 21
20 29
20 34
20 33
21 23
21 28
21 25
21 32
21 34
21 33
21 26
22 35
22 29
22 34
22 33
22 26
23 27
23 30
23 24
23 31
24 28
24 29
24 25
24 32
24 34
25 30
27 29
27 34
28 30
28 36
29 36
29 31
30 32
30 34
31 35
31 32
31 34
31 33
35 36
