41 205
0 32
0 12
0 37
0 4
0 18
0 7
0 9
0 22
0 29
0 35
1 14
1 30
1 3
1 17
1 4
1 6
1 11
1 16
1 24
1 25
2 25
2 38
2 31
2 6
2 13
2 8
2 10
2 11
2 27
2 28
3 15
3 19
3 13
3 11
3 7
3 18
3 23
3 28
3 30
3 33
3 39
3 40
4 24
4 29
4 27
4 31
4 28
4 16
4 30
4 34
4 36
4 37
5 28
5 35
5 11
5 37
5 13
5 7
5 10
5 33
6 38
6 20
6 36
6 40
6 11
6 14
6 30
6 39
7 38
7 16
7 34
7 11
7 17
7 19
7 39
8 35
8 30
8 29
8 19
8 12
8 14
8 18
8 20
8 23
9 25
9 40
9 28
9 14
9 13
9 38
10 23
10 32
10 38
10 26
10 30
10 35
11 21
11 19
11 38
12 21
12 35
12 32
12 29
12 13
13 15
13 30
13 31
13 17
13 33
13 34
14 38
14 26
14 31
14 18
14 27
14 29
14 35
15 16
15 38
15 22
15 23
15 20
15 29
15 32
15 34
15 39
15 40
16 26
16 23
16 29
16 19
16 21
16 37
17 39
17 35
17 22
18 20
18 22
18 21
18 24
18 25
18 38
19 40
19 22
19 20
19 25
19 31
20 25
20 28
20 27
20 23
20 34
20 36
21 30
21 35
21 37
21 23
21 27
21 34
22 23
22 27
22 30
22 36
22 28
22 31
23 28
23 26
24 30
24 32
24 35
24 27
25 30
25 36
25 28
25 40
26 31
26 38
26 35
26 40
27 39
27 31
28 36
28 38
29 32
29 30
29 36
29 37
30 36
30 31
30 32
30 35
31 36
31 32
31 33
31 37
32 39
32 34
32 33
35 38
35 37
36 38
36 37
37 39
37 40
38 39
