38 182
0 35
0 2
0 1
0 12
0 14
0 26
0 13
0 3
1 27
1 37
1 30
1 6
1 24
1 8
1 15
1 31
2 37
2 6
2 5
2 36
2 22
2 11
2 7
2 31
3 17
3 27
3 30
3 10
3 5
3 36
3 15
3 21
4 37
4 20
4 24
4 36
4 22
4 15
4 31
5 35
5 25
5 26
6 19
6 28
6 34
6 14
6 26
7 19
7 23
7 35
7 29
7 9
7 32
7 12
7 33
7 13
8 23
8 18
8 35
8 29
8 25
8 32
8 12
8 34
8 33
9 27
9 30
9 20
9 22
9 15
9 11
9 16
10 23
10 18
10 35
10 29
10 32
10 12
10 34
10 33
10 13
11 19
11 35
11 28
11 29
11 25
11 32
11 12
11 14
11 33
11 13
12 20
12 36
12 16
13 17
13 37
13 30
13 20
13 24
13 36
13 22
13 21
13 31
14 17
14 37
14 30
14 24
14 22
14 21
14 31
15 23
15 18
15 28
15 29
15 25
15 34
15 26
16 19
16 18
16 28
16 29
16 25
16 32
16 34
16 33
17 19
17 32
17 33
18 30
18 24
18 36
18 22
18 31
19 36
19 31
20 23
20 29
20 32
20 34
20 33
20 26
21 23
21 35
21 28
21 25
21 32
21 34
21 33
21 26
22 28
22 32
23 27
23 37
23 30
24 28
24 29
24 25
24 32
24 33
24 26
25 27
25 37
25 31
26 37
26 36
26 31
27 35
27 28
27 29
27 32
27 34
28 36
28 31
29 30
30 35
30 34
30 33
33 37
34 37
34 36
35 37
35 36
