40 209
0 23
0 25
0 9
0 34
0 14
0 33
0 26
0 3
1 17
1 27
1 37
1 38
1 6
1 10
1 36
1 11
1 7
1 16
2 38
2 36
2 22
2 16
2 19
3 27
3 38
3 6
3 10
3 5
3 24
3 36
3 21
3 7
3 16
4 17
4 37
4 38
4 5
4 24
4 39
4 15
4 21
4 7
4 31
5 18
5 28
5 14
5 26
5 13
5 30
5 8
6 28
6 32
6 12
6 14
6 26
6 30
7 18
7 35
7 28
7 29
7 9
7 32
7 14
7 33
8 27
8 38
8 20
8 36
8 22
8 15
8 11
8 21
8 31
8 16
8 19
9 17
9 27
9 38
9 10
9 20
9 36
9 39
9 11
10 23
10 35
10 29
10 25
10 12
10 33
11 23
11 35
11 29
11 32
11 26
11 30
12 17
12 37
12 20
12 24
12 36
12 39
12 22
12 16
13 27
13 37
13 38
13 20
13 39
13 22
13 15
13 21
13 31
13 16
14 37
14 20
14 24
14 39
14 15
14 31
15 18
15 35
15 29
15 32
15 34
15 33
15 26
15 30
16 18
16 35
16 28
16 25
16 34
16 33
17 35
17 33
17 26
17 30
18 38
18 20
18 36
18 22
18 21
18 31
19 23
19 35
19 28
19 29
19 25
19 32
19 34
19 33
19 26
19 30
20 28
20 25
20 32
20 34
20 30
21 23
21 29
21 34
21 33
21 30
22 28
22 29
22 25
22 34
22 33
23 27
23 37
23 38
23 36
23 39
24 35
24 29
24 25
24 32
24 26
24 30
25 27
25 38
25 36
25 31
26 37
26 36
26 39
26 31
27 28
27 32
27 34
28 38
28 39
28 31
29 37
29 39
30 37
30 31
31 35
31 32
31 34
32 37
32 39
33 37
33 36
34 38
34 36
34 39
35 37
35 39
