61 482
0 29
0 48
0 45
0 57
0 5
0 20
0 54
0 56
0 47
0 53
0 40
0 38
0 42
0 41
0 60
0 49
0 50
0 46
1 29
1 45
1 31
1 57
1 5
1 43
1 20
1 37
1 54
1 56
1 47
1 27
1 53
1 58
1 41
1 36
1 50
2 29
2 31
2 5
2 54
2 47
2 27
2 40
2 41
2 12
2 46
3 48
3 57
3 30
3 37
3 34
3 56
3 27
3 58
3 42
3 60
3 12
3 19
3 46
4 48
4 31
4 5
4 43
4 30
4 34
4 56
4 47
4 27
4 40
4 38
4 41
4 60
4 12
4 36
4 50
5 28
5 8
5 25
5 10
5 14
5 16
5 51
5 44
5 33
5 52
5 17
6 29
6 48
6 45
6 57
6 43
6 30
6 37
6 54
6 34
6 56
6 53
6 58
6 42
6 41
6 9
6 60
6 49
6 12
6 19
7 48
7 45
7 31
7 43
7 30
7 37
7 34
7 56
7 53
7 58
7 38
7 41
7 60
7 49
7 12
7 19
7 46
8 29
8 45
8 30
8 56
8 27
8 40
8 38
8 9
8 36
8 19
9 32
9 11
9 25
9 23
9 59
9 13
9 10
9 24
9 44
9 35
9 33
9 17
10 31
10 57
10 30
10 37
10 47
10 53
10 58
10 38
10 42
10 12
10 46
10 22
11 48
11 31
11 43
11 20
11 37
11 54
11 34
11 27
11 58
11 42
11 60
11 36
11 50
12 32
12 59
12 16
12 24
12 39
12 51
12 44
12 21
13 29
13 48
13 57
13 37
13 54
13 56
13 40
13 42
13 60
13 36
13 50
13 22
14 29
14 48
14 31
14 43
14 20
14 37
14 34
14 53
14 58
14 60
14 36
14 19
14 50
14 46
14 22
15 29
15 45
15 57
15 43
15 20
15 54
15 56
15 47
15 40
15 58
15 42
15 41
15 60
15 36
15 19
15 50
15 46
16 45
16 31
16 43
16 30
16 47
16 53
16 38
16 42
16 60
16 19
16 46
17 48
17 45
17 31
17 57
17 30
17 54
17 34
17 47
17 53
17 58
17 38
17 42
17 41
17 49
17 36
17 19
17 46
18 48
18 57
18 43
18 20
18 37
18 34
18 47
18 27
18 40
18 38
18 42
18 41
18 60
18 49
18 50
19 25
19 23
19 59
19 24
19 21
19 33
19 52
20 32
20 28
20 25
20 39
20 55
20 51
20 44
20 35
20 21
20 52
21 48
21 45
21 57
21 43
21 54
21 34
21 47
21 27
21 40
21 38
21 42
21 60
21 49
21 36
21 46
22 28
22 23
22 59
22 55
22 35
22 33
22 26
23 48
23 43
23 54
23 56
23 27
23 40
23 58
23 42
23 60
23 49
24 48
24 43
24 30
24 37
24 34
24 56
24 47
24 27
24 53
24 40
24 38
24 41
24 49
24 50
24 46
25 31
25 30
25 37
25 54
25 56
25 42
25 41
25 49
25 36
25 50
26 45
26 57
26 30
26 37
26 34
26 56
26 27
26 53
26 58
26 41
26 49
26 36
26 50
26 46
27 28
27 55
28 48
28 54
28 56
28 40
28 58
28 42
28 36
28 50
28 46
29 32
29 59
29 39
29 55
29 44
30 59
30 39
30 51
30 33
31 59
31 55
31 44
31 33
32 48
32 57
32 37
32 54
32 47
32 53
32 38
32 49
33 45
33 57
33 37
33 34
33 47
33 53
33 58
33 42
33 60
33 49
33 46
34 39
34 51
34 44
34 35
34 52
35 45
35 57
35 43
35 54
35 47
35 40
35 58
35 38
35 60
35 36
35 50
36 39
36 55
36 44
36 52
37 39
37 55
37 51
38 59
38 39
38 51
38 52
39 45
39 57
39 43
39 53
39 40
39 41
39 60
39 49
40 59
40 51
40 52
41 59
41 51
41 44
41 52
42 59
42 55
42 51
42 44
43 55
43 44
43 52
44 45
44 56
44 47
44 53
44 58
44 60
44 49
44 50
45 51
45 52
46 59
46 52
47 51
47 52
48 55
48 51
48 52
49 59
49 55
49 51
49 52
50 59
50 55
50 51
51 57
51 53
51 58
52 57
52 54
52 53
53 59
53 55
54 59
54 55
55 57
55 56
55 58
55 60
58 59
