65 455
0 13
0 16
0 56
0 24
0 59
0 15
0 3
0 20
0 22
0 25
0 42
0 53
1 12
1 53
1 28
1 21
1 31
1 41
1 16
1 6
1 22
1 25
1 42
1 43
1 47
2 61
2 44
2 7
2 13
2 43
2 5
2 14
2 10
2 15
2 18
2 19
2 30
2 35
2 38
2 41
2 42
2 48
2 63
3 18
3 9
3 60
3 46
3 49
3 52
3 40
3 16
3 24
3 29
3 33
3 50
3 55
4 32
4 22
4 31
4 54
4 6
4 28
4 21
4 24
4 26
4 51
5 16
5 40
5 63
5 59
5 51
5 10
5 44
5 12
5 14
5 20
5 21
5 42
5 46
5 61
6 28
6 45
6 52
6 62
6 51
6 47
6 14
6 27
6 36
6 57
6 64
7 63
7 43
7 48
7 33
7 60
7 30
7 51
7 11
7 19
7 22
7 37
7 44
7 54
7 55
7 64
8 40
8 60
8 15
8 52
8 16
8 17
8 25
8 9
8 10
8 12
8 32
8 49
8 53
9 10
9 36
9 12
9 51
9 29
9 27
9 18
9 24
9 41
9 43
9 61
10 54
10 55
10 49
10 63
10 45
10 17
10 25
10 39
10 52
10 57
11 22
11 49
11 41
11 52
11 12
11 37
11 26
11 33
11 42
11 43
11 44
12 44
12 37
12 23
12 26
12 27
12 32
12 36
12 38
12 46
12 47
12 52
12 57
12 64
13 47
13 15
13 16
13 55
13 14
13 63
13 18
13 26
13 28
13 30
13 48
14 21
14 54
14 19
14 17
14 57
14 20
14 22
14 29
14 34
14 38
14 39
14 40
14 60
15 45
15 18
15 50
15 56
15 28
15 34
15 31
15 37
15 64
16 27
16 44
16 17
16 37
16 48
16 41
16 19
16 21
16 55
16 56
17 51
17 60
17 35
17 38
17 41
17 22
17 23
17 36
17 45
17 52
18 61
18 31
18 33
18 29
18 50
18 35
18 63
19 63
19 51
19 52
19 29
19 26
19 32
19 36
19 41
19 55
19 59
20 22
20 30
20 38
20 54
20 27
20 31
20 48
21 28
21 64
21 39
21 29
21 44
21 52
21 60
22 44
22 52
22 28
22 56
22 61
22 62
23 43
23 53
23 33
23 42
23 38
23 37
23 40
23 41
23 49
24 30
24 42
24 53
24 48
24 31
24 38
24 46
24 50
25 27
25 32
25 46
25 47
25 36
25 38
25 40
25 45
25 54
25 60
25 62
26 42
26 37
26 30
26 28
26 31
26 46
26 59
26 64
27 49
27 46
27 57
27 58
27 32
27 43
27 44
27 59
28 36
28 50
28 48
28 37
28 44
28 52
28 58
28 64
29 64
29 42
29 47
29 48
29 31
29 33
29 43
29 46
30 33
30 34
30 58
30 56
30 53
30 31
30 35
30 51
30 54
30 63
31 52
31 54
31 35
31 37
31 44
31 48
31 53
31 57
32 50
32 39
32 51
32 42
32 33
32 34
32 54
32 56
33 61
33 39
33 34
33 35
33 56
33 60
34 53
34 56
34 52
34 48
34 40
34 39
34 58
35 40
35 36
35 39
35 50
35 57
36 44
36 59
36 40
36 43
36 48
36 51
36 55
36 61
37 45
37 41
37 50
37 46
37 60
38 39
38 40
38 46
38 47
38 49
38 62
39 59
39 50
39 64
39 42
39 49
39 57
40 63
40 47
40 49
40 48
40 62
41 47
41 43
41 62
41 45
42 64
42 50
42 56
42 57
43 58
43 45
43 55
44 57
44 60
44 48
44 45
44 58
44 61
45 57
45 63
45 47
45 49
45 58
46 54
46 48
46 51
46 53
46 61
47 52
47 59
47 51
47 53
47 63
48 59
49 56
49 60
50 55
50 63
50 62
51 60
51 54
51 64
52 56
52 61
52 62
52 63
53 63
53 57
53 54
53 55
53 58
54 55
54 58
54 60
54 63
55 59
56 57
56 60
57 59
58 61
58 63
58 62
59 64
59 61
60 64
60 63
62 63
63 64
