46 265
0 29
0 25
0 2
0 32
0 34
0 33
0 4
0 8
0 42
0 41
0 37
0 36
0 6
1 27
1 10
1 24
1 43
1 21
1 16
2 17
2 40
2 10
2 5
2 43
2 39
2 16
2 23
3 17
3 40
3 38
3 10
3 5
3 20
3 24
3 43
3 39
3 15
3 31
3 19
3 18
4 27
4 38
4 20
4 43
4 22
4 11
4 7
4 31
4 19
4 18
5 28
5 25
5 14
5 33
5 26
5 41
5 37
5 36
6 27
6 40
6 38
6 45
6 24
6 39
6 22
6 11
6 21
6 19
7 29
7 25
7 32
7 14
7 33
7 30
7 8
7 41
7 36
8 17
8 40
8 38
8 45
8 10
8 20
8 24
8 43
8 11
8 21
8 16
8 23
8 18
9 27
9 38
9 10
9 20
9 24
9 11
9 21
9 31
9 16
9 23
9 18
10 28
10 29
10 34
10 14
10 26
10 30
10 41
10 36
11 28
11 32
11 12
11 14
11 26
11 13
11 42
12 17
12 40
12 45
12 20
12 39
12 22
12 15
12 31
12 19
12 18
13 27
13 40
13 45
13 20
13 24
13 21
13 31
13 18
14 27
14 38
14 43
14 22
14 31
14 23
14 18
15 29
15 25
15 32
15 33
15 30
15 37
15 36
15 44
16 29
16 34
16 42
16 41
16 37
16 36
16 44
17 33
17 26
17 42
17 37
17 44
18 32
18 30
18 42
18 36
19 34
19 33
19 26
19 30
19 42
19 37
19 44
20 29
20 32
20 33
20 26
20 41
20 44
21 28
21 29
21 25
21 32
21 34
21 33
21 30
21 41
21 37
22 28
22 25
22 26
22 30
22 42
22 41
22 36
23 29
23 32
23 26
23 30
23 42
23 41
23 37
23 44
24 29
24 34
24 41
24 36
24 44
25 45
25 39
25 31
25 35
26 40
26 45
26 43
26 31
26 35
27 29
27 34
27 42
27 37
27 36
28 40
28 45
28 43
28 35
29 38
29 45
29 43
29 39
30 43
30 39
30 35
31 32
31 34
31 42
32 38
32 45
32 39
32 35
33 40
33 39
33 35
34 40
34 38
34 43
34 35
35 42
35 37
35 44
36 38
36 43
36 39
37 38
37 45
37 39
38 44
39 41
39 44
40 42
40 41
40 44
41 45
42 45
43 44
44 45
