73 663
0 8
0 52
0 69
0 18
0 55
0 47
0 13
0 39
0 72
0 9
0 54
0 4
0 66
0 44
0 35
1 23
1 26
1 33
1 2
1 21
1 41
1 24
1 49
1 68
1 67
1 29
1 59
1 64
1 34
1 48
1 14
2 7
2 18
2 42
2 10
2 47
2 45
2 54
2 56
2 51
2 62
2 44
2 36
2 15
3 52
3 69
3 18
3 28
3 40
3 71
3 45
3 72
3 16
3 54
3 4
3 51
3 62
3 66
3 44
3 36
3 15
4 23
4 41
4 58
4 27
4 61
4 37
4 57
4 67
4 22
4 6
4 31
4 64
4 34
4 60
4 25
5 46
5 17
5 42
5 55
5 19
5 47
5 71
5 11
5 13
5 72
5 54
5 44
5 35
5 15
5 32
6 52
6 65
6 46
6 69
6 18
6 42
6 28
6 19
6 10
6 71
6 45
6 9
6 54
6 56
6 51
6 35
7 63
7 26
7 53
7 58
7 27
7 24
7 61
7 37
7 68
7 64
7 34
7 38
7 48
8 63
8 23
8 53
8 24
8 57
8 68
8 29
8 70
8 31
8 20
8 14
9 33
9 53
9 41
9 27
9 49
9 57
9 67
9 50
9 59
9 34
9 60
9 20
9 14
10 23
10 33
10 27
10 37
10 68
10 29
10 70
10 59
10 38
10 60
10 30
10 20
10 14
10 25
11 63
11 23
11 21
11 61
11 57
11 22
11 50
11 59
11 34
11 38
11 48
11 20
11 14
11 25
12 65
12 46
12 47
12 45
12 39
12 72
12 56
12 43
12 62
12 44
12 36
12 32
13 63
13 53
13 21
13 41
13 58
13 27
13 49
13 37
13 68
13 67
13 29
13 50
13 59
13 64
13 38
13 48
14 52
14 65
14 46
14 69
14 18
14 42
14 28
14 19
14 40
14 71
14 39
14 54
14 56
14 43
14 51
14 66
15 23
15 26
15 33
15 21
15 58
15 49
15 37
15 57
15 68
15 67
15 22
15 70
15 31
15 64
15 38
15 48
15 30
15 20
16 23
16 58
16 27
16 49
16 68
16 29
16 22
16 70
16 64
16 60
16 30
16 20
16 25
17 23
17 33
17 53
17 27
17 24
17 61
17 57
17 68
17 67
17 29
17 22
17 50
17 31
17 64
17 48
18 63
18 41
18 27
18 57
18 70
18 59
18 38
18 60
18 30
19 23
19 53
19 58
19 49
19 61
19 57
19 67
19 50
19 60
19 30
19 20
19 25
20 46
20 69
20 42
20 28
20 55
20 47
20 45
20 39
20 72
20 43
20 44
20 35
21 52
21 65
21 46
21 69
21 42
21 55
21 47
21 71
21 39
21 54
21 43
21 51
21 44
21 35
22 46
22 69
22 55
22 40
22 71
22 39
22 72
22 54
22 43
22 62
22 66
22 36
22 35
23 46
23 69
23 42
23 55
23 40
23 71
23 45
23 39
23 72
23 54
23 56
23 62
23 66
23 44
23 35
24 65
24 46
24 42
24 55
24 40
24 47
24 45
24 72
24 43
24 62
24 36
24 32
25 52
25 65
25 69
25 28
25 40
25 71
25 43
25 62
25 66
25 44
25 36
25 35
25 32
26 65
26 42
26 55
26 45
26 39
26 72
26 54
26 56
26 43
26 51
26 62
26 44
27 52
27 28
27 47
27 71
27 54
27 62
27 35
28 63
28 53
28 49
28 68
28 67
28 29
28 50
28 64
28 34
28 60
28 30
29 52
29 69
29 42
29 55
29 47
29 45
29 62
29 44
29 35
30 52
30 69
30 55
30 47
30 71
30 39
30 56
30 43
30 51
30 66
30 36
30 35
30 32
31 65
31 69
31 55
31 40
31 45
31 39
31 72
31 56
31 51
31 66
31 36
31 35
32 63
32 53
32 41
32 58
32 49
32 61
32 37
32 68
32 70
32 50
32 59
32 34
32 38
32 60
32 48
33 46
33 69
33 55
33 47
33 39
33 66
33 44
33 36
33 35
34 65
34 69
34 42
34 71
34 72
34 56
34 51
34 62
34 66
34 44
34 36
34 35
35 53
35 61
35 57
35 68
35 67
35 50
35 59
35 64
35 38
35 60
36 53
36 41
36 58
36 49
36 61
36 57
36 67
36 50
36 64
36 60
36 48
37 52
37 69
37 40
37 71
37 54
37 44
38 52
38 65
38 69
38 55
38 40
38 71
38 45
38 54
38 56
38 51
38 62
38 66
39 63
39 57
39 70
39 50
39 64
40 63
40 53
40 41
40 58
40 49
40 57
40 67
40 70
40 50
40 48
41 52
41 55
41 47
41 45
41 72
41 54
41 56
41 43
41 62
42 63
42 53
42 49
42 61
42 57
42 67
42 70
42 64
42 48
43 63
43 53
43 58
43 61
43 57
43 67
43 50
43 59
43 64
43 48
44 58
44 61
44 68
44 70
44 59
44 60
44 48
45 53
45 58
45 49
45 68
45 70
45 59
45 60
46 49
46 61
46 57
46 67
46 70
46 50
46 59
46 48
47 63
47 58
47 49
47 67
47 70
47 50
47 59
47 60
48 71
48 72
48 54
48 56
48 62
48 66
49 52
49 65
49 54
49 56
49 51
50 65
50 71
50 54
50 51
50 62
50 66
51 53
51 58
51 61
51 57
51 68
51 67
51 70
51 64
51 60
52 58
52 61
52 59
52 64
52 60
53 72
53 62
53 66
54 57
54 67
54 70
54 59
55 61
55 68
55 70
55 64
55 60
56 58
56 61
56 57
56 67
56 70
56 59
56 64
56 60
57 65
57 71
57 66
58 65
58 69
58 72
58 62
58 66
59 65
59 71
59 72
59 62
59 66
60 69
60 72
60 62
61 65
61 71
61 72
61 62
61 66
62 68
63 65
63 72
63 66
64 65
64 69
64 71
65 68
65 70
66 68
66 67
67 71
67 72
68 69
68 72
69 70
70 71
