79 632
0 61
0 30
0 1
0 26
0 67
0 15
0 66
0 65
0 9
0 36
0 43
0 54
0 59
0 60
1 5
1 64
1 21
1 69
1 60
1 35
1 33
1 10
1 17
1 26
1 30
1 40
1 42
1 44
1 50
1 58
1 68
1 70
1 73
1 75
2 11
2 43
2 27
2 26
2 73
2 76
2 53
2 39
2 8
2 17
2 18
2 19
2 22
2 37
2 47
2 61
2 65
2 75
3 27
3 21
3 5
3 9
3 74
3 50
3 22
3 64
3 4
3 16
3 19
3 62
3 65
4 25
4 44
4 18
4 76
4 40
4 41
4 78
4 9
4 37
4 38
4 45
4 46
4 51
4 58
5 78
5 16
5 40
5 60
5 50
5 17
5 18
5 31
5 11
5 14
5 20
5 21
5 28
5 37
5 41
5 52
5 54
5 58
6 36
6 18
6 14
6 29
6 47
6 31
6 23
6 19
6 24
6 25
6 34
6 42
6 52
6 54
6 62
6 64
6 72
7 25
7 76
7 58
7 69
7 50
7 57
7 45
7 56
7 8
7 14
7 17
7 37
7 38
7 60
7 67
8 31
8 52
8 30
8 75
8 66
8 26
8 13
8 15
8 20
8 25
8 33
8 51
8 57
8 74
9 22
9 47
9 42
9 23
9 52
9 77
9 34
9 38
9 58
9 71
9 78
10 77
10 54
10 29
10 72
10 49
10 55
10 65
10 15
10 12
10 25
10 32
10 33
10 43
10 57
10 63
11 78
11 46
11 70
11 18
11 23
11 58
11 36
11 13
11 29
11 38
11 54
11 64
11 71
12 21
12 43
12 17
12 32
12 18
12 49
12 34
12 58
12 62
12 76
12 77
13 47
13 39
13 74
13 36
13 44
13 38
13 21
13 25
13 30
13 42
13 66
14 75
14 46
14 39
14 72
14 40
14 26
14 42
14 43
14 45
14 49
15 51
15 59
15 24
15 31
15 41
15 20
15 39
15 21
15 29
15 61
15 78
16 76
16 63
16 36
16 20
16 46
16 65
16 67
16 23
16 57
16 58
16 59
16 66
17 58
17 76
17 66
17 35
17 62
17 22
17 26
17 40
17 51
17 61
18 26
18 63
18 39
18 78
18 60
18 32
18 28
18 21
18 37
18 44
18 45
18 64
18 69
18 70
18 75
19 64
19 65
19 28
19 21
19 55
19 33
19 29
19 39
19 43
19 48
19 59
19 61
19 69
20 68
20 35
20 69
20 40
20 45
20 41
20 29
20 50
20 51
20 60
20 62
20 63
20 70
20 73
21 61
21 76
21 67
21 28
21 23
21 53
21 56
21 57
21 63
21 69
21 77
22 70
22 58
22 57
22 42
22 39
22 53
22 25
22 55
22 74
22 76
23 34
23 58
23 67
23 30
23 78
23 77
23 26
23 50
23 55
23 56
23 59
24 31
24 46
24 55
24 66
24 58
24 25
24 40
24 26
24 33
24 44
24 62
24 67
24 78
25 35
25 52
25 75
25 31
25 36
25 64
25 69
25 76
26 61
26 29
26 75
26 28
26 33
26 37
26 46
26 68
26 72
26 78
27 55
27 56
27 61
27 52
27 73
27 67
27 31
27 35
27 38
27 45
27 54
28 47
28 75
28 60
28 68
28 52
28 78
28 74
28 29
28 36
28 48
28 50
28 72
28 73
29 75
29 52
29 31
29 48
29 78
30 71
30 60
30 52
30 65
30 75
30 69
30 39
30 43
30 47
30 54
30 59
30 74
31 33
31 56
31 78
31 45
31 53
31 41
31 61
31 32
31 40
31 66
31 76
32 47
32 49
32 60
32 67
32 72
32 78
32 41
32 71
32 73
33 49
33 78
33 76
33 77
33 53
33 55
33 63
33 67
33 72
34 49
34 70
34 37
34 67
34 57
34 62
34 55
34 61
34 63
34 72
34 73
34 75
35 62
35 68
35 56
35 63
35 47
35 73
35 55
35 41
35 64
35 74
36 51
36 63
36 75
36 60
36 73
36 40
36 44
36 47
36 54
36 66
36 68
37 61
37 76
37 42
37 44
37 59
37 72
37 73
38 39
38 56
38 55
38 46
38 47
38 48
38 51
38 70
39 43
39 71
39 63
39 54
39 78
39 70
39 40
39 76
39 77
40 46
40 64
40 62
40 52
40 76
40 77
41 78
41 42
41 46
41 49
41 53
41 69
41 48
41 52
41 68
42 51
42 67
42 48
42 45
42 47
42 49
42 56
42 60
42 65
42 66
42 68
42 75
42 77
43 49
43 73
43 67
43 60
43 65
44 75
44 51
44 70
44 45
44 53
44 58
45 60
45 48
45 71
45 74
45 76
46 48
46 76
46 58
46 72
46 54
46 50
46 57
46 71
47 75
47 53
47 58
47 50
48 70
48 76
48 61
48 55
48 69
48 75
49 57
49 72
49 78
49 70
49 68
49 75
49 54
49 74
50 54
50 65
50 51
50 66
50 77
51 52
51 63
51 67
51 71
52 56
52 62
52 75
52 54
52 55
52 57
52 65
52 70
52 78
53 65
53 54
53 68
53 74
53 76
53 56
53 59
55 69
55 64
55 60
55 63
55 68
56 64
56 61
56 63
56 58
56 70
57 68
57 78
57 67
57 69
57 77
58 67
59 73
59 65
59 68
60 69
60 77
60 61
60 72
60 76
61 71
61 69
62 75
62 76
62 71
62 66
63 64
63 72
63 65
63 70
64 77
64 70
64 73
64 74
65 76
66 70
66 73
66 78
67 69
67 74
67 68
67 78
68 74
68 69
68 75
69 74
69 77
70 76
70 72
71 72
71 73
73 76
74 76
75 76
