96 1139
0 44
0 33
0 67
0 52
0 69
0 20
0 81
0 18
0 83
0 80
0 55
0 59
0 10
0 32
0 78
0 62
0 60
0 93
0 71
0 82
1 31
1 73
1 3
1 2
1 13
1 4
1 22
1 53
1 9
1 57
1 24
1 48
1 74
1 28
1 21
1 79
1 94
1 92
1 47
1 84
1 61
1 58
1 89
1 19
2 52
2 14
2 20
2 76
2 39
2 66
2 83
2 5
2 80
2 38
2 10
2 32
2 7
2 78
2 50
2 93
2 65
2 16
3 33
3 52
3 14
3 76
3 81
3 18
3 25
3 66
3 42
3 5
3 80
3 36
3 59
3 64
3 85
3 32
3 7
3 50
3 60
3 86
3 93
3 65
3 82
3 40
4 69
4 81
4 18
4 25
4 66
4 77
4 83
4 80
4 38
4 36
4 59
4 56
4 78
4 50
4 86
4 40
5 68
5 23
5 13
5 53
5 9
5 15
5 43
5 48
5 46
5 28
5 51
5 41
5 92
5 47
5 91
5 61
5 19
6 33
6 52
6 69
6 20
6 81
6 18
6 66
6 72
6 54
6 55
6 59
6 10
6 7
6 50
6 62
6 60
6 65
6 82
6 40
7 68
7 13
7 35
7 70
7 9
7 26
7 24
7 8
7 34
7 27
7 94
7 92
7 47
7 87
7 84
7 89
7 12
8 44
8 52
8 69
8 81
8 18
8 25
8 42
8 30
8 80
8 10
8 85
8 50
8 60
8 71
8 65
8 29
8 40
9 67
9 52
9 76
9 39
9 66
9 77
9 72
9 83
9 54
9 30
9 80
9 55
9 59
9 56
9 64
9 85
9 32
9 78
9 50
9 60
9 82
9 40
10 31
10 73
10 22
10 35
10 53
10 70
10 26
10 45
10 57
10 43
10 75
10 63
10 79
10 92
10 91
10 49
10 58
10 12
11 73
11 23
11 35
11 53
11 34
11 48
11 46
11 63
11 51
11 21
11 79
11 92
11 49
11 61
11 89
11 95
12 44
12 37
12 33
12 52
12 69
12 76
12 39
12 18
12 25
12 77
12 83
12 42
12 54
12 80
12 36
12 55
12 59
12 56
12 64
12 32
12 78
12 50
12 60
12 86
12 71
12 82
13 44
13 37
13 67
13 69
13 20
13 39
13 17
13 77
13 30
13 36
13 55
13 56
13 64
13 85
13 32
13 60
13 71
13 29
13 82
13 16
13 40
14 31
14 35
14 70
14 26
14 45
14 57
14 43
14 24
14 75
14 46
14 74
14 28
14 21
14 79
14 88
14 47
14 91
14 49
14 58
14 19
15 67
15 69
15 20
15 81
15 18
15 17
15 72
15 83
15 30
15 55
15 64
15 32
15 78
15 62
15 86
15 93
15 29
15 16
15 40
16 68
16 73
16 23
16 35
16 70
16 45
16 43
16 34
16 75
16 48
16 74
16 63
16 51
16 41
16 79
16 88
16 87
16 49
16 61
16 58
16 19
17 68
17 73
17 22
17 53
17 70
17 57
17 43
17 34
17 46
17 28
17 21
17 94
17 88
17 84
17 89
18 53
18 26
18 27
18 48
18 63
18 94
18 92
18 47
18 87
18 91
18 49
18 61
18 58
18 19
19 37
19 67
19 52
19 76
19 81
19 39
19 25
19 66
19 77
19 83
19 30
19 38
19 36
19 59
19 64
19 85
19 32
19 78
19 62
19 60
19 86
19 93
19 65
19 29
20 68
20 73
20 23
20 22
20 70
20 45
20 24
20 34
20 46
20 63
20 28
20 51
20 94
20 92
20 84
20 58
20 89
21 44
21 52
21 81
21 66
21 77
21 72
21 54
21 30
21 38
21 56
21 64
21 32
21 78
21 60
21 86
21 71
21 65
21 29
21 82
22 44
22 33
22 52
22 25
22 77
22 83
22 54
22 30
22 36
22 55
22 56
22 85
22 78
22 62
22 60
22 65
22 29
22 40
23 44
23 37
23 67
23 52
23 69
23 76
23 39
23 77
23 72
23 42
23 54
23 30
23 55
23 85
23 60
23 86
23 65
23 29
24 67
24 39
24 25
24 66
24 72
24 83
24 38
24 55
24 56
24 64
24 85
24 50
24 86
24 82
25 35
25 45
25 27
25 75
25 48
25 46
25 63
25 51
25 79
25 92
25 87
25 49
25 58
25 89
25 95
26 44
26 76
26 72
26 83
26 42
26 54
26 38
26 86
26 29
26 40
26 90
27 67
27 69
27 76
27 81
27 42
27 54
27 30
27 80
27 38
27 36
27 59
27 56
27 32
27 50
27 71
27 29
27 90
28 67
28 81
28 66
28 77
28 83
28 36
28 56
28 85
28 32
28 62
28 93
28 71
28 82
28 40
28 90
29 35
29 70
29 45
29 43
29 48
29 63
29 41
29 94
29 88
29 87
29 84
29 91
29 49
29 58
29 95
30 53
30 45
30 43
30 63
30 51
30 94
30 88
30 87
30 58
30 89
30 95
31 37
31 66
31 77
31 72
31 54
31 38
31 64
31 78
31 50
31 60
32 45
32 43
32 48
32 74
32 41
32 94
32 47
32 87
32 91
32 61
32 58
33 35
33 45
33 57
33 34
33 48
33 51
33 41
33 79
33 88
33 92
33 47
33 87
33 84
33 91
33 49
33 58
34 37
34 76
34 77
34 83
34 38
34 55
34 59
34 64
34 78
34 86
34 93
34 40
34 90
35 44
35 37
35 67
35 52
35 69
35 76
35 81
35 42
35 54
35 38
35 36
35 55
35 85
35 50
35 86
35 93
35 71
36 68
36 45
36 57
36 43
36 46
36 63
36 51
36 79
36 88
36 92
36 87
36 91
36 61
36 89
36 95
37 70
37 43
37 75
37 48
37 51
37 88
37 92
37 47
37 87
37 84
37 61
37 89
37 95
38 73
38 70
38 45
38 57
38 75
38 48
38 46
38 63
38 51
38 41
38 88
38 47
38 91
38 58
38 95
39 68
39 73
39 46
39 74
39 63
39 41
39 94
39 47
39 84
39 91
39 49
39 58
39 89
39 95
40 68
40 53
40 43
40 75
40 48
40 74
40 63
40 51
40 79
40 94
40 88
40 92
40 87
40 84
40 49
40 61
40 89
41 69
41 76
41 66
41 72
41 42
41 80
41 55
41 64
41 85
41 50
41 62
41 60
41 71
41 65
41 82
41 90
42 73
42 45
42 57
42 75
42 48
42 46
42 63
42 94
42 88
42 47
42 91
42 49
42 58
42 95
43 67
43 52
43 69
43 76
43 81
43 66
43 77
43 83
43 80
43 62
43 60
43 93
43 65
44 68
44 73
44 70
44 45
44 46
44 74
44 63
44 94
44 47
44 84
44 91
44 61
44 89
45 67
45 66
45 80
45 55
45 64
45 50
45 62
45 71
45 90
46 67
46 76
46 77
46 83
46 80
46 64
46 85
46 78
46 62
46 93
46 82
47 52
47 69
47 76
47 66
47 77
47 72
47 80
47 59
47 56
47 85
47 50
47 60
47 86
47 93
47 71
47 65
47 82
48 52
48 72
48 54
48 80
48 55
48 59
48 78
48 62
48 86
48 93
48 71
49 52
49 69
49 76
49 66
49 72
49 83
49 54
49 80
49 55
49 59
49 56
49 85
49 78
49 62
49 86
49 93
49 71
50 68
50 53
50 74
50 51
50 79
50 94
50 92
50 87
50 84
50 58
50 95
51 67
51 81
51 77
51 83
51 55
51 59
51 64
51 86
51 93
51 65
51 82
51 90
52 70
52 57
52 74
52 79
52 58
53 77
53 72
53 83
53 56
53 64
53 78
53 62
53 60
53 86
53 93
53 82
53 90
54 68
54 57
54 75
54 63
54 79
54 94
54 88
54 92
54 87
54 84
54 91
54 58
54 89
55 70
55 74
55 63
55 94
55 84
55 91
55 58
55 95
56 68
56 73
56 57
56 75
56 74
56 94
56 88
56 92
56 87
56 91
56 58
56 89
56 95
57 83
57 59
57 64
57 85
57 78
57 93
57 71
57 65
57 90
58 67
58 81
58 77
58 72
58 64
58 85
58 60
58 93
58 65
59 68
59 70
59 74
59 79
59 94
59 88
59 92
59 87
59 84
59 61
59 89
60 73
60 70
60 75
60 74
60 94
60 87
60 84
60 95
61 67
61 69
61 76
61 81
61 77
61 72
61 80
61 64
61 85
61 78
61 62
61 93
61 71
61 65
61 82
61 90
62 68
62 75
62 74
62 63
62 79
62 94
62 88
62 92
62 87
62 91
62 89
62 95
63 67
63 69
63 76
63 66
63 72
63 85
63 78
63 86
63 82
63 90
64 70
64 75
64 94
64 88
64 84
64 91
64 95
65 68
65 73
65 75
65 74
65 79
65 88
65 92
65 87
65 84
65 91
65 89
65 95
66 73
66 70
66 74
66 94
66 88
66 92
66 87
66 91
67 68
67 75
67 88
67 84
67 91
67 89
67 95
68 69
68 81
68 77
68 83
68 80
68 85
68 93
68 71
68 82
68 90
69 73
69 70
69 75
69 74
69 94
69 87
69 84
69 91
69 89
69 95
70 76
70 81
70 80
70 78
70 93
70 71
70 90
71 73
71 74
71 79
71 94
71 88
71 92
71 87
71 84
71 91
71 95
72 73
72 75
72 74
72 79
72 94
72 88
72 92
72 87
72 91
73 76
73 77
73 83
73 85
73 78
73 86
73 93
73 90
74 81
74 80
74 85
74 78
74 86
74 93
74 82
74 90
75 76
75 81
75 77
75 83
75 85
75 86
75 82
75 90
76 79
76 88
76 87
76 84
76 89
77 79
77 92
77 84
77 89
77 95
78 79
78 88
78 92
78 87
78 89
78 95
79 81
79 83
79 80
79 85
79 86
79 93
79 82
79 90
80 88
80 92
80 84
80 91
80 89
81 92
81 84
81 91
81 95
82 94
82 88
82 92
82 87
82 84
82 91
82 89
82 95
83 92
83 84
83 89
83 95
84 85
84 86
85 88
85 89
85 95
86 94
86 92
86 87
86 91
86 89
86 95
87 93
87 90
88 93
88 90
89 93
90 94
90 91
90 95
93 94
93 95
