50 300
0 48
0 6
0 43
0 5
0 27
0 13
0 14
0 18
0 29
0 46
0 49
1 29
1 7
1 31
1 27
1 38
1 44
1 9
1 16
2 20
2 43
2 29
2 42
2 48
2 16
2 6
2 15
2 49
3 34
3 25
3 26
3 20
3 11
3 48
3 9
3 13
3 18
3 27
3 40
4 10
4 19
4 21
4 12
4 49
4 26
4 22
4 29
4 47
5 12
5 36
5 16
5 41
5 24
5 29
5 27
5 34
5 35
5 39
5 40
5 45
5 49
6 40
6 46
6 14
6 45
6 30
6 20
6 26
6 41
7 38
7 25
7 33
7 41
7 44
7 8
7 10
7 12
7 23
7 26
7 32
7 34
7 36
7 46
8 30
8 43
8 31
8 42
8 27
8 38
8 13
8 14
8 22
8 24
8 44
8 46
9 28
9 46
9 43
9 19
9 34
9 35
9 39
10 14
10 29
10 44
10 19
10 30
10 12
10 33
10 39
11 37
11 22
11 31
11 34
11 17
11 29
11 13
11 16
11 20
11 24
11 27
11 30
11 42
11 44
12 14
12 30
12 29
12 44
12 37
12 47
13 18
13 17
13 35
13 15
13 21
13 23
13 32
13 36
13 38
14 15
14 36
14 19
14 25
14 23
14 24
14 35
15 30
15 44
15 38
15 18
15 25
15 29
15 34
15 41
15 45
15 48
16 46
16 24
16 22
16 28
16 17
16 18
16 37
16 38
17 26
17 19
17 21
17 49
17 31
17 23
17 29
17 37
18 39
18 22
18 47
18 27
18 28
18 32
18 41
19 31
19 28
19 42
19 25
19 37
19 47
19 43
19 48
20 48
20 46
20 27
20 22
20 28
20 30
21 31
21 37
21 38
21 33
21 48
21 32
21 35
21 44
22 39
22 34
22 29
22 48
22 28
22 33
22 43
22 47
22 49
23 24
23 33
23 35
23 39
23 41
23 47
24 33
24 30
24 34
24 25
24 38
24 40
24 43
24 49
25 30
25 44
25 34
25 48
25 28
25 43
26 35
26 30
26 34
26 33
26 37
26 44
26 48
27 32
27 48
27 37
27 45
27 47
28 45
28 37
28 31
28 34
28 40
28 42
29 47
29 49
29 32
29 39
29 45
30 35
30 38
30 48
30 37
30 31
30 36
31 36
31 32
31 45
31 42
31 34
31 47
32 34
32 35
32 36
32 40
33 46
33 37
33 45
33 47
33 38
34 48
36 42
36 43
36 45
37 43
37 42
38 47
38 43
38 40
38 44
38 46
39 41
39 48
40 46
40 49
41 49
41 48
42 45
42 43
42 46
42 48
43 49
43 48
43 44
44 45
45 46
