72 660
0 8
0 52
0 65
0 7
0 17
0 42
0 28
0 19
0 1
0 71
0 45
0 39
0 12
0 9
0 16
0 56
0 43
0 51
0 62
0 44
1 23
1 53
1 2
1 41
1 24
1 49
1 37
1 68
1 29
1 22
1 6
1 31
1 34
1 60
1 30
1 20
1 14
2 8
2 52
2 46
2 17
2 42
2 28
2 55
2 19
2 40
2 47
2 71
2 45
2 12
2 43
2 4
2 51
2 66
2 44
2 35
2 15
3 46
3 69
3 28
3 55
3 40
3 13
3 12
3 56
3 43
3 51
3 62
3 66
3 44
3 36
3 35
3 15
4 23
4 53
4 41
4 5
4 27
4 49
4 61
4 57
4 67
4 29
4 31
4 64
4 34
4 30
5 52
5 65
5 28
5 19
5 47
5 71
5 11
5 39
5 9
5 51
5 36
5 15
6 52
6 46
6 69
6 17
6 18
6 28
6 19
6 10
6 47
6 45
6 39
6 16
6 54
6 51
6 62
6 35
7 23
7 33
7 53
7 58
7 61
7 37
7 57
7 70
7 31
7 64
7 38
7 30
8 63
8 23
8 26
8 53
8 21
8 41
8 58
8 27
8 57
8 67
8 22
8 70
8 31
8 64
8 48
8 20
8 14
9 23
9 26
9 21
9 24
9 61
9 37
9 57
9 68
9 50
9 59
9 34
9 38
9 48
9 20
9 25
10 63
10 26
10 53
10 41
10 58
10 37
10 70
10 59
10 60
10 48
10 25
11 63
11 23
11 26
11 53
11 41
11 58
11 27
11 24
11 57
11 31
11 64
11 38
11 60
11 48
11 14
12 63
12 23
12 53
12 27
12 49
12 37
12 67
12 22
12 70
12 31
12 59
12 48
12 20
13 26
13 33
13 21
13 58
13 49
13 61
13 37
13 22
13 70
13 31
13 64
13 60
13 30
14 52
14 65
14 69
14 17
14 18
14 55
14 19
14 40
14 71
14 39
14 54
14 56
14 43
14 66
14 44
14 35
14 15
15 23
15 33
15 21
15 58
15 24
15 49
15 57
15 68
15 67
15 22
15 70
15 50
15 59
15 34
15 60
15 30
15 20
16 53
16 41
16 58
16 24
16 61
16 57
16 67
16 22
16 70
16 50
16 59
16 60
16 48
16 20
16 25
17 26
17 33
17 41
17 58
17 61
17 37
17 57
17 68
17 67
17 22
17 59
17 34
17 38
17 60
17 30
18 63
18 23
18 53
18 41
18 27
18 37
18 57
18 67
18 22
18 50
18 64
18 34
18 38
18 48
19 23
19 26
19 53
19 27
19 37
19 68
19 29
19 70
19 59
19 34
19 38
19 48
19 30
19 20
20 46
20 69
20 42
20 40
20 71
20 45
20 54
20 56
20 51
20 66
20 36
21 65
21 46
21 69
21 55
21 39
21 54
21 56
21 43
21 62
21 44
21 36
21 32
22 46
22 28
22 40
22 47
22 45
22 56
22 51
22 44
22 36
23 65
23 69
23 42
23 40
23 71
23 39
23 54
23 51
23 62
23 35
24 52
24 46
24 42
24 55
24 71
24 36
25 65
25 46
25 42
25 55
25 40
25 71
25 39
25 54
25 56
25 43
25 62
25 66
25 36
25 35
25 32
26 65
26 46
26 55
26 71
26 43
27 46
27 69
27 47
27 39
27 54
27 66
27 35
27 32
28 63
28 41
28 58
28 61
28 57
28 67
28 50
28 31
28 34
28 60
28 48
28 30
29 52
29 65
29 69
29 40
29 71
29 45
29 39
29 56
29 51
29 62
29 66
29 35
29 32
30 65
30 40
30 71
30 45
30 56
30 51
30 62
30 44
30 36
30 32
31 46
31 42
31 55
31 40
31 71
31 54
31 43
31 62
31 36
31 35
32 63
32 53
32 58
32 49
32 61
32 57
32 68
32 70
32 50
32 59
32 64
32 38
32 60
33 69
33 42
33 55
33 40
33 47
33 45
33 39
33 54
33 43
33 51
33 66
33 44
33 35
34 65
34 69
34 42
34 40
34 71
34 54
34 56
34 62
34 44
34 36
35 63
35 49
35 57
35 68
35 67
35 70
35 64
35 38
36 63
36 53
36 49
36 61
36 37
36 68
36 67
36 50
36 64
36 38
36 48
37 65
37 69
37 42
37 55
37 47
37 45
37 56
37 43
37 66
37 44
38 65
38 69
38 55
38 40
38 71
38 39
38 56
38 43
38 62
38 44
39 63
39 41
39 68
39 50
39 59
39 64
39 48
40 49
40 67
40 50
40 59
40 60
41 52
41 65
41 46
41 42
41 55
41 47
41 54
41 56
41 51
41 66
41 44
42 58
42 61
42 68
42 67
42 70
42 59
42 64
42 48
43 53
43 58
43 49
43 57
43 68
43 67
43 70
43 50
43 64
43 60
44 63
44 53
44 58
44 49
44 57
44 68
44 50
44 59
45 63
45 58
45 49
45 57
45 68
45 67
45 70
45 50
45 59
45 64
45 60
46 61
46 57
46 67
46 59
46 60
46 48
47 63
47 58
47 49
47 61
47 57
47 68
47 67
47 70
47 50
47 59
47 64
47 48
48 52
48 69
48 55
48 71
48 56
48 66
49 52
49 69
49 71
49 66
50 52
50 65
50 69
50 54
50 51
50 62
50 66
51 63
51 53
51 61
51 68
51 70
51 64
51 60
52 53
52 61
52 68
52 67
52 60
53 71
53 54
53 62
54 63
54 61
54 70
54 59
54 64
54 60
55 63
55 58
55 61
55 68
55 67
55 64
56 63
56 58
56 57
56 67
56 70
56 64
56 60
57 65
57 62
57 66
58 71
58 62
58 66
59 65
59 69
59 71
59 62
59 66
60 69
60 71
60 62
60 66
61 69
61 71
61 62
61 66
62 68
62 70
62 64
63 65
64 65
65 68
65 70
66 68
66 67
66 70
67 69
68 69
69 70
