98 1219
0 44
0 37
0 33
0 97
0 76
0 17
0 66
0 72
0 42
0 54
0 80
0 38
0 36
0 59
0 56
0 85
0 7
0 78
0 62
0 60
0 93
0 71
0 29
0 82
0 16
0 90
0 49
1 31
1 73
1 3
1 23
1 2
1 4
1 35
1 53
1 9
1 26
1 15
1 57
1 24
1 34
1 27
1 48
1 46
1 63
1 51
1 21
1 41
1 88
1 47
1 91
1 96
1 61
1 89
1 12
2 33
2 97
2 69
2 14
2 76
2 39
2 25
2 83
2 30
2 38
2 55
2 10
2 7
2 50
2 60
2 93
2 65
2 16
2 52
3 44
3 33
3 67
3 69
3 20
3 76
3 39
3 17
3 77
3 83
3 5
3 30
3 38
3 36
3 55
3 59
3 56
3 85
3 32
3 7
3 50
3 86
3 93
3 65
3 82
3 90
4 37
4 67
4 69
4 14
4 20
4 77
4 72
4 80
4 38
4 55
4 59
4 56
4 64
4 32
4 7
4 50
4 60
4 29
4 16
4 90
4 49
5 31
5 23
5 22
5 9
5 57
5 24
5 34
5 48
5 28
5 51
5 41
5 94
5 88
5 47
5 96
5 58
5 19
6 37
6 33
6 97
6 14
6 39
6 17
6 66
6 77
6 72
6 83
6 42
6 30
6 38
6 55
6 59
6 10
6 64
6 32
6 78
6 62
6 86
6 71
6 40
7 68
7 73
7 35
7 53
7 70
7 26
7 45
7 57
7 24
7 34
7 75
7 48
7 46
7 74
7 63
7 28
7 21
7 79
7 88
7 87
7 91
7 96
7 58
7 89
8 67
8 97
8 81
8 39
8 72
8 83
8 30
8 38
8 59
8 10
8 85
8 32
8 50
8 62
8 71
8 29
8 40
8 49
9 37
9 97
9 14
9 20
9 76
9 81
9 39
9 17
9 25
9 77
9 72
9 83
9 42
9 30
9 56
9 64
9 32
9 78
9 50
9 60
9 93
9 82
9 90
10 68
10 73
10 13
10 35
10 70
10 15
10 43
10 24
10 48
10 41
10 79
10 88
10 87
10 91
10 96
10 19
10 12
10 95
11 44
11 33
11 97
11 18
11 25
11 66
11 72
11 54
11 30
11 38
11 59
11 56
11 64
11 32
11 78
11 62
11 86
11 71
11 65
11 29
11 82
12 67
12 97
12 14
12 76
12 18
12 17
12 25
12 66
12 83
12 42
12 54
12 80
12 38
12 56
12 85
12 32
12 78
12 62
12 86
12 93
12 65
12 29
12 82
12 40
12 49
13 37
13 67
13 76
13 81
13 39
13 18
13 17
13 25
13 66
13 72
13 83
13 54
13 80
13 36
13 55
13 85
13 78
13 86
13 93
13 90
14 31
14 22
14 45
14 15
14 57
14 24
14 34
14 27
14 75
14 74
14 51
14 88
14 92
14 87
14 96
14 58
14 19
14 95
15 97
15 76
15 39
15 25
15 66
15 38
15 36
15 55
15 59
15 64
15 32
15 78
15 50
15 62
15 93
15 65
15 16
15 49
16 68
16 53
16 70
16 26
16 45
16 43
16 24
16 27
16 75
16 48
16 46
16 74
16 28
16 79
16 94
16 47
16 84
16 96
16 58
16 89
17 31
17 23
17 22
17 53
17 45
17 57
17 34
17 46
17 63
17 51
17 21
17 47
17 58
18 68
18 73
18 23
18 35
18 70
18 26
18 24
18 75
18 21
18 47
18 84
18 96
18 61
18 89
18 19
19 37
19 67
19 97
19 69
19 76
19 81
19 66
19 77
19 72
19 83
19 54
19 80
19 36
19 55
19 64
19 85
19 32
19 50
19 62
19 60
19 93
19 71
19 65
19 29
19 82
19 40
19 49
20 31
20 68
20 73
20 23
20 35
20 70
20 27
20 75
20 63
20 88
20 47
20 84
20 89
20 95
21 44
21 33
21 67
21 76
21 81
21 66
21 77
21 72
21 30
21 38
21 56
21 85
21 78
21 60
21 93
21 71
21 65
21 29
21 82
21 40
21 49
22 33
22 97
22 69
22 81
22 25
22 77
22 83
22 42
22 30
22 80
22 55
22 32
22 78
22 62
22 86
22 93
22 71
22 65
22 82
23 44
23 37
23 69
23 66
23 77
23 72
23 42
23 80
23 55
23 64
23 32
23 60
23 65
23 82
23 40
23 90
23 49
24 37
24 67
24 76
24 39
24 25
24 66
24 83
24 30
24 80
24 55
24 64
24 78
24 62
24 86
24 71
24 65
24 29
24 90
25 73
25 35
25 43
25 27
25 75
25 46
25 63
25 51
25 41
25 94
25 92
25 87
25 91
25 96
25 58
25 89
25 95
26 37
26 67
26 69
26 76
26 72
26 42
26 80
26 36
26 55
26 59
26 85
26 50
26 93
26 65
26 82
26 40
26 52
27 44
27 33
27 97
27 39
27 77
27 42
27 54
27 36
27 64
27 85
27 78
27 62
27 86
27 93
27 71
27 29
27 40
27 90
27 52
28 44
28 33
28 97
28 69
28 66
28 77
28 54
28 30
28 38
28 36
28 55
28 56
28 78
28 62
28 86
28 93
28 29
28 90
29 31
29 73
29 53
29 70
29 48
29 46
29 74
29 79
29 94
29 47
29 87
29 84
29 96
29 58
29 89
29 95
30 68
30 53
30 45
30 75
30 94
30 88
30 92
30 87
30 84
30 91
30 61
30 95
31 44
31 37
31 76
31 39
31 72
31 80
31 36
31 59
31 56
31 85
31 62
31 60
31 86
31 82
32 68
32 73
32 43
32 75
32 48
32 63
32 51
32 79
32 94
32 92
32 87
32 84
32 96
32 95
33 68
33 35
33 70
33 45
33 57
33 75
33 74
33 63
33 51
33 79
33 47
33 87
33 91
33 96
33 58
33 89
34 44
34 37
34 97
34 69
34 76
34 81
34 39
34 66
34 77
34 72
34 83
34 38
34 59
34 56
34 50
34 60
34 82
34 90
35 97
35 81
35 39
35 77
35 42
35 54
35 80
35 36
35 55
35 59
35 64
35 50
35 62
35 86
35 82
35 40
35 49
36 68
36 70
36 43
36 48
36 74
36 94
36 47
36 87
36 91
36 58
36 89
37 53
37 57
37 75
37 48
37 46
37 51
37 47
37 84
37 91
37 61
37 95
38 73
38 70
38 45
38 43
38 75
38 48
38 41
38 94
38 92
38 47
38 84
38 91
38 61
38 95
39 45
39 57
39 48
39 46
39 63
39 51
39 41
39 94
39 88
39 92
39 91
39 61
39 58
39 89
39 95
40 73
40 70
40 57
40 75
40 46
40 63
40 41
40 79
40 94
40 88
40 92
40 84
40 91
40 96
40 61
40 58
40 95
41 44
41 67
41 69
41 76
41 81
41 83
41 80
41 55
41 59
41 50
41 62
41 71
41 65
41 82
41 90
41 52
42 53
42 45
42 57
42 48
42 51
42 79
42 87
42 96
42 58
42 89
43 67
43 69
43 76
43 77
43 83
43 54
43 55
43 56
43 85
43 78
43 50
43 93
43 82
43 90
43 52
44 73
44 79
44 88
44 96
44 58
45 97
45 76
45 81
45 66
45 77
45 72
45 54
45 55
45 56
45 50
45 60
45 86
45 90
45 49
45 52
46 69
46 76
46 83
46 54
46 80
46 55
46 64
46 86
46 90
46 52
47 67
47 69
47 76
47 66
47 77
47 59
47 56
47 64
47 85
47 78
47 50
47 60
47 71
47 90
47 49
47 52
48 67
48 97
48 69
48 76
48 81
48 77
48 83
48 64
48 85
48 60
48 86
48 93
48 49
48 52
49 73
49 53
49 70
49 57
49 74
49 51
49 79
49 88
49 92
49 84
49 91
49 96
49 61
49 58
49 95
50 68
50 70
50 75
50 74
50 51
50 94
50 92
50 87
50 84
50 91
50 96
50 61
50 89
51 97
51 76
51 83
51 54
51 55
51 59
51 64
51 62
51 86
51 71
51 65
51 82
51 90
51 52
52 73
52 53
52 70
52 57
52 75
52 74
52 63
52 79
52 94
52 88
52 92
52 87
52 84
52 91
52 96
52 61
52 89
52 95
53 67
53 97
53 69
53 76
53 66
53 77
53 56
53 78
53 60
53 86
53 71
53 65
53 90
54 68
54 73
54 74
54 63
54 79
54 94
54 92
54 87
54 84
54 58
54 89
54 95
55 73
55 70
55 75
55 74
55 94
55 87
55 96
55 95
56 68
56 75
56 74
56 79
56 94
56 88
56 92
56 87
56 61
56 58
56 89
56 95
57 69
57 81
57 77
57 72
57 80
57 64
57 85
57 60
57 86
57 71
57 65
57 82
57 90
58 67
58 76
58 77
58 83
58 80
58 59
58 85
58 78
58 62
58 60
58 93
58 71
58 82
59 70
59 74
59 63
59 94
59 92
59 87
59 84
59 91
59 61
60 73
60 74
60 63
60 79
60 94
60 88
60 92
60 87
60 84
60 91
60 96
60 61
60 89
61 67
61 69
61 76
61 81
61 77
61 72
61 83
61 85
61 78
61 62
61 86
61 93
61 71
61 65
61 90
62 73
62 79
62 88
62 92
62 84
62 91
62 89
62 95
63 67
63 97
63 76
63 81
63 77
63 83
63 80
63 64
63 85
63 86
63 71
63 82
63 90
64 68
64 73
64 74
64 79
64 88
64 87
64 84
64 91
64 96
64 95
65 68
65 70
65 75
65 74
65 94
65 88
65 92
65 87
65 84
65 91
65 96
65 89
65 95
66 68
66 74
66 79
66 94
66 88
66 92
66 84
66 91
66 89
66 95
67 68
67 70
67 74
67 94
67 92
67 87
67 84
67 91
67 96
67 95
68 97
68 81
68 83
68 80
68 78
68 86
68 93
68 71
68 82
68 90
69 73
69 74
69 79
69 94
69 84
69 96
70 97
70 81
70 83
70 85
70 93
70 82
71 73
71 75
71 79
71 88
71 92
71 84
71 91
71 96
71 89
71 95
72 79
72 94
72 92
72 87
72 84
72 91
72 89
73 81
73 85
73 86
73 90
74 81
74 77
74 83
74 80
74 78
74 93
74 82
74 90
75 97
75 81
75 80
75 85
75 78
75 93
75 82
76 94
76 92
76 87
76 91
76 89
77 79
77 88
77 84
77 96
77 89
77 95
78 94
78 88
78 92
78 84
78 95
79 81
79 83
79 80
79 85
79 86
79 93
79 90
80 88
80 91
80 96
80 89
81 88
81 92
81 87
81 91
81 89
82 94
82 88
82 87
82 96
83 88
83 92
83 87
83 91
83 95
84 85
84 86
84 93
84 90
85 88
85 92
85 87
85 89
86 94
86 92
86 87
86 91
86 89
86 95
87 93
87 90
88 97
88 93
89 97
90 94
90 92
90 96
90 95
91 97
92 97
92 93
93 94
93 95
94 97
95 97
96 97
