71 661
0 48
0 45
0 57
0 43
0 54
0 56
0 47
0 27
0 58
0 42
0 60
0 12
0 19
0 46
0 32
1 29
1 48
1 45
1 30
1 20
1 54
1 34
1 56
1 53
1 40
1 58
1 42
1 49
1 50
1 46
1 32
1 28
1 2
2 8
2 25
2 66
2 10
2 14
2 24
2 55
2 70
2 61
2 52
2 26
2 68
2 23
2 39
2 4
2 11
3 31
3 5
3 43
3 20
3 54
3 27
3 40
3 38
3 42
3 9
3 49
3 36
3 50
3 28
3 6
4 48
4 31
4 5
4 43
4 20
4 54
4 47
4 27
4 53
4 58
4 42
4 41
4 9
4 49
4 12
4 36
4 50
4 46
4 32
4 6
5 8
5 64
5 59
5 66
5 13
5 18
5 16
5 55
5 51
5 70
5 35
5 33
5 7
5 21
5 68
5 63
6 8
6 59
6 66
6 18
6 16
6 65
6 51
6 70
6 61
6 52
6 7
6 69
6 26
6 68
6 63
6 39
7 29
7 31
7 30
7 37
7 34
7 56
7 53
7 40
7 42
7 41
7 9
7 60
7 49
7 36
7 19
7 50
7 28
8 31
8 30
8 37
8 47
8 53
8 42
8 49
8 50
8 28
8 62
9 25
9 64
9 59
9 66
9 13
9 14
9 16
9 65
9 55
9 15
9 35
9 52
9 69
9 21
9 23
9 11
10 29
10 45
10 31
10 57
10 43
10 30
10 34
10 47
10 27
10 40
10 58
10 38
10 41
10 12
10 50
10 28
11 48
11 31
11 57
11 43
11 20
11 54
11 27
11 40
11 38
11 41
11 49
11 12
11 19
11 50
11 46
11 62
12 64
12 66
12 14
12 16
12 24
12 65
12 51
12 33
12 69
12 26
12 68
12 39
13 31
13 57
13 30
13 20
13 37
13 34
13 58
13 42
13 36
13 19
13 22
13 28
14 31
14 57
14 43
14 30
14 20
14 54
14 56
14 47
14 38
14 41
14 60
14 49
14 36
14 19
14 22
14 28
15 48
15 45
15 57
15 43
15 37
15 34
15 56
15 27
15 58
15 41
15 49
15 36
15 19
15 46
16 29
16 45
16 57
16 54
16 34
16 27
16 53
16 40
16 38
16 41
16 19
16 46
16 32
17 29
17 45
17 57
17 43
17 37
17 34
17 56
17 47
17 53
17 40
17 38
17 41
17 49
17 36
17 19
17 46
17 22
17 28
17 62
18 48
18 45
18 31
18 57
18 20
18 37
18 56
18 47
18 53
18 42
18 60
18 49
18 36
18 19
18 46
18 32
19 59
19 66
19 24
19 65
19 51
19 35
19 52
19 68
19 63
19 44
20 64
20 66
20 24
20 65
20 70
20 61
20 52
20 69
20 21
20 23
20 39
21 48
21 31
21 43
21 54
21 56
21 27
21 53
21 40
21 42
21 49
21 36
21 50
21 46
21 22
21 32
21 28
21 62
22 64
22 66
22 24
22 65
22 55
22 51
22 70
22 35
22 61
22 52
22 69
22 68
22 23
22 63
22 44
22 67
23 29
23 45
23 31
23 57
23 43
23 54
23 56
23 53
23 58
23 42
23 49
23 50
23 46
23 28
23 62
24 48
24 30
24 37
24 54
24 56
24 47
24 58
24 60
24 49
24 36
24 46
24 32
25 29
25 48
25 56
25 38
25 41
25 36
25 50
25 46
25 32
25 62
26 48
26 45
26 31
26 57
26 30
26 37
26 34
26 56
26 47
26 27
26 58
26 38
26 42
26 60
26 50
26 32
27 59
27 61
27 52
27 63
27 39
27 44
27 67
28 66
28 65
28 55
28 51
28 70
28 61
28 33
28 69
28 44
28 67
29 70
29 61
29 68
29 63
29 39
29 44
30 59
30 55
30 51
30 70
30 35
30 33
30 69
30 68
30 63
30 67
31 59
31 55
31 70
31 44
31 67
32 66
32 65
32 51
32 70
32 61
32 52
32 69
32 68
32 63
32 39
32 44
32 67
33 54
33 42
33 60
33 49
33 36
33 46
33 62
34 64
34 66
34 55
34 70
34 35
34 61
34 52
34 69
34 39
34 44
34 67
35 48
35 57
35 47
35 53
35 58
35 41
35 60
35 49
35 36
35 46
35 62
36 64
36 59
36 65
36 55
36 51
36 69
36 63
37 64
37 59
37 55
37 51
37 70
37 68
37 63
37 39
37 44
37 67
38 64
38 59
38 65
38 55
38 70
38 52
38 69
38 68
38 63
38 44
39 45
39 57
39 54
39 56
39 40
39 58
39 41
39 60
39 49
39 50
39 46
39 62
40 64
40 59
40 70
40 69
40 68
40 63
40 44
40 67
41 64
41 59
41 66
41 65
41 55
41 51
41 61
41 69
41 68
41 67
42 64
42 66
42 65
42 51
42 61
42 68
42 63
42 44
42 67
43 64
43 59
43 66
43 65
43 55
43 61
43 63
43 44
43 67
44 45
44 56
44 58
44 60
44 49
44 46
44 62
45 64
45 59
45 65
45 51
45 61
45 63
45 67
46 66
46 55
46 52
46 63
46 67
47 64
47 59
47 65
47 55
47 51
47 61
47 52
47 69
47 68
48 66
48 51
48 70
48 61
48 52
48 69
48 68
48 67
49 64
49 59
49 66
49 55
49 70
49 69
50 65
50 55
50 51
50 70
50 61
50 52
50 69
50 67
51 54
51 53
51 62
52 57
52 56
52 53
52 58
52 60
52 62
53 64
53 59
53 66
53 65
53 61
53 68
53 63
53 67
54 64
54 59
54 65
54 70
54 69
54 68
54 67
55 58
55 60
55 62
56 64
56 66
56 65
56 63
57 59
57 65
57 61
57 69
58 64
58 66
58 61
58 68
58 63
58 67
59 62
60 64
60 65
60 70
60 61
60 69
60 68
60 63
60 67
61 62
62 66
62 70
62 69
62 68
62 63
62 67
