86 928
0 27
0 62
0 20
0 65
0 73
0 19
0 31
0 61
0 59
0 17
0 22
0 43
0 68
0 26
0 38
0 11
0 79
0 85
0 69
0 74
0 60
0 6
0 10
1 56
1 62
1 20
1 73
1 19
1 61
1 45
1 82
1 22
1 43
1 80
1 26
1 38
1 11
1 85
1 24
1 74
1 60
1 6
1 10
1 54
1 44
1 78
2 58
2 32
2 64
2 41
2 81
2 75
2 28
2 30
2 29
2 55
2 35
2 12
2 52
2 53
2 71
2 42
2 16
2 83
2 49
2 63
2 25
2 50
2 48
2 40
3 8
3 5
3 65
3 76
3 73
3 36
3 45
3 82
3 22
3 26
3 11
3 85
3 9
3 6
3 10
3 78
4 56
4 8
4 18
4 5
4 65
4 76
4 31
4 82
4 17
4 13
4 80
4 11
4 85
4 69
4 74
4 6
4 46
4 54
4 44
5 72
5 32
5 77
5 81
5 75
5 28
5 30
5 29
5 33
5 52
5 71
5 16
5 49
5 25
5 14
5 47
6 72
6 58
6 32
6 77
6 81
6 67
6 55
6 52
6 39
6 42
6 63
6 14
6 48
6 40
6 47
6 84
7 72
7 58
7 77
7 41
7 75
7 33
7 21
7 52
7 53
7 39
7 70
7 83
7 63
7 25
7 50
7 84
7 51
8 58
8 32
8 64
8 81
8 67
8 28
8 30
8 29
8 35
8 57
8 52
8 53
8 39
8 42
8 70
8 83
8 63
8 14
8 47
8 84
9 58
9 32
9 64
9 81
9 75
9 67
9 35
9 21
9 52
9 39
9 42
9 70
9 83
9 63
9 14
9 48
9 40
9 37
9 47
9 84
10 58
10 77
10 64
10 41
10 81
10 67
10 33
10 55
10 35
10 57
10 12
10 52
10 71
10 15
10 70
10 50
10 48
10 40
10 47
10 84
11 72
11 32
11 77
11 81
11 75
11 29
11 57
11 21
11 52
11 71
11 39
11 42
11 70
11 63
11 25
11 14
11 48
11 37
11 47
12 34
12 20
12 65
12 36
12 19
12 66
12 31
12 82
12 17
12 22
12 43
12 38
12 85
12 46
12 44
12 78
13 32
13 64
13 41
13 75
13 55
13 57
13 52
13 42
13 70
13 83
13 63
13 14
13 40
13 37
13 84
14 56
14 34
14 18
14 65
14 73
14 19
14 66
14 61
14 59
14 17
14 80
14 26
14 38
14 79
14 69
14 74
14 54
14 44
14 78
15 62
15 20
15 76
15 66
15 31
15 45
15 82
15 22
15 43
15 80
15 79
15 69
15 74
15 60
15 46
15 54
15 44
16 27
16 56
16 34
16 20
16 76
16 73
16 66
16 61
16 17
16 22
16 80
16 68
16 79
16 69
16 60
16 46
16 44
16 78
17 58
17 77
17 64
17 81
17 67
17 28
17 30
17 33
17 35
17 57
17 53
17 39
17 70
17 50
17 48
17 47
17 84
18 58
18 32
18 64
18 81
18 75
18 67
18 30
18 29
18 57
18 53
18 71
18 39
18 49
18 37
19 58
19 77
19 81
19 75
19 29
19 55
19 57
19 53
19 71
19 39
19 49
19 63
19 50
19 37
19 47
19 51
20 72
20 58
20 81
20 33
20 55
20 35
20 57
20 21
20 53
20 42
20 49
20 25
20 48
20 23
20 84
21 27
21 56
21 62
21 34
21 76
21 31
21 61
21 59
21 68
21 69
21 74
21 60
21 46
21 54
21 44
22 72
22 32
22 81
22 28
22 29
22 53
22 39
22 42
22 70
22 49
22 50
22 47
23 34
23 76
23 73
23 66
23 61
23 82
23 43
23 68
23 26
23 79
23 85
23 69
23 24
23 74
23 60
23 54
23 44
24 58
24 77
24 81
24 75
24 67
24 29
24 55
24 57
24 53
24 71
24 70
24 83
24 49
24 63
24 50
24 48
24 37
24 47
24 51
25 56
25 62
25 34
25 65
25 73
25 66
25 45
25 82
25 43
25 68
25 85
25 69
25 74
25 60
25 46
25 54
25 44
25 78
26 72
26 58
26 81
26 67
26 30
26 33
26 35
26 52
26 39
26 42
26 70
26 49
26 50
26 48
26 37
26 51
27 58
27 77
27 64
27 81
27 75
27 67
27 30
27 35
27 57
27 40
27 47
28 56
28 34
28 76
28 66
28 31
28 61
28 82
28 43
28 80
28 38
28 79
28 85
28 74
28 60
28 54
28 78
29 56
29 65
29 66
29 61
29 82
29 43
29 80
29 68
29 38
29 79
29 54
30 73
30 36
30 66
30 59
30 82
30 79
30 85
30 69
30 74
30 46
30 54
30 78
31 72
31 32
31 77
31 35
31 57
31 53
31 71
31 70
31 83
31 63
31 40
31 47
31 51
32 56
32 76
32 61
32 45
32 59
32 80
32 68
32 85
32 46
32 54
32 44
33 65
33 73
33 36
33 45
33 68
33 38
33 69
33 74
33 60
33 54
33 44
34 77
34 41
34 55
34 35
34 57
34 53
34 42
34 40
34 47
34 84
34 51
35 62
35 76
35 36
35 66
35 45
35 59
35 68
35 79
35 69
35 74
35 60
35 54
35 78
36 72
36 41
36 81
36 75
36 67
36 55
36 52
36 42
36 70
36 49
36 50
36 48
36 40
36 37
36 84
37 56
37 62
37 65
37 76
37 66
37 82
37 43
37 68
37 79
37 74
37 46
37 54
37 44
38 72
38 77
38 64
38 55
38 71
38 83
38 63
38 50
38 84
39 62
39 65
39 73
39 61
39 45
39 85
39 44
39 78
40 62
40 65
40 73
40 66
40 61
40 45
40 59
40 43
40 80
40 79
40 74
40 60
40 54
40 44
40 78
41 62
41 76
41 66
41 61
41 59
41 79
41 85
41 69
41 74
41 46
41 54
41 78
42 56
42 65
42 76
42 66
42 82
42 80
42 68
42 85
42 69
42 74
42 44
43 72
43 77
43 64
43 67
43 55
43 53
43 71
43 70
43 83
43 48
43 47
43 51
44 58
44 77
44 64
44 81
44 75
44 67
44 57
44 52
44 71
44 83
44 63
44 84
45 64
45 75
45 57
45 52
45 70
45 83
45 63
45 50
45 47
45 84
45 51
46 72
46 64
46 81
46 67
46 55
46 57
46 53
46 71
46 70
46 83
46 49
46 48
46 51
47 56
47 62
47 65
47 73
47 59
47 80
47 68
47 85
47 78
48 56
48 62
48 76
48 66
48 61
48 59
48 68
48 85
48 74
48 60
48 54
49 56
49 62
49 76
49 73
49 61
49 59
49 82
49 80
49 68
49 79
49 69
49 60
49 54
49 78
50 56
50 62
50 65
50 73
50 66
50 61
50 59
50 82
50 80
50 79
50 60
51 65
51 73
51 66
51 61
51 59
51 82
51 80
51 68
51 79
51 85
51 69
51 74
51 60
52 62
52 76
52 66
52 59
52 68
52 79
52 85
52 69
52 60
52 54
53 56
53 76
53 61
53 82
53 68
53 79
53 69
53 74
53 60
53 54
53 78
54 72
54 64
54 67
54 57
54 71
54 70
55 56
55 76
55 61
55 59
55 82
55 68
55 85
55 78
56 58
56 81
56 75
56 67
56 57
56 84
57 65
57 76
57 73
57 82
57 80
57 68
57 85
57 60
58 65
58 73
58 80
58 69
58 78
59 72
59 81
59 75
59 67
59 71
59 83
60 72
60 77
60 81
60 75
60 83
60 63
61 72
61 75
61 71
61 83
61 84
62 72
62 77
62 71
62 83
62 63
62 84
63 76
63 73
63 82
63 80
63 68
63 74
63 78
64 65
64 66
64 82
64 80
64 68
64 79
64 85
65 77
65 81
65 67
65 71
65 83
65 84
66 75
66 70
66 83
66 84
67 73
67 80
67 68
67 85
67 69
68 75
68 84
69 77
69 75
69 71
69 70
69 83
70 76
70 82
70 80
70 79
70 85
70 78
71 73
71 82
71 80
71 79
71 78
72 76
72 73
72 79
72 74
72 78
73 77
73 81
73 83
74 77
74 83
74 84
75 76
75 82
75 80
75 78
76 77
76 84
77 79
77 85
77 78
78 83
78 84
79 83
79 84
80 81
80 83
81 85
82 84
83 85
