66 462
0 12
0 19
0 7
0 5
0 45
0 27
0 6
0 1
0 13
0 32
0 38
0 43
0 61
1 11
1 52
1 24
1 58
1 37
1 5
1 6
1 16
1 20
1 27
1 42
1 45
2 7
2 40
2 21
2 62
2 53
2 26
2 42
2 9
2 11
2 36
2 61
3 56
3 38
3 54
3 35
3 31
3 36
3 30
3 10
3 18
3 23
3 32
3 37
3 48
3 52
3 62
4 64
4 61
4 30
4 43
4 29
4 21
4 34
4 5
4 8
4 10
4 11
4 12
4 14
4 18
4 22
4 23
4 26
4 38
4 40
4 57
4 62
4 65
5 51
5 41
5 65
5 23
5 60
5 63
5 24
5 34
5 46
5 54
5 55
5 59
6 41
6 33
6 24
6 45
6 65
6 32
6 10
6 21
6 28
6 35
6 47
6 57
6 63
7 31
7 8
7 34
7 21
7 13
7 42
7 27
7 19
7 22
8 55
8 17
8 53
8 50
8 28
8 19
8 14
8 29
8 38
8 61
9 42
9 64
9 61
9 31
9 43
9 62
9 19
9 40
10 15
10 56
10 55
10 17
10 27
10 37
10 40
10 48
10 51
11 25
11 28
11 55
11 62
11 31
11 13
11 26
11 60
11 63
11 64
12 40
12 58
12 24
12 19
12 49
12 29
12 16
12 21
12 26
12 28
12 41
13 42
13 43
13 29
13 17
13 18
13 24
13 25
13 47
14 46
14 55
14 38
14 48
14 17
14 15
14 18
14 25
14 28
14 33
14 44
14 56
15 30
15 22
15 33
15 20
15 38
15 18
15 17
15 31
15 45
15 47
15 52
15 54
16 17
16 30
16 48
16 49
16 54
16 33
16 41
16 43
16 44
16 45
16 52
16 56
17 20
17 39
17 29
17 38
17 43
17 27
17 18
17 25
17 34
17 35
17 36
17 54
17 56
17 59
17 65
18 63
18 38
18 53
18 20
18 21
18 37
18 39
18 46
18 47
18 57
18 58
18 59
19 41
19 43
19 59
19 24
19 32
19 27
19 42
19 51
19 52
19 58
20 55
20 27
20 49
20 45
20 37
20 30
20 35
20 57
21 46
21 61
21 65
21 40
21 22
21 47
21 49
21 54
22 63
22 26
22 57
22 33
22 34
22 36
22 42
22 49
22 55
22 59
22 60
22 61
23 38
23 47
23 60
23 63
23 53
23 36
23 59
24 35
24 42
24 63
24 34
24 57
24 32
24 60
25 50
25 61
25 45
25 29
25 47
25 52
25 63
26 31
26 49
26 59
26 44
26 27
26 43
26 50
26 56
26 61
27 51
27 41
27 40
27 30
27 49
27 50
27 64
28 52
28 51
28 48
28 32
28 31
28 39
28 42
28 44
28 45
28 55
28 57
28 60
29 35
29 45
29 59
29 40
29 38
29 43
29 34
29 39
29 55
30 60
30 59
30 47
30 34
30 36
30 32
30 41
30 51
30 53
30 55
30 61
31 38
31 61
31 62
31 54
31 45
31 39
31 53
31 64
32 53
32 36
32 56
32 43
32 44
32 58
33 65
33 61
33 37
33 54
33 63
33 42
33 48
33 51
33 60
33 64
34 56
34 42
34 44
34 37
34 38
34 54
34 65
35 52
35 56
35 61
35 60
36 49
36 62
36 60
37 49
37 48
37 52
37 40
38 60
38 61
38 65
38 57
39 49
39 64
39 43
39 53
39 55
39 58
39 62
40 49
40 46
40 53
40 59
40 60
40 62
41 42
41 58
41 56
41 60
41 46
41 48
41 49
41 53
42 54
42 57
42 44
42 50
42 56
42 62
42 64
43 57
43 56
43 64
43 44
43 58
44 59
44 54
45 59
45 55
45 65
45 47
45 48
45 63
46 48
46 55
46 60
46 51
46 50
46 53
47 56
48 53
48 57
48 62
48 65
49 55
49 50
49 51
49 57
49 61
49 63
49 65
50 53
50 61
50 63
50 51
50 58
51 57
51 60
51 52
52 62
52 60
52 64
52 65
53 62
53 65
54 64
54 55
55 62
55 64
56 64
57 65
58 63
59 63
60 63
62 63
