48 240
0 17
0 10
0 30
0 37
0 12
0 9
0 40
0 46
0 47
1 2
1 29
1 9
1 27
1 36
1 28
1 34
2 45
2 7
2 21
2 42
2 17
2 10
2 12
2 13
2 15
2 16
2 19
2 23
2 26
2 43
3 40
3 16
3 17
3 20
3 24
3 6
3 11
3 13
3 18
4 38
4 27
4 15
4 44
4 9
4 5
4 22
4 33
4 35
5 45
5 38
5 40
5 12
5 36
6 38
6 37
6 19
6 39
6 9
6 20
6 25
6 32
6 35
6 46
7 9
7 41
7 10
7 38
7 46
7 12
7 39
7 42
8 41
8 14
8 33
8 34
8 46
8 10
8 15
8 19
8 22
9 26
9 41
9 32
9 12
9 14
9 25
9 27
9 45
10 36
10 25
10 14
10 20
10 26
10 29
10 30
10 34
10 39
10 40
10 45
11 15
11 47
11 40
11 30
11 24
11 28
11 43
12 19
12 14
12 38
12 44
12 46
12 47
13 27
13 22
13 26
13 23
13 32
13 34
14 35
14 20
14 16
14 27
14 17
14 23
14 25
14 29
14 32
14 43
14 45
15 35
15 17
15 33
15 16
15 38
15 39
15 41
16 36
16 45
16 23
16 42
17 18
17 38
17 19
17 34
17 36
17 47
18 31
18 20
18 37
18 35
18 19
18 24
18 28
18 36
18 40
18 41
18 47
19 26
19 25
19 21
19 30
19 44
20 41
20 33
20 43
20 27
20 46
21 27
21 34
21 45
21 24
21 32
21 46
22 33
22 42
22 34
22 27
22 38
23 39
23 25
23 45
24 44
24 32
24 41
25 31
25 42
25 38
26 39
26 30
26 40
26 36
26 42
27 33
27 36
27 44
28 33
28 42
28 29
28 30
28 41
29 46
29 36
29 30
29 31
29 44
30 32
30 31
30 33
30 47
31 47
31 32
31 34
31 33
31 37
32 46
32 41
32 42
33 43
33 36
33 37
33 42
34 43
34 47
35 38
35 47
35 41
36 44
36 39
37 47
37 39
37 40
38 41
39 47
39 40
39 44
40 44
41 42
41 43
41 45
43 44
