68 476
0 11
0 50
0 28
0 58
0 5
0 21
0 4
0 27
0 34
0 37
0 42
0 43
0 46
0 53
1 29
1 51
1 64
1 48
1 30
1 5
1 26
1 10
1 12
1 21
1 34
1 37
1 45
1 47
1 49
1 52
1 60
2 16
2 52
2 11
2 62
2 6
2 3
2 8
2 12
2 48
2 66
2 67
3 44
3 10
3 15
3 59
3 18
3 56
3 51
3 8
3 13
3 23
3 27
3 33
3 54
4 23
4 37
4 67
4 49
4 54
4 64
4 47
4 10
4 39
4 55
4 58
4 59
5 31
5 26
5 24
5 52
5 47
5 35
5 53
5 9
5 20
5 28
5 51
5 56
5 58
5 65
6 18
6 42
6 37
6 7
6 35
6 39
6 13
6 12
6 24
6 29
6 31
6 48
7 11
7 12
7 37
7 67
7 22
7 14
7 32
7 26
7 40
7 45
7 62
8 50
8 33
8 46
8 18
8 49
8 13
8 25
8 38
8 42
8 57
8 65
8 67
9 11
9 25
9 38
9 12
9 23
9 57
9 19
9 35
9 55
10 63
10 17
10 37
10 41
10 21
10 11
10 12
10 13
10 28
10 33
10 35
10 44
10 45
10 55
10 66
11 35
11 17
11 52
11 60
11 56
11 66
11 21
11 36
11 37
11 63
12 67
12 31
12 64
12 22
12 32
12 43
12 59
13 62
13 19
13 23
13 31
13 41
13 17
13 26
13 33
13 44
13 50
13 53
14 42
14 24
14 18
14 38
14 44
14 40
14 67
14 16
14 21
14 23
14 46
14 47
14 63
15 67
15 52
15 47
15 64
15 41
15 45
15 38
15 24
15 32
15 35
15 53
16 27
16 22
16 20
16 47
16 43
16 18
16 31
16 41
16 44
16 45
16 49
16 55
16 65
17 58
17 63
17 28
17 30
17 45
17 21
17 31
17 42
17 56
17 59
18 38
18 61
18 65
18 28
18 37
18 24
18 66
18 25
18 33
18 39
18 43
18 62
19 43
19 46
19 64
19 21
19 59
19 51
19 33
19 48
19 56
20 28
20 22
20 23
20 62
20 29
20 39
20 30
20 41
20 54
20 64
21 29
21 34
21 39
21 53
21 28
21 37
21 38
21 41
21 48
21 64
21 65
21 67
22 53
22 54
22 59
22 26
22 38
22 48
22 25
22 39
22 49
23 55
23 39
23 45
23 52
23 25
23 34
23 36
24 37
24 56
24 46
24 59
24 66
24 31
24 38
24 40
24 45
24 51
25 46
25 38
25 56
25 61
25 26
25 36
25 50
25 55
26 39
26 44
26 51
26 65
26 36
26 37
26 40
26 58
26 61
26 66
27 32
27 55
27 29
27 62
27 39
27 41
27 60
28 35
28 51
28 38
28 64
29 31
29 50
29 37
29 55
29 47
29 39
29 44
29 53
29 58
30 35
30 40
30 62
30 66
30 60
30 47
30 61
31 56
31 46
31 53
31 41
31 50
31 52
31 57
31 58
31 60
31 63
31 65
31 67
32 62
32 38
32 44
32 61
32 65
32 39
32 42
32 64
33 59
33 58
33 35
33 36
33 55
34 60
34 41
34 36
34 38
34 39
34 43
34 65
35 54
35 57
35 61
35 37
35 44
36 52
36 55
36 38
36 40
36 47
36 54
36 57
36 58
36 59
36 60
37 47
37 42
37 49
37 57
37 61
38 56
38 43
38 44
38 52
38 53
38 63
38 64
39 59
39 46
39 43
39 47
39 62
40 52
40 43
40 59
40 54
40 58
41 57
41 66
41 61
42 63
42 49
42 43
42 54
42 59
42 66
43 67
43 46
43 50
43 60
43 66
44 57
44 55
44 47
44 56
44 64
45 49
45 58
45 46
45 47
45 56
45 62
45 63
46 67
46 52
46 53
46 54
46 64
47 50
47 51
47 57
47 65
48 49
48 61
48 58
48 50
49 53
49 59
49 61
49 52
50 51
50 57
50 56
50 64
51 63
51 58
51 59
51 57
51 54
52 56
52 64
52 53
53 63
53 64
53 57
53 66
54 60
55 62
56 64
57 66
58 63
58 67
59 66
59 67
59 61
60 67
61 66
61 63
62 63
62 67
62 64
63 67
64 66
64 67
65 67
