44 220
0 36
0 2
0 37
0 3
0 39
0 23
0 24
1 39
1 13
1 34
1 26
1 14
1 12
1 30
1 31
2 39
2 26
2 10
2 21
2 6
2 20
2 27
2 28
2 36
2 42
3 41
3 14
3 18
3 28
3 26
3 30
3 38
3 42
3 43
4 18
4 33
4 20
4 24
4 36
4 8
4 16
5 18
5 15
5 43
5 40
5 42
5 9
5 17
5 22
5 29
5 37
6 29
6 23
6 38
6 39
6 34
6 7
6 9
6 11
6 14
6 19
7 31
7 26
7 14
7 43
7 10
8 37
8 20
8 28
8 16
8 23
8 27
8 36
8 41
8 42
9 39
9 35
9 36
9 15
9 40
10 36
10 33
10 31
10 19
10 26
10 35
10 37
11 38
11 34
11 26
11 15
11 12
11 17
11 28
11 39
12 14
12 19
12 20
12 13
12 18
12 38
12 41
13 39
13 38
13 26
13 18
13 20
13 28
13 30
14 17
14 31
14 25
14 18
14 21
14 22
14 24
14 30
15 29
15 43
15 26
15 16
15 18
15 28
15 38
15 39
16 27
16 37
16 22
16 34
16 18
16 21
16 23
16 32
17 22
17 41
17 32
17 21
17 25
17 26
17 29
17 40
18 33
18 23
18 19
18 21
18 22
18 36
19 25
19 42
19 37
19 26
19 32
20 26
20 43
20 22
20 24
20 25
20 38
20 41
21 40
21 22
21 25
21 41
22 26
22 29
22 31
22 34
22 39
23 31
23 38
23 24
23 26
23 32
24 26
24 29
24 31
24 34
25 38
25 27
26 38
26 37
26 43
27 31
27 30
27 28
28 31
28 34
28 35
28 42
29 36
29 39
30 39
30 33
30 43
31 32
31 41
31 33
31 35
32 38
32 43
32 34
32 40
33 39
33 40
33 34
33 35
34 41
34 42
35 40
35 37
35 43
36 41
36 40
37 43
37 40
38 42
38 40
38 43
39 43
41 42
