97 970
0 25
0 78
0 67
0 32
0 9
0 47
0 84
0 87
0 22
0 38
0 23
0 54
0 57
0 64
0 69
0 75
0 77
0 79
0 92
1 53
1 93
1 91
1 82
1 62
1 57
1 67
1 58
1 87
1 80
1 8
1 14
1 24
1 31
1 39
1 52
1 76
1 77
1 89
2 7
2 30
2 58
2 16
2 72
2 3
2 90
2 9
2 64
2 18
2 4
2 14
2 20
2 27
2 34
2 41
2 47
2 50
2 52
2 59
2 61
2 66
2 84
2 88
2 93
2 95
3 76
3 9
3 19
3 16
3 58
3 49
3 39
3 37
3 75
3 82
3 28
3 35
3 63
3 67
3 92
4 27
4 81
4 85
4 26
4 61
4 67
4 92
4 53
4 42
4 7
4 22
4 38
4 43
4 45
4 57
4 58
4 60
4 66
4 87
4 89
4 93
5 49
5 64
5 18
5 43
5 29
5 82
5 14
5 21
5 90
5 74
5 12
5 20
5 23
5 31
5 34
5 38
5 41
5 71
5 83
5 96
6 12
6 30
6 60
6 16
6 56
6 27
6 50
6 9
6 18
6 25
6 17
6 21
6 46
6 66
6 68
6 72
6 82
7 94
7 30
7 49
7 61
7 95
7 73
7 41
7 32
7 46
7 52
7 75
7 79
7 80
7 82
7 91
7 92
8 13
8 39
8 74
8 70
8 52
8 58
8 84
8 28
8 18
8 25
8 30
8 35
8 53
8 78
8 83
8 90
8 96
9 54
9 17
9 40
9 21
9 67
9 69
9 56
9 76
9 46
9 70
9 18
9 38
9 45
9 55
9 79
9 80
9 88
10 89
10 11
10 20
10 63
10 18
10 24
10 44
10 31
10 79
10 81
10 13
10 14
10 25
10 29
10 34
10 46
10 47
10 48
10 50
10 52
10 62
10 64
10 66
10 80
10 92
11 26
11 69
11 82
11 14
11 49
11 54
11 91
11 84
11 32
11 17
11 22
11 30
11 43
11 71
11 83
11 96
12 80
12 75
12 63
12 84
12 21
12 43
12 27
12 37
12 22
12 74
13 58
13 48
13 62
13 41
13 80
13 81
13 21
13 40
13 23
13 36
13 42
13 45
13 59
13 83
13 90
13 94
14 95
14 78
14 34
14 75
14 64
14 27
14 84
14 22
14 23
14 26
14 43
14 45
14 48
14 51
14 55
14 59
14 61
14 67
14 91
14 94
15 47
15 59
15 31
15 45
15 75
15 96
15 93
15 65
15 87
15 64
15 20
15 28
15 29
15 30
15 46
15 55
15 63
15 66
15 67
15 71
15 73
15 74
15 90
15 91
15 95
16 27
16 55
16 59
16 23
16 87
16 20
16 82
16 94
16 56
16 51
16 24
16 28
16 31
16 58
16 60
16 62
16 70
16 76
16 86
17 30
17 19
17 50
17 32
17 42
17 83
17 71
17 92
17 46
17 21
17 61
17 65
17 66
17 84
17 87
17 95
18 94
18 67
18 85
18 43
18 74
18 40
18 39
18 92
18 32
18 31
18 45
18 48
18 49
18 65
18 93
19 83
19 23
19 37
19 28
19 46
19 68
19 47
19 26
19 63
19 90
19 30
19 33
19 53
19 56
19 60
19 62
19 64
19 72
19 79
19 87
19 89
20 42
20 83
20 63
20 69
20 31
20 45
20 76
20 25
20 27
20 37
20 38
20 47
20 51
20 54
20 56
20 70
20 73
20 85
21 38
21 71
21 64
21 41
21 73
21 43
21 88
21 46
21 24
21 30
21 75
21 89
22 24
22 47
22 41
22 39
22 44
22 64
22 53
22 26
22 46
22 60
22 68
22 69
22 78
22 84
22 93
23 39
23 74
23 65
23 62
23 75
23 64
23 50
23 29
23 34
23 48
23 51
23 54
23 60
23 66
23 72
24 46
24 57
24 88
24 80
24 86
24 36
24 87
24 39
24 42
24 43
24 44
24 50
24 55
24 73
24 85
24 96
25 92
25 77
25 30
25 68
25 51
25 46
25 82
25 32
25 44
25 54
25 63
25 81
25 90
26 53
26 61
26 94
26 72
26 54
26 44
26 41
26 87
26 31
26 34
26 37
26 56
26 57
26 69
26 81
26 92
27 50
27 45
27 87
27 48
27 86
27 91
27 70
27 80
27 40
27 64
27 66
27 79
28 30
28 95
28 51
28 44
28 49
28 37
28 93
28 35
28 38
28 42
28 53
28 55
28 62
28 69
28 84
28 85
28 87
28 92
29 66
29 53
29 40
29 72
29 73
29 52
29 75
29 31
29 45
29 56
29 59
29 63
30 78
30 62
30 58
30 73
30 93
30 63
30 72
30 74
30 81
31 57
31 75
31 61
31 45
31 40
31 44
31 48
31 58
31 66
31 67
31 68
31 71
31 87
32 83
32 43
32 82
32 55
32 77
32 54
32 74
32 41
32 67
32 51
32 52
32 60
32 61
32 66
32 72
32 75
33 64
33 65
33 45
33 70
33 39
33 93
33 95
33 55
33 80
33 47
33 50
33 51
33 57
33 78
33 81
33 84
33 87
33 96
34 46
34 70
34 45
34 83
34 92
34 41
34 49
34 74
35 57
35 50
35 41
35 44
35 91
35 76
35 65
35 53
35 59
35 62
35 67
35 73
35 79
35 88
35 90
36 69
36 94
36 80
36 38
36 93
36 82
36 73
36 42
36 51
36 47
36 67
36 87
37 85
37 52
37 86
37 88
37 64
37 60
37 95
37 78
37 76
38 91
38 40
38 61
38 68
38 51
38 71
38 83
39 84
39 69
39 61
39 78
39 57
39 71
39 44
39 90
39 41
39 50
39 59
39 74
39 77
39 88
39 91
39 92
39 94
40 70
40 75
40 84
40 60
40 50
40 82
40 61
40 51
40 65
40 69
40 72
40 87
41 64
41 67
41 80
41 53
41 57
41 94
41 42
41 58
41 61
41 82
41 84
41 86
41 89
41 92
42 65
42 57
42 47
42 90
42 73
42 50
42 43
42 54
42 56
42 59
42 63
42 76
42 83
42 96
43 69
43 47
43 54
43 80
43 89
43 44
43 60
43 67
43 82
43 95
43 96
44 77
44 82
44 94
44 66
44 50
44 54
44 51
44 53
44 68
44 73
45 80
45 78
45 58
45 59
45 57
45 60
45 61
45 85
45 91
46 95
46 69
46 68
46 59
46 78
46 84
46 53
46 54
46 65
46 70
46 93
47 86
47 70
47 80
47 87
47 96
47 75
47 76
47 81
47 90
47 94
48 91
48 55
48 96
48 72
48 94
48 64
48 75
48 80
48 81
49 96
49 89
49 83
49 81
49 63
49 71
49 85
49 72
49 54
49 88
49 94
49 95
50 69
50 60
50 75
50 91
50 59
50 52
50 54
50 64
50 72
50 76
50 77
50 89
50 90
51 61
51 66
51 87
51 60
51 62
51 70
51 73
51 80
51 88
51 90
51 95
52 86
52 72
52 88
52 76
52 56
52 62
52 64
52 70
52 85
52 96
53 87
53 90
53 95
53 73
53 58
53 68
53 94
54 73
54 91
54 56
54 76
54 94
55 79
55 86
55 65
55 58
55 63
55 64
55 73
55 74
55 85
56 78
56 86
56 64
56 63
56 65
56 68
56 77
57 79
57 62
57 71
57 64
57 81
57 59
57 70
57 74
57 78
57 93
58 92
58 76
58 64
58 93
58 79
58 84
59 72
59 75
59 64
59 86
59 94
60 89
60 61
60 77
60 80
61 88
61 81
61 92
61 62
61 65
61 77
61 91
62 70
62 82
62 76
62 69
62 71
62 83
62 91
62 92
63 72
63 74
63 83
63 68
63 70
63 80
63 89
64 95
64 70
64 78
64 83
65 71
65 74
65 84
65 90
65 75
65 79
65 89
65 93
66 67
66 78
66 79
66 94
67 94
67 68
67 69
67 71
68 71
68 80
68 73
68 75
68 81
68 91
69 87
69 75
69 84
69 74
69 86
69 93
70 79
70 78
70 72
70 73
70 88
70 95
71 72
71 87
71 94
71 73
71 77
71 78
71 81
71 82
71 85
71 95
72 85
72 91
73 88
73 76
73 82
73 85
73 86
73 96
74 93
74 80
74 79
74 86
75 79
75 77
75 80
75 86
75 88
75 89
75 96
76 79
76 96
76 84
76 85
76 88
76 91
77 80
77 91
77 82
78 80
78 92
78 84
78 86
78 90
79 91
79 80
79 89
80 89
80 90
80 93
81 89
81 83
81 84
82 87
82 94
82 84
82 92
83 95
83 94
84 88
85 95
85 91
85 94
86 87
86 92
86 88
87 95
87 92
90 95
92 93
94 95
