64 540
0 48
0 45
0 57
0 5
0 37
0 54
0 56
0 47
0 53
0 40
0 58
0 42
0 41
0 9
0 49
0 36
0 19
0 46
0 22
0 32
1 29
1 45
1 31
1 43
1 30
1 20
1 37
1 56
1 47
1 27
1 53
1 58
1 41
1 36
1 22
1 32
2 45
2 31
2 30
2 27
2 40
2 58
2 9
2 60
2 49
2 36
2 50
2 32
3 29
3 45
3 57
3 30
3 37
3 47
3 53
3 58
3 36
3 50
3 32
4 48
4 31
4 30
4 20
4 54
4 47
4 40
4 58
4 38
4 60
4 49
4 36
4 50
4 28
5 62
5 8
5 63
5 59
5 18
5 14
5 39
5 55
5 44
5 61
5 7
5 17
5 21
6 29
6 57
6 43
6 54
6 47
6 58
6 42
6 49
6 12
6 46
7 31
7 30
7 37
7 34
7 56
7 27
7 53
7 42
7 9
7 49
7 12
7 19
7 46
7 22
7 32
8 29
8 48
8 31
8 37
8 54
8 34
8 56
8 40
8 58
8 38
8 42
8 9
8 60
8 12
8 19
8 50
9 63
9 59
9 14
9 16
9 24
9 55
9 35
9 17
9 26
9 21
9 11
10 29
10 45
10 31
10 43
10 54
10 56
10 27
10 40
10 58
10 42
10 41
10 60
10 36
10 50
10 32
11 48
11 31
11 57
11 43
11 37
11 54
11 56
11 53
11 40
11 38
11 42
11 41
11 60
11 12
11 19
11 46
11 22
12 25
12 63
12 59
12 13
12 14
12 16
12 55
12 51
12 44
12 61
12 33
12 17
12 23
13 48
13 57
13 30
13 37
13 34
13 47
13 53
13 42
13 60
13 36
13 19
13 50
13 22
13 28
14 29
14 45
14 57
14 20
14 56
14 47
14 40
14 58
14 38
14 60
14 49
14 19
14 50
14 46
15 29
15 48
15 31
15 57
15 43
15 30
15 37
15 47
15 53
15 58
15 42
15 41
15 60
15 49
15 36
15 50
15 32
16 31
16 43
16 20
16 37
16 54
16 34
16 56
16 27
16 53
16 58
16 38
16 41
16 60
16 49
16 32
17 48
17 31
17 57
17 30
17 20
17 54
17 56
17 53
17 40
17 38
17 41
17 36
17 50
18 29
18 45
18 57
18 30
18 37
18 54
18 34
18 56
18 47
18 53
18 40
18 38
18 42
18 60
18 36
18 50
18 22
18 32
19 62
19 25
19 63
19 59
19 24
19 39
19 35
19 33
19 52
19 26
19 23
20 62
20 25
20 24
20 55
20 44
20 35
20 61
20 23
21 48
21 45
21 31
21 30
21 37
21 34
21 47
21 27
21 40
21 38
21 41
21 49
21 36
21 50
21 46
21 22
21 28
22 62
22 63
22 59
22 39
22 55
22 51
22 44
22 61
22 33
22 26
22 23
23 48
23 31
23 43
23 54
23 34
23 56
23 47
23 53
23 58
23 42
23 41
23 60
23 49
23 46
23 32
24 48
24 45
24 57
24 43
24 54
24 34
24 47
24 27
24 38
24 42
24 60
24 49
24 46
25 45
25 30
25 37
25 34
25 47
25 53
25 38
25 42
25 60
25 46
26 48
26 45
26 57
26 37
26 34
26 47
26 27
26 53
26 58
26 38
26 41
26 49
26 46
26 32
26 28
27 62
27 63
27 51
27 44
27 61
27 33
27 52
28 62
28 63
28 59
28 55
28 44
28 61
28 52
29 62
29 51
29 61
29 52
30 59
30 39
30 55
30 51
30 33
31 39
31 55
31 44
31 35
31 61
31 33
32 62
32 59
32 51
32 35
32 52
33 48
33 57
33 43
33 37
33 54
33 56
33 53
33 40
33 58
33 42
33 41
33 60
33 50
34 62
34 63
34 59
34 39
34 55
34 51
34 35
34 52
35 48
35 57
35 43
35 37
35 47
35 53
35 40
35 58
35 42
35 49
35 36
35 50
35 46
36 62
36 55
36 51
36 44
36 61
36 52
37 55
37 52
38 62
38 59
38 39
38 55
38 51
38 61
38 52
39 48
39 45
39 43
39 54
39 56
39 47
39 53
39 40
39 42
39 60
39 49
39 50
40 63
40 51
40 44
40 61
40 52
41 62
41 63
41 59
41 51
41 44
41 61
41 52
42 63
42 51
42 52
43 62
43 63
43 51
43 44
43 61
43 52
44 54
44 56
44 58
44 60
44 46
45 62
45 63
45 59
45 61
45 52
46 62
46 63
46 59
46 55
46 61
46 52
47 62
47 51
47 61
48 63
48 59
48 55
49 62
49 63
49 59
49 51
49 52
50 59
50 55
50 51
50 61
50 52
51 57
51 54
52 57
52 54
53 62
53 59
53 55
54 63
54 55
55 56
55 58
56 62
56 59
56 61
58 63
59 60
60 63
60 61
