54213680 2191
338 461
4304 36099
1466 65470
33665 69673
56344 74338
80765 174062
123748 192281
74733 201398
108048 203661
159860 221667
11671 277818
25157 290409
337029 372765
239515 425595
120183 443639
331811 501548
96267 542507
362567 552573
5274 614952
358671 633987
191078 714219
257613 718921
299677 753708
486012 755976
513638 757623
112692 805818
77683 922826
373287 926913
67108 980439
170138 981706
165999 998913
500672 999747
597975 1000226
895307 1000806
389845 1010019
680915 1039057
655820 1072156
231984 1116147
356680 1144963
486193 1157206
868977 1158468
1052410 1187423
582629 1201049
527236 1234277
638561 1245818
1204990 1248049
1010254 1260099
139489 1372757
645075 1388286
786522 1392868
1270409 1443844
1387946 1455473
1133149 1473772
474537 1503132
891211 1510711
255452 1561230
531198 1569160
48413 1633279
384147 1640702
859655 1646406
73514 1652304
1538441 1699533
779981 1703090
1281087 1719150
1376346 1725052
849519 1728191
49577 1747316
812739 1778723
664834 1802669
1482535 1890161
310827 1897275
913440 1928722
442470 1939502
518892 1946893
1829056 1951255
309113 1961104
59046 1982398
991637 1997828
1370493 2010549
165219 2035155
1245357 2039701
557712 2045015
1860213 2068386
201895 2072776
1319770 2132423
382826 2155788
1570802 2191252
912286 2239550
986436 2282963
1172727 2288122
1899156 2348119
205652 2351500
1043714 2362372
567005 2395202
1449369 2404952
1541370 2521631
1704987 2525922
1313924 2550183
88298 2556914
2135828 2585841
147308 2587179
842663 2650803
760434 2671459
76497 2677373
2457744 2681305
1385626 2699013
393987 2702232
388441 2728396
135001 2792741
83753 2812688
803466 2820805
118686 2903803
2439502 2927838
2281796 2961965
1308326 2984507
756870 2994105
1264995 2999329
167700 3096326
2194588 3131870
2323667 3167843
2676743 3179888
1606158 3188610
3146533 3202721
97205 3208529
3097467 3211962
971760 3215225
92237 3331305
1408641 3412715
1034276 3424465
2748734 3429255
1813786 3441771
2835988 3453648
985217 3453749
2032023 3459617
138950 3475464
2632149 3483399
1282386 3501573
2555329 3503869
2228998 3554485
2107243 3557209
3588393 3602298
353572 3641164
2399386 3641558
708298 3682666
915201 3719549
3106136 3795644
485744 3815709
2582366 3848591
2645176 3850075
2210306 3870583
441676 3886261
519692 3920436
1813080 3928456
395071 3943533
3596011 3956461
3952693 3980199
2015900 3983135
3475510 3988265
2596813 3990411
1542289 3991920
2337988 3996404
1526798 4017837
1547891 4039607
794857 4048263
1590634 4059542
3734532 4066241
53438 4099124
3766720 4112640
3045415 4120738
675352 4122920
3192191 4148738
268056 4250261
3955107 4360166
1044195 4372720
3102002 4410183
3072099 4453867
835629 4460200
1744027 4487878
2779529 4517143
4485734 4536728
3091228 4583822
4486800 4585704
2650875 4612989
1369974 4613688
2062463 4681702
294357 4693341
547723 4723117
2626230 4750126
2853154 4758175
1711111 4779352
216966 4782476
2700805 4796193
3391040 4813106
4527646 4833131
4286963 4906886
775789 4925396
3270237 4987229
3704750 5061059
4002463 5062216
3430474 5065941
4500547 5088915
2747936 5116773
4596562 5123174
1108911 5127446
2674225 5127768
2336844 5269216
1131678 5301681
2101583 5329951
2815607 5383258
1470293 5397889
5304309 5420933
5070714 5441074
2698559 5451621
2532496 5455360
403299 5524758
327005 5533604
4880398 5552977
350769 5561580
4995687 5563136
4776068 5585052
2826865 5609307
3776893 5641813
1395782 5656694
514345 5702712
4856586 5717914
3332481 5740983
2198247 5789474
2187448 5789941
2164587 5801598
5346656 5828694
156984 5832959
4390275 5869501
4467892 5910483
2624376 5922569
2538950 5927560
5777813 6009615
2348031 6065239
2809768 6065415
990207 6070782
3932132 6092977
4254479 6116877
449879 6124835
5013240 6142006
5985050 6174193
4282623 6190990
3693420 6205385
4455956 6222897
1423217 6229378
2948908 6234078
3984093 6236796
356787 6257430
31857 6261332
2977886 6357014
3198642 6364754
1440487 6367214
6366622 6410424
5539845 6423485
4281796 6458668
3804491 6496789
6055267 6504549
5406273 6526803
383653 6564111
3197777 6599145
6425260 6652245
2629853 6659606
5652457 6676578
3004905 6734124
1826184 6740187
2257779 6753439
748319 6762438
1174335 6773576
5382502 6807180
1762743 6823244
3380847 6857364
3603148 6905896
899402 6961416
4876247 6991762
4392696 7045706
3423685 7059303
3983987 7118184
3525602 7147166
2292517 7169696
2312375 7181991
3746254 7235756
6173789 7244673
1783587 7245496
6600080 7249875
5861487 7351295
3270756 7358523
1793690 7374182
2582901 7382776
63433 7383821
6886586 7387075
2911920 7437357
6437745 7467684
2858213 7483667
2498695 7536031
3170487 7573703
5208503 7586092
2651151 7601715
6058842 7609642
3087709 7623682
5501190 7632649
7509148 7680191
125540 7720808
2418254 7743422
5746672 7745744
3075682 7752905
5655973 7758954
1187678 7781845
3191258 7900807
5114292 7966643
2747222 7968301
676477 8047670
5267261 8103934
542517 8158297
6756471 8159656
997719 8186510
8210316 8220351
3983726 8280925
3039463 8383759
1718154 8384696
2756723 8420113
5527827 8420535
3103339 8460350
4945328 8470610
5810766 8475406
4259959 8479295
7433767 8518008
4367812 8525061
4507466 8540824
8465757 8588053
4684850 8599059
7202004 8603762
7690135 8617973
5108720 8638267
6545466 8660615
1699479 8720049
6809516 8731025
6522653 8737156
804677 8769179
7368765 8812735
1897622 8838059
5648187 8846805
1598282 8851989
4295735 8860638
5207347 8893509
4186785 8960157
4725567 8960750
7358112 8965636
971541 8970404
1431618 9013080
4004903 9041314
1884034 9054986
1803049 9059681
7390534 9090710
2078468 9094719
994873 9108643
1232589 9133837
1811663 9166162
6633195 9177051
8414553 9179125
556173 9187834
4214461 9198662
619459 9203944
6831607 9214746
2698275 9222948
2223146 9226233
8803494 9226963
6990784 9236485
803831 9321718
8272468 9327485
7344268 9345279
5956263 9381934
3329381 9386692
9248694 9389793
655928 9437969
4178545 9458694
1635789 9489118
6088528 9500781
1920953 9531615
2572864 9554795
5690047 9565069
7793001 9591834
2116762 9597553
7562117 9630350
6200091 9670731
8869985 9693654
9033144 9770727
865254 9777882
5310143 9787132
9316229 9828405
8422363 9839667
3423062 9861404
4151276 9948308
7714743 9961482
6144641 9977319
8846627 9997566
6313697 10004047
9920714 10037595
5995894 10067342
8696744 10069398
612117 10132324
5810687 10154397
8738954 10214728
1659647 10271697
5085347 10323469
9127420 10439871
3444429 10517248
1257198 10519560
9047995 10538500
7756111 10571245
1364265 10581621
6733128 10581855
3231836 10583707
10103788 10598993
3858930 10605443
8033370 10608795
7751965 10626954
1293428 10643385
7986419 10690220
2073299 10732873
521614 10757665
7353013 10764483
2236772 10768114
653118 10778617
1126890 10825890
637091 10828395
7233803 10831640
8339557 10841065
7237670 10855047
759829 10942034
1077273 10976867
7673388 11006133
1539184 11014229
9270397 11054397
7926475 11062980
1555727 11072267
2587846 11093165
4239949 11114785
10616738 11126849
7112889 11160617
6081865 11187721
8284009 11189574
2705563 11211894
2943934 11227651
7754086 11284824
3916159 11311928
1347527 11311939
8441113 11327328
5898096 11374945
10625013 11376382
8420767 11379788
6479929 11381052
11146958 11390964
3950118 11400116
6134426 11459430
9064615 11531555
8656411 11546159
5120208 11548903
6247581 11552832
7489742 11581041
4537712 11587775
8240610 11614043
989856 11619985
4195308 11641679
120547 11642494
6447550 11684410
11642276 11692081
11104110 11767251
5131666 11768138
3466506 11770431
3095140 11841291
3154655 11853513
1682189 11877693
11039085 11908170
4543150 11959547
5899673 11976075
6358290 11978606
3348457 11979111
10265497 12041081
7526614 12044426
8080252 12048403
11326323 12055648
10087120 12071071
11555872 12090576
5471939 12130847
7283142 12205098
3171566 12215389
264998 12229358
652265 12247709
10177751 12255033
51474 12276023
12083330 12369623
1919507 12414202
519517 12442834
2830261 12456997
6358494 12460662
559779 12483715
9941901 12485249
567927 12499129
357642 12513064
7276773 12526467
7643276 12529351
6071358 12537697
2735343 12571692
6414706 12610504
1356649 12663253
7871656 12698358
4710852 12751618
11118438 12757114
3698411 12761100
9924204 12783373
4817431 12789644
12472964 12833328
7951134 12915457
8483140 12924619
6735141 12943837
4051474 12961875
4468677 12969266
12671710 12973031
2384559 12981906
1077335 12995788
4809406 13035263
4087963 13138412
10286542 13185028
1084119 13186393
1493048 13241945
9928398 13252276
1550140 13291331
8314176 13325220
9932851 13399909
1732333 13443071
9220733 13462697
11098878 13486508
2244291 13494665
2192091 13504433
5927213 13505628
4655287 13544245
12419324 13575044
9547316 13580825
7781221 13592885
8606278 13630079
1091337 13637586
11364923 13654820
11950680 13713252
12471045 13713346
11009620 13716489
2899101 13740984
12401601 13765212
3830198 13765992
5097780 13777185
10190256 13809020
2595093 13842310
1067895 13843776
6733389 13866285
8901155 13879843
4757114 13929654
13020044 13934175
2940668 13934304
247234 13938714
3967444 13996282
13919312 14008613
225878 14026422
3422917 14060391
8563755 14069637
1072535 14170826
3903171 14171927
211799 14180001
7430802 14188357
5017523 14190117
651787 14207999
5191161 14214287
13839861 14222821
923428 14268333
2960511 14273166
1315064 14285930
4598624 14295443
2877759 14302160
2324126 14306820
5204551 14329410
954028 14348969
6252284 14391658
5016506 14398735
14261223 14401984
3954744 14434642
9857310 14453849
6909000 14506418
14299850 14562605
6572269 14575764
12132150 14599380
13673493 14665018
8500916 14730626
3464038 14762289
5606036 14800181
6067846 14819879
4006783 14832353
14395668 14880844
12799022 14888148
2937299 14891715
5188838 14902696
14298128 15011306
13748165 15036358
8805173 15041529
6599098 15062311
4586255 15086605
261386 15093927
13650229 15095566
6275374 15096181
4014642 15123650
6153255 15151981
5008665 15158136
4043283 15159079
10716976 15173700
3221173 15200427
11717776 15213968
692173 15222426
10971283 15263740
12688445 15272002
1498337 15272048
8243571 15286749
7428014 15292874
8337648 15297128
8042678 15353576
14004961 15405273
11166874 15405350
1692860 15405395
10898368 15422493
9315444 15432619
11027465 15470964
2315095 15474475
14490587 15509752
7938055 15527246
1856304 15535797
14586142 15587975
6845535 15614764
3016988 15617070
2544274 15626337
11522235 15642473
6382622 15657700
14464023 15686075
7168088 15689903
7372708 15732342
12135760 15733764
10099607 15776468
2245665 15781653
12796221 15784134
2896879 15791922
6703387 15799941
13054983 15800896
2595403 15846699
3512378 15863341
11602474 15866088
14515701 15936081
15419496 15956940
3500112 15968658
5743047 15990481
12952577 16021322
4713479 16022382
12735704 16092446
8768228 16125847
15536017 16166219
9806651 16173018
14004892 16203528
6369793 16302825
7592594 16313351
15357577 16358697
10640202 16368718
6766386 16369248
3418140 16377489
16170470 16394626
14806894 16426054
10531066 16469037
13964785 16488686
15706490 16509493
9763666 16520183
6833473 16535014
6782021 16568534
4195877 16569735
5650900 16657925
15698141 16702223
16557052 16721110
507874 16745904
6407751 16759110
2129733 16788226
6613481 16817047
11133562 16829403
8818986 16842567
7979709 16843615
9999152 16870169
13866928 16922313
1133983 16926831
10437201 16929369
11185726 16931214
14229277 16939295
10434980 16990424
2206347 17019045
3312174 17024779
14167388 17045216
6383926 17089359
8660656 17091706
13237990 17118329
7661328 17149457
5210355 17156617
3705623 17164315
10058554 17187126
10800398 17237645
11517326 17250028
6804143 17256927
2407891 17259795
13001766 17274377
6015667 17328343
9227592 17373605
15646228 17404496
4014202 17522443
5848717 17523065
7602042 17530901
11634751 17539584
6230043 17573436
5168937 17618476
17651955 17652410
15939763 17711013
15932396 17714680
4208625 17715665
10745166 17733986
11659937 17758047
1887595 17769621
9096810 17783787
1204941 17792613
10245215 17803060
4079096 17817274
17338334 17822229
175842 17836311
12824175 17846640
2385108 17889945
10449890 17986209
150465 17989063
13349030 18017901
2995149 18018396
569141 18019209
7884991 18032598
7316358 18033868
3667552 18081641
6205482 18115142
2630710 18122892
9816412 18148965
13503815 18155177
10618096 18157493
16092869 18174343
14760078 18243922
4621955 18249958
12433370 18251989
14800684 18299765
9494749 18300917
11634433 18302498
6438359 18315537
10588484 18383221
8944411 18413208
8896396 18429735
4083884 18430647
2293649 18431866
10440697 18463205
17861051 18473812
7786515 18476548
15011904 18494381
3038746 18502391
2485387 18503739
15820748 18512864
11271240 18514928
15231836 18521324
10824461 18523926
364486 18526317
17985553 18573555
4292032 18595629
9188824 18700429
5001372 18738329
7204681 18763940
7799714 18771617
11030877 18801935
17946802 18846322
3409147 18849167
13536467 18858519
15749193 18869668
8054591 18878829
5831823 18879837
14808890 18898313
10273513 18932704
7203075 18940101
9253669 18943091
17533152 18949565
18750148 18979635
17498237 19018993
6319779 19019334
81239 19026277
16754037 19029656
15204200 19043735
1710803 19049436
14123973 19059107
9878856 19107895
15991811 19118411
16270776 19229753
1704303 19250721
13838160 19266719
10802918 19298724
11251024 19313061
10959456 19389901
13817762 19440358
6014512 19446618
4521118 19511821
18100126 19526670
18993355 19561457
12214809 19575907
5487388 19584771
13219927 19615728
6701226 19639956
1902030 19663427
14220668 19677978
7292006 19682812
3350116 19724920
3818730 19725702
17220109 19734353
16213226 19744954
3884300 19756889
1198893 19779947
12118427 19797395
18225099 19801289
18500092 19803227
8341710 19892725
3713883 19897917
16004762 19900214
2578843 19917730
3171564 19978427
11073357 19980386
6655654 19995408
17561054 20011911
15983999 20084119
2522254 20099063
7381876 20126017
14133249 20149302
2535357 20154475
16683315 20176013
12558111 20202484
19956108 20216855
6647215 20232361
12454032 20263721
18839054 20328444
19279475 20333116
1146446 20359504
9013971 20362738
4307086 20375501
2162956 20460778
10035863 20515951
6871852 20532995
4713908 20570919
16981715 20585227
19415857 20591792
1535440 20610053
4126174 20625493
15869027 20644025
14047208 20687543
6737009 20732038
8594482 20746663
7011052 20763459
17712842 20775104
4813357 20823343
8023856 20837960
12800439 20856937
12983429 20862544
9245358 20886525
6495375 20891945
18598222 20892181
19944946 20905675
5353328 20910189
10101051 20929808
2470521 20963970
17032697 20966762
13127725 20992763
12768225 20995170
12650753 20995839
4488583 21006405
13884518 21020215
10284427 21033691
15323253 21046907
6148842 21051437
15320195 21065677
6169499 21083541
11450456 21083740
19966533 21135400
268058 21152487
11958961 21179498
17394998 21190378
10256288 21191071
18904498 21248882
13274175 21290538
15240683 21368493
14828122 21377392
19873114 21426950
10135945 21430408
2194048 21430786
17246589 21446628
6928752 21474499
13172528 21500310
1957711 21512882
17009784 21520562
16476598 21582321
20722884 21615530
5706593 21656869
12061751 21667443
1618178 21687720
5608765 21690623
11594888 21715838
17253961 21761924
2759802 21769288
8350147 21790060
13000659 21805656
1180772 21846292
14620242 21900415
17326897 21903740
5949300 21908417
15634782 22040492
272897 22051762
12980169 22052892
16456998 22109765
11387175 22118519
10320002 22138802
2044515 22154966
20802420 22173271
17094664 22208331
12819596 22308978
1651318 22351999
16815427 22378897
20707677 22380582
10477215 22398270
3214451 22406282
14274608 22443199
19147160 22462012
20229698 22485975
11015630 22551673
19757311 22559748
7137050 22582127
4505532 22624620
1292197 22668480
2705510 22727539
15071877 22737674
9677208 22853518
4766919 22879718
3182223 22887593
16154130 22918174
10526678 22922753
17134885 22957646
15278981 23029877
20917521 23040171
8216491 23059568
5885543 23059803
19699196 23080172
9574003 23095925
17517162 23127895
6508527 23133493
22086678 23147065
22848423 23183675
4408929 23220751
796310 23235896
7559634 23261848
7136927 23271250
1500556 23276252
1504616 23409855
1916713 23410029
6477797 23454255
9597256 23464115
9272425 23467413
8536384 23515060
4461847 23520227
14561636 23543756
22857982 23564351
15333708 23578127
15190799 23589419
5961304 23608965
5713281 23622187
19442173 23649422
9713603 23655977
2870790 23685807
4722429 23704068
1889106 23726520
12959106 23728730
15979505 23781059
21271279 23794621
9594561 23822601
10603717 23885670
22122551 23889205
1219564 23891880
3842493 23894200
6715798 23911672
2148200 23935192
4799072 23966031
19722293 23968725
6679520 23989734
21163488 24116031
10828698 24117139
10174059 24156582
20859037 24178670
16675369 24219383
163595 24225712
4771543 24237334
15996229 24240294
15843188 24240434
14665340 24249323
4768161 24299462
13935534 24312897
8522237 24319921
6480732 24345911
23777527 24395721
548901 24401429
2851048 24405966
17766863 24411903
4412403 24416632
11174354 24440075
11171665 24443398
5023162 24502517
23254297 24512100
1905992 24535576
8185467 24543055
5416393 24559772
1767667 24589958
15219204 24590555
17687803 24601739
18907216 24658631
15788830 24744841
2860341 24748940
22774943 24759176
1862689 24763305
10495924 24767276
447227 24769309
17526723 24798203
5330463 24812315
13777070 24839752
14507231 24895524
19529518 24896139
6736700 24923382
21401437 24974245
49470 24992665
2153857 25002351
3484904 25068308
5391662 25107757
7437865 25144570
13309231 25158095
21496407 25182564
2800848 25189987
10846450 25286323
321803 25287392
16689871 25290391
17782122 25306216
576437 25325355
9640306 25348331
20012519 25379822
5849310 25384636
16855780 25417068
8676138 25427627
13565415 25553131
16891755 25561836
4062375 25584341
6448809 25622657
10086283 25640429
5374154 25675238
19829760 25707598
4770593 25743340
20161180 25751384
15384474 25803025
506649 25805370
6059913 25824093
7923863 25833431
18045686 25842889
24047635 25847750
25768493 25880201
4597703 25945391
15211542 25962005
17111292 26003767
3831851 26004296
18862035 26011845
2493190 26023385
19324962 26028534
5981281 26070143
14916446 26080632
12550963 26098726
2518626 26209020
22259977 26209290
7986560 26217001
4689292 26315993
21363781 26344764
6522541 26348586
24981570 26354608
9572652 26373677
21605495 26410152
10595578 26433287
16052535 26459718
25553349 26477043
19426546 26502485
25196268 26531981
1415871 26538302
3440013 26572398
13930308 26606392
8349750 26617986
24741609 26647553
2702879 26676714
3837087 26702523
21473998 26729676
195828 26742776
7456204 26796589
26485718 26893560
22983779 26893746
4290852 26941120
8479937 26947493
596463 26953475
17333253 27038925
1280583 27049858
6051378 27056027
5055826 27083865
10989278 27096129
18623754 27102267
11378421 27111862
11999451 27191708
3373052 27206195
25069596 27210713
6163631 27334878
10302887 27350445
1339956 27407332
14187235 27414741
21466364 27421136
23090921 27427990
4852741 27501539
22505223 27574342
13397552 27619085
14455850 27635097
19047803 27636815
18581696 27639372
1408042 27645434
6552209 27691263
9766248 27691471
8982266 27694886
18069986 27699769
15537655 27727183
11005579 27729240
1874347 27789566
10866139 27814461
3551615 27827459
10030868 27843118
24023331 27936643
24710205 27950498
6381858 27977883
2988707 28005213
24041265 28061631
13922463 28080040
4389415 28082708
8856678 28094705
24488877 28097392
4186865 28109698
5425275 28144361
11090511 28225905
6820083 28261980
14479529 28262316
18788461 28280458
19901681 28281060
8422140 28288716
15502354 28318270
21454316 28326871
8768239 28404215
9884694 28417705
14823246 28460213
16418916 28487978
4081098 28502641
13155463 28507319
14938029 28510577
27171228 28538094
5159074 28539166
6236244 28562217
12573433 28586234
4060688 28635391
22146274 28666923
16532564 28737749
5987337 28811951
7768645 28875210
26989677 28905808
13653326 28942427
11656952 28946324
13146198 28951029
12045729 28975303
11453859 29013285
22188839 29124192
26046033 29126818
15609381 29134106
25110524 29143824
21109113 29181563
18870002 29182426
8682983 29195284
22115571 29264990
7690922 29279920
13218990 29284370
26288488 29354708
17494526 29393643
9597595 29417136
2851223 29464967
25441840 29474965
11286758 29518805
2825337 29541186
13394540 29607358
8541220 29612977
3450151 29635766
28919394 29696370
23781626 29729374
13445026 29730017
24380814 29815300
5703722 29818370
11617091 29847071
4562534 29852001
14474515 29853367
11254536 29877394
19206390 29881661
3086411 29906812
14340119 29940629
20386069 29990771
4312872 29996750
11815546 30059700
22737207 30069306
23618142 30088358
9306551 30092550
28770850 30202504
18349948 30205821
22973052 30248057
6749106 30303171
14590854 30342089
22755556 30345534
30162327 30362384
19115537 30368562
6466751 30373500
20948162 30417530
7332790 30451688
10829468 30581497
6307139 30594055
5119515 30599932
24680851 30615475
28186466 30627093
4607434 30629261
21023491 30675925
15333652 30683909
10130868 30721923
2480562 30796092
29610737 30796927
20221289 30890274
757471 30898902
5645241 30948056
13335611 30981183
26733698 31002011
29223676 31010918
1548573 31054017
19807972 31177749
27010365 31180987
7636863 31206496
22726111 31236049
12579618 31264456
14673458 31266369
30807336 31268750
7112762 31269602
19864812 31273281
9066363 31328347
7077450 31333363
31040367 31370986
23862205 31371194
12017938 31385520
22653029 31395272
16072501 31408645
12023529 31427633
15246483 31465665
1821011 31485808
4587276 31503184
29682375 31528414
3353310 31569559
7443379 31583216
14952752 31661098
20350556 31665822
932642 31669580
1113319 31680385
7237139 31738355
11177045 31739643
26481410 31786080
722161 31790746
7764474 31894158
1552727 31929266
26489440 31970978
7833610 31993972
14319963 32018307
15476730 32105369
21503231 32121843
28510063 32135246
27850235 32183302
29519950 32209756
8814574 32213377
7974231 32265225
11804658 32284255
21260460 32297559
25657160 32302657
20677214 32376675
1712981 32407278
23507721 32438950
31594524 32487248
13273967 32529553
14048646 32584117
12922452 32642119
12070669 32644698
6104 32692130
28770824 32724338
18885774 32736717
19004944 32757862
24619950 32780342
7040963 32786395
24154673 32840004
10694950 32865395
13260005 32874857
14052426 32956363
9145874 32965662
5805059 32967035
29718305 32985292
7960457 32990944
25181606 32995847
249551 33041946
15042135 33067175
2570932 33085398
12807700 33128815
18903646 33136423
11514173 33144489
6594438 33153797
208633 33170111
19952057 33191588
5155226 33200009
32738093 33208413
24963585 33219485
8693732 33228969
24864954 33245990
15634715 33256376
3944544 33270294
17633057 33301917
19469559 33373331
7195219 33418677
19883752 33437416
14543182 33480799
19300068 33493941
17593353 33500700
27394348 33504618
10192274 33523525
13512434 33524466
2214629 33562517
12345310 33620015
13540072 33678582
9262198 33678718
31450044 33690003
32731378 33690633
17595632 33746488
9877804 33850195
27152556 33863337
1779836 33921078
1417909 33993424
9792178 34021504
19899510 34049762
1834216 34054589
32227015 34063641
7550826 34090965
29231576 34130800
15981919 34219895
31545445 34261299
22596274 34275902
2456540 34379528
9460243 34388259
2915799 34413854
1900881 34422841
13275475 34426180
18232199 34459952
4068130 34472148
9390462 34498283
26647637 34500293
5185795 34509184
6777328 34511925
8559642 34534374
23060552 34546915
6216821 34572305
24911436 34577555
28073085 34585498
32769482 34653169
12038338 34725161
2061554 34774092
7995070 34816090
2741334 34826709
21608387 34852733
8317637 34919651
26194661 34937789
7669281 34944429
14408840 34961273
29987520 34974339
4819660 34984047
10192323 34996235
9159848 35001384
27286302 35002612
21941596 35016116
15313517 35066428
195923 35072953
3812662 35077708
33910598 35096846
2900281 35144799
12172730 35175699
34955168 35201215
10436189 35216256
13699332 35285617
35201410 35305968
13701242 35328003
27572546 35477378
28303471 35509889
28025467 35510574
18326528 35511290
17774066 35554900
5667847 35566789
23048122 35567119
16189854 35629544
6753596 35640372
26950525 35660722
14168214 35680614
15255842 35684419
8019353 35722767
8225865 35774424
2752073 35794396
23046706 35816691
11110000 35847594
941922 35869912
20802282 35875226
33260108 35913044
20140919 35921475
12622771 35929196
34192887 35930526
30875349 36053399
6336141 36067459
29526723 36115197
11138324 36149177
23483455 36155295
16030803 36188009
29180549 36206355
29218374 36227381
19856362 36256710
17562581 36275493
18563360 36282809
15081323 36315789
3912143 36324690
16827731 36336211
3388549 36477777
11662308 36480090
34620126 36484352
33631665 36541383
24932411 36571601
15710265 36586322
8131349 36620407
6322051 36631638
11002356 36631885
15403601 36657335
26859620 36664926
25115886 36666208
6806776 36693146
30953066 36706334
33487363 36709257
19959380 36747565
13130412 36821105
30514862 36838562
3093799 36840156
6785131 36887116
14007267 36896120
11361805 36917329
31295381 36952289
26436971 36978550
565756 36984120
27069300 36992260
27283245 37006284
10245441 37015234
12052172 37045238
25107693 37054137
25331869 37109390
35797052 37129806
19197788 37240413
10577294 37272329
31962362 37289189
36084947 37323683
29129862 37414793
16282558 37427830
23371151 37433444
29415848 37456795
29666798 37457090
18950907 37511006
23783929 37580294
35131215 37621950
11818421 37638613
22013764 37660865
89207 37662753
31345480 37677845
35304255 37705497
1803904 37710966
28661271 37748131
13299433 37826101
5499275 37844429
758617 37846909
25128414 37854649
26448763 37856604
3401668 37912389
24106021 37930340
1166001 37948186
22159854 37954603
35816931 38034854
9778805 38060904
10055980 38096203
24765305 38104957
9960738 38146428
14519368 38146687
37405310 38157506
21002434 38158405
8544152 38166257
29617141 38204089
29466583 38218658
16664076 38270241
24445971 38286576
11483349 38294893
1940063 38305531
34520761 38324298
15096968 38368521
32000968 38369706
10432558 38380100
18183780 38391441
12004800 38395892
5259443 38422202
13382020 38452011
618457 38475386
11852275 38496375
9108765 38500098
5529432 38502116
19103763 38542922
1289262 38585553
3438004 38591244
13695310 38596182
9055965 38604208
10060782 38613363
28130576 38642058
24572903 38644881
2636340 38657082
16502807 38661379
27454900 38708182
24987817 38732352
3033972 38736665
2105882 38740075
38493055 38748133
29841706 38764617
690575 38790904
22032736 38804352
38729176 38815511
23672655 38817469
5871259 38845228
32058513 38848957
11858608 38864859
13572713 38947087
9252053 38974818
34338127 39002924
19867667 39043390
6420184 39069134
37657036 39102490
38389501 39114266
27343545 39116638
1957084 39132431
37622288 39136494
16845990 39140114
3223699 39144252
17898477 39169679
17077679 39211154
8614668 39215200
13475354 39216040
8029353 39236956
18223201 39290169
9798451 39364492
27988544 39373598
24690046 39407147
1866299 39426818
22173418 39444051
35751748 39458421
462525 39466921
25791778 39468525
39349522 39526097
3378129 39539127
2774178 39539881
37642578 39565129
21053964 39573523
21859617 39584226
30789894 39593820
20973895 39599901
13953468 39622265
33783090 39626510
11448420 39675307
38613071 39696421
34147885 39698516
3014187 39699474
20171243 39725089
18354729 39727778
21407182 39730189
26339782 39741772
9639080 39771013
100125 39792732
20456861 39814136
12584269 39828557
33618061 39852215
2282122 39852803
12920161 39865964
37835885 39879475
25350411 39882258
7663328 39923458
17904104 39940327
11790663 39954472
37404935 40048257
8221790 40062179
18435551 40086520
27885830 40118745
27438599 40159028
21683837 40180158
9138786 40199173
18006352 40233796
12117859 40236468
38484750 40295985
39542852 40356838
22700172 40399071
29566226 40410798
19409207 40449844
17777983 40469202
37696488 40498184
36591235 40532193
4710098 40581620
24982780 40843936
28350530 40844359
4420648 40847123
16082295 40850691
34478413 40874227
27358967 40910330
38273610 40915597
24289947 40928971
17474267 40951016
13117267 40976248
14883088 40981321
28603620 41001413
2513559 41041401
25016335 41085219
15495591 41101158
11163885 41122104
3737052 41127115
10757417 41132352
23312496 41164396
17710741 41216464
8457307 41232055
6515649 41242436
30577384 41247670
30754943 41265448
36266068 41279317
20295365 41372681
25935024 41392647
28002582 41407732
3502193 41416467
33957360 41435159
31567202 41476437
7547306 41481637
6704918 41498947
17506886 41519564
21335608 41549455
2998064 41555534
5698892 41575906
21288704 41607791
17031234 41616121
1647372 41632895
4665960 41668411
2466553 41679401
27762039 41737033
15406436 41747951
19661797 41757007
22693260 41772893
21708844 41783073
33628606 41809206
23873573 41873755
2479970 41892722
29626847 41900030
7767816 41915308
15213875 41925558
32405719 41965754
14303940 41974761
30848062 41989402
25176414 42011606
30315723 42034108
21126116 42076938
41075503 42080531
35010032 42129716
2348988 42145830
18749211 42147014
25570314 42237224
4640638 42270429
20830575 42282532
15092116 42296804
30058816 42330456
2476668 42335191
25023720 42350455
35639665 42363979
25855364 42375656
34013173 42378793
22021787 42402455
30671929 42420688
22537714 42438808
12102961 42441253
22612867 42519236
35473091 42564654
5231182 42575920
25673318 42627912
39828462 42644747
42623646 42688150
14121971 42727865
21664935 42728823
14499101 42734320
31392780 42736410
38761336 42765306
30973252 42769607
36007180 42815048
39557968 42881292
37902428 42900735
23592260 42975769
17943042 43004870
18019139 43018880
16095170 43040560
20650244 43056760
36115205 43065511
32208222 43092485
3963378 43094356
36883407 43160257
1011754 43164297
40205425 43230863
41267215 43235037
7493830 43288469
3466336 43294711
9129201 43296030
30457288 43317330
20073193 43336500
37062403 43389791
7671760 43405545
6369587 43419278
32822823 43424183
19771559 43431296
41393323 43438807
34127682 43453764
21725496 43458832
1476416 43469271
8940781 43471794
16542571 43479913
20048447 43507241
3943589 43545006
36335969 43553723
14803842 43561648
16631485 43644038
26406151 43718367
35153432 43718865
41506598 43756113
12432191 43787750
21997688 43823419
2565882 43859858
20219661 43877467
42336983 44041237
34630990 44073325
35154065 44132242
31217838 44160868
1250718 44165570
5064778 44222734
7926023 44237050
22395712 44252632
23224876 44258047
26290022 44385611
43911621 44403179
23340072 44414927
38728698 44431496
11926473 44446994
11278461 44463665
22308030 44502990
6198840 44533967
12959012 44552466
3439914 44567387
29752198 44697996
29433936 44757172
381998 44867482
38771882 44896011
43989599 44914482
22347981 44922747
2325465 44923152
31427997 44931659
2900310 45043385
27291893 45043412
10692736 45051081
25779940 45062357
21023237 45140422
7979771 45192637
29740503 45194555
34916416 45204409
44360794 45238130
42149344 45249874
11781609 45282836
13184928 45291335
21049824 45316816
44473673 45323402
35129747 45343140
40505933 45348736
2229549 45357360
5977892 45380549
42895946 45426865
4542750 45430548
10743386 45449940
4056967 45458559
16342997 45489502
30776136 45497779
2560425 45506594
42281700 45511517
27182260 45520670
44575295 45557794
22234481 45562133
1462492 45567993
36694696 45665101
11469858 45671290
15414400 45676424
39578879 45696561
16872909 45778301
33007800 45783379
36827610 45799846
14391028 45822327
26477667 45836968
20601439 45864070
19039488 45905659
14381959 45937336
3338977 45952479
35877603 45959109
7501030 45960467
45512326 45998575
721688 46004127
3320862 46037713
36317810 46063581
19155691 46074508
29136327 46076138
34190525 46098922
33230883 46106095
1669570 46169589
40653876 46172203
19127501 46204393
3991340 46254801
29766276 46282995
2118808 46293494
42147435 46307456
36200952 46312952
20416335 46387606
26751049 46388236
23140245 46405547
5815795 46447405
6511003 46451516
39605764 46476330
36210527 46504996
26931288 46531622
36281680 46538128
15283399 46540788
26351112 46569572
35414177 46608672
40831794 46622698
36274217 46644311
46156420 46674633
14553286 46724888
30780759 46759707
8313458 46781067
11703128 46818381
6665909 46863376
28039687 46918184
44918387 46931058
2401458 46958053
37616476 46994786
41575555 47004000
7827905 47004635
8404803 47024555
43925370 47026680
43165039 47046409
11198213 47145767
2605078 47220673
31376821 47239039
21389810 47329534
3976100 47330701
14895103 47355330
30299727 47362564
31009111 47368937
30999748 47379697
16491801 47389626
19676595 47395370
29583483 47422649
17298642 47460747
3307273 47505209
11593640 47515008
28704766 47524324
30887301 47524472
15517326 47525849
28529322 47529253
22432361 47542138
13299748 47543344
9455744 47547730
8022016 47575340
3018061 47575631
7044948 47580452
38930611 47586611
23709204 47614721
26677599 47629104
44497053 47638620
4436529 47661576
37288114 47677129
33384044 47693166
19363679 47693234
43736071 47751783
39587476 47766026
35696935 47781238
11782422 47793650
977774 47799378
33834412 47827860
24207643 47838291
20841717 47845922
39872096 47850136
30007768 47868040
30614302 47873009
18598325 47906918
38974104 47934907
5750367 47934949
13811830 47940794
40908975 47941745
41151515 48045349
26171527 48083763
22405754 48093665
26643806 48101839
3534052 48102221
875845 48104893
1585552 48144545
7295895 48154994
8502699 48224233
6808939 48231233
13918041 48276382
31362689 48282841
46390676 48287722
39728268 48303057
16744850 48319725
316045 48323578
30592409 48324136
18728762 48335376
47836000 48335890
34932514 48340066
10918693 48345081
44704365 48357906
8723222 48359464
35866961 48392303
23830196 48422890
26445132 48428952
29652892 48462829
9676442 48468256
43341505 48486678
29881048 48494801
30645324 48504600
29320631 48525194
44428559 48544530
26361503 48565751
26336900 48585872
14631314 48609930
6250113 48673145
31092047 48693449
21141592 48725409
38298491 48761120
23768193 48765344
32058978 48779607
34899723 48815129
34025880 48828632
32733057 48854747
20769826 48919167
43109205 48948519
44580255 48954814
26337918 48997327
39689969 49001446
5119703 49023581
34719759 49058620
31178422 49058930
9819584 49063121
16634866 49064715
48092921 49070189
13093873 49107924
21255686 49153526
19662925 49158066
2614920 49158149
21581750 49201239
40318819 49233915
18645712 49260649
42436517 49260917
40127844 49320806
19270419 49339215
41336126 49348359
17180567 49356759
34414659 49378001
19320094 49411088
20275602 49419215
3159711 49465411
4321284 49474992
22117517 49500844
25564598 49525159
49040530 49529657
9774508 49651094
7215478 49690594
22946514 49708844
14992235 49715758
34772020 49755636
13081526 49784445
45829878 49788354
35599999 49797081
15110828 49879029
15001880 49913990
28019726 49930864
25706740 49936951
14244820 49957033
31366777 49964296
39640654 49983327
16187578 50063924
13451770 50071343
23228493 50091053
41519066 50110488
29357987 50123783
31436249 50165776
24989930 50241135
10796183 50244147
776402 50251695
18413409 50290223
9170840 50292476
22229723 50326318
44035231 50340966
45718508 50398152
39468230 50428754
35205250 50434369
22200967 50439746
16937950 50457250
39769974 50493239
35413407 50497095
27583359 50516503
39838028 50518919
17209837 50546184
16740613 50576021
39690324 50580278
7236460 50586034
13091779 50616515
13056543 50627282
12317996 50629724
27302025 50631836
26142932 50663425
49336232 50696551
3447134 50705097
29851221 50718374
6277042 50737028
46792668 50775415
32764868 50783600
18842876 50841907
7771060 50854390
12187702 50876313
49925278 50899855
46504820 50973104
21957033 51024397
47429963 51033787
1464670 51115555
40857592 51120652
50834177 51200214
48617656 51235483
11410833 51329360
12675261 51340086
13162686 51349520
12022265 51393524
39647007 51420628
37372064 51455843
22751635 51468535
11394413 51475973
14022016 51536620
24022762 51542520
46281950 51563227
6060108 51614191
15441719 51617768
19556050 51621065
51610201 51687410
47269219 51728875
39789924 51775789
35125077 51835879
25502910 51835932
29919132 51841862
31499318 51954745
16397109 51959951
16638812 51963329
47666195 51963830
51046736 52000468
18996480 52018554
49235451 52022034
6079377 52051994
7352244 52079069
28940225 52090708
47631349 52096517
48693504 52107770
1644611 52132733
36686665 52184437
24751355 52189498
50707006 52219719
10905066 52224670
8369727 52238058
36639632 52275118
25588850 52311470
46565047 52328674
39257439 52340861
40261837 52379896
20923507 52414111
23974539 52424628
7127062 52468746
43642095 52473499
22922752 52482306
33615661 52494029
45602433 52497929
14168617 52503375
32210224 52517822
41494815 52525671
41086449 52536409
6803833 52580767
36824230 52597333
5673627 52611790
14983770 52616257
15795463 52630267
35566701 52692313
24573950 52693691
3275378 52703388
37596053 52748712
30995253 52774761
4175324 52791334
25041229 52810950
48902305 52820660
388229 52846782
1042278 52881768
6532159 52906191
13039027 52936381
30687879 53039171
11249759 53048175
29609667 53065216
12711447 53081094
24093330 53106776
35756 53108378
42098068 53147780
35658113 53152783
27889930 53206580
29355379 53277731
2899896 53284823
45299097 53287881
18647886 53359630
39624114 53375663
10691955 53386354
3739837 53413020
24195253 53452907
29966027 53475164
6425924 53475355
13722066 53476796
53116862 53478413
10994446 53504145
39131729 53567478
39059849 53583016
23665217 53601828
41311697 53609469
40430954 53611605
50888544 53641298
13493087 53649885
35467823 53679977
10246776 53685639
37061424 53696763
33019836 53729816
33223323 53737820
9591212 53749883
20791084 53808205
11351711 53816067
2384031 53836895
45173707 53857452
38813653 53883763
24102458 53885886
47337034 53930360
25222735 53947196
32456598 53965458
34994866 53977651
29775093 53979568
43307549 53981866
46517860 54048950
6168410 54072590
15218854 54089915
1911681 54102646
