107230737 3763
12681 24634
2416 28493
36967 94256
4698 115537
80818 202866
116359 228814
27754 286972
75807 330716
324204 404211
151295 421440
412781 439948
352131 459545
51559 464734
414753 466932
255618 475469
336298 481962
73701 489474
176667 499236
345094 512192
228130 558957
473672 576229
345682 591782
281277 652393
450698 657827
376677 669065
222287 702268
345278 740216
317250 748693
387059 776045
323219 885812
851389 997915
448254 1006770
599074 1016199
143695 1050790
558145 1075901
665527 1082648
717386 1129232
93705 1165701
108536 1195969
170977 1225728
1140549 1299772
53129 1305795
1050070 1313636
1068890 1356877
1174441 1407225
1055602 1434643
534920 1511634
1482657 1527447
88681 1527901
709772 1551177
556773 1558135
70497 1578369
962195 1580374
1531060 1591522
374077 1603337
1527993 1656591
400218 1659150
183419 1674928
953998 1813050
332653 1838979
525605 1847092
1657200 1855862
343184 1856909
335722 1903365
946498 1915397
1863708 1930520
822630 1967747
700493 1990490
431925 1991257
786728 1998799
276597 2081479
1991706 2170983
1024742 2187033
283705 2199170
1485708 2224692
512684 2242697
1776152 2262092
206403 2287603
1997079 2303913
1333068 2334478
1472365 2377223
1660648 2446609
2049444 2448147
719246 2487341
2253877 2487863
379675 2513257
1381023 2563353
1733463 2598899
849348 2603966
758056 2615364
1519322 2618934
337556 2651395
332469 2654393
587435 2660632
1900946 2703557
2366638 2720479
248365 2732081
1223182 2742584
850219 2755981
2009072 2756999
2037891 2857535
958275 2937829
873565 2982252
302352 3019359
2503558 3033099
314006 3046196
703372 3100812
344830 3119687
1066420 3133789
676433 3136887
1176703 3165672
2134590 3173409
1545296 3216370
949859 3252117
710985 3265661
303750 3298811
2085273 3358456
2196673 3361871
432986 3385242
845007 3503631
3017638 3525740
2607293 3544474
301430 3544951
2147993 3593309
817427 3596982
2012377 3661467
722438 3666204
1213603 3670795
976742 3671587
1747784 3737685
3541206 3814384
2935467 3843829
2320617 3885825
1809641 3905964
3005360 3951134
129752 4007435
1727281 4010439
2458252 4012251
498239 4018252
741722 4040892
2465065 4053137
3825791 4062844
3906881 4092095
2416162 4098383
1202242 4119505
1805722 4136961
2534885 4142931
1349176 4196119
2968484 4208265
1125508 4228425
3065181 4287989
3864968 4294166
2958432 4333761
2304267 4367685
3386596 4381864
513756 4390182
2794292 4438903
3560299 4449832
4274999 4463939
1904850 4482889
3021120 4540435
3138337 4545076
2240887 4666583
1731257 4698627
2539288 4706814
1444263 4821661
3623196 4826018
4187442 4920203
3373770 4945873
2414466 4950527
1028226 4974331
4954824 4992484
1679855 4999009
2721430 5033719
2294000 5067519
4263797 5096115
1092028 5146839
959747 5231134
3162684 5237912
3532274 5272830
179757 5359152
3594418 5407584
3581609 5442959
440710 5502298
1823425 5506246
1870685 5582616
404398 5624883
3160067 5629394
2585574 5655564
214804 5657640
2903251 5686652
3793032 5690253
1536392 5697571
174881 5717212
231123 5718885
2173109 5784406
4441258 5805278
5601836 5815030
4254485 5875332
2623143 5917973
3289251 5922669
5804417 5949233
609543 5981094
446574 6016548
382754 6017454
2442798 6042416
4593670 6054877
778504 6078277
3385734 6105300
2693888 6118161
2864868 6123168
2102405 6154280
5989329 6175305
15118 6239540
4360329 6282429
5154659 6291082
1846389 6361742
3750601 6375592
348791 6384214
424209 6408985
3636291 6448637
2493259 6458520
2286127 6490738
1045629 6492152
5407511 6581994
5635421 6639430
6448493 6645287
1396116 6658025
5452130 6675220
4331579 6718773
2868179 6722840
3291835 6727134
5340026 6738363
1824674 6746759
2313654 6795496
4601432 6805012
2201800 6812700
5435072 6854324
4787546 6874155
4934167 6892639
5183829 6893447
5564387 6957911
2302428 7007010
5804681 7024789
3341801 7025460
1012375 7050622
2706700 7085451
686490 7140721
5940471 7162377
250725 7228431
4092317 7250416
2459868 7266211
276333 7269356
4610385 7279391
1237880 7307427
4373523 7337030
2647946 7371169
1823400 7384871
544503 7413636
1860305 7418764
5355950 7530986
3894974 7543038
5730457 7565464
5100878 7566338
6632268 7702016
2124256 7708697
6968021 7746116
6474018 7758964
7773324 7782177
3695538 7800883
6520745 7888571
7205957 7913650
1539423 7935460
467390 7954398
5190008 7998638
3442468 8115072
5169495 8135766
7990097 8153463
7485372 8164253
7626489 8269059
7332700 8291954
4882377 8302465
862562 8310147
5559970 8340781
4213330 8377681
7027667 8404331
5283465 8552113
6733593 8557388
5124955 8561141
2285806 8572520
5770070 8574145
3971271 8579085
2203031 8617350
4704902 8634621
610099 8655487
4650043 8661007
6321707 8662684
8467252 8688630
7816409 8764207
8540779 8774706
5248305 8848150
392748 8852389
6450029 8883454
8873089 8886436
4575918 8892299
2236879 8906371
2748970 8908788
2684134 8916305
5760685 8937789
8270483 9010686
439161 9012337
3685297 9013606
4863365 9022124
3487017 9065597
649390 9077345
6787740 9079938
4227205 9125792
7726144 9166506
3278847 9181143
4831818 9192585
5456737 9247763
2191526 9253261
8304457 9303147
8492818 9309882
4687994 9326999
380210 9330417
2049990 9358341
4336525 9371334
7600951 9406213
2057158 9427752
5674645 9451259
3900908 9466869
1952124 9470777
1662335 9582049
6582898 9590660
9311875 9661827
927300 9700041
7545585 9728405
6955853 9737379
4271517 9766140
8547764 9767007
4621309 9771568
2798631 9778267
2397055 9784778
7883497 9788568
9070357 9789222
9092263 9802327
1383564 9823221
8310815 9864349
8225624 9913150
5672020 9933347
4570530 9936816
4563948 9975634
2676888 9984392
6280241 10085894
3315678 10087881
8882836 10089084
8986111 10127555
3729401 10139752
7735081 10142036
4579596 10164998
7508213 10172017
549599 10184667
520245 10185071
5415472 10203465
4221289 10283173
108888 10297436
1624838 10313179
7228581 10353065
3333674 10361104
5300816 10397917
2581105 10426677
9886749 10429977
10257907 10439511
3356407 10441420
2851555 10488618
1178608 10496188
4940895 10530392
2795137 10601149
8216978 10609659
9891074 10618597
1604452 10675511
9859720 10685882
8685758 10688267
3179714 10699472
1636564 10706813
6518070 10723874
1047653 10806611
3802193 10866912
1638778 10868502
1288319 10958041
7348209 10979299
1355976 10994689
8014210 11007433
3415027 11032029
4533707 11032496
3923500 11034327
10446896 11039327
8051051 11082740
895191 11084841
391797 11097710
5814833 11145950
6556292 11151597
5726348 11204070
4391399 11273757
10775169 11359220
9618464 11360290
6590523 11386138
1663792 11398506
7187874 11412529
2988118 11426043
5768205 11495497
3028127 11505489
2078515 11506343
10139374 11517708
1530291 11538966
9050884 11562215
2316822 11605524
11017712 11627384
10493516 11672815
8379420 11675099
2629381 11706027
6553328 11708178
1920848 11711919
1696555 11744216
7247105 11788701
2519205 11806316
893840 11813126
5111644 11843596
7324611 11868809
4904184 11872540
11732645 11879270
8185098 11884686
7235150 11895125
898525 11902384
7177510 11904069
6090400 11945086
1332745 11963492
3803030 12024972
9259711 12040314
10610413 12087268
8604827 12136513
8269528 12162205
6726434 12167489
12112911 12193056
2796201 12207276
1661481 12354542
2371822 12366735
6075576 12386653
1784937 12392904
9913188 12510426
506710 12564938
4557157 12613662
12569294 12617684
10877527 12649127
11771446 12664597
9230726 12666144
11423731 12683492
9427564 12752275
12356439 12767633
12149752 12795864
2987600 12887686
5359864 12887920
6408206 12917294
1210523 12925623
10881914 12946305
11475892 12967700
6825385 12984612
6701105 13021530
3557908 13035664
9328657 13038645
12523837 13043810
8512855 13060913
2143779 13090869
4533963 13108992
1514467 13122535
5468531 13149323
3560050 13155899
5320430 13159310
5134955 13261428
8669002 13265259
145434 13270724
8543012 13288045
4033924 13331903
13063015 13332954
11600487 13365803
6203553 13373971
1598528 13401977
6106114 13417012
7764399 13582921
1993255 13708499
11209711 13777841
2208379 13798195
12319107 13812601
8628876 13877030
5162368 13905186
7003486 13928752
8200189 13958281
8539554 13984963
13659788 13999346
5525752 14008706
1607766 14009308
2170244 14044157
6279979 14048874
11351504 14080854
5474273 14103049
4790890 14165430
4243148 14168894
6250100 14168979
635999 14172726
3497552 14181445
6337344 14182956
14138202 14203757
3101305 14205280
9310443 14210650
7510578 14216246
8148341 14217337
7656947 14229625
8281651 14255010
3838100 14264849
10519580 14285930
436367 14288010
12319485 14402195
321376 14403252
9215549 14422636
2618398 14490249
8972741 14524852
1656265 14590055
10741066 14591912
3913129 14635361
10283919 14698711
13183075 14727721
8144318 14772873
5571422 14781411
4911187 14801662
13350120 14802692
10959365 14806861
5355418 14878616
420200 14918304
1832580 14935665
8373623 15007166
3331412 15113613
14663085 15119466
259264 15127616
13148308 15188515
7037781 15272468
13796052 15302855
5591394 15313852
9271297 15373299
9578147 15385088
2504203 15426883
4359349 15445269
1442922 15474604
14406207 15520120
5457614 15525928
5796349 15530520
2052864 15539077
9582039 15540273
3483795 15611241
4800430 15619489
11827429 15634627
5130707 15767119
6360404 15831136
3391422 15853991
5785345 15857749
6992543 15912382
15746424 15950314
9776925 15958012
537397 15976793
1140191 15983302
2068154 15993795
10469449 16011221
12462229 16020944
15714931 16053572
6966769 16078998
12691009 16093451
9503541 16185064
4898417 16204489
1359692 16229865
13063105 16242528
11409329 16325104
2596428 16344922
2411905 16358079
10075320 16372250
15502911 16376207
9054832 16450646
11052295 16451740
1130657 16484541
6055129 16584352
15931436 16762895
8104986 16764010
9143487 16781842
6802766 16815933
14329966 16817837
8097462 16854075
13724890 16911520
13771152 16978359
5779364 16991992
13224044 16999962
2716458 17007502
8994171 17012921
10996816 17014503
12220476 17058044
10639752 17080743
919721 17086344
13216755 17117071
14038479 17123673
822244 17128379
16282713 17145706
15300301 17200376
5351586 17202637
1804941 17214394
16432273 17254894
5922490 17289704
12341722 17330764
15426671 17354136
8852759 17389123
845362 17404715
6829497 17414946
2404700 17460161
3834494 17498874
8919317 17500492
11592773 17522225
16657309 17568363
14564469 17585883
12143657 17603014
7079976 17629183
1060682 17675719
5504601 17685408
17086351 17688215
3839879 17717685
2535960 17733100
13946360 17758353
10295793 17770008
15321477 17771197
8139183 17784487
15623630 17813810
6005622 17815295
12609446 17864704
9270013 17914311
16627220 17926630
10004364 17932842
61357 17941530
8577391 17983346
13801335 17988059
5003633 18018687
11079585 18026335
10730760 18089853
331062 18092320
14842439 18110723
12063359 18124343
2898019 18125908
14996635 18212107
9742572 18236556
9962584 18288131
10633207 18309811
13903536 18352453
11837269 18358682
3689137 18369419
16781251 18373030
74293 18391414
1236197 18394571
14784229 18416309
16734418 18440408
3783931 18536568
3050907 18543137
13449010 18573251
6425839 18629097
17818129 18650140
11371223 18654956
17373215 18674562
328076 18681657
6265844 18694829
275046 18700717
15271007 18742500
3704901 18836169
6827245 18876386
10104978 18916775
3040813 18942599
5439694 18969764
18383602 18994164
17325967 19003389
8425657 19031162
4354292 19087858
9966549 19089970
5870368 19091344
858786 19137265
3915824 19231617
6620151 19237458
5328311 19260913
16880817 19296961
3490196 19362790
11723777 19514070
2514880 19515178
15257202 19516161
8712802 19592580
8812807 19611979
518801 19664571
1896921 19686385
5508994 19849966
259249 19862635
17502589 19904582
12967155 19955553
4718837 19960659
2461790 19961140
18692245 19974171
19431886 19983337
6210373 20032237
1676173 20074773
9206731 20086189
12710467 20106525
4606777 20132417
7129520 20135253
10641277 20148414
2678890 20149357
8290544 20160025
7250224 20182771
10973552 20269167
10836786 20327765
4989294 20341530
11591574 20348691
4528275 20362279
20341720 20400736
1608082 20409887
12133816 20415606
16822517 20437059
13727136 20470254
3531865 20473381
9007206 20533264
15422769 20542468
9296350 20545237
10757989 20600789
9514972 20614236
10697130 20624280
7793315 20638646
13215590 20641693
3291383 20650541
12932522 20653952
9018822 20686866
2417578 20783009
12126282 20799787
13424425 20826000
4067465 20836514
2324184 20846536
1790480 20859925
7644379 20862388
17411594 20863518
3808316 20883574
1108243 20908731
9183095 20913643
18029724 20961464
18919295 20994680
5652638 21011892
127835 21131486
14637865 21131673
7195747 21138429
1396854 21220046
12773422 21262811
18426076 21264416
19692827 21300545
12430714 21326763
19069076 21378684
1264620 21391438
2468183 21394125
12090329 21402278
8460523 21433668
20536863 21451705
15839367 21490774
21143289 21562890
12871089 21563798
11276279 21671270
141881 21703028
3670907 21739320
9356706 21771857
5552938 21840141
7206361 21844086
17139866 21848543
10282632 21866241
9259377 21920980
1960780 21980699
8829821 22043219
8024743 22048855
21430354 22103296
18268966 22114167
16165260 22135460
20136104 22174384
7813174 22176389
21076012 22229900
1998085 22253479
20624582 22261203
10270338 22286116
10681768 22294910
9335167 22300800
13850891 22317279
10316729 22325132
463723 22381508
4692162 22388894
11708687 22411829
4649245 22414314
16373869 22419232
18138719 22425300
2600563 22442123
9903631 22445616
17563730 22451089
530758 22483482
13250475 22539327
19662508 22549422
2791943 22604114
3158774 22617333
11799850 22631622
16251709 22657990
15143855 22712382
14481757 22727203
22672339 22767966
15951251 22798606
3970640 22832926
21881922 22848962
201343 22849175
10825835 22863068
16694071 22916838
13160738 22935222
3183237 23071818
9682620 23081202
12709147 23099011
20883595 23116084
21393884 23243527
16273859 23258940
22149495 23273187
19433544 23294118
4694586 23309172
21120907 23336150
22583426 23367844
10751213 23414858
3341722 23436666
7725903 23452903
20437022 23480381
1535019 23499652
805042 23535220
21739061 23548856
1158752 23596270
421841 23604663
10593032 23636178
8205 23653185
12061719 23656234
15100707 23672756
17215930 23680820
9901185 23704030
12617673 23757466
23721455 23759759
10764464 23796827
23530846 23802750
23800187 23820727
18224985 23831673
22005005 23875483
9780582 23888099
5609992 23897327
23206755 23967015
20290215 23971523
3374049 23977783
6564737 24023377
21030902 24086863
4789963 24092693
2698166 24094410
16086556 24173976
11641540 24185710
22191389 24192342
3923597 24194539
11085163 24204463
16993444 24218325
16260767 24231902
21296939 24241009
15893816 24247274
20846952 24252294
6233415 24296810
4255109 24349264
2600693 24383662
15123148 24406407
11093397 24440187
20784002 24462644
17986807 24545469
8482673 24554365
20281384 24592605
17099006 24596428
778898 24607336
4909985 24779279
22621511 24790687
19838569 24823307
9090235 24845114
8626055 24895528
11552005 24937223
19678337 24946608
22033122 24965945
1789769 25004439
23606751 25015454
10949451 25031397
2190840 25061041
19276635 25098411
15361220 25115970
5258834 25137277
12865732 25143489
8976364 25163517
16877507 25187172
10348086 25284515
19576220 25290776
4305437 25298265
19427474 25326662
17010470 25331006
19411055 25366111
15270122 25384349
17632903 25397439
5817021 25488196
3954198 25488495
8394270 25501698
4085251 25557051
14104691 25571252
22274928 25627515
8162627 25699121
10138357 25745153
20596391 25765853
14123448 25820511
4330724 25828761
17499288 25834355
20667791 25931717
5879961 26056763
23694645 26076701
8554101 26114377
17303635 26128483
22642445 26147275
10853034 26151879
21788098 26168833
7768498 26187630
8001782 26195207
11685945 26268264
1616463 26298153
23695667 26304145
22023889 26363087
18095781 26363626
23512458 26366754
3318334 26460427
8045950 26481763
3874641 26512973
22174605 26515691
732432 26640003
18769654 26647231
2256293 26653695
15369502 26658588
22334063 26743364
3668610 26754958
21634302 26777600
808074 26792546
20081876 26800051
3577177 26824451
25362128 26877059
17914531 26930034
24285409 26945664
8046204 26985992
24889495 27039996
15334446 27052755
16052636 27061393
6256043 27068527
17568253 27091332
22244320 27186465
5921119 27220869
20183359 27250474
6280473 27298666
3927076 27351815
26202486 27370572
17216740 27371817
20580575 27394960
13452599 27398876
3335581 27434300
25169740 27455382
11012959 27463509
20256513 27546480
10099660 27575363
13908881 27577742
20833597 27594612
19189398 27685541
18028725 27693737
10496360 27746586
4493772 27774371
25095606 27806520
18996990 27921662
42243 27923958
354402 27968009
25890221 27976461
25225801 27980655
7054624 28012475
20365047 28028144
23693004 28046761
21259291 28048244
13218725 28078097
22939977 28100496
14551397 28123755
16120159 28138149
4597116 28152721
10638639 28161407
10003047 28173374
4334493 28201583
7813286 28229484
10723951 28263354
23565948 28303352
22071391 28318621
10608190 28327805
26879910 28339619
26103427 28346215
3532256 28361829
3091421 28391404
26909305 28409314
1084673 28416972
2522058 28440960
5104793 28455812
22058499 28467097
3495950 28491465
20038535 28530109
12882617 28597039
21045123 28647340
24869502 28653355
13279951 28653976
20762163 28657692
1813726 28662233
4831979 28678436
17483477 28682474
11532536 28708881
6806639 28855450
25952585 28858627
12159437 28866727
189056 28914846
11936549 28984548
9216892 28994804
8818503 29044849
9612511 29089768
7996140 29103064
17295139 29158325
21458922 29169240
18427878 29220345
20904144 29256328
2640065 29283852
26534879 29291891
29103307 29340717
1431681 29364668
11412942 29380694
23765448 29438901
10318310 29440633
11722690 29483933
11005382 29487792
19292955 29488685
25649064 29538061
15793038 29553780
4989906 29563574
12117536 29672910
28748395 29699602
18546520 29706592
29037708 29718961
9566772 29732526
21070221 29736115
9617324 29749340
7644289 29759955
4753637 29813516
19823845 29820492
11116199 29849911
14836957 29873290
7118808 29905361
2096371 29928391
9892642 29933238
2693030 29950322
13985131 29954656
20423781 29957699
29853344 29987149
7680259 29992981
21747261 30011866
27768911 30028672
14775452 30062391
13544998 30089831
247655 30147669
17901439 30149214
7722792 30176034
19029542 30180366
24390885 30194830
7433448 30215905
20152872 30236345
10443873 30249427
14541271 30249833
22033384 30251566
2842033 30321459
8086981 30325563
21795506 30331744
23201741 30401916
25234959 30548874
2644411 30564633
13198042 30568335
22252818 30584811
27343720 30587173
18949064 30622602
28341091 30653946
10330962 30700417
376792 30724633
4077349 30766946
22901049 30771892
19433508 30784601
15599622 30794637
24450416 30821895
29768144 30870314
7457629 30898063
1742166 30923444
1436306 30932651
15549106 30939332
10851514 30981652
6256076 30988384
2420766 30996168
897262 31045469
6082036 31046127
18509990 31059092
21434822 31117600
22680328 31118044
1728930 31138369
2903079 31156940
1799296 31171262
29375823 31172339
2323634 31271621
9526400 31273963
16672244 31420524
29488907 31431279
3091540 31433133
24793088 31448082
8360186 31460924
19314715 31475280
8915694 31481768
13559948 31508829
25013814 31537312
8145637 31540473
5876876 31580427
16841259 31649075
23790843 31676185
26631198 31726184
19488045 31732519
21163725 31749776
8445266 31772645
31646479 31775756
27717408 31808519
20428950 31809428
29231375 31819709
15788901 31863243
27780009 31917273
7451809 31918973
22773157 31919390
1362484 31935987
22094220 31962884
2476304 32016233
1114118 32029571
22746469 32040639
24051897 32045381
9085456 32049446
4784398 32168753
24465131 32173099
26218463 32176788
2101997 32198624
27097980 32213752
25458678 32260926
29723324 32323530
5211563 32332044
13087593 32350622
31965635 32366381
25884378 32387016
6753564 32392829
22323606 32411916
7418782 32459636
22386049 32494587
18932048 32497322
22858099 32620681
25315376 32622790
622551 32721984
27914848 32730961
2183389 32816998
19831366 32827200
29882741 32832867
1878495 32837044
9901871 32839088
23011777 32862564
23217507 32864155
26794847 32883920
24941846 32895963
25839637 32929258
25161171 32951035
14500614 32956048
8174904 32980644
4290319 32990475
2050998 33012335
30532883 33013982
32943783 33026172
27274042 33030811
28622400 33051239
18454526 33077161
26019274 33079594
11170083 33094472
14141324 33136108
18583329 33154920
2291016 33206575
3480332 33257053
20925030 33264453
27561012 33276475
16181851 33299482
23212356 33300889
24110419 33333325
30077979 33372606
23296666 33405130
27509447 33420048
8063230 33580921
6132865 33605128
17882288 33643648
6042671 33648369
7497736 33704731
25432189 33710111
19429757 33737405
4030563 33764138
15952838 33778419
5124411 33804239
33178948 33817837
33319963 33844397
9427108 33888353
2686220 33917428
27822357 33917706
12479585 33939497
22516574 33940555
32273240 33949901
27075316 33976783
28014551 33993530
20708632 34022688
19566437 34102681
22614899 34142089
30428001 34158724
20647278 34160590
14313080 34223510
7535480 34246695
16314465 34282799
33320648 34309081
15481766 34331629
29356374 34371798
21579863 34396821
16773828 34407284
24855796 34476408
17394099 34477129
23653014 34513155
1247295 34518451
25360987 34535216
28343315 34595502
12774596 34602122
23969378 34603913
8617761 34615153
15381823 34715274
4803850 34761067
28607787 34861803
13440702 34892385
29805979 34983348
3619743 34997919
21113003 35005668
11048733 35005782
32944362 35008911
12508756 35037274
12083034 35042869
23784298 35143327
15459514 35143781
23650265 35156506
16391836 35189463
1736343 35210885
27488317 35215069
27960948 35269886
136920 35278350
7834205 35281602
18890744 35289810
28337034 35314990
31733354 35322762
81788 35339051
26171648 35340900
14994461 35354230
32591859 35449058
2038892 35461780
10693859 35493849
30384016 35566798
34769429 35585120
18333931 35616747
33845690 35632420
13487125 35635929
27555238 35636339
27776877 35692750
35290631 35701852
6177466 35722135
32070820 35752166
738444 35760293
18795674 35771485
20152608 35790803
12798020 35827957
4914875 35915520
15573832 35925842
16620871 35927677
17073267 35945485
7804170 35966255
35248396 36014718
18040899 36022102
5168435 36028836
5825282 36114110
33031661 36141120
7066493 36193635
21569119 36232304
30501326 36364896
9589359 36388615
23337623 36395391
5800098 36462836
14963369 36509888
13165212 36519129
14942600 36521540
7650581 36531883
699786 36537153
27367206 36551181
2047388 36586759
25395005 36592247
4461101 36599366
31015109 36640330
1294257 36642180
23341371 36658516
24318858 36681559
26430987 36739605
31857058 36742842
3652460 36783726
20228273 36793194
18544230 36831651
20035517 36886708
8263928 36887326
31979343 36894743
27293560 37017749
18333316 37062009
21749313 37067532
6928821 37103182
383624 37103634
19474027 37114551
35821855 37166842
16898175 37178657
26705853 37194382
36617809 37202602
29830205 37214775
6459175 37220776
37188589 37227961
17244445 37259516
3209604 37269731
25290871 37333540
23345977 37383557
14462200 37405000
22945130 37436709
4420354 37481887
16963425 37493375
14622610 37512654
7462267 37544494
17524778 37591428
27814147 37599565
8695402 37600438
31815607 37602252
25272261 37654394
9112661 37692522
36233599 37708546
34882403 37854772
8904534 37858547
12863656 37926381
30859968 37961596
31284811 37964832
7435917 38001643
7989215 38016010
20315597 38058389
26819772 38064983
12314155 38067779
14951252 38068842
11424701 38086603
6003860 38106259
5061814 38114289
32528938 38123193
8319120 38140611
22145776 38169361
31874129 38225300
21151822 38231305
18467952 38233511
11085398 38291443
6374766 38293574
27069004 38336382
16251567 38336442
3965358 38337390
5095332 38339598
1949548 38355912
3238102 38362909
21687481 38459686
10992876 38467215
11508141 38543728
33742094 38572830
246189 38582166
25465138 38589686
22178588 38656071
21127337 38674861
12146889 38692816
18243050 38717077
29054036 38723078
19457177 38731096
21762900 38750864
192048 38755292
38158156 38782064
6059390 38855349
8092078 38885754
4948462 38933461
26796998 38934321
6511405 38936174
28630736 38938672
29078680 38943398
20322155 38971594
8660465 38978565
20055740 38997131
765418 39024888
17327529 39037200
31766801 39066815
23880471 39107202
27443183 39110443
13185435 39146319
24806352 39146360
3682872 39172656
22000093 39225663
27320830 39254731
26128243 39284178
25916116 39285643
33055384 39343220
18866249 39345472
14727116 39375621
35809455 39406888
37470287 39408363
27601709 39426496
13940479 39446884
21554136 39462901
38448587 39465468
14311073 39578664
182943 39629674
23340593 39666811
19689614 39693693
16209799 39731625
23478579 39747175
24246365 39775233
20773679 39791903
1222734 39818745
15299193 39874038
14024037 39906441
24463486 39909957
17833146 39922079
233532 39951596
32638600 39959893
11809967 39970796
14787004 39983427
28307766 40005555
1704565 40009526
38924449 40023262
2003935 40099134
11145174 40141372
20955951 40153185
17976638 40153507
747084 40178935
9300564 40187638
10668890 40199202
2879181 40204118
33516366 40216735
34190627 40260663
12978879 40279767
11457371 40281756
11047550 40326375
23560910 40382122
34239485 40428086
10873461 40438760
23423438 40456225
20232078 40473506
18146157 40486243
1240507 40490163
30265088 40542529
30098085 40560003
25709042 40574519
37051310 40609058
24977572 40644613
9083451 40652078
10379422 40666960
16219953 40668845
30409608 40718344
30294352 40724006
28004520 40753318
33935239 40755686
805471 40795507
9904505 40807297
21448199 40815178
37151938 40817508
399961 40833116
36093860 40846561
12247007 40921888
12112208 40935646
27991580 40990827
10563523 40991771
21602164 41043237
22670025 41081604
6442203 41096737
23330168 41107079
35380499 41174474
15359776 41204180
3427303 41224371
5640129 41232956
26985228 41260230
137145 41282896
13216988 41329126
22278986 41361509
12006241 41399410
89666 41479546
40323235 41499724
8812231 41507195
16138920 41583333
34038984 41585807
40912666 41604595
40606385 41636153
40624577 41647370
32042824 41654083
22143973 41712590
15751020 41739138
15156542 41788917
29175777 41807206
8459154 41829189
23192861 41829483
35813796 41846875
10914544 41889741
40244342 42000876
39874697 42017209
3286266 42070505
39965512 42093261
6914407 42111782
27639579 42139332
37963646 42158367
38233029 42191164
37574754 42191397
13579389 42247855
13376109 42264426
31684019 42384208
6348199 42402549
33036002 42477637
2576037 42486872
39605774 42501431
11736306 42502333
39542631 42505604
4048376 42519137
34364871 42657301
15777202 42694763
26868504 42698441
11566749 42702652
26276009 42729690
25135780 42754091
5751028 42773405
36506484 42792897
2643721 42893424
20266428 42979516
38057511 42982646
40854668 43028639
15490004 43061123
19811458 43086783
1021836 43094524
22166727 43099149
28692187 43103379
39134866 43118317
9287770 43137682
39175075 43182447
32108740 43186888
40937253 43227659
26854109 43230661
27377910 43256638
24729236 43276826
4870665 43306814
21493233 43324100
31026252 43392809
42533389 43430387
28290818 43493970
786605 43507462
7336508 43571121
10774208 43580129
4486630 43582573
10122156 43584407
39737477 43612979
7946850 43615630
26046752 43646472
20278061 43775823
8461926 43778322
19113242 43821670
31221886 43857134
8854959 43885877
851205 43893297
8095799 43899595
15077999 43910787
9355322 43983920
2453346 43985425
17271190 43995150
26346072 44016434
41429382 44023332
33158889 44051702
4806728 44104887
718555 44110451
18585563 44167975
38452105 44258671
34609506 44273269
5429176 44285308
18845097 44286495
36517657 44315606
13545231 44316154
12841811 44346742
11299617 44353100
35336003 44367379
38645359 44423695
34126304 44441963
12182495 44456333
26097646 44468505
36747330 44471285
32247886 44477937
18540372 44478996
40533019 44497820
20031444 44509855
25944056 44560208
17767394 44596260
36476245 44599314
15710 44601728
2142500 44665165
12277646 44678415
12852393 44723694
7627082 44752234
27769907 44768984
41340216 44797525
6591211 44840070
28970336 44865619
2169083 44867843
248694 44896176
555842 44919150
39943263 44924052
31042335 44965983
11707364 44998267
32627668 45033423
104180 45043523
44005289 45140022
20810881 45236833
36302360 45278847
14516103 45291789
109995 45316292
41002979 45323396
16779833 45348265
18058567 45349021
35129963 45376747
10420409 45379079
15713139 45407096
9690510 45420727
36511723 45444970
36156406 45447995
40886405 45481299
24609094 45510170
36077630 45564048
23089771 45574904
33846986 45577936
32279393 45587889
35099859 45603604
4995241 45647627
21280588 45675832
9637544 45718675
13972356 45793223
17666172 45795502
2288953 45798984
41436399 45803130
27254559 45856066
39185612 45885794
41679576 45928421
17167551 45940430
37297470 45943705
29679435 45951509
8432040 45953041
43811815 45979445
14796773 45986665
11140858 45997235
17674898 46040600
20592929 46089861
32313130 46205477
34246684 46208741
8077953 46209732
3096937 46229969
45887155 46314717
21114893 46321110
45814567 46336966
35412618 46347044
24544357 46385752
39162295 46393301
29264775 46497688
5285939 46517590
11507770 46536710
8490293 46541315
19774986 46584813
33820553 46612295
25007197 46647017
21934125 46756983
39521265 46757806
25352416 46769837
5347908 46770760
29758854 46869090
2297206 46875292
31836187 46909032
42695081 46941313
41963260 46947355
13687783 46983347
16901186 46990724
44886398 47002062
19144832 47003383
33681837 47011801
26644768 47027518
31564760 47040780
11178703 47057626
37553229 47087867
7943440 47168651
44916960 47169337
9332882 47173555
37473863 47185627
34697930 47253061
32064380 47255662
7109443 47270393
12067083 47513506
1587124 47538519
13686718 47568860
3936704 47629939
17978403 47654421
14261649 47655829
19389987 47660410
46800146 47694593
4797352 47719033
12584517 47723396
5747840 47727160
754935 47803183
42242417 47866040
1487860 47957947
14690253 47972942
24846369 48002988
44465349 48018036
22603715 48027864
33039156 48051512
46336728 48057606
45640518 48082022
16409792 48094689
33459202 48105828
19413386 48130873
35221421 48138923
25067753 48205116
10737130 48223322
34353253 48248777
14803624 48342085
1148703 48374506
45499153 48387012
30486059 48394571
24346492 48464975
18983060 48481153
35054478 48502516
4240983 48507851
443956 48516194
20320028 48516946
41621669 48521107
4827273 48535582
563440 48610914
21155301 48621120
40068984 48628812
36751693 48659598
28664709 48674108
12336598 48687142
38131282 48764825
27022287 48774379
19730988 48779753
1203710 48780944
26914973 48785950
14141658 48818660
21395645 48900352
7920310 48911975
45317341 48935422
32619063 48941013
46713406 48978863
34922118 49010439
25197777 49059342
6947116 49074031
45311251 49092264
10054059 49295276
37717377 49316792
36811730 49342979
34859286 49365513
13218983 49398932
6341537 49438006
33114269 49445910
18712566 49498155
8541323 49503199
25603561 49516498
15961349 49597774
18896206 49610548
29707772 49622304
35842205 49641309
36938336 49652204
39765792 49667583
7286161 49726071
560324 49746292
30959995 49805084
26936186 49822031
3006330 49939188
18387298 49943177
31974434 49943429
35139072 49963827
46857907 49963862
41862079 49977880
23364810 50081267
41338471 50119659
114824 50122127
28419221 50201955
32269310 50232397
27371223 50244951
34883591 50269562
34695306 50308679
27128179 50396755
8248659 50400654
41417397 50405408
49614779 50423000
39877752 50447600
47750196 50451699
30486882 50453449
11999252 50458527
41694810 50507743
34559199 50528905
47290423 50535469
39832546 50557057
48863575 50569856
42834660 50571422
45063839 50682489
48609478 50713157
31439975 50784712
6925269 50831519
37661641 50903106
40433271 50940178
7744180 50956744
20421689 50980713
18154762 51034419
7078050 51038730
36780547 51040200
33931514 51068163
867483 51092371
31260602 51138869
7689520 51157747
36141831 51169397
24923938 51170235
17725220 51227742
30142739 51238453
41718618 51268585
18514252 51329684
158561 51333012
80763 51351678
42439340 51393075
22403722 51416618
33544533 51462060
45541689 51462330
18597165 51518712
48952188 51521135
3583594 51523656
9698007 51530353
8819428 51605742
24062106 51626405
37599321 51645073
51437289 51669426
655732 51711137
45406361 51723487
15724196 51741371
33961351 51744949
12865650 51763009
44629036 51769068
42101179 51789378
34479036 51802095
43681226 51808715
46982096 51838998
39217545 51869576
27488221 51885004
944270 51892691
40984723 51895853
44265881 51934042
19851703 51935347
41128485 51976606
18738621 51980164
41612949 51989983
47261452 51994558
5615674 52049423
38658487 52050330
39050766 52197637
46404252 52201771
30097944 52203766
4725112 52247171
13882598 52263703
13284197 52302567
50926431 52314149
19795005 52395637
45431258 52408772
12657233 52413124
21501525 52422914
33115515 52477944
46685278 52482708
13147040 52594895
36797536 52678814
7870550 52686356
11810619 52763341
16043546 52834534
24721180 52838983
51967906 52876260
40751725 52918863
48870648 52923938
40335954 52966888
275963 52968415
1921153 53006822
2099113 53040931
32633955 53087427
16889335 53134090
52998010 53176544
47484508 53215813
34041063 53262538
40181165 53284411
11969091 53300154
32525018 53314578
21801754 53343017
37714205 53399269
10502561 53462407
2714783 53468069
39802044 53495356
6857319 53511036
36068915 53602265
46649097 53629668
21159877 53752204
44675333 53906742
42803628 53916515
18753893 53978179
53644346 53987002
43941367 54010115
29895659 54066341
30857393 54070614
29401812 54180632
7651570 54186807
44668606 54196817
21219213 54198162
30918768 54211420
42326015 54211945
6503565 54248503
47878313 54255280
44798197 54261529
49675583 54290366
39766019 54315942
41183785 54325981
6736992 54340174
3980809 54401498
3521144 54442510
36774810 54447845
15685929 54466765
30139362 54537126
4302342 54539725
17341847 54561732
46971339 54593023
45906974 54673142
20048108 54688851
18243440 54705431
52592656 54741367
7550587 54742595
6750680 54780338
47020950 54830915
36495914 54831644
26288169 54857273
14804992 54937661
46241401 55100168
40093356 55131667
2568233 55276094
26157003 55284280
51837752 55299434
39123783 55308532
34066136 55330772
26570983 55331503
2965149 55356763
42530321 55434146
30481519 55444894
18277937 55449813
52151989 55453255
44086208 55467146
42592432 55500518
28341714 55543238
7478072 55598720
10000529 55608494
53002567 55622441
39932917 55639850
39218672 55644385
8433087 55648460
16453480 55685408
45457847 55762696
22495030 55830820
50587859 55853676
55842221 55894815
54730648 55900082
28145495 55906383
18931777 55919493
36582068 55920111
12741302 55945422
25293645 55964286
55969379 55990544
22922200 55997937
45384315 56004838
5475482 56056098
9778314 56062082
14118633 56086975
24365491 56093280
20259514 56096225
40713119 56105112
560247 56119505
562091 56158638
13189618 56183283
45726999 56194950
46007344 56349278
21984348 56367186
25715969 56409060
9020514 56444655
34941848 56446648
52716707 56477493
52372991 56490206
49631443 56629742
12941280 56657914
24477333 56673111
27495053 56752610
39354683 56807664
35060294 56811942
21127553 56833479
30295829 56854414
7611995 56869000
37587139 56883025
613647 56899049
22954976 56910304
51780383 56926495
23917995 56941136
4713045 57001366
760935 57008669
8237420 57025059
7863039 57122734
3948850 57157738
51874643 57224464
33470380 57244437
17924917 57246568
28491397 57291204
30987299 57327464
22237758 57518070
46468818 57559916
12676787 57560048
7193766 57626873
1792696 57628354
19708615 57651869
39398766 57695470
17627233 57728723
39216534 57747621
53314268 57772443
25813210 57775742
14472096 57779663
14077211 57785240
39267384 57809531
39306591 57811939
3148234 57812000
7012013 57824490
49851074 57826794
39870240 57890299
15074317 57892400
26428571 57921464
21505821 57922585
46351900 57939857
28784510 58057042
11514568 58074519
15774056 58091464
46405661 58140147
797984 58152662
38129916 58213177
32633989 58221171
10273611 58268584
58332371 58408420
4956299 58480877
22849144 58503430
30807066 58553921
35313711 58565502
58546798 58579682
37816625 58674888
8053816 58688282
12032766 58751804
47125305 58777788
56406936 58780786
30182956 58789391
36924085 58831680
39341545 58880860
46914698 58886902
39359846 58898211
34449676 58926157
16722873 58929226
3520747 58938071
3921047 58945171
14091787 59000602
1143043 59009281
23901413 59029792
33383459 59112444
11079921 59155172
5843532 59167256
39455944 59202244
45832999 59222910
14202688 59249107
12304050 59250653
15064041 59260970
37774149 59365143
58094658 59377208
57911812 59402356
20025660 59450829
5939948 59479786
39225619 59481372
6644074 59495780
51333346 59605401
54225771 59641187
13590437 59645388
21614871 59658445
50746678 59669963
6804959 59705835
57458826 59767189
19396037 59772163
50937506 59782734
51025913 59860326
55094162 59901596
58006142 59919219
47953577 59994463
4669254 59997035
42973804 60028958
14100232 60058685
27110345 60107294
16214965 60127338
7837434 60164051
47301421 60204219
52244378 60245944
31515959 60267011
15139862 60359295
57227322 60374416
30235133 60376672
5979919 60387873
26886131 60464263
37761724 60477953
41429211 60479798
27007065 60516481
30372307 60533430
42604182 60561350
8896062 60580116
23217790 60677540
28109764 60722314
58965932 60746017
43830721 60769468
7634127 60805294
18925299 60828341
10753600 60878855
54204445 60889753
28620481 60925061
31808744 60940308
24963996 60972544
30509620 60983105
2693721 61007011
25060343 61008400
22624690 61105449
46138436 61110189
28617700 61121966
18218339 61193159
2244746 61193822
18881710 61272290
54247971 61281177
48490258 61328523
2177449 61363706
52001326 61382070
18367384 61426295
58203767 61477542
50557782 61498985
25198251 61506523
51468496 61554878
31971970 61556316
54526882 61593136
45688328 61677444
53488555 61686158
26497676 61707503
39499141 61709404
49983901 61733977
38908823 61774826
23742977 61812104
7875430 61862337
21697076 61881805
39181154 61889790
12132893 61904749
46023771 61921768
47674164 61943072
46918186 61946184
14708330 61985368
43163953 62014474
43200427 62033280
17842643 62041954
54754263 62045233
9159605 62051270
5605614 62133086
16292308 62185805
1140485 62279493
59387372 62297120
44008515 62320175
51890539 62378200
55869687 62401150
28982650 62401571
21826932 62404044
32569471 62409391
21164264 62433847
52990852 62581390
21270134 62619937
59215973 62626910
30009009 62637119
1192111 62641558
36765755 62705360
57479313 62706886
38664202 62734289
30132142 62754665
29211775 62800650
47893943 62800691
39620125 62833404
10654474 62835549
33322667 62845495
10657432 62852859
3917887 62874997
17754472 62929983
56515008 62985720
9258207 63024260
21663064 63028909
25915999 63042453
37495170 63043033
11633064 63078964
31936475 63111905
55216600 63133618
5460365 63149316
56612061 63182826
6886629 63201655
55722387 63229459
23637281 63234260
18060317 63249321
24583125 63253100
53452909 63299384
29552784 63369773
11133779 63372500
20640515 63383568
58252549 63394393
45416633 63429659
53811183 63437867
53576666 63483140
1818986 63490591
54627189 63495883
24290814 63501432
54997955 63539158
58114897 63565241
9193829 63575046
16895297 63584967
42272677 63628576
33131603 63694425
45478061 63704703
3678524 63729273
52330199 63866575
11216336 63909864
57989363 63915058
47688183 63915248
27367495 63951858
11422200 63978733
38262652 63980547
56264557 64101475
8641830 64165070
60837319 64186609
8530066 64207543
19453924 64224928
33140106 64374959
56275836 64408810
19906589 64422592
44489077 64507171
59278063 64524354
61606567 64524509
26544411 64538013
12722055 64561689
29229546 64574752
32696416 64625519
37848238 64644478
46956545 64650710
61806542 64671652
48833671 64680630
1553058 64681550
2556462 64690768
25581366 64692196
60589194 64709469
60470001 64718844
57507393 64734980
25022972 64780727
11405769 64803812
14277220 64833593
40021915 64879122
9176225 64908366
27288360 64934685
56871570 65032350
34312366 65042798
58362677 65063355
24692411 65076223
47731695 65101801
16851084 65151950
20053373 65187716
29887054 65193710
30653839 65215067
971318 65217013
22762334 65232060
16930850 65250586
6234699 65260239
45566403 65263572
45010146 65308371
1460125 65322549
57191293 65345652
46531138 65384138
5865137 65446318
31911620 65471038
63942804 65477192
57813644 65489506
44790542 65509563
8217149 65685300
749621 65685823
7840052 65724481
34713676 65738238
45733411 65740888
40117823 65773717
64387776 65813924
35170519 65823322
10466556 65826128
54557828 65900898
38324164 65909808
62947589 65973192
52012442 65993033
11519506 65993765
31730111 66037205
63902474 66062559
61791999 66070592
53564336 66088910
40113990 66155403
34526993 66170636
24662958 66201355
34822618 66222551
18537447 66293202
52365893 66349323
5575679 66386697
28822805 66405033
16262642 66408525
56190458 66459302
19885437 66463041
10958875 66485368
21512339 66560373
27453258 66584243
60816158 66598064
31076442 66608337
40447604 66642855
34850697 66719393
65752243 66763046
363412 66812827
43823285 66824379
40058981 66824857
27608292 66856420
59176082 66856513
15631284 66883427
4457398 67028485
54421005 67034795
55508398 67046148
40284955 67047165
6787807 67070586
9458512 67149970
11541723 67152468
10987764 67157816
14630756 67157867
7316998 67165949
48690591 67170202
20835545 67171284
64441874 67174160
32235650 67175912
26839455 67179149
49990815 67182635
25755741 67187596
30145916 67206743
13211189 67255727
39132400 67264526
43402168 67296719
15040481 67305703
58561768 67388299
35140435 67389015
38342738 67413720
26279686 67431920
21610262 67524368
63314759 67563982
57307147 67569542
63685755 67614325
54853556 67672969
21273990 67740922
26163066 67754040
26402450 67756472
64171505 67772897
45713533 67830094
32671922 67836405
13700031 67868568
62640483 67877293
59534535 67889879
15603714 67900263
7138660 67902960
15666754 67932121
5966374 68001474
37825427 68005232
2963758 68005960
40843981 68122774
67719688 68170904
42825100 68247049
10704912 68268144
29161428 68279414
60993789 68281930
49655077 68316015
28356102 68318449
42042744 68320909
33764570 68321736
43355888 68355830
57853260 68401784
8949158 68430356
67645976 68434324
43438937 68448143
28767040 68481809
38765930 68484213
63953833 68486356
28492620 68549587
35133457 68690670
53570493 68720134
61454732 68759108
48525957 68799766
7846652 68817787
28411741 68901841
31434685 68952989
3886655 69000643
23599759 69028876
39227835 69039630
62922760 69045243
8742563 69074967
14819429 69186188
44924367 69207925
10420943 69250025
46637734 69259774
41080101 69296067
17823723 69321690
66521730 69368961
60483571 69389039
24121344 69392778
68642324 69405935
24079386 69446110
4677856 69488596
22950474 69540504
7774176 69549006
22522838 69552388
6875238 69573197
60488512 69614784
63690034 69701077
41290737 69711676
49359652 69782387
66718422 69809464
42666708 69810698
27740886 69880317
54910719 69886990
69597509 69892772
51682992 69895650
64646134 69899351
31510337 69905361
53765234 69916413
58009593 69965211
11304952 69996449
39708076 70017902
39336670 70056082
38095875 70057883
44126405 70096597
11564192 70119713
64995816 70121192
6591051 70137309
7795382 70143025
47586026 70173003
15789588 70189032
23754411 70239235
6491468 70267011
55482037 70306113
34905115 70334121
64509031 70353568
27150833 70369747
55273305 70418055
8282325 70422746
27149142 70425360
40142918 70431823
54496429 70460240
53394468 70489027
11186834 70534383
67014731 70547076
27425698 70587027
22884646 70590275
67464847 70630868
8891485 70635791
61000105 70644223
63151124 70706840
67098332 70754439
25050113 70796986
28928176 70798400
47022030 70806206
3200376 70818237
47439385 70827882
13542800 70851364
36858307 70864250
50688383 70880289
15334830 70908452
35346216 70940481
49762964 70942779
31351104 70954247
3449600 70959266
62566977 70996390
37320691 71008727
41777082 71076384
21566402 71091358
22909820 71124861
54333649 71131464
52185534 71167681
5856564 71178802
50166581 71203746
27470599 71215811
43288843 71230255
7103409 71239300
70267451 71275395
37346390 71311101
68095207 71324463
14563003 71350424
14609254 71394261
19574841 71406077
69965332 71446409
38672481 71461915
43778065 71481657
39525569 71486057
117846 71503177
4743399 71586462
48592812 71603256
58563727 71603609
4897769 71607272
11592676 71707761
16120911 71718592
49617354 71723533
62160108 71725612
70780431 71797324
38843285 71828436
12486482 71888728
37612568 71890822
36857102 71908129
37056756 71921752
4951859 71938141
1315280 72022870
51050817 72032586
41735062 72043361
47885115 72082682
31462731 72139947
7560732 72141594
17582945 72189092
5471136 72193537
34160325 72207125
41768095 72214872
63477111 72275084
44089927 72404723
36332044 72424645
71770499 72453177
54653521 72457272
27342400 72468344
55497552 72503989
3944230 72551878
31348826 72586679
39011651 72612737
28301701 72625081
20456126 72638827
37562991 72673135
10912752 72762048
20691767 72799936
20839375 72809579
62359522 72886957
13507363 72943165
22938095 72962381
251353 72969207
42864210 72977231
5449597 72986312
47044197 72990326
64464810 73024628
22866323 73042641
7215687 73061264
54971166 73076616
61393262 73078775
24546321 73106388
52670483 73117498
36479786 73119195
71338839 73155257
30760469 73158399
14907580 73204518
23447373 73292313
29051644 73306379
63308351 73310433
4350420 73312684
65522352 73323951
31337404 73336600
3593652 73339300
63780181 73398115
17865166 73427671
19179743 73461669
19640333 73504752
8418984 73564750
12160742 73683331
63870878 73696712
22944184 73715926
7887690 73751402
33816710 73777301
36715637 73800153
2825756 73887326
63915290 73910495
44673391 73962071
9343977 73967763
22846115 74008035
67409544 74025609
11654638 74028902
58913705 74099295
3714023 74100838
8634772 74135072
73228638 74140425
7670427 74176104
8937542 74192281
73533069 74204866
70465172 74205178
21142719 74209890
29720367 74233222
52238134 74246618
19513920 74262870
15044948 74269855
23472223 74376035
46554725 74450782
6450586 74497920
35729641 74546621
65461493 74578336
54860211 74589531
66976433 74593204
1719474 74637413
2100136 74763413
30018719 74803171
2387862 74803830
46207466 74827660
54693827 74833895
57361329 74842300
73813316 74854022
13726119 74855481
39121268 74872689
74222894 75020150
15898683 75035112
47258819 75052619
60237423 75071556
65318751 75072127
68399389 75077367
512000 75078481
34799358 75080890
64382918 75085094
21457830 75091253
41040176 75095827
73778488 75107385
52903635 75125312
4619632 75164288
49119359 75165886
37040111 75166479
45281604 75185084
35186609 75219254
37343756 75265065
59545008 75326171
8334081 75423483
2107979 75439432
40773697 75455127
5039995 75473035
40286537 75526193
37079717 75540448
45911542 75546522
25153058 75559194
5508171 75563048
64447547 75585311
57735793 75595135
44449683 75616257
67718482 75619559
50075048 75628106
30403876 75644095
63745378 75686814
50786053 75691576
18230500 75696250
42630311 75703301
19212684 75833405
8146725 75849308
35272042 75855734
46674003 75875619
62651633 75879523
36641588 75916071
70454303 75922405
48404698 75944383
12183135 75949628
60467239 75993063
18004510 76067532
34056987 76088725
4326239 76129550
14324433 76151447
37205073 76155069
26721829 76174657
62401820 76179265
45092013 76179829
63226418 76202538
74152875 76216812
67423710 76223366
43702691 76259720
36556987 76264891
11698554 76300222
33675185 76402515
74745736 76410473
2106077 76428888
26626132 76435600
27752209 76463599
35092657 76491339
76216229 76547598
25701011 76561256
75814589 76618493
3499975 76628609
47904587 76655207
62917836 76666271
1116110 76669007
54059820 76677577
2475052 76690513
26162555 76712882
59091927 76715150
51946433 76718823
3286053 76744606
28398061 76767477
6552705 76783354
11359807 76798826
58396126 76812468
21117370 76829435
18489354 76858111
21478023 76904346
15552559 76938370
65967133 76957958
39963543 77104851
42030654 77125447
5010406 77128435
3897809 77199864
59129005 77227384
29580838 77311607
8801153 77316927
41674219 77332112
7468120 77359478
29431558 77367588
73600781 77370411
21644528 77392238
33196009 77471739
49588569 77485596
67415301 77578051
39935912 77601448
44929852 77602178
25763817 77606702
46231849 77618343
55980705 77618595
27954497 77660172
33628746 77722089
21810299 77746150
28386349 77752173
9931412 77763086
22900337 77792782
30323041 77821577
70625815 77847971
62774600 77853245
30522065 77882009
70550513 77893099
54505397 77942557
4556592 78003463
17313128 78021669
3223754 78022607
35292537 78035436
73472165 78053507
66474456 78072608
30142114 78080565
46223109 78092504
68196227 78117413
23825039 78145973
33390146 78167555
69611695 78174242
28412066 78176501
26322956 78183052
59206175 78190475
35872321 78199043
39681440 78228746
14434680 78243869
42359925 78255747
76661868 78280617
1366847 78328222
59933989 78330129
7608032 78366139
34944554 78461453
6258407 78463602
10777228 78469671
67622705 78472266
68496968 78480301
32159601 78643669
43207646 78706763
41832698 78785398
18719995 78801161
71852639 78807345
4052316 78815542
5751886 78835175
74973170 78914905
17589466 78930484
72101050 78960828
61364565 78976344
20557320 79087621
19501741 79100728
34207475 79125320
20058318 79151615
5049197 79181724
51005340 79206229
64386905 79211620
61426934 79221797
8950472 79242753
17154931 79245838
52090783 79324800
27605675 79350199
25548660 79365725
59223919 79385440
38576905 79389837
46391736 79414107
31713945 79437710
69713809 79439343
32558499 79456100
37690875 79470636
49245849 79480277
68106235 79488270
10760402 79515254
47216753 79546791
76826151 79555726
31776650 79578701
70655716 79599915
33086969 79613505
36127661 79655581
62823006 79672800
13799647 79699538
64473823 79711401
69861553 79765452
42668164 79770069
62807556 79774640
17695545 79812538
35723912 79815513
64164563 79824027
73124299 79830975
2278735 79838075
34849547 79893409
62438472 79931482
54339396 79966679
5552072 79975362
1516579 79980299
13301233 79983187
64380270 79998246
5711305 80033138
20742944 80064477
39414855 80076231
40357855 80137922
54916138 80194165
26960993 80232266
18402269 80306211
1963634 80326321
15859865 80340930
13394495 80351433
44805480 80362532
13598083 80366277
27877061 80383330
61423148 80392407
22646511 80440120
9300165 80446640
728317 80468800
40501433 80483767
26193502 80506876
57072934 80515456
50829259 80690661
3302461 80708845
28230516 80724359
18225072 80730652
58635195 80730865
40384974 80803913
34358261 80820765
53458706 80846422
29293637 80850258
44615821 80869815
40242787 80929850
74875636 80963409
46318739 80967605
64143714 80973648
73093331 80999728
17753242 81001173
56133501 81019367
39437888 81024149
16882360 81030889
46382227 81040246
2696734 81078236
30071722 81081414
60791816 81083713
9234053 81102572
13623742 81104323
17326133 81119443
24791290 81164264
8960623 81170554
9452620 81181906
52788109 81241904
36657426 81246614
56020268 81257643
71188663 81294121
63587840 81297535
68074088 81314990
78455415 81322309
28221368 81346300
23763541 81394805
11831001 81412121
66861861 81438837
53982424 81573706
67119634 81600675
14919314 81628120
22870340 81656871
28616991 81684847
35808209 81732496
26253864 81788618
28319694 81827531
11504741 81874585
21388021 81895338
65991802 81898689
61305257 81909759
69482573 81928276
79305175 81930427
41416209 81930714
13719724 81968963
43823082 81988665
72081164 82026832
32011288 82067761
48663068 82076056
19542618 82084976
64615793 82113589
37124494 82137550
31394016 82154636
47583697 82179123
75183626 82241796
13547226 82334217
73938215 82334400
15495608 82363083
48195900 82384556
58611447 82403868
39982572 82410155
75253294 82419137
50407055 82459866
43625781 82476530
45269106 82526183
28681608 82542882
72280545 82555556
31360441 82563167
13269591 82579030
2766944 82607459
10735681 82613829
1045201 82652907
52058682 82721219
21705394 82721849
162572 82746129
62350756 82785521
15095272 82813697
58483224 82829497
73808096 82835291
33697226 82882879
5229868 82896594
28832649 82936745
59403857 83033344
58652282 83059323
26182687 83090920
68966259 83095910
35732647 83160950
60582156 83228693
72237412 83301495
30481830 83327415
35290156 83349370
22787263 83353558
67776257 83658927
3719926 83691678
67206526 83698057
36322117 83735964
17988791 83774404
62935313 83780113
17067142 83863474
74873116 83870232
9172202 83884140
27655767 83891616
59692937 83959119
48624869 84061615
39220501 84092961
252731 84109172
37007741 84125169
27478275 84209783
69222045 84227999
6156849 84247133
15013770 84262165
30648349 84262462
40328549 84303834
2098238 84305205
28549583 84325036
63923377 84359869
16140188 84475561
83411322 84516967
37528933 84525559
45626112 84546222
36715935 84551759
75617033 84585608
79952200 84592057
76574441 84618615
16588478 84625560
74205063 84673802
75234968 84690831
38594634 84705672
84225777 84708255
66475011 84711054
55998549 84748432
78474782 84764173
44111827 84845438
22969975 84897551
45246226 84899199
74982773 84903330
16951620 84903659
27706511 84975768
52449127 84979369
70764411 85057418
18949787 85061375
31498161 85117148
7659616 85154569
84051524 85176823
37697184 85193234
48812638 85193567
29961954 85214814
41372327 85219159
59874183 85220928
40928337 85224634
39837689 85243565
40789596 85316653
35834730 85354839
35582491 85403001
57349252 85423685
7472767 85465216
8180270 85470925
13158029 85508601
35598764 85593911
69943144 85599261
50527004 85612522
29566895 85628063
16810679 85631540
72835032 85632962
64929993 85705705
27741885 85719525
69912749 85720155
62990165 85769459
68259780 85809176
3482389 85828235
55032705 85849700
44115573 85869282
22113879 85871099
36324617 85876489
66851265 85902358
27038606 85963236
17801718 85970715
34971089 86020876
1258841 86041968
13143477 86064558
62215558 86069652
79453940 86088616
17089038 86110134
50148741 86167457
72676731 86180377
65654882 86236744
77050356 86239037
16717316 86242304
56339900 86280631
60707991 86289062
78888356 86322942
15523824 86405258
31918337 86411741
28399384 86458962
158818 86477796
64156704 86489009
60274278 86489366
47160479 86504593
13470490 86515354
18826018 86537175
28794381 86581276
47634435 86624265
61016443 86644951
26478456 86750700
9773367 86809977
84221958 86814879
29692960 86819077
31278203 86866319
36544011 86874172
82070205 86905212
67522975 86915311
81357639 86944527
22169752 86959090
24648642 86975914
15412275 87024521
41610781 87032307
29106488 87037768
80466287 87069227
15407831 87269207
69596890 87269705
38242747 87283447
41826225 87305844
64803868 87332478
39406650 87358186
84810744 87378714
7619107 87442322
70301756 87504166
82735764 87533484
23246779 87590318
50845294 87591446
21825101 87603704
5938750 87634653
5042217 87642772
78125917 87789034
84282809 87794354
60058315 87809156
67755059 87935220
77620688 88021183
13637489 88043372
80152325 88044273
68805123 88099714
55323337 88128536
47081692 88162131
78235514 88251645
59279122 88326742
49452891 88402922
6002076 88491401
6025463 88497647
31379974 88528803
43137865 88587443
63691080 88596305
22103580 88602762
12197879 88610020
15804371 88682298
15025960 88682965
88006739 88686097
27428746 88690729
58765089 88726177
47626409 88833902
37549440 88896369
16619136 88941251
62962812 88943115
17624063 88949696
65695556 88961625
48542209 88995126
6101301 89003859
72895974 89011985
52054470 89036495
37071497 89121037
85090858 89165538
68329726 89319500
57624796 89370108
49081147 89423423
85591520 89488622
66666990 89524276
19188593 89633547
86547154 89666979
73456520 89717697
54693674 89720720
80241270 89888962
1059423 89928390
81119406 89936459
6200209 89955854
43382967 89986141
51212311 90061890
32452820 90089238
682965 90098750
89825274 90156832
45373944 90227435
78272356 90244081
11878174 90265277
63300770 90281418
14348730 90346213
79221708 90444197
61233046 90478689
82317074 90568112
65239269 90623919
48237126 90633316
4666253 90650019
13982430 90663576
66638116 90690960
22809277 90702107
53809060 90715216
4671308 90716398
72581613 90729911
5431214 90746296
13240249 90769720
9285357 90881520
4162739 90896269
24852119 90898092
32193162 90905221
87701534 90907645
45499108 90924601
34833857 90925256
43935898 90942681
59993953 90970229
10006602 90980476
49830973 91102635
28141283 91105112
46697282 91193421
48820945 91238742
33706156 91274025
28929203 91285317
10101411 91311862
53854258 91362417
41177539 91386071
65041246 91394084
17450835 91419708
26273859 91484329
77967681 91509236
15534107 91525344
38906936 91528632
90258080 91531426
53052887 91539556
35065654 91608839
19801363 91623783
57060915 91645126
55390426 91660313
64524049 91685162
69140108 91712067
88375159 91755179
52396362 91773221
1501753 91795136
66680102 91832674
22313007 91836820
85172750 91853478
11646523 91855194
81182430 91929570
3185199 91960231
66429748 91978261
51650442 91987462
53972851 92016691
53624328 92016913
24990454 92024939
86350487 92082033
69573288 92090746
74808342 92093754
50809660 92100358
14594034 92134454
71144557 92156297
64939635 92159341
75342273 92170996
88880312 92217522
81119246 92306882
80982932 92311407
15246830 92315170
50418886 92329687
74970081 92344519
67731127 92361865
20892358 92396568
42367413 92540422
46068082 92541513
42756681 92558283
33005332 92559218
33442474 92578058
66946767 92578091
40714748 92582672
89885383 92611754
17648885 92621324
73221886 92637444
77907346 92672330
13488621 92673980
72843068 92674882
41728507 92699107
52350189 92723254
16356259 92733374
79816344 92752838
32932048 92755344
73294429 92762894
41287752 92772914
39953005 92773278
54457233 92785899
8947519 92960203
10258799 92990069
46575757 93059000
52483641 93093807
13395292 93103113
39683976 93113751
2535291 93119107
70498603 93150419
50879606 93202825
52340630 93239943
38091166 93272511
2337928 93339361
25591186 93361372
21164110 93362230
28198103 93372783
3693048 93423511
28878993 93448405
34915340 93512700
56812284 93574052
38728220 93659143
45580081 93668515
5011837 93728508
1069365 93735260
32914392 93793586
79743566 93854375
36545183 93866924
68135785 93873156
55776590 93886621
23770099 93942921
42997384 93952156
56237943 94005503
2482276 94045910
68462682 94134329
10715106 94200442
59831737 94212535
768174 94217509
22714375 94236608
12937452 94251316
21412898 94276565
58102669 94291959
21563782 94300149
55374536 94334008
2673829 94341988
52544492 94347906
11555879 94360244
10543167 94398455
81906119 94404303
92805067 94430140
37051214 94491929
25971481 94507313
51358467 94514918
74585816 94530633
11215696 94534046
19821047 94534487
38951532 94711046
7245748 94748471
81854469 94770425
86144574 94778430
82201167 94815117
13368204 94882295
53588923 94984957
39163536 94994326
61948967 95076906
52336086 95113482
57917865 95123794
47195074 95143541
87826520 95146221
86939124 95234651
38477087 95249706
58331137 95303543
64830160 95362429
57646717 95382097
1972860 95384143
22741663 95463657
68554822 95466130
75639522 95493374
56936299 95498307
89815007 95554592
54011769 95593633
14110812 95641798
42342066 95648465
95630776 95676247
66285119 95681023
478990 95718399
25750672 95859257
20888312 95873881
84841545 95889155
88089812 95917187
15707006 95993564
48093818 95994307
52087340 96093679
88695237 96122925
76448658 96125014
25269380 96148979
30893622 96158676
58174862 96212387
43763449 96221301
1810022 96232288
70464826 96245850
78330315 96253590
47571311 96271844
5877892 96280926
43991265 96374348
45459255 96381510
28476592 96429893
10316205 96463661
96407791 96476005
44208420 96477869
43026028 96488108
34869492 96497406
73232082 96503895
39638708 96506089
85336871 96517346
52241833 96522203
23108717 96554718
64490703 96561207
7990958 96563849
35361914 96608347
87627116 96641677
68759082 96647954
21542243 96763104
74297626 96773650
83173836 96786428
55291894 96797715
85996506 96814747
30769430 96815464
94102972 96861528
17488316 96867338
93637633 96869131
39385530 96904080
45566372 96953361
42061656 96956226
71369254 96974585
88301830 96984076
48777990 96994968
11902684 97065407
20467 97076539
33652392 97091818
69797614 97104474
33595570 97133045
44558715 97141610
6702475 97158749
18661007 97181396
12851015 97264079
71680701 97310460
40898206 97312445
11689686 97332478
52565689 97350094
38375248 97405217
13113964 97412239
17374149 97470864
19326385 97526313
25008774 97555860
9529946 97581084
10211749 97588500
4528851 97626993
26265807 97733811
18761352 97777267
77754007 97789266
90097242 97795875
56126634 97850909
82186183 97882037
68815706 98008106
51063768 98019108
73582404 98042548
13041627 98059755
50927124 98064999
69920514 98085555
82217951 98098067
44512973 98136519
15114334 98154505
20901742 98165659
38866294 98168790
91406827 98187069
78822014 98241636
45480424 98258506
58919389 98303115
56149750 98332243
66081380 98332462
41330230 98358797
20272811 98387247
33486341 98454759
98362538 98455198
78230234 98464131
12510736 98486630
38928655 98516800
38485994 98539992
85717841 98588649
45554611 98607348
58368685 98615636
54617415 98634371
51126731 98640301
78756833 98643692
35633237 98713017
23281691 98718877
75248907 98725877
69850200 98744254
51937049 98770025
74415944 98797861
68044347 98842531
80745676 98911643
88763444 98943106
55689424 98969460
31675487 99009559
97815285 99046251
88926258 99052675
66104282 99055982
89229717 99056282
23397957 99129761
61327739 99144428
16257517 99158842
85636393 99160390
85872469 99163117
44742909 99164873
27896583 99213954
80004438 99238164
15502400 99328738
31094740 99347442
85990241 99348713
90263633 99420623
66159275 99496469
26377262 99535687
27933349 99568656
46351969 99590585
20772964 99594392
69888831 99601479
61563085 99612864
41541943 99660129
49350214 99661013
53549970 99682740
31003375 99695815
76064854 99711409
45922705 99764193
96872375 99785318
77014932 99797145
32883328 99827211
72066099 99908411
42866661 99908723
20673273 99949004
61997946 100054274
46789076 100074699
65694630 100093328
94276555 100093946
9285838 100168842
20108787 100187220
58838878 100188788
85207626 100191938
38478204 100286389
70033649 100306838
48251346 100309836
38238960 100327903
57904464 100340126
68085373 100405302
67995685 100428844
93093073 100445977
76044292 100500465
10558675 100502351
20403473 100558844
34798163 100579316
17499980 100594529
58632062 100628970
68714449 100640987
70365654 100662250
1160107 100698645
35991196 100699930
22680193 100794818
38488353 100833402
17131320 100834221
71634240 100860881
47505540 100919839
60354953 100925649
32776721 100973349
43796180 101012324
83770378 101140355
57438621 101177108
12746556 101223000
80312896 101253603
61083992 101262870
92442791 101292668
59988502 101368034
31315489 101368186
94189852 101384528
87995592 101462848
54919331 101532536
44826821 101592726
98461428 101593107
39623714 101610836
81985443 101624544
55899478 101668147
74001275 101778154
17579930 101887127
52535941 101932824
68944838 101997896
52607677 102037945
41792089 102087534
26323354 102152864
44393617 102172413
44131134 102204077
29777316 102219360
42668328 102220286
94494513 102238008
1538467 102275653
46070667 102347271
54885608 102362041
63986964 102379093
63439474 102394387
40831462 102404283
94386606 102510094
23082074 102522399
17905737 102551224
36281672 102586978
61261817 102637737
26577451 102643371
94915077 102745710
64605651 102766315
52083768 102844121
85163089 102872841
47170803 102918802
66470888 102931249
49634296 102992130
80491685 102993811
60696370 102994735
53665733 103007474
39996150 103036461
82691197 103059275
93671609 103061752
58141586 103068413
100862669 103134742
59077371 103154698
82870363 103187636
102002914 103265166
99300466 103273653
52632362 103281553
79116465 103296376
41555145 103365680
95410275 103393386
65556055 103411050
95902421 103443133
52168403 103443405
63669539 103548586
91511054 103558450
33254035 103573306
99993541 103598256
44159628 103657188
5651323 103678066
37729326 103681113
56979708 103688069
85725266 103738791
92907225 103795742
32609851 103798553
97782216 103800511
70525050 103810121
43513127 103845745
34864769 103883863
35069344 103920162
283520 103961001
98825196 103974675
61819334 103997669
52730368 104027993
12360922 104060720
1444040 104070623
5949318 104082616
58535566 104089146
56115436 104104899
30533968 104139499
18688888 104191233
71863968 104191986
53712314 104197384
21877845 104220738
9342291 104233186
46290833 104255319
6218194 104309088
53941382 104316535
76839325 104346039
75165321 104417909
48007924 104470454
5636568 104495973
76663848 104566066
6506475 104569497
55926448 104603018
74483387 104607232
84622483 104624598
35230622 104625613
66692783 104647346
94906023 104652659
2017433 104656733
25675690 104671243
41878541 104690586
58691519 104704215
55334248 104714788
20281279 104737294
60560426 104741120
102167384 104844111
14490075 104879329
22590118 104882794
23070396 104941738
69132882 105004018
40394702 105016798
99938820 105032802
2125118 105074608
27084281 105075466
72030336 105088318
2965095 105119078
80774124 105130645
2408201 105178455
90623595 105201470
100189333 105210992
3057642 105213339
47664668 105223773
49858363 105257103
54100413 105317148
34507785 105332288
91700493 105333953
31865711 105377703
42135029 105418760
69832812 105436389
37469631 105464241
82565542 105581017
53471596 105639251
61849074 105699820
58717647 105704645
33532636 105712864
95512811 105746016
35079742 105749956
13808864 105754162
56481039 105764438
29701038 105780662
20140777 105824168
55613391 105830682
86261863 105894718
81784055 105905228
25686048 105912493
20334006 105950036
18727794 105952817
7433053 105956158
57415042 105965565
31139038 105973037
49024765 105988948
67750288 106030809
23111703 106056262
64217205 106144454
59428974 106161611
46573813 106201438
25196162 106218784
84953870 106239475
55541397 106240527
105463490 106273048
19590152 106276108
65861262 106323348
5916496 106397798
5019823 106414848
32770551 106443847
31654542 106454996
98066757 106474714
96395693 106478702
44699795 106496167
58147360 106512890
8089845 106561675
63993422 106582046
101856338 106592420
55181041 106661616
48390472 106669095
87750551 106714732
51539111 106734600
4061958 106780975
96500312 106788294
10366712 106796639
42206871 106834951
23592597 106842396
101481278 106846430
55828814 106875938
82331775 106897287
77899183 106949814
18153913 106994051
83864758 107010648
87697979 107028340
97441291 107091548
78869181 107115302
22921504 107144463
62415291 107178926
