810740521 1711
285891 370173
488654 1268965
828919 1719920
813491 1742144
591376 1808232
1632609 2466825
1864367 3250803
2099413 4437699
231754 5590459
4951625 5864248
4398750 5982444
7132067 7211132
4658120 7350287
3551451 7356711
3622140 8914396
4861838 9354512
8969577 9887677
7724973 10250169
5649174 10413049
6156456 10713228
1735746 10893814
10752447 11066624
9675456 11624089
6962527 12585447
11196853 12913170
12840758 13028143
9305821 13109016
5289932 13934999
3127904 13949968
6608233 14171446
2328376 15876888
14679934 16194160
10009180 16874855
5950051 16933485
16096374 17618348
14392215 18063686
8493712 19026748
11635865 19133801
9403460 19157799
16087898 21402619
18753167 21638877
16799714 21796656
7434576 23206708
4912917 23291159
6563848 23762411
11598620 24456917
9691515 24536223
1985329 24598619
18929304 24847439
15936890 25576370
4550261 25624472
20964728 26267739
258979 26697174
11568799 27397942
14826877 27581458
9544650 27728100
27908359 28435372
14771086 29269825
18964773 30066386
23797035 30691750
9460733 31533932
23358640 32062854
6148978 32084683
24861286 34930229
11465700 35026238
6934276 35300606
21869319 35933285
12788314 36261225
28196964 36490416
4923401 36740577
4960959 36832915
20753069 36875270
13897015 37188374
31544981 37206076
17942088 37731180
30218793 38891252
5883645 40087116
34991870 40293374
35472671 40888865
18447605 40915054
4490819 42839039
365221 42846500
4249519 43910593
6391771 44004450
26949532 44837571
6117148 44899881
16502528 45653507
29293119 45740137
38188177 46783747
38015812 47479409
30175152 48346494
13210434 49254563
36012790 49488629
2194525 49783065
3317506 50325456
10741684 50513221
12456742 50599358
15034361 51175371
43239041 51421858
22482248 51789893
31132686 52135266
17666527 52613890
46355276 52715887
44765833 53330541
16686890 53883537
47813431 53919388
13884834 53967724
16584630 54313736
11281376 54398035
14728597 55404557
2181569 55766058
36123753 55903243
54313197 55925962
50243287 56261078
31694281 56515120
55639385 57267501
37449522 57307114
33512417 57823748
11988425 57898616
23834987 58644151
19909412 59860432
55868725 59883310
43060135 60596138
27832393 62334111
1755821 62564584
39439116 62736456
32864661 63628273
9220210 64418049
49747548 65037508
45433574 65326406
10988725 65863383
60819108 66590026
37233487 66642266
56872453 69401656
22827951 70370969
33331840 70488288
24074921 70817389
19131664 71090554
33858274 71321546
30788759 72071544
60609900 72720972
14421630 73228274
37694688 73409130
62512330 73544764
4050990 74323038
30222564 74399377
73559043 74868914
31347089 75412687
46419291 75488338
63092087 76053675
77576387 77925720
60037894 78228300
37524717 78576035
25280268 78630921
14862606 78852317
2941033 78898368
16892902 79881172
66156621 80538912
65599820 80641586
20226918 81469923
34231615 82100549
55909425 82909924
80999552 84285905
74883527 85430403
20074084 85432796
46242919 85849035
13300673 86075063
53963366 86671583
6492504 87440626
22273649 87541386
40404135 87679277
51299036 88137323
49934111 88683095
39287298 88855872
40369612 89174331
37582268 89186925
81693764 89456637
49168586 89534201
23212683 89754447
58265346 90967286
5054575 91168681
26840494 91833480
60528338 91849633
76005129 92077472
61255492 92925992
30230510 93121857
4064761 93351932
56322811 94416101
19533646 95958846
70144219 96355665
95882480 96931144
18534497 97110752
96302132 97179088
24926241 97501884
7513988 97847854
78305138 98406775
76813663 98888113
9525205 99103720
7128679 99178626
88350409 99696931
1233991 100600225
56075579 100917087
58553870 100933937
73195859 100952841
64467518 101877034
20110041 101981511
60703437 102304537
84294678 102599445
30999676 103464362
59341464 104142288
34314926 104394538
31507300 105029084
1273601 105308619
36772121 105314077
45245871 105364988
25114088 105613825
35802732 106803111
86184352 106974061
23853439 107078257
66638419 107179074
76286394 107881476
47623632 108161562
36048214 108269801
72175663 108296060
81150098 108830684
71158485 109324424
51158807 109569720
13609728 110370051
58891679 110483072
67666952 110513380
68340873 110592918
2574369 111724384
64023952 111942176
6484110 112188052
82332369 112425486
34423090 112553272
78257957 113094039
66117639 113798359
72640928 115160475
17762830 116807061
105407188 117143873
69303904 117213217
10314830 118260433
27398884 120148209
13702790 120957695
21421366 122419610
53672879 123338752
57948979 123774041
119264254 124578401
38196778 125012761
117348188 125075886
67825978 125592119
25170703 125705809
49620485 126171407
8961297 127471126
103211899 127788009
66604741 127929547
34824287 128370618
68345036 128430474
106538643 128670332
10342894 128877145
45376768 129994161
48527075 130005103
7974145 130532357
66278870 131150293
892630 131238184
29203212 132612250
76884541 132726696
66473157 133038615
21136011 133426502
1951764 134447139
1445610 135298229
94818523 135348345
31047662 135420616
49763543 135620772
83857945 136130072
94480699 138156373
82859598 138428983
84700652 138699178
74654269 138723293
123245238 140121994
78016306 140202180
63971790 140566199
17925670 140756759
89680819 141408271
46007537 141856220
82025602 142261099
29596246 142413426
128930049 142985941
81613125 143645730
55325682 143657580
78072643 144196307
117557767 144584267
49150167 144822166
20206406 145465082
105887618 145756068
91481687 146183675
62589542 146841985
44744334 147197179
148585910 148933643
150243939 151171081
148175129 151950737
146993637 152422392
146338152 153997242
134150347 154205754
23569700 154987588
145656501 155223867
95465124 155277434
110709390 155485680
125148175 155771369
123918709 155816038
79179127 155863407
72109406 156954015
87364184 159145146
28955982 159185273
132090543 159406744
44188670 159740924
104984790 160051773
140523844 160305703
91894449 160404269
17346408 161766259
2583387 161798168
86560568 161819617
53700413 162114253
21644494 162128322
80172143 162578504
127603799 162954582
125303086 162991587
30108804 163025093
115421096 164204409
88695639 164259547
57835920 164389162
39305781 164601160
130027830 165104740
6911947 165256608
25453649 165478573
10381936 166783308
10166579 167288930
10453097 168468336
72909648 168992368
14850224 169202745
128039023 169541635
75348758 170163552
73613697 170534774
129792782 171991036
56576001 172275782
62026969 172384900
112317567 172423017
26207733 173178090
103301862 173185096
159503982 173484321
63078183 173514031
7080385 173634776
78478658 174441032
26835991 174791345
63090060 175810388
131594077 176459014
118898611 176492377
24368533 176716022
13179443 177721627
84203971 177979345
1211184 178035064
45581380 178256931
68406527 178290541
26655509 178593125
89864374 179562153
124929303 180336334
71468661 180667788
46216342 181611149
45370052 182755799
181224160 183082961
166772635 184273082
148351259 184361163
71093330 184471266
88893352 184894114
86799696 185603784
17197062 185718236
7349954 186901570
31220172 187196330
50971279 187217083
26518203 187278606
28419557 188639989
68325578 189226600
150106073 189677443
76513452 190670790
115856551 191089312
141561657 191633320
104915414 191924557
50247154 192146979
155452342 192955896
184199728 194132362
128853829 195608426
125736359 196068288
106510366 196671541
177103895 196773404
195415295 196896048
78913453 197508130
104412838 202167666
145623305 202313644
121226822 203012611
152180070 203418155
73937120 203620488
75283500 203633610
72519450 203662336
79658663 204164313
79954413 205301498
58358592 205606476
79884615 205992967
176625211 206173840
134906846 206179985
1607919 206721916
10766223 206745838
48923874 207359633
134987401 207866460
90245346 208285532
59245736 208334495
3667533 209986178
198068633 210057105
21301267 210139468
63750326 210747797
63444961 210756565
13231376 211082572
193063789 211785726
199731002 212047915
120287883 212221073
69405194 212262119
117326885 212639467
122179505 213101655
182274996 213763315
109079236 213958954
10423831 215056389
180052852 216220174
113928078 216577876
188739687 217903351
168514953 218198278
153733073 218225765
182454225 218760323
202990268 218996004
39992288 219527108
191994619 219841640
82108497 220153567
195553710 221007835
204882195 221883186
98450482 222250718
30299037 222440270
214290267 222488539
62065921 222924388
97322125 223570242
56094324 223600566
115573805 224402305
37778410 224587919
3426522 225112457
62187253 225723735
102751488 226071711
29018761 226577679
112281269 226731737
14440243 226942228
170923756 227799588
139561034 228645100
193949554 228815774
157866212 229464526
200215704 229537324
122742281 229855427
153376844 229987698
190759837 230045899
87443970 230687568
183433239 231650405
47875968 231759745
170897665 232243662
191877594 232894679
123482081 233410567
19770862 233589959
58909279 234286636
153961247 235624571
167367351 235625673
216077934 235663704
129051975 235690524
185266198 236103989
19066645 236740247
65009200 237093031
140950896 237785358
233724800 238358212
139366818 238812297
10426270 239309674
234576801 240214609
73980056 240460296
145830645 241065384
58835132 241260972
106004388 241288955
7701172 242000077
83254275 243248528
149025978 243578807
208605107 244150998
58067833 245602847
146325236 245811739
62614407 246283426
152815152 246654029
122646850 246902759
199012913 246968667
244355043 247329211
81139676 247533650
163462410 249076274
33264038 249390606
236158983 249695533
238674786 249712106
7502012 250217148
223815088 250369780
206647179 250841856
241629499 250868712
2300682 251410757
110417335 251476564
94201844 251690560
194772639 251907876
225117002 252329601
94776815 252991734
50356415 255736656
122389415 256105396
27414657 256202842
89430626 256401844
26338921 257007296
147218592 257876054
221690707 258171445
26241577 258537964
136140330 258947819
79615089 261618550
243850655 262999208
56259240 263105751
60273601 263293990
23400519 263439629
260407895 264022606
18540193 264154097
125731365 264155766
202917049 264806040
93669635 265033259
125518940 265492273
169657852 267130187
109879946 268259641
15288123 268577850
233934437 268741152
36003603 268808014
2867644 269058930
96434401 269522937
15259959 269557018
254851407 269683828
71136368 270137642
152064985 270398076
159862393 270546759
1650659 270672457
237379042 270703400
50807469 270772795
84280113 270840546
150993989 271491665
140186763 271827547
161522755 272251111
179410242 272820639
46666086 274037220
86705939 274535891
175601290 274692075
7078298 274808018
241323198 274887844
175641245 275127477
73527963 275356203
214072292 276013338
225895530 276888786
149728247 277090560
151266561 277161026
123340477 278013709
98179430 278570982
262736139 279025671
65599423 280172062
228448402 280187833
45128935 280704027
200714695 282001768
91926999 283445499
198668237 283651342
266103565 283691208
170542178 284093672
114108617 284456541
174357535 284548081
131048418 284643711
272475499 284886824
49445657 285046048
216455012 285056406
112680967 286194454
169821759 286274061
100290990 286735388
144611271 287195103
34536796 287675024
160952710 288136421
51175460 289105717
158088030 289389564
256865204 289819941
216701289 292886875
144478676 293212262
169610650 293232773
211999438 293908357
146364645 294726999
275028966 295471505
43450631 295761647
63386652 295776092
295112070 296477807
295539644 296569917
129429085 297231478
146780910 297807807
271854533 297886690
100238131 298233361
112367158 298842803
116412392 299366513
171182633 299548067
22162050 299795790
215116296 299887280
219599220 300316474
107804798 300319346
46371401 300420655
105682544 300581550
148061752 301252533
166938293 301802554
13112424 302267249
166089589 303410664
185366010 303668529
107612569 303827840
233524311 303854976
232146404 304102714
278629423 305121336
252122528 305388969
126198825 305475597
44736224 306414095
25547663 306820888
283006457 307155297
209185237 308231766
274210950 308812953
23571002 309378617
142203 309881457
150059959 310155291
44833908 310443675
7016288 310446556
26473228 311734439
249092978 311743025
43060558 312643163
120117238 312648870
176212205 314635714
123139479 314915528
68330246 314942008
155492327 315527599
33253195 317139837
156820823 317742252
75379027 317851823
291926316 318123233
6661554 318311017
163862191 319436594
65479691 319733532
152131480 319754315
255616015 319869197
65509531 321473693
211051361 321709487
108027573 321934044
27235907 321939061
179793356 322100032
136177226 323752830
182806564 323856044
242362168 323908004
130933757 324157873
287336937 324184457
181109507 324482333
134071191 324716977
43993971 325039985
93777290 325166722
115306969 325493410
229878557 325776666
321313584 325896467
96226916 326987547
190301765 327285194
29565282 327324544
266294296 327602076
77156415 327703121
147119981 327704439
42945346 327835088
286951656 327912436
207966887 328038235
198492791 328402444
139467622 328422036
105279995 328694294
215414207 328763384
323790632 329211888
155258404 329707788
169480943 329709219
282845311 330173931
211968947 330582092
307972684 330762399
241634678 331456968
183085769 331623019
248537212 332322076
177244548 333061796
94498778 333124605
189042448 333470159
307461864 333876807
178068414 333922273
158349137 333983201
155448743 334118037
315760038 334445697
324869989 335256630
65486930 335436568
265788275 335840213
171488395 336368426
118876455 336705850
330419050 336806126
203987449 336892288
47800018 336904968
137772816 337328164
256933052 337491114
236649200 339481606
16027059 339990373
38801981 340782825
34238547 341050328
179686742 341053321
158051315 341102035
136769153 342313143
109771572 342362467
266448896 342641232
196118813 342809761
49211579 343134943
85678896 343135403
89210608 344830903
81014109 345203215
321093034 345948343
250995851 346648172
99840732 347238182
242888052 349128261
259230459 349693349
171269317 350125477
175687303 350979627
97078105 351061709
15680418 351569394
152551850 352021964
72972910 352947995
55187408 353322284
107213335 354453039
340072788 354724459
88024141 355168129
48535259 355575877
15478904 356003138
231427444 356644379
41762867 359135484
6735758 359283904
53335786 359483583
144993526 361165181
145804833 362829898
29796494 364116709
109567049 364196264
214953982 365143276
256175658 365883034
262890762 366022517
8897021 366415038
137222196 366662607
93524909 366676757
346722543 366930070
178701817 368227018
211468842 369448353
72446296 370042722
189895045 371422613
20263021 371753477
124777383 372613192
50252831 374283168
153442713 374766539
282495580 375202921
165121621 375434756
219161191 375619342
149056507 376047336
339626251 376526405
46092719 376839646
263702021 377352938
20739954 377380988
177558582 378078899
122930253 378309926
295715777 378695405
209770503 379641054
24176845 379673688
352057512 379681761
11877246 379763955
299357538 380001813
173885986 380230382
138162026 380240821
260918293 380371681
4880389 380656493
198359318 380718418
329265858 380791861
239356868 380984734
337214669 381077473
195758828 381573005
136514727 381623696
61757656 381745878
30302705 381760889
8533235 381893302
355456616 382501762
31254948 383187756
170610680 383570251
185255174 384740866
220872071 384784754
34392770 385903487
50058373 386417295
371951096 386937276
62324233 387341677
364225303 387365835
176030997 387539451
8895933 387652462
107038164 387985448
285450825 388409803
15493827 388901935
109354138 389936559
293589411 389955706
302557268 391022087
309307750 391301925
313367594 391321074
52025808 391824904
260846401 392212659
380414503 392399194
189019163 393197276
244698189 393519446
20186110 393585376
179688100 394718820
28056313 394734383
35053282 395342421
65974808 395509493
363256182 396195374
273289204 397073648
103399702 397073960
100936838 397230162
32973354 397299563
288677929 397957059
242030366 398542423
265662209 399579404
252279974 399983894
290790237 400288689
219583137 400842181
59408672 401215915
291724179 401385381
211498646 401427285
304027945 402422700
201706762 403739701
39758998 404174752
236784581 404203435
364505594 404784640
245365233 405477551
199397183 405940209
243953307 406190063
9648129 406839929
335516436 406859936
399416848 406907938
342826543 407026644
303256874 407564241
254805185 408768321
290759133 410757381
122675332 410845600
397841991 411184819
26689838 411653522
278354199 412702149
369435738 413253185
348563229 413677801
7842358 413731851
86902755 413915520
115542770 416073434
148860646 416413949
337884444 416433103
85617264 417065298
90023355 417073445
134771750 417320062
79431622 417614756
143929463 417989704
95438102 420374472
174941065 420561591
15755187 421815317
166792944 421851277
305868030 421882951
265173849 422612232
119760874 422782199
107044611 422943790
407743256 423316190
259328389 423450674
222912805 423731015
238622902 424685886
212893245 424896840
201837574 425674671
358645160 425811947
362199520 425922590
32946846 426891035
324855051 426935601
111974569 427139311
241009004 427753274
291120414 428349838
252109334 428609731
87145272 428887007
52088069 432023170
33963706 432248373
285088736 433190916
13996608 433321624
70660473 433407380
20591715 433462559
73105918 433689630
356946854 433874186
82498557 434103255
163822308 434141374
135511580 434477098
286624216 434494110
323168149 434646193
277755219 434703765
319486436 435872915
423006029 436273872
26725814 436363640
82821349 437556675
208818858 437575192
82286042 438753046
106869960 439495035
261592781 439722012
423282282 440175273
155776704 440359886
372993005 440388247
176722531 440418534
83196627 440852528
362177123 441235991
102161923 441775934
45756873 442107311
99143432 442446039
54238087 442775184
96291501 442807408
3865493 443219298
17673751 443274921
139986160 443499584
370655726 443835290
228556312 444247575
380771982 445403398
362616653 445868385
444149931 445981681
46862204 447149372
207538237 447441531
74269075 447505684
46238320 447582980
177540071 448056412
302369113 448840903
174104505 449607671
417763569 449717831
419854362 449759979
286192296 450117563
366058377 450322742
203915531 450941960
252336262 451546924
440234327 451885448
174353029 455012793
320227509 455041359
446400532 455074955
401461999 455098253
25482804 455249973
36174906 455899230
158030994 455902293
275430175 455928981
422385945 456711508
66856881 457790994
139998059 459142696
268623698 459558354
44859315 459974219
428277468 460276329
227492817 461238759
352346792 461318679
380610924 461383407
190757694 461416101
51608885 462490237
99434825 463457752
372087443 463833154
148624357 463934410
406697813 464691351
423019809 464705883
214759468 465746516
331224832 465821789
111377792 466080353
64080596 466233493
226200435 467235454
217373555 467354552
110646302 467537391
207824112 468898844
104647954 469625928
262453644 469910648
184093722 470280392
55503602 470785691
168975630 471837241
270989938 472061958
68632281 472066953
367346081 472117631
240913909 473104590
384997459 473939729
164247301 474339251
39727416 475182757
431455002 475234481
246977236 475996538
338565471 477852448
28544933 479385673
204529932 479692765
13522735 479736368
36554916 479768816
246608894 479925022
3457138 480772880
19410520 480849844
469421307 481419888
64274734 481477672
293729315 481721265
316729474 481870026
461324071 482147124
81683608 482487948
383389867 482771638
217238530 482814500
193363999 482916261
121809314 483225900
28485203 483898061
123959715 484084306
100999836 484420607
90587016 484524898
243464844 484540863
19467408 485050790
276436390 486477989
360001842 488460493
306944242 488925865
190907788 489189051
417087110 489238090
158319676 489562824
390556850 489966672
310894333 490406360
6504550 490485216
214696342 491076819
251882108 491205078
451225128 491271015
230571299 491363004
70479630 492119632
9487261 492407203
405121989 492529023
46155517 493272387
285143940 493744923
61586133 493997900
20251836 494358375
116804952 494507309
154843297 494956563
342208744 495594794
218889375 496085802
388489470 496116713
276435140 496144680
201107240 497607576
229895572 498150370
172677352 498697433
303834289 498898092
151961669 499510450
295620660 499547459
498191535 499939445
392696437 500260223
29055732 500397612
217813789 500521961
322636654 500551560
137887431 501840916
143346678 502267646
410699251 502447459
365526018 502728279
480366440 503439514
2824057 503452605
334437651 504001920
89203949 504245030
2073319 504306382
94718087 504495123
43384812 504731095
95929861 504898450
430563087 505006986
67938681 506035448
95443262 506207436
56890794 506301596
465892918 507570919
197032047 507834643
237062849 508117939
274030064 508449022
224561988 509167732
299173588 509398731
444685919 509510520
408475765 510062398
236038509 510270885
217344731 510593874
257653148 511033293
246304525 511641174
8919013 511733891
125713495 511942892
115321346 511975652
60914593 513076541
301862780 513232576
421881536 513861199
292224791 514317351
401455838 514372154
226044092 514925146
85594120 514930718
419798771 514999326
316688617 515880166
345937233 516037030
324346876 517358848
52171452 517386729
426918545 518391886
79005683 519831563
379433062 520182402
296536850 520368989
232860949 521462016
360708061 521844581
37363564 522184294
111214778 522528425
234869447 524710239
304771980 524744563
166559990 526747352
505582750 528412404
431275530 528836593
76291816 529318326
226188716 529865057
87712635 531157731
75309788 531628440
294298821 532400243
388114793 532603762
313133107 532638998
260828030 532914161
166462052 533009986
521845552 533028179
270592056 533043194
517620748 533072099
30397366 533171256
453635682 533567270
380105114 534108213
42823401 535500256
493884710 536147348
87656670 536219001
290911734 536834477
113886405 536902653
295142380 537010290
98893846 537129199
9003286 537439930
1937957 537466129
242296678 537912850
66942262 538254656
343065277 538377027
268751109 540821864
255256409 540856965
326232083 541426237
335823241 541747445
454719668 541760878
374179447 542322205
388162338 542967474
274019797 546202272
516810939 547313123
496433982 547354861
435464569 550279065
526563526 550546748
80072674 550716536
112173350 550728265
491783198 551577210
519777719 551774273
265284661 551954804
350425089 553209530
161513513 553287484
171026077 553502548
70808267 555792750
345869663 555925155
497702361 556131974
307625201 556314316
474208189 556549115
329515581 556748284
395687610 556782311
522584528 557677097
438075833 559241454
149294752 559364076
224944550 559696483
17228138 560165810
287776706 560593544
63503733 561042118
339826789 561220107
41743985 562813783
403996439 563545596
424142564 563652548
533336538 563706449
327343291 564082772
121061917 564130350
50712277 564456582
58892476 564715261
271371164 565770821
490190389 566031930
319538412 566044651
541232702 568062460
296232121 568363818
243098625 568911338
503752458 569271154
562101929 569890492
212896193 570715667
341793609 571063343
442269501 571196052
492805419 571550458
47514989 572617111
160210141 572796386
467663787 572952863
88518034 573070125
272698980 573440375
338674990 573690091
203591384 573960675
95243541 574523349
264730280 574762130
359680638 574894622
338640990 576187440
245206435 576201665
278866165 576995065
179789447 577052848
569970526 578054499
571690912 578078584
349501568 578204816
281471109 578234243
314007678 578806133
306417297 580661684
16169380 580891332
535772740 580997654
150858220 581355375
313125499 581780785
130602568 582564735
384929700 582863097
500256118 583105768
182453172 583542884
99262207 583623905
141983269 583789796
204116419 584644420
561173890 585576643
73476032 586095536
572198764 586504000
373600571 586676484
106881149 587402036
102382584 587471053
61624513 587577085
158971960 589575339
422121276 589831043
173531643 590091542
276822067 590302558
180820521 590989892
102614611 591527432
349103206 592038160
212197329 593395427
432127322 594566543
79554671 594839659
220566760 595396270
103766220 595721330
586524414 597564499
548029585 597708596
386213326 598390320
22294354 598473514
567577879 599498484
346707158 600550962
339172571 600844706
91223519 600857800
269966679 601056349
23573665 601288906
416530263 601891660
181116672 601932464
398692913 602712074
137199605 605462109
178354268 605860237
19445281 606292606
72775151 606862313
217427085 607366074
22837230 608453704
110074175 608959160
435637991 608973026
127446881 609066560
364579588 609333248
590925336 609725966
484223935 611800323
269094011 612267262
90283043 612482044
489615119 614102340
208750617 614825185
455618630 614832027
571299093 614957859
611931734 615259836
84294270 615332716
460738967 615781895
326115777 616439981
49036780 616482922
540929028 616720971
163771065 617586721
527116267 618061123
151531398 618646529
324028715 618895825
139420794 619001708
559346828 619472686
128161345 620128269
234571393 620208832
169852758 620668954
578427727 620870968
149808691 621250447
228818487 621364421
588546070 621683180
487094089 622123736
351816284 623359536
95640760 623476257
413627002 623622208
77260628 623694408
355984430 624209095
523367002 624828355
288323691 624887600
172085730 625297134
510935318 625567279
278916093 626174864
600744472 627401005
399801173 627663930
571817397 628087569
287393044 628129902
109892150 628380445
186849089 628455826
286031469 628661767
49741912 628974970
85164638 629469758
111962618 629529634
525998133 629559466
179211127 630347626
28976421 631027151
438873305 631805101
392549436 631853234
192238361 631879099
94619941 632675750
28885656 633850890
622884465 634103132
72783549 634180068
298317266 634564505
204899584 634777338
400593253 634868136
36174981 634970320
520223310 635006892
596874509 635034272
207164614 635882638
492375001 636277151
399400963 636403480
398253845 636514049
485715626 636628170
139451256 637383178
232393449 638425819
45361775 638510298
587170400 638828277
584930284 638830868
39187641 640358000
631059538 640411183
541056083 640813410
128469648 640963201
131913912 641291899
79221950 641826094
539259339 644083339
505747035 644721794
215132999 644762639
561656239 645480371
224260013 645546622
260097663 646116436
311329191 646358956
282908214 646844889
415175587 646848101
229116063 646883343
25711507 646920746
487425691 647097158
414908379 647243507
369129459 647820968
500538340 647904394
584282224 648093546
49727014 648860431
110424461 649361555
261331328 650521456
267640296 650899389
593214190 651771453
421920655 652073593
79895205 652591587
115314203 653325588
370143679 653859432
499799866 653906840
204028199 653951917
228350410 654120701
615498486 654425574
539349954 656726423
46267785 657009866
644568464 657020678
58438971 657293727
283354226 659333898
531249683 659925285
230196173 660795511
599241709 661324144
416297870 662903891
267327182 665795521
620902414 666528264
122165977 667404909
104046799 667615110
242430890 667732486
553107259 668533699
645440408 669245412
28641122 669409651
513971876 670245892
611903594 670363066
573971917 670977766
671211034 671300068
397548829 671461029
252067809 671702960
334036482 671765703
284126227 672126463
73397796 672295383
127111387 672654595
537381941 672815576
661864633 673386349
500843370 674040765
108651409 674080503
82284964 675225743
635678594 675291623
595001624 676203861
126885092 676902038
361598296 677078766
515202792 677443517
576207990 677519158
315049596 677892899
548976070 678009823
458669533 678138589
663219472 678908692
52240598 679105044
438730820 679184909
341573793 679344783
478436621 679403161
289123544 679569434
552353558 680905661
534561675 681030192
673172645 681201226
498556733 682726860
465754401 682857988
370648802 683113983
32537534 683633713
184010473 683839113
604895496 685064121
110921187 685100774
134568605 685151952
538906872 685157713
291775747 685529061
488887167 687012457
541132652 687192517
409802027 687389215
239452646 688145019
612768309 688539224
549707309 688558332
101125543 688971739
548090209 689942773
162139921 692282715
539015346 692636041
257162149 692784266
158793323 692844452
297349931 693184662
20388697 693500418
30580217 693666200
370300024 695093144
449712390 695124950
497269977 695203588
46311811 695332002
648260050 695733442
111440984 696673803
101805264 697831850
645271401 699179107
159576679 699662739
531709975 699804781
466193507 701510455
554467461 701650470
649532811 702324447
673696670 702568703
206155655 703135422
244427988 703669999
17849835 703896251
451390063 704909031
183913505 705104232
316788025 705356606
457104723 705704963
403946251 705948102
233895274 707753204
400300109 708363670
58716801 709002940
164040426 710086282
645032592 710761774
652370841 711358081
703163769 711418853
193012022 712415797
26750751 713540783
497309415 714047549
266163762 714056119
161844669 714238851
523990560 714674939
9861146 715290142
481836723 716514111
273849538 717247362
590744540 717270057
244855860 717675036
288920790 717890524
605248730 718209663
301161314 718299131
41886565 719019848
412727015 719940864
218139419 720304301
115440589 720510785
634350819 720707493
141775532 721942199
502608562 722325158
390446261 722588781
448787181 722990363
208684317 723553904
277301196 724579761
404223183 724942043
146065456 725090074
147132087 725253079
201062049 725350988
708859298 725604357
300073562 726116031
657542624 726366175
630470407 727141864
81430423 728029842
163283637 729454074
20966108 729899704
511599285 730047411
404791958 730056794
419749628 730067359
325915823 730391593
488801398 730440802
431293796 730882317
144746395 730900352
594331539 731114684
114210063 731336225
440864983 731921439
562594686 732663779
534619039 733671872
403148880 734109915
623735022 734544236
657761924 735328992
99838680 735676026
528209795 735901844
16091952 736813707
285333565 737396783
562053479 738723700
642826268 739032411
306112054 739583892
461168612 739589868
586606247 739762068
519112767 739850985
299298885 740038556
325383728 740063784
110207901 740547125
41120668 743167150
380702976 743287953
182065555 743434897
505845278 743478242
583883239 744197378
335484272 744507173
730194316 744698985
245511397 744831049
589527844 745223621
112771868 745335767
75905397 745873855
441193039 746425637
83527823 746821322
491285978 748011270
222641528 748186710
509591916 748320419
555967761 748893389
160048346 749123548
713219504 749142633
593884370 749598769
471992433 750643529
403141897 750661768
328189950 751774758
569190604 752040922
176602324 752200689
7199471 752580218
670409667 752602571
453029682 752608251
188169536 752896795
272084183 753193581
591348452 753274001
662669110 753948408
411333250 754956877
503545550 756086746
379464615 756447804
412186658 756879353
341424243 757579323
225726070 758101331
665010143 758128295
228089679 758881606
429921936 759269076
309302556 760976485
340642372 762315606
84953114 762865367
130529594 762909563
301650145 763347749
239280072 764372032
41417119 764501727
443686877 764615757
331030536 765194994
210772505 765229138
57931144 765717379
80018569 765833970
16966258 765958343
377336189 765998589
84914247 766295417
655537133 766692217
356621443 767065908
451625430 767132583
218323270 768224102
25215406 768905264
268825672 768909494
574016347 769036705
661954137 769616471
261405102 770224744
583932667 770697016
743173242 770999306
638075913 771123176
637073778 771472675
261069278 771585667
626090117 771666751
499685864 771890376
308717518 772016218
115226020 772620221
357977016 773651849
371850963 773722187
413217874 773833765
614355288 774358525
468392968 774984558
745421977 775152747
458982712 775760293
162840375 776337104
396551521 777285752
219561208 778309391
298084272 778502681
127453274 779036788
710734242 780349600
268604658 780719296
11329946 781171158
621977566 781247332
219975987 781381330
248253035 781467108
703527165 781810060
355337046 782328578
437760569 782863346
648614102 782980241
463014289 783222153
99585654 784552957
462571287 784855497
7980857 785150180
610650395 785505587
673125927 785714105
668928060 786261405
486917479 786529710
82006370 786698957
321448338 787002754
673749593 787006450
636805832 787987781
185985706 788193366
654779057 788393686
289419408 788673121
540344484 788853477
309434347 788937243
209275494 789525645
10359705 789651450
75772168 789658080
390980010 790648634
308885467 790664235
779925579 791615005
239356673 791900767
740747628 793021705
168333302 793669878
186154345 793851586
94560713 794151479
191088436 794854530
774973937 795133599
370597694 795673788
462842230 795782242
574769421 796106238
794841501 796401123
246722312 796439783
710286320 797482930
729459221 797884890
69905635 797970639
388663446 798772345
594755452 799105170
581845343 799433858
158291403 800217175
269149186 801744141
78915240 801950861
78210882 801987814
387855683 802868880
205060036 803072889
602554918 803337304
378445571 803865805
588370613 803952973
26642016 804079604
154023522 804583966
110135493 804732875
393081637 805140692
159622013 805155690
778931447 805865143
602498864 805889189
276462369 806210378
343858826 806243328
101475494 806259790
214079743 806713182
653517714 806912480
437218200 807310299
239815921 807542116
531210360 807854332
11097555 808024888
26454581 808198444
671191927 808486008
292797426 808579181
126370541 808759853
269640623 808796521
780670214 809260892
216011458 810032891
373463054 810329431
