917336792 2723
193946 386617
192020 514303
1448397 1609146
416330 2465631
1362612 3054902
2800569 3079824
2666017 3677014
3756434 5195287
2746297 5236782
852069 5262958
1256244 5513981
2392029 5936737
1690478 6539910
1022876 6689699
6732179 7287689
6379559 7664697
5724153 7964573
362370 8465627
3296270 8496477
5498508 8637397
247261 8837826
5769357 8884727
2210177 9000246
2320113 9439810
5544972 10413143
4328526 10486372
8417418 10719078
8522887 10964036
10350287 10995468
2550114 11638128
10052613 11756037
6339365 12284411
9863027 13045037
10553263 13090572
2911607 13980124
10008176 13988395
4326501 14266891
3106937 14343130
12595837 14631740
10043887 16362380
14715661 17033393
6954955 17106167
7379477 17505429
16210261 17745566
8275528 17771651
15598555 18202286
17673988 18669832
17808449 19324574
8280156 19527882
9979422 19914264
10782280 20879934
1267878 21983221
19335747 22297598
9451519 22887478
6598932 23937225
16412634 24123279
17418113 24187776
15556187 24432693
3798741 24595818
15618287 24879337
19708825 24887923
21095350 26012548
533507 26469003
697072 26810044
12044563 27346533
21614038 28292044
23250992 28657914
27195159 28676323
25330646 29327728
19348614 29765786
8477394 29897738
1361347 30016860
10848408 30067788
19056844 30480766
8097141 31296572
278132 31584326
6974529 32595526
24006754 33056395
11788271 33579225
12990765 33921016
15819514 34105041
29361983 34369402
15141376 34429377
34053687 34526959
234658 35237043
11252115 36185386
22801338 36410621
28400951 37220881
8328215 37958256
11472807 38308767
878498 38419510
18101737 38846590
15878836 39518916
15051306 39614316
8357042 39665607
21083108 40031758
13496492 40199829
26617944 40265788
29359133 40412899
25637588 40440143
22540474 41796472
20301687 42173353
16058452 42225132
5550260 42306594
33242812 42841430
35948605 43080246
22502729 43248358
36895861 43803454
32863184 44390415
40234647 44494445
34618331 45202134
27763976 45553867
34497030 45571865
8994045 45594229
39960863 45686937
17147647 46024198
43027711 46150870
27219272 46252442
42338438 46579395
14070580 46692547
41144880 46895453
20137415 48010675
42862137 48038771
6797944 48305183
40241816 48547698
17257476 49363700
12983194 49608338
8749985 49637221
26067087 50386094
26992181 50507005
35668708 50861206
19045470 50975888
38501244 51032193
23106790 51370881
49722604 51449955
52164474 52220894
3111506 52431281
43190996 52440865
33765070 52830690
18444583 53051750
46135678 53206343
4255818 53793636
36011757 53823657
46531104 53837645
1761901 53928441
24466108 54306341
44520349 54704649
36772445 54752116
48074033 55149149
50991763 55440201
26009543 55801995
20362988 56084998
54748004 56231894
13098102 56485076
31693591 56785732
39981995 56994187
4908513 57387099
38252719 57580781
7930863 57865664
51837543 58902030
30473636 59293055
25260813 60317697
2399703 60355360
25074733 60970412
6453819 62130263
14392913 63368784
6909319 63469991
36725267 63550909
22642845 63672956
15566725 63711954
30185627 63743858
38861579 64142253
53679488 64423563
2629642 65137517
57571356 65404486
52841535 65536384
15204182 65684199
6857640 65942929
29548844 65981571
27593416 66703211
60425006 67205647
19769593 67468301
15577221 67992187
29639535 68285434
25701125 68383358
46104419 68464667
58323261 68935825
61321953 69920950
9603750 70097670
49376187 70598465
39776311 70735175
64142845 71106908
63643663 71323800
42979125 71586605
52240571 71640889
6772935 72412869
54245835 72636630
62917944 72764497
16688260 72935298
47080572 73139403
3880786 73715759
11214891 73957241
7491570 74196644
57286603 74535675
38559594 74592976
4208179 74964831
6935765 75034982
16208013 75480488
30340631 75503688
68003758 76316096
49846412 77092846
61572819 77125674
71922957 77574773
39838502 78181129
5112569 78454672
45623392 78815029
61134903 79562826
68718421 80452013
13116106 80718620
17346907 80862708
64205726 80947489
73194700 81100197
66579781 81798185
70873136 82443746
17624547 83214514
52774529 83232731
65779405 83433624
38516767 84362453
76926563 85089334
76435456 85618345
6852913 85651607
56216060 86147144
79568418 86351991
11600144 86719005
60071920 86801481
76854759 87043010
613872 87154349
13667591 87937578
27587881 88034262
78629722 88603232
35252172 89572926
49032859 90003727
40017743 90168169
81536050 91199218
25330954 91599860
52406223 92717138
77979727 93196141
33377489 93581626
30002963 93974891
9837341 94563059
89108025 94730448
61010620 94971045
55725169 95136161
7678035 95546461
22600411 95838183
19345488 95964769
49067144 96337808
17130224 96372312
95556168 96409146
37305877 96418952
78363157 97174498
80615428 97704344
97092957 97808448
4065566 98010616
95635101 98798525
1377907 99468809
52887632 99622987
90454308 99856323
60283109 99932365
6288073 99995695
98635702 100020480
44617477 101183219
16154250 101262172
27766455 101401836
34855121 101849305
93348669 101939191
52711036 102675478
33043741 103074136
10825836 103511043
30951668 103622597
36650765 104548898
72213435 104699672
86902779 106382515
40902552 106555951
70183001 106802500
19029631 107137651
28689013 107244996
68232388 107432900
29459441 107737722
91247580 107778852
66773684 107878349
81564334 108382797
86800064 108489034
79097464 108626602
35911492 108646536
15659579 108751777
1497395 109648956
41672985 109898475
17578173 110534395
24990854 110569710
39300964 110926051
4538863 111071405
24274268 111527583
63436649 111849867
14179320 111952529
4423450 112007019
3844841 112229742
109899974 112468901
94278584 112864624
61433702 112876378
24278503 113303990
84161741 113414289
74368947 114030248
80300891 114178953
60550224 114680100
100486252 115617394
113514174 115966258
5880890 116274624
40545658 116504245
8082397 117050330
96759714 117162146
107257918 117253910
67718801 117365239
34624505 117589789
115497281 117821652
61899255 118518264
80112969 118764597
24135383 119361469
3760860 119550081
83836351 120022932
14729916 120304336
46430793 120820733
21216390 121015356
121152536 121316741
100501105 121475868
48765437 122425419
48379713 122592087
42941044 122953206
7856559 123412451
9467038 123606746
29142714 123748746
63017284 124733989
72739428 124824816
57678745 124925855
93424469 124983013
112484684 125333497
105477347 125733745
28277664 126245117
58373901 127267662
42344458 127421942
113396565 128107839
125522541 128229874
6025057 128655354
4904285 128959268
75979382 129229592
81941522 129523586
93640524 129888623
69436719 129940411
65905032 130435164
48314703 130845037
68955913 131054916
7092644 131399423
72354869 131537526
109373081 132022175
108926330 132532022
129598187 132588691
16145999 134643140
98772364 134673918
74757595 134691514
39104130 134699074
104223344 134785653
13213215 134913850
52849329 135708318
14574839 136242828
92448937 136348814
8540004 136464761
39980539 136547282
102937152 136596008
34225106 136907338
44273718 137428621
96594938 137645895
86042419 138575383
61264367 138693323
137838031 139713405
61911067 140066531
9579584 140290689
127376452 140312769
70224415 140516989
22559946 140538971
9838681 140933847
95297629 141316844
36814829 141543509
137171442 141557685
122484773 142826293
75534198 142979464
81836754 143339425
55346721 143900166
12156145 144085921
122582102 144284412
74816146 144879199
116227206 145202635
57376561 145467877
51905810 146005398
127868776 146227848
99128754 146759512
64420147 147712987
137894309 148583111
91560430 149473575
123109067 149582841
51076018 149747617
18508743 150562193
147708016 150628538
135631662 150935017
37557332 151271045
126224037 151829963
120131855 152552871
129450970 153293802
105889589 153361145
23336121 153374690
40531149 153606870
98014298 153872603
127617594 154025294
21480126 154617356
132600565 155134639
135771710 155286884
143636367 155520468
70614606 155769985
90750164 155822001
9141847 155909763
34060501 156307389
47291233 156600777
120485151 156702022
5926998 156841992
19370993 156923570
47572290 157648669
97992133 157905619
54129098 158469918
40754498 159452767
11324229 159503310
123209772 159723819
44193060 159794895
75634532 160132892
151420981 160292048
114554182 160813493
44440154 160826320
144332950 160933817
143392861 161136781
155650070 161273220
83056878 161511208
32600594 162272728
83782084 162643856
82210400 162672188
42990658 163487387
2424397 163618852
157805630 163831147
55737686 163898649
154235852 164006994
128464263 164311020
82190136 165099343
38115120 166098847
44299793 166935416
78862502 167471357
108083100 167837005
21986006 168035949
123233311 168870959
133759010 169470845
122029693 169561462
9085306 169700096
38485235 169771713
51234590 169861848
37266230 170003862
101581846 170012987
55941826 170057841
73293235 170178179
110803735 170588394
67727509 170838559
73874684 172391207
118142650 172598530
145485830 172936617
65863563 172954577
87788986 173478161
36299651 173514945
147739562 173945014
109635335 174285009
13101655 174456005
69244955 175192391
37271556 175662861
138806124 175769122
36572694 175938778
74662275 176389996
135687659 176481918
113937482 176929446
37367694 177267951
84425482 177352908
114891794 178061531
17250840 178313950
87225073 179008472
171229560 179526671
84774718 179594857
140166710 179697961
32773470 180256216
179656481 180524569
24580573 180570795
6527814 180866370
147566172 180968413
79284367 181177669
166209592 181265217
115244097 181307116
30379868 181377127
139216093 181817087
10379014 182653365
126404541 182792134
166141536 183106541
2182429 183130389
54969973 183357830
23672139 183487589
120680331 183997682
23626423 184371611
154808819 184431006
145073748 184772195
28150629 184777388
177539682 185092849
27901898 185407137
124167026 185424582
128381397 185707041
173162256 186408247
150871080 187366338
86259270 187453419
131622570 187985179
92663112 188569369
100139507 188620728
114026320 188897727
88671680 188900927
89066501 189375455
96581828 190033806
152281648 190055752
124149527 190086832
182998942 190135210
22344233 190237897
141969542 190465021
16881238 191096973
11697216 191300917
160782847 191302170
52971281 191304919
54824788 191449215
33822320 192255989
154926326 192347797
169468181 193835307
21663858 194167322
82868139 194356861
49467167 195031276
65915226 195064122
150599798 195094353
184613284 195125468
186079282 195610603
124779571 195877628
187281085 196040698
139424284 196635637
172274378 196672987
153233958 196680953
64759616 196696920
56745585 196860140
172359098 197395233
117523791 197640167
90007831 197751688
171905616 198228043
13439504 198296285
109653618 198449031
65485961 198457763
147451127 198777791
149970065 199085193
81954221 199135123
178860199 199206505
177946871 199689093
103064805 199903197
64408565 200026860
165915074 200276256
33979330 200377493
46741384 200451465
117626820 200717966
99220487 202042051
193062540 202492857
643427 202588387
75763491 202745849
92531560 202887759
198220543 203326733
95619849 203425997
118134455 203835041
121975668 203862124
41707843 204304129
80050373 204617158
84808544 204630459
141606097 205008480
196240208 205177906
190704429 205403307
203326749 205804192
111241533 206008093
96179346 206543090
47390042 206557760
26643330 206702940
79217262 207485909
165245566 207615974
69198756 207935958
96985107 208098031
154726240 208407379
150142989 208656820
127307266 209600185
64452846 210721939
166814648 210831863
40429369 211643574
167376375 211984132
14202917 212095013
174480467 212218564
3462147 212556667
157237905 212925706
186773559 213331115
84357190 213337359
187744773 213365960
26160134 213624962
156539565 214319420
15438343 214430857
75405648 214444340
31238584 214478167
67500655 214845200
3305602 215561151
115559228 216252126
193256600 217536086
82344306 219421874
6750763 220099303
161193493 220623212
132158746 221026574
216536232 221033254
51865893 221259853
153633447 221515156
196838041 221757333
140262406 221865323
214365095 222570945
92826466 223194355
20196791 223673318
1541699 223676726
194192801 224471139
101608542 224550405
26667419 224575138
136967839 225693006
84662197 225761956
183084610 225961915
187990109 226182482
10688174 226315322
69459182 227347384
33127835 227447417
168975279 227577138
70837521 227680407
79366368 227760721
5532017 228749582
85536959 228751488
79113548 228753552
178368297 228897654
172443266 229399508
94733109 229588336
229125450 229854038
102693263 230197549
151694096 230354529
101809597 230485676
144586551 231514366
45041344 233088775
206588499 233366666
160229462 233715937
138924674 233788084
204779097 233801812
133498112 234129924
57804788 234505088
76429485 234755630
12923902 234838971
90829409 234942862
228215109 235753477
81265278 236040350
164267425 236880018
116786876 236966866
12511503 237024598
113495667 238466004
221976561 238813892
87791123 239010931
135947333 239209017
165433293 239954468
195004271 240036388
55220301 240401369
238283355 240449818
71128453 240674409
69058730 241055451
3437332 241625540
59047920 241749320
172666928 241801283
159508719 241930483
180585977 242303724
117672361 242585934
26835874 242758675
164613057 242928365
163878693 243314116
220677622 243596126
183881160 244818410
189035165 245342999
114863506 247004450
226599163 247095201
185860606 247290014
43622302 247388582
111889802 247401829
94817841 247709210
201942008 248383575
194540147 248572047
28089746 248751391
23544946 248797955
206372115 248800077
117716429 249625584
21871531 249692729
9002494 250577555
131839750 251098500
146908168 251882271
86892353 252262815
200705651 252299462
246268365 252384490
96591022 253317714
23566943 254425532
243471047 255021907
205499279 257407998
3313866 257855460
251221676 258061280
176573436 258528789
184186606 258552756
8413347 258631514
124601149 258673768
179059431 258767128
163436701 258839969
32040480 259141771
237377215 259477541
184719865 259746716
19218774 259813813
149884022 259942308
161437720 260061475
34600432 260962471
119363833 261012715
134343673 261226588
20031914 261964169
217289342 262129485
23404467 263111904
153093216 263457617
230714434 263724640
22059583 263917591
125135539 264022749
59557499 264097503
59428867 264314425
97776244 264728470
63412664 265150787
173518125 265217574
228558777 265292726
134307683 265600825
185141372 265654712
215706315 266056650
94836948 266471063
22060319 267101753
40140848 267465853
173472264 267774444
223448201 268227195
40482843 268386551
33590275 268461704
208816966 268632170
257156981 268855195
48589681 268945319
15383404 269096918
80094579 269179527
94800297 269497279
137182066 269600162
162346910 270031130
51122115 270799256
117272617 271309662
186285442 271785810
210535246 271813973
149022820 272430413
103968155 273293355
36654752 273745061
28082947 274698864
148388674 275189772
101038853 275430635
118366019 275775600
148181865 276426258
35993102 276956264
136448507 277728833
4511599 277796138
159234271 278558678
118362887 278639956
238836292 278957133
150144610 280239879
10973802 280368019
21613365 281616023
149952947 281692505
115070811 282239469
184558282 282273882
113285264 283108807
99145547 283208078
35685944 283672480
25481787 284030106
143321375 284148983
47841143 284174545
191656450 284201859
131803093 284550580
79165353 284601154
96831414 284616374
23314645 284829129
107463921 284864301
227922800 285097799
264581361 285238382
241666457 285274269
205263484 285600142
24603192 286259060
887740 286553943
178110816 286679847
47463863 287452266
269791771 287501716
26105780 288379304
92887561 288688002
163555809 289003996
19239357 289166519
227191194 289254417
33264211 289503519
187264271 289697764
262282340 290582496
177556957 291137774
280000806 291520915
4212033 291734220
255553125 292289235
147020350 292330127
168853576 292578349
81365564 292581514
25115982 292738827
292219832 295106983
263705374 295223021
98237784 295868914
56582488 296057614
179022209 296149537
63331730 296163217
167931170 296646425
61842370 296678055
125031806 297022316
34798509 297367698
71249889 297569874
26566877 298201929
229061862 298247551
25328365 298502531
220989259 299302225
181826489 299649271
299421569 300114004
213522697 300673800
253715070 300721790
111837034 301029732
293732709 301244724
9969555 301404623
112302603 301855258
267039306 301948469
111870746 302591482
51546081 302603610
49693525 303830688
94319619 304136488
77062779 304605755
283536916 304720708
72818413 305590625
15356670 306245576
199739525 306757997
284324053 306853479
113655926 306974008
8506904 307865481
263080121 308088001
106757135 308236685
226906256 308476071
64867686 308500564
48951553 308874335
98676566 309099593
251968013 309339287
209740290 309543794
300713937 309698653
51482884 309764936
31549909 309771854
206894717 310833454
85805207 311073688
40113417 311700032
8367845 311893274
216765631 311903860
272776278 312286492
238521931 313121008
160948772 313387549
255353442 313636581
202383679 313787659
751900 314247633
1775264 314448109
284509522 314534829
233219524 314541140
57185685 315232805
156814023 315238244
18399727 315333284
293619748 315439688
247315590 316003118
11182748 316060591
212659775 316778095
254145288 316895671
226220308 317177605
256358390 318189694
178529566 318330924
223167664 318542157
292515330 318912996
15792090 319015444
111422647 319146167
114180560 319214924
157019855 319219126
16095972 319436464
202592475 319439995
141119457 320500006
305208414 320688525
46686778 320908129
270471852 321558322
286268462 321791509
98777872 322068194
274580238 323597909
238948106 323683579
225749645 323910032
230322090 323982677
287577252 324560389
320165434 324872467
120964640 325230705
264835686 325582029
261436297 325791387
15760469 326470523
173681275 326816194
71420581 327854226
197187321 327984548
186747505 328496065
152635084 328639663
165913121 328801652
86516262 329483089
64477335 330049941
21950631 330340419
272627988 330403617
92050510 330629144
278636332 330630318
105310995 331552219
330751396 332635418
275896164 332814732
206624423 333340440
291147290 333549977
302765348 334123586
116945353 335494091
210032208 335719222
273510876 335758297
50591533 336009524
147313558 336082531
37725413 336407510
224842673 336554359
311480685 336785720
152993675 336913553
193808760 336971046
241544033 338309500
270409290 338894300
102479035 338920045
287095173 339367536
166411015 339449417
27411957 341725115
84653582 342144693
27880832 342553406
330856732 342703379
332588154 343294376
310511847 343976300
98592035 344020606
35667341 344237561
284125613 345453379
328787789 345715703
232464034 345891224
45467490 345900409
273447175 346075664
106355595 346562545
214916309 346813689
303565786 346963111
266318989 348066643
175604407 348091691
105920348 348477344
165301919 348792421
74720456 349161650
63056241 349209592
100681171 349454249
215931731 349971252
6090311 351303652
101614853 351550190
104227967 352081592
191474535 352307987
77627841 352422052
302297724 352586876
172026371 353409729
166429167 353637494
100561552 353726040
12500527 354904306
340033283 355206200
95015274 355313172
254808836 355377386
54394617 356324708
157382015 356687406
16202149 357432070
81403749 359726298
319600605 359899869
249209980 360246324
345486917 360575970
293549918 360599424
350498733 360962093
250030346 361233716
201448073 361896423
197079816 362119350
29957689 362705174
245543136 363067287
74106051 363554412
313283414 363671804
56706109 364216401
302525120 364517360
331242281 364794830
263718223 365836032
242301388 366502526
199873551 366884952
184011475 367372859
203048089 367795845
172122379 368177803
295555176 368244038
208675786 368402997
306647638 368489143
266907064 368697151
264550522 368884872
118233298 369091642
359713571 369391358
314683791 369851267
25379853 370096108
59488102 370737313
244144324 370929903
347544436 371530467
131857842 371654954
346355629 372243953
24415726 372545851
323336888 372836466
252153248 372903258
97728860 373151463
35499062 373157142
311633047 373226335
309494383 373258546
16754016 374217497
51545757 374357052
296017216 374694095
101416151 375710135
21257499 376230010
133282404 376422796
335203512 376630377
107587347 376860185
317324111 377154548
198490419 377326014
155171041 378146408
246266194 378312710
168401460 378950986
294754401 379562970
185692316 379870343
279282100 380058720
98116217 380170142
196623488 380228534
100844046 380985420
245913604 381072285
346430632 381200642
79558284 381850209
60697674 382007330
286293859 382261477
158641318 382345678
96108368 382518778
318287307 383904569
244104748 384616655
114047156 384703015
247848203 384989940
5200160 385048429
299685064 385725393
11805286 385883259
358280530 385936672
63349449 386225708
278929923 386541432
35116048 387110521
201284349 388121052
149830358 388131329
256313326 388559248
67032637 388576441
155682503 388626934
191220050 388771388
61515645 389158403
386559138 389265448
367604980 389314864
32912228 389462671
370094586 389778608
344214145 390098420
270586045 391275136
327149391 391760672
105522901 391948256
53073262 391955648
306219996 392119973
16075790 392301932
262531675 392371764
173377701 392384356
73829684 393011429
329601521 393041909
27758322 393168977
36980224 393281683
178769229 393463105
388341504 393587393
104060401 393804696
52715407 394128811
46702824 394462282
341522416 394477788
229133383 394938572
18351664 395083044
172388167 395194670
160497823 395685483
38077216 395893219
188877308 395927693
89539994 396523871
303552487 396604167
237906901 396740621
4757586 397070284
376278657 397370393
229310263 397490945
118419447 397747313
198072685 399603117
25437646 400213082
305481521 400294160
106865900 400478590
246459747 400517764
362071300 400867198
210682381 401175259
87961873 401555761
274487327 401669859
123457740 402291574
328782375 402804782
319410724 402960009
220227350 403428544
22173502 404553703
278180318 404667514
62499404 404669846
373888072 405390091
390901397 405639715
212851081 406021368
23913764 406238126
3476379 406604248
88649119 406947348
261545947 407363889
344549680 407653270
225119354 407822816
30248773 407836765
284197383 408716855
213841117 408851450
135801586 408867815
85614191 409438652
311556703 409523939
153800324 410515300
314630792 410974226
366894784 411195291
277080905 411851844
344216378 411854120
383741091 411912455
182577693 412126703
310017409 412914941
168953677 412979872
225527973 413663422
164830074 414258193
34990843 414356097
15881287 414421302
196063949 414572725
305960888 415125005
304887266 415256156
313996184 415272745
76481230 415568578
205384085 417250392
375374745 417261525
71788673 418280549
15320465 419039049
127536915 419066434
121085978 419181655
388621861 419319791
295966997 419867593
361231211 420018874
302666988 420409904
276842421 420765622
420106140 420766169
363701189 421064186
231826004 421828050
232788189 422140360
29653326 422688444
170859217 423182038
193553095 424036174
149501015 424285833
8466507 424668234
414572325 424820369
150096761 424902991
393066843 424943191
126188651 425096654
6924046 425363326
13702022 425638541
290826230 425856457
362533954 426352110
87670826 426856330
137655229 427118172
246962144 427388086
426384812 427824906
178613224 428864040
203086732 429409692
189170331 429445068
53433682 429524064
46476238 429674174
17320314 430555372
83596608 431026248
325839260 431075916
351387750 431086099
199712345 431290170
416537807 431466170
317756248 431562315
250231322 431787062
391276493 431856856
367157926 432309613
50949631 432319929
281791393 432734978
47227301 432852219
200296528 433411355
358978299 433427574
69205517 433437032
82219361 433440307
339430157 433724841
132435312 433756247
173213761 434109837
281392874 434202442
304219445 434230126
431285332 434535498
200792336 434766215
123937081 435070154
105178209 435408238
207534324 435802615
20787734 435862575
97159093 436012902
277053024 436423439
281574881 437103935
293958638 437151164
292287721 437575275
139310085 437764151
417921719 438462529
256429155 438567474
439236492 439591293
95450580 441297096
391026733 441484196
198922110 442228906
194179448 442679191
338742745 442684310
133229746 442790899
131063349 442963471
106897992 444523244
426920497 444672528
360631637 444816955
172262054 444978833
245842512 444991441
24618929 445037782
292711201 445110666
269172695 445272924
274005636 445687577
361636730 445752742
381833648 445842218
368967085 446269354
31753141 446322576
61857088 446651673
395416370 446734368
245846224 446909652
233650137 447227484
445079316 447238550
432525505 448368673
21821375 448492162
287969650 448594975
6359435 448974465
68282921 449959440
220924221 450118451
103140989 450399174
174905188 450622737
272855064 450644618
285774895 450827761
207934875 451297966
235114088 451439275
302817778 451728194
4837678 451957098
217511276 451977037
278132927 452273483
61983167 452407012
241739071 452446240
189791370 452455727
152106049 452792863
390779686 453332324
416228877 453338845
409304206 453409790
430287102 454795020
246494916 454799805
263468903 455207137
318603452 455210566
296444679 455249284
249186064 455407088
271459835 455701375
446844639 455734419
68335033 455953707
309338538 456621839
243373678 456845305
201651836 457515303
202713192 457570118
153471315 458074420
397431358 458140080
121103850 459452153
330347045 459643464
100412652 459691938
178382788 460759814
191893822 460945790
316347911 461019776
456566652 461527069
123188269 461606300
253710120 461871780
356206105 462034612
69087506 462680462
450680559 462704843
317966437 462784809
76919462 463140224
264763435 463240697
75276970 463797600
366598514 464354972
369325234 465788241
374145917 466734630
70724511 466885905
71808817 467469004
62710596 467608041
264082681 467755491
274427478 467946214
421424791 468348493
388445152 469602869
241738487 470025397
185345869 471025584
144407285 471961675
184230373 472280450
72417844 472398366
259290816 472475501
413712881 473302350
309429234 473416882
3801102 473776200
237917939 474532145
382655452 474652184
350313612 474652516
113482065 475249009
288725571 475493974
175490478 475564922
284609705 475630766
387781745 475805019
414318017 475805859
345024527 476188288
307794407 477406345
464735523 477985135
413480529 478069929
267612427 478647992
227390365 478695645
171818430 478957488
75596950 479301725
260070724 479506741
117907530 479548265
469839845 479791518
318571449 479914427
16151929 480204550
85090101 480682727
81140010 481287780
136879988 481383917
97640263 482002797
143341970 482031668
130680993 482263505
437333908 482266696
283527515 482358123
177136146 482457023
48531336 483244464
38124437 483313133
309487033 483563595
186266395 483843226
451223127 484289640
31488442 485492419
60479723 485662275
312430278 485745219
479359713 486437453
285621070 487302358
160441990 487868591
387907055 488027584
359199548 488309700
47947504 488560950
306255620 488756164
18522675 489435910
80120857 489632250
224004288 490136817
194734234 490352619
102795999 490751407
96782825 491202247
349988587 491277706
384512742 491655751
278366961 492048297
113311954 492050544
488613315 492110443
229634639 492857918
387525760 492940910
134540721 493842645
110328080 494033333
376827062 495207214
26831954 495599841
284193812 495959287
116465935 496103485
239023577 496293298
51744334 496436055
104755428 496488966
149306411 497307685
22733053 497403233
305395645 497695636
463642521 498024169
284219145 498044154
18227955 498125404
116919494 498276414
94360733 498419894
402121585 498504742
194283821 498570090
224190748 498970225
409402052 499555766
179755686 500689211
283855148 501024039
17674899 501407859
141515591 502179328
27344550 502208994
475340822 502573020
339362499 502663243
368338862 502771373
46179775 503388113
439276564 504472642
228861588 504526017
85003480 504876605
148353230 505170435
496833717 505576553
202114369 505974649
162192169 506004663
307179938 506009972
203685450 506124892
390501919 506369952
316934767 506477131
398555165 506910567
376835412 507620613
329588455 507788386
239514186 507805549
78005957 509528130
214453052 509806364
498868166 509962614
29715657 510212681
44259722 510540001
384263375 510701234
33157391 510868361
385602865 511185296
279713603 511720562
195015586 512520638
355150776 512742064
222253359 512894954
379458277 512972546
78417725 513297107
321025263 513550479
225159145 513678691
10120585 513835935
22212475 513853261
443394056 513911654
180081946 514168082
242419709 514290087
501912751 514830653
416643477 515295892
187664687 516382514
180705183 516591487
107838954 516912945
217161403 516935267
285711179 516947913
83359533 517657187
411048595 518113538
306246684 518121509
145604572 519044019
39067503 519048207
288063450 519122032
56446512 519215334
175884251 519248686
368333019 519478530
18600258 519490805
309495088 519809994
76934249 521149879
447500605 522079319
425293180 522420071
140776944 522438434
489825652 522639909
213546969 523222670
362758628 523361846
464965112 523488007
348522959 523729467
252037120 523837568
22470364 524550599
456443111 525170319
51563021 525573028
67011697 527046173
322946598 527224112
87019155 527399505
88728490 528046529
193649085 528222095
21103725 528616318
310200202 529119831
393679839 529177062
307293716 529436159
132183349 529473840
287935627 529810083
428330830 529883104
338548423 530185042
1469276 530677547
522583246 531653446
81030197 531786995
102783445 531810852
384864466 532298529
423693958 532372007
453182306 532692485
170049855 532779299
261639111 533209354
503166199 533416260
305601078 533712704
189608894 534076944
289213073 534101000
380953185 534408566
275883927 534812975
269883677 534916876
209132077 535252155
530126862 535642645
314982574 536256213
207287725 536842403
160272133 537200597
359927097 537259326
437304893 537425800
140647652 537636232
145448424 538166381
153575461 538269227
36189993 538878842
340140486 539636380
328780377 539669085
427631145 539950947
481649041 540043479
521538425 540296887
329124410 541014584
151418985 541304252
71812007 541462964
431163790 541575563
271680637 541706317
519520848 542166927
188027125 542188376
526049504 542208288
56410388 542437497
478705142 542895991
211302324 542910992
274538145 543781752
116363391 543843314
225430818 544516097
365758271 544855109
139541652 544999683
106627151 545397959
137188620 545407371
412553082 545461247
542936823 545517039
302728443 545520493
441059902 545812281
388901589 546114551
306635205 546310902
148563000 546693983
361100947 546696568
756129 546996850
342751933 547653480
70937299 547689708
18259103 547777848
364695368 547999150
150590105 548614503
204208847 548813557
388377513 549300612
518144279 549476949
181440505 549678776
131679652 549715501
54284199 550927049
216184816 551064868
137249803 551079870
19358365 551231742
140720050 551352168
439923553 551724039
303852448 552119416
313418090 552443451
90751959 552954071
412795691 553038260
230750016 553648979
272682027 553732706
166721201 553742911
279229691 553880956
127353593 554948829
516335685 555273451
87430532 555617830
464453313 556613246
403049905 557026186
520032128 557620957
337440124 557813511
91313006 558171674
545163250 558378133
59038176 558802205
50881997 559053130
50946749 559349040
99869810 559639409
176774960 559686003
344511014 559917177
47395875 559949774
530656874 560200069
142244203 560410706
27429064 560444781
195086801 560702483
412107454 560839724
361716848 561131257
523082759 561389591
175531177 561703849
302193674 561800711
77880864 562201383
77238133 562321663
410683329 562666002
100762620 563410021
427474114 563886185
340981013 564060540
480197119 564262991
306053497 564587701
557830773 564605826
138759925 564651191
445940051 565128176
252530220 565378187
92066543 565449347
366665560 565450741
450762095 565746629
478536378 565914201
350818239 566710198
338843140 566746460
405490162 566956848
132571089 567338082
399855100 568879631
135295276 568931816
492316156 569120328
484402547 569141072
533907732 569185134
561764908 569371233
34476515 570063962
115966759 570599662
531486752 571113132
533004007 571493746
440367284 571757183
525288276 572317532
539435849 572518074
361200813 572623868
42729675 573130448
433968143 573272688
5127781 574374262
76592610 574567306
216845251 574869492
246349330 574950230
236505999 574960917
75477854 574975138
165938296 575727454
332143695 575793539
96829557 575796708
349970782 576126892
554098572 576304156
208939440 576829153
483237288 577002986
272340200 577632930
182009027 578394487
230442124 578606617
38460154 578874847
79164826 579153070
546987984 579209635
120216054 579504727
330196645 580051604
23547303 580190828
307639923 580370306
344616905 580997653
130728276 581135020
12371578 581619032
482134614 581875439
501034471 582375172
463749534 582654316
179105291 583161317
475709144 583221209
581608790 583949872
239832607 583970364
37788019 584332937
554850832 584578071
206323388 584611145
22570006 584986205
430796152 585707867
349821667 585726501
131033122 585747546
89955569 586058092
474004960 587107283
557682171 587557212
323024021 587905074
3966559 588025934
189957904 588199355
272236025 588533336
580867700 588901121
64159716 589422817
40923636 589797331
382644374 590315618
482616703 591804511
161913901 593716800
114499519 593744461
301458190 593899097
379630150 594054101
4480759 594787418
415889518 594851283
228948999 594918605
512469426 594949463
287326630 596250517
23331936 596587818
36804088 596681512
76207148 596931560
169830028 597113696
429893361 597225950
59339241 597538407
426591247 597569863
560913196 598215301
360995900 598376922
265504128 599032016
315731332 599073463
38366922 599632540
549350444 599769879
455126846 600318369
373653765 600870566
273660817 601126068
438024735 601313270
20030025 602054790
519749267 602248450
584214774 602317011
416407270 602380206
363833304 602911352
9329673 603008345
166441543 603641666
269446572 603723015
39597539 604044442
534381119 604240858
430377883 604250206
306378036 604333693
37750407 604419921
453602417 605658913
212062287 605961536
7635620 605999006
419266716 606566895
571874852 607115393
368488394 607197537
302048927 607300769
251473440 608431494
308105253 608674143
400205247 608910669
548346118 608939633
276324388 609026329
509929576 610168976
93515177 610247884
330189807 610333864
4734487 610424163
1546180 610692028
430128506 610763441
12340596 611095077
87950395 611578513
351744845 611833147
105685663 611919020
316523040 611955995
82291763 612293980
97728859 612369997
188651606 612371947
561740274 612856205
213168385 612893922
544801014 613223353
549912648 613240965
66051814 614001178
428941872 614631195
244883590 615091337
589194703 616054264
525906753 616222567
122293964 616595247
477954089 616805691
217127948 616834424
573306904 616857324
242325984 617258967
350946420 617284158
130542277 617290652
131948731 617399612
562325439 617896814
497101025 618973389
302973217 619504754
424688750 619964581
443596291 620311038
124579439 620444080
14185227 621442776
412139507 621468660
42035421 621846439
498925170 622234330
138985174 622685786
201725936 623079752
343685590 623388043
318423182 623452972
470943031 623482637
300998066 623682038
505017514 623997371
265308794 624638404
379323134 624780501
305416181 624900321
541789236 625140197
133814442 626017549
70793047 626843709
35347437 626858316
319424929 627039858
45351030 627516149
601114981 628080674
457089640 628249183
5602495 628488991
284756392 628575942
429666600 628643308
177886108 628914528
255570763 629036092
378706655 629197201
105439170 629849434
544061045 630024265
116949025 630036818
112137561 630535632
243521023 630597580
90035555 630623134
150163037 631552054
160350341 632321717
334226381 632392505
246961661 633050948
27515478 633331510
194381053 634839715
161804580 635156186
189040995 635753317
212444005 635797275
582280321 635990792
524249478 636487319
582176199 636867056
176962886 636944614
152889621 637193860
113561474 637319105
526768493 637491253
73584631 639265732
388856091 639275917
320463529 639541777
524573785 639567758
168875372 639811205
226607402 640117517
92381157 640287730
324749423 640929454
494220908 641108013
566060250 641204260
18199301 641235895
237836872 641643195
352920152 641669644
539076972 641978574
436126664 642145017
432296232 642162132
599530994 642404206
441729221 642432885
510064658 642716597
338972147 642965147
264183196 643500854
327449266 643538883
322239353 644041286
504340963 644572541
69260932 644612627
466858372 644892390
221036975 644930951
170848679 645079723
380966673 645151110
466361837 645492704
550748875 645530203
330845703 645588306
333819493 645936404
444520491 646522964
372892271 646878708
518346990 648500033
252245092 649479466
51875932 649974590
592490712 650644670
431859956 651397029
457360458 651490115
515409034 651688034
25409514 651899143
101054454 652312373
279899808 652622774
255955248 652710375
599436006 652788695
581093759 652860022
116115724 653531417
139647172 653533480
140803331 654220951
374101693 654371511
18680631 654393438
268587060 654449557
287667916 654454480
153683221 656972431
158702577 657009730
511859527 657015702
580331655 658013086
249706201 658494471
311846988 658504700
644251757 659673051
389476291 659804467
613051835 660175719
448808162 660232680
575002720 660673559
185841580 660712043
514931793 661236879
27406295 661595907
207408322 662183864
640577935 662663934
344681019 662948090
461579282 663078350
581367913 663479726
648437720 663578085
168352021 664852512
198377986 665195599
293250835 665293276
188940415 665566655
502130527 665690071
147805188 666060402
600244648 666733150
351135579 667171449
140741026 667269866
263759355 667292821
656124704 667351484
654353454 667386806
567528931 667960571
590165723 668089644
280912200 668438291
319680870 668815804
428825305 669261681
372697140 670104422
120027957 670257359
545132625 670323759
516565849 670795751
500876658 671120007
134294775 671333297
436511779 671449894
610654131 671679579
283784226 672759325
668903215 672853617
148745441 672949797
642281034 673011846
80845789 673597802
397528654 673846267
249605676 674435191
302431848 674437896
325419886 674852945
9458631 675078092
160380817 675352297
13625933 675695961
44171774 675779702
620577211 676310340
415724124 676366268
66022764 676414754
531234184 677078346
386125656 677869753
119708423 677951663
191310286 678058474
99401612 678122402
328307756 678203546
614923620 678329627
274065237 678388946
576394586 679261807
622002875 679314259
388425867 679545197
596183325 679814485
284399123 680368048
553418017 680511455
9617286 680615502
317376333 681818151
306124414 682167780
197947054 682261398
162495441 682646803
185787808 683011056
136209125 683366409
450890908 683836080
296410717 684526534
380610181 684634563
335401382 684951593
671131399 685271868
117136810 686198277
414247778 686720490
529587659 686821726
656915861 687232723
617688568 687588488
284737361 687611741
161457698 687627352
351165996 687755238
462446511 687907075
288406632 688395326
585799772 688852300
225412442 689025574
32669556 689477077
301220156 689684284
272608617 689753192
30986306 689861305
224990891 690078016
563498525 690552640
416223525 690958521
677356920 691139941
245802373 691224334
563784369 691785492
40800133 691791893
593176368 691809233
555810898 691924065
485308222 692045567
258248546 692475187
122703538 692823966
524021873 692870361
490454930 693359175
86045218 693374818
646116826 693482693
390292536 693701382
9252552 694305978
360979760 694890558
563417145 695931035
639928368 696512498
618842886 696649348
470305894 696727916
666543945 696809035
563908287 697275459
439937723 697550065
605393619 698230931
625853422 698305127
588413797 698362812
87861381 698414438
396388605 698817620
455482509 699811859
4561139 700875622
210724683 701334277
82577841 702317341
662853588 703240370
326230252 703377324
323630507 703574791
197962985 703599029
524064474 703976055
474600024 704284207
569838608 704833959
461727862 705553888
407515449 706738476
45226479 707453951
313119088 707549516
134903648 708148389
143189908 708240427
235609154 708304213
93807260 708478055
3494624 709116397
26706749 709123397
813854 709701214
444729734 709747892
514443720 710305512
628561659 710392362
547917358 711260220
18499660 711658379
309427185 712092349
600456968 712352585
184776409 712352850
145885400 712528563
692479199 712955979
459975115 713392358
689198439 713495865
106288847 713898062
192609112 714282810
693945765 714334430
641855154 714465293
368087405 715247671
422943730 715667292
622757793 715694674
704819617 716153834
233725794 716219079
9673648 716312133
522798701 716415874
237506945 716539551
75320271 717045849
103579329 717179948
229610269 717347530
581589204 717684961
330873749 717715386
602374816 717733782
339976637 717900861
544213272 718196230
119752264 718266564
56484488 718360875
654699106 718444243
166921472 718554880
322624831 719097837
182863386 719617370
232516785 719783261
426093956 719784219
308561072 720735068
608402244 721374118
633298212 721590799
537742777 721950976
168843890 722157862
711455698 722224069
305494040 723664090
697136129 724105825
346240302 724211729
226019071 724336428
191964302 724499425
161054852 724574148
89486918 724671819
182400886 724825146
105416778 725060441
397939613 725070758
415703154 725709059
422382645 725773677
618071781 726087660
127895612 726429229
271402008 726531226
590622353 726566993
377737917 726746720
431454883 726939692
667135107 727429243
452542681 727717035
105597786 727842676
562362569 728289540
707407886 729846394
595438298 730123536
185035040 730165379
594337372 730186862
91784933 730403311
165008032 730403445
590267802 730503327
272168812 730508214
201947424 730559340
286331268 731525313
56571130 731607127
121610930 731919611
376237843 732682408
562597405 733606477
311108678 733850101
133833717 734280149
449167389 735453522
624097259 736250450
477946589 736586868
295866592 736893128
220849821 737079435
391255838 738269286
235776381 738443113
701390757 738898903
479869498 739734564
385827780 739919051
128844065 740334093
328382710 740414043
319808623 741063962
3087277 741070503
365309018 741099511
522659113 741424093
461452902 741860618
75426982 742417870
602835629 742429493
587465351 742574702
651833950 743504407
604583019 744578527
473236668 745055161
108863878 745731847
429350185 745742677
561390103 745754090
174984667 746743405
96020574 747803211
241716434 748355402
301060256 748475588
233929736 748487109
43727464 748971759
516422963 749483577
667992436 749553064
22570931 749566510
601662646 749687632
101772396 750036042
164626631 750743560
33106726 750932546
679347103 751056779
278204892 751528523
319504801 751915195
666673824 752363775
261707120 752457443
302489164 752620586
656641047 752691185
714084722 752967527
439324612 753208679
702508445 753341150
479372831 753612967
108661827 753851877
229178930 754201623
560966571 754210151
726023506 754728643
443512687 755062640
524778721 755077474
337484700 755101195
318417504 755121696
15343745 755595075
324442636 755624907
373676378 756209508
443637961 756252920
217174852 756555661
88413111 757514102
699114868 757637045
699574342 758264853
384872858 758566050
159324632 758656468
721425973 759675081
111840027 759981587
18371505 760144375
454104048 760392916
529960023 760681244
146684316 760869626
363750939 761343119
711133189 761388825
574860782 761716038
290220149 761761542
485649672 761854316
744632012 761957689
247910715 762040069
28250014 762107831
657658906 762720566
561737871 762981496
17631105 763431238
158719809 763599917
101230519 763627640
508373295 763641692
337803084 764849810
120453986 764851695
62144611 765001558
157955129 765295805
289321038 765355462
530817116 765481570
369370943 766785406
611738460 767447835
38091524 767941968
480758571 768192913
734041463 768426683
752309193 768621132
151079130 769026526
602250733 769471703
337795372 770888785
659340709 770910170
544215408 772111913
465011987 772176319
375033740 772332103
84852010 772411529
271263970 772518244
322772629 772801426
744385117 773089653
184922204 773432970
706493039 774647848
555658670 774737792
119111685 774793607
614196763 774912511
371917202 774986474
387336058 775011431
216999824 776035753
281475845 776072784
647773742 776110327
639212342 776662585
336675496 776732752
386937344 777381049
163657517 777837683
133488301 777886181
473761618 778035777
278470730 778411594
542002095 778984798
256054572 779346634
315638937 779537219
596207533 780680113
548812060 780693834
312999855 780863630
306065838 781040489
739930751 781603704
104131656 781655192
366338891 782679146
776192792 782749100
439490627 782977500
759576644 783869264
69849047 784148079
167815005 784341256
432418455 784791365
738969875 785183760
312095596 785558745
636587898 786208935
180694243 786497476
614548782 786564419
659395644 786683815
409219730 787502625
128772757 787674478
279354908 788274318
740493093 788793759
699031280 789106961
292210908 789165885
534958290 789176837
638629143 789272865
524758745 789299635
240064715 789466129
465719080 789670058
133598047 789841476
266116216 789885762
265687206 790344148
206786311 790452718
2745286 790511528
696229486 790664836
729963340 790720334
281444875 790765425
442003344 791051640
9173786 791303217
771988448 791521071
116417635 791553840
449013199 791561261
241563721 792376653
784029442 792792811
93442340 792883881
712683213 793263025
343830562 793277145
643794855 793375297
435061205 793654949
164529950 794464408
149074102 794744754
236881225 795462161
415969807 795622140
353296351 795623176
229818947 795956100
523633111 796354010
64508040 797385660
503773109 797748520
452194057 797904246
555448001 798712246
240644257 798959917
362955551 799639432
262983667 799765724
244690937 799843173
427853824 799992603
591978559 800436779
780098292 800472697
197084841 800820633
562208661 801131814
311950472 801525325
238190683 802200152
729013323 802335394
736731269 802613635
751111003 802813948
171794207 803813144
657011830 804327843
701100041 804329497
51828989 804770643
135325029 804849260
256792401 804945291
75247921 805141938
285968790 805529017
66929818 805777023
15813885 806569095
89325466 806973659
405627517 806986178
793382170 807449771
286209469 807468989
7159624 807554957
768635230 807575089
407708149 807582840
191171830 808144164
320285477 808208690
780856719 808361281
403728834 808389918
540160274 809402027
423929341 809794292
543515824 810157139
68665479 810227267
229919067 810328124
175094851 810489543
513318858 810913733
411626035 811033625
625829858 811124016
665620554 811489545
586531638 811737441
83590141 812344092
61535613 812560660
231729362 812689456
298628895 812769394
129780816 812979006
791539622 813143230
766511869 813335360
800012589 814172141
428662594 814313107
522394177 814787788
96452593 814792254
451055726 814901476
392560713 815050809
303107214 815090533
518047838 816072057
88883391 816103534
345847440 816180589
535556867 816341985
596348375 817083529
63492121 817114073
455704727 817146642
173926967 817364926
318955002 817840530
404473625 817943961
271758603 817968567
83125626 818022427
453348246 818445462
342878298 818647520
126199911 819105815
129627208 819558567
144782318 819614413
92613675 819707648
806697098 819890481
185129227 820906297
100727222 821629962
307177464 821791960
200129186 821923046
323698359 822134471
306242455 822879435
414647487 823530279
582091855 823832979
475231463 824165330
551817968 824345714
331905072 824373845
94328968 824540452
199449679 826512711
610781945 826920666
707225080 827193247
68534684 827401224
252643205 827481263
194553808 827695381
284540228 827743214
771492623 827915031
44228760 828279039
661688450 829564188
10757026 829619178
475481591 829741558
363501486 830038785
353274633 830052951
790603164 830059536
758367302 830207219
413630864 830305493
156946013 830807544
705113728 831184687
819654787 831470183
714459266 831578594
681123118 832198943
565703164 832249738
425218788 832803303
48904139 832870334
406227280 833057526
731629134 834174557
535710578 834217225
494250318 834387500
724377204 834607929
204511541 834774433
361375574 835062096
263867578 835208314
513104923 835344064
461552991 836025012
345465194 836172447
591307230 836590974
224109825 836982122
720167346 837485880
211687708 837522308
728357758 837664911
646729341 838321220
537558793 838332348
489450437 838854198
68387100 838949054
252713371 839034020
648682826 839316515
664829289 839659189
213184489 840557832
378702084 840844323
632819640 841080312
586243984 841219921
45734187 842595655
413998282 843142629
467373337 843807358
16531332 843947559
139948361 844121682
34421424 844641142
82831589 844697357
187150357 844926621
391809490 845228286
612483723 845308379
122575281 845639505
21193766 845643387
573250495 846035678
763051251 846321979
629497153 847017505
68386163 847064579
592181005 847532891
619261995 848235464
266643967 848255485
643685611 848310998
510626945 848584131
507734349 849118641
479732179 849285672
560564039 849345581
257913328 849667734
594700541 850033200
779841762 850060201
432505822 850581792
58358311 850757297
132813338 850771672
681694039 850923808
130786751 851331089
599471026 851852898
137114571 852048344
511165650 852442623
699723121 852923334
292228767 853232975
133990973 853731704
484384135 854013016
630132808 854044097
139373926 854285721
371647839 854307852
243476915 854486315
502209140 854647447
170660891 854699850
123725581 854792470
383968437 854906814
75712 855133944
235687255 855202632
267975851 855204560
84901997 855633736
398813689 856334196
831790172 856628552
241746456 856733632
585077575 856970050
296558256 857050030
116150596 857182796
714422797 857255491
27778952 857952725
790935581 858032918
567862864 858117402
740114262 858690465
564067397 859482020
726736842 859832920
713332337 859912979
629878071 860269032
847708397 860999786
189545325 861346616
84250875 861586765
373596042 861939341
723661090 862593221
562261047 862768831
326602066 862803393
119745531 862946071
568289207 863061697
106998819 863310727
116227137 863390352
693847533 863497278
730351816 863832167
749659584 864380918
139970530 864408091
759251270 864607642
323088985 864665563
611393195 865136729
33496684 865160144
698423104 865759661
344567902 865979881
112560085 866089182
396117470 866209760
854637524 866448602
497395892 866757850
839102862 866758422
102017450 868060673
317457404 868464958
7062863 869016798
653425542 869040991
274031911 869564979
230035028 869657233
548668720 869759070
669667369 870088575
175984480 870369164
155540598 870689212
150196044 871238944
528014730 871433700
331070883 871437640
727077461 871717150
307693367 871757636
16669652 871863123
286049078 871990142
237650004 872021697
479221494 872082794
291175546 872122637
803142847 872391856
677307410 872426187
198464742 872672439
760723089 872757797
68210489 872796926
56527586 873358753
9095488 873780470
592489437 873862199
18623985 874497849
693589524 875296913
533076591 876740542
531226081 876796086
544505493 877561457
123987223 877822631
741097350 878011232
383001328 878409456
40964832 878572542
360762545 879071194
752412065 879176943
515543563 879363318
419145094 880070823
113386812 880264971
639608850 881803760
520846857 881818806
226630271 882009458
576560881 882328729
35781884 882680058
812038803 883102048
140290516 883215242
853651243 883319338
432995920 883608183
197090346 883646498
706240233 883893637
10969642 884746166
820892150 885026334
859009590 885235044
252471639 885401635
353053502 885593694
195511765 886016529
243604997 886127657
361122032 886586820
333231270 886727256
155936708 887084669
841856757 887720620
326559118 888542935
822806533 888973344
480159113 889083351
362712152 889109370
522197398 889404647
386965009 890031221
454474534 890111884
745597123 890249193
552201599 891150139
161165354 891342777
718418654 891693638
528309153 891764690
601631492 891817179
312594663 892036082
482252302 892777746
783678694 892863590
766532395 892905237
480758464 893484420
478118842 894674092
74317745 895117898
745359816 895205794
192528383 895440613
18143387 896155031
834737252 896556868
532610386 897860712
483025487 898423307
127133716 899056065
792738579 899186836
595891805 899635409
381987866 900144288
220855697 900582503
110308510 901061117
12266905 901061352
673542143 901202527
234779441 902090396
866092593 902098801
784191682 902139017
394789568 902364848
4980586 902573182
600822757 902728613
163796389 903006518
382018498 903491687
685805618 903754692
118167641 903794847
559866761 903801844
579750673 904213043
673744619 904261563
422600430 904328931
768960433 904862811
19036779 905515438
315857049 905587511
424636930 906324518
333803065 906353565
752054579 906910894
442947454 907479438
515110370 907894797
902422361 908539405
211543560 909897895
727986075 909901063
622847738 910009957
151571009 910038383
165710592 910458937
404704041 911020999
125995684 911138482
562435658 911326715
85322968 911562434
809258180 911602814
647923802 911838230
718932629 912013853
28201478 912591586
368546784 912793716
726773374 913281551
816306340 913434152
124236557 913451221
909336119 914436447
428677939 914530770
888102942 914580860
907082310 915228987
564817241 915313198
719215616 915404317
3737902 915556189
833705099 915747334
753889876 915816832
55066251 916174406
148323490 916335763
302041494 916637718
634253421 916937242
875590410 917071159
