286798103 1326
19620 56563
188058 217957
466628 574291
192479 886045
1026093 1232945
1009760 1410172
965979 1546280
1083323 1554810
43976 1580629
1152250 1673602
2003344 2109986
1472461 2140516
1612304 2410513
2045648 2737343
1238693 3008088
1405115 3298890
1929090 3601349
660678 3947291
56693 4085934
324164 4273728
3675244 4502044
3702349 4835113
1192767 4989575
4376457 5060063
1356049 5146944
1741794 5516517
6112038 6161620
1300403 6437900
3894988 6689412
2537 6700181
5607227 6771364
1390300 6927071
1423876 7544779
3233840 7629659
6366117 7895317
4475022 8071244
7758310 8485354
7432868 8719888
4886715 8766448
8137067 8835191
3440101 9389414
8304888 9736281
5730126 9913787
8538471 10229626
9524245 10458869
3329843 10556276
7265069 11004170
6827498 11083879
558319 11145208
8481309 11212350
2115950 11272833
3899000 12069603
10433739 12135150
7805909 12165612
3107155 12427572
2541823 12673281
12327662 12923371
12014436 13094126
3212607 13470907
10341143 14351318
11783218 14430535
10358760 14432047
4769972 14520986
8581692 14613713
12146524 14629712
3554991 14983942
8080491 15077067
5871948 15555685
998603 15970411
1169235 16637512
6657081 16797546
10982246 17030131
15827154 17105959
16531340 17239670
1207174 17596441
9872499 17618690
12570913 17878011
2093771 18523156
11428687 18723103
18904551 19009888
553059 19117009
16127901 19256706
17799040 19569264
2212327 19942209
9710146 20051624
12338623 20281690
16197860 20463782
17104389 20518423
13181491 20564136
19043955 21848834
12834242 21880976
9351921 22031486
5048501 22059282
2258533 22081727
11156489 22116116
14756021 22762417
17908808 23498592
19731205 23568530
9221536 23577901
5846187 23979933
21894074 24106752
20796141 24515247
19049617 24685132
10342891 24731575
24225133 24845889
19705162 25249222
23797092 25425946
13341005 25476564
25234759 25582460
18124760 25703293
9426231 25900077
18568054 25941665
10629716 26149050
23708888 26724268
22625543 26754234
14665559 26878066
7740507 27090089
23572983 27159662
3552478 27342003
15876497 27939503
22094790 28065462
3997462 28382120
4282199 28389268
23193926 28984714
1252310 29037870
10294664 29300505
6671876 29830836
27111096 29852376
957062 30053154
26193219 30207953
6139688 30446668
12192861 30447391
24585793 30594289
18424750 30745850
26522455 30752724
26574839 30862881
14428493 30963689
26571190 31326963
15897465 31668399
30287574 32015292
1192476 32969153
11988957 33092864
16495953 33260726
15368868 33487785
99025 33609417
10220082 33773984
2977237 34333091
14548995 35017482
11964680 35119954
25251983 35478079
1556221 35672530
16427818 35690549
1120965 35942841
9195996 36293160
37264308 37266944
28139455 37712135
9719994 37928301
16289386 38051621
15264890 38289226
12149511 38394091
5507744 38405543
14463410 38616804
1810806 38711637
3262630 38834144
756681 38948560
29456391 39556405
16300508 39862170
28675613 39985074
5443036 40253208
8011764 40539545
3223832 40619337
24817336 41007750
19062903 41029079
30573340 41137231
28773988 41163083
26882012 41394966
8646806 42090458
753634 42279341
28220297 42662746
33060963 42699929
32654413 43259011
13210121 43288547
26864721 43366086
27492089 43871070
34422034 43880742
31655273 43928962
25817272 43933671
16937236 43994383
1084754 44631027
17162499 44729690
44348284 44890887
2548299 45023715
28907949 45093374
1723067 45151157
7241305 45234448
20370346 45269546
19100420 45360545
26362643 45488247
13275973 45696291
12578259 45765081
16463639 46451792
14733302 46486906
27363634 46827588
23901451 47060483
36759575 47112445
24824839 47425479
31957850 47795984
13836196 47989923
9711392 48280813
44318215 48284968
11206271 48602731
38854595 49079461
43433825 49097195
1098070 49446002
40468334 49459046
33401132 49466624
33103554 49563506
11155308 49914980
25963939 50167694
7197721 50301708
11007656 51138120
21829318 51195741
4603029 51308048
35673863 51491252
47157909 52496388
33648642 52633081
730480 52759687
46202676 52956752
11576415 53020440
13221874 53190714
38619110 53794521
4359644 53875096
51044179 53883257
44136042 54208043
29915553 54633050
13611472 54680998
21719784 54744201
40056534 55070446
44594615 55238581
35910128 55534921
21287955 55669084
41778746 55787065
36268045 55810579
14505994 56407025
50984633 56548755
56680938 57118858
20619348 57251043
50978768 57277850
13999311 57970211
45294717 58052274
54876875 58424041
43030539 58646517
43683369 58946122
31761881 58992762
40554690 59379117
46886256 59613884
7034587 59697389
25217353 59835135
52727827 60044282
26460059 60464746
9710261 60545014
40549315 60618948
33890323 60668602
29631951 60918641
2811820 61528097
6229721 61777823
31682639 61880285
37821347 61993783
33819615 62794075
5085921 63029841
4606120 63106770
40396032 63330860
60332034 63573147
15691824 63586291
6662247 63896417
60120802 64119790
47680840 64212964
41182063 64313361
34873511 64595352
63440341 64627625
60269050 64755062
43976237 64773403
30053910 65158633
39029085 65213160
27797056 65299706
27863461 65344948
55576228 65487786
37029433 65843561
31815327 65855578
5190854 66105623
15708940 66204306
32349308 66445574
63962576 66509161
58830248 66562153
65018471 66627491
1328510 67199032
23031144 67211199
22109040 67274894
1100102 68048159
8985106 68159577
57376604 68211479
12218005 68906150
20726130 69013984
47063718 69099548
37940257 69381035
10729552 69927933
69399013 70127537
53410351 70249759
48158795 70763486
32725543 71519992
38015787 71787744
1351991 71842910
21541091 71953218
41011980 72202815
73103427 73409623
58841219 73410232
24271285 73486951
73203728 73600639
50908675 73754930
59945165 73907243
6048983 73948266
25347670 73956736
31355569 74190663
6895853 74560104
71503335 74665229
67322488 74683416
72181003 74714039
35088362 74721544
19123869 75004973
11456652 75269774
27058212 75524188
5023155 75662340
3816736 76331435
11530108 76376721
32043632 76417199
73115783 76425216
55052379 76452583
35751433 76858131
52992277 77820187
60433761 77891248
54286045 77929711
15773729 78166617
61907189 78302892
35280293 78475900
7783617 78658133
55782044 78804850
51711483 78870953
14821013 79106137
65572389 79107265
77422270 79269797
75474229 79431317
54277708 79480038
51375039 79641799
60441513 80342371
35219078 80499331
2801516 80787721
34564414 80919573
68358466 81065916
41616189 81146909
74793871 81409167
13500262 81544802
13287310 81676320
16752055 81771007
3385534 82220469
57579502 82445432
79533066 82460553
37902907 82579138
71648575 83372582
64981265 83510269
5620774 83815154
47923504 83852149
29690907 83865145
51753758 84207673
28082786 84419081
37883102 84480184
34885066 84843705
19041273 84923323
81988108 85031802
7560282 85126113
17684389 85460848
83260033 85531224
17367458 85542437
74918452 85560825
82155439 86193858
9795555 86613159
9223249 86836357
64134495 86931465
50365237 87070634
30219275 87379929
78096012 87507715
22700071 87728024
4508661 87968190
72872515 88045306
34173372 88269818
74413151 88375320
59457779 88420677
66397852 88499877
36406034 88719217
15799635 88750344
61925934 88810833
89029588 89041106
15514215 89165066
44689995 89191786
1564977 89221430
83859362 89459114
72252975 90221499
87612835 90357079
90313432 90844284
42229157 90901565
68131349 91056438
17880686 91718716
62265883 91811133
68495307 91947297
71978637 91979289
76664239 92015900
23278956 92059766
80597829 92065481
7948810 92275892
77752831 92297279
43762107 92401533
30044260 93562410
44548216 93793942
58657566 94434683
79222790 94453166
63945849 94608415
55739087 94623842
65413788 94688381
62312016 94993295
35295850 95411126
32437368 96398913
93079198 96443531
65221632 96906277
56733781 97022286
83648297 97094249
14166572 97268556
69584431 97288891
61299890 97340927
60220801 97434688
50021935 98210642
71751974 98233553
38120590 98377767
781393 98562734
55297724 98781035
7493849 98965765
11408049 99077889
23060045 99284827
36097424 99606609
88414316 99622900
51472501 99676382
913060 100026955
24070352 100112530
94247745 100323508
89921546 100536004
86274875 100615923
58559556 100885680
97276274 101078385
88848345 101099042
73166584 101304656
78205396 101751983
65467562 102438270
53142288 102761423
55085053 103078685
27333027 103475549
10133004 103563380
70378028 103601241
98873129 103609476
24533516 103860343
15526854 104067810
63666561 104180302
103994982 104212649
84439472 104276814
30617293 104305592
53149767 104704829
102884357 104934032
12893731 105063352
96174884 105439411
14437071 105505120
72753707 105522624
65651529 105586832
84508236 105677016
48275627 105794982
65778816 105820675
40359289 106228575
24114248 106257970
67129097 106440436
49714639 106589900
88521109 106651088
52704380 106895482
85710571 106956747
46339938 107214389
27927950 107342314
80987624 107512273
26811808 107595506
37926669 107697036
46557751 107742557
86172791 107969426
42429899 108288950
73585866 108502448
59714148 108621548
26927847 108907222
60692499 109012239
27582547 109579866
80773244 109684014
34609834 110135623
94899092 110269165
46392799 110310620
52734036 110390951
55129090 110507070
69764211 110563039
1260998 110934393
61515839 110949492
24446669 111191895
5273669 111501587
23168657 111568467
81704044 111922738
13153468 112106505
31462066 112235331
6236336 112406683
92544817 112591684
48619077 112760322
71071044 113468970
62865263 113666268
92553042 113784261
75073031 113847329
36444865 113935275
94387118 113965405
82591103 113990911
94372409 114216247
8384723 114274927
31668041 114461786
48360724 114553884
77964518 114621011
71639975 114727776
35333687 114784817
19202466 114969598
27553439 115338271
53658105 115936437
58647159 116046622
54518697 116056910
107466879 116082203
58856084 116279849
30242944 116624227
76080168 116699400
68416939 116782558
102168514 117337459
84861737 117491598
60959617 118045550
53706010 118160895
53553114 118370875
5532868 118381200
32484951 118596584
101841596 118776541
97803566 118925535
73764265 119248372
86474151 119256995
88504673 119528155
3544351 119606770
115413467 119669953
27503650 120313099
103536270 120479993
72440588 120652628
18586592 120796812
42588519 120905122
75786454 121134770
99532666 121241205
23329785 121312676
106194116 121530774
105108185 122996079
122698009 123636734
50348094 123906098
52747549 123914631
33197175 123990113
74757440 124029842
67111265 124940985
111756451 125248926
46334823 126025213
95397443 126096172
82956839 126313328
105863974 126973772
107740987 127142245
88541608 127251539
99464226 127407301
60523313 127550746
89520836 128172355
39032209 128184572
39308634 128230910
78381104 128396069
111153950 128875463
23905250 128933266
24210989 129092411
100395602 129381634
21341383 129806204
91291555 129991752
76441012 130361311
20146833 130531429
23589979 130713682
39661139 130798779
18536296 131129748
12809698 131286217
81683641 131654532
18285456 131703810
30117928 131947534
129291086 131963507
120463751 132669164
21170776 133106537
103015479 133291725
43503322 133635687
13187739 133802931
51979298 134134417
108841465 134559103
113014441 135028503
21175083 136076162
6963450 136154738
63174712 136273210
55552189 136344265
80251310 136644646
132460484 136666217
52315388 136833678
22439081 138302310
54113596 138451922
26787760 138556706
113559691 139240086
68779531 139443619
83545067 139511881
117351856 139651083
82254983 139696771
107413867 140047913
25467299 140367395
53580195 140491575
79500911 140580003
51524794 140693852
102570824 140882659
10960818 140952519
90809296 141519082
85725563 141521533
72225682 141612804
7547758 141899772
1997240 142122212
16084288 142462890
51700269 143111140
143213877 143346573
54331001 143667006
73096820 144595769
8898929 144643714
113247593 144747702
33253703 144770333
104713974 144848266
129213063 145264862
89463681 145291857
65552116 145555638
28699986 145614528
48647968 145717995
12722125 145900052
66185167 145911078
19863046 146100656
31365553 146167334
134053400 146223799
26204424 146675477
74307262 146683503
117797496 146826561
104434983 147104321
54378717 147210093
90008677 147267040
40529553 147296256
91548334 147310809
87715791 147395452
120508929 147537914
12756678 147650755
3166295 147901745
77930058 147954343
126473491 148418199
141322470 148740435
44404341 148852738
31656748 149086978
51337412 149246897
120612362 149249959
71646714 149265632
106638794 149483241
22063257 149916943
69856418 150082836
71346048 150108792
74383583 150278039
24789145 150616296
126789481 150645273
109891658 150994191
114228603 151001498
95814725 151111196
87163227 151124543
48139822 151224751
129748972 151618332
136046971 151641965
135673961 151756510
122727964 151807007
64280663 152015077
143956550 152030409
50336011 152203120
1300975 152761244
13134195 153460322
358234 153757489
99408008 154038942
100217836 154072849
133386926 154659986
36971432 155137184
54761509 155268761
52313959 155307387
39277836 155693663
39331627 155913387
37331367 155972924
90344118 155983878
8468109 156160848
40697949 156277565
933209 156300198
134731511 156388930
38234237 156419824
35575224 156744731
152846073 156759849
93351683 156879796
7235556 156961621
86524477 157154310
59787930 157217413
19611571 157238110
43561705 157248193
51006367 157255027
44114606 157321517
40833853 157705735
36075917 157737796
121497024 158031343
107892436 158089598
65556524 158322711
130655774 158411852
35114869 158517603
48081364 158910713
59582646 158940660
101388192 159054863
55579323 159177600
117419727 159361459
133135466 159639513
12571091 159972378
58083819 160157656
65918452 160527867
126114235 160624464
84685517 160660569
2452177 160747243
122656203 160798081
46614234 161255348
147257735 161404977
76468828 161437198
131210807 161647389
149450037 161707121
104362867 161829776
9739161 162365046
147567661 162412011
127637539 162679925
86604522 162788315
155286434 162870615
31743055 162983177
16621392 163560738
20290243 163683544
121740764 163730501
67801932 163906063
27054704 164046811
15446421 164373075
33667807 164541848
89950424 165110759
159933983 165243297
126944270 165337699
31556838 165448213
70877584 165549263
136615116 165927264
27567837 166096393
52031734 166271046
144427328 166584402
98840240 166704352
160802850 166983251
130536762 167895952
118689770 168001659
36011736 168320658
145495739 168417767
50818965 168468781
105335167 169282819
129794188 169406015
3937767 169674702
147366160 169871042
70091291 170181890
110500016 170228038
59380988 170706946
12289490 171407267
141658761 171818315
78484746 171844257
63923847 172326071
130924491 172734662
165254291 172802529
56540948 172936019
165910458 172966314
44065211 173014737
28307854 173035017
70358987 173155764
29684472 173440762
36386426 173948143
90451907 174315011
168173145 174452972
74221988 174727512
35087238 175447590
164677701 175618077
139185921 175708893
108615677 175796840
125331155 176270243
157546287 176519355
100466513 176527351
128429944 176646942
117057885 176860054
30616754 176989295
14315777 177103048
87666600 177275355
136781578 177287312
67846365 177410148
57953520 178667453
92610947 178788824
119798849 178905788
107423316 178944607
13697901 179289912
175418954 179363719
87238848 179467306
85493674 179479201
5067033 179565554
49771966 180427748
79210935 180428222
14281473 180515131
76993356 180568268
39269448 180581735
82658230 180944791
36026330 181011066
7159328 181135003
25968819 181306647
100843083 181399162
132795314 181413146
167405110 181507327
178525832 181523800
153838642 181654053
42380553 181822713
135597867 181841111
156829398 182311911
81346957 182420697
120043767 182580649
35037208 182616867
56359207 183014092
107834359 183097446
66964063 183418317
4469807 183482843
49727618 183587311
172453715 183909026
118561339 183931157
132002675 183985821
183795332 184048892
84996722 184296296
68598524 184668037
105335045 184799158
60550713 184831825
62459195 185316000
3305656 185333401
166703488 185388474
149335588 185699604
46185809 185705598
157828321 185856339
41997293 185939318
100872887 186332436
90147513 186715126
41236443 186844913
154346212 187084582
17170444 187493581
143098394 187742370
147436538 187868127
131102548 188194556
50743386 188451914
1454759 188894358
90709244 189046050
63282676 189205914
157945084 189537128
74861549 189853657
92419550 190111148
170035461 190657041
102218760 190878872
99275893 191046816
19730151 191441419
179851946 192749321
12234138 192755556
8436302 192818845
78866843 192957929
132197070 193106291
69762691 193286714
66717177 193423931
106324689 194138097
187351150 194296930
16980065 194714076
34975302 195223064
66149988 195308084
193247877 196005402
175577987 196613093
86774055 196885187
192628188 197039010
6289161 197045642
164330057 197195068
10018885 197481129
1820544 197866746
146559216 198160219
153808632 198327847
157751054 198417758
187665781 198684494
125033901 199033370
196836167 199091944
78403498 199239708
118717080 199590480
113827596 199643830
92475907 199742967
9569388 199798735
139024335 200223377
58246461 200377061
156242045 200404524
86919803 200440365
149561556 200924453
136556569 200936065
49866015 201796040
73798743 202007348
27549541 202263568
19930671 202660306
61482948 202672688
71078148 202773563
97440423 202843691
164056950 202925483
187712077 203141946
190546807 203178046
123924427 203206854
125259776 203267211
115216965 203439396
196438272 203949529
189270374 204154524
94492773 204362455
199522852 204364987
117740688 204420588
56087103 204556886
94891671 204587285
65409255 204712547
16103962 205071074
146370459 205167690
61714558 205346020
52265812 205454784
105204199 205755007
180425774 205801061
170444336 206152860
79502922 206544227
43831815 206690118
2862802 206827755
79792449 207477444
139493875 207664768
116866413 207764219
135983786 207843395
97443562 208263499
204783541 208268530
82853031 208278632
182987563 208298902
61066078 208368766
28408115 208857216
123838775 209642097
8723376 209706472
90248774 210466424
75678806 210557998
56108263 211056359
199555592 211105557
130579465 211110065
13421617 211149855
120759211 211182369
26649615 211293510
125458086 211352691
78728037 211603306
88749619 211902054
24336125 212560280
159719041 212625122
19585649 212644134
93975225 212883270
199808723 213452928
133346537 213969150
134586207 214592976
199159963 215111127
161377331 215358772
26338452 215435704
194343389 215590203
74326079 215888415
79337348 216286053
13453477 216301709
30125847 216402911
56631600 216510197
192825126 216521087
177224108 216540488
36059720 216581499
40261549 216810695
204009559 216833893
114837252 217207955
118246341 217674835
89441933 217949304
88657860 218515115
79524567 218658476
213217424 218791742
71110211 219109409
216789084 219131842
105632211 219147276
140431928 219801753
91621725 219955127
15753591 219973740
54206806 220070524
130828726 220344086
43743555 220475440
138666835 220493647
170941142 220536700
87313989 220575271
179934827 220726474
206391673 221712436
76311620 222014860
188015487 222024412
54519572 222450077
46273411 223344075
140449183 223670401
172778111 223950087
200418042 224534320
6320552 224536819
65325671 224618679
210067779 225186765
198627458 225427999
137783042 225438438
51989681 225847018
23872175 226279895
186642995 226405653
1484414 226677509
113807172 227278704
107320877 227484265
211394783 227484574
152085727 227766629
84023822 227793555
40370298 228039459
23403279 228300609
157254159 228472771
196738142 228490303
89600405 228550529
215862617 228597714
189806246 229027701
23922204 229480242
138532048 229520079
91959706 229868235
62951392 230012564
75207924 230076034
190944978 230507016
210317375 230532598
93745504 230650696
222807340 230659189
166564508 230817311
44874089 230823140
83219985 230849443
11534055 231051430
102356956 231577756
112431894 231612418
167521337 231820886
40602381 231896283
176957671 232072106
151803794 232151344
181231827 232180689
31286453 232439765
61473612 232504445
18382098 232511373
139975071 232535737
111370119 232621391
116493673 232652024
84422755 232677784
223478278 232689511
87039616 232730687
43193261 232947105
49279266 232954345
11687593 233014185
217395214 233325094
175545427 233683340
74481727 233846348
207033217 233898636
217458099 234098871
112200184 234411283
126896627 234649268
48933366 234976235
87486342 235194159
126620146 235566992
197551504 235716710
169292942 235959389
61611312 236084158
66589518 236276411
198810525 236287975
176177333 236493290
227657414 236925363
224574606 236933941
113754327 237103052
155778529 237506180
220112407 237824637
34386108 238033913
155131207 238123298
176363938 238195072
151805309 238415892
73843888 238905720
79780602 239393962
34860685 239437322
132440468 239464633
19176410 239544739
10758375 239805367
185043645 239906562
9726780 240573756
176687925 240759565
236022120 241127845
206460453 241262628
114009667 241274347
162729638 241727360
44375229 241962980
69716722 242073970
148384034 242196333
228760819 242693652
201960452 243139313
175618281 243442386
85851857 243740387
133143654 243771403
233866422 243979137
168403664 244256256
211052001 244440131
20802790 244831804
193726582 244914457
137039597 245100480
2147047 245614773
233798327 245744135
15265794 245935411
4804178 245950497
209518105 246541961
137407985 246639025
50832377 246754910
44074648 246868025
195062726 247111330
47347280 247126521
69301518 247145185
2648338 247591312
4896456 247599536
195083514 247711348
175109080 247792050
53265427 248026858
33692623 248615421
13742841 248686929
88518563 248784027
101194841 249044310
195535981 249053957
143459462 249085782
138352237 249251704
14493413 249540863
4702324 249542081
130604145 249566990
72407098 250089681
79557047 250579862
190149705 250879203
156140229 251042656
169231766 251055118
6723035 251148400
15385157 251207929
175045376 251517007
184418131 251779551
180816833 251956800
184815769 252015071
212821988 252120361
225433984 252204672
151262639 252304467
137540119 252628527
149426456 252692599
12133709 253140004
248011973 253140901
37690246 253165341
23827546 253292104
162090479 253530445
182432038 253728991
60570905 253812756
163097285 253899854
30980263 254104445
53408738 254105286
26261645 254127075
24456760 254161952
39146066 254267127
229248263 254423753
57353750 254723063
208523967 254931954
26119280 255205939
986454 256215841
159721074 256473689
190038572 256748691
155636746 256938913
106625452 257089607
249357502 257110464
58076978 257309611
31945678 257328314
249719415 257384109
156782492 257417223
185448704 257499524
186147882 257962304
190657192 258079956
22852234 258177785
79402680 258439184
96264393 258628080
196766558 258767657
166638852 259032551
76933027 259925915
90268551 259975521
20420485 260056875
24886880 260185075
202840304 260414547
157430135 260456858
17939555 260518557
59297128 260595110
28416213 260698999
35974565 260812167
159627422 261087663
192034819 261132152
15332988 261233115
239814562 261234248
217752669 261355427
253549323 261629073
59492629 261762481
125974947 261867023
2133334 261924792
6213295 261951786
2111665 262144955
197606533 262188277
250706815 262575880
123624028 262696997
233829019 262841485
87797728 263017803
6634838 263043041
200053057 263373309
143519553 263379120
49495545 263385397
82857819 264618098
240676169 264782705
255847800 264822313
56877754 265172211
143635711 265270005
233674776 265472868
159286558 266094760
171377160 266450848
60977811 266732499
255444434 266870990
57269440 266968994
233346734 267030446
263822727 267271211
62220202 267483316
165969550 268058643
255937508 268139101
144962867 268144272
76001928 268838910
231236848 269234622
252533645 269403411
218723136 269468801
124616590 269486902
258322936 269654989
141756257 270431732
14849755 270440364
53972806 270578079
204090358 270834877
81465822 271039526
181036985 271397505
180230849 271442789
4540140 272015992
17935182 272018487
41398773 272186835
259901918 272205171
40526378 272763862
268879592 272822873
218688226 273600338
140798464 273616110
94284871 274002565
72391491 274259644
12260111 275017897
243930771 275301276
245114255 275748499
91736924 275867834
123359871 276238684
106046873 276498471
153486638 276822445
177194828 277120153
276303513 277913179
168196693 277980892
132586489 278212695
140749592 278276090
123730583 278480339
242401372 278751124
14626804 278778837
66124304 279182958
207793561 279286348
65167544 279383981
114082206 279695880
106954156 279768672
73857927 280055677
172988376 280099210
198627922 280658333
33697250 281397145
207462016 281700828
243207427 281791628
41780849 281894186
79891425 281964277
244720108 282021776
99395067 282615739
124390970 282686056
65914478 282840036
74392975 283222350
265219920 283468890
22638211 283880324
6212048 283923311
174038181 284403918
42763720 284514231
147131017 284520479
43065775 284731597
186165586 284801045
252495353 285016599
140522806 285516774
83075107 285828761
143782792 285872133
158306055 286059456
129626421 286226486
23976792 286346285
269888728 286364696
177521242 286394591
213838476 286643936
