465062351 972
32624 64224
34004 236571
205532 419741
381512 861831
918335 1527905
1108503 1574820
81065 1980234
993401 2382757
3113266 3363609
872280 3405050
739376 3576246
1971781 4434469
2603544 5311976
2582816 5775055
1632183 5843834
4896673 5913864
1825793 6699943
6393691 7487210
6151375 7554056
5184436 8244413
1788759 8486557
7067658 8661195
6746085 8819853
8249096 9067769
750997 9693173
8728803 9903312
7454408 10919787
9605688 11617837
11192811 11649387
5040072 11911581
6517027 13102922
12286878 13798213
9878390 14931678
11077324 15859248
2670915 16340597
4016118 16732143
2208232 17347930
11918687 17353038
4536740 19177461
2370115 19695227
18231149 20448217
19159364 20699843
11067868 20836575
4644017 21909616
19750482 22322471
9360687 24131079
19693690 24329101
19484520 24689601
3668667 24737497
6533418 25971678
323076 25975405
16795888 26307779
6522257 26350062
6718603 26571639
22649887 27976557
16566299 28499836
23899692 28637028
1576183 29589313
10211889 29902132
25015398 30047307
24688787 30592514
24233586 30981005
11579255 31290678
7486103 32002097
3709679 32469996
6424235 32996298
13268808 33216528
2947478 33352381
27374269 34361824
29799443 34448952
25851663 34580443
35132512 35489831
4556895 36268362
34336700 36787326
421612 37334865
2499371 37529339
31292632 38136077
23202233 38259570
11098092 38536993
13174913 38631015
14951430 39380666
39526006 39807337
11021916 39936588
16196763 39974441
13466631 41005836
22311797 41099828
13032179 41145082
31203269 43156202
37741295 44643324
5405330 44819965
33346738 45007986
13739180 46431133
26894046 46642680
41960703 47372619
36592859 47698542
2532692 48208079
16242396 49425531
7147312 50092432
31357323 50092653
32824825 50805670
20354284 50987355
13617278 52191765
9683594 53058899
21170578 53721459
6928551 54115497
24084947 54147042
39042323 54674424
56125137 56497949
39828333 56930645
7805720 57343518
17989502 57442076
13847134 58436349
34999179 58514869
51296215 58860044
55218223 59149031
42132041 60429608
14634623 60928294
15971493 61369035
27199686 61395006
41473022 61775090
27512465 62098468
45502819 62500823
57286547 62911000
62432952 63338049
39987728 63920323
13826781 64521556
55461521 65178523
22758776 66082216
51055078 66361429
14785847 66692384
40391745 66714213
60425766 66783785
58579698 67480236
30445109 67748551
12417589 67855465
24966752 67973609
45875115 68189361
1933667 68250616
1819438 68535851
9785012 68791164
54391685 69161909
35740251 69815894
3037314 70309856
12990852 70651599
44084661 71185518
38785264 71515691
40724114 71802657
38021599 72131909
3863584 72803181
21242714 73450676
53520557 73535159
23821889 75520554
52889179 75984334
30941135 76105372
63791615 76347162
75809670 76823972
53653064 77449636
25868731 77826225
19700198 78760495
43048402 78776388
77922053 79381740
52652655 79893109
70214246 79977922
36297181 80414071
70273863 81041789
73690995 81192390
44542729 81565855
37092995 82274785
30569637 83259292
6336631 83753472
54211083 83754100
31074531 83817909
30690865 84414979
18079268 84512212
67103120 84797400
83979268 85075872
49009768 85437476
29222654 85657420
67487644 85873871
15667380 86005651
67433626 86761521
73881839 86968146
73620862 87399138
44607525 87472417
73406114 87556064
39289677 88003590
62476317 88048971
4840049 89564864
13893001 89909306
59685629 90015751
85114665 90109378
61098736 90485161
57591563 90703059
28708109 91084832
64915948 91177519
65534857 91255469
27615276 91537501
64638058 91559174
74937697 91597376
25394672 91657863
82929515 93854041
82504671 94104605
18485065 94667328
23192435 94832264
10598170 95356203
78902570 95425722
17424889 96388206
59094193 96886801
36994469 97951887
4176411 97995732
88078247 98855001
9347479 99587704
74363197 100230618
85362171 100444782
84774751 100561533
76576771 100816032
37256193 101166353
29088293 101783682
83186961 101872940
74964389 102254170
16187314 102688275
14555358 102848176
69412222 103664235
95815720 103826174
26924016 103995621
3213028 104513259
7731321 105010028
46814872 105274014
8930649 105308763
68277556 106754457
46471669 106861434
25386346 107419929
84610511 107763697
46869670 107888622
29984774 108029841
55943727 108399870
84141276 108486761
42506575 108664998
39507417 109105838
22395176 109714572
84469257 111120535
94425270 111737378
4800099 112722400
109609372 113966830
16987354 114229967
50139550 114810705
53548633 115028572
11234312 115277027
43423175 115627425
29755397 116414583
71276734 116436327
79407802 116676516
79264402 117243187
44172181 117958876
13429299 118886576
19233868 119216660
89595931 119358043
29659660 119799241
52904848 120637904
392823 120694740
35085319 120966439
53432300 121699428
103341625 122060829
1037521 122408574
39247940 122587137
75867466 122721592
74630723 122750945
7348731 123646986
117042556 125248326
18444013 126701529
125177212 127263966
1090465 127476687
112159946 127750654
69301247 127955953
23319997 128047154
102698026 128915565
8498259 129695058
111764049 130087562
114716434 130358196
24233307 131773821
67177183 131947691
68542958 132106924
130033333 132619940
106876492 132676308
81552326 132890148
81594372 133776672
28504605 133975518
12086198 134104483
50092186 134294557
109324511 134418590
95677875 135177771
35814552 135185090
69229228 135926839
71032495 136016275
130373091 136216469
19191045 136606659
86628057 137234842
77523421 138873966
38664259 139087688
92029700 139763354
44025728 140043152
8437842 140441254
5325461 140692395
103950783 141169147
34957708 141721425
5203452 142389129
118873326 142402312
66499600 142678439
70118745 143790438
128265420 144397217
18196798 144416281
108819205 145490679
6576669 145773599
98838171 146212638
110864902 146276924
121402458 148078026
80214619 148904895
66847157 148994023
114011469 149308297
96947330 149377556
35746839 149938026
130069468 150470515
101869745 150582742
149700300 151013762
5222744 151126018
79563209 152007115
2836778 152799529
125989535 154520641
51892196 155158517
1077442 156669267
108191778 156743916
138113906 156882970
103450132 157048153
4290726 157589825
96165010 157915623
76517364 158782023
155558888 159078833
97146797 159622841
89299746 160218560
78384270 160891530
112120261 160914406
40063880 161138918
46590903 161325941
138992846 162156260
122565650 162159130
44717700 162295986
139068574 162302607
161777209 163136529
107639389 163192913
132308804 163546812
160680351 163894148
15751999 163960083
4631737 164629217
49870645 164956881
155898506 165539151
35969037 165692666
125863968 166586091
72514600 166778183
34286710 167744751
79139113 168029224
19700063 168395628
34021813 169371299
109269708 169405070
114530437 170130784
36493392 170575290
147087208 170660700
146472233 170718789
145742952 171124799
22921027 171463203
106428998 172414914
5261933 172557653
50699593 172930883
153457720 173073506
35500581 173095084
26164157 173663668
127461170 174106936
60100817 174155400
150094789 174504893
103142448 174564472
70635461 174964220
101694000 176306875
66389825 176668166
26142670 177002861
79711378 178080795
151793177 179334072
131331958 179689144
15079764 181653850
139491557 181924461
164537858 184224492
4322267 184619959
33419414 184753377
127457587 185041112
168259386 185173610
110559604 185493922
138435712 185522347
121915508 185572222
112247949 185657426
54089097 186132381
88929064 186179644
7806355 188627317
169865395 188962129
25095148 189052743
126216741 189752379
122908631 191668612
188253235 191968304
111940260 192391338
146699341 193330842
62904815 193493835
14601778 193511466
185649561 194764658
29418607 194868272
22356326 195428354
13964854 195505365
108087151 195566247
86230017 195709367
133788830 197066946
5806901 197153978
28208126 197526622
151150075 197872149
134398834 198825264
132496911 199105499
43521802 199422000
109839394 199772950
111773924 199959055
38770898 200780764
199430437 200907058
15947721 201095819
133247997 201476581
45836722 201756450
70778945 202478698
65060981 203126924
156702690 203183009
143259828 203776684
62951344 204178698
85744230 204530391
151357808 206396990
4118913 206687235
122157351 207576165
115991733 207670427
44972938 208333954
55199440 209008281
62024359 209110022
154063840 209148950
157518823 209454943
91199487 209815414
47354131 210876314
162242993 210977483
175674794 211581343
75217557 211610444
75947610 213991981
113347060 214264431
92637059 215051377
129375895 215180805
145683257 215462081
6130759 216028236
161742077 216811795
171929176 217542464
61711466 218192350
76137595 218217169
202744171 218727519
15276146 218806256
97235579 218981561
11158186 219809269
160812992 219871471
161772843 219938058
81700961 220042077
124005408 220150820
107106164 220577551
51143776 221429190
199664929 221831726
75319629 221906388
213195588 222581255
44250394 222911276
76274297 223083419
22942182 223333301
104145058 223786098
29319393 224412581
34626229 225194794
183193403 225255952
217509546 226496231
62433121 227248052
2806851 227817557
25519856 228005508
172521680 228508843
94397339 228688217
186510328 229536804
61324888 229765149
172809977 229853120
277239 230576495
18520539 231096562
28557400 231263071
81450852 231723043
20243675 231813518
207438517 231873610
208868603 232241136
98188887 232324913
68031229 232571031
124515663 233039937
210391098 233045138
159332258 233284692
132482126 234453929
46196500 235008457
114813156 235802533
112164031 236038418
162744980 236147805
166341901 236327941
16349531 237384284
61749749 237871127
79164428 238434813
211392457 238574302
86432349 240087327
84154078 240431706
29640719 240613856
97593326 241102087
70100285 241917009
33989468 242723318
31430571 242999190
239953887 243024462
172392133 243403095
100357321 243648092
51117173 244479259
218768665 244494929
96812743 245359617
234872013 245496455
101637236 245947885
146146709 245960816
138716092 246252622
24647218 246499885
157446780 246733970
66712508 248691382
208107886 250638629
207332076 252014431
187138202 252185535
117217064 254028020
87390967 254115604
11783851 254317654
124796183 254452273
182850999 254767468
88350841 256162411
118838162 256483792
107713897 256711166
137811569 256827656
151779841 257101498
152208736 257167173
190188608 257498884
66240072 258427511
146189087 258527764
218283893 259022458
131418758 259730235
154345013 260292054
72352588 260390095
53767956 260707158
245552271 261452687
136833184 261804106
37113361 262077925
37956324 262247248
177910596 262606622
10798149 263081854
83550645 263313144
29580802 264759608
65757430 264953038
160124459 266076051
241292520 266448551
161104558 266853814
76038712 266857917
97822621 267900562
49357745 268355023
202225324 268646151
77509397 268652198
98865317 268886494
154308945 269678900
239907922 269864945
119071475 269964408
184128671 270058213
194497810 270545733
254513146 270678417
254942239 270685383
182829920 271197690
20430740 271270947
140105166 272193294
107269533 272784715
165677308 272851566
164754626 273451177
73478536 273823559
272082564 274019826
250115525 275522170
68548306 275889434
25002973 275955542
161512382 276086835
18412842 276396339
72040958 276650065
204537352 276746715
234486742 276764296
34945748 277050360
16501737 278844434
121452439 279770366
53114319 279830101
157372632 279892203
67180831 280526873
120589776 281710466
182593976 282378082
167948292 282889173
130788889 283180255
121936128 283350519
164132293 283354598
189242976 283724816
170640115 283975212
134754912 284050847
21238650 284930128
280678768 285441329
34125489 285720791
210799721 285865114
175105603 285916533
78368236 287368972
93690048 287400429
172682970 288402809
48223521 288595154
234901909 288603411
118894169 289986155
288104499 290372408
158011783 290573536
41485448 290877558
108556086 291331592
225951008 291395089
155329089 293558448
265173941 293784858
160985159 295041330
168055778 295473040
220380548 295520442
8205177 296825707
239637259 297141377
231693885 297252067
227610669 297716367
273682649 298095458
162461718 298269786
57169825 298399285
272567756 298886815
211271973 299541040
129048061 300476320
225307082 301013601
62930565 301105728
278302444 301401440
169799763 301450655
265778132 302459241
219158083 303526012
121047322 303851396
210891389 304155330
146763005 304460591
63602752 304838706
60401448 306493349
3016417 307281956
215434308 307756228
271646811 308084435
107550835 310815575
114425956 311948434
199005068 313103724
27277001 313194568
311020755 313212436
312518215 314437115
42747464 314530338
86497928 315009627
189494377 316000757
235673362 316194937
36639344 316337927
148841907 316961038
40789456 316962684
239879969 317073757
303316697 317080048
42292738 317300514
123790888 317728929
136767275 317963319
2123590 318013402
297892928 318017252
89124458 318069238
87394402 318253066
64695584 318478014
202422495 318525281
32437649 320698634
101846629 320934473
150919048 321761945
290479433 322384061
79525946 322629918
12202257 322898750
131510140 323439349
272437780 324208858
60476387 324316395
317222891 324666430
59348429 325837163
281747938 326319805
49881040 326733197
180691347 326966359
303583099 327258870
233781997 327791728
220504849 328567649
76078600 329528812
78266619 330414713
59845401 330470057
219125165 331280080
71755696 331420902
53200154 331429242
212358292 331448628
225442820 331571400
304044242 331945406
279563365 333440574
247948972 334521768
158166726 334680977
125262205 335918462
227659877 336363259
214290532 336804034
294483853 337338588
310507023 337754343
200783267 337998395
337060001 338420155
177414166 338600281
252554003 339146111
89265446 339735991
240934401 339740641
177148436 339798290
259585435 339835352
142189428 340037493
205447824 340740115
106237040 341592092
154512744 341729288
223710190 342025899
24400419 342043373
45972722 342314903
158322865 343421655
203242635 343805886
230501691 344261424
177873199 344396755
122428949 344741929
184575591 345263243
232700363 345593106
257191439 346181247
143229243 347342391
100901053 348267295
172289244 349489179
299103083 349630781
313279215 349731153
273782784 349777246
262660557 349846872
202609933 350539351
247165301 350689163
243251593 350808124
104346268 350808805
122146850 350835370
269875100 351098706
215418379 351325219
315351636 351406979
232178059 351786321
22912557 351979186
111476747 352036394
179051622 352800747
165359997 353035621
96821876 353489381
237718338 353717436
157177409 353882298
297945838 354366366
79509838 354504696
8772478 354552857
27116743 354897549
290966516 355089188
201783747 355483013
222336701 355820318
37993760 356617553
238576423 356887332
326765862 357321852
214773754 357872971
275323678 358100074
227011231 358135109
34506120 358153728
295224988 358675567
20623263 361919361
248524386 362108829
338818083 362150293
232302385 362326428
184088591 362626456
343892304 362899295
306570226 363580665
45336267 366044795
158871270 366253546
301224398 366298201
151224349 367403099
289133603 368212992
18110559 369695475
188095912 369784831
336804964 370628707
60338048 370802700
54362978 371286852
251193638 371754622
123403919 373303810
324005226 374712108
214099814 375318265
86919599 376071663
21910673 376427148
12546802 376547100
204258777 376626634
320798937 377264404
160311329 377306911
352813487 377498841
288380999 378619913
135881812 379075590
11723531 380380577
362948261 381027803
253101518 381094093
220604767 381297709
357221740 382390964
98282079 382758298
22721122 382917852
8372489 383019056
19182804 383023321
155232813 384515338
299054869 384676923
284444150 385493926
130501804 386462499
270559346 387460367
216757551 387917059
304901168 389484321
161756317 389664273
291211321 389925021
150925889 390020704
181649190 390022710
56779323 390561463
7024599 390644349
193500528 390864595
245524940 391283761
53362053 391352432
373302016 391352560
375035776 391569122
330911053 392542575
135143085 392564009
14398569 392646083
380900922 393979431
289228974 395568345
107580702 395767839
56838989 396742387
299670935 396859319
53938242 397245039
73659594 398523900
325575958 398872222
302379431 399580837
299503428 400045980
305228918 400348659
182486151 400424109
340653445 400941983
382496726 403018624
280452908 403811035
188698493 403841285
353223489 404295985
166891524 404304675
241645788 404640074
11278553 404838062
267153051 405023125
302113149 405535343
62026491 405729986
156527192 407109587
15283834 408524750
226360375 409754046
12391891 409794329
318984723 411245511
27719694 411348610
40870343 411630489
89536343 412332989
310289249 412444782
3239813 412781793
52267881 412861251
407128405 413207832
331531531 413316848
93934335 413350087
289660249 413658725
247745897 415125880
271916001 415639562
158472894 415717846
240998204 416393845
400517815 416675755
322933632 417917815
319967104 418077012
408653350 419888056
302047922 420292307
237469646 420537623
22283622 420986169
132332559 421036492
250118479 421224279
115643708 421340150
61218288 421580667
13573693 421771404
250792492 421784883
160861565 422849388
38416107 423415201
315344141 423431879
382448091 423710599
13789373 423732362
413460480 424204939
182994278 425239352
371038361 425590170
211270156 425952909
67763600 427036651
119471595 427068130
4088726 427115337
292859270 427179044
58258073 427477018
145069273 427697804
64420216 427967426
206028153 428443950
64571991 428712456
239050022 429835539
97637881 430017223
190570564 430080995
204330858 430244686
61564369 430911486
176977747 431615206
122497240 431687065
320983175 431932299
149728981 432990429
119323058 433552003
308889533 433693484
367803204 434357298
133955333 437085444
346418046 437875919
293754327 439664302
86753523 439813747
177373573 440123702
425778783 441213050
109460526 442011059
245527415 442154579
330606987 442168154
325102542 443113405
205029561 443433678
243130735 444903357
161223623 445588692
112648919 445776794
183106766 445991749
119537818 446646224
10591148 446957633
9423585 447824196
336263520 448805399
44934235 448851105
131173692 448898822
37254617 448930843
1800977 449014419
231692167 449579098
115363044 450015674
365963560 450533899
395044345 450711173
93912207 450743493
78436431 450920595
429674100 452017129
367201203 452536744
206968194 453067738
340683536 453347806
431905512 454521845
151788458 454728678
390593814 455759747
118311873 455798200
390934610 457536098
217715247 457551449
364538409 458223303
59386866 458752027
416561007 458943845
120048292 459304761
3883391 460960823
174513114 461238210
409167764 461385569
283207107 461404529
400078861 461416136
225294555 461518414
452947112 462104499
374542233 462867535
171049684 462878116
142016768 463128239
307304121 463356131
199851469 463680698
