377083550 2879
36056 37127
28682 72481
275260 381383
374445 551665
566919 647739
337369 662507
572383 756675
625867 798476
803253 904879
500613 1232705
761715 1360360
1288329 1526168
666869 1652829
1333283 1655506
1193722 1810729
1613307 1910217
1117952 1923959
1219549 2040543
2293009 2560787
751316 2605782
1378987 2790325
1860900 2847728
2043528 2894490
446146 2929058
2434715 2933627
773875 3079691
1217 3117871
418952 3223805
2928716 3414992
1216029 3508627
2298064 3853926
1452192 3892789
3312853 3930485
1673274 3958667
114652 4282702
708963 4682737
2187667 5006903
2336212 5043441
3841517 5158709
686035 5316895
2913813 5479578
1597256 5525705
5108287 5587268
1811869 6031347
1601496 6161723
1018177 6228181
2411988 6229839
110785 6285640
3905382 6323667
1426148 6658469
3471120 6751026
1635046 6808040
751314 6847293
930876 7094372
3368642 7505728
2771968 7533336
230016 7551682
7271698 7584356
4389708 7608636
4450333 7742406
504107 7750337
2425529 7771876
2778456 7826245
3269954 7867983
803856 8085101
3988972 8168135
1654102 8417345
2412169 8428974
7818457 8465580
1766102 8478837
6560329 8840832
2817492 8910112
4053920 8913650
141566 8933116
7301086 9044431
3655136 9111847
1555680 9126544
9129728 9144935
8494059 9331385
7401853 9333658
7950972 9379866
2627981 9581200
4333043 9593909
4143187 9848314
2106342 10061914
2707085 10340211
4860854 10398462
9712150 10643796
4073597 10697410
5826650 11071136
10729756 11233164
8061437 11259858
8808289 11392687
9193464 11902954
5985296 12056931
4323300 12190964
10055338 12409691
10538495 12425531
528846 12745625
6314438 12751759
8051101 12773647
7844677 13076231
9735773 13215411
6226942 13239736
11794646 13344731
7612165 13387751
110483 13435600
10938786 13555062
13077008 13612507
2491506 13631858
4971150 13639780
12274618 13654784
3113286 13811819
6620023 13881384
7322338 13892971
8189886 13934218
811460 14090595
7709261 14095267
2344991 14101252
1721245 14343852
8492322 14401104
11398213 14412149
14373064 14426696
606912 14598198
12390675 14694945
11193795 14742003
9178508 14993884
12657576 15036904
3441967 15072517
4099598 15234653
330317 15243964
9680916 15263304
11612048 15276297
3860190 15426434
7816680 15594888
15332700 15720317
10429924 15877759
3463049 15984616
215960 16323283
15437047 16327326
2908443 16329025
2915968 16423353
12208115 16524425
4522043 16575904
12865523 16686731
12745514 16746729
10411210 16858194
7119398 16951271
13596186 17004205
12022088 17140501
10028461 17232404
4631857 17324142
12800728 17361161
2798868 17441330
5905676 17604129
17001892 18855430
510078 18908157
1490993 18958784
8426344 18988377
7736424 19046388
14812966 19170482
7912164 19275290
9125480 19507652
3438244 19570330
14698014 19572915
8193851 19973849
10131719 20013351
18182367 20544852
12850522 20656428
7284294 20756737
189683 20797675
14113370 21236381
18647578 21251589
5475065 21264745
6339373 21305910
10395892 21387284
8451195 21524829
14135223 21555521
21138605 21822727
2166671 22108379
19059070 22274898
12650411 22463646
95724 22558290
18447907 22732409
21079210 22794533
4849740 23325723
17236469 23552465
16195960 23658186
11945879 23990502
16748704 24010900
8571887 24227373
14951865 24571129
4055252 24641901
20198700 24868121
24461832 25227468
19804624 25478894
18581702 25621321
187928 25704800
116829 25823412
13293617 25828868
16872765 25961155
18493646 26059792
18737253 26093217
16830970 26459207
22821518 26723176
3758406 26925799
20923870 27005007
15012315 27067351
21585050 27133251
15440118 27232301
8718591 27267145
15120885 27295007
26980546 27309184
21819581 27504455
5484869 27547353
24494884 27653444
26021801 27711699
11535881 28388579
18855534 28441914
9404605 28462020
10524059 28581539
24500713 28664354
12584567 28669115
25447472 28711491
28247357 28762272
14001721 28897364
1798031 28954788
19565315 28959663
17447389 29068156
17954232 29177379
26387251 29196524
4193181 29211985
9665744 29229625
25621621 29457457
12636541 29468827
20841205 29475324
10509472 29555372
5341189 29621431
24015196 29632501
18654696 29714505
8037086 29734438
5079845 29740265
29379391 29762735
12483015 29839185
14276063 30058265
1121759 30141098
996777 30593637
24959330 30625091
18252106 30675234
22757667 30778723
12043805 30892016
25439853 31070126
28826536 31102758
23601715 31208599
30730849 31218952
13198283 31272862
179304 31361702
5891003 31381732
22065693 31383660
18559728 31447019
3113712 31595258
26260626 31663568
25276128 31717274
16716551 31727352
17957001 31852947
13079005 32182496
12879058 32453490
1152685 32677251
15969103 32845441
3175876 32924383
9166365 32977714
19288611 32992483
5997022 32993860
5464941 33101953
11639878 33303222
22708573 33370773
22317865 33856742
30810223 33881044
2247977 33902554
29892627 33920274
5291448 33971643
15098820 34046624
32169555 34207177
2754276 34238591
2928162 34300075
2551032 34348777
8163502 34366746
18761334 34571640
32254014 34739691
16441848 34779458
21957348 34850280
30806676 35173565
11865801 35564544
2010961 35657349
30324976 35746583
4565106 35793244
29089477 35832791
4308511 36291322
24930013 36600141
35606500 36834818
2263993 37206753
28495488 37240254
26555548 37349603
4001165 37412737
28187070 37573715
11119726 37942118
20115016 38011619
8015558 38158378
7271476 38197412
11777928 38315880
18136408 38429575
33615850 38474496
12211214 38562202
32598333 38637745
29829859 38698780
26528420 38760677
1649557 38800166
14724706 38884560
33389217 39075469
14457480 39094574
1122207 39129395
16421632 39223751
30129129 39240393
17468827 39457938
10377971 39605346
27999596 39618067
10357309 39623623
16059700 39654012
8258942 39811548
32961257 39816901
8976748 39857074
3427680 40013406
4224262 40111304
31957454 40129417
28237612 40152387
25679454 40411359
6005355 40637636
24431796 40680068
39992750 41114687
27298209 41496553
21225962 41512560
4009087 41553146
13178330 41562492
39193792 41867347
33362826 42008716
39334508 42436552
39033824 42439328
35049993 42606218
3917654 42761583
26825970 42899310
15320718 43039560
12027111 43074615
25338503 43453150
12745092 43483593
27624810 43589977
3506440 43728731
13594241 43976242
12377323 44004428
28999931 44021652
22598559 44132988
32530976 44141334
43881633 44606451
15631413 44646820
28838445 44679502
42771260 44733859
33735215 44804739
35225060 44953272
36691078 45214722
30470164 45245662
20285415 45299348
37984864 45443978
12329426 45468259
5408480 45550996
19580365 45841747
18029406 46107951
5060997 46205515
15459483 46211020
798836 46248732
28282277 46330451
11490249 46360430
11132041 46368084
13218251 46493039
5274105 46774948
15529885 46880817
32569553 46901955
21908037 46952273
25509540 47022151
34217992 47165930
987659 47245798
946283 47260459
16198095 47266466
24119751 47303452
38228912 47754590
21990178 47878562
43429541 47930723
24701225 47941898
2060953 48085011
7262490 48303555
11523737 48605338
39270330 48783646
15515132 48820507
26916265 48991020
46898534 49362132
21918096 49475800
26618946 49725545
11165223 49912629
23914321 49938503
30088573 50064875
7857130 50150242
13784387 50225562
46182083 50254603
24575208 50336909
49080105 50425897
25237456 50557019
44854085 50643462
21310983 51042947
40419710 51066323
18218079 51516933
28326286 51684652
30767151 51847844
46063551 52012224
15067062 52089564
2963946 52117017
39376300 52133636
30897941 52343903
26297323 52453013
12121164 52671975
49536391 52733931
44680672 52895487
43613750 52999454
48780175 53228371
47724437 53505024
32076752 53551693
248433 54046777
7800990 54122900
42385746 54128134
5409649 54296112
45560577 54448170
36562966 54533420
7362795 54549483
28726869 54590716
36725131 54776682
4503876 54849800
7999421 55064826
40345949 55155049
53839935 55209349
44334450 55236692
32007024 55236895
3631223 55354054
45488962 55477187
7532742 55564942
7084209 55588696
5389428 55644109
38238891 55817451
29075373 55887667
21755118 56274514
40973488 56318128
11166207 56393201
6739293 56418782
23068853 56561759
20910757 56627562
51654000 56822784
52368094 57395144
19697876 57669962
4182308 57795552
57314177 57942276
638170 57965432
33123867 58199304
45265996 58272712
56852609 58308123
32158475 58459324
14724898 58469537
2651350 58771453
34890901 58862869
41630036 58901166
53837309 58983987
19559306 59045384
27204150 59115817
24912218 59119465
6820658 59236168
14263762 59671157
34630692 59959930
46030535 60158775
14615549 60178406
38127896 60283140
59149028 60405450
21818522 60407715
39959728 60408317
33774519 60418556
52788346 60736303
60737287 60845086
2961668 60856461
25919036 61014525
39402798 61026542
9885460 61189844
54752658 61431668
46726236 61458163
924336 61474773
37242083 61794214
52535985 61865530
26817410 61898050
26684515 62104242
57313478 62182857
20983974 62403851
43708079 62589498
36075820 62795933
33315566 63031628
23733512 63092337
60068494 63094163
29222288 63103739
52094438 63175502
47392627 63252390
54148409 63371772
47008360 63396480
34584694 63422296
17988686 63502974
2657048 63794400
19963510 64088995
53974936 64146456
16225552 64443090
36287626 64699936
17508850 64854269
29316403 64977419
64774815 65294417
23768247 65439887
7016773 65544592
5327728 65548333
50684040 65556418
2685244 65583625
42282857 65639944
43563949 65735445
5719525 65811177
29063411 65989601
27071194 66020253
14974277 66230599
46503227 66291197
18974402 66382910
3299740 66795789
40076870 67112844
28146929 67399182
3817407 68037553
29191453 68100029
1882739 68196949
64916546 68199643
4883954 68267854
44483720 68295178
2761061 68584661
66694240 68677819
15429068 68797835
14509611 68854073
58686162 68947443
42530590 69028612
57284834 69173877
23949444 69345545
20380889 69408361
39630594 69424757
9043163 69525763
69507600 69531869
16074726 69870418
63021803 70091357
14838807 70253301
40565843 70514338
13053055 70651986
2498822 70827858
6811048 70969638
65391424 71088013
58059448 71337716
44140731 71563576
24820674 71602014
24670116 71750515
573823 71953443
68265046 72453017
67838819 72455114
34859304 72463932
20594451 72823877
50586221 72843982
70513998 72996209
72099937 73203496
53254378 73231301
1988030 73256166
31734596 73386234
45309181 73390208
1388628 73423328
73347696 73470645
4438827 73859761
11107158 73871472
45396754 73892207
30057898 74136845
2642025 74302876
47202150 74353744
20126529 74425342
957583 74468553
64717695 74500886
10361032 74609506
46836247 74670139
45365688 74678494
65661513 74722630
12599974 74781728
34593249 74799446
10254391 75378214
40082570 75392363
74950918 75441213
59029882 75688118
19580434 75735312
58325823 76060717
4085229 76061066
40260013 76155490
73028100 76175091
20872460 76283309
46077041 76360042
54130030 76367763
34380814 76375226
50051113 76537895
25561802 76628848
16018616 76907057
38314964 77074701
41607699 77083482
74170531 77183436
71184840 77311479
64697979 77481909
76559972 77702661
31710706 77822763
49053080 77926276
72348021 77976116
58917307 77995230
56733401 78005438
61618776 78046562
42106546 78099436
19906710 78131790
61129404 78184222
50097172 78207736
45321796 78341167
10851849 78378156
21648828 78564294
48583278 78579507
53668362 78592585
8663489 78750589
6324064 78750960
24441603 78774619
780293 78779474
52668015 79005835
2542080 79549840
67550848 79692112
16515851 79845507
1975483 79959297
29497376 79984123
12835945 80139335
72155389 80176687
41039462 80247926
33511807 80261131
23159256 80280764
26420377 80422291
44205339 80524693
74914012 80767367
1112153 80961672
21696525 81023463
70850597 81100032
32865560 81147750
4013616 81250904
15447329 81338529
9626194 81517054
46662963 82574108
80202009 82823294
46217025 82927085
56384981 83017413
55603271 83134250
26838194 83286368
6494843 83527659
63429998 83699975
61102764 83864986
4449277 83931966
42967221 84056603
137661 84103793
52996631 84362458
49097510 84595648
28026476 84680201
84531997 84979884
48556897 85073513
32075514 85200580
72259596 85280237
20743188 85369829
84491994 85385737
72379352 85467980
5957189 85629429
1936939 85703632
69655853 85809730
20498967 85988505
61358525 86027562
27168285 86089318
47287479 86167109
8366689 86275195
6482361 86340273
77329191 86344729
69911539 86415340
65797951 86476708
34128895 86520459
17658950 86815228
48697120 87347472
78348312 87350916
34723206 87413040
83920274 87756009
51418093 87763744
23137596 87811417
72664128 87817636
56348062 88148239
1295422 88206313
68275574 88338012
75788015 88545062
37371607 88684393
13419720 88715616
5755296 88775026
67699479 89113564
15762449 89283794
3465533 89327628
41096877 89474505
81223012 90327234
6780925 90358209
5193470 90450258
84357733 90683924
46553699 90697822
83564785 90750372
31799439 90828713
32277624 90962279
30033406 90987290
63779690 91226667
82414048 91306902
177295 91396078
66460516 91548997
48116050 91848552
29408322 92173100
79076045 92223932
36742301 92408279
29477836 92584831
78519496 92643174
76018856 92712635
28539181 92826324
8682796 93057133
79897247 93117377
88462840 93192965
92976061 93241866
42746134 93803916
77215639 93818298
12308847 94284764
16758289 94574280
42837430 94823510
46632138 94829561
41194878 94871941
36559074 95108072
64970034 95192301
28855836 95253204
63793388 95299685
78209006 95406612
73284290 95433771
36956487 95752494
60670509 95850029
53378753 95950309
2031327 95992656
34305964 96216897
36315989 96289063
3025509 96361073
22027806 96374185
10163917 96535350
48845188 96639076
46315020 96984236
16420195 97441155
15025024 97606353
63965855 97710925
18404248 97854115
47880494 97861151
68324420 97862718
19387031 98375376
83548436 98383250
49440325 98448117
15557989 98589409
83443302 98676277
274273 99164785
19042106 99494042
44116665 99983064
94353442 100207969
21428934 100299285
3946637 100746300
12491470 101198541
82301410 101266992
39743908 101383930
85055096 101814618
115054 102058276
28904490 102109412
30742828 102150301
67314242 102165945
91929301 102247369
21851362 102427584
1876361 102823135
98074074 102838593
40588539 102957038
82186638 103284642
73714710 103499501
18156831 103557995
67207916 103615698
46470777 103755889
1499558 103892159
80247972 103937141
67296188 104029209
101902155 104247499
98749574 104285208
6286127 104355278
104176981 104406774
14139720 104639519
10856643 104675435
40973211 104677017
20129001 104862145
82258059 104919002
100047606 104966478
92808727 105091107
25731172 105302918
77091484 105356481
37662858 105367191
53451486 105451105
21750122 105526766
95345107 105687045
101555889 105924479
64485123 105926651
63304552 105931590
58880737 106016847
50354156 106024145
104536854 106090074
25336692 106871597
32910114 106942826
37098544 107037774
579201 107181752
105488806 107360233
84854497 107659639
66901744 107694771
72562501 107713282
81032187 107759340
4112591 107800858
94635031 107824940
79129653 108026121
60227124 108404724
45884016 108551607
44574220 108575451
53120702 108678021
45631999 108689096
108401711 108835583
92737748 108925572
21298792 108942906
32739973 109047136
4662197 109212917
73107596 109347648
100133148 109402305
7474875 109498902
10741635 109505016
58991557 109581951
56540447 109943787
51660270 109988627
67906045 110013705
53125322 110119538
49692914 110177185
52491715 110221052
103462322 110384597
96127944 110467170
42142616 110526404
27665572 110628055
80121842 110806375
6361743 110876491
57198401 111041515
89629216 111103889
96103055 111125577
67459226 111214281
76852347 111427445
3278549 111582707
14709694 111668777
77013681 112030676
3522413 112032983
103067798 112161163
30359999 112798632
5180235 112814121
64081310 112918725
93731057 112970010
16191584 113370740
92256549 113579074
10197961 113632391
61919986 113733101
17834963 113735398
90951348 113762412
13662207 113806249
57254071 114024067
71823781 114024813
70238503 114202912
19374338 114589580
4709908 114609570
22764916 114721559
661773 114763385
93340060 114920611
15541628 115254552
51323518 115388979
85119371 115406475
667532 115418408
57742208 115597964
111681788 115888714
60830595 116431027
68468099 116564297
51923442 116611348
92419404 116632296
93047224 116699850
12691303 116787712
44611612 116815555
49918526 116818220
51690293 116894550
77190615 116995206
94170115 117373567
83092083 117387987
111141798 117526312
89812856 117683352
68856303 117959015
16728637 118033423
53680359 118252238
23845429 118275655
38024737 118365763
68604394 118517525
16924078 118751608
86671669 118788253
65117858 118878016
5883970 119055097
21725031 119108388
73916198 119399733
70260898 119619789
61532054 119868655
10255529 119917337
27631124 120059410
53520219 120259802
45294680 120296063
21224490 120378528
63079343 120484043
68637570 120690482
27581231 120975192
104265371 121147226
4054910 121196678
117184229 121269785
31287107 121501843
100728164 121783532
81714942 122043067
120570920 122070667
35015407 122115264
57855090 122122107
81595125 122673377
58018607 122674170
103320749 122680293
55540678 122723046
33475846 122853157
4386777 123223802
79177490 123278977
26077252 123583806
110856094 123670893
99593460 123914373
117321213 123951150
89825777 124164387
53222849 124393310
117467423 124796062
41573735 125123443
89095446 125146759
73587466 125257813
8070116 125686309
94106755 125728058
81170532 125880584
34733846 126055118
89563091 126061287
75470121 126384888
31949767 126439839
87069973 126450197
46752084 126627720
25714447 126847740
91392225 126902342
90908827 126989358
112790463 127199813
59312279 127282887
8561424 127397397
18656548 127506123
40425050 127609768
69124148 127746967
76308745 127784742
68145712 128013470
38285140 128014365
6245875 128019062
33279486 128073563
34416093 128141601
124842822 128466962
63734531 128615138
114538031 128994935
53108086 129186219
60412226 129226452
88115164 129238753
122539647 129276773
51772278 129499997
29343662 129605698
5287530 129658283
73496133 129792483
88646385 129964920
71065279 129998022
38959032 130028150
4148441 130305136
36251535 130327526
130693164 130755240
8603118 130787710
118445289 130996364
74942485 131082273
47319930 131115656
117333492 131230833
44470088 131244661
9061989 131295995
57272375 131380916
43036062 131555437
120170139 131706747
10166810 131741323
126334961 131818118
28270404 131924937
150195 131943065
10682810 132141192
126281748 132146552
15069485 132357944
127851564 132490278
78987260 132977396
93284896 133008535
75451239 133060794
31716940 133174044
90568953 133304105
84445521 133594230
10891571 133672275
40984130 134067652
15527611 134093151
103256370 134143348
107507033 134632048
2789044 134770929
76696856 135067018
4841425 135095295
68972841 135197138
41344338 135230837
40099015 135375252
17955357 135520492
79836169 135672010
112331047 135715351
69137851 135741525
9074624 135840870
114464496 136025270
17624303 136109657
22733587 136157140
54663279 136252518
100610351 136280914
111540168 136284702
67583451 136316919
72267789 136561612
95356059 136603232
50435287 136610710
105517120 136818807
121794387 136904841
75903648 137188289
10683575 137234150
126120509 137270936
25959122 137380635
125337585 137443646
6786795 137524040
86555315 137714131
135709235 137729122
24161624 137950980
40393171 138098641
123201916 138321240
46401167 138355142
6433595 138392869
108032693 138619472
54784224 138774774
137130361 138982959
15007291 139067790
47050806 139135923
134614058 139188118
8510903 139540371
96164263 139689983
108578639 139690129
68039635 139820131
46596265 139840971
60055488 140095682
93979064 140268484
117735674 140583252
5971770 140641064
37146427 140780167
41823619 141180006
31236789 141380641
29922294 141395795
20467767 141453196
27396516 141489640
133443925 141736336
77324644 142021666
91933693 142024537
56270980 142116204
44538924 142122597
22642988 142293507
60485864 142384678
102994883 142393724
5596864 142468008
133627404 142570806
61032487 142930460
126169429 142936275
116681222 142946849
26282893 143814040
86779989 143927321
102436900 144015014
140057944 144053689
142155872 144664550
55631189 144674360
103611112 144949798
101860423 145144673
110356271 145185188
144556198 145194762
39741457 145242357
18443924 145267819
134692294 145270118
121186551 145297879
96253450 145591061
109421954 145635570
122367481 145836256
32426992 146007836
69560786 146101962
27310377 146172760
122295570 146292991
32979842 146870214
118985937 147129063
52009464 147192942
130515657 147409832
43353375 147610429
41773746 147629714
24844910 147635562
38428543 147868431
41761133 148090541
25901706 148721028
87647348 148796983
75854203 148821429
128813704 149131421
110317098 149522801
13880597 149559571
68683158 149634110
97943931 149827810
42380078 149993504
616472 150029389
91575954 150082014
67287022 150132563
123594806 150263004
71305671 150325248
6272094 150368771
35042026 150511249
29108066 150771537
91801628 150852291
85532903 150860504
40117840 150868440
144880752 150875761
60967762 151029534
124333541 151330536
54042575 151404713
70598059 151672114
48234601 151963342
52279350 152063401
1204420 152181363
37803486 152266591
30766339 152303044
25581487 152415708
36347342 152928409
138726914 153001993
59058462 153004962
86947300 153390234
119421137 153456967
21231088 153582968
38206643 153817118
44578805 153969925
80034497 154035338
58846558 154100122
42023626 154128551
133850900 154148422
8101187 154428315
82201387 154605099
16088465 154687145
137731537 154701537
142313143 154965217
138069293 155004213
32988037 155022680
37827900 155062237
67359847 155144260
115026764 155145091
34050475 155212987
12990807 155270598
101243458 155362490
37619372 155805566
108074439 155867174
93993272 155913526
153659783 155940355
102418100 156138266
97988484 156265631
30574219 156266977
117548906 156479716
17708117 156492281
73064036 156536352
112565240 156758658
44428045 156848804
31062752 156927896
19783340 157029236
111748305 157404600
133034035 157427652
40845548 157485499
2608499 157725861
75373013 157728127
136506794 158101605
141028598 158229333
71244037 158393075
129175752 158579569
37054536 158584857
3856008 159065983
13004945 159310518
88669978 159341976
83286530 159617642
5648108 159627324
105227347 159860049
132598239 159983617
128645855 160730941
154143279 160768149
27978182 160837502
59322173 160871216
26407580 161069245
118357024 161460253
35369507 162112575
78499458 162273160
24916190 162472906
125299161 162510903
113061119 162518985
149779075 162546602
56723086 162810728
17932477 163262500
131544360 163266997
1535031 163559233
77764458 163705031
114154205 163863809
30383351 163878521
127651702 164114805
136488844 164412647
60789393 164704065
121846840 164715617
126652501 164740455
25444413 164816290
96010782 164825934
112844788 164928394
78638253 164936149
149943539 164982067
85160320 165383427
84028143 165413973
74432202 165574337
133511702 165639484
70585037 165649748
136295086 165825242
57313723 165966668
17312471 166044983
88121046 166077045
138899708 166238299
118479936 166252064
41775737 166315381
22571357 166561836
158832236 166581761
75393143 166603550
72268113 166953651
68025602 167061515
80537915 167101927
24010674 167130464
128314964 167220405
135560805 167272132
146266784 167380384
139543608 167577232
118570678 167596194
63478120 167784851
37761843 167896137
151662389 167901538
79317644 168233605
8098718 168237793
33229725 168338290
56002080 168413760
71994370 168488046
71070665 168504213
4680548 168550381
24841655 168888098
10412956 168890789
32113011 168901475
94983312 168963971
123407563 168967609
164229000 169280178
26866876 169543765
10215532 169640004
161314997 169797087
106089017 169823163
50410958 169903156
75503208 170367531
87247842 171073246
22598597 171242082
150708292 171381488
72226759 171612981
168004917 171724536
68672624 171793430
150535793 171904979
125603667 172049906
70175967 172211647
168431628 172398610
52193193 172410796
133537680 172436981
144510222 172528657
13731978 172529847
88137220 172664963
124791991 172671096
38077713 172761097
16877351 172802337
35955371 172889520
108022637 172946376
46312225 173084534
60681492 173139791
62348141 173378551
148905102 173427850
93215183 173672615
83482718 173837559
69841843 174063313
12840013 174093544
90881891 174215385
105513209 174237624
128309462 174297856
49150 174415925
147106076 174810496
107296802 175231116
152260728 175263657
63067161 175342555
55908096 175388576
136841382 175590342
24450992 175698432
38437885 175760277
102171451 175788110
38092826 176117860
67597012 176156104
36113781 176268929
110761264 176476603
144893831 176630667
38791748 177046958
136848532 177109014
176076452 177199910
126623600 177268910
176269799 177423482
11073870 177748720
16575528 177839755
87123218 177839961
55894555 177840046
137927276 177948769
149668249 178052510
100475912 178145844
123845867 178242814
8088034 178311944
72977575 178531526
97836316 178628973
123897577 178659071
28181103 178808633
158024534 179432034
108301140 179699022
98803217 179725444
5668691 179797464
153968877 179850547
45492112 180146200
105914542 180148664
35430982 180254311
55501966 180266618
66007173 180293921
58745246 180417023
169712366 180804564
55055470 180825887
81922733 180846289
113103476 181024431
78862930 181436956
181324444 181544773
140702609 181601334
16690159 181630049
118585727 181641991
86796133 181848076
166099058 181879737
127744941 182131005
64556246 182274802
29305194 182310431
81754149 182323189
19749013 182392079
107397780 182394949
88044818 182564888
122743726 182756893
178502239 182773467
81815146 182803934
128003708 182847692
85581091 182906300
23723085 182909949
64480984 182958759
131110163 183033737
174082079 183209121
150602540 183516480
62675700 183712804
30317871 183776890
28095836 183793593
17933358 183838598
73239771 184020764
47356360 184372434
10619878 184750155
17263875 184772368
134909026 184825410
84748482 184894698
28060761 184969117
159424921 185148326
159513403 185204523
181449854 186113938
51052787 186247715
131553484 186303365
16106406 186487831
47464075 186614910
176937716 186704238
124772323 186842763
98248587 187210398
103716317 187284031
65051202 187644802
119665994 187678703
42458008 187678803
42017064 187908452
101866382 187979547
68496080 188132502
136771575 188186382
636853 188202256
34834474 188309784
150921182 188375122
166808668 188378084
98510630 188733808
53087285 188940054
176824822 189114401
96572831 189138413
125178018 189358439
143751645 189360404
154280916 189584094
14612972 189690308
106387247 189807476
45990728 190025506
108730794 190295336
27542845 190367599
132677820 190427701
30648399 190518565
129719933 190541935
116665319 190835875
133694083 191032031
129018336 191250049
85218651 191576302
179604670 191613358
76518013 191785544
161466576 192036329
162921603 192444812
177094324 192664850
51549105 192681486
146665733 192850220
172007294 192920467
60519118 192984936
50860127 193145879
65737290 193175669
28783234 193337789
174004076 193542267
106502411 193572228
28019931 193617183
38332531 193806652
27476713 193832386
137158036 193920942
91287597 193966008
151579949 194002204
76337023 194120335
49949203 194150703
155366256 194182758
146963397 194203860
68560177 194270869
39547868 194368983
6312157 194376713
118864382 194491728
90421437 194501838
110762094 194849553
11403824 194890797
85695999 194981299
129188431 195196224
105579081 195679945
91993829 195886315
96804253 196229899
115612971 196466465
171290736 196509473
22525622 196591143
4303897 196850609
125229229 196934265
177766466 196979000
59771109 197092167
119906132 197244020
74470883 197581128
5375539 197765410
69963411 197848250
120425578 197961518
120286891 198077452
188650380 198302872
195948406 198470773
180316614 198490194
51840003 198537626
144564159 198602425
1118327 198791904
91298864 199087780
153907648 199123767
18345867 199444562
159611886 199615000
68411409 199615710
154471877 199639724
10403909 199754618
93309941 199775515
153919519 199985982
187091984 200061528
66182598 200283844
55958930 200305430
63404433 200373455
10112616 200432960
8738967 200506306
138046533 200633920
70234368 200659185
129577138 201404920
59909104 201470761
141064961 201709305
43374832 201845190
97414935 202287806
156479236 202437693
39364332 202542966
180522780 202631286
121066992 202745278
119852539 202748640
175120816 202898250
40450688 202914682
121368192 203065626
77365997 203114536
24044486 203163929
174011879 203192614
144965996 203206952
23111728 203334110
92699325 203431692
55282717 203437843
136882621 203440830
117831292 203738190
140387887 203806191
153161557 204129071
64102601 204510553
7785681 204732370
76213391 204732852
141750932 204761769
194186531 204858706
77235652 204885082
83690660 205191933
191732258 205220203
127948923 205330500
103333879 205350072
92624173 205545680
166645421 205794023
163417441 206077215
41612596 206121708
148826723 206472936
3261676 206555463
171139653 206573994
175971912 206615431
8603911 206625429
167940372 206638047
176818111 206713270
38458203 206768298
5350647 206818461
64310415 206923515
4175339 207253473
11268809 207313271
188943621 207322428
197241782 207714667
24981565 207959117
138188313 207991703
52673581 208016161
192207209 208033206
203178628 208049004
18744227 208273710
67329206 208422519
87828683 208623085
80777750 208651559
181419474 208754557
184068423 208826833
97296435 208907090
125936606 208952482
51522279 209026519
36804237 209089355
110697462 209349719
64774881 209418926
196809823 209521907
142275968 209658436
17951329 209786830
151917582 209958032
169862296 210072110
171616526 210323049
80703415 210382141
108599593 210454625
204367934 210751955
146752796 210936799
5151254 211115713
89763125 211259681
49221327 211370820
204537706 211373973
75566882 211527439
209242727 211545569
147486834 211573058
91617140 211687206
122843302 211708750
110439805 211843403
188594431 211886705
36372178 211945764
142211924 212033080
183259047 212062203
165126266 212114141
109815892 212246472
35125326 212359902
90747949 212497214
87644427 212509752
141174517 212579448
124202949 212643647
782106 212717694
120986156 212901999
174881401 212988120
193021211 213017540
69684328 213062803
178646910 213088929
140510950 213135634
53524951 213318805
33462496 213411931
112715736 213443069
33864325 213460394
134611990 213521941
29019882 213653326
148791222 213905800
69389496 213959948
183910871 213969558
8683870 214105311
212701840 214271135
71986286 214371639
139147116 214438109
105503543 214883182
203874274 214967799
125380721 215316427
128783081 215360700
137659496 215653927
181125397 215716286
100175381 215901351
153051305 215939238
8936953 215976739
89758285 216085684
161038526 216117219
163708385 216158748
4568399 216230074
179654869 216326479
215473082 216915451
111425613 216934155
112759149 216947144
87137461 216948539
16172000 217046320
179082480 217107196
59620458 217199349
43669422 217470919
2125259 217526727
50020101 217743232
138771640 217756754
28398706 217796254
160583238 217812820
10009646 217896110
28060785 217906967
117141557 218273818
90655555 218322706
91991597 218636951
75218586 218644987
46553859 218735085
108319821 218789977
182481198 218866516
50784628 219060741
125280838 219156046
90291256 219182107
207259882 219204721
200444136 219267988
51630908 219581313
185796539 219801341
150076519 219896912
215391933 220072381
166945669 220153562
26050083 220370028
2579304 220438750
95491912 220479878
218405034 220579414
109169483 220617890
171442510 220648160
123271303 220708097
184305107 220711963
2039526 220845531
54620705 220923575
146259194 220946841
127819883 220949772
65752788 220968126
57492533 221015963
75855930 221072108
15943447 221183672
184269247 221255025
107953478 221401623
21667524 221420122
17699169 221557722
99179133 221634701
133822036 221732840
128756714 221783546
204530315 221903871
137647890 221918136
200308765 221982227
41443244 222096688
135617778 222310666
215785979 222574601
191513038 222867703
32726129 222901186
13260253 222981615
171457809 223288982
114944563 223302612
207227805 223368686
123203152 223554299
87160306 223730185
191126359 223995955
152074951 224411956
54472962 224492629
38983775 224643150
126569209 225022508
152441092 225036458
71750288 225111866
125537244 225236675
37588324 225394139
141903274 225403100
178204041 225710578
96434007 225889121
18101877 226305122
46678554 226492845
223307671 226696779
13237360 226967177
121585543 226991206
135724591 227265257
100105886 227310729
146173503 227391384
200630820 227452693
170641287 227546298
135293814 227568648
46900589 228043013
189641744 228062584
51405500 228510536
44314455 228534686
205528602 228599150
98287554 228634648
112513576 228707006
212590526 228907778
50041780 229132281
46604402 229355200
7661082 229879991
99740473 229881336
177674265 230079298
36206798 230418358
205183686 230443108
173309222 230513681
73092403 230549245
166930445 230945994
154341957 231113046
220845311 231344692
92305284 231540513
53012068 231891294
108798096 232092409
217852982 232231102
186955602 232373137
44721570 232420477
52680462 232517676
37068931 232899001
158251446 232956214
124743295 233282836
55944732 233501204
21350711 233647659
136527468 234029183
5354113 234172324
189305171 234762200
199212090 235288243
92110348 235373897
167018221 235527747
63542578 235649646
67855852 235970570
46210644 235997996
135846052 236003644
200180641 236095396
213236028 236123973
17545627 236167771
126059624 236427647
95261450 236533361
155184135 236613926
9689808 236630558
221772286 236967129
66645877 236989480
101466396 237002084
216038980 237025687
148011753 237040559
40005798 237176789
87424250 237204630
184055180 237316046
114092558 237374334
173224322 237428336
195585073 237445257
66933401 237471261
65365575 237632989
203412072 237706298
20125198 237742026
1418684 237868193
49339294 237884386
136683549 237939760
55389062 238041782
180271398 238148783
233230044 238313056
227836498 238678264
223629356 239212830
113472140 239506783
174259509 239762663
182908194 239850393
125947049 239964164
136713512 240003946
151502507 240053568
219352656 240055026
221685346 240086894
161409951 240235125
60119680 240740853
195700098 240815189
24918791 240829372
215229517 240858311
94749835 241173154
199098488 241236536
162991297 241463559
80591558 241588163
105720370 241608853
87772356 241861539
42392171 242012726
137502568 242221479
200730864 242309280
13734759 242330362
116703564 242475938
208457980 242589925
202678358 242714628
197029231 242860641
168266108 242917215
161291014 243356920
193570456 243513917
68014785 243583337
89815048 243652118
209292669 243747653
93425479 243933090
203905790 244055901
50111143 244208136
48897133 244298055
16695490 244319235
118040209 244523251
180879773 244609758
83624792 244837161
126317236 244901958
100168496 245264386
24884857 245591316
207604458 245628536
69541843 245773969
49019232 245874029
154456570 245876962
42468852 246195591
182153553 246664910
63649768 246704057
215282001 246904454
21534391 246993726
8852807 247320747
45536767 247321937
236462032 247367547
245549568 247778115
238527672 247807145
56489762 247883364
234889056 248261714
54974350 248421155
207064743 248936656
54805444 249094711
66458028 249144338
212362865 249178018
38965619 249564115
32360626 249571236
17826726 249970691
211661574 249989069
160221389 249992949
58764028 249997582
75821373 250513384
13933067 250704357
43447244 251184545
228880511 251333146
21950355 251353982
221138615 251367518
40864754 251924635
121950920 251954377
197615583 252088898
223000391 252171799
119245100 252269903
235925712 252566807
10420788 252619713
188818573 252680457
199662518 252689056
133990869 252795122
248924673 252867455
103239973 252888418
70372751 252902902
157052530 252914372
20954491 253087594
112533353 253173167
71155307 253193604
145257011 253302527
6713304 253597437
247155597 253658983
184131957 253678515
173942391 254018310
21415824 254047109
156151353 254144142
224241180 254194830
162939806 254476207
113533338 254528792
117455525 254931793
47082499 255126630
200541458 255138669
251526599 255156235
85294203 255248393
60304761 255327369
245822801 255421110
234957638 255493645
67334761 255510824
29736276 255728480
113446811 255822164
66602077 256601893
202104417 256789438
126984443 256836698
249785890 257052454
145176228 257068954
139981186 257273030
7805444 257501823
138112185 258135011
150812323 258138325
106334810 258226064
60634968 258326177
193419984 258472767
31900087 258850446
54063 258959877
121391453 258986466
213349335 259007587
105490439 259210103
110688341 259456734
169765421 259486422
83604585 259774794
125454522 259938515
194686711 260023358
24782660 260323387
15179273 260351507
26747433 260368239
62386971 260412309
32255854 260875907
58618233 261143964
164912012 261363335
618800 261731842
158149628 261788129
123083158 261920189
238692390 261990863
8502394 262033237
239844333 262106170
104530642 262108915
155989710 262268854
204161627 262675256
62169770 262756409
2560723 262810635
128299161 262820321
209809624 262947623
23827862 262970309
169695233 263030954
103980183 263115858
89279514 263121190
225998370 263142535
89412885 263159728
55410117 263178047
11085572 263313837
109921168 263426723
152544431 263643588
163839611 263692710
121000500 263695319
90952055 263715919
184393282 263880994
111135128 264073695
135438612 264132169
57164319 264264063
250572500 264493012
243572494 264562776
166099919 264737926
172693162 264911163
127348320 265097576
75253412 265179429
94089804 265251530
38634541 265292644
216248475 265386303
214003135 265388236
167808841 266005133
228146656 266101431
208457278 266534664
28571802 266553806
253201244 266899327
157294787 267023010
170557983 267159885
186607366 267183045
193663886 267625284
249307989 267664728
27988851 267708699
246528726 268229459
256907534 268490086
226436779 268498153
164777707 268618841
163595807 268624959
192186546 268653635
173681014 268786928
95714382 268854021
170607426 268898679
255194372 269028878
146651300 269105385
11793311 269280464
63828557 269698363
65395334 269807773
249073228 270007945
222762037 270039215
217540145 270142750
79124204 270150627
262534573 270298474
132207981 270350584
62830744 270652179
188469777 270879924
19137569 270888298
207188789 270928757
184158332 270944167
237471569 271176863
240021136 271177926
236280828 271227402
53307172 271315447
134041246 271315808
38197432 271320764
32561672 271853927
207374448 271907686
44056830 272140998
187356885 272375863
140127369 272736347
166814232 272803294
66688836 273046845
57025065 273206669
4447563 273208403
106906261 273259952
32011970 273520959
231930364 273563102
241386810 273843195
242253284 273871131
239302916 274054678
148355624 274060271
182995032 274067463
233865018 274135192
137256632 274137954
258750288 274202968
111509678 274253182
169918572 274398636
247530641 274696333
1422939 274890222
261742659 275398279
42028169 275413759
112361028 275444087
89621903 275501979
211084602 275900143
11686810 276225823
15538889 276260407
14486240 276700869
184622021 276812145
14652979 276840051
89514229 277160807
244751635 277447065
75166138 277502280
202806196 277619463
25966279 277765889
225281655 277935934
118361106 278126384
115652671 278299641
247021783 278323394
52659800 278427382
121749886 278630448
78855761 278670389
106361745 278702602
236009156 278822644
109993187 278889155
241361526 279296082
20816246 279436827
188657378 279508516
53759314 279553991
212561255 279556410
14648518 279809800
213773638 279832118
124439347 279928511
69602089 279934313
131589413 280097032
82297574 280191131
189100851 280209492
208652221 280230859
94979315 280259275
264040648 280261181
241322115 280299380
266189598 280350642
110163638 280437538
166310756 280555243
10062801 280974484
252342004 280993403
113551807 281033053
162751068 281115906
51301095 281152770
116195603 281170612
262639223 281361118
165042157 281403099
151197261 281435660
241541478 281504482
220408639 281686902
116060219 281765412
99004752 281847874
89800738 281979353
128438840 282284915
50732092 282348026
55228280 282360617
158339852 282426612
27371528 282435357
144180841 282437117
126600398 282631290
146339822 282651096
134522956 283082098
105898927 283102741
78176740 283192045
270132633 283444344
267224564 283464996
133700348 283656082
119705547 283667117
121541217 283668011
196858422 283730682
42007362 283756383
169986708 283902533
218023030 283907449
7688712 283910364
280370882 284020584
250304511 284237864
267842457 284282990
52985809 284359460
193066242 284393318
34492156 284804507
278400972 284852910
227844328 284903347
171760368 284912481
218560544 284944895
33125854 285275441
162379939 285294951
135934015 285533951
223552381 285546735
35191561 285717080
158065956 285903340
250850702 285911207
270374665 286089104
115935996 286115412
61511844 286175662
30317186 286266270
142512463 286625575
230817635 286647869
158713600 286746090
193191437 286767669
192372021 286770258
47894713 287001134
117071372 287189695
236486988 287248783
37335863 287256235
260336815 287308262
35862435 287492727
139170660 287538084
272919412 287560030
36277570 287874847
138133388 287907777
21691956 287911397
51026900 287954673
278816087 288035709
48147421 288102916
253140630 288290143
280896693 288329739
69185374 288830101
288493056 288841617
251721618 288897702
19628203 289011273
75440554 289137449
73458065 289333412
214144000 289944039
111769176 290542135
183608010 290549376
274314020 290602703
110224132 290656302
151944131 290663090
4271478 290731772
285540709 290765366
198664999 290993036
165126431 291045880
152316101 291072322
136876719 291176862
254664900 291209497
28876184 291391167
189153385 291724240
166902350 291801348
58275036 291829901
232205351 291839636
253114380 291921850
87135083 292007709
120053799 292040489
50739829 292061212
203288756 292097977
51361013 292181607
93270917 292350503
151384530 292430913
164328155 292606694
252598046 292817935
30543445 292851937
117840217 293317128
277816253 293334628
224678653 293564025
37512049 293647871
170381737 293713672
265778059 293760933
122766125 293824711
38680527 294231063
157166677 294430206
267722715 294486243
92788483 294638813
268561906 294747650
68389901 294767585
56653186 294791540
69345550 294853204
129846967 294962221
230811206 295096927
128739616 295103013
274467270 295177309
84766783 295262933
125745835 295452497
60810504 295526802
134163658 295614756
46993879 295713067
21243797 295979529
224805193 296073107
13811513 296211402
111149979 296219779
183420104 296282454
261006635 296678548
109655424 296769763
54974268 296826950
162699083 296844440
241699848 296844931
28510339 296878570
193089472 297197802
287924454 297254250
85893989 297457121
19073746 297510414
22713901 297705020
126654379 297754544
271697435 297764254
63509163 297990121
166203562 297998952
23656739 298343631
48652364 298353917
158160088 298414008
139182898 298439121
163368497 298456033
245441753 298485676
88490889 298616342
167398521 298646324
113456689 298700060
94073592 298750587
102142652 298824086
273190844 299222114
64521926 299287082
182393396 299323474
99856047 299621473
298653212 299690102
156010353 299746295
50738511 299864318
275723842 300382160
78398112 300605319
110196866 301195287
102321615 301401217
248836726 301426111
95363374 301636485
221007463 301673842
226277703 302044928
176279880 302052029
164497285 302072269
254763273 302125191
165646641 302295560
132455522 302384369
91400553 302544847
226157184 302905291
228926464 303236964
98869081 303573521
286816499 303663792
92302910 303686704
238976095 303979497
235024585 304155163
24435363 304259199
16046808 304444811
84788436 304468565
30545817 304712427
272503849 304725115
259558782 304773876
18943182 304775175
235285069 304859889
190470249 305052032
17860090 305138283
135114166 305199792
140459197 305452892
149494533 305872749
296830529 306083995
207552528 306389192
292672620 306449685
5614204 306690394
136577596 306815686
73394817 306913689
62565382 307075215
83374673 307260619
89892332 307375657
15200288 307385116
90834163 307543230
271215771 307635697
124682749 307721128
132372736 307870096
23927904 307935727
285705362 308032838
57143291 308128023
170834659 308135482
211338913 308140764
27085839 308308884
222069712 308316827
86038380 308415615
140238313 308592531
188725465 308620007
129147732 308712904
249880034 308761790
291645398 308826138
217296124 309032562
183044541 309270639
160705703 309534608
164634173 309536303
269577503 309572960
78716868 309640474
283991278 309785946
150082671 309795018
63397031 309894201
137901061 310020118
165557717 310035039
34287471 310041119
102678449 310052628
58127271 310342407
56694186 310366665
306904192 310389079
172555287 310436586
65668611 310667310
180157065 310851554
61135724 311141420
120193829 311522155
167155179 311537024
205401838 311596403
12452774 311605192
57561141 311623351
99149637 311651677
191753533 312128466
121792793 312130496
246024392 312274223
261893152 312445411
38053441 312635077
59763020 312728279
227133526 312850674
146165173 312949410
152387628 313155547
296859917 313295721
12397092 313466862
126508829 313641370
37273014 313756567
133098009 313972212
33088437 314122240
104608398 314643743
159873445 314705292
135224948 314778570
106033353 314841063
313142923 314953917
187927802 315038119
260985189 315486575
144062518 315501815
94459949 315502143
244006475 315563806
48165894 315703426
129290468 315974238
293211450 316009040
194831029 316090245
291808747 316095554
38512970 316149007
137059122 316236204
49008421 316370724
287029121 316393642
121428305 316561731
5317220 316596862
104414388 316786848
168756656 316882374
235328462 316943456
202320577 317043473
206746033 317070661
34773368 317099840
314976991 317209899
232441886 317296707
263706387 317337901
146321681 317364666
61642080 317370458
177156789 317458913
153978047 317477074
146157943 317567556
157834652 318017607
83113224 318045440
279123393 318199085
275010860 318381938
60260095 318451723
313821513 318459445
291712888 319053814
22048557 319158011
212585554 319158540
318563384 319222470
258198479 319299946
7082979 319329055
283260828 319415582
649009 319534383
313316892 319679118
232178789 319682260
59661661 319771357
42395 319851184
158550996 320211496
149946640 320499671
14983039 320504294
227618721 320528716
109466099 320858352
16740633 320934915
188425522 321128012
65302315 321362650
72704238 321379008
319851520 321424214
14791293 321467961
69838270 321590757
61291593 321642352
9797153 321932456
29378392 321989745
201256444 322029659
34109275 322090788
135606214 322126091
300833974 322265602
35451409 322329148
209876911 322808717
293414075 323231422
3948635 323695555
215391281 323737019
13823075 323748996
181591363 323761790
179462503 323790942
233504429 324478086
169208421 324573224
87703085 325038733
57806446 325357465
33945980 325382738
70487021 325600520
98601003 325600736
93759478 325826022
291812740 325967621
175111910 326224576
207153369 326587164
81017901 326683157
267919885 327344514
10227792 327376886
103007975 327433770
65080893 327536391
220349514 327663011
265446846 327708384
159251723 327764201
58154562 327945220
19944414 328085063
121197234 328087044
169682179 328361741
51270284 328386331
19236092 328492073
120894341 328597442
55554411 328703970
313164416 328754363
327481780 328891328
120035426 328962750
191738691 329068415
123327913 329116692
92462420 329199174
294585281 329244426
130386958 329427223
92378322 329491537
103775794 329495619
129668196 329668999
217558253 329695255
246628998 329886504
310602233 329975481
67730532 330008342
188393589 330231172
298431282 330276719
209740904 330324850
56514973 330453054
237981329 330784183
322387961 331037246
91830958 331139055
267563453 331302930
104772711 331462219
111898173 331496774
86075855 331550084
21449061 331598906
240071628 331668246
194974828 331680224
124658979 331729395
134454666 332223780
322703275 332265523
201748406 332296201
52371008 332333230
313067666 332474962
298690050 332563218
163438586 332879502
142007870 333058439
210809764 333148239
36157015 333247126
210116133 333383308
289711260 333386805
46107394 333426626
309516858 333652159
325490764 333747311
279175898 333951041
217779273 333966272
36965691 333988472
224559829 334053533
84389271 334226812
217831249 334334240
10949136 334617940
31088657 334901338
14068717 334928575
49928814 335043880
160847746 335171362
271455953 335172381
274326151 335184103
2084829 335242906
318207495 335439776
201441525 335443527
82285164 335446129
209342195 335631698
42522467 335716756
22610319 335736943
202042635 335885631
11828647 335967813
323482702 336075327
167605801 336081394
229197969 336082381
121399197 336196938
252257001 336551020
54735104 336570080
200662383 336738022
222521862 336790044
121253599 336819258
212225524 336829903
277571570 337218392
85399386 337230798
335755140 337239417
334261384 337277720
11410249 337306038
181400055 337308418
56924036 337348581
280755563 337377674
111892278 337385202
200098639 337400153
233151882 337580870
325400701 337634623
63332281 337703102
115610815 337900987
125370880 338068795
248411279 338248098
327136891 338657466
132992412 338816202
108839078 338999321
47963195 339450204
158134376 339487674
56452620 339542207
293446417 339627371
224114060 339732477
110617570 339761877
120859231 339866616
113461141 339981639
251845089 339995061
19821778 340186539
2089452 340341443
285027004 340418694
156553612 340516750
328367123 340645851
154063247 340738851
143188548 340846583
76178265 340872853
165872195 340936547
104832435 341117705
77007844 341197864
325707787 341341077
293398112 341559457
52680260 341804328
63829490 342582071
300852510 342601242
300593721 342643684
237372959 342913413
271849786 343028267
56980152 343050362
180931796 343108315
296897542 343383743
291749054 343485538
341058216 343592602
132129268 343679494
245172320 343716481
179736252 343961593
26732895 344085064
290941899 344152637
209313836 344224119
80534757 344227916
109973361 344403026
249368523 344415369
123197263 344462698
315281826 344490933
80394252 344596978
220050912 344703743
316814141 344712901
247717075 344783485
204191331 344791425
119004797 344845743
286940810 344906419
194776078 344909010
330532596 345007949
324993866 345067312
175449556 345619792
134504617 345909545
274558672 345967617
326430384 346070691
316235489 346090862
224928428 346093702
344898346 346340885
36662605 346357994
286582467 346541089
196524751 346804952
81432406 346998764
331888663 347011612
238880751 347067778
98632852 347108064
344778473 347112471
77236514 347208346
192829447 347347711
204212004 347631203
88674709 347845781
273728417 348103392
158410704 348372329
340761379 348619267
321169732 348682274
82725724 348754850
267388595 348755948
157288328 348763794
265641152 348810129
244667608 348810703
105196601 348932397
37913612 348961497
263849593 349446727
112188283 349476876
239524266 349541407
302558487 349581986
267046014 349613086
267066668 349788436
30994483 349924242
13594356 349985241
202985213 350203547
329285805 350359086
218243298 350490570
218205435 350557029
316606294 350901989
235671373 350936396
120584652 351011551
104792862 351048939
66653941 351090520
336658891 351272367
125229468 351416592
128968059 351464749
81755016 351641321
236649636 351686056
294884074 351708686
232559059 351787859
218991487 351875481
238564420 351893818
95739837 351920454
198136991 351928133
183420143 351976550
47914116 352328398
348610818 352820100
167147080 352976135
251832085 352989094
201540342 353323685
173715026 353548329
195626630 353592375
9685369 354108582
248480286 354109770
46423880 354304366
91824731 354311332
236199463 354680973
222971593 354697746
66500890 354808106
57941565 354818697
347423983 354857600
343728221 354881035
217688003 354897880
235570206 355055612
269817346 355336353
121525267 355728168
173929689 355764610
242895793 355889722
126074783 356083293
142951450 356111593
198545022 356294724
68874225 356393759
293539103 356511457
145625512 356531521
12462145 356745571
157026415 356873906
270006570 356941333
300771647 357071051
265226698 357165148
243810442 357175484
3779805 357223053
260884755 357294005
123916931 357334298
111923881 357360298
117376514 357516388
96892883 357654046
121207110 357668093
16342157 357688175
197770063 357726548
284969459 358308363
292323813 358391899
259810025 358483927
82224323 358577229
308663928 358693595
265302026 358704009
171354342 358742219
91108044 358816829
74105541 358850594
202481747 358870974
195551787 359004246
276539920 359059313
63489720 359742750
143156576 359827116
143324811 359840191
86886252 360089323
44412573 360102054
227478200 360131651
53980534 360165838
174052373 360254290
26972111 360325940
47938557 360339327
246787390 360377667
306136407 360493118
349647663 361198173
239691133 361444642
270087965 361458302
96367203 361640049
98846542 361864283
123973776 361931747
106357541 362157134
346902269 362318028
19507762 362501316
145066289 362511693
147749257 362516989
201665304 362812332
194990494 362936311
340232350 363348011
276169043 363726992
142855848 363923149
288385886 364167117
4964095 364250801
63390233 364572913
239684581 364580301
362469069 364676198
180629275 364681676
148908183 364752262
68121362 364758891
26360013 365414430
111579736 365414646
271852659 365541095
104303137 365861331
106418060 365873756
210991370 365905977
99050338 365968276
181231345 366004017
317214915 366037842
314541213 366096126
38996021 366237336
62984554 366472941
318800889 366508358
87621494 366676655
145938264 366832903
195411336 367075211
269882256 367116057
13302676 367157322
117645681 367291061
291273551 367357732
69109524 367759162
318110634 367794795
233049453 368051191
152340280 368087317
248980593 368335334
234212009 368548348
369038314 369072438
74192852 369091631
91779546 369127857
37249982 369195442
172271349 369356790
311135005 369465656
326203621 369763981
349934542 369811153
96385816 369888003
159957073 370018883
301184423 370283446
310319829 370391870
196960604 370640960
359764717 370648269
78659904 370871264
152482203 370955424
88125569 371198317
201205982 371400631
18449205 371432333
289187970 371461592
151831766 371477429
336656825 371648809
331832599 371799948
357469851 371952537
170088352 372089370
290086323 372214830
354739981 372523414
44476167 372538532
271538648 372705380
271459695 372716265
366051441 372732293
191388988 373004051
150062183 373021054
205053047 373168567
8006892 373510916
282267245 373816309
206399588 374132262
263361629 374333378
167558143 374443014
197143972 374602442
273888746 374692756
57835697 374990551
278148772 375040750
117859109 375185422
109907818 375404690
372079471 375425355
360509780 375510351
226433394 375560256
353505118 375561293
31018482 375747041
53765775 375803580
331007470 376219618
221448055 376221972
362599658 376267329
320488379 376308264
297189475 376822630
131556662 376913232
