233959815 32
379731 3712864
12645745 28240130
14566156 30300962
4153554 32842673
26029692 42949408
42321856 44071589
23288241 44275670
25076761 46262697
25123776 57886760
19274406 74651894
77779271 110706368
96671481 110753879
28127224 114201845
43254710 116282139
45097236 128051374
81809685 132071354
11761536 134163536
87364689 141440746
57215774 156300812
39296168 161267258
9345518 161741900
144031085 162229781
59640554 164530329
20078524 166601915
147776335 169304895
11015858 191119523
169080594 210869477
105579153 224115970
99517553 226083774
174674286 226349664
191535889 231858557
161576603 232036903
