18178256 2883
35 2910
1022 5304
3348 6123
6971 15253
10135 17057
2803 27940
14417 29354
11324 31877
33065 46738
27065 47374
2416 54797
24034 56739
71305 76736
20776 81965
59355 84625
81834 88756
44786 97311
33947 99072
79105 123821
34454 124143
28821 126025
20458 132624
97090 141629
80568 152525
60255 166142
142507 170391
168555 176536
137916 178628
172870 182198
54371 191618
147955 194083
73036 197795
168812 198753
1969 199080
143791 199510
113973 215835
38656 229123
153886 241697
42125 243954
8259 255486
161227 258930
95210 263785
83368 276500
253512 293050
294445 298423
38488 299602
72881 306586
268950 306700
126151 307349
140857 311439
263695 313498
93986 318781
298623 330200
272803 352628
89768 354716
101059 368578
152221 374408
244255 377499
325270 381873
286886 383771
383591 388529
331626 389554
204435 391529
384267 393706
13998 393713
236694 394439
145359 404654
341883 408933
332371 412764
413684 419780
257294 438037
44345 440028
163616 442211
135725 450349
260508 452621
132453 456377
155041 461912
443616 465035
62065 476764
342978 483463
74689 502383
228568 502441
399565 503351
441429 520773
214592 523989
324907 530375
303072 530400
294824 532685
154990 548986
295504 571258
565706 578132
153601 581649
105715 596078
467906 598650
329419 621162
36070 626083
489834 637397
18525 637710
3638 642895
391014 649848
565011 662940
479313 673088
94688 677315
314767 679990
267460 688258
360841 692087
600828 693988
305204 706487
2583 714873
282757 718385
567054 723573
677340 726188
379983 726244
328768 737970
682213 741311
397568 744732
405445 748705
615056 751400
707605 758391
418965 760172
738731 780104
709503 784423
730960 784902
384502 794079
55272 799683
34948 801740
659447 804677
716056 825471
446506 843591
809173 885412
328646 889261
45891 902685
863901 906083
660373 909404
457385 910947
208437 911594
669454 914891
52342 916199
38451 927493
509883 930220
54499 939913
266205 944244
228781 949946
315543 952536
71609 956112
326985 977225
284351 977747
878536 984959
279764 985340
464594 991648
600327 1000454
525820 1001040
186729 1004929
30981 1020688
32470 1028853
913952 1029640
125415 1036593
753746 1043104
328251 1044735
442886 1045922
375454 1046519
258975 1052431
771886 1054359
312019 1057613
997162 1057668
407319 1060498
737334 1076920
573072 1082505
383653 1088349
687681 1092523
407019 1097058
43480 1106146
457947 1109886
461714 1115281
149577 1121971
541873 1125919
175030 1152100
902113 1157476
457289 1158804
868460 1165350
332781 1167035
712353 1169782
1183383 1184417
1079006 1186852
236784 1194396
401869 1203336
506379 1205686
464988 1209014
998655 1215378
920958 1216335
211243 1224573
157984 1234087
892431 1244884
271845 1251025
22435 1260093
144138 1261743
1212137 1265424
52939 1276549
216699 1285394
527256 1293249
1248386 1311795
1292407 1316104
614292 1319367
327536 1321009
3090 1321161
853832 1342050
76187 1343884
168961 1350933
203630 1350981
655567 1358374
836071 1373940
10984 1394943
778543 1394994
1247823 1405538
957823 1406095
1295517 1414382
1358790 1416155
389108 1420079
174338 1428791
1029117 1429726
134460 1436560
1428078 1437264
182318 1437325
949809 1450026
38893 1454450
123555 1466899
1040514 1483492
748735 1491350
218874 1499692
895337 1502508
750546 1512229
519839 1515842
277987 1528451
628836 1529573
552427 1548953
873377 1554447
1162281 1562670
389621 1568733
1418495 1572439
375446 1579989
1364408 1585110
1397738 1585235
1473146 1590670
1585272 1590723
78127 1595477
111565 1600443
213268 1602285
647500 1603378
81478 1620236
1446662 1621216
239769 1633456
792238 1640331
1009338 1645389
1104281 1648897
110046 1660663
1264025 1683495
619109 1685404
816517 1691248
658234 1695752
999937 1702447
735639 1702796
823140 1706643
86439 1713333
663740 1726054
1269948 1727335
673435 1731661
788790 1739682
16564 1758110
146383 1789647
380077 1791487
987673 1791856
1207565 1795225
463098 1812522
838411 1813031
681713 1824203
1291291 1824833
1275391 1838040
691401 1847128
76084 1852800
633457 1855495
1173955 1857393
563660 1864297
661892 1865086
460350 1867169
100659 1876404
227718 1882207
1259261 1883928
1021491 1898194
352566 1900449
1467387 1903645
512470 1914132
381638 1921053
1146434 1929940
445943 1934530
814131 1939376
956431 1939791
135353 1939997
282951 1955704
1072890 1961788
18754 1962301
1044051 1964354
3868 1968368
2148 1976204
850113 1987378
1865099 2010915
1144238 2014425
1141377 2019617
1734250 2023941
1875543 2025469
244668 2039492
485851 2040750
830201 2041857
979346 2041877
1140712 2049012
955742 2050696
2052011 2052224
1220632 2074593
809401 2084633
916213 2093653
1126440 2097064
7538 2097103
2024993 2127862
1920524 2129201
1713244 2148587
1312439 2149850
352241 2154548
712971 2166984
1208344 2178014
1653071 2178227
608343 2180780
29487 2181289
2030819 2196794
229767 2208250
581476 2216329
422058 2220192
2090700 2228308
2017611 2230052
745166 2243380
864279 2248671
368730 2249307
1696919 2249426
1531357 2255676
35303 2267897
894327 2271934
1906219 2276294
2048840 2276616
1252627 2278630
1402817 2285359
206253 2300249
678868 2309087
491799 2315667
1529965 2330389
159880 2388127
2126729 2392487
1503980 2394559
362444 2411635
1000328 2426161
518926 2439905
1780576 2440682
1314897 2442775
1307091 2451544
1736902 2461760
924917 2465829
2134333 2469681
2015738 2472434
2165590 2476189
312454 2476459
218070 2482489
1492588 2485004
2187786 2485555
90057 2485697
1167772 2490745
1876181 2500686
660229 2507099
994381 2516100
1592913 2519891
505047 2525262
1172533 2526069
2288665 2544081
1683297 2544614
1029597 2547176
1667640 2549651
2559757 2561532
1661251 2564776
1159106 2565536
2207114 2565847
1524082 2593863
1012750 2598269
1767146 2611268
477900 2611863
1997390 2624729
1061572 2625494
2394204 2631131
1563170 2643591
1342232 2645315
1870400 2659617
1377463 2664529
740960 2665504
440093 2669951
2152063 2671370
2442586 2671804
1264935 2678141
1149228 2681697
806083 2681789
2574189 2687457
1094004 2698379
2462008 2708089
2527129 2708726
2174574 2708838
750663 2710018
1059384 2712614
440477 2715148
1604877 2721605
402373 2724313
2509766 2727291
2633665 2728939
2436566 2757931
1478548 2762265
1828422 2766232
1037476 2770399
2291869 2772130
1985350 2775581
352137 2776481
954228 2792382
1965728 2796988
1873334 2807904
343344 2810538
2408758 2813592
2169761 2816199
2096601 2828012
2093994 2838350
755601 2843035
1959962 2844025
1650469 2844697
1128543 2855112
2187879 2858055
846950 2865198
1996221 2868575
491164 2888974
1314262 2889249
2475940 2890234
2180022 2891117
2849664 2919700
861141 2929716
839617 2933044
703427 2938583
195249 2943664
2157490 2946329
1967406 2951235
1922815 2955175
929949 2963206
1188349 2969764
270805 2975295
2328674 2984098
2490242 2985507
1824191 2991310
1611435 2995631
361261 2999139
2454310 3022589
2312164 3026348
2046108 3034864
735352 3045513
1584490 3048744
2716137 3052769
2926284 3055373
773667 3057849
2412196 3058859
2585699 3069734
1656062 3075293
1109180 3078062
52147 3086255
2367205 3094059
249156 3098395
44325 3108964
2565758 3114168
2947170 3122231
2138686 3127997
821531 3131624
2452828 3134142
105647 3137046
1742143 3145740
1012963 3147233
2676819 3150487
2326035 3150593
1680928 3155225
1695572 3156126
2748020 3156173
191040 3162246
1846332 3164500
2216961 3165945
736751 3168402
2651914 3170012
2969914 3172925
1484321 3176227
798833 3182512
2491764 3184977
231093 3188861
2653564 3189123
533671 3192697
1957368 3193191
98788 3193853
1332436 3198384
3198494 3225352
1072459 3228118
331197 3237514
305431 3237633
1966366 3238293
1308471 3247000
288067 3248766
3072556 3258488
1520747 3262931
659205 3267997
1928059 3282533
1047930 3289548
1716291 3308135
2027648 3316255
3154800 3317079
1471498 3325564
2739428 3338263
354362 3352810
1285872 3360035
3186554 3372628
2243703 3378961
283655 3381057
3054011 3385911
1598226 3393772
314804 3404716
3224300 3408343
925392 3409199
2430485 3410667
2194702 3423458
1992967 3452655
1278407 3459618
864089 3463063
602681 3471368
1172713 3487604
2787769 3491112
465905 3507323
2351568 3510283
1910274 3514208
1260924 3514564
893356 3516191
3214988 3517793
434045 3518394
3250620 3521077
2620690 3535719
2007894 3538147
2121675 3545227
2437374 3548408
3167954 3553080
1958399 3557870
2315250 3560190
1983571 3569432
668609 3573124
2728554 3591591
2539350 3603857
3338994 3616426
39846 3619727
145951 3628482
1737437 3633006
248932 3642932
2595861 3643227
3592919 3645834
2435488 3649162
3246881 3659184
3180251 3675389
3320028 3678340
2489887 3687505
1460208 3690015
2385564 3690538
1141200 3691903
1774528 3696279
2961454 3697405
3684104 3703273
3383721 3725549
441659 3761555
105626 3780027
3592884 3798793
1703940 3805296
3529265 3821134
2368745 3826091
1747813 3849463
269951 3858565
3355216 3861374
3467868 3867304
1329216 3874807
3154930 3875586
3540021 3878944
461134 3893150
551699 3896253
1556926 3898031
2825162 3900283
3547259 3911790
2966990 3915479
1823790 3922950
1302016 3923291
1591963 3923606
1681903 3932138
2228060 3932857
567330 3937611
2111857 3939843
1510984 3948357
2352503 3948421
1209477 3951463
2268188 3955157
3587636 3969102
1757796 3969809
3025528 3976231
1469942 3980758
1798665 3983051
3854084 4006346
173754 4023269
2798366 4034763
3667262 4038667
3931265 4040028
49060 4044621
1349329 4060310
2312676 4078074
1174371 4079427
2028978 4080540
168406 4100708
1588018 4118130
1147501 4118344
893451 4121262
2662538 4126386
335820 4129661
1355848 4146950
1272114 4162727
825028 4164031
126001 4168763
2342016 4170487
224726 4176290
1551740 4178136
3258067 4187084
621402 4190301
781238 4190676
2332961 4195043
761284 4196244
3772832 4199860
3312039 4202323
73318 4204355
3007713 4205765
3322503 4211454
1694376 4212972
4123424 4213680
3525258 4220929
3555579 4224102
3503723 4225741
1403975 4229436
3408500 4252638
1910853 4261222
1583033 4264516
608763 4272293
3767766 4275422
3741756 4276514
74633 4279310
4022901 4280139
3025197 4281613
652016 4289107
3350612 4294677
1066762 4295065
3905727 4309218
3281649 4312448
3792757 4316323
2820143 4327206
1635197 4329538
3227750 4336882
2707150 4339855
1441617 4342085
2430615 4344941
2574065 4357244
649273 4357447
631778 4361633
3485224 4361743
2741241 4363146
3768411 4379084
738729 4384336
3607393 4392180
488460 4395456
801629 4401183
1989742 4402574
1625871 4403813
2823625 4410971
2018320 4411898
3544276 4415591
1292728 4418006
3089096 4423908
380286 4430513
3249345 4431938
1164552 4436253
2278531 4437461
612590 4442425
3561831 4443187
1136742 4458306
2291051 4464672
3596279 4465973
2456797 4472106
2055830 4476408
313517 4482188
502744 4484565
736830 4488351
4463367 4489737
2371597 4490493
1981421 4495532
3626738 4496586
906065 4496729
2882001 4498986
1730702 4500828
786131 4504931
1396273 4506436
2872460 4510920
540003 4519858
1743281 4520153
2182374 4526186
2260723 4529947
3071828 4530366
2203724 4532455
156889 4533981
4165696 4560617
689293 4562228
3874328 4563628
3533535 4566302
39943 4568500
617507 4574119
2302942 4586383
3965421 4590465
4145966 4591988
372258 4597595
4448050 4602050
3372518 4605514
3339018 4609313
3909610 4613249
1293796 4613493
2566448 4625383
3759343 4625389
3301351 4628406
3344210 4629544
4589653 4631101
129063 4631160
968019 4632473
955002 4638878
286163 4653580
3083153 4656630
3789948 4656984
2939815 4660950
2350305 4662293
3370821 4671655
3638486 4680859
4548926 4685172
473031 4693855
265103 4695150
789966 4703385
3918956 4711948
2942891 4713726
1300964 4715047
2665242 4730560
1449540 4741828
3388139 4744557
1849053 4754456
115904 4767364
2051096 4769734
3694412 4774227
678928 4790584
1237884 4790886
3189999 4796460
4331090 4803297
4088025 4809580
1684349 4822023
715452 4826172
3286778 4826195
4785062 4830378
1542095 4830694
4681397 4835402
2207644 4839313
751171 4858720
3048492 4864285
3222076 4865163
811753 4867823
4305684 4867865
4589068 4871781
4688122 4918993
177702 4919139
4674860 4919471
2520223 4922527
2209236 4927322
3631734 4940196
762488 4947164
2960651 4947272
1942137 4948389
1447009 4957918
3910162 4960809
4508132 4964956
1365987 4968067
745083 4980884
4883968 4982271
1150092 4983875
4062006 4985680
495763 4986285
3813819 4996576
1613802 5012751
357009 5016515
2600163 5018225
3608994 5031794
1651423 5041629
120250 5062284
3525994 5063206
773831 5070280
937587 5080904
290510 5084233
4928847 5087086
2132759 5090348
1247276 5099125
3350928 5104326
1770917 5106614
3046258 5108521
1131843 5111962
1941085 5121278
208095 5121565
1216017 5123022
159568 5140725
4545984 5154962
3798447 5160715
940642 5169694
4641854 5183912
2715368 5189272
342822 5190194
769873 5190553
4359246 5192492
1332104 5194101
2268290 5194303
4045581 5202003
1813667 5205308
1172214 5208062
1769957 5209787
2661805 5214359
955506 5215658
2602788 5219216
686687 5222223
3436824 5234656
3547108 5242515
4250955 5247717
4628391 5250864
103577 5253865
4581687 5265283
5176298 5265724
3624571 5276093
4125293 5285013
710914 5297127
2644296 5302847
999851 5311813
894082 5312646
762064 5318844
3482194 5320151
3114836 5344500
3494383 5345307
586514 5347722
2951931 5355210
2885209 5363863
1473305 5365257
5022111 5373526
1733996 5377447
5158016 5381489
3737801 5384098
3270097 5398762
3910982 5403493
3323826 5415774
3507694 5415882
593853 5422796
2834364 5426712
4966304 5427568
2843741 5442752
3649035 5444671
3444672 5447193
1369264 5451258
1630477 5464507
765303 5467512
2512065 5474025
4400387 5482648
3041251 5483919
942533 5487906
4771808 5491968
3311820 5497208
1003239 5497576
2700281 5505866
671002 5507468
2737078 5519555
5395317 5520688
1737741 5536015
4881305 5536746
2460771 5541366
1385358 5560852
4628100 5567577
3089487 5571045
2012918 5581419
4034303 5581567
3987092 5585727
4424632 5590982
1902 5596914
680266 5598524
1964060 5613719
489959 5614293
4797602 5641541
3702507 5642113
3181062 5645858
4111914 5650404
5292034 5650925
2674517 5660925
2541171 5661698
842728 5668973
4465548 5671173
1411238 5678969
3504055 5688587
4614652 5689692
4119951 5691411
4301123 5693448
4179152 5694197
4644953 5702758
1386523 5710741
4194862 5713615
5274927 5721731
3062414 5727614
2153488 5735132
3000139 5735758
4859110 5739760
2063123 5749994
4345435 5750600
4254607 5753628
326733 5754388
3689677 5760393
5658629 5760714
5657085 5763065
2359919 5764430
795506 5767697
1694330 5769161
1835357 5774285
4605863 5782950
488661 5790390
5109471 5797828
4551239 5798578
1623918 5799733
47984 5805237
3974823 5809160
760251 5815206
806898 5815395
1528663 5816933
5359338 5820696
4670027 5829888
1661174 5841110
499553 5842320
868722 5845394
5229479 5845775
4315437 5848006
2007020 5854922
3055125 5860476
3800349 5860801
2927482 5865078
1837996 5868422
21957 5875043
4722501 5881560
989973 5882359
1287314 5893403
3399835 5901594
366369 5902643
2313511 5905467
3392359 5910860
1240159 5914731
4101171 5919536
711425 5925345
2948044 5941828
3181683 5948181
1195630 5953956
4348264 5961623
2751877 5965620
5952110 5971940
2468654 5981499
2288481 5989341
1115253 5998834
2168875 6009143
4796022 6014296
4424262 6014515
5078265 6051916
2518343 6053247
791540 6053801
4291862 6056188
4959903 6057497
3347750 6061005
3743074 6082508
1376938 6091174
5398274 6093303
167952 6094670
929974 6097523
957267 6117535
1871799 6119438
3796110 6123185
5574694 6131580
3594184 6137323
3908813 6144014
5516388 6148920
5055964 6151316
4061475 6155244
4531244 6156439
2891247 6157446
2858038 6159555
1757091 6174078
3000107 6179173
5934540 6185549
3362646 6202745
5206074 6234894
2743084 6235681
50931 6241889
140988 6250643
5105174 6251727
3859902 6266560
49908 6266955
3803208 6270261
3670751 6272624
4254196 6274067
1822846 6277632
4824403 6283015
3603190 6290595
2245597 6298071
4379424 6303255
3375763 6306460
5700763 6307400
856314 6308754
508536 6322637
6088770 6327986
2825086 6339157
4857230 6342011
2907331 6343670
4297115 6356572
3267115 6363461
1745903 6368668
2500248 6376878
323872 6377371
3342721 6380265
5124833 6383279
3585754 6398672
4847200 6400177
3341148 6410221
382775 6424361
4716129 6424687
795589 6438527
4528721 6439476
6200871 6439679
2521259 6444201
3486545 6458907
355036 6459230
2597224 6461806
4944733 6467077
3489797 6474016
933987 6478045
2835217 6490725
3103912 6490848
4716504 6497069
1663479 6500222
4030631 6503195
3664462 6514128
1673702 6520548
3396501 6526302
1047193 6527689
3600350 6534048
623082 6535335
3542061 6535510
1323556 6541271
3405459 6546840
5766377 6547582
4406112 6555471
343663 6564815
887136 6570023
5673726 6572525
5984577 6573044
2792415 6573429
3313142 6575197
2328725 6588301
4117933 6588898
2074897 6589567
4255534 6602221
1529299 6604833
1473969 6630770
2108765 6634906
5179457 6638799
4983663 6660871
4960983 6674905
239320 6700276
251101 6704350
1200294 6712085
4338026 6714021
2117044 6715913
5283678 6721603
3670487 6721713
2287468 6725054
1329143 6730776
2639427 6741502
395176 6752585
1030828 6753398
4978117 6757545
257894 6758424
3648623 6761673
3873795 6762185
97222 6772681
2139201 6788816
5626717 6791527
3001716 6795497
4270016 6803708
3421959 6839854
2227112 6843390
2493052 6849147
5131886 6867762
24710 6872559
5113360 6874870
1858155 6880923
4642673 6884935
6359978 6891597
4543670 6895604
1257565 6902999
2208017 6904565
5760450 6904977
5480453 6916403
1890298 6921507
3048814 6923098
6099990 6924974
1805086 6934559
2944089 6949552
6226634 6952910
3316139 6954799
2790787 6977920
6498740 6986676
4876309 6996429
5688455 7008039
3347153 7014496
2094316 7014748
4543041 7015802
2481797 7018177
1207748 7027899
4501214 7033652
6875349 7042826
2177460 7045327
70742 7049861
5133338 7054694
5497520 7062171
5586624 7067613
6236061 7070569
1585878 7092060
6966629 7095805
4204892 7096078
5549240 7098117
5554102 7112033
3330882 7121562
519581 7123293
396997 7131797
53035 7133627
2235900 7145980
5317845 7154326
6213722 7154467
4385605 7165724
1197019 7188336
4231578 7192778
4279583 7193636
1194325 7236501
55860 7242785
327737 7246544
5971901 7252182
4993946 7276275
3912678 7277891
352840 7279886
4343873 7294583
4013268 7300716
2662298 7303897
4258807 7306269
2457723 7307120
5055045 7307930
5602209 7309258
2384815 7322015
4745311 7329855
4129569 7336433
5044423 7337715
5141291 7350293
37382 7351212
4456060 7353390
3023302 7358088
3379207 7364128
3097795 7367282
4683363 7372714
169951 7373433
3996296 7379460
1428296 7382053
1970623 7382452
3263085 7385236
6218932 7385326
4067899 7398756
7034423 7407023
1641129 7410503
6603518 7414528
3078559 7434631
2090806 7443921
3623536 7444863
947361 7447181
5045274 7451104
980418 7458369
134980 7478163
2335730 7496261
3939387 7504292
3586687 7506525
3078198 7509632
719539 7512466
7388316 7522625
5151266 7524701
5369228 7540713
2057033 7545188
4700098 7550191
399200 7553512
7001586 7555238
5385748 7563700
149909 7567197
287990 7575877
398874 7578238
1124751 7578280
2263030 7579997
2924642 7598715
6820134 7604480
881666 7605389
17943 7606850
3485351 7615028
3732185 7625541
1524016 7627036
3726116 7629185
3778132 7630652
3718904 7645862
5732177 7651817
1599723 7661352
2718436 7679129
5121958 7686433
3594463 7691219
873102 7705768
2328633 7709136
4780526 7721691
6364740 7726404
5594207 7731036
1471290 7731200
5487444 7731426
1010673 7734430
6447361 7739589
7196050 7747841
5143850 7748381
5270308 7750049
6826823 7752890
7564247 7756540
4770452 7759252
6887089 7765231
1786306 7772371
2849314 7774496
4359041 7775846
7260122 7793080
3490968 7798233
659700 7798816
2320813 7819552
2956693 7828215
943793 7850599
1358040 7861350
3106922 7867837
5064354 7873972
954253 7874761
7498592 7874801
2665347 7883085
13855 7894573
1821286 7904715
2760499 7907857
7236841 7910051
6400039 7910957
5213003 7911827
1856492 7918663
3317862 7921104
5083657 7925140
1184160 7926890
7016918 7929087
6667898 7934856
323220 7936181
7024216 7937905
2732689 7939056
7518318 7944658
2593560 7948133
385727 7972257
3019990 7975499
751999 7978116
553317 7981780
2808433 7983480
5360081 7989307
148948 7991205
6682246 7991696
3136154 7994295
575781 8006893
1928583 8010466
309390 8017276
3848447 8020187
5885331 8027207
3970526 8044327
3122206 8046766
7181125 8056706
3578719 8065778
6270765 8083953
2814738 8086760
7385452 8097524
1920022 8108965
6103782 8109180
4555797 8118504
5169140 8133350
366764 8136711
1676933 8136919
2267841 8147360
3039458 8155757
6323721 8157058
4665771 8160789
6633350 8161775
96797 8170263
2911711 8180580
4070499 8181819
6788851 8186572
4735264 8195872
7913383 8205562
7269731 8230288
7846181 8233276
6500404 8251446
2075034 8252808
1337709 8253828
4354387 8255445
3729181 8260890
2747505 8264650
516819 8266967
1094295 8273036
2091343 8279420
935419 8286763
4035999 8300186
2464253 8303620
4195581 8305128
1601254 8309761
4807762 8312184
2737636 8325075
3031540 8333299
8021665 8336159
6752496 8337368
7749180 8339792
1738339 8342417
7314109 8343656
3463534 8348940
224761 8353706
5766802 8366482
4213424 8369593
6170815 8371359
3795574 8373605
5271593 8374856
2450623 8379612
7268765 8379805
5676227 8386521
4408838 8394063
2642150 8397580
5151967 8403188
3036856 8412851
7497864 8417745
2164895 8423591
6788393 8428066
5891408 8437138
2783124 8438519
6152984 8444016
2551908 8448978
8226369 8450384
6279180 8451375
4270840 8454650
6254580 8458805
8459809 8466950
4074305 8472797
223144 8472947
1397852 8476864
674801 8505407
3590789 8523542
2670910 8525723
5881942 8530242
6068432 8531933
5900186 8536642
804856 8545999
2958483 8555861
3118391 8558504
5960775 8582996
6559967 8592400
5320511 8600754
879227 8603162
3999723 8604621
6922936 8614238
6929785 8623422
5292526 8633574
814190 8640801
5689904 8641440
7529242 8646646
4560894 8647313
6315814 8648581
2626021 8659573
90785 8672724
3021845 8696223
5185830 8699515
5503801 8700953
4915510 8707157
5078941 8708479
4956768 8709475
1275772 8715529
2922605 8724374
2577113 8731658
8009274 8740633
3074564 8746732
3461603 8757267
2869940 8757670
2937745 8762799
6770208 8766807
5817316 8769342
811846 8779384
1188318 8779957
7688638 8789258
7481767 8797469
3879994 8805406
4419461 8805552
3929982 8809274
1516170 8809427
3916214 8813433
3196179 8816808
3225906 8817418
6233845 8819547
4025203 8832316
4071827 8839419
3809426 8850136
3086418 8853154
3264494 8857186
7383283 8870977
1445165 8871641
5249058 8881220
3891956 8883487
5616544 8883659
6685446 8890551
5897175 8894170
3879511 8901669
6245438 8913157
7127803 8926786
3757257 8934033
2129357 8936292
5295894 8939109
7133408 8941812
3149875 8941855
1659872 8952549
1596853 8953626
3311720 8964586
3892000 8968251
326200 8968480
2873253 8976438
6773970 8981094
7189494 8997787
7561238 9026462
7269257 9037315
2177022 9042471
3501255 9042566
2732249 9044099
21578 9047653
3314847 9050728
1545707 9053209
3512710 9057176
1203240 9059741
4898719 9063268
4818173 9066805
109556 9089519
3692823 9107128
570005 9112040
3576949 9117689
6931386 9127997
3729124 9131781
1883245 9134961
2593682 9138678
6937378 9146290
530381 9148964
6043242 9154887
8565594 9155623
4493723 9158234
6072938 9160964
7657667 9172596
8083073 9173190
8396557 9176365
6078709 9177381
3003041 9178835
7239666 9180122
1897464 9181285
6048972 9202731
512463 9218140
8549027 9220924
3057267 9226490
1867409 9233023
7279616 9235963
1912024 9239076
6014649 9243679
6807376 9267564
8514301 9268752
2604632 9281278
214140 9296172
2432764 9298874
3078572 9309091
8547223 9318868
7718903 9341797
30523 9343070
2439745 9360481
4098619 9363841
4562450 9370923
8353596 9398661
4282321 9401325
3902194 9407482
452186 9410187
5243477 9422889
4000970 9425205
3149541 9427240
8979347 9443880
3218895 9457478
7789719 9458902
6060170 9463022
8725574 9463638
9302703 9469259
3805697 9476775
676140 9479453
4521266 9481366
6722381 9487622
2574172 9499384
3052495 9515328
1638583 9522893
2257855 9526895
3792285 9540769
3714757 9550980
22910 9557114
8615921 9579708
211958 9582536
8041369 9584479
199091 9589222
3502541 9592297
2204922 9600920
411519 9608149
8006764 9611478
786150 9614294
1024226 9622812
3152404 9626076
1251886 9634023
1149403 9635329
7784762 9648674
612374 9653588
7355915 9656253
6390026 9669863
835690 9670884
6336231 9671409
2187089 9684337
5202918 9694679
6306091 9695693
6793309 9698924
1339724 9716857
4579993 9723428
7219423 9724009
8457040 9725064
6980977 9742318
9354923 9745409
773551 9752287
8564412 9770346
3833399 9773478
9503986 9778713
3656468 9792017
6081242 9799884
1765482 9811581
1191574 9816782
1877323 9824469
8630990 9826045
8556074 9828802
2241600 9834647
7411188 9842323
4256304 9842645
1223631 9847865
1467259 9848058
4561818 9861642
3351940 9863083
4699504 9869454
7646240 9872099
9290126 9872797
6305565 9883046
6003605 9889761
1006246 9898339
9655748 9911033
457829 9918667
5989726 9940009
8543843 9943762
3301496 9947482
6612422 9948557
2424453 9952515
6405301 9967015
8903519 9973285
5501630 9978417
6048137 9980464
5190160 9981584
2398590 9982594
3960759 9986230
4098903 10017723
1489191 10028190
6104135 10032850
9458018 10055831
5094838 10063572
9078401 10067402
8970653 10069274
9556821 10073186
7421798 10078837
3135226 10082209
9926818 10087593
6554532 10090837
5906990 10092036
467877 10093986
4066241 10099371
1123469 10104182
4291113 10107422
2504446 10109782
9565686 10122336
359772 10140135
4291131 10140543
3685054 10154332
137244 10157000
27763 10158597
4662675 10158955
1276341 10160550
4591132 10167787
7718421 10177813
5383050 10178703
9499388 10191394
6657318 10191791
7245316 10196080
4869226 10197983
4967773 10203028
7091891 10209870
2376460 10212642
8867155 10216744
2579413 10218997
7912754 10227845
6800557 10232220
4231494 10232967
6815232 10240107
5921735 10240344
4265618 10241111
7346150 10245826
1284633 10246936
8370989 10248359
288222 10249150
2035664 10251476
1728040 10262446
5612186 10267070
7937228 10269182
2452681 10276865
8358363 10287900
7195652 10299849
1554117 10302530
4915678 10305000
3356411 10311319
4452263 10313764
8625045 10316772
1996149 10326311
2593754 10336009
2079976 10336771
1383978 10338019
10052100 10344931
7792637 10356838
9058922 10363181
4292460 10368244
5222188 10371067
3733248 10373114
4508282 10373891
2173354 10374975
405868 10376121
2287729 10383502
2110990 10389627
2741795 10390153
2439839 10403882
8433976 10413549
5400888 10415112
5771784 10433722
7876911 10448550
3644169 10455715
2948057 10457459
5792407 10460069
2793915 10468639
2006933 10474637
8745939 10474811
583335 10482520
1721126 10483338
2489194 10501539
114229 10510687
3729630 10511152
10151309 10517469
4428611 10526589
8667244 10529649
4700390 10533610
9345487 10536937
10359811 10537865
8123201 10539913
7057855 10547021
9878984 10553373
4848036 10564861
481101 10568783
1593339 10571839
6746990 10575779
5933144 10582913
1557823 10583186
1788308 10587464
8676091 10589728
3325077 10589780
7426435 10590513
7414525 10593249
8918095 10601145
9181730 10608971
2629427 10609442
9225961 10618203
8239544 10625825
306755 10628544
8750638 10636343
4071801 10644591
6098627 10647702
9076232 10648766
1000945 10658545
8544102 10660888
7340600 10680002
2342418 10687600
6587615 10689048
3597170 10703487
3213955 10706031
10093079 10706104
1201387 10717252
431312 10718502
7178391 10723414
4782959 10726077
5713541 10736272
6794712 10740204
9696152 10743560
42036 10745328
6327043 10760082
8063890 10763601
1024231 10776235
4354567 10796074
3008660 10798906
1184518 10800405
7671193 10806917
2564244 10810369
3780708 10820293
2121767 10822071
8884290 10826550
6781018 10831520
10795458 10850477
162839 10859092
7141881 10861935
5520053 10865530
4486946 10866734
4392110 10867463
10604393 10868011
271937 10881160
494404 10888657
120193 10889269
5256109 10889722
9200869 10893392
4424425 10898462
6628473 10906674
2905637 10907437
10778126 10918076
6560597 10949151
5065755 10955260
2399656 10962465
1850932 10971801
8425208 10997127
2189980 11007088
8595557 11015008
9373941 11017070
1446295 11017685
8347856 11020750
975621 11023724
10475378 11024534
9468518 11033825
8556515 11036662
8318065 11037778
150771 11041242
1807821 11046848
618185 11052781
7597638 11055322
6414587 11059806
3382612 11062625
2054567 11082539
92188 11083063
7362465 11089773
5744131 11104974
10120427 11110239
7990112 11110575
4141196 11111105
7805227 11113894
8549963 11116230
4321439 11125918
4493947 11128002
6912998 11130876
1476833 11132471
10124619 11137998
1511155 11141986
921184 11151122
8944516 11183219
11035696 11191725
6372101 11196119
7196342 11201166
1279291 11207672
8002108 11210350
7247752 11218373
7210464 11218894
6138298 11228345
1229997 11242707
1361926 11262860
4090819 11267319
3199294 11272540
10503128 11279501
5243524 11284879
11147117 11285899
8072823 11290658
6866444 11291129
1023505 11292845
1801610 11298300
2173103 11308525
4052627 11308644
11049101 11330566
8881983 11347916
2166373 11349286
2222205 11358468
3907825 11371384
2795499 11377052
10209726 11380007
8658014 11384465
998995 11386398
1585960 11393774
1496078 11394065
160553 11394549
3812677 11395411
6458758 11396543
6727301 11397144
1132200 11399403
10071413 11403722
3741827 11412836
4968262 11415732
9794219 11423002
2863758 11430817
4398007 11433459
2947741 11438481
343929 11459196
4452858 11470774
9113421 11482700
3410252 11484664
4692966 11494868
9013118 11495077
9367297 11496471
6360818 11506047
7496596 11509655
903362 11512788
9471673 11517661
6687420 11520513
2469570 11535006
2305439 11535970
7257218 11538577
959107 11547148
6371564 11551345
3714936 11553367
4764693 11554550
11525438 11558007
7371044 11566205
9290241 11567111
1578413 11570853
3940561 11574782
4953515 11588213
4234856 11589750
7991938 11601341
6444479 11601956
5135933 11609333
6150310 11630381
330863 11640922
8764986 11642780
3363134 11659781
6673050 11660294
10759814 11663842
311486 11676146
2696754 11679875
9864801 11679930
11241842 11684913
11509331 11687668
1662094 11689076
10059143 11690937
4581811 11698330
983730 11705953
5089498 11724747
3264317 11726314
1064563 11738881
4094891 11740667
5509576 11743211
2421863 11746127
2098276 11750493
9942108 11750865
9081031 11768514
2337631 11775998
3231157 11780719
11580511 11795393
3124931 11800877
2064564 11802650
7643160 11814990
746808 11820654
10264970 11824909
5483581 11827331
5849507 11839241
6283829 11853718
7968937 11855819
8084006 11881749
4748170 11884054
8658585 11886593
5673649 11886861
6023412 11905594
2130695 11921011
292725 11952561
6632241 11958253
4608571 11963138
1111688 11968103
11960554 11985841
6330528 11988877
4305224 12000754
9300086 12004581
4937823 12005260
7566694 12014168
6365802 12020892
5217713 12034685
11798051 12043578
5722950 12063488
7290674 12069633
1313603 12079961
4916104 12084827
9246476 12104930
4862632 12115705
6710799 12120835
2151940 12127281
4063312 12127634
2660523 12150151
3019548 12153364
2795750 12153422
2243868 12166194
36078 12169331
9603343 12175530
3160635 12182936
6330934 12183088
11375416 12197838
8425290 12199529
4956076 12210392
139784 12217058
5301451 12228490
10088973 12259321
8425868 12264881
8818939 12269802
12240513 12279577
9529654 12284763
7073929 12285055
10536853 12289826
4265468 12301579
10273695 12315708
10740422 12330360
96134 12350342
4296857 12350403
11116946 12357927
10885700 12367243
1526397 12377821
8992900 12390560
2409325 12405915
1012315 12408293
10778578 12416923
3468394 12422148
341817 12427644
11473811 12431376
8892452 12448485
10900918 12453582
9004814 12462261
7724348 12463928
410674 12464432
8360093 12481218
556366 12481256
4981349 12483172
9905382 12486803
6123323 12493780
11251042 12501270
9878341 12502496
5538477 12508228
9706205 12508359
290637 12522177
2645958 12528702
7442639 12538953
1855419 12551222
1198987 12551905
4506299 12558210
1725722 12562659
2940639 12568762
4950176 12578387
8997708 12584898
7357364 12587338
6185807 12591148
10975249 12595481
4745431 12609591
5249621 12609630
70305 12617551
10304477 12619960
1531151 12624205
4432918 12626935
9531041 12637359
3633062 12640066
7744609 12641471
2073562 12642155
10911275 12643725
5975974 12652081
1334434 12669549
1028866 12677070
1056153 12677582
700517 12694347
4526077 12717821
3497175 12719858
6266627 12727871
8218745 12728493
8286153 12728769
5186403 12728874
10815502 12735047
2898430 12744904
10773396 12747126
5877963 12756259
7406368 12777142
9952192 12778353
6165656 12782589
3016320 12783858
10456468 12796222
8117101 12797487
11430254 12799816
5626663 12800210
1687983 12800291
10748291 12800492
11568524 12810531
7184344 12810562
9987681 12822503
12291412 12824660
4230028 12829063
5263043 12847999
8796691 12852866
10532015 12861879
5685069 12863047
981746 12867416
12056305 12867989
11168897 12871270
9131081 12873206
12285462 12875271
1789590 12881532
5288028 12888722
3833689 12896024
6544001 12904092
12613505 12907778
1084573 12909154
6042758 12909919
2707043 12929010
11641156 12938909
10416958 12940364
9603759 12949227
8491921 12949372
9827406 12954903
2408906 12955103
2554778 12957052
12195875 12960792
111650 12963140
3518421 12966843
6595561 12967064
9516699 12967969
5133045 12997619
4618546 13001804
9191120 13004479
12743031 13011037
2616017 13014010
4728729 13015041
7557027 13020361
12772929 13022371
9392120 13027454
6281663 13030467
7279589 13031619
1100077 13035876
1867497 13036998
3168212 13047558
11628115 13049171
9227125 13054846
3265114 13059484
2377565 13065925
3176288 13085010
11399606 13089667
6805743 13095033
8731979 13097158
8806093 13099597
1743837 13102878
9990001 13110982
187409 13112951
7103958 13115509
5290791 13119319
8059257 13124876
4165075 13129194
8873283 13130699
10138116 13142171
4000107 13155690
174361 13158352
9725264 13178737
9256875 13181343
3333299 13187437
10208265 13195210
12544653 13197026
787561 13205623
9078820 13213262
11116268 13223803
9068854 13228500
7457825 13230818
4825445 13238416
5055482 13238787
11865529 13246425
9121999 13247531
8189111 13251657
829550 13261254
4670176 13262208
11602838 13269738
4089484 13278000
9531843 13289937
9031110 13295106
7294767 13297777
6341475 13310993
10269904 13316898
5038528 13334862
5020903 13335249
10253117 13336520
2945946 13336784
7990138 13340992
4378739 13348471
7862924 13350238
4045164 13350367
3917428 13352549
12299229 13364040
9794803 13380200
13352342 13381353
700926 13395057
2471283 13395219
11932508 13400288
9005482 13401309
12549470 13403161
143891 13403743
7344452 13403942
10565291 13415661
871372 13416412
13105006 13418365
6971790 13419242
10125644 13420771
677201 13427709
9673233 13433074
10582986 13436836
1417672 13438785
4379430 13443464
647340 13451151
3400902 13452496
1491430 13452727
7710287 13453391
5536513 13454130
651707 13459480
6435648 13465099
13132207 13470461
7352432 13475126
6390481 13476269
4142541 13490849
7611962 13503816
13435189 13512011
11176886 13514376
422509 13516216
7031780 13516816
12997280 13522293
1634072 13527877
8317675 13528654
59255 13531419
6623450 13541682
1098283 13545854
3041776 13547396
12667281 13549251
8843958 13550922
11424096 13558568
8628484 13562977
2181615 13575319
12070064 13580063
8954208 13586134
3738557 13597030
6833712 13602461
5863471 13603057
6184622 13607439
2190615 13608829
9999343 13614744
432236 13643417
10400888 13645812
8869568 13646590
394871 13646769
12611276 13646994
12915621 13659636
4822935 13659810
2449422 13679108
3136051 13681666
2785290 13687467
9809598 13687901
7257991 13689844
4194232 13691776
7931938 13695284
2355866 13696867
5238053 13700620
3787911 13700696
2778617 13701208
4197359 13706977
8461678 13707126
96161 13717681
11713014 13718486
8819383 13719100
5511269 13723610
3338901 13735088
7466258 13738950
5779505 13745923
867029 13750402
2994555 13753548
8375424 13762897
10830060 13765694
5996539 13768255
13023940 13812391
13069199 13812703
8063554 13845616
5813865 13848386
2948932 13854299
7785283 13859575
3790323 13862149
1307549 13865590
10655326 13866700
7996644 13869336
4442394 13877665
1758359 13880600
7965199 13881921
12419945 13898430
1324245 13899701
8186063 13900427
11788139 13907816
7949051 13914257
5213631 13917395
2736658 13930650
12825603 13942000
6915866 13949023
9172073 13949566
448306 13950149
9781947 13950648
1321823 13973298
2586047 13986438
10510640 13998253
11542130 14007732
13827590 14008372
1063464 14010843
11565812 14040741
2177053 14042293
5204898 14046234
3814971 14047591
10747492 14068017
10703634 14096715
6269811 14103534
2689554 14105858
1883366 14107089
9781938 14114960
13478727 14123231
1593654 14124887
10501585 14125319
12221538 14125522
1273000 14141613
13842321 14147457
1686166 14165815
12189027 14170150
3537746 14171622
1717504 14174684
5313009 14181386
1104469 14182808
8002874 14183379
3033183 14187564
6296341 14201958
4924688 14205789
9785612 14209231
3734602 14209634
9723597 14229474
11616432 14232755
2966842 14234688
9101491 14239571
6417426 14240503
526932 14251073
7560551 14263034
1441782 14268529
14241919 14272528
3176403 14275673
9928953 14283964
6683607 14286519
13852489 14293801
11187571 14298194
5380204 14305952
10395626 14321815
7881415 14322966
3033768 14323654
3963161 14328679
6416910 14329184
10078346 14349937
12799272 14374591
12956801 14380475
10429436 14388852
13807083 14400633
4815301 14401290
12075159 14406538
12453403 14407212
1704673 14412477
974446 14421049
14118174 14424740
2188204 14427250
8588189 14447536
5607195 14448797
13880776 14463316
13232391 14464943
13422522 14467560
12749605 14468331
12216738 14478318
6567733 14483598
9143836 14485968
13342345 14490527
5279294 14495405
13317449 14522556
5738560 14523486
4922701 14524546
9220610 14525122
5428914 14528241
5238241 14555634
5961813 14555979
13742917 14559299
13154994 14559409
3301035 14566706
11797915 14577367
4775147 14585579
12523027 14590005
6521325 14599450
224329 14621136
777046 14627589
7914281 14630378
9622095 14637370
4421152 14642960
2237747 14648645
11095459 14649883
1545576 14650232
13624421 14664219
4333468 14673149
11104127 14681094
12554191 14682090
12872834 14688975
1963889 14697485
626821 14699508
8750390 14704310
11246924 14708358
4633660 14712165
6368481 14716729
13991409 14720377
14284874 14722525
8317027 14724061
881685 14726181
7731657 14726893
6662567 14740472
823824 14756158
4372486 14757619
8518391 14759884
10531635 14765672
582493 14778304
14088212 14781304
6844733 14786820
6184692 14799202
11860411 14799893
9487755 14813105
8712505 14819816
6927784 14826836
9886034 14830390
2701533 14837300
5092423 14841275
13042853 14844153
262201 14845822
10838573 14847687
11533890 14849244
2918040 14857182
12248991 14865043
5391608 14885050
9042417 14887674
4733794 14892746
2102364 14893271
12402420 14904445
10937072 14907433
1291941 14926516
13801031 14942999
7523757 14951270
12005219 14963397
14726356 14969756
4903979 14981754
8694411 14985438
13251245 14985525
12086783 15002094
6206613 15007715
4845320 15011699
6790347 15015228
10848658 15020811
5039486 15023797
11558313 15026200
1240420 15030156
2617258 15039983
3968631 15046873
7575256 15046893
7105268 15053758
3167128 15059611
1322577 15059714
2459185 15076038
3809841 15087086
7810010 15097021
11778893 15107045
11147941 15108055
2490217 15116805
9146961 15120746
5443507 15122290
210494 15122757
5735894 15123262
13285093 15125362
3633241 15135190
2140387 15152581
12909755 15163427
12238131 15165724
1360731 15166635
7383447 15170247
4052537 15179381
2332942 15180738
10463411 15183192
10043268 15188641
13827519 15189005
11689104 15204646
5360421 15207829
967485 15214048
15095509 15218988
10128284 15229222
7250015 15232802
1455809 15234918
9923119 15234939
6654573 15250200
5397802 15253925
629694 15266987
7637442 15277420
4959290 15278762
11296671 15280481
13529708 15287212
14807475 15298939
13108858 15305490
13437104 15311923
2497469 15323157
10588202 15323287
9120542 15326072
8788042 15326515
9590754 15332950
1516099 15336725
10082526 15339696
1130525 15348698
12333185 15353021
15361093 15366031
5748012 15366157
8216807 15367702
11625600 15369880
12257507 15385887
10117529 15391094
6021535 15395151
14521845 15398236
14931009 15402837
1951590 15403755
14743280 15407848
12682868 15417443
9701886 15420113
15144132 15422960
172670 15431596
5148076 15436540
3606020 15438189
6716826 15444524
6043510 15452239
12377569 15460916
6147759 15488854
9702125 15489219
14628111 15494475
15042 15523542
7090745 15534638
10189508 15546515
2602850 15555451
8434186 15562174
11352864 15576357
3183691 15577690
3851442 15581796
10973727 15587076
5048842 15590478
8346026 15592493
9200854 15593157
10471106 15611599
12100920 15612657
1626214 15626034
4244148 15629303
1329807 15632505
7925054 15692654
8217340 15692902
9297501 15695633
4903356 15706033
11370556 15708394
10461458 15708434
4568364 15714482
8228751 15723172
15313285 15723533
12067147 15730683
126604 15731162
12170464 15745110
1903395 15754760
7820726 15757716
14519200 15758820
11377023 15774905
1925300 15782090
2908589 15785261
1415390 15806964
1359493 15811921
5817834 15812769
3571143 15813190
11522896 15817177
8872759 15819140
2739154 15820109
12260123 15825911
12278295 15841268
7120101 15844046
8286831 15846081
4603143 15846869
11428308 15847407
7297412 15847911
14880737 15851499
13068679 15858955
10896252 15859831
14255631 15869448
6040179 15870239
4331123 15873852
12976621 15878047
4932214 15880399
9802307 15880584
10731037 15881540
12856821 15883898
2789093 15915891
6583040 15921496
9273345 15935980
8469039 15944793
4122982 15944840
2730417 15946573
929285 15947505
9423290 15949648
8819847 15952670
15014358 15953871
844280 15973048
2378793 15982717
6141221 16001730
2973551 16020331
13676950 16027856
12817633 16035469
6137479 16039402
7416772 16045903
4281616 16057776
4306642 16060047
2583398 16071792
12134293 16075515
11494630 16090859
6028046 16091211
51773 16091654
3250182 16093838
10100414 16099588
14938689 16100858
12619190 16102902
3154679 16109694
758312 16112180
10227757 16113166
5051649 16123247
11533704 16129172
11282284 16130599
962107 16139006
2426786 16154257
13077988 16154615
9102197 16163412
11550700 16165490
14600375 16169432
9342006 16176015
12273715 16178865
1154675 16182069
4663120 16182384
451090 16185766
5155369 16190783
14363756 16221483
13115574 16233126
14458027 16275508
6305624 16275511
1040475 16277818
14922909 16281498
15887608 16288831
1691065 16307388
9677617 16320155
13265750 16321069
1274462 16328920
12040953 16334492
7387727 16338580
330611 16343545
2092111 16346657
4770676 16346782
6455767 16348250
13953939 16372524
4487495 16375209
14031778 16376694
6563671 16377823
16261767 16378546
1569686 16394851
2782315 16397365
13735939 16397670
7413914 16399881
12316043 16400266
15022684 16412900
12967542 16415404
7679095 16417132
15780063 16420949
5134867 16422401
14413558 16435644
11313053 16443375
3310378 16446727
10512955 16452317
2817408 16453621
9540549 16466518
8865223 16468036
1735425 16478420
5049218 16481648
16100567 16481711
13143682 16483706
8655214 16485378
9779403 16507716
16142400 16514642
587341 16532024
8828992 16532106
13727202 16545022
15735364 16548642
14509825 16559845
9436568 16562470
14496494 16569789
13198594 16575299
12886203 16582292
4138972 16582597
9404816 16586491
2391067 16587571
4990972 16591207
981792 16593209
1955421 16605563
9891342 16608788
10521274 16620864
16580497 16632076
11963896 16632432
12330348 16634020
5710535 16646308
8996710 16657257
903058 16666941
10428032 16669706
6698159 16675296
2863413 16683155
8360998 16687757
8117667 16688676
10974821 16691406
11397751 16699950
5718032 16703197
1609776 16706657
4047569 16710902
8412973 16715470
3211098 16721071
16595088 16735443
269578 16736478
1785465 16737700
4831876 16737926
1765649 16754533
13203966 16761445
8158872 16774890
14760069 16775778
6294984 16777242
2243676 16779606
14830720 16782075
3827243 16782219
1793912 16796355
6278787 16796586
9559675 16801313
13403811 16807640
3464431 16811548
9015704 16820491
2009862 16834267
6388418 16848745
2014239 16858200
5935267 16862230
2523410 16866126
7670636 16873370
9397582 16875039
16521693 16877603
11991718 16882809
3967002 16890308
5841647 16905469
9431287 16909976
16159729 16914698
11276912 16921812
8843251 16930280
5028637 16966601
5136491 16969917
14386486 16970469
2460311 16977145
13024063 16981843
5315183 16982774
11313565 16984130
12987016 17007127
1950537 17018276
8341654 17018748
3151749 17020274
3076568 17024478
5029700 17026409
14238009 17027832
4975684 17031345
8706148 17036537
8591142 17039007
6679617 17040221
8801521 17043451
4778750 17056839
7501975 17058558
2799946 17077249
10052848 17080432
245999 17084995
7140264 17098293
956717 17105723
9698642 17106909
13657006 17110569
4050624 17122212
7975369 17138625
12458742 17143565
585943 17146834
14066172 17155941
4626764 17160204
15497381 17164056
9683907 17191603
1581915 17200269
11675543 17200988
2956565 17210448
2888201 17221914
5386836 17248170
3069539 17254612
7144803 17256748
16320756 17262055
10835823 17285459
7495708 17291671
15233528 17305151
16139455 17307471
9835044 17308769
4064537 17313683
16485964 17316834
3554045 17318012
7479324 17318771
16624908 17321830
2221394 17324121
11430205 17324460
13467930 17327746
5887874 17334365
13376625 17359457
772040 17365451
4954915 17368278
3830784 17369430
1499474 17372917
12868885 17384719
2431539 17392767
11994256 17398039
9795154 17408903
9626347 17415871
6434996 17417821
4031658 17425416
13661765 17425967
12473128 17431024
7459022 17433095
9061007 17434213
9420401 17439707
12681765 17440116
16506305 17443862
9249119 17453624
6362510 17463853
6496256 17475628
12072558 17479976
2777277 17481238
17265020 17483114
14960553 17484801
874332 17486295
7892156 17488421
1161202 17504699
3871079 17507143
14994429 17511595
13163740 17512865
17361934 17516736
11363023 17519420
16685016 17522542
7034986 17526316
8625051 17527426
2698800 17532480
5325202 17538628
70347 17539883
643165 17544369
7553377 17547119
5851869 17548819
12997547 17559759
7720026 17561698
3641670 17592546
6003123 17607230
892177 17617155
9977978 17633379
3822103 17640534
8099407 17645428
7377380 17663581
232987 17665478
12271712 17668095
11199440 17673957
8753080 17698088
8880036 17698311
3266832 17715728
2984379 17722495
1756452 17725537
15976616 17733937
8615509 17738635
5707900 17742294
5235381 17742655
15053710 17749879
16251827 17754720
4529933 17760770
11471893 17765552
310750 17767720
2260421 17768735
8093311 17773230
4174915 17773674
10080863 17774524
13739632 17776822
6057350 17784334
2541944 17791446
17074900 17795754
17596314 17810361
7226559 17816674
4288061 17851391
16496848 17856120
16689240 17861154
11394968 17870810
5476567 17874733
13398849 17882214
15683115 17886728
16631104 17887963
7795356 17888295
16855454 17890927
14659352 17891988
6692918 17894164
5895026 17903430
139611 17912728
7750481 17918291
15430003 17920501
7764689 17928788
14371725 17931935
3087310 17941087
2298929 17973902
7381067 17977315
4747018 17995773
11514563 18001360
2310737 18002990
4773749 18008447
16445473 18018939
9082254 18038437
6242242 18040507
3983176 18054706
79962 18069449
4031953 18083619
3822600 18086593
13678393 18087454
6241402 18123548
6561322 18132008
14562618 18146006
4571336 18148301
1544469 18162704
